Date,Open,High,Low,Close,Volume,OpenInt
2017-07-25,0.093,0.093,0.091,0.091,800000,0
2017-07-26,0.092,0.092,0.092,0.092,0,0
2017-07-27,0.092,0.092,0.092,0.092,0,0
2017-07-28,0.09,0.09,0.09,0.09,0,0
2017-07-31,0.09,0.09,0.09,0.09,0,0
2017-08-01,0.092,0.092,0.092,0.092,0,0
2017-08-02,0.095,0.095,0.095,0.095,0,0
2017-08-03,0.095,0.095,0.095,0.095,0,0
2017-08-04,0.095,0.095,0.095,0.095,0,0
2017-08-07,0.096,0.096,0.096,0.096,0,0
2017-08-08,0.096,0.096,0.096,0.096,0,0
2017-08-09,0.092,0.092,0.092,0.092,0,0
2017-08-10,0.086,0.086,0.086,0.086,0,0
2017-08-11,0.081,0.081,0.081,0.081,0,0
2017-08-14,0.082,0.082,0.082,0.082,0,0
2017-08-15,0.088,0.088,0.088,0.088,0,0
2017-08-16,0.091,0.091,0.091,0.091,0,0
2017-08-17,0.09,0.09,0.09,0.09,0,0
2017-08-18,0.086,0.086,0.086,0.086,0,0
2017-08-21,0.085,0.085,0.085,0.085,0,0
2017-08-22,0.088,0.088,0.088,0.088,0,0
2017-08-24,0.091,0.091,0.091,0.091,0,0
2017-08-25,0.096,0.096,0.096,0.096,0,0
2017-08-28,0.1,0.102,0.1,0.1,150000,0
2017-08-29,0.097,0.097,0.097,0.097,0,0
2017-08-30,0.097,0.097,0.097,0.097,0,0
2017-08-31,0.093,0.093,0.093,0.093,0,0
2017-09-01,0.091,0.091,0.091,0.091,0,0
2017-09-04,0.087,0.087,0.087,0.087,0,0
2017-09-05,0.087,0.087,0.087,0.087,0,0
2017-09-06,0.087,0.087,0.087,0.087,0,0
2017-09-07,0.086,0.086,0.086,0.086,0,0
2017-09-08,0.086,0.086,0.086,0.086,0,0
2017-09-11,0.087,0.087,0.087,0.087,0,0
2017-09-12,0.087,0.087,0.087,0.087,0,0
2017-09-13,0.086,0.086,0.086,0.086,0,0
2017-09-14,0.083,0.083,0.083,0.083,0,0
2017-09-15,0.082,0.082,0.082,0.082,0,0
2017-09-18,0.082,0.082,0.082,0.082,0,0
2017-09-19,0.082,0.082,0.082,0.082,0,0
2017-09-20,0.082,0.082,0.082,0.082,0,0
2017-09-21,0.082,0.082,0.082,0.082,0,0
2017-09-22,0.081,0.081,0.081,0.081,0,0
2017-09-25,0.079,0.079,0.079,0.079,0,0
2017-09-26,0.079,0.079,0.079,0.079,0,0
2017-09-27,0.079,0.079,0.079,0.079,0,0
2017-09-28,0.078,0.078,0.078,0.078,0,0
2017-09-29,0.078,0.078,0.078,0.078,0,0
2017-10-03,0.087,0.087,0.087,0.087,0,0
2017-10-04,0.089,0.089,0.089,0.089,0,0
2017-10-06,0.089,0.089,0.089,0.089,0,0
2017-10-09,0.089,0.089,0.089,0.089,0,0
2017-10-10,0.089,0.089,0.089,0.089,0,0
2017-10-11,0.089,0.089,0.089,0.089,0,0
2017-10-12,0.091,0.091,0.091,0.091,0,0
2017-10-13,0.091,0.091,0.091,0.091,0,0
2017-10-16,0.092,0.092,0.092,0.092,0,0
2017-10-17,0.092,0.092,0.092,0.092,0,0
2017-10-18,0.092,0.092,0.092,0.092,0,0
2017-10-19,0.088,0.088,0.088,0.088,0,0
2017-10-20,0.089,0.089,0.089,0.089,0,0
2017-10-23,0.088,0.088,0.088,0.088,0,0
2017-10-24,0.087,0.087,0.087,0.087,0,0
2017-10-25,0.087,0.087,0.087,0.087,0,0
2017-10-26,0.087,0.087,0.087,0.087,0,0
2017-10-27,0.093,0.093,0.093,0.093,0,0
2017-10-30,0.09,0.09,0.09,0.09,0,0
2017-10-31,0.09,0.09,0.09,0.09,0,0
2017-11-01,0.091,0.091,0.091,0.091,0,0
2017-11-02,0.091,0.091,0.091,0.091,0,0
2017-11-03,0.091,0.091,0.091,0.091,0,0
2017-11-06,0.088,0.088,0.088,0.088,0,0
2017-11-07,0.088,0.088,0.088,0.088,0,0
2017-11-08,0.088,0.088,0.088,0.088,0,0
2017-11-09,0.09,0.09,0.09,0.09,0,0
2017-11-10,0.09,0.09,0.09,0.09,0,0
2017-11-13,0.09,0.09,0.09,0.09,0,0
2017-11-14,0.09,0.09,0.09,0.09,0,0
2017-11-15,0.086,0.086,0.086,0.086,0,0
2017-11-16,0.086,0.086,0.086,0.086,0,0
2017-11-17,0.087,0.087,0.087,0.087,0,0
2017-11-20,0.087,0.087,0.087,0.087,0,0
2017-11-21,0.089,0.089,0.089,0.089,0,0
2017-11-22,0.091,0.091,0.091,0.091,0,0
2017-11-23,0.091,0.091,0.091,0.091,0,0
2017-11-24,0.092,0.092,0.092,0.092,0,0
2017-11-27,0.092,0.092,0.092,0.092,0,0
2017-11-28,0.091,0.091,0.091,0.091,0,0
2017-11-29,0.089,0.089,0.089,0.089,0,0
2017-11-30,0.088,0.088,0.088,0.088,0,0
2017-12-01,0.087,0.087,0.087,0.087,0,0
2017-12-04,0.087,0.087,0.087,0.087,0,0
2017-12-05,0.087,0.087,0.087,0.087,0,0
2017-12-06,0.084,0.084,0.084,0.084,0,0
2017-12-07,0.084,0.084,0.084,0.084,0,0
2017-12-08,0.084,0.084,0.084,0.084,0,0
2017-12-11,0.084,0.084,0.084,0.084,0,0
2017-12-12,0.082,0.082,0.082,0.082,0,0
2017-12-13,0.089,0.089,0.089,0.089,0,0
2017-12-14,0.089,0.089,0.089,0.089,0,0
2017-12-15,0.085,0.085,0.085,0.085,0,0
2017-12-18,0.086,0.086,0.086,0.086,0,0
2017-12-19,0.086,0.086,0.086,0.086,0,0
2017-12-20,0.086,0.086,0.086,0.086,0,0
2017-12-21,0.087,0.087,0.087,0.087,0,0
2017-12-22,0.087,0.087,0.087,0.087,0,0
2017-12-27,0.086,0.086,0.086,0.086,0,0
2017-12-28,0.086,0.086,0.086,0.086,0,0
2017-12-29,0.087,0.087,0.087,0.087,0,0
2018-01-02,0.095,0.095,0.095,0.095,0,0
2018-01-03,0.098,0.098,0.098,0.098,0,0
2018-01-04,0.106,0.106,0.106,0.106,0,0
2018-01-05,0.111,0.111,0.111,0.111,0,0
2018-01-08,0.113,0.113,0.113,0.113,0,0
2018-01-09,0.114,0.114,0.114,0.114,0,0
2018-01-10,0.117,0.117,0.117,0.117,0,0
2018-01-11,0.117,0.117,0.117,0.117,0,0
2018-01-12,0.119,0.119,0.119,0.119,0,0
2018-01-15,0.125,0.125,0.125,0.125,0,0
2018-01-16,0.137,0.137,0.137,0.137,0,0
2018-01-17,0.147,0.147,0.147,0.147,0,0
2018-01-18,0.164,0.164,0.164,0.164,0,0
2018-01-19,0.168,0.168,0.168,0.168,0,0
2018-01-22,0.163,0.163,0.163,0.163,0,0
2018-01-23,0.179,0.179,0.179,0.179,0,0
2018-01-24,0.195,0.195,0.195,0.195,0,0
2018-01-25,0.191,0.191,0.191,0.191,0,0
2018-01-26,0.209,0.209,0.209,0.209,0,0
2018-01-29,0.209,0.209,0.209,0.209,0,0
2018-01-30,0.2,0.2,0.2,0.2,0,0
2018-01-31,0.2,0.2,0.2,0.2,0,0
2018-02-01,0.198,0.198,0.198,0.198,0,0
2018-02-02,0.196,0.196,0.196,0.196,0,0
2018-02-05,0.198,0.198,0.183,0.198,550000,0
2018-02-06,0.166,0.166,0.166,0.166,0,0
2018-02-07,0.185,0.185,0.158,0.158,400000,0
2018-02-08,0.153,0.153,0.153,0.153,0,0
2018-02-09,0.136,0.136,0.136,0.136,0,0
2018-02-12,0.136,0.136,0.136,0.136,0,0
2018-02-13,0.137,0.137,0.137,0.137,0,0
2018-02-14,0.15,0.15,0.15,0.15,0,0
2018-02-15,0.159,0.159,0.159,0.159,0,0
2018-02-20,0.153,0.153,0.153,0.153,0,0
2018-02-21,0.168,0.168,0.168,0.168,0,0
2018-02-22,0.168,0.168,0.168,0.168,0,0
2018-02-23,0.177,0.177,0.177,0.177,0,0
2018-02-26,0.176,0.176,0.176,0.176,0,0
2018-02-27,0.166,0.166,0.166,0.166,0,0
2018-02-28,0.154,0.154,0.154,0.154,0,0
2018-03-01,0.161,0.161,0.161,0.161,0,0
2018-03-02,0.151,0.151,0.151,0.151,0,0
2018-03-05,0.143,0.143,0.143,0.143,0,0
2018-03-06,0.154,0.154,0.154,0.154,0,0
2018-03-07,0.151,0.151,0.151,0.151,0,0
2018-03-08,0.149,0.149,0.149,0.149,0,0
2018-03-09,0.147,0.147,0.147,0.147,0,0
2018-03-12,0.165,0.165,0.165,0.165,0,0
2018-03-13,0.189,0.189,0.189,0.189,0,0
2018-03-14,0.193,0.193,0.193,0.193,0,0
2018-03-15,0.192,0.192,0.192,0.192,0,0
2018-03-16,0.186,0.186,0.186,0.186,0,0
2018-03-19,0.18,0.18,0.18,0.18,0,0
2018-03-20,0.174,0.174,0.174,0.174,0,0
2018-03-21,0.174,0.174,0.174,0.174,0,0
2018-03-22,0.171,0.171,0.171,0.171,0,0
2018-03-23,0.163,0.163,0.163,0.163,0,0
2018-03-26,0.16,0.16,0.16,0.16,0,0
2018-03-27,0.171,0.171,0.171,0.171,0,0
2018-03-28,0.163,0.163,0.163,0.163,0,0
2018-03-29,0.163,0.163,0.163,0.163,0,0
