Date,Open,High,Low,Close,Volume,OpenInt
2017-07-24,0.178,0.223,0.174,0.218,79730000,0
2017-07-25,0.221,0.239,0.211,0.216,89160000,0
2017-07-26,0.227,0.227,0.174,0.196,71020000,0
2017-07-27,0.21,0.275,0.21,0.27,119140000,0
2017-07-28,0.233,0.26,0.221,0.241,59400000,0
2017-07-31,0.26,0.34,0.26,0.32,5360000,0
2017-08-01,0.32,0.365,0.32,0.345,2590000,0
2017-08-02,0.36,0.365,0.315,0.33,1280000,0
2017-08-03,0.305,0.315,0.275,0.28,6330000,0
2017-08-04,0.3,0.345,0.3,0.31,3280000,0
2017-08-07,0.35,0.4,0.35,0.395,5030000,0
2017-08-08,0.405,0.48,0.405,0.48,2490000,0
2017-08-09,0.48,0.52,0.47,0.51,5020000,0
2017-08-10,0.485,0.5,0.44,0.47,4700000,0
2017-08-11,0.325,0.38,0.3,0.3,37270000,0
2017-08-14,0.335,0.44,0.335,0.44,4320000,0
2017-08-15,0.475,0.49,0.395,0.4,2340000,0
2017-08-16,0.43,0.43,0.395,0.42,710000,0
2017-08-17,0.52,0.56,0.5,0.5,3740000,0
2017-08-18,0.445,0.475,0.445,0.46,950000,0
2017-08-21,0.485,0.49,0.455,0.455,620000,0
2017-08-22,0.48,0.48,0.44,0.44,2290000,0
2017-08-24,0.495,0.495,0.45,0.45,1530000,0
2017-08-25,0.47,0.47,0.42,0.465,1640000,0
2017-08-28,0.45,0.45,0.41,0.41,2160000,0
2017-08-29,0.345,0.4,0.345,0.385,2600000,0
2017-08-30,0.43,0.46,0.415,0.46,3790000,0
2017-08-31,0.465,0.49,0.465,0.48,1520000,0
2017-09-01,0.495,0.5,0.47,0.47,700000,0
2017-09-04,0.425,0.44,0.415,0.425,2600000,0
2017-09-05,0.44,0.445,0.405,0.41,1450000,0
2017-09-06,0.4,0.435,0.385,0.425,1220000,0
2017-09-07,0.44,0.44,0.395,0.4,1480000,0
2017-09-08,0.415,0.415,0.405,0.41,240000,0
2017-09-11,0.41,0.485,0.41,0.485,2720000,0
2017-09-12,0.52,0.52,0.52,0.52,1110000,0
2017-09-13,0.5,0.54,0.495,0.53,670000,0
2017-09-14,0.55,0.57,0.55,0.56,310000,0
2017-09-15,0.53,0.59,0.53,0.57,2410000,0
2017-09-18,0.63,0.63,0.63,0.63,2550000,0
2017-09-19,0.67,0.67,0.63,0.63,700000,0
2017-09-20,0.64,0.64,0.64,0.64,220000,0
2017-09-21,0.67,0.67,0.67,0.67,150000,0
2017-09-22,0.65,0.65,0.64,0.64,1200000,0
2017-09-25,0.63,0.63,0.6,0.61,1370000,0
2017-09-26,0.54,0.56,0.54,0.56,6320000,0
2017-09-27,0.6,0.61,0.57,0.57,3010000,0
2017-09-28,0.55,0.55,0.55,0.55,0,0
2017-09-29,0.54,0.56,0.52,0.56,950000,0
2017-10-03,0.61,0.65,0.61,0.65,3400000,0
2017-10-04,0.68,0.68,0.68,0.68,0,0
2017-10-06,0.7,0.72,0.7,0.71,1760000,0
2017-10-09,0.7,0.7,0.7,0.7,10000,0
2017-10-10,0.7,0.7,0.69,0.7,20150000,0
2017-10-11,0.7,0.7,0.7,0.7,130000,0
2017-10-12,0.72,0.72,0.69,0.69,2550000,0
2017-10-13,0.68,0.68,0.66,0.67,380000,0
2017-10-16,0.7,0.72,0.7,0.72,60000,0
2017-10-17,0.73,0.73,0.73,0.73,380000,0
2017-10-18,0.73,0.73,0.73,0.73,0,0
2017-10-19,0.67,0.67,0.66,0.67,650000,0
2017-10-20,0.68,0.68,0.67,0.68,40000,0
2017-10-23,0.68,0.68,0.68,0.68,0,0
2017-10-24,0.66,0.68,0.66,0.68,9300000,0
2017-10-25,0.69,0.69,0.69,0.69,1650000,0
2017-10-26,0.68,0.68,0.67,0.67,140000,0
2017-10-27,0.67,0.67,0.67,0.67,1100000,0
2017-10-30,0.7,0.7,0.68,0.69,230000,0
2017-10-31,0.7,0.7,0.69,0.7,1000000,0
2017-11-01,0.72,0.78,0.72,0.78,510000,0
2017-11-02,0.8,0.8,0.8,0.8,0,0
2017-11-03,0.85,0.86,0.85,0.85,100000,0
2017-11-06,0.98,0.98,0.9,0.98,190000,0
2017-11-07,1.05,1.07,1.05,1.07,1010000,0
2017-11-08,1.06,1.07,1.06,1.06,310000,0
2017-11-09,1.1,1.1,1.09,1.09,40000,0
2017-11-10,1.06,1.06,1.06,1.06,190000,0
2017-11-13,1.09,1.09,1.09,1.09,10000,0
2017-11-14,1.08,1.08,1.08,1.08,0,0
2017-11-15,1.05,1.05,1.05,1.05,10000,0
2017-11-16,1.06,1.11,1.06,1.11,3510000,0
2017-11-17,1.18,1.22,1.18,1.22,12090000,0
2017-11-20,1.25,1.38,1.25,1.38,1070000,0
2017-11-21,1.46,1.54,1.42,1.47,8050000,0
2017-11-22,1.53,1.53,1.47,1.47,2320000,0
2017-11-23,1.43,1.43,1.37,1.38,2200000,0
2017-11-24,1.37,1.37,1.34,1.37,1190000,0
2017-11-27,1.33,1.33,1.33,1.33,0,0
2017-11-28,1.37,1.37,1.37,1.37,0,0
2017-11-29,1.32,1.32,1.32,1.32,0,0
2017-11-30,1.21,1.21,1.21,1.21,0,0
2017-12-01,1.09,1.09,1.08,1.09,60000,0
2017-12-04,1.02,1.13,0.99,1.11,60000,0
2017-12-05,1.02,1.02,0.98,0.98,60000,0
2017-12-06,0.99,0.99,0.86,0.87,290000,0
2017-12-07,0.94,0.99,0.94,0.99,160000,0
2017-12-08,1.05,1.14,1.03,1.14,320000,0
2017-12-11,1.14,1.25,1.13,1.25,80000,0
2017-12-12,1.29,1.29,1.14,1.14,140000,0
2017-12-13,1.11,1.18,1.11,1.18,130000,0
2017-12-14,1.2,1.2,1.17,1.17,290000,0
2017-12-15,1.14,1.14,1.11,1.11,60000,0
2017-12-18,1.13,1.17,1.1,1.17,90000,0
2017-12-19,1.22,1.22,1.21,1.21,20000,0
2017-12-20,1.2,1.2,1.19,1.19,80000,0
2017-12-21,1.17,1.22,1.17,1.22,80000,0
2017-12-22,1.23,1.23,1.22,1.23,70000,0
2017-12-27,1.24,1.24,1.23,1.23,30000,0
2017-12-28,1.27,1.27,1.26,1.27,10000,0
2017-12-29,1.25,1.27,1.25,1.27,40000,0
2018-01-02,1.36,1.36,1.36,1.36,0,0
2018-01-03,1.43,1.44,1.43,1.43,80000,0
2018-01-04,1.46,1.51,1.46,1.51,100000,0
2018-01-05,1.55,1.55,1.49,1.52,160000,0
2018-01-08,1.55,1.58,1.55,1.57,100000,0
2018-01-09,1.59,1.64,1.59,1.64,60000,0
2018-01-10,1.62,1.62,1.62,1.62,80000,0
2018-01-11,1.55,1.55,1.52,1.52,60000,0
2018-01-12,1.55,1.6,1.54,1.6,40000,0
2018-01-15,1.68,1.68,1.57,1.57,140000,0
2018-01-16,1.57,1.63,1.57,1.63,50000,0
2018-01-17,1.64,1.68,1.64,1.68,50000,0
2018-01-18,1.72,1.72,1.67,1.68,100000,0
2018-01-19,1.72,1.72,1.72,1.72,10000,0
2018-01-22,1.76,1.8,1.76,1.8,50000,0
2018-01-23,1.88,1.92,1.88,1.92,180000,0
2018-01-24,1.9,1.91,1.9,1.91,40000,0
2018-01-25,1.87,1.87,1.8,1.8,280000,0
2018-01-26,1.87,1.9,1.87,1.9,30000,0
2018-01-29,1.94,1.95,1.92,1.92,30000,0
2018-01-30,1.84,1.85,1.84,1.84,10000,0
2018-01-31,1.8,1.86,1.77,1.86,40000,0
2018-02-01,1.82,1.82,1.82,1.82,0,0
2018-02-02,1.73,1.77,1.73,1.75,180000,0
2018-02-05,1.58,1.65,1.58,1.65,30000,0
2018-02-06,1.43,1.43,1.33,1.33,120000,0
2018-02-07,1.5,1.54,1.37,1.37,50000,0
2018-02-08,1.37,1.42,1.37,1.41,120000,0
2018-02-09,1.23,1.31,1.2,1.28,330000,0
2018-02-12,1.34,1.39,1.33,1.33,2820000,0
2018-02-13,1.42,1.44,1.41,1.43,110000,0
2018-02-14,1.49,1.54,1.49,1.54,30000,0
2018-02-15,1.64,1.66,1.64,1.66,80000,0
2018-02-20,1.72,1.73,1.67,1.67,20000,0
2018-02-21,1.75,1.75,1.72,1.75,30000,0
2018-02-22,1.68,1.7,1.68,1.68,40000,0
2018-02-23,1.72,1.73,1.72,1.73,50000,0
2018-02-26,1.73,1.73,1.69,1.69,30000,0
2018-02-27,1.75,1.75,1.65,1.65,100000,0
2018-02-28,1.57,1.57,1.53,1.53,110000,0
2018-03-01,1.6,1.65,1.59,1.65,130000,0
2018-03-02,1.57,1.59,1.57,1.59,20000,0
2018-03-05,1.55,1.55,1.47,1.47,30000,0
2018-03-06,1.56,1.62,1.56,1.61,20000,0
2018-03-07,1.56,1.56,1.53,1.53,30000,0
2018-03-08,1.57,1.62,1.57,1.62,20000,0
2018-03-09,1.66,1.66,1.66,1.66,10000,0
2018-03-12,1.75,1.78,1.75,1.78,20000,0
2018-03-13,1.78,1.8,1.78,1.8,20000,0
2018-03-14,1.75,1.81,1.75,1.81,30000,0
2018-03-15,1.86,1.88,1.86,1.88,10000,0
2018-03-16,1.86,1.86,1.85,1.86,30000,0
2018-03-19,1.83,1.83,1.83,1.83,0,0
2018-03-20,1.8,1.87,1.8,1.87,140000,0
2018-03-21,1.93,1.93,1.83,1.83,30000,0
2018-03-22,1.75,1.75,1.6,1.6,110000,0
2018-03-23,1.36,1.42,1.36,1.42,60000,0
2018-03-26,1.46,1.46,1.46,1.46,0,0
2018-03-27,1.53,1.54,1.53,1.53,40000,0
2018-03-28,1.4,1.46,1.35,1.35,100000,0
2018-03-29,1.31,1.32,1.31,1.31,10000,0
