Date,Open,High,Low,Close,Volume,OpenInt
2017-12-21,0.325,0.37,0.325,0.35,1760000,0
2017-12-22,0.39,0.39,0.39,0.39,0,0
2017-12-27,0.37,0.37,0.37,0.37,0,0
2017-12-28,0.43,0.43,0.43,0.43,0,0
2017-12-29,0.43,0.43,0.43,0.43,0,0
2018-01-02,0.52,0.53,0.51,0.53,260000,0
2018-01-03,0.59,0.6,0.58,0.58,350000,0
2018-01-04,0.61,0.66,0.61,0.66,50000,0
2018-01-05,0.66,0.66,0.66,0.66,0,0
2018-01-08,0.73,0.73,0.73,0.73,0,0
2018-01-09,0.8,0.8,0.8,0.8,0,0
2018-01-10,0.78,0.78,0.78,0.78,0,0
2018-01-11,0.67,0.67,0.67,0.67,0,0
2018-01-12,0.75,0.75,0.75,0.75,0,0
2018-01-15,0.73,0.73,0.73,0.73,0,0
2018-01-16,0.78,0.78,0.78,0.78,0,0
2018-01-17,0.82,0.82,0.82,0.82,0,0
2018-01-18,0.84,0.84,0.84,0.84,0,0
2018-01-19,0.86,0.86,0.86,0.86,0,0
2018-01-22,0.94,0.94,0.94,0.94,0,0
2018-01-23,1.07,1.07,1.07,1.07,0,0
2018-01-24,1.07,1.07,1.07,1.07,0,0
2018-01-25,1.07,1.07,1.07,1.07,0,0
2018-01-26,1.07,1.07,1.07,1.07,0,0
2018-01-29,1.07,1.07,1.07,1.07,0,0
2018-01-30,1,1,1,1,0,0
2018-01-31,1.01,1.01,1.01,1.01,0,0
2018-02-01,0.98,0.98,0.98,0.98,0,0
2018-02-02,0.91,0.91,0.91,0.91,0,0
2018-02-05,0.81,0.81,0.81,0.81,0,0
2018-02-06,0.47,0.47,0.47,0.47,0,0
2018-02-07,0.51,0.51,0.51,0.51,0,0
2018-02-08,0.54,0.54,0.54,0.54,0,0
2018-02-09,0.45,0.45,0.45,0.45,0,0
2018-02-12,0.455,0.455,0.455,0.455,0,0
2018-02-13,0.56,0.56,0.56,0.56,0,0
2018-02-14,0.69,0.69,0.69,0.69,0,0
2018-02-15,0.8,0.8,0.8,0.8,0,0
2018-02-20,0.8,0.8,0.8,0.8,0,0
2018-02-21,0.91,0.91,0.91,0.91,0,0
2018-02-22,0.86,0.86,0.86,0.86,0,0
2018-02-23,0.87,0.87,0.87,0.87,0,0
2018-02-26,0.87,0.87,0.87,0.87,0,0
2018-02-27,0.81,0.81,0.81,0.81,0,0
2018-02-28,0.69,0.69,0.69,0.69,0,0
2018-03-01,0.81,0.81,0.81,0.81,0,0
2018-03-02,0.76,0.76,0.76,0.76,0,0
2018-03-05,0.63,0.63,0.63,0.63,0,0
2018-03-06,0.74,0.74,0.74,0.74,0,0
2018-03-07,0.72,0.72,0.72,0.72,0,0
2018-03-08,0.76,0.76,0.76,0.76,0,0
2018-03-09,0.81,0.81,0.81,0.81,0,0
2018-03-12,0.94,0.94,0.94,0.94,0,0
2018-03-13,0.96,0.96,0.96,0.96,0,0
2018-03-14,0.97,0.97,0.97,0.97,0,0
2018-03-15,1.04,1.04,1.04,1.04,0,0
2018-03-16,1.04,1.04,1.04,1.04,0,0
2018-03-19,1,1,1,1,0,0
2018-03-20,1.01,1.01,1.01,1.01,0,0
2018-03-21,1.01,1.01,1.01,1.01,0,0
2018-03-22,0.79,0.79,0.79,0.79,0,0
2018-03-23,0.57,0.66,0.57,0.63,2810000,0
2018-03-26,0.65,0.65,0.65,0.65,0,0
2018-03-27,0.72,0.72,0.72,0.72,0,0
2018-03-28,0.72,0.72,0.72,0.72,0,0
2018-03-29,0.72,0.72,0.72,0.72,0,0
