Date,Open,High,Low,Close,Volume,OpenInt
2017-10-03,0.017,0.05,0.015,0.048,161050000,0
2017-10-04,0.066,0.08,0.064,0.066,325540000,0
2017-10-06,0.083,0.086,0.072,0.075,251920000,0
2017-10-09,0.071,0.08,0.064,0.065,170230000,0
2017-10-10,0.065,0.078,0.062,0.076,112230000,0
2017-10-11,0.088,0.088,0.054,0.055,184190000,0
2017-10-12,0.067,0.075,0.062,0.071,116480000,0
2017-10-13,0.065,0.073,0.061,0.072,35290000,0
2017-10-16,0.088,0.099,0.081,0.088,103970000,0
2017-10-17,0.091,0.095,0.087,0.093,31190000,0
2017-10-18,0.087,0.095,0.087,0.091,2960000,0
2017-10-19,0.095,0.098,0.045,0.05,84970000,0
2017-10-20,0.067,0.079,0.063,0.077,61170000,0
2017-10-23,0.077,0.078,0.056,0.062,49340000,0
2017-10-24,0.055,0.064,0.043,0.052,32220000,0
2017-10-25,0.068,0.068,0.051,0.059,25190000,0
2017-10-26,0.044,0.061,0.044,0.055,33270000,0
2017-10-27,0.064,0.074,0.061,0.069,40620000,0
2017-10-30,0.082,0.087,0.065,0.068,36130000,0
2017-10-31,0.053,0.065,0.052,0.06,27250000,0
2017-11-01,0.065,0.088,0.065,0.088,30990000,0
2017-11-02,0.081,0.089,0.077,0.082,21150000,0
2017-11-03,0.083,0.088,0.082,0.088,4250000,0
2017-11-06,0.062,0.092,0.048,0.086,76410000,0
2017-11-07,0.098,0.125,0.098,0.122,23110000,0
2017-11-08,0.115,0.13,0.115,0.117,16100000,0
2017-11-09,0.125,0.136,0.12,0.133,19740000,0
2017-11-10,0.131,0.137,0.125,0.133,5780000,0
2017-11-13,0.135,0.138,0.135,0.138,1900000,0
2017-11-14,0.145,0.145,0.137,0.137,1890000,0
2017-11-15,0.127,0.127,0.115,0.118,2970000,0
2017-11-16,0.121,0.124,0.113,0.124,6860000,0
2017-11-17,0.143,0.144,0.135,0.135,4920000,0
2017-11-20,0.133,0.137,0.133,0.137,680000,0
2017-11-21,0.15,0.186,0.15,0.186,1780000,0
2017-11-22,0.214,0.221,0.209,0.209,550000,0
2017-11-23,0.188,0.21,0.188,0.188,550000,0
2017-11-24,0.191,0.197,0.19,0.197,4260000,0
2017-11-27,0.185,0.185,0.185,0.185,0,0
2017-11-28,0.178,0.178,0.157,0.178,20000,0
2017-11-29,0.174,0.174,0.174,0.174,200000,0
2017-11-30,0.148,0.148,0.148,0.148,0,0
2017-12-01,0.133,0.135,0.133,0.133,100000,0
2017-12-04,0.132,0.147,0.132,0.144,1750000,0
2017-12-05,0.136,0.136,0.115,0.115,550000,0
2017-12-06,0.115,0.115,0.055,0.055,44980000,0
2017-12-07,0.074,0.077,0.051,0.063,47890000,0
2017-12-08,0.073,0.099,0.065,0.095,42740000,0
2017-12-11,0.095,0.122,0.095,0.119,26850000,0
2017-12-12,0.123,0.123,0.104,0.106,14620000,0
2017-12-13,0.11,0.149,0.102,0.146,2870000,0
2017-12-14,0.157,0.157,0.132,0.138,590000,0
2017-12-15,0.124,0.124,0.103,0.113,2360000,0
2017-12-18,0.117,0.133,0.115,0.13,3000000,0
2017-12-19,0.138,0.154,0.138,0.144,430000,0
2017-12-20,0.144,0.144,0.14,0.144,160000,0
2017-12-21,0.157,0.16,0.157,0.158,150000,0
2017-12-22,0.165,0.171,0.165,0.171,60000,0
2017-12-27,0.184,0.184,0.18,0.18,150000,0
2017-12-28,0.192,0.203,0.192,0.203,610000,0
2017-12-29,0.204,0.204,0.203,0.204,100000,0
2018-01-02,0.23,0.25,0.23,0.25,220000,0
2018-01-03,0.255,0.255,0.255,0.255,0,0
2018-01-04,0.265,0.265,0.265,0.265,0,0
2018-01-05,0.27,0.27,0.27,0.27,0,0
2018-01-08,0.275,0.275,0.275,0.275,0,0
2018-01-09,0.29,0.29,0.29,0.29,0,0
2018-01-10,0.295,0.315,0.295,0.3,1200000,0
2018-01-11,0.3,0.3,0.3,0.3,0,0
2018-01-12,0.32,0.32,0.32,0.32,400000,0
2018-01-15,0.32,0.32,0.32,0.32,0,0
2018-01-16,0.33,0.365,0.33,0.365,1580000,0
2018-01-17,0.37,0.37,0.37,0.37,0,0
2018-01-18,0.385,0.385,0.385,0.385,0,0
2018-01-19,0.39,0.39,0.39,0.39,0,0
2018-01-22,0.4,0.4,0.4,0.4,0,0
2018-01-23,0.455,0.455,0.455,0.455,0,0
2018-01-24,0.46,0.46,0.46,0.46,0,0
2018-01-25,0.45,0.45,0.44,0.44,30000,0
2018-01-26,0.475,0.475,0.475,0.475,0,0
2018-01-29,0.47,0.47,0.47,0.47,0,0
2018-01-30,0.44,0.44,0.44,0.44,0,0
2018-01-31,0.46,0.46,0.46,0.46,0,0
2018-02-01,0.44,0.44,0.44,0.44,0,0
2018-02-02,0.44,0.44,0.44,0.44,0,0
2018-02-05,0.405,0.405,0.405,0.405,0,0
2018-02-06,0.29,0.29,0.26,0.26,200000,0
2018-02-07,0.23,0.23,0.23,0.23,0,0
2018-02-08,0.234,0.246,0.234,0.234,20000,0
2018-02-09,0.149,0.153,0.129,0.153,10740000,0
2018-02-12,0.172,0.178,0.155,0.155,4020000,0
2018-02-13,0.202,0.202,0.179,0.18,8310000,0
2018-02-14,0.199,0.243,0.196,0.243,19630000,0
2018-02-15,0.285,0.285,0.285,0.285,0,0
2018-02-20,0.295,0.305,0.27,0.27,15000000,0
2018-02-21,0.315,0.315,0.315,0.315,0,0
2018-02-22,0.29,0.29,0.29,0.29,0,0
2018-02-23,0.31,0.31,0.31,0.31,0,0
2018-02-26,0.325,0.325,0.325,0.325,0,0
2018-02-27,0.31,0.31,0.31,0.31,0,0
2018-02-28,0.27,0.27,0.27,0.27,0,0
2018-03-01,0.285,0.285,0.285,0.285,0,0
2018-03-02,0.245,0.245,0.245,0.245,50000,0
2018-03-05,0.185,0.19,0.185,0.185,50000,0
2018-03-06,0.238,0.238,0.238,0.238,0,0
2018-03-07,0.216,0.218,0.216,0.216,50000,0
2018-03-08,0.25,0.25,0.25,0.25,50000,0
2018-03-09,0.275,0.28,0.275,0.28,50000,0
2018-03-12,0.34,0.34,0.335,0.34,150000,0
2018-03-13,0.34,0.34,0.34,0.34,0,0
2018-03-14,0.31,0.33,0.31,0.33,80000,0
2018-03-15,0.335,0.335,0.335,0.335,0,0
2018-03-16,0.33,0.335,0.33,0.33,80000,0
2018-03-19,0.33,0.33,0.33,0.33,0,0
2018-03-20,0.33,0.33,0.33,0.33,0,0
2018-03-21,0.325,0.365,0.325,0.325,150000,0
2018-03-22,0.29,0.29,0.29,0.29,0,0
2018-03-23,0.224,0.224,0.224,0.224,10000,0
2018-03-26,0.202,0.234,0.192,0.234,13150000,0
2018-03-27,0.26,0.26,0.26,0.26,0,0
2018-03-28,0.238,0.238,0.197,0.197,900000,0
2018-03-29,0.183,0.195,0.183,0.195,100000,0
