Date,Open,High,Low,Close,Volume,OpenInt
2015-11-05,14.189,14.38,13.423,14.38,146809,0
2015-11-06,14.765,15.162,14.181,14.741,37290,0
2015-11-09,14.457,15.676,13.844,15.294,12433,0
2015-11-10,14.305,14.496,14.305,14.419,522,0
2015-11-13,15.523,15.523,15.523,15.523,388,0
2015-11-16,14.782,14.782,14.765,14.765,3519,0
2015-11-17,15.24,15.332,15.21,15.332,5738,0
2015-11-18,15.24,15.316,15.24,15.24,3000,0
2015-11-19,15.416,15.732,15.416,15.723,5086,0
2015-11-20,15.377,15.716,15.377,15.716,23470,0
2015-11-23,15.493,15.493,15.493,15.493,654,0
2015-11-24,15.408,15.723,15.408,15.455,35463,0
2015-11-25,15.493,15.493,15.478,15.493,5217,0
2015-11-27,15.594,15.594,15.377,15.377,522,0
2015-11-30,15.563,15.57,15.432,15.57,4693,0
2015-12-01,15.723,15.86,15.416,15.86,11719,0
2015-12-02,16.452,16.452,15.876,15.876,17553,0
2015-12-03,16.26,16.26,16.037,16.206,3794,0
2015-12-04,16.206,16.206,15.9,16.108,522,0
2015-12-07,16.222,16.222,15.915,16.198,3652,0
2015-12-08,17.304,17.337,15.584,16.873,7944,0
2015-12-09,16.47,16.47,15.674,15.674,355,0
2015-12-10,16.393,16.393,16.393,16.393,121,0
2015-12-11,16.831,16.831,15.93,16.434,1303,0
2015-12-14,16.622,16.661,15.869,16.653,10935,0
2015-12-15,15.86,16.661,15.86,16.661,38996,0
2015-12-16,16.639,16.661,16.526,16.526,3201,0
2015-12-17,16.622,16.646,16.408,16.646,3676,0
2015-12-18,16.242,16.661,16.056,16.661,20622,0
2015-12-21,15.971,18.332,15.911,18.292,3676,0
2015-12-22,15.842,17.007,15.842,16.914,4550,0
2015-12-23,16.975,17.007,16.975,17.007,2235,0
2015-12-24,16.999,16.999,16.999,16.999,942,0
2015-12-28,16.999,17.016,16.999,17.007,1692,0
2015-12-29,16.497,16.999,16.497,16.888,3504,0
2015-12-30,16.786,16.906,16.526,16.7,1175,0
2015-12-31,15.938,15.938,15.938,15.938,131,0
2016-01-05,16.464,16.617,16.464,16.574,828,0
2016-01-06,16.683,16.762,16.683,16.762,507,0
2016-01-07,16.609,16.609,15.947,15.979,4143,0
2016-01-08,16.45,16.45,15.979,15.979,1350,0
2016-01-11,16.148,16.148,15.938,15.938,2325,0
2016-01-12,16.786,16.786,15.842,16.148,10878,0
2016-01-13,15.938,15.963,15.938,15.938,1551,0
2016-01-14,15.947,15.947,15.86,15.86,2413,0
2016-01-15,15.938,16.056,15.391,15.831,4870,0
2016-01-19,15.663,15.663,14.661,14.661,3057,0
2016-01-20,14.457,14.457,14.237,14.457,10318,0
2016-01-21,14.364,14.398,14.364,14.364,3649,0
2016-01-22,14.246,14.312,14.237,14.289,20796,0
2016-01-25,14.066,14.066,14.066,14.066,1045,0
2016-01-26,14.453,14.453,12.411,14.228,9959,0
2016-01-28,13.6,13.6,12.801,12.843,5182,0
2016-01-29,13.173,14.025,13.173,13.659,2238,0
2016-02-01,14.025,14.025,14.025,14.025,1412,0
2016-02-02,13.343,13.923,13.343,13.429,3396,0
2016-02-04,14.143,14.143,13.622,13.622,364,0
2016-02-05,13.439,13.472,13.439,13.472,2651,0
2016-02-08,14.066,14.066,14.066,14.066,120,0
2016-02-09,14.025,14.025,13.963,13.963,1176,0
2016-02-10,13.478,13.478,13.472,13.472,253,0
2016-02-11,15.257,15.269,15.257,15.269,233,0
2016-02-12,13.448,13.497,13.448,13.497,387,0
2016-02-16,15.171,15.171,13.429,13.439,2834,0
2016-02-22,13.58,14.016,13.58,13.973,667,0
2016-02-24,13.973,13.973,13.965,13.973,601,0
2016-02-25,13.472,14.084,13.472,14.084,1365,0
2016-02-26,13.505,13.6,13.429,13.429,3416,0
2016-02-29,13.429,13.794,13.173,13.173,4628,0
2016-03-02,13.472,13.472,13.472,13.472,3765,0
2016-03-03,13.387,13.387,13.387,13.387,182,0
2016-03-04,13.439,13.472,13.439,13.472,1314,0
2016-03-07,13.6,13.6,13.6,13.6,471,0
2016-03-08,13.472,13.472,13.472,13.472,2288,0
2016-03-09,13.463,14.109,13.387,13.387,10592,0
2016-03-10,13.543,13.811,13.457,13.457,5598,0
2016-03-11,13.439,13.439,13.439,13.439,387,0
2016-03-14,13.961,13.961,13.387,13.387,2552,0
2016-03-15,13.387,13.411,13.387,13.411,1217,0
2016-03-16,13.4,14.008,13.387,13.497,4015,0
2016-03-17,13.583,13.73,13.548,13.685,11630,0
2016-03-21,13.618,13.618,13.566,13.566,1769,0
2016-03-22,13.566,13.739,13.386,13.532,24633,0
2016-03-23,13.523,13.523,13.205,13.231,5539,0
2016-03-24,13.479,13.479,13.291,13.301,2536,0
2016-03-28,12.999,13.275,12.999,13.033,2956,0
2016-03-29,12.835,13.033,12.835,12.99,1747,0
2016-03-30,13.301,13.308,13.007,13.267,3746,0
2016-03-31,13.308,14.449,13.308,13.308,3902,0
2016-04-04,13.375,13.375,13.375,13.375,1537,0
2016-04-05,13.222,13.361,13.094,13.094,4859,0
2016-04-06,13.308,13.312,13.267,13.306,3660,0
2016-04-07,13.308,13.308,13.308,13.308,231,0
2016-04-08,14.183,14.381,13.332,13.583,8385,0
2016-04-11,13.523,13.523,13.308,13.395,1212,0
2016-04-12,13.35,13.395,13.308,13.308,3108,0
2016-04-13,13.308,13.369,13.308,13.369,501,0
2016-04-15,13.429,13.497,13.35,13.497,2561,0
2016-04-18,13.371,13.371,13.316,13.316,2824,0
2016-04-19,13.523,13.523,13.323,13.357,3833,0
2016-04-21,13.359,13.378,13.359,13.378,1042,0
2016-04-22,13.378,13.479,13.378,13.479,11953,0
2016-04-25,13.438,13.438,13.438,13.438,353,0
2016-04-26,13.952,13.952,13.781,13.781,234,0
2016-04-27,13.814,14.039,13.652,13.911,15466,0
2016-04-28,13.739,13.739,13.739,13.739,844,0
2016-05-02,13.739,13.739,13.54,13.54,3959,0
2016-05-04,13.54,13.739,13.54,13.566,7616,0
2016-05-05,13.566,13.609,13.566,13.609,582,0
2016-05-06,13.598,13.721,13.523,13.685,6453,0
2016-05-09,13.739,13.739,13.523,13.523,1049,0
2016-05-10,13.712,13.739,13.712,13.739,8125,0
2016-05-11,13.721,13.721,13.359,13.359,1282,0
2016-05-12,13.399,13.399,13.395,13.395,1631,0
2016-05-13,13.395,13.739,13.395,13.739,14170,0
2016-05-16,13.739,13.743,13.602,13.739,9864,0
2016-05-17,13.73,13.73,13.632,13.73,978,0
2016-05-18,13.739,14.097,13.618,14.097,4855,0
2016-05-19,13.739,13.739,13.575,13.685,6507,0
2016-05-20,13.652,14.081,13.523,13.739,20457,0
2016-05-23,13.721,13.73,13.694,13.73,637,0
2016-05-24,13.721,13.739,13.694,13.739,3782,0
2016-05-26,14.022,14.022,14.022,14.022,119,0
2016-05-27,13.996,14.022,13.832,14.022,1514,0
2016-05-31,14.004,14.004,13.73,13.73,3715,0
2016-06-01,13.824,13.875,13.739,13.739,3619,0
2016-06-02,13.652,13.652,13.609,13.609,1048,0
2016-06-03,13.652,13.739,13.652,13.721,2096,0
2016-06-06,13.575,13.911,13.575,13.79,5954,0
2016-06-07,13.739,13.911,13.739,13.84,5519,0
2016-06-08,13.866,13.911,13.866,13.866,4908,0
2016-06-09,14.039,14.039,13.866,13.943,6948,0
2016-06-13,13.866,13.893,13.773,13.781,10071,0
2016-06-14,13.806,13.806,13.786,13.795,2038,0
2016-06-16,13.867,13.876,13.832,13.832,9372,0
2016-06-17,13.858,13.858,13.806,13.806,4307,0
2016-06-20,13.79,13.953,13.79,13.887,857,0
2016-06-21,13.858,13.998,13.858,13.998,229,0
2016-06-22,13.797,13.919,13.797,13.797,461,0
2016-06-23,13.915,14.213,13.912,14.213,9129,0
2016-06-24,13.79,13.893,13.702,13.702,16415,0
2016-06-27,13.617,13.935,13.617,13.659,4961,0
2016-06-28,13.953,13.963,13.829,13.912,2191,0
2016-06-29,13.876,13.885,13.832,13.885,5187,0
2016-06-30,13.833,14.006,13.833,13.876,2895,0
2016-07-01,13.998,14.006,13.998,14.006,1826,0
2016-07-05,14.041,14.041,13.919,13.953,968,0
2016-07-06,13.806,13.876,13.806,13.876,433,0
2016-07-08,14.006,14.006,13.832,13.845,9432,0
2016-07-11,13.919,14.007,13.912,14.006,14518,0
2016-07-12,14.017,14.137,14.017,14.084,2758,0
2016-07-14,14.196,14.196,14.091,14.101,11993,0
2016-07-15,14.101,14.154,14.041,14.101,9440,0
2016-07-18,14.163,14.163,14.094,14.101,6457,0
2016-07-19,13.935,14.041,13.935,14.041,692,0
2016-07-20,14.213,14.213,14.032,14.032,1037,0
2016-07-21,14.006,14.006,13.898,13.898,4110,0
2016-07-22,14.006,14.006,13.944,13.944,5187,0
2016-07-25,13.953,13.955,13.927,13.932,8421,0
2016-07-26,14.006,14.006,13.817,13.817,2717,0
2016-07-27,14.006,14.006,13.469,13.65,18810,0
2016-07-28,13.607,13.773,13.607,13.773,3228,0
2016-07-29,13.659,13.894,13.529,13.746,12094,0
2016-08-01,13.841,14.049,13.841,14.049,8775,0
2016-08-02,14.222,14.222,14.029,14.101,4796,0
2016-08-03,14.032,14.032,13.841,13.963,6994,0
2016-08-04,13.841,14.049,13.841,13.963,9802,0
2016-08-05,14.155,14.196,13.903,14.119,3209,0
2016-08-08,14.091,14.091,14.091,14.091,808,0
2016-08-09,14.084,14.091,13.963,14.084,2540,0
2016-08-10,14.066,14.091,14.066,14.091,4959,0
2016-08-11,14.057,14.101,13.894,14.049,10485,0
2016-08-12,14.002,14.18,14.002,14.171,2653,0
2016-08-15,14.041,14.204,13.935,13.935,4809,0
2016-08-16,14.062,14.091,13.876,13.919,20032,0
2016-08-17,13.904,13.963,13.904,13.935,2559,0
2016-08-18,13.841,13.953,13.841,13.953,2539,0
2016-08-19,13.841,13.963,13.841,13.919,3396,0
2016-08-22,13.919,14.032,13.885,13.963,5355,0
2016-08-23,13.885,13.963,13.832,13.963,2422,0
2016-08-25,13.885,13.885,13.874,13.874,481,0
2016-08-26,13.867,13.919,13.867,13.876,1383,0
2016-08-30,13.953,14.041,13.824,13.894,9884,0
2016-08-31,13.867,13.916,13.867,13.881,861,0
2016-09-01,13.934,14.041,13.919,14.024,5996,0
2016-09-02,14.006,14.006,13.841,13.841,461,0
2016-09-06,14.041,14.041,13.867,13.867,1961,0
2016-09-07,14.091,14.091,13.885,13.885,7058,0
2016-09-09,13.885,14.13,13.885,13.963,1765,0
2016-09-12,14.204,14.267,14.154,14.154,1217,0
2016-09-13,14.137,14.137,14.137,14.137,1195,0
2016-09-14,14.137,14.137,14.137,14.137,118,0
2016-09-16,14.253,14.253,14.253,14.253,373,0
2016-09-20,14.249,14.249,14.228,14.228,2292,0
2016-09-22,14.232,14.373,14.136,14.373,4886,0
2016-09-23,14.381,14.407,14.171,14.407,4269,0
2016-09-26,14.399,14.402,14.232,14.39,16120,0
2016-09-27,14.39,14.39,13.811,14.241,42339,0
2016-09-28,14.295,14.295,13.928,14.014,21068,0
2016-09-29,14.065,14.364,14.065,14.154,2740,0
2016-09-30,14.336,14.373,14.163,14.232,2205,0
2016-10-03,14.277,14.39,14.232,14.232,3653,0
2016-10-04,14.373,14.373,14.22,14.303,5366,0
2016-10-05,14.249,14.381,14.249,14.364,2354,0
2016-10-06,14.39,14.39,14.26,14.294,7074,0
2016-10-07,14.39,14.697,14.353,14.636,4602,0
2016-10-10,14.845,14.887,14.636,14.636,9645,0
2016-10-11,14.89,15.438,14.89,14.89,6165,0
2016-10-12,15.144,15.144,14.582,14.582,12316,0
2016-10-13,14.58,14.58,14.58,14.58,171,0
2016-10-14,14.656,15.065,14.608,14.872,27317,0
2016-10-17,15.484,15.484,14.693,15.047,3083,0
2016-10-18,14.782,15.16,14.732,15.003,2183,0
2016-10-19,15.304,15.318,15.1,15.283,7422,0
2016-10-20,15.152,15.239,15.061,15.214,15274,0
2016-10-21,14.776,15.108,14.776,15.056,3894,0
2016-10-24,13.769,15.152,13.769,15.074,13434,0
2016-10-27,14.732,15.327,14.732,15.258,1765,0
2016-10-28,15.283,15.441,15.283,15.441,6450,0
2016-10-31,15.515,15.515,15.327,15.327,1713,0
2016-11-01,14.932,15.327,14.908,14.973,6722,0
2016-11-02,15.31,15.31,15.021,15.178,3540,0
2016-11-03,15.312,15.312,15.155,15.155,237,0
2016-11-04,14.932,14.932,14.932,14.932,676,0
2016-11-07,15.138,15.318,14.908,15.318,3582,0
2016-11-08,15.172,15.172,15.172,15.172,1381,0
2016-11-09,15.32,15.757,15.292,15.757,2091,0
2016-11-10,15.712,15.766,15.275,15.712,8960,0
2016-11-11,15.545,15.545,15.457,15.545,3584,0
2016-11-14,15.81,16.036,15.81,16.036,1732,0
2016-11-15,16.008,16.166,15.941,16.087,10468,0
2016-11-16,16.176,16.176,16.081,16.157,2838,0
2016-11-17,16.598,16.598,15.523,15.941,11884,0
2016-11-18,15.905,15.914,15.642,15.91,6063,0
2016-11-21,15.95,16.157,15.95,16.027,5390,0
2016-11-22,15.91,16.404,15.775,16.352,25510,0
2016-11-23,16.027,16.404,15.86,16.404,18105,0
2016-11-25,16.308,16.308,16.308,16.308,116,0
2016-11-28,16.403,16.466,16.291,16.334,3012,0
2016-11-29,16.291,16.615,16.239,16.466,6243,0
2016-11-30,16.552,17.437,16.466,17.437,8275,0
2016-12-01,17.429,17.429,16.79,17.115,3128,0
2016-12-02,16.991,17.333,16.938,17.288,2141,0
2016-12-05,17.254,20.793,16.729,19.049,29500,0
2016-12-06,19.286,19.478,17.675,18.743,19167,0
2016-12-07,19.094,19.269,18.323,18.429,10672,0
2016-12-08,18.125,19.363,18.125,18.569,7458,0
2016-12-09,19.269,19.269,17.876,18.392,7258,0
2016-12-12,18.226,19.181,18.226,19.128,6767,0
2016-12-13,19.46,19.46,18.446,18.892,7459,0
2016-12-14,19.489,19.489,19.049,19.489,15294,0
2016-12-15,19.269,21.257,19.251,19.794,43518,0
2016-12-16,20.544,20.552,20.111,20.456,47862,0
2016-12-19,19.415,21.2,19.406,21.2,5998,0
2016-12-20,21.39,21.391,20.023,20.509,8665,0
2016-12-21,20.729,20.729,19.759,19.891,9763,0
2016-12-22,19.847,19.98,19.821,19.917,8067,0
2016-12-23,20.218,20.218,19.934,19.989,2708,0
2016-12-27,19.974,20.156,19.847,20.156,1744,0
2016-12-28,20.269,20.456,20.006,20.191,2878,0
2016-12-29,20.456,20.95,20.406,20.835,13845,0
2016-12-30,20.755,21.106,20.569,21.106,3330,0
2017-01-03,21.126,21.258,20.729,21.25,5267,0
2017-01-04,19.847,21.171,19.847,21.171,8412,0
2017-01-05,19.86,21.171,19.86,21.126,3373,0
2017-01-06,20.773,20.773,19.627,20.279,19424,0
2017-01-09,20.501,20.501,20.447,20.447,2040,0
2017-01-10,19.966,21.126,19.966,21.117,1366,0
2017-01-11,20.377,21.126,20.288,20.596,6634,0
2017-01-12,21.02,21.02,19.965,20.95,758,0
2017-01-13,20.773,20.773,20.535,20.729,1434,0
2017-01-17,20.401,21.078,19.934,20.269,4102,0
2017-01-18,19.742,20.501,19.742,20.084,3993,0
2017-01-19,19.6,20.333,19.423,20.023,9170,0
2017-01-20,20.014,20.023,19.583,20.023,2443,0
2017-01-23,19.971,20.014,19.31,20.006,3608,0
2017-01-24,19.672,20.023,19.672,20.023,523,0
2017-01-25,19.45,21.117,19.45,20.048,3445,0
2017-01-26,20.711,20.711,19.627,20.297,3564,0
2017-01-27,18.982,20.817,18.982,20.817,538,0
2017-01-30,20.289,20.994,20.269,20.675,5451,0
2017-01-31,20.689,20.694,20.122,20.243,3919,0
2017-02-01,20.182,20.288,19.6,20.288,7968,0
2017-02-02,20.261,20.288,19.989,20.288,3972,0
2017-02-03,20.288,20.729,20.126,20.72,6185,0
2017-02-06,20.288,21.171,20.288,21.109,5990,0
2017-02-07,21.126,22.052,21.126,21.948,6655,0
2017-02-08,21.884,22.855,21.884,22.643,17596,0
2017-02-09,22.494,22.494,22.052,22.052,12096,0
2017-02-10,21.302,22.088,20.861,21.612,1711,0
2017-02-13,21.62,22.052,21.62,22.008,1729,0
2017-02-14,21.99,22.274,21.875,22.052,7978,0
2017-02-15,22.052,22.052,21.292,21.814,2566,0
2017-02-16,21.698,22.008,21.62,21.62,1726,0
2017-02-17,21.171,22.052,21.171,21.92,4173,0
2017-02-21,22.052,22.052,20.334,21.752,5861,0
2017-02-22,21.964,21.964,21.752,21.822,1400,0
2017-02-23,21.716,21.78,21.716,21.725,2210,0
2017-02-24,21.93,21.93,21.691,21.691,669,0
2017-02-27,21.964,21.964,21.866,21.866,577,0
2017-02-28,21.752,21.956,21.562,21.956,1962,0
2017-03-01,21.964,21.964,20.913,21.857,1253,0
2017-03-02,21.92,21.92,21.771,21.78,1787,0
2017-03-03,21.92,21.92,21.789,21.831,4526,0
2017-03-06,21.789,21.93,21.111,21.831,2387,0
2017-03-07,21.831,21.964,21.144,21.964,7141,0
2017-03-08,21.902,22.052,21.391,21.841,2416,0
2017-03-09,21.831,21.831,21.382,21.584,11357,0
2017-03-10,21.435,21.435,19.689,20.428,5890,0
2017-03-13,20.906,20.906,20.288,20.897,1100,0
2017-03-14,20.852,20.852,20.711,20.852,891,0
2017-03-15,20.41,20.72,20.41,20.711,2521,0
2017-03-16,20.521,20.72,20.521,20.719,1191,0
2017-03-17,20.711,21.466,20.711,21.316,13309,0
2017-03-20,21.27,21.803,21.04,21.653,3585,0
2017-03-21,21.803,21.883,21.19,21.208,16981,0
2017-03-22,21.582,21.604,21.002,21.493,5325,0
2017-03-23,21.537,21.546,20.871,21.316,2866,0
2017-03-24,21.291,21.475,21.279,21.475,1525,0
2017-03-27,21.137,21.316,21.137,21.316,2444,0
2017-03-28,21.102,21.316,21.093,21.297,3278,0
2017-03-29,21.27,21.27,21.261,21.261,1932,0
2017-03-30,21.27,21.466,20.518,20.737,11288,0
2017-03-31,20.881,21.493,20.881,21.493,8697,0
2017-04-03,21.138,21.297,20.338,21.279,15547,0
2017-04-04,20.871,21.316,20.871,21.316,2970,0
2017-04-05,21.138,21.316,20.961,21.076,3525,0
2017-04-06,20.876,21.129,20.735,21.04,7212,0
2017-04-07,21.049,21.049,21.04,21.049,789,0
2017-04-10,21.138,21.138,21.11,21.11,858,0
2017-04-11,20.499,21.138,19.646,21.093,3527,0
2017-04-12,21.093,21.227,21.093,21.227,731,0
2017-04-13,21.227,21.227,20.755,21.181,6748,0
2017-04-17,21.316,21.92,20.759,21.92,29345,0
2017-04-18,21.938,21.938,21.653,21.732,3582,0
2017-04-19,21.386,21.76,21.173,21.173,3195,0
2017-04-20,19.983,21.84,19.983,21.626,13619,0
2017-04-21,21.635,21.981,21.635,21.972,6634,0
2017-04-24,21.626,21.956,21.537,21.956,5272,0
2017-04-25,21.84,22.426,21.84,22.381,19719,0
2017-04-26,22.381,22.426,21.981,21.981,5227,0
2017-04-27,21.218,22.426,21.218,21.556,3122,0
2017-04-28,22.133,22.426,21.956,22.426,53624,0
2017-05-01,22.417,22.426,21.304,22.116,4696,0
2017-05-02,22.426,22.426,21.671,22.426,4177,0
2017-05-03,22.385,22.426,22.248,22.426,7594,0
2017-05-04,22.896,23.046,22.319,22.826,23844,0
2017-05-05,22.977,22.977,22.57,22.666,7531,0
2017-05-08,22.257,23.004,22.212,22.682,8314,0
2017-05-09,22.47,22.826,22.47,22.826,4688,0
2017-05-10,22.274,22.771,22.239,22.568,4840,0
2017-05-11,22.736,22.78,22.301,22.682,6119,0
2017-05-12,22.559,22.78,22.286,22.78,9970,0
2017-05-15,22.301,22.869,22.257,22.869,8236,0
2017-05-16,22.896,24.689,22.869,24.689,10139,0
2017-05-17,24.469,24.469,22.203,22.826,9302,0
2017-05-18,23.536,23.536,22.604,23.464,9327,0
2017-05-19,23.017,23.091,22.568,22.986,4596,0
2017-05-22,22.426,22.639,21.787,22.203,13298,0
2017-05-23,22.203,22.541,21.981,22.244,26395,0
2017-05-24,22.648,22.771,22.327,22.452,16571,0
2017-05-25,22.602,22.691,22.354,22.691,4564,0
2017-05-26,22.808,22.808,22.381,22.634,7930,0
2017-05-30,22.559,22.666,22.417,22.532,7855,0
2017-05-31,22.559,22.559,21.377,22.203,22727,0
2017-06-01,20.252,24.158,20.252,22.869,25411,0
2017-06-02,22.878,23.98,21.803,23.501,10071,0
2017-06-05,23.269,23.278,22.986,23.091,12873,0
2017-06-06,23.082,23.091,22.878,22.94,4631,0
2017-06-07,22.94,23.553,22.94,23.518,20030,0
2017-06-08,23.51,23.51,22.189,23.287,8839,0
2017-06-09,23.109,23.624,23.109,23.57,12028,0
2017-06-12,23.57,23.695,22.034,22.31,12317,0
2017-06-13,22.532,23.58,22.426,23.305,16053,0
2017-06-14,23.118,23.713,22.727,23.233,23269,0
2017-06-15,23.633,23.633,22.71,23.536,9279,0
2017-06-16,23.473,24.035,22.552,23.91,32181,0
2017-06-19,23.758,23.822,21.96,23.607,25518,0
2017-06-20,23.589,23.875,23.222,23.875,6962,0
2017-06-21,23.74,24.026,23.313,23.7,10487,0
2017-06-22,23.714,24.214,23.07,23.152,13663,0
2017-06-23,23.125,23.786,22.016,23.187,424267,0
2017-06-26,23.009,24.045,23.009,23.731,14531,0
2017-06-27,23.479,24.456,23.479,24.349,22149,0
2017-06-28,24.31,24.349,24.26,24.349,11571,0
2017-06-29,24.246,24.349,24.153,24.349,18421,0
2017-06-30,24.276,24.393,24.272,24.34,20651,0
2017-07-03,24.482,24.482,24.313,24.456,4657,0
2017-07-05,24.322,24.393,24.072,24.393,5579,0
2017-07-06,24.242,24.885,24.205,24.474,20272,0
2017-07-07,24.375,24.482,24.187,24.456,9637,0
2017-07-10,24.581,24.581,24.438,24.482,2172,0
2017-07-11,23.965,24.751,23.965,24.59,9829,0
2017-07-12,24.59,24.59,23.589,23.866,25425,0
2017-07-13,23.866,24.242,23.813,24.098,6935,0
2017-07-14,24.255,24.255,23.946,23.946,1330,0
2017-07-17,23.901,24.223,23.625,23.928,4103,0
2017-07-18,23.893,23.893,23.258,23.375,3848,0
2017-07-19,23.419,23.652,23.401,23.401,1662,0
2017-07-20,23.428,23.768,23.357,23.482,2507,0
2017-07-21,23.616,23.849,23.249,23.375,8503,0
2017-07-24,23.375,23.804,23.375,23.634,7130,0
2017-07-25,23.845,24.572,23.845,24.563,7969,0
2017-07-26,24.02,24.554,24.018,24.393,8607,0
2017-07-27,24.268,25.475,24.26,24.5,8024,0
2017-07-28,24.393,24.411,24.26,24.304,3350,0
2017-07-31,24.277,24.402,24.081,24.295,9540,0
2017-08-01,24.375,24.465,24.107,24.251,8027,0
2017-08-02,24.035,24.393,24.035,24.144,4587,0
2017-08-03,24.125,24.125,23.884,23.884,1311,0
2017-08-04,24.116,24.116,23.68,23.705,5514,0
2017-08-07,22.364,24.349,22.364,24.286,8911,0
2017-08-08,24.268,24.438,23.112,23.768,13589,0
2017-08-09,23.822,24.349,23.527,24.072,8032,0
2017-08-10,24.384,24.482,24.165,24.277,7707,0
2017-08-11,24.162,24.384,23.965,24.125,8660,0
2017-08-14,24.304,24.482,23.992,24.242,11576,0
2017-08-15,24.438,24.438,24.242,24.349,5231,0
2017-08-16,24.402,24.465,24.375,24.393,6175,0
2017-08-17,24.366,24.435,23.919,23.919,11154,0
2017-08-18,23.857,24.125,23.366,24.026,11996,0
2017-08-21,23.786,24.098,23.786,23.946,8301,0
2017-08-22,23.946,24.34,23.893,23.965,9343,0
2017-08-23,24.248,24.304,23.907,23.965,11892,0
2017-08-24,24.009,24.009,23.276,23.473,9054,0
2017-08-25,23.276,24.349,23.276,24.34,6681,0
2017-08-28,23.992,24.299,23.688,24.251,6912,0
2017-08-29,24.035,24.304,23.786,24.107,5367,0
2017-08-30,23.884,24.098,23.545,23.625,5065,0
2017-08-31,23.875,23.875,23.161,23.401,3464,0
2017-09-01,23.902,23.902,23.902,23.902,631,0
2017-09-05,24.393,26.224,23.84,25.645,29631,0
2017-09-06,25.546,25.833,25.206,25.815,25570,0
2017-09-07,26.081,26.081,24.626,25.85,30291,0
2017-09-08,25.778,25.778,24.93,25.188,39317,0
2017-09-11,25.421,25.421,24.349,25.278,25191,0
2017-09-12,25.242,25.421,25.197,25.296,27170,0
2017-09-13,24.679,25.34,24.679,25.296,38510,0
2017-09-14,25.158,25.247,25.135,25.188,24699,0
2017-09-15,25.261,25.323,24.698,25.081,189531,0
2017-09-18,25.035,25.238,24.838,25.099,35923,0
2017-09-19,24.887,25.162,22.699,23.768,48370,0
2017-09-20,24.11,24.173,23.364,23.994,15914,0
2017-09-21,24.209,24.245,23.994,24.075,3875,0
2017-09-22,24.137,24.308,24.137,24.308,4296,0
2017-09-25,24.191,24.352,24.11,24.281,7959,0
2017-09-26,24.262,24.398,24.137,24.183,12444,0
2017-09-27,23.759,24.488,23.759,24.262,19932,0
2017-09-28,24.262,24.262,24.065,24.262,3848,0
2017-09-29,23.957,24.262,23.957,24.209,11954,0
2017-10-02,24.174,24.262,24.174,24.262,14107,0
2017-10-03,24.146,24.146,23.391,23.454,10569,0
2017-10-04,23.5,23.5,23.104,23.364,3274,0
2017-10-05,23.409,23.454,22.888,23.409,8950,0
2017-10-06,23.194,23.463,22.915,23.329,7427,0
2017-10-09,23.194,23.409,23.131,23.131,7685,0
2017-10-10,23.311,23.948,23.311,23.948,6294,0
2017-10-11,24.075,24.262,24.056,24.209,4921,0
2017-10-12,24.262,24.262,23.985,24.11,2824,0
2017-10-13,24.101,24.262,23.912,23.912,3785,0
2017-10-16,24.174,24.262,24.084,24.227,2101,0
2017-10-17,24.236,24.236,23.814,24.029,3704,0
2017-10-18,24.122,24.262,24.056,24.056,2993,0
2017-10-19,24.016,24.174,24.016,24.128,1915,0
2017-10-20,24.254,24.262,24.159,24.164,2341,0
2017-10-23,23.814,24.262,23.796,24.146,13585,0
2017-10-24,24.236,24.262,23.97,24.137,22490,0
2017-10-25,24.218,24.262,24.047,24.254,9534,0
2017-10-26,24.262,24.262,24.231,24.262,12992,0
2017-10-27,24.254,24.398,24.236,24.262,24682,0
2017-10-30,24.281,24.281,24.075,24.245,3033,0
2017-10-31,24.262,24.442,23.841,23.976,7229,0
2017-11-01,23.948,24.205,23.93,23.93,3611,0
2017-11-02,24.056,24.262,23.901,24.155,2840,0
2017-11-03,24.075,24.262,24.075,24.245,7537,0
2017-11-06,23.778,23.976,23.671,23.976,2503,0
2017-11-07,23.921,24.029,23.158,23.158,4016,0
2017-11-08,23.211,23.749,22.835,22.897,7830,0
2017-11-09,23.095,23.122,22.601,22.844,7887,0
2017-11-10,22.951,23.279,22.951,23.167,5218,0
2017-11-13,22.849,23.292,22.794,23.014,5254,0
2017-11-14,23.176,23.238,23.14,23.185,4984,0
2017-11-15,22.915,23.211,22.915,23.176,9114,0
2017-11-16,23.347,23.364,23.147,23.364,8781,0
2017-11-17,23.32,23.364,22.947,23.338,2047,0
2017-11-20,23.463,23.463,23.202,23.311,2618,0
2017-11-21,23.409,23.409,23.238,23.364,7544,0
2017-11-22,23.229,23.58,23.229,23.409,5941,0
2017-11-24,24.218,24.218,24.218,24.218,240,0
2017-11-27,24.164,24.164,23.546,23.85,10578,0
2017-11-28,23.814,23.994,23.706,23.832,7486,0
2017-11-29,24.012,24.174,23.991,24.173,7587,0
2017-11-30,24.218,25.224,24.218,25.152,11477,0
2017-12-01,25.297,25.611,25.286,25.368,6585,0
2017-12-04,25.538,26.007,25.386,25.916,6941,0
2017-12-05,25.998,25.998,25.88,25.98,18292,0
2017-12-06,26.007,26.913,26.007,26.483,13152,0
2017-12-07,26.808,28.883,26.808,28.735,10820,0
2017-12-08,28.854,29.161,28.854,28.943,11903,0
2017-12-11,29.121,29.121,28.318,28.547,3987,0
2017-12-12,28.725,28.913,28.676,28.715,5606,0
2017-12-13,28.406,28.429,27.635,28.004,16964,0
2017-12-14,27.883,27.883,27.262,27.5,11432,0
2017-12-15,27.638,27.678,26.753,26.778,47422,0
2017-12-18,26.709,26.848,25.744,26.132,65835,0
2017-12-19,25.933,25.993,25.535,25.694,20871,0
2017-12-20,26.688,26.688,25.84,25.933,3851,0
2017-12-21,26.052,26.052,25.973,26.052,5179,0
2017-12-22,26.251,26.251,25.396,25.396,5209,0
2017-12-26,25.436,25.476,24.839,24.998,10150,0
2017-12-27,25.336,25.336,24.71,24.829,4242,0
2017-12-28,24.859,25.923,24.571,24.62,22805,0
2017-12-29,24.773,24.879,24.491,24.859,16009,0
2018-01-02,25.794,26.241,24.75,25.406,8748,0
2018-01-03,24.919,25.744,24.909,25.466,7262,0
2018-01-04,25.834,25.903,25.093,25.098,4970,0
2018-01-05,25.635,25.635,24.988,25.317,5499,0
2018-01-08,25.157,25.819,25.157,25.227,4112,0
2018-01-09,25.853,26.023,25.724,25.724,1373,0
2018-01-10,26.142,26.172,25.893,26.172,3914,0
2018-01-11,26.251,27.246,26.152,27.246,4945,0
2018-01-12,27.096,27.986,26.987,27.196,8458,0
2018-01-16,26.351,27.126,26.351,26.5,7014,0
2018-01-17,26.699,27.116,26.023,27.106,8767,0
2018-01-18,26.927,27.126,26.291,26.55,8368,0
2018-01-19,26.4,26.4,25.694,26.152,17294,0
2018-01-22,26.679,27.425,26.351,27.425,8619,0
2018-01-23,27.355,27.872,26.987,27.246,5536,0
2018-01-24,27.067,27.872,26.997,27.096,8261,0
2018-01-25,27.395,27.683,25.873,26.261,5957,0
2018-01-26,26.291,26.773,26.062,26.55,7610,0
2018-01-29,26.291,27.047,26.211,26.987,11123,0
2018-01-30,26.629,27.196,26.052,26.052,6850,0
2018-01-31,26.122,26.609,26.052,26.152,9619,0
2018-02-01,26.092,26.947,25.704,26.848,13909,0
2018-02-02,26.361,26.689,25.157,25.346,17789,0
2018-02-05,25.704,26.445,25.336,25.336,8088,0
2018-02-06,25.356,26.499,25.128,25.505,9982,0
2018-02-07,25.356,26.47,25.356,26.072,3556,0
2018-02-08,26.649,26.699,25.277,25.277,14174,0
2018-02-09,26.331,26.331,25.272,25.784,17934,0
2018-02-12,26.023,26.351,25.157,25.157,12394,0
2018-02-13,24.968,24.968,24.968,24.968,9539,0
2018-02-14,25.446,26.072,25.446,25.446,10445,0
2018-02-15,26.231,26.525,25.218,25.704,17918,0
2018-02-16,25.456,25.665,25.058,25.326,4600,0
2018-02-20,25.128,25.326,24.959,25.058,5461,0
2018-02-21,25.883,25.983,25.167,25.396,7378,0
2018-02-22,26.385,27.375,24.809,24.978,7197,0
2018-02-23,25.376,25.376,24.998,25.217,4176,0
2018-02-26,25.774,25.774,24.726,25.307,8032,0
2018-02-27,25.307,26.023,25.008,25.008,2767,0
2018-02-28,25.655,25.655,24.929,24.929,9731,0
2018-03-01,25.058,25.366,24.481,24.939,5600,0
2018-03-02,24.968,25.456,24.71,25.028,7728,0
2018-03-05,25.441,25.441,24.77,25.138,4762,0
2018-03-06,25.138,25.297,24.804,25.028,4977,0
2018-03-07,25.008,25.048,24.829,24.829,3599,0
2018-03-08,24.531,25.237,24.531,24.809,3826,0
2018-03-09,25.048,25.048,25.048,25.048,763,0
2018-03-12,24.615,25.834,24.615,25.824,2518,0
2018-03-13,25.615,25.893,25.138,25.257,16659,0
2018-03-14,25.625,26.042,25.167,25.943,12763,0
2018-03-15,25.575,26.46,25.466,25.903,11278,0
2018-03-16,25.903,28.329,25.476,28.23,36265,0
2018-03-19,28,28,26.2702,26.52,5883,0
2018-03-20,26.63,26.72,25.7547,25.76,11322,0
2018-03-21,26,26.675,25.54,25.54,13238,0
2018-03-22,25.5,26.33,25.2001,25.58,18751,0
2018-03-23,25.77,26.505,25.45,25.45,14575,0
2018-03-26,25.65,26.44,25.57,26.17,14473,0
2018-03-27,25.82,26.37,25.67,25.9,4088,0
2018-03-28,26.5,26.5,25.8183,25.92,7381,0
2018-03-29,25.98,26.835,25.87,25.99,24610,0
