Date,Open,High,Low,Close,Volume,OpenInt
2014-12-19,28.573,28.573,25.922,26.395,8953,0
2014-12-22,25.951,26.168,25.503,25.843,34398,0
2014-12-23,26.02,26.02,24.553,24.848,5446,0
2014-12-24,25.006,25.429,25.006,25.219,3106,0
2014-12-26,25.617,25.794,25.518,25.772,4217,0
2014-12-29,25.981,26.159,25.814,25.933,8505,0
2014-12-30,26.109,26.109,25.666,25.794,6788,0
2014-12-31,26.02,26.158,25.725,25.735,7310,0
2015-01-02,26.395,26.395,25.747,26.089,6323,0
2015-01-05,26.099,26.473,25.922,26.081,6233,0
2015-01-06,26.769,26.769,25.36,25.696,6619,0
2015-01-07,26.326,26.868,26.297,26.868,3927,0
2015-01-08,27.39,27.606,27.245,27.509,27148,0
2015-01-09,27.39,27.833,27.045,27.262,13593,0
2015-01-12,27.449,27.843,27.144,27.272,4199,0
2015-01-13,27.833,27.983,27.173,27.173,9281,0
2015-01-14,26.962,27.489,26.962,27.4,2367,0
2015-01-15,27.341,27.341,26.533,26.602,5648,0
2015-01-16,26.681,27.376,26.395,27.376,2579,0
2015-01-20,28.119,28.119,26.927,27.685,3229,0
2015-01-21,27.715,27.784,27.173,27.173,7714,0
2015-01-22,26.612,27.499,26.612,27.499,1675,0
2015-01-23,27.469,27.567,27.262,27.528,5999,0
2015-01-26,27.952,28.158,27.942,28.001,10975,0
2015-01-27,28.158,28.375,27.963,28.148,13785,0
2015-01-28,28.357,28.357,27.587,27.587,15855,0
2015-01-29,27.662,27.705,27.262,27.693,2116,0
2015-01-30,28.178,28.178,27.587,27.587,4848,0
2015-02-02,27.242,27.587,27.066,27.262,4467,0
2015-02-03,27.44,27.44,26.651,27.246,4510,0
2015-02-04,26.602,27.055,26.424,26.868,3353,0
2015-02-05,27.134,27.703,27.134,27.662,1321,0
2015-02-06,28.356,28.356,27.311,27.311,3598,0
2015-02-09,27.094,27.685,27.094,27.331,3693,0
2015-02-10,27.489,27.873,27.321,27.783,1150,0
2015-02-11,27.557,28.356,27.4,27.547,6599,0
2015-02-12,27.547,27.824,27.43,27.824,1198,0
2015-02-13,28.543,28.543,27.695,27.942,2636,0
2015-02-17,28.226,28.671,28.226,28.622,11906,0
2015-02-18,29.252,29.252,28.553,28.927,17072,0
2015-02-19,29.144,29.262,29.065,29.154,14361,0
2015-02-20,29.666,29.666,29.065,29.31,15443,0
2015-02-23,29.922,29.922,29.233,29.449,31643,0
2015-02-24,29.37,29.37,28.722,28.907,7629,0
2015-02-25,29.065,29.696,28.922,29.568,6028,0
2015-02-26,29.804,29.971,29.36,29.971,8295,0
2015-02-27,30.612,30.612,29.459,29.686,9328,0
2015-03-02,29.686,30.169,29.518,29.785,9744,0
2015-03-03,29.853,29.951,29.617,29.833,5379,0
2015-03-04,30.001,30.346,29.538,30.326,10251,0
2015-03-05,31.025,31.025,30.483,30.72,29434,0
2015-03-06,31.223,31.223,30.178,30.307,19183,0
2015-03-09,30.829,30.829,29.932,30.346,41817,0
2015-03-10,30.218,30.839,29.823,30.602,37249,0
2015-03-11,30.789,31.233,30.346,30.553,8424,0
2015-03-12,30.612,30.789,30.376,30.671,8526,0
2015-03-13,30.503,31.262,30.503,31.104,13601,0
2015-03-16,31.873,31.873,31.213,31.4,20909,0
2015-03-17,31.537,31.646,31.292,31.626,21416,0
2015-03-18,31.577,31.784,31.055,31.715,20300,0
2015-03-19,32.227,32.237,31.755,32.119,15427,0
2015-03-20,32.661,33.016,31.676,31.893,25070,0
2015-03-23,32.385,32.385,31.055,31.469,24461,0
2015-03-24,31.341,31.863,31.213,31.242,30855,0
2015-03-25,31.567,31.567,29.882,29.882,80486,0
2015-03-26,29.479,30.248,29.213,29.853,46181,0
2015-03-27,30.385,30.631,30.257,30.533,23750,0
2015-03-30,31.371,31.39,30.72,31.065,18676,0
2015-03-31,31.015,31.144,30.582,30.582,10657,0
2015-04-01,30.395,30.878,30.267,30.77,9946,0
2015-04-02,30.543,30.986,30.533,30.976,13093,0
2015-04-06,31.134,31.183,30.77,30.77,25780,0
2015-04-07,31.035,31.557,31.035,31.206,18745,0
2015-04-08,31.646,32.07,30.799,31.834,14515,0
2015-04-09,32.366,32.385,31.44,31.88,18884,0
2015-04-10,32.168,32.425,31.952,32.257,30855,0
2015-04-13,32.425,32.809,32.425,32.543,24867,0
2015-04-14,32.828,32.828,32.405,32.504,32784,0
2015-04-15,32.976,33.006,32.425,33.006,23971,0
2015-04-16,33.262,33.262,32.626,32.828,26673,0
2015-04-17,32.415,32.533,32.218,32.385,19588,0
2015-04-20,32.316,32.789,32.168,32.415,7659,0
2015-04-21,32.976,32.976,32.514,32.7,22835,0
2015-04-22,32.907,32.938,32.474,32.652,13857,0
2015-04-23,32.828,33.075,32.504,33.055,13398,0
2015-04-24,33.232,33.232,32.593,32.612,20401,0
2015-04-27,32.583,32.71,30.918,31.055,25272,0
2015-04-28,31.203,31.331,29.922,30.474,22533,0
2015-04-29,30.74,30.74,30.178,30.483,10049,0
2015-04-30,30.119,30.218,29.065,29.243,26186,0
2015-05-01,29.459,30.356,29.459,30.208,26998,0
2015-05-04,30.169,30.849,29.568,30.356,11368,0
2015-05-05,30.119,30.119,29.558,29.656,3756,0
2015-05-06,29.469,30.021,29.174,29.872,20852,0
2015-05-07,29.597,30.218,29.597,30.218,16401,0
2015-05-08,30.898,31.262,30.543,30.986,23750,0
2015-05-11,31.203,31.203,30.986,30.986,18269,0
2015-05-12,31.134,31.134,30.376,31.035,9303,0
2015-05-13,31.883,31.883,30.868,31.025,22126,0
2015-05-14,31.361,31.361,30.986,31.154,6598,0
2015-05-15,31.057,31.182,30.996,31.173,5590,0
2015-05-18,31.075,31.695,31.075,31.597,6161,0
2015-05-19,31.686,31.804,31.528,31.676,4974,0
2015-05-20,31.853,32.208,31.509,31.972,20604,0
2015-05-21,32.001,32.061,31.814,32.031,8323,0
2015-05-22,32.051,32.139,31.814,32.021,7917,0
2015-05-26,31.972,31.972,31.587,31.863,4234,0
2015-05-27,31.932,32.287,31.715,32.287,8728,0
2015-05-28,32.188,32.237,32.01,32.08,1251,0
2015-05-29,32.287,32.366,32.061,32.119,5583,0
2015-06-01,32.454,32.947,32.267,32.71,38468,0
2015-06-02,32.68,32.82,32.257,32.553,7718,0
2015-06-03,32.425,33.055,32.425,32.947,17051,0
2015-06-04,33.105,33.164,32.533,32.898,24461,0
2015-06-05,32.937,33.518,32.68,33.469,31058,0
2015-06-08,33.499,33.853,33.469,33.686,25375,0
2015-06-09,33.41,33.912,32.731,33.154,31594,0
2015-06-10,32.898,33.439,32.789,33.439,18068,0
2015-06-11,33.686,33.755,33.301,33.568,14961,0
2015-06-12,33.518,33.745,33.204,33.341,5785,0
2015-06-15,33.204,33.4,32.759,33.262,36437,0
2015-06-16,32.828,33.578,32.828,33.42,27303,0
2015-06-17,33.41,33.942,33.41,33.843,17762,0
2015-06-18,33.932,35.085,33.932,34.976,57650,0
2015-06-19,35.43,35.43,34.76,35.183,36539,0
2015-06-22,35.913,36.257,35.173,35.903,74296,0
2015-06-23,36.178,36.267,35.401,35.992,78807,0
2015-06-24,36.119,36.119,35.045,35.134,46384,0
2015-06-25,35.351,35.361,34.78,35.045,16544,0
2015-06-26,35.154,35.567,34.159,34.582,36640,0
2015-06-29,34.001,34.503,33.508,33.587,83126,0
2015-06-30,33.991,34.582,33.914,34.572,25404,0
2015-07-01,35.755,35.755,34.031,34.218,62116,0
2015-07-02,33.952,34.258,33.745,34.258,13499,0
2015-07-06,33.637,34.493,33.587,34.139,42222,0
2015-07-07,33.952,34.169,33.42,34.11,28419,0
2015-07-08,33.637,33.942,33.174,33.272,13093,0
2015-07-09,33.991,33.991,33.647,33.726,41512,0
2015-07-10,34.414,34.414,33.804,34.248,13093,0
2015-07-13,34.651,35.597,34.651,35.41,46993,0
2015-07-14,35.932,36.168,35.518,36.08,47744,0
2015-07-15,36.08,36.75,35.955,36.098,36790,0
2015-07-16,36.809,36.809,36.188,36.7,76529,0
2015-07-17,37.075,38.06,36.356,36.76,49530,0
2015-07-20,37.558,37.558,36.661,36.987,64349,0
2015-07-21,36.829,36.898,36.218,36.69,31667,0
2015-07-22,36.208,36.996,36.158,36.947,20401,0
2015-07-23,37.194,37.194,36.455,36.534,20198,0
2015-07-24,36.553,36.553,35.193,35.302,40396,0
2015-07-27,34.799,35.154,34.464,34.956,37554,0
2015-07-28,34.898,36.011,34.898,35.775,12383,0
2015-07-29,35.952,35.952,34.622,34.946,20096,0
2015-07-30,34.77,35.065,34.188,35.055,18980,0
2015-07-31,35.312,35.854,34.918,35.528,14412,0
2015-08-03,35.47,35.913,35.341,35.557,9330,0
2015-08-04,35.538,36.002,35.538,35.755,12585,0
2015-08-05,35.903,36.455,35.715,35.972,23750,0
2015-08-06,36.237,36.237,34.267,34.434,52202,0
2015-08-07,34.484,34.484,33.174,33.804,77442,0
2015-08-10,34.06,34.701,33.902,34.021,57447,0
2015-08-11,33.548,34.053,33.187,33.597,27366,0
2015-08-12,32.927,33.912,32.573,33.823,26694,0
2015-08-13,33.627,34.129,33.36,33.439,10860,0
2015-08-14,33.075,33.4,32.622,33.252,27608,0
2015-08-17,32.809,34.06,32.809,34.06,41817,0
2015-08-18,34.031,34.602,33.961,33.981,38468,0
2015-08-19,33.726,33.804,33.065,33.578,33088,0
2015-08-20,33.095,33.262,31.932,31.972,65973,0
2015-08-21,31.341,32.445,30.553,31.597,101903,0
2015-08-24,29.587,31.371,27.597,29.892,113953,0
2015-08-25,30.78,32.08,29.991,30.06,47095,0
2015-08-26,30.553,31.479,29.696,31.46,18472,0
2015-08-27,32.553,32.553,31.725,32.415,29129,0
2015-08-28,32.69,33.046,31.784,32.996,19588,0
2015-08-31,33.075,33.184,32.188,32.346,11469,0
2015-09-01,31.302,32.306,31.144,31.381,32885,0
2015-09-02,31.863,32.316,31.282,32.316,8627,0
2015-09-03,32.425,32.71,31.4,31.43,25476,0
2015-09-04,30.878,31.666,30.878,31.607,7816,0
2015-09-08,32.148,32.642,31.824,32.622,6699,0
2015-09-09,33.222,33.222,31.972,31.972,28318,0
2015-09-10,31.972,32.661,31.932,32.622,23505,0
2015-09-11,32.553,33.134,32.336,33.134,2639,0
2015-09-14,33.222,33.222,32.168,32.533,35017,0
2015-09-15,32.533,32.7,32.296,32.7,7511,0
2015-09-16,32.671,32.69,32.041,32.395,29129,0
2015-09-17,32.385,33.41,32.385,33.204,19284,0
2015-09-18,33.105,33.125,32.593,32.593,14515,0
2015-09-21,33.174,33.174,30.868,31.233,26186,0
2015-09-22,30.572,30.898,30.011,30.612,28825,0
2015-09-23,30.218,31.084,30.04,30.592,8119,0
2015-09-24,30.149,30.287,29.706,30.248,6358,0
2015-09-25,30.257,30.257,28.217,28.583,8831,0
2015-09-28,28.129,28.178,26.267,26.878,59138,0
2015-09-29,27.341,27.784,25.991,26.267,31261,0
2015-09-30,27.114,27.587,26.671,27.193,12179,0
2015-10-01,27.331,27.341,26.572,27.301,16443,0
2015-10-02,26.75,28.71,26.75,28.69,19386,0
2015-10-05,29.213,29.508,28.356,28.769,11641,0
2015-10-06,28.622,28.622,27.015,27.685,13194,0
2015-10-07,27.331,28.583,27.232,28.129,15123,0
2015-10-08,28.217,28.286,27.232,27.932,9440,0
2015-10-09,27.784,28.72,27.784,28.583,15427,0
2015-10-12,28.405,28.769,28.168,28.375,4381,0
2015-10-13,28.434,28.73,27.341,27.341,28825,0
2015-10-14,28.217,28.425,27.459,28.06,8119,0
2015-10-15,27.656,29.301,27.656,29.301,10759,0
2015-10-16,29.508,29.735,28.947,29.193,7612,0
2015-10-19,29.193,29.853,28.573,29.419,6800,0
2015-10-20,29.36,29.36,28.316,28.375,3644,0
2015-10-21,28.838,28.848,27.567,28.395,24258,0
2015-10-22,28.513,28.809,28.277,28.365,5989,0
2015-10-23,28.543,29.184,28.543,28.907,9642,0
2015-10-26,28.937,29.706,28.917,29.164,7612,0
2015-10-27,29.587,29.795,29.233,29.795,5379,0
2015-10-28,29.577,30.277,29.41,30.277,6191,0
2015-10-29,30.789,31.006,30.03,30.03,7409,0
2015-10-30,30.001,30.317,30.001,30.218,4567,0
2015-11-02,30.71,31.489,30.71,31.489,8047,0
2015-11-03,31.597,31.992,31.242,31.804,5278,0
2015-11-04,31.528,31.577,31.165,31.567,7382,0
2015-11-05,31.144,31.361,30.77,31.193,10150,0
2015-11-06,31.065,31.262,30.404,31.045,12179,0
2015-11-09,30.958,31.296,30.839,31.045,12160,0
2015-11-10,30.888,30.947,30.238,30.908,17153,0
2015-11-11,30.74,30.937,30.238,30.238,11977,0
2015-11-12,29.932,30.178,29.607,29.607,11165,0
2015-11-13,29.558,30.346,29.262,29.991,10860,0
2015-11-16,29.833,29.922,29.243,29.902,11977,0
2015-11-17,29.795,30.513,29.795,30.248,3653,0
2015-11-18,30.376,31.173,30.376,31.173,8119,0
2015-11-19,30.868,30.937,30.503,30.572,3248,0
2015-11-20,30.701,30.986,30.631,30.631,6800,0
2015-11-23,30.789,30.996,30.789,30.849,4770,0
2015-11-24,30.612,30.819,30.483,30.78,3350,0
2015-11-25,30.789,31.351,30.789,31.282,27810,0
2015-11-27,31.43,31.607,31.203,31.341,4262,0
2015-11-30,31.528,31.528,30.966,31.144,6191,0
2015-12-01,30.986,31.173,30.74,31.173,5034,0
2015-12-02,31.302,31.535,30.986,30.986,3824,0
2015-12-03,30.74,30.878,29.889,29.902,5462,0
2015-12-04,30.414,30.464,29.785,30.464,2233,0
2015-12-07,30.208,30.208,29.646,29.706,24968,0
2015-12-08,29.35,30.213,29.311,30.05,3902,0
2015-12-09,29.971,29.971,29.498,29.498,2334,0
2015-12-10,29.479,29.902,29.479,29.892,1624,0
2015-12-11,29.233,29.271,28.828,28.828,24359,0
2015-12-14,28.799,29.072,28.277,28.632,13408,0
2015-12-15,29.39,29.39,29.213,29.291,1624,0
2015-12-16,29.429,30.257,29.429,30.257,8526,0
2015-12-17,30.326,30.336,29.795,29.981,4161,0
2015-12-18,29.971,30.257,29.882,30.08,5583,0
2015-12-21,30.077,30.367,30.077,30.347,5009,0
2015-12-22,30.177,30.662,30.177,30.516,12381,0
2015-12-23,30.766,30.946,30.766,30.856,4909,0
2015-12-24,30.946,31.065,30.856,30.886,7998,0
2015-12-28,30.506,30.843,30.496,30.516,4053,0
2015-12-29,30.937,31.211,30.936,31.145,8213,0
2015-12-30,31.105,31.153,30.946,30.946,8482,0
2015-12-31,30.807,31.015,30.766,30.766,1899,0
2016-01-04,30.037,30.307,29.544,29.718,5187,0
2016-01-05,30.257,30.257,29.518,29.518,2605,0
2016-01-06,29.069,29.238,28.54,28.872,11285,0
2016-01-07,27.781,28.081,27.551,27.551,15582,0
2016-01-08,27.691,28.006,27.062,27.062,7193,0
2016-01-11,26.953,26.953,25.026,25.715,22836,0
2016-01-12,26.443,26.813,25.216,26.122,14029,0
2016-01-13,26.463,26.463,24.658,24.658,7098,0
2016-01-14,24.587,25.864,23.848,25.645,30486,0
2016-01-15,24.716,24.994,24.178,24.922,7650,0
2016-01-19,25.495,25.495,23.648,24.118,13323,0
2016-01-20,23.074,25.525,23.074,25.126,12023,0
2016-01-21,25.226,25.615,24.796,24.956,5601,0
2016-01-22,25.655,25.785,25.315,25.545,11353,0
2016-01-25,25.475,25.924,25.375,25.375,2615,0
2016-01-26,25.066,25.555,24.956,25.335,2107,0
2016-01-27,25.415,25.415,24.287,24.417,5259,0
2016-01-28,24.627,24.627,23.539,23.549,8572,0
2016-01-29,23.499,24.098,23.499,23.948,7495,0
2016-02-01,23.688,24.068,23.628,24.068,4084,0
2016-02-02,23.314,23.439,23.309,23.439,867,0
2016-02-03,23.578,23.578,22.745,23.459,5942,0
2016-02-04,23.519,24.677,23.519,23.952,11553,0
2016-02-05,23.958,23.958,23.075,23.119,3158,0
2016-02-08,22.65,22.65,21.858,22.311,13831,0
2016-02-09,21.432,22.51,21.432,22.5,2911,0
2016-02-10,22.411,22.852,22.041,22.041,5081,0
2016-02-11,21.632,22.021,21.632,22.011,5288,0
2016-02-12,22.43,22.43,21.543,22.301,4550,0
2016-02-16,22.81,23.119,22.73,23.119,7066,0
2016-02-17,23.469,23.978,23.469,23.798,4915,0
2016-02-18,24.118,24.537,23.26,23.26,1376,0
2016-02-19,23.319,23.319,22.79,23.115,3448,0
2016-02-22,23.716,23.716,23.399,23.479,9043,0
2016-02-23,23.469,23.648,23.055,23.057,2355,0
2016-02-24,22.131,22.85,21.862,22.85,4105,0
2016-02-25,22.726,22.815,22.724,22.741,702,0
2016-02-26,22.88,23.195,22.88,23.079,47538,0
2016-02-29,23.249,23.249,22.84,22.908,14475,0
2016-03-01,22.968,23.678,22.968,23.66,1513,0
2016-03-02,23.978,24.399,23.978,24.276,1899,0
2016-03-03,24.387,24.516,24.197,24.387,1076,0
2016-03-04,24.397,25.046,24.397,24.577,6447,0
2016-03-07,24.118,25.465,24.118,25.246,8884,0
2016-03-08,25.206,25.206,24.578,24.578,3606,0
2016-03-09,24.517,24.517,23.978,24.28,2023,0
2016-03-10,24.397,24.557,23.658,23.818,2638,0
2016-03-11,24.177,24.518,23.958,24.518,3840,0
2016-03-14,24.632,24.886,24.597,24.597,1721,0
2016-03-15,24.327,24.327,23.219,23.219,12057,0
2016-03-16,23.159,23.475,22.64,22.977,9215,0
2016-03-17,22.281,22.96,22.281,22.96,5500,0
2016-03-18,22.95,23.608,22.84,23.479,6145,0
2016-03-21,23.309,24.094,23.309,23.938,4869,0
2016-03-22,23.738,24.596,23.738,24.596,2720,0
2016-03-23,24.756,24.756,23.708,23.748,1223,0
2016-03-24,23.289,24.113,22.96,23.778,5582,0
2016-03-28,24.028,24.028,23.309,23.419,11103,0
2016-03-29,23.219,23.898,23.062,23.898,1891,0
2016-03-30,23.928,24.726,23.808,23.948,16967,0
2016-03-31,23.838,24.882,23.838,24.617,4632,0
2016-04-01,24.147,25.006,24.147,24.996,4907,0
2016-04-04,25.106,25.605,25.106,25.186,6985,0
2016-04-05,24.956,25.448,24.956,25.255,4260,0
2016-04-06,25.492,26.623,25.492,26.623,26906,0
2016-04-07,26.324,26.631,26.034,26.204,10015,0
2016-04-08,26.623,26.623,25.716,25.947,3356,0
2016-04-11,26.683,26.683,25.615,25.615,16487,0
2016-04-12,25.367,25.854,25.315,25.815,7559,0
2016-04-13,26.074,26.573,25.825,26.543,4249,0
2016-04-14,26.632,26.632,26.473,26.583,4615,0
2016-04-15,26.753,26.753,26.441,26.683,1807,0
2016-04-18,26.873,27.142,26.873,26.973,2378,0
2016-04-19,26.843,26.853,26.613,26.613,1847,0
2016-04-20,26.876,26.876,26.491,26.691,1815,0
2016-04-21,26.683,27.242,26.683,27.132,12350,0
2016-04-22,27.282,27.316,26.873,27.282,3834,0
2016-04-25,27.452,27.452,27.172,27.212,24685,0
2016-04-26,27.246,27.252,26.493,26.803,7313,0
2016-04-27,26.703,26.734,26.321,26.643,2004,0
2016-04-28,26.823,26.943,26.144,26.763,19638,0
2016-04-29,26.014,26.543,25.615,25.815,5229,0
2016-05-02,25.815,25.914,25.515,25.914,2733,0
2016-05-03,25.844,25.844,25.375,25.375,2404,0
2016-05-04,25.196,25.545,24.577,24.607,4082,0
2016-05-05,24.627,24.657,24.627,24.657,1102,0
2016-05-06,24.677,24.687,24.227,24.545,5891,0
2016-05-09,24.397,25.36,24.397,25.36,2709,0
2016-05-10,24.892,25.266,24.892,25.266,3905,0
2016-05-11,25.076,25.185,25.076,25.185,1503,0
2016-05-12,24.756,24.756,23.957,23.978,6848,0
2016-05-13,23.978,24.467,23.978,24.467,1673,0
2016-05-16,23.998,25.076,23.998,25.076,669,0
2016-05-17,25.305,25.305,25.006,25.006,302,0
2016-05-18,25.555,25.555,25.206,25.435,3817,0
2016-05-19,25.455,25.455,24.996,25.375,4767,0
2016-05-20,25.106,25.914,25.106,25.86,34998,0
2016-05-23,26.134,26.803,26.134,26.515,23268,0
2016-05-24,26.816,27.052,26.809,27.048,6878,0
2016-05-25,27.172,27.388,27.152,27.202,6258,0
2016-05-26,27.152,27.152,26.962,26.962,2020,0
2016-05-27,27.102,27.325,27.038,27.282,20187,0
2016-05-31,27.601,28.051,27.601,27.921,31090,0
2016-06-01,27.881,27.977,27.881,27.92,24497,0
2016-06-02,28.209,28.709,28.209,28.709,9867,0
2016-06-03,28.859,28.859,27.868,28.2,6643,0
2016-06-06,28.4,28.689,28.276,28.608,5687,0
2016-06-07,28.2,28.2,27.951,27.991,3863,0
2016-06-08,27.681,28.069,27.679,28.051,32672,0
2016-06-09,28.041,28.041,27.591,27.651,5783,0
2016-06-10,27.232,27.232,26.943,27.092,14917,0
2016-06-13,26.992,27.204,26.783,26.953,25701,0
2016-06-14,26.933,27.017,26.471,26.803,3177,0
2016-06-15,27.04,27.112,26.823,26.823,601,0
2016-06-16,26.643,26.913,25.944,26.913,3590,0
2016-06-17,26.933,26.933,26.244,26.244,11767,0
2016-06-20,26.374,26.943,26.374,26.643,41876,0
2016-06-21,26.453,26.453,25.904,26.273,2982,0
2016-06-22,26.184,26.923,26.026,26.453,4822,0
2016-06-23,26.833,26.833,26.828,26.833,1032,0
2016-06-24,25.884,26.194,25.684,25.705,4038,0
2016-06-27,25.395,25.395,24.717,24.828,5531,0
2016-06-28,25.246,25.729,25.246,25.712,5135,0
2016-06-29,26.384,28.322,26.004,26.862,2644,0
2016-06-30,26.823,27.092,26.453,26.921,16317,0
2016-07-01,27.012,27.521,27.012,27.352,4691,0
2016-07-05,27.322,27.611,27.302,27.599,4080,0
2016-07-06,27.671,28.061,27.671,28.061,18038,0
2016-07-07,28.37,28.37,27.931,28.26,2911,0
2016-07-08,28.302,28.759,28.302,28.61,8495,0
2016-07-11,28.759,28.909,28.65,28.65,3721,0
2016-07-12,28.779,28.919,28.661,28.661,5588,0
2016-07-13,28.637,28.637,27.991,27.991,2416,0
2016-07-14,27.841,28.067,27.821,27.991,9360,0
2016-07-15,27.951,28.604,27.951,28.529,5325,0
2016-07-18,28.65,28.848,28.57,28.66,4834,0
2016-07-19,28.849,28.849,28.176,28.176,610,0
2016-07-20,28.634,29.159,28.634,29.114,3982,0
2016-07-21,29.428,30.117,29.428,29.748,19378,0
2016-07-22,29.768,30.127,29.768,29.857,13436,0
2016-07-25,29.738,29.987,29.624,29.957,3802,0
2016-07-26,29.598,30.106,29.488,29.811,8192,0
2016-07-27,30.216,30.583,30.177,30.583,8477,0
2016-07-28,30.446,30.646,30.328,30.586,7091,0
2016-07-29,30.556,30.846,30.297,30.846,3396,0
2016-08-01,30.936,31.584,30.936,31.186,4287,0
2016-08-02,31.704,31.704,30.593,31.195,33708,0
2016-08-03,30.816,31.274,30.816,31.274,6013,0
2016-08-04,31.515,31.574,31.241,31.275,4984,0
2016-08-05,31.524,31.538,31.095,31.425,8073,0
2016-08-08,31.305,31.305,30.895,30.895,3714,0
2016-08-09,30.936,31.205,30.936,31.185,7965,0
2016-08-10,31.475,31.475,30.442,30.442,18199,0
2016-08-11,30.546,30.756,30.3,30.696,6787,0
2016-08-12,30.606,30.831,30.527,30.806,8866,0
2016-08-15,30.951,31.249,30.951,31.134,3648,0
2016-08-16,31.125,31.125,30.676,30.676,3517,0
2016-08-17,30.614,30.706,30.466,30.706,3648,0
2016-08-18,30.676,31.041,30.676,30.896,4805,0
2016-08-19,30.776,30.876,30.666,30.726,7033,0
2016-08-22,30.926,31.495,30.926,31.495,8614,0
2016-08-23,31.664,31.664,31.475,31.52,11160,0
2016-08-24,31.614,31.944,30.237,30.486,14571,0
2016-08-25,30.756,30.965,29.947,30.317,10897,0
2016-08-26,30.037,30.861,30.037,30.666,10357,0
2016-08-29,30.896,30.896,30.536,30.536,1093,0
2016-08-30,30.706,30.796,30.363,30.485,3583,0
2016-08-31,30.301,30.396,30.107,30.167,3065,0
2016-09-01,30.167,30.317,30.057,30.317,1260,0
2016-09-02,30.045,30.386,30.045,30.307,6998,0
2016-09-06,30.636,30.818,30.551,30.806,2404,0
2016-09-07,31.365,31.435,31.17,31.225,4094,0
2016-09-08,31.382,31.85,31.382,31.753,3705,0
2016-09-09,31.542,31.542,30.896,30.896,4141,0
2016-09-12,30.756,31.744,30.756,31.744,4565,0
2016-09-13,31.475,31.569,31.025,31.475,5375,0
2016-09-14,31.524,32.313,31.524,32.093,6276,0
2016-09-15,32.068,32.652,32.068,32.595,7066,0
2016-09-16,32.727,32.952,32.447,32.952,13381,0
2016-09-19,33.301,33.353,32.962,32.982,14281,0
2016-09-20,33.441,33.751,33.441,33.621,6832,0
2016-09-21,33.85,34.135,33.233,34.12,16836,0
2016-09-22,34.599,34.599,33.932,34.559,7634,0
2016-09-23,34.709,34.709,34.24,34.32,6040,0
2016-09-26,34.439,34.439,33.9,33.91,7995,0
2016-09-27,34.01,34.13,33.701,34.13,6951,0
2016-09-28,34.379,34.379,33.505,33.731,4270,0
2016-09-29,33.441,33.446,32.692,32.692,15211,0
2016-09-30,32.772,33.401,32.643,33.301,11077,0
2016-10-03,32.962,33.154,32.962,33.102,1232,0
2016-10-04,33.571,33.571,32.912,33.022,6265,0
2016-10-05,33.541,33.551,33.391,33.46,1002,0
2016-10-06,33.212,33.212,32.792,32.872,7519,0
2016-10-07,33.142,33.142,32.441,32.772,9700,0
2016-10-10,33.431,33.788,33.431,33.601,5175,0
2016-10-11,33.291,33.291,32.539,32.802,8542,0
2016-10-12,32.992,32.992,31.515,31.534,9912,0
2016-10-13,30.936,31.639,30.936,31.524,7444,0
2016-10-14,31.644,31.644,30.575,30.575,14322,0
2016-10-17,30.626,30.626,30.027,30.267,9197,0
2016-10-18,30.626,30.706,30.426,30.426,3662,0
2016-10-19,30.406,30.406,30.046,30.092,932,0
2016-10-20,30.396,30.443,30.175,30.347,3524,0
2016-10-21,30.606,30.606,30.306,30.307,5400,0
2016-10-24,30.237,30.456,30.107,30.115,7214,0
2016-10-25,30.277,30.576,29.925,29.925,1571,0
2016-10-26,30.137,30.137,29.619,29.812,3671,0
2016-10-27,29.887,29.887,29.244,29.244,3677,0
2016-10-28,29.248,29.248,28.57,29.227,5712,0
2016-10-31,29.139,29.139,28.819,28.889,4546,0
2016-11-01,28.811,29.328,28.749,29.288,7586,0
2016-11-02,29.298,29.298,28.92,28.999,4136,0
2016-11-03,28.482,28.689,28.041,28.041,11358,0
2016-11-04,27.711,28.989,27.701,28.839,23790,0
2016-11-07,28.52,30.032,28.52,30.032,3255,0
2016-11-08,29.916,30.736,29.916,30.349,4060,0
2016-11-09,29.947,33.81,29.947,33.671,249124,0
2016-11-10,34.25,34.948,34.091,34.499,48026,0
2016-11-11,34.988,35.258,34.12,35.128,69554,0
2016-11-14,35.478,36.346,34.849,36.346,26609,0
2016-11-15,36.276,36.276,35.475,35.927,19503,0
2016-11-16,35.597,35.891,34.879,34.911,42512,0
2016-11-17,34.968,35.736,34.82,35.533,15340,0
2016-11-18,35.947,35.947,34.909,35.198,4578,0
2016-11-21,35.597,35.597,34.998,35.358,33483,0
2016-11-22,35.887,35.887,34.3,34.559,45540,0
2016-11-23,33.291,35.128,33.163,35.128,24183,0
2016-11-25,35.128,35.547,34.854,35.537,18524,0
2016-11-28,35.837,35.837,34.789,34.789,12158,0
2016-11-29,34.401,34.937,34.401,34.619,15031,0
2016-11-30,34.849,34.849,33.885,33.97,8000,0
2016-12-01,34.23,34.23,32.992,33.032,8517,0
2016-12-02,33.012,33.581,32.563,33.391,16690,0
2016-12-05,33.571,34.18,33.521,33.878,7096,0
2016-12-06,33.882,34.592,33.88,34.592,5337,0
2016-12-07,34.05,34.05,32.645,33.319,41321,0
2016-12-08,33.072,33.725,32.851,33.725,16108,0
2016-12-09,34.938,34.938,33.711,33.87,45373,0
2016-12-12,33.781,33.781,33.251,33.451,8005,0
2016-12-13,33.85,33.85,33.381,33.394,8843,0
2016-12-14,33.321,33.621,33.221,33.521,10993,0
2016-12-15,33.531,33.912,33.531,33.9,19295,0
2016-12-16,33.9,34.409,33.9,34.033,41936,0
2016-12-19,33.87,34.293,33.865,33.865,4541,0
2016-12-20,33.96,34.02,33.77,33.99,17890,0
2016-12-21,33.8,33.8,33.192,33.192,7611,0
2016-12-22,32.968,32.968,32.703,32.703,4511,0
2016-12-23,33.244,33.903,33.244,33.903,4494,0
2016-12-27,34.19,34.19,33.701,33.701,12738,0
2016-12-28,33.81,33.81,33.162,33.162,6453,0
2016-12-29,33.136,33.219,32.862,32.904,11570,0
2016-12-30,32.872,33.032,32.613,32.692,9937,0
2017-01-03,32.972,33.107,32.613,32.613,1700,0
2017-01-04,32.952,34.22,32.952,34.22,7964,0
2017-01-05,34.409,34.439,33.94,34.24,6297,0
2017-01-06,34.795,34.849,34.679,34.684,8210,0
2017-01-09,35.028,36.133,35.028,36.044,19825,0
2017-01-10,36.346,36.346,35.438,36.296,13249,0
2017-01-11,36.855,36.855,34.769,35.038,18553,0
2017-01-12,34.909,35.587,34.805,35.428,12631,0
2017-01-13,35.684,36.033,35.488,35.577,5205,0
2017-01-17,35.308,35.308,34.659,34.839,22640,0
2017-01-18,35.126,35.126,34.726,34.998,25753,0
2017-01-19,34.938,34.938,34.499,34.499,16836,0
2017-01-20,34.667,34.667,34.3,34.33,4361,0
2017-01-23,34.18,34.398,33.808,33.99,8763,0
2017-01-24,33.192,33.872,33.192,33.872,15323,0
2017-01-25,34.11,34.32,33.91,34.24,12602,0
2017-01-26,34.23,34.492,33.91,34.163,6953,0
2017-01-27,34.06,34.26,34.02,34.26,4970,0
2017-01-30,34.22,34.22,33.56,33.761,47759,0
2017-01-31,33.311,35.241,33.311,35.198,30586,0
2017-02-01,35.438,35.461,35.123,35.438,9602,0
2017-02-02,35.428,35.622,35.313,35.607,8745,0
2017-02-03,35.837,36.346,35.607,36.346,16334,0
2017-02-06,36.386,36.566,36.192,36.566,9165,0
2017-02-07,36.805,36.805,36.256,36.266,7609,0
2017-02-08,35.937,36.68,35.937,36.556,10144,0
2017-02-09,36.795,37.294,36.795,37.294,19152,0
2017-02-10,37.284,37.484,37.035,37.045,24462,0
2017-02-13,37.354,37.354,36.978,37.015,15832,0
2017-02-14,37.145,37.493,36.935,37.434,11640,0
2017-02-15,37.564,38.052,37.468,38.052,12957,0
2017-02-16,38.283,38.303,37.317,37.763,8876,0
2017-02-17,37.714,37.918,37.314,37.863,71124,0
2017-02-21,37.783,37.833,37.431,37.544,7754,0
2017-02-22,37.734,37.734,36.965,36.965,7005,0
2017-02-23,37.334,37.334,36.456,36.658,14147,0
2017-02-24,36.476,36.878,36.476,36.878,6420,0
2017-02-27,36.875,38.334,36.875,38.332,18923,0
2017-02-28,38.522,38.562,37.631,37.873,27928,0
2017-03-01,38.372,38.431,37.873,37.953,12581,0
2017-03-02,37.863,38.77,37.863,38.123,13019,0
2017-03-03,38.482,38.582,38.293,38.552,24625,0
2017-03-06,38.572,38.572,37.933,38.313,10834,0
2017-03-07,37.893,38.183,37.461,37.651,12144,0
2017-03-08,37.434,38.382,37.434,37.913,5270,0
2017-03-09,38.153,38.263,37.57,38.185,9312,0
2017-03-10,38.342,38.342,37.768,38.193,5047,0
2017-03-13,37.893,38.273,37.867,38.203,4715,0
2017-03-14,37.608,37.7,37.37,37.474,5339,0
2017-03-15,37.637,38.468,37.637,38.402,5000,0
2017-03-16,38.492,38.492,37.783,37.932,7126,0
2017-03-17,38.233,38.233,37.062,37.476,8249,0
2017-03-20,37.384,38.303,37.384,38.243,3877,0
2017-03-21,38.283,38.283,36.715,36.715,26565,0
2017-03-22,36.715,37.044,36.436,36.999,17763,0
2017-03-23,36.945,37.254,36.945,37.035,1863,0
2017-03-24,37.035,37.414,37.035,37.301,3710,0
2017-03-27,36.596,38.224,36.596,38.224,21223,0
2017-03-28,37.955,38.273,37.763,37.983,12853,0
2017-03-29,38.263,38.61,38.166,38.332,20058,0
2017-03-30,38.233,38.432,37.554,37.923,10636,0
2017-03-31,37.907,37.923,37.273,37.684,15684,0
2017-04-03,37.355,37.474,37.105,37.105,4369,0
2017-04-04,36.945,37.394,36.945,37.051,6085,0
2017-04-05,37.125,37.289,36.426,36.489,11181,0
2017-04-06,36.496,36.496,36.176,36.426,20679,0
2017-04-07,36.546,36.668,36.253,36.649,6475,0
2017-04-10,36.847,36.85,36.386,36.386,4389,0
2017-04-11,36.339,36.447,36.047,36.406,5031,0
2017-04-12,36.566,36.576,36.276,36.376,1730,0
2017-04-13,36.276,36.88,36.276,36.772,3642,0
2017-04-17,36.795,36.886,36.597,36.795,5944,0
2017-04-18,36.606,36.606,36.176,36.446,8655,0
2017-04-19,36.665,36.665,36.386,36.386,7775,0
2017-04-20,36.468,36.725,36.468,36.725,3753,0
2017-04-21,36.783,36.783,36.301,36.407,6503,0
2017-04-24,36.705,37.123,36.635,37.048,10731,0
2017-04-25,37.504,37.847,37.274,37.63,13950,0
2017-04-26,37.504,37.797,37.504,37.664,4361,0
2017-04-27,37.634,37.817,37.532,37.694,8098,0
2017-04-28,37.823,38.013,37.584,37.971,12202,0
2017-05-01,37.973,38.339,37.973,38.223,11187,0
2017-05-02,38.74,38.74,37.684,37.813,15363,0
2017-05-03,37.584,37.803,36.89,37.414,25173,0
2017-05-04,37.893,37.893,37.334,37.414,1316,0
2017-05-05,37.145,37.145,36.984,37.105,1240,0
2017-05-08,36.985,37.005,36.535,36.535,2480,0
2017-05-09,36.556,37.115,35.937,37.115,7358,0
2017-05-10,37.185,37.185,36.476,36.925,4873,0
2017-05-11,36.895,36.895,36.555,36.787,5029,0
2017-05-12,36.935,37.209,36.935,37.125,3304,0
2017-05-15,36.885,37.185,36.88,37.165,9208,0
2017-05-16,36.975,37.354,36.965,37.234,22123,0
2017-05-17,36.915,36.915,36.35,36.384,13180,0
2017-05-18,36.775,36.988,36.5,36.988,6293,0
2017-05-19,37.055,37.055,36.673,36.673,1743,0
2017-05-22,36.865,36.865,36.156,36.406,6604,0
2017-05-23,36.456,36.456,36.266,36.266,1849,0
2017-05-24,36.456,36.735,36.356,36.735,823,0
2017-05-25,36.835,36.835,36.367,36.386,7291,0
2017-05-26,36.466,36.466,35.912,35.912,4025,0
2017-05-30,35.837,35.883,35.138,35.138,9221,0
2017-05-31,35.497,35.497,34.724,35.258,6623,0
2017-06-01,35.939,36.041,35.939,35.995,1726,0
2017-06-02,36.276,36.635,36.273,36.635,1297,0
2017-06-05,36.795,36.795,35.817,36.216,6755,0
2017-06-06,36.466,36.466,36.007,36.128,7008,0
2017-06-07,36.146,36.316,35.902,36.037,4458,0
2017-06-08,36.079,36.436,36.039,36.356,5446,0
2017-06-09,36.286,36.838,36.286,36.541,15682,0
2017-06-12,36.186,36.586,36.081,36.565,3642,0
2017-06-13,36.556,37.095,36.556,37.095,19198,0
2017-06-14,37.144,37.629,37.055,37.394,3921,0
2017-06-15,36.805,37.045,36.805,36.845,3835,0
2017-06-16,36.82,37.075,36.765,37.075,2010,0
2017-06-19,37.195,38.512,37.195,38.382,14945,0
2017-06-20,37.414,39.59,37.375,39.091,23147,0
2017-06-21,39.221,40.658,39.221,40.658,16835,0
2017-06-22,41.058,41.557,40.884,41.118,32286,0
2017-06-23,41.547,41.547,40.708,41.277,21877,0
2017-06-26,41.617,41.617,40.744,41.078,15203,0
2017-06-27,40.928,40.928,39.431,39.431,13511,0
2017-06-28,39.341,40.154,39.341,40.119,7978,0
2017-06-29,40.269,40.269,39.2,39.56,8203,0
2017-06-30,39.51,39.67,39.311,39.599,6105,0
2017-07-03,39.68,40.079,39.68,40.02,2309,0
2017-07-05,39.865,40.668,39.865,40.578,4654,0
2017-07-06,40.389,40.389,39.75,39.76,4707,0
2017-07-07,40.109,40.119,39.95,39.95,2605,0
2017-07-10,40.129,40.129,39.5,39.695,4090,0
2017-07-11,39.59,39.969,39.59,39.722,4522,0
2017-07-12,40.189,40.339,40.129,40.249,9011,0
2017-07-13,40.218,40.589,39.57,40.419,7254,0
2017-07-14,40.608,40.608,40.279,40.333,5275,0
2017-07-17,40.329,40.378,39.88,39.88,2980,0
2017-07-18,39.69,39.69,39.401,39.63,5872,0
2017-07-19,40.42,40.42,39.956,40.02,10197,0
2017-07-20,40.469,40.849,40.346,40.688,8192,0
2017-07-21,40.379,41.058,40.379,40.924,7388,0
2017-07-24,41.207,41.479,40.818,41.479,5714,0
2017-07-25,41.547,41.547,40.898,41.204,2967,0
2017-07-26,41.169,41.185,41.148,41.165,1165,0
2017-07-27,41.307,41.307,40.089,40.139,11195,0
2017-07-28,40.259,40.74,40.259,40.728,4341,0
2017-07-31,40.668,40.668,39.92,39.979,3832,0
2017-08-01,39.92,39.92,39.221,39.54,19508,0
2017-08-02,39.54,39.54,38.782,39.281,15962,0
2017-08-03,39.271,39.271,39.035,39.191,5158,0
2017-08-04,39.121,39.459,39.121,39.371,2203,0
2017-08-07,39.251,39.54,39.251,39.54,3473,0
2017-08-08,39.63,39.63,38.884,38.921,3068,0
2017-08-09,38.732,38.812,38.383,38.448,7184,0
2017-08-10,38.203,38.203,37.294,37.294,8444,0
2017-08-11,37.763,37.863,37.374,37.843,4600,0
2017-08-14,38.193,38.412,38.193,38.412,3913,0
2017-08-15,38.203,38.382,38.128,38.323,3168,0
2017-08-16,38.283,38.623,38.283,38.404,1433,0
2017-08-17,38.581,38.581,37.963,37.963,1027,0
2017-08-18,37.883,37.962,37.594,37.688,3469,0
2017-08-21,37.684,37.801,37.302,37.562,14299,0
2017-08-22,37.876,38.413,37.83,38.402,3630,0
2017-08-23,38.432,38.532,38.327,38.327,1307,0
2017-08-24,38.602,38.602,38.211,38.381,6431,0
2017-08-25,38.981,39.016,38.732,38.834,2900,0
2017-08-28,39.141,39.341,39.11,39.341,6052,0
2017-08-29,38.941,39.351,38.907,39.318,3962,0
2017-08-30,39.401,39.975,39.401,39.82,6488,0
2017-08-31,40.259,40.998,40.229,40.817,7502,0
2017-09-01,41.158,41.267,40.419,41.186,7140,0
2017-09-05,41.078,41.078,40.628,40.909,2086,0
2017-09-06,40.908,41.407,40.812,41.307,3099,0
2017-09-07,40.988,41.197,40.988,41.048,5042,0
2017-09-08,40.718,41.058,40.711,40.762,5611,0
2017-09-11,40.578,40.678,40.549,40.608,15877,0
2017-09-12,40.628,40.628,40.628,40.628,155,0
2017-09-13,40.329,40.608,40.329,40.488,4800,0
2017-09-14,40.399,40.748,40.399,40.748,638,0
2017-09-15,40.668,40.843,40.179,40.838,1560,0
2017-09-18,40.938,41.336,40.938,41.336,1255,0
2017-09-19,40.87,40.938,40.739,40.818,1586,0
2017-09-20,40.758,40.958,40.628,40.872,3732,0
2017-09-21,41.006,41.006,40.698,40.698,1699,0
2017-09-22,40.888,40.888,40.229,40.456,3238,0
2017-09-25,40.339,40.739,40.319,40.739,1419,0
2017-09-26,40.558,40.558,40.141,40.141,798,0
2017-09-27,40.329,40.734,40.329,40.734,1536,0
2017-09-28,40.628,41.055,40.628,41.055,1069,0
2017-09-29,41.397,41.48,41.148,41.48,1181,0
2017-10-02,41.926,42.258,41.856,42.258,6329,0
2017-10-03,41.976,42.152,41.876,42.116,2276,0
2017-10-04,42.146,42.325,42.146,42.218,1672,0
2017-10-05,42.443,42.456,42.308,42.375,3444,0
2017-10-06,42.106,42.355,42.106,42.355,1051,0
2017-10-09,42.027,42.126,42.006,42.126,572,0
2017-10-10,41.856,41.856,41.537,41.549,2243,0
2017-10-11,41.567,41.776,41.567,41.577,2101,0
2017-10-12,41.337,41.565,41.148,41.487,11025,0
2017-10-13,41.392,41.452,41.282,41.383,1025,0
2017-10-16,42.026,42.2,41.337,41.484,6248,0
2017-10-17,41.896,41.906,41.746,41.746,4349,0
2017-10-18,41.796,41.796,41.457,41.457,1462,0
2017-10-19,41.028,41.143,40.838,41.143,8169,0
2017-10-20,41.138,41.187,40.818,41.187,9174,0
2017-10-23,41.168,41.168,40.439,40.439,3422,0
2017-10-24,40.329,40.329,39.7,39.7,5164,0
2017-10-25,39.79,39.79,39.171,39.441,11211,0
2017-10-26,38.832,38.955,38.294,38.362,12241,0
2017-10-27,38.732,39.253,38.417,39.253,6441,0
2017-10-30,39.64,39.88,39.363,39.363,6590,0
2017-10-31,39.61,39.626,39.271,39.411,11878,0
2017-11-01,39.451,39.451,38.622,38.692,3811,0
2017-11-02,38.702,38.882,38.582,38.582,3028,0
2017-11-03,38.832,39.533,38.832,39.533,2288,0
2017-11-06,39.61,39.64,39.58,39.599,1658,0
2017-11-07,39.091,39.279,38.961,39.011,5084,0
2017-11-08,38.951,39.237,38.713,38.906,7573,0
2017-11-09,38.892,38.892,38.522,38.538,706,0
2017-11-10,38.921,38.921,38.502,38.692,1540,0
2017-11-13,38.792,38.971,38.698,38.712,2769,0
2017-11-14,38.482,38.552,38.053,38.433,2716,0
2017-11-15,37.306,38.033,37.264,37.973,9123,0
2017-11-16,37.933,38.552,37.933,38.552,3141,0
2017-11-17,38.613,38.729,38.583,38.729,3560,0
2017-11-20,38.472,38.602,38.353,38.371,7761,0
2017-11-21,38.422,38.632,38.392,38.582,2934,0
2017-11-22,38.492,38.712,38.492,38.712,1169,0
2017-11-24,38.622,38.931,38.622,38.892,3134,0
2017-11-27,38.971,38.971,38.442,38.502,2104,0
2017-11-28,38.355,38.702,38.293,38.632,4121,0
2017-11-29,38.682,39.217,38.682,39.101,1644,0
2017-11-30,39.59,39.68,39.54,39.675,2451,0
2017-12-01,39.751,39.751,38.592,39.469,1467,0
2017-12-04,39.52,39.98,38.74,38.74,1884,0
2017-12-05,39.091,39.121,38.629,38.629,1101,0
2017-12-06,38.436,38.436,38.013,38.159,1083,0
2017-12-07,37.714,38.87,37.714,38.712,6293,0
2017-12-08,39.505,39.71,39.371,39.54,8112,0
2017-12-11,39.291,39.61,39.161,39.206,3584,0
2017-12-12,39.214,39.214,38.952,39.086,1286,0
2017-12-13,39.64,40.129,39.64,40.129,3566,0
2017-12-14,40.059,40.112,39.311,39.311,2913,0
2017-12-15,39.601,39.71,39.601,39.71,1835,0
2017-12-18,39.872,39.872,39.734,39.734,4666,0
2017-12-19,40,40.059,39.628,39.75,2521,0
2017-12-20,40.44,40.44,39.77,39.77,2535,0
2017-12-21,40.27,40.3599,40.08,40.3599,4221,0
2017-12-22,40.1,40.586,40.1,40.4999,16636,0
2017-12-26,40.67,40.86,40.5874,40.83,3288,0
2017-12-27,41.03,41.03,40.86,40.86,2283,0
2017-12-28,41.18,41.18,40.81,40.9797,1919,0
2017-12-29,41,41.11,40.56,40.56,3097,0
2018-01-02,40.94,41.08,40.515,41.08,2680,0
2018-01-03,41.13,41.57,41.08,41.5655,4554,0
2018-01-04,41.128,41.25,40.95,41.2005,4168,0
2018-01-05,41.2092,41.2794,41.13,41.2794,2019,0
2018-01-08,41.07,41.07,40.2,40.3,8287,0
2018-01-09,40.8951,41.0511,40.8951,40.989,1692,0
2018-01-10,40.43,40.835,40.43,40.77,841,0
2018-01-11,41.15,41.15,41.05,41.081,3554,0
2018-01-12,41.29,41.659,41.2514,41.61,4414,0
2018-01-16,41.611,41.7,41.19,41.19,1543,0
2018-01-17,40.4328,40.65,40.3004,40.65,3725,0
2018-01-18,40.68,40.8212,40.68,40.7126,1125,0
2018-01-19,40.8,41.304,40.8,41.2931,4235,0
2018-01-22,42.53,43.49,42.53,43.431,7599,0
2018-01-23,43.55,44.38,43.55,44.38,2848,0
2018-01-24,44.26,44.26,43.26,43.736,7152,0
2018-01-25,44.26,44.26,43.64,44.056,1851,0
2018-01-26,44.5317,44.5786,44.2771,44.36,2506,0
2018-01-29,44.65,45.1799,44.65,45,10497,0
2018-01-30,44.06,44.5,44.015,44.14,17520,0
2018-01-31,44.14,44.18,43.1556,43.3,14174,0
2018-02-01,43.485,43.5999,43.25,43.3799,11208,0
2018-02-02,43.04,43.26,42.55,42.78,8251,0
2018-02-05,42.56,42.77,41.1,41.544,8102,0
2018-02-06,39.89,41.9168,39.89,41.9168,15490,0
2018-02-07,41.8392,41.8392,41.8392,41.8392,3603,0
2018-02-08,41.26,41.26,39.85,39.8946,3129,0
2018-02-09,39.51,39.73,38.19,39.42,13736,0
2018-02-12,39.96,41.1566,39.96,40.8,2667,0
2018-02-13,40.93,41.07,40.865,41.0425,1111,0
2018-02-14,40.8999,41.8099,40.8999,41.6799,1884,0
2018-02-15,42.08,42.2074,42.03,42.16,4957,0
2018-02-16,42.36,42.48,42.2275,42.2275,635,0
2018-02-20,42.25,42.35,41.95,41.972,2610,0
2018-02-21,42.0066,42.27,41.97,42.0304,1729,0
2018-02-22,42.075,42.075,41.68,41.7132,1896,0
2018-02-23,42,42.23,41.9,42.22,11137,0
2018-02-26,42.6049,42.6947,42.6049,42.69,1097,0
2018-02-27,42.69,42.69,42.345,42.345,9572,0
2018-02-28,41.99,41.99,41.404,41.4103,2895,0
2018-03-01,41.1,41.1,40.65,40.83,1283,0
2018-03-02,40.2903,41.77,40,41.77,4630,0
2018-03-05,41.46,42.45,41.46,42.45,3206,0
2018-03-06,42.01,42.4999,42.01,42.4999,1966,0
2018-03-07,42.705,43.02,42.705,43.02,929,0
2018-03-08,43.32,43.4678,43.32,43.4678,448,0
2018-03-09,43.97,44.09,43.6035,44.086,1583,0
2018-03-12,43.84,44.09,43.84,44.09,2122,0
2018-03-13,44.5625,44.5625,44.16,44.16,400,0
2018-03-14,44.01,44.01,43.64,43.75,9590,0
2018-03-15,43.74,43.74,42.9538,42.9538,817,0
2018-03-16,43.71,43.71,43.12,43.12,820,0
2018-03-19,42.65,42.78,41.85,41.85,3583,0
2018-03-20,41.85,42.37,41.85,41.85,2251,0
2018-03-21,42.2754,42.4361,42.2754,42.4361,964,0
2018-03-22,42.211,42.33,41.87,41.87,2304,0
2018-03-23,41.71,41.736,40.75,40.75,910,0
2018-03-26,40.77,41.35,40.6272,41.35,5044,0
2018-03-27,41.2,41.65,41.2,41.65,46137,0
2018-03-28,41.16,41.16,40.05,40.8399,44926,0
2018-03-29,40.74,41.275,40.74,41.275,1508,0
