Date,Open,High,Low,Close,Volume,OpenInt
2017-04-28,18.458,19.385,18.428,19.247,6696241,0
2017-05-01,19.247,19.464,19.247,19.346,612826,0
2017-05-02,19.346,19.593,19.002,19.553,527308,0
2017-05-03,19.464,19.919,19.002,19.613,304522,0
2017-05-04,19.543,20.451,19.395,20.037,1052010,0
2017-05-05,20.056,20.382,19.978,20.106,156205,0
2017-05-08,20.086,20.135,19.849,20.037,162031,0
2017-05-09,20.066,20.567,19.74,20.313,239279,0
2017-05-10,20.382,20.856,20.037,20.737,296737,0
2017-05-11,20.837,20.837,20.402,20.737,155093,0
2017-05-12,20.777,20.777,20.471,20.639,46781,0
2017-05-15,20.678,21.194,20.519,20.876,233804,0
2017-05-16,20.985,21.004,20.531,20.777,200553,0
2017-05-17,20.708,21.319,20.441,21.201,404135,0
2017-05-18,21.201,21.783,21.063,21.301,69011,0
2017-05-19,21.409,21.665,21.043,21.478,167570,0
2017-05-22,21.587,21.725,21.527,21.715,83000,0
2017-05-23,21.863,22.135,21.194,21.655,282941,0
2017-05-24,21.715,22.208,21.537,21.951,280532,0
2017-05-25,21.497,22.169,21.264,21.715,922571,0
2017-05-26,21.745,21.912,21.172,21.221,657821,0
2017-05-30,21.123,21.221,19.889,20.235,260594,0
2017-05-31,20.235,20.382,19.997,20.215,462282,0
2017-06-01,20.698,20.955,20.185,20.688,370771,0
2017-06-02,20.757,20.955,20.531,20.866,202543,0
2017-06-05,21.004,21.282,20.767,21.074,205689,0
2017-06-06,20.965,21.331,20.915,20.994,140141,0
2017-06-07,20.915,21.173,20.797,21.044,151713,0
2017-06-08,21.806,21.806,20.955,21.431,209918,0
2017-06-09,21.489,21.549,21.371,21.499,85785,0
2017-06-12,21.519,21.975,21.381,21.768,184707,0
2017-06-13,21.738,22.445,21.738,22.282,180189,0
2017-06-14,22.233,23.144,22.098,22.49,182507,0
2017-06-15,22.372,22.45,21.182,21.569,169055,0
2017-06-16,21.529,22.253,21.489,21.936,740445,0
2017-06-19,21.896,22.51,21.47,21.698,294247,0
2017-06-20,21.638,21.768,21.044,21.262,160060,0
2017-06-21,21.331,21.678,20.955,21.163,202608,0
2017-06-22,21.154,21.648,20.579,20.807,143355,0
2017-06-23,20.777,21.599,20.37,21.084,2025647,0
2017-06-26,21.024,21.401,20.797,21.024,267450,0
2017-06-27,21.044,21.886,20.95,21.282,282477,0
2017-06-28,21.222,22.322,21.163,21.609,196198,0
2017-06-29,21.648,21.654,21.094,21.292,60887,0
2017-06-30,21.371,21.936,21.311,21.688,284909,0
2017-07-03,21.708,21.748,21.461,21.549,44089,0
2017-07-05,21.579,21.816,20.838,21.628,165799,0
2017-07-06,21.499,21.936,21.192,21.589,407433,0
2017-07-07,21.609,21.965,21.376,21.916,237581,0
2017-07-10,21.826,22.163,21.658,21.906,251106,0
2017-07-11,21.866,22.065,21.693,22.045,168741,0
2017-07-12,22.153,22.173,21.836,21.955,96434,0
2017-07-13,21.995,22.282,21.708,22.015,416666,0
2017-07-14,21.936,22.282,21.801,21.906,58825,0
2017-07-17,21.945,22.163,21.786,21.886,71443,0
2017-07-18,21.886,22.203,21.856,22.045,79333,0
2017-07-19,22.065,22.48,21.921,22.055,72855,0
2017-07-20,22.074,22.312,21.995,22.035,37772,0
2017-07-21,22.243,22.579,22.047,22.332,422428,0
2017-07-24,22.282,22.282,21.866,22.045,135494,0
2017-07-25,22.035,22.51,22.015,22.312,213161,0
2017-07-26,22.292,22.669,22.025,22.282,51525,0
2017-07-27,22.39,22.579,22.262,22.302,68045,0
2017-07-28,22.153,22.936,22.103,22.777,171862,0
2017-07-31,22.787,22.792,22.332,22.669,71063,0
2017-08-01,22.717,22.717,22.005,22.332,255377,0
2017-08-02,22.243,22.322,21.371,21.738,357788,0
2017-08-03,21.589,22.025,20.787,20.876,440932,0
2017-08-04,21.292,21.589,20.827,21.489,221848,0
2017-08-07,21.431,22.005,20.955,21.509,159268,0
2017-08-08,21.47,21.579,21.163,21.331,150439,0
2017-08-09,21.292,21.401,21.292,21.292,97986,0
2017-08-10,21.252,21.252,20.871,21.034,150079,0
2017-08-11,21.104,21.658,20.98,21.421,150817,0
2017-08-14,21.589,21.589,21.134,21.311,121624,0
2017-08-15,21.411,21.636,21.262,21.52,350622,0
2017-08-16,21.55,21.828,21.52,21.659,68599,0
2017-08-17,21.55,21.749,21.371,21.49,102021,0
2017-08-18,21.302,21.55,21.083,21.311,553934,0
2017-08-21,21.361,21.58,21.133,21.481,103436,0
2017-08-22,21.55,21.858,21.302,21.461,114594,0
2017-08-23,21.461,21.629,21.331,21.361,44830,0
2017-08-24,21.51,21.51,21.311,21.361,77111,0
2017-08-25,21.381,21.709,21.321,21.481,75756,0
2017-08-28,21.55,21.55,21.267,21.361,63697,0
2017-08-29,21.371,21.53,21.242,21.451,72252,0
2017-08-30,21.421,21.61,21.282,21.471,79056,0
2017-08-31,21.54,21.639,21.411,21.6,78431,0
2017-09-01,21.729,22.047,21.57,21.868,117460,0
2017-09-05,21.878,22.305,21.878,22.126,47589,0
2017-09-06,22.186,22.365,21.818,22.027,57511,0
2017-09-07,22.166,22.315,21.719,21.858,50195,0
2017-09-08,21.938,22.067,21.426,21.749,47208,0
2017-09-11,21.888,22.315,21.779,22.246,68401,0
2017-09-12,22.226,22.544,22.116,22.325,39993,0
2017-09-13,22.246,22.702,22.186,22.444,57678,0
2017-09-14,22.355,22.712,22.335,22.494,91784,0
2017-09-15,22.544,22.554,22.067,22.365,149750,0
2017-09-18,22.414,22.832,22.186,22.305,121289,0
2017-09-19,22.404,22.742,22.047,22.295,68195,0
2017-09-20,22.295,22.782,22.246,22.454,72709,0
2017-09-21,22.514,22.762,22.027,22.514,71909,0
2017-09-22,22.534,22.802,22.454,22.564,78253,0
2017-09-25,22.603,22.832,22.414,22.673,43609,0
2017-09-26,22.772,22.951,22.404,22.583,70211,0
2017-09-27,22.653,23.268,22.603,22.981,66518,0
2017-09-28,22.911,23.279,22.782,23.17,57216,0
2017-09-29,23.1,23.16,22.941,23.09,93894,0
2017-10-02,23.11,23.567,23.11,23.527,43766,0
2017-10-03,23.537,23.756,23.338,23.448,43021,0
2017-10-04,23.488,23.517,23.11,23.17,40260,0
2017-10-05,24.402,24.402,22.762,23.13,38771,0
2017-10-06,23.03,23.358,22.901,23.04,44493,0
2017-10-09,22.981,23.269,22.852,22.921,28236,0
2017-10-10,23,23.288,22.812,23.1,57889,0
2017-10-11,23.16,23.239,23.05,23.09,41160,0
2017-10-12,23.07,23.517,23.04,23.15,38807,0
2017-10-13,23.219,23.418,23.05,23.17,74162,0
2017-10-16,23.16,23.16,19.799,22.524,196630,0
2017-10-17,22.593,22.742,22.106,22.156,62984,0
2017-10-18,22.206,22.355,21.838,22.275,101977,0
2017-10-19,22.166,22.663,21.848,22.564,28636,0
2017-10-20,22.752,22.936,22.345,22.454,38146,0
2017-10-23,22.534,22.682,22.057,22.335,101334,0
2017-10-24,22.384,22.737,22.211,22.394,86313,0
2017-10-25,22.414,22.742,22.226,22.514,46029,0
2017-10-26,22.593,23.16,22.484,22.722,39138,0
2017-10-27,22.752,23.318,22.534,23.17,64412,0
2017-10-30,23.08,23.288,22.951,22.981,66094,0
2017-10-31,23.14,23.458,23.02,23.14,81488,0
2017-11-01,23.259,23.298,22.911,23,98838,0
2017-11-02,23.448,23.517,22.593,23.318,251183,0
2017-11-03,23.249,23.348,22.285,22.295,52734,0
2017-11-06,22.275,22.484,22.067,22.345,40173,0
2017-11-07,22.474,22.554,22.265,22.355,75927,0
2017-11-08,22.265,22.638,22.265,22.404,66266,0
2017-11-09,22.305,22.504,22.007,22.444,63464,0
2017-11-10,22.355,22.762,22.116,22.166,31523,0
2017-11-13,22.186,22.672,21.52,21.798,30281,0
2017-11-14,21.679,22.325,21.361,22.096,91040,0
2017-11-15,22.027,22.176,21.748,21.977,46848,0
2017-11-16,22.086,22.515,22.042,22.385,40211,0
2017-11-17,22.276,22.425,22.077,22.346,48631,0
2017-11-20,22.395,22.635,22.216,22.385,52780,0
2017-11-21,22.376,22.67,21.907,22.266,87213,0
2017-11-22,22.296,22.804,22.296,22.475,56528,0
2017-11-24,22.425,22.754,22.077,22.684,62208,0
2017-11-27,22.635,23.083,22.455,22.954,162117,0
2017-11-28,22.675,23.9,22.555,23.223,274913,0
2017-11-29,23.342,24.369,23.093,23.382,124786,0
2017-11-30,23.512,23.651,21.259,22.276,476578,0
2017-12-01,22.276,22.525,21.517,22.326,170907,0
2017-12-04,22.545,22.904,22.266,22.435,91077,0
2017-12-05,22.475,22.475,21.05,21.07,147275,0
2017-12-06,21.15,21.608,20.91,21.18,110573,0
2017-12-07,21.229,21.374,20.93,21.05,194375,0
2017-12-08,21.13,21.14,19.974,20.143,168467,0
2017-12-11,20.123,20.123,19.704,19.794,187428,0
2017-12-12,19.874,20.791,19.854,20.572,129373,0
2017-12-13,20.542,21,20.292,20.342,135912,0
2017-12-14,20.322,20.392,19.684,19.724,145826,0
2017-12-15,19.844,20.472,19.844,20.133,494345,0
2017-12-18,20.253,20.651,19.964,20.123,92743,0
2017-12-19,20.163,20.173,19.774,19.814,139044,0
2017-12-20,19.854,20.263,19.734,20.213,83735,0
2017-12-21,20.253,21.05,20.213,20.94,225732,0
2017-12-22,21,21.058,20.731,20.771,184448,0
2017-12-26,20.721,20.905,20.562,20.611,52535,0
2017-12-27,20.552,20.89,20.402,20.512,54108,0
2017-12-28,20.552,20.671,20.263,20.532,43399,0
2017-12-29,20.641,20.641,20.213,20.273,62613,0
2018-01-02,20.322,21.568,20.322,21.11,163845,0
2018-01-03,21.03,21.14,20.641,20.641,97406,0
2018-01-04,20.791,21.389,20.671,20.861,45946,0
2018-01-05,20.88,20.88,20.213,20.601,96966,0
2018-01-08,20.611,20.701,20.253,20.701,181088,0
2018-01-09,20.701,20.701,19.734,19.734,43407,0
2018-01-10,19.744,19.824,19.266,19.495,93516,0
2018-01-11,19.495,20.023,19.455,19.774,79572,0
2018-01-12,19.844,20.193,19.505,20.133,67959,0
2018-01-16,20.223,20.831,20.143,20.502,71522,0
2018-01-17,20.591,21.03,20.462,21.02,100687,0
2018-01-18,20.91,21.419,20.856,21.369,107902,0
2018-01-19,21.309,22.166,21.269,21.847,81123,0
2018-01-22,22.246,22.246,21.768,22.007,118841,0
2018-01-23,20.691,21.309,20.482,21.16,132201,0
2018-01-24,20.98,21.359,20.98,21.259,77995,0
2018-01-25,22.037,22.037,21.06,21.329,77407,0
2018-01-26,21.379,21.58,21.18,21.488,48949,0
2018-01-29,21.439,21.787,21.11,21.309,40420,0
2018-01-30,21.209,21.588,21.04,21.439,54940,0
2018-01-31,21.548,21.807,21.254,21.508,53148,0
2018-02-01,21.518,21.588,20.871,21.379,177323,0
2018-02-02,21.12,21.658,20.95,21.369,49276,0
2018-02-05,20.791,21.544,20.791,21.1,59762,0
2018-02-06,20.522,21.578,20.522,21.269,101855,0
2018-02-07,21.09,21.389,20.811,21.03,49269,0
2018-02-08,21.1,21.6,20.91,21.09,79432,0
2018-02-09,21.4,21.88,20.885,21.39,134107,0
2018-02-12,21.4,21.5699,21.09,21.29,38795,0
2018-02-13,21.24,21.805,21.23,21.75,37030,0
2018-02-14,21.16,22.965,21.16,22.14,65051,0
2018-02-15,22.25,22.58,21.005,21.5,116755,0
2018-02-16,21.39,22.32,21.39,21.95,33951,0
2018-02-20,21.61,22.13,21.61,21.61,34016,0
2018-02-21,21.7,22.4,21.65,22.05,44422,0
2018-02-22,21.97,22.25,21.97,21.97,68683,0
2018-02-23,22.23,22.35,21.92,22.2,62338,0
2018-02-26,22.34,22.43,21.87,22.21,66115,0
2018-02-27,22.3,22.34,21.73,21.95,57627,0
2018-02-28,22.05,22.21,21.24,21.32,72090,0
2018-03-01,21.23,21.53,21.01,21.23,81670,0
2018-03-02,21.12,21.79,20.99,21.62,78211,0
2018-03-05,21.56,22.16,21.44,21.94,52483,0
2018-03-06,22.17,22.26,21.78,22.18,43124,0
2018-03-07,21.48,21.87,20.61,21.08,331618,0
2018-03-08,20.4,20.9,18.82,18.9,492330,0
2018-03-09,18.68,19.335,18.191,19.25,3390232,0
2018-03-12,19.19,19.43,18.8,19.11,366042,0
2018-03-13,19.1,19.2,18.8,19.01,225077,0
2018-03-14,18.93,19,18.56,18.86,158930,0
2018-03-15,19.29,19.49,18.5401,19,276947,0
2018-03-16,19.02,19.88,18.871,19.35,356501,0
2018-03-19,19.35,19.5,19.1,19.23,312051,0
2018-03-20,19.34,20.25,18.97,19.76,285589,0
2018-03-21,19.69,20.38,19.45,20.04,376240,0
2018-03-22,19.58,20.74,19.38,19.4,290997,0
2018-03-23,19.41,19.45,18.79,18.81,488234,0
2018-03-26,19.08,19.08,18.6,18.92,120166,0
2018-03-27,19.05,19.2,18.81,19.06,227845,0
2018-03-28,19.04,19.59,18.68,19.45,197846,0
2018-03-29,19.89,20.08,19.47,19.48,131910,0
