Date,Open,High,Low,Close,Volume,OpenInt
2010-05-24,13.18,13.18,12.515,12.556,66884,0
2010-05-25,12.347,12.347,11.679,11.679,4677,0
2010-05-26,11.47,11.555,11.344,11.555,6593,0
2010-05-27,11.763,11.973,11.679,11.846,7551,0
2010-05-28,12.056,12.056,12.056,12.056,603,0
2010-06-01,11.846,11.929,10.637,11.763,623881,0
2010-06-02,12.548,13.131,11.546,12.08,4188490,0
2010-06-03,12.114,12.213,11.497,11.54,2322493,0
2010-06-04,11.531,11.578,11.021,11.453,1972934,0
2010-06-07,11.515,11.63,11.245,11.32,1364695,0
2010-06-08,11.344,11.47,11.054,11.272,2113722,0
2010-06-09,11.344,11.388,10.798,10.836,2101706,0
2010-06-10,10.763,10.929,10.037,10.269,4009971,0
2010-06-11,10.237,11.054,10.135,10.936,2091766,0
2010-06-14,11.12,11.416,10.979,11.12,1906177,0
2010-06-15,11.112,11.344,10.952,11.021,1560630,0
2010-06-16,10.881,11.272,10.655,11.195,1495173,0
2010-06-17,11.335,11.335,11.07,11.255,812019,0
2010-06-18,11.272,11.431,11.129,11.245,1884623,0
2010-06-21,11.344,11.363,11.078,11.087,1262770,0
2010-06-22,11.014,11.363,10.819,11.203,1048686,0
2010-06-23,10.952,11.344,10.728,11.172,1403215,0
2010-06-24,11.014,11.213,10.913,11.062,1323852,0
2010-06-25,11.07,11.438,10.854,11.407,10487714,0
2010-06-28,11.299,11.299,10.979,11.165,1315138,0
2010-06-29,11.112,11.112,10.538,10.577,1197939,0
2010-06-30,10.524,10.959,10.524,10.581,1400813,0
2010-07-01,10.538,10.594,9.929,10.555,1207043,0
2010-07-02,10.647,10.96,10.345,10.826,1171196,0
2010-07-06,11.021,11.255,10.826,10.896,1634790,0
2010-07-07,10.946,11.344,10.946,11.32,1123020,0
2010-07-08,11.54,11.54,11.129,11.327,891505,0
2010-07-09,11.299,11.596,11.22,11.578,517651,0
2010-07-12,11.497,11.564,11.344,11.546,433740,0
2010-07-13,11.672,11.973,11.605,11.88,1240466,0
2010-07-14,11.814,11.814,11.165,11.353,1104635,0
2010-07-15,11.487,11.487,10.637,11.264,1071882,0
2010-07-16,11.178,11.227,10.647,10.696,1173319,0
2010-07-19,10.679,10.896,10.313,10.871,915692,0
2010-07-20,10.763,11.335,10.351,11.335,1442693,0
2010-07-21,11.438,11.705,10.979,11.327,1103355,0
2010-07-22,11.505,12.157,11.497,12.122,1340257,0
2010-07-23,12.114,12.397,11.922,12.338,766929,0
2010-07-26,12.338,12.515,12.264,12.423,735641,0
2010-07-27,12.482,12.614,12.405,12.464,554048,0
2010-07-28,12.464,12.515,12.305,12.365,557502,0
2010-07-29,12.431,12.515,12.305,12.365,752806,0
2010-07-30,12.213,12.639,11.963,12.305,493569,0
2010-08-02,12.623,12.623,12.264,12.414,770172,0
2010-08-03,12.515,12.574,12.389,12.423,825123,0
2010-08-04,12.515,12.548,12.423,12.464,725731,0
2010-08-05,12.338,12.498,12.255,12.373,651075,0
2010-08-06,12.231,12.506,12.105,12.389,581366,0
2010-08-09,12.431,12.639,12.414,12.582,900398,0
2010-08-10,12.456,12.456,11.938,12.039,539612,0
2010-08-11,11.73,11.73,11.12,11.38,938493,0
2010-08-12,11.148,11.431,11.07,11.344,837468,0
2010-08-13,11.282,11.546,11.157,11.32,479456,0
2010-08-16,11.227,11.739,11.148,11.705,639956,0
2010-08-17,11.814,11.997,11.763,11.839,673627,0
2010-08-18,11.846,11.873,11.655,11.814,1092759,0
2010-08-19,11.763,11.805,11.523,11.647,838795,0
2010-08-20,11.622,11.772,11.416,11.713,783044,0
2010-08-23,11.722,11.973,11.571,11.587,365198,0
2010-08-24,11.423,11.688,11.313,11.431,436491,0
2010-08-25,11.255,11.889,11.006,11.846,468457,0
2010-08-26,11.947,11.947,11.388,11.398,457917,0
2010-08-27,11.497,12.056,11.398,12.039,658668,0
2010-08-30,11.955,12.338,11.938,12.165,464142,0
2010-08-31,12.184,12.486,12.032,12.376,615606,0
2010-09-01,12.522,13.008,12.389,12.972,881067,0
2010-09-02,13.016,13.266,12.856,13.064,798743,0
2010-09-03,13.275,13.305,12.874,12.963,801201,0
2010-09-07,12.931,12.931,12.231,12.264,940942,0
2010-09-08,12.231,12.357,12.148,12.274,732553,0
2010-09-09,12.405,12.574,12.139,12.196,559409,0
2010-09-10,12.196,12.431,11.938,12.071,558456,0
2010-09-13,12.222,12.556,12.204,12.515,968511,0
2010-09-14,12.538,12.623,12.274,12.347,1139492,0
2010-09-15,12.338,12.574,12.157,12.564,709435,0
2010-09-16,12.515,12.614,12.175,12.329,861796,0
2010-09-17,12.464,12.515,11.973,12.039,519554,0
2010-09-20,12.039,12.329,11.779,12.305,729362,0
2010-09-21,12.322,12.382,12.071,12.157,518099,0
2010-09-22,12.087,12.329,11.938,12.204,312727,0
2010-09-23,12.08,12.322,12.006,12.056,394513,0
2010-09-24,12.222,12.439,12.157,12.389,466740,0
2010-09-27,12.357,12.53,12.248,12.314,379355,0
2010-09-28,12.329,12.657,12.063,12.582,503625,0
2010-09-29,12.564,12.639,12.165,12.329,500376,0
2010-09-30,12.426,12.887,12.399,12.467,630716,0
2010-10-01,12.605,12.623,11.647,12.08,942816,0
2010-10-04,12.006,12.188,11.622,11.64,999584,0
2010-10-05,11.805,11.805,11.587,11.596,1263900,0
2010-10-06,11.605,11.846,11.578,11.805,946763,0
2010-10-07,11.898,12.122,11.772,11.822,607860,0
2010-10-08,11.822,11.829,11.64,11.779,705718,0
2010-10-11,11.757,11.963,11.647,11.856,373603,0
2010-10-12,11.906,12.188,11.856,12.139,480096,0
2010-10-13,12.175,12.605,12.148,12.439,603637,0
2010-10-14,12.389,12.582,12.071,12.188,502291,0
2010-10-15,12.305,12.574,12.006,12.063,608245,0
2010-10-18,12.031,12.305,11.898,12.289,564103,0
2010-10-19,12.087,12.439,11.963,12.087,440024,0
2010-10-20,12.122,12.605,12.122,12.491,601072,0
2010-10-21,12.456,12.456,11.73,11.963,1017976,0
2010-10-22,11.973,12.048,11.713,11.906,404680,0
2010-10-25,11.955,12.322,11.955,12.165,374111,0
2010-10-26,12.08,12.157,11.906,12.023,461290,0
2010-10-27,11.906,11.922,11.564,11.822,669018,0
2010-10-28,11.947,11.963,11.47,11.613,1186582,0
2010-10-29,11.618,11.863,11.618,11.71,904163,0
2010-11-01,11.797,11.938,11.713,11.88,700524,0
2010-11-02,12.031,12.056,11.839,12.048,555676,0
2010-11-03,12.031,12.097,11.73,11.947,442026,0
2010-11-04,12.08,12.175,11.973,12.131,965131,0
2010-11-05,12.071,12.274,11.914,12.181,647635,0
2010-11-08,12.114,12.122,11.839,11.973,2210863,0
2010-11-09,11.955,11.955,11.64,11.672,511019,0
2010-11-10,11.705,11.889,11.478,11.889,872135,0
2010-11-11,11.748,11.914,11.739,11.822,307570,0
2010-11-12,11.722,11.88,11.655,11.763,213031,0
2010-11-15,11.797,11.864,11.571,11.596,489887,0
2010-11-16,11.478,11.578,11.313,11.363,570313,0
2010-11-17,11.398,11.505,11.344,11.47,292949,0
2010-11-18,11.578,12.097,11.531,11.873,704776,0
2010-11-19,11.839,11.955,11.757,11.889,581765,0
2010-11-22,11.805,11.805,11.478,11.63,612693,0
2010-11-23,11.462,11.596,11.272,11.431,445988,0
2010-11-24,11.515,11.955,11.438,11.955,546348,0
2010-11-26,11.829,11.987,11.829,11.914,190018,0
2010-11-29,11.814,11.973,11.672,11.938,325119,0
2010-11-30,11.78,11.949,11.758,11.823,948474,0
2010-12-01,12.023,12.491,11.997,12.448,675633,0
2010-12-02,12.498,12.556,12.299,12.515,518540,0
2010-12-03,12.397,12.515,12.281,12.456,322220,0
2010-12-06,12.382,12.498,12.023,12.289,352962,0
2010-12-07,12.397,12.482,12.329,12.405,547950,0
2010-12-08,12.482,12.639,12.305,12.365,469191,0
2010-12-09,12.498,12.548,12.431,12.498,381001,0
2010-12-10,12.498,12.598,12.299,12.456,414944,0
2010-12-13,12.574,12.614,12.448,12.482,648251,0
2010-12-14,12.53,12.623,12.464,12.491,764891,0
2010-12-15,12.473,12.639,12.382,12.389,786442,0
2010-12-16,12.382,12.614,12.382,12.482,541392,0
2010-12-17,12.473,12.53,12.448,12.506,1572835,0
2010-12-20,12.506,12.548,12.448,12.491,424699,0
2010-12-21,12.556,12.623,12.473,12.548,471169,0
2010-12-22,12.556,12.724,12.491,12.657,490763,0
2010-12-23,12.657,12.673,12.491,12.564,331870,0
2010-12-27,12.506,12.68,12.482,12.574,239305,0
2010-12-28,12.605,12.605,12.456,12.498,322570,0
2010-12-29,12.5,12.567,12.457,12.491,215433,0
2010-12-30,12.474,12.576,12.44,12.466,355596,0
2010-12-31,12.495,12.572,12.434,12.46,433044,0
2011-01-03,12.548,12.756,12.414,12.538,622628,0
2011-01-04,12.53,12.59,12.414,12.464,467642,0
2011-01-05,12.405,12.564,12.373,12.506,443116,0
2011-01-06,12.473,12.522,12.431,12.473,241878,0
2011-01-07,12.53,12.564,12.196,12.289,804613,0
2011-01-10,12.175,12.515,12.056,12.448,900169,0
2011-01-11,12.506,12.538,12.397,12.498,354033,0
2011-01-12,12.614,12.705,12.423,12.498,440469,0
2011-01-13,12.473,12.538,12.405,12.482,320652,0
2011-01-14,12.482,12.53,12.448,12.53,428550,0
2011-01-18,12.405,12.731,12.338,12.724,720461,0
2011-01-19,12.673,12.856,12.53,12.657,570693,0
2011-01-20,12.623,13,12.623,12.83,688791,0
2011-01-21,12.865,13.299,12.865,12.972,555827,0
2011-01-24,12.991,13.074,12.665,12.8,342361,0
2011-01-25,12.747,13.15,12.53,13.14,375359,0
2011-01-26,13.214,13.765,13.207,13.731,848393,0
2011-01-27,13.683,14.083,13.491,13.784,825015,0
2011-01-28,13.784,13.84,13.365,13.464,714675,0
2011-01-31,13.513,13.513,12.928,12.936,649517,0
2011-02-01,12.991,13.473,12.939,13.454,762697,0
2011-02-02,13.391,13.558,13.266,13.432,472254,0
2011-02-03,13.4,13.573,13.223,13.565,456243,0
2011-02-04,13.525,13.565,13.074,13.115,362680,0
2011-02-07,13.107,13.199,12.865,13.064,358330,0
2011-02-08,13.039,13.165,12.906,13.165,419405,0
2011-02-09,13.131,13.305,13.031,13.214,284033,0
2011-02-10,13.15,13.356,12.991,13.064,297589,0
2011-02-11,13.099,13.173,12.915,13.056,437014,0
2011-02-14,13.099,13.099,12.822,12.972,312055,0
2011-02-15,12.972,13.207,12.972,13.099,442554,0
2011-02-16,13.173,13.375,13.107,13.314,344432,0
2011-02-18,13.708,13.765,13.498,13.731,327024,0
2011-02-22,13.542,13.632,13.214,13.331,503662,0
2011-02-23,13.4,13.516,12.991,13.023,908775,0
2011-02-24,12.906,13.157,12.556,12.782,1414352,0
2011-02-25,12.848,13.031,12.814,12.948,574575,0
2011-02-28,13.013,13.23,12.968,13.147,405044,0
2011-03-01,13.263,13.263,12.903,12.936,748928,0
2011-03-02,12.953,13.121,12.887,13.02,328259,0
2011-03-03,13.163,13.381,13.147,13.321,563797,0
2011-03-04,13.338,13.55,13.214,13.293,398772,0
2011-03-07,13.391,13.692,13.099,13.314,561906,0
2011-03-08,13.299,13.774,13.299,13.55,546810,0
2011-03-09,13.558,13.708,13.439,13.658,438140,0
2011-03-10,13.425,13.498,13.298,13.415,777959,0
2011-03-11,13.298,13.564,13.298,13.498,421741,0
2011-03-14,13.384,13.793,13.266,13.473,400808,0
2011-03-15,13.049,13.432,13.049,13.323,534566,0
2011-03-16,13.432,13.809,13.266,13.446,802064,0
2011-03-17,13.7,14.135,13.667,13.983,1772051,0
2011-03-18,13.975,14.092,13.941,14.01,1099353,0
2011-03-21,14.144,14.493,14.109,14.235,683363,0
2011-03-22,14.3,14.3,13.925,13.958,1053958,0
2011-03-23,13.932,13.992,13.667,13.818,637687,0
2011-03-24,13.865,13.9,13.7,13.783,596205,0
2011-03-25,13.832,13.983,13.793,13.872,4887097,0
2011-03-28,13.9,13.958,13.824,13.858,1225634,0
2011-03-29,13.858,13.95,13.824,13.882,926579,0
2011-03-30,13.992,14.035,13.832,13.872,604885,0
2011-03-31,13.852,13.955,13.795,13.819,820390,0
2011-04-01,13.909,13.965,13.714,13.747,1616471,0
2011-04-04,13.832,13.919,13.606,13.614,1520629,0
2011-04-05,13.572,13.723,13.564,13.606,839574,0
2011-04-06,13.64,13.801,13.64,13.691,2543747,0
2011-04-07,13.614,13.809,13.43,13.515,719733,0
2011-04-08,13.614,13.667,13.247,13.298,623593,0
2011-04-11,13.281,13.329,12.921,12.968,547099,0
2011-04-12,12.835,13.014,12.811,12.911,547940,0
2011-04-13,12.936,13.053,12.861,12.929,482802,0
2011-04-14,12.861,13.005,12.71,12.978,467964,0
2011-04-15,12.953,13.408,12.921,13.321,1299943,0
2011-04-18,13.137,13.329,13.088,13.229,1784556,0
2011-04-19,13.298,13.346,13.221,13.281,597728,0
2011-04-20,13.415,13.472,13.312,13.381,511312,0
2011-04-21,13.415,13.489,13.298,13.398,533325,0
2011-04-25,13.364,13.408,13.321,13.398,581656,0
2011-04-26,13.415,13.541,13.298,13.346,1169735,0
2011-04-27,13.336,13.438,13.312,13.381,519963,0
2011-04-28,13.104,13.321,13.096,13.29,806103,0
2011-04-29,13.276,13.276,12.936,13.062,1084618,0
2011-05-02,13.079,13.104,12.936,12.953,956954,0
2011-05-03,12.936,12.953,12.729,12.852,921154,0
2011-05-04,12.828,12.835,12.519,12.676,787093,0
2011-05-05,12.602,12.811,12.587,12.761,898197,0
2011-05-06,12.903,12.968,12.751,12.895,953585,0
2011-05-09,12.852,13.121,12.818,13.088,577120,0
2011-05-10,13.088,13.336,13.088,13.329,609890,0
2011-05-11,13.281,13.354,13.177,13.212,1303570,0
2011-05-12,13.187,13.415,13.096,13.364,507115,0
2011-05-13,13.445,13.489,13.238,13.312,453187,0
2011-05-16,13.187,13.346,13.014,13.014,492700,0
2011-05-17,13.005,13.079,12.835,13.061,425680,0
2011-05-18,13.053,13.336,12.879,13.329,654979,0
2011-05-19,13.398,13.462,13.304,13.39,788427,0
2011-05-20,13.329,13.438,13.263,13.346,732611,0
2011-05-23,13.187,13.462,13.061,13.39,1200169,0
2011-05-24,13.398,13.524,13.329,13.336,1495895,0
2011-05-25,13.263,13.312,13.079,13.247,613270,0
2011-05-26,13.177,13.329,13.071,13.312,679980,0
2011-05-27,13.329,13.453,13.29,13.43,546840,0
2011-05-31,13.545,13.584,13.411,13.466,1067778,0
2011-06-01,13.438,13.472,12.911,12.936,1034153,0
2011-06-02,12.953,13.045,12.787,12.921,344656,0
2011-06-03,12.768,12.768,12.351,12.391,786010,0
2011-06-06,12.308,12.578,12.308,12.551,873291,0
2011-06-07,12.616,12.767,12.567,12.767,876693,0
2011-06-08,12.683,12.87,12.576,12.81,870780,0
2011-06-09,12.902,12.987,12.796,12.802,410015,0
2011-06-10,12.709,12.777,12.474,12.517,655010,0
2011-06-13,12.51,12.627,12.399,12.519,292010,0
2011-06-14,12.618,12.797,12.492,12.735,445616,0
2011-06-15,12.61,12.634,12.176,12.276,569943,0
2011-06-16,12.281,12.491,12.247,12.415,823305,0
2011-06-17,12.432,12.484,12.138,12.156,1103870,0
2011-06-20,12.173,12.54,12.138,12.415,660750,0
2011-06-21,12.508,12.728,12.5,12.642,335741,0
2011-06-22,12.576,12.817,12.567,12.593,374940,0
2011-06-23,12.44,12.7,12.203,12.626,566501,0
2011-06-24,12.642,12.879,12.626,12.851,732001,0
2011-06-27,12.87,13.163,12.834,13.028,561362,0
2011-06-28,13.061,13.178,13.061,13.178,554521,0
2011-06-29,13.264,13.409,13.23,13.337,356042,0
2011-06-30,13.369,13.412,13.122,13.157,497620,0
2011-07-01,13.178,13.365,13.088,13.365,745087,0
2011-07-05,13.365,13.374,13.13,13.274,405875,0
2011-07-06,13.247,13.473,13.163,13.365,720912,0
2011-07-07,13.473,13.473,13.147,13.239,615439,0
2011-07-08,13.088,13.239,13.053,13.188,324159,0
2011-07-11,13.045,13.138,12.802,12.843,318813,0
2011-07-12,12.817,13.036,12.786,12.81,375569,0
2011-07-13,12.902,13.147,12.827,12.928,366131,0
2011-07-14,12.96,13.036,12.642,12.718,405084,0
2011-07-15,12.728,12.851,12.675,12.802,423538,0
2011-07-18,12.767,12.767,12.44,12.474,277387,0
2011-07-19,12.517,12.987,12.517,12.92,465645,0
2011-07-20,12.936,13.053,12.861,12.936,522974,0
2011-07-21,13.013,13.355,12.987,13.313,463946,0
2011-07-22,13.322,13.337,13.138,13.239,165171,0
2011-07-25,13.02,13.156,12.902,13.061,427252,0
2011-07-26,13.013,13.456,12.952,13.456,750087,0
2011-07-27,13.365,13.383,12.75,12.879,870293,0
2011-07-28,13.499,13.75,13.256,13.425,1219266,0
2011-07-29,13.292,13.561,13.256,13.441,1030807,0
2011-08-01,13.642,13.702,13.365,13.464,1016414,0
2011-08-02,13.384,13.501,12.967,12.967,560250,0
2011-08-03,12.968,13.147,12.741,12.968,658663,0
2011-08-04,12.786,12.928,12.305,12.322,683481,0
2011-08-05,12.44,12.44,11.753,11.97,1063168,0
2011-08-08,11.591,11.97,10.676,10.692,1331593,0
2011-08-09,10.977,11.919,10.463,11.911,1453247,0
2011-08-10,11.591,12.112,11.157,11.203,1059171,0
2011-08-11,11.228,11.818,11.112,11.591,1456441,0
2011-08-12,11.768,11.843,11.165,11.237,937536,0
2011-08-15,11.499,11.701,11.327,11.675,487544,0
2011-08-16,11.549,11.843,11.508,11.701,719684,0
2011-08-17,11.753,12.112,11.735,12.078,557703,0
2011-08-18,11.692,12.147,11.692,11.961,1326985,0
2011-08-19,11.725,12.138,11.725,11.936,1140063,0
2011-08-22,12.264,12.264,11.826,11.926,634080,0
2011-08-23,11.944,12.432,11.792,12.273,892451,0
2011-08-24,12.247,12.667,12.187,12.55,787408,0
2011-08-25,12.66,12.693,12.054,12.138,568188,0
2011-08-26,12.037,12.348,11.776,12.203,534566,0
2011-08-29,12.338,12.894,12.314,12.861,674658,0
2011-08-30,12.796,13.147,12.484,12.96,885797,0
2011-08-31,13.014,13.029,12.725,12.816,648667,0
2011-09-01,12.827,13.079,12.75,12.861,875989,0
2011-09-02,12.562,12.757,12.283,12.308,725507,0
2011-09-06,11.914,12.251,11.845,12.142,774278,0
2011-09-07,12.353,12.605,12.344,12.605,560197,0
2011-09-08,12.319,12.758,12.26,12.49,1116552,0
2011-09-09,12.334,12.353,11.71,11.863,700505,0
2011-09-12,11.651,11.936,11.558,11.894,477532,0
2011-09-13,11.953,12.046,11.701,11.81,586524,0
2011-09-14,11.919,12.289,11.743,12.156,758179,0
2011-09-15,12.273,12.415,12.078,12.397,540687,0
2011-09-16,12.48,12.674,12.327,12.446,1120992,0
2011-09-19,12.18,12.238,11.886,11.903,644435,0
2011-09-20,11.964,12.074,11.583,11.592,753586,0
2011-09-21,11.592,11.71,11.076,11.102,1283396,0
2011-09-22,10.783,11.237,10.674,11.027,1051614,0
2011-09-23,11.013,11.138,10.849,11.027,1252527,0
2011-09-26,11.164,11.237,10.902,11.187,565428,0
2011-09-27,11.433,11.5,11.164,11.246,905831,0
2011-09-28,11.246,11.346,10.885,10.91,1010988,0
2011-09-29,11.195,11.237,10.958,11.203,814801,0
2011-09-30,11.042,11.298,10.75,10.811,748612,0
2011-10-03,10.714,10.934,10.167,10.175,1221447,0
2011-10-04,10.081,10.35,9.93,10.175,2174834,0
2011-10-05,10.275,10.504,10.073,10.428,1632171,0
2011-10-06,10.35,10.731,10.258,10.666,1153574,0
2011-10-07,10.697,10.697,9.996,10.023,1324895,0
2011-10-10,10.242,10.335,10.09,10.326,1437500,0
2011-10-11,10.25,10.469,10.183,10.378,1366974,0
2011-10-12,10.555,10.866,10.469,10.783,1287292,0
2011-10-13,10.666,10.885,10.587,10.815,853490,0
2011-10-14,10.902,10.966,10.674,10.876,618635,0
2011-10-17,10.775,10.975,10.577,10.639,951811,0
2011-10-18,10.666,11.273,10.604,11.147,1456427,0
2011-10-19,11.076,11.382,11.068,11.195,1111057,0
2011-10-20,10.975,11.314,10.84,11.246,837859,0
2011-10-21,11.433,11.448,11.187,11.328,1416517,0
2011-10-24,11.382,11.583,11.273,11.568,1364875,0
2011-10-25,11.441,11.491,10.893,10.918,1022834,0
2011-10-26,11.102,11.138,10.885,10.975,1626081,0
2011-10-27,11.138,11.355,10.564,10.815,2623600,0
2011-10-28,10.303,10.613,10.303,10.326,1640328,0
2011-10-31,10.179,10.356,10.035,10.127,1010853,0
2011-11-01,9.75,10.023,9.4996,9.508,1339062,0
2011-11-02,9.695,9.948,9.575,9.869,1548244,0
2011-11-03,9.996,10.023,9.76,9.914,1979392,0
2011-11-04,9.814,9.958,9.772,9.872,1198712,0
2011-11-07,9.878,9.979,9.643,9.82,848148,0
2011-11-08,9.86,9.878,9.55,9.869,2288524,0
2011-11-09,9.6,9.717,9.4489,9.625,1102648,0
2011-11-10,9.788,9.906,9.71,9.788,897992,0
2011-11-11,9.86,10.107,9.836,10.081,879359,0
2011-11-14,9.979,9.979,9.625,9.667,929754,0
2011-11-15,9.608,10.023,9.532,9.987,1124785,0
2011-11-16,9.906,10.073,9.82,9.828,619249,0
2011-11-17,9.788,9.836,9.532,9.568,542780,0
2011-11-18,9.591,9.828,9.532,9.677,570549,0
2011-11-21,9.532,9.55,9.3877,9.4253,764564,0
2011-11-22,9.3721,9.717,9.1957,9.575,969498,0
2011-11-23,9.4579,9.4817,8.9738,9.0013,538949,0
2011-11-25,8.9675,9.1018,8.8745,8.8745,368740,0
2011-11-28,9.1181,9.2266,9.0013,9.1018,854522,0
2011-11-29,9.1105,9.1869,8.8997,8.992,609510,0
2011-11-30,9.3263,9.813,9.2664,9.797,1070669,0
2011-12-01,9.717,9.805,9.4253,9.4579,740247,0
2011-12-02,9.55,9.702,9.4907,9.523,334780,0
2011-12-05,9.659,9.86,9.515,9.625,555134,0
2011-12-06,9.745,10.511,9.729,10.416,1975456,0
2011-12-07,10.324,10.562,10.239,10.491,1145685,0
2011-12-08,10.339,10.474,10.299,10.348,1224805,0
2011-12-09,10.409,10.739,10.382,10.679,751321,0
2011-12-12,10.547,10.621,10.368,10.555,950238,0
2011-12-13,10.681,10.766,10.428,10.513,1084751,0
2011-12-14,10.446,10.513,10.224,10.242,1122043,0
2011-12-15,10.378,10.513,10.326,10.428,995046,0
2011-12-16,10.501,10.647,10.339,10.426,1589855,0
2011-12-19,10.469,10.577,10.319,10.326,799867,0
2011-12-20,10.511,10.756,10.416,10.611,765659,0
2011-12-21,10.576,10.884,10.536,10.829,504175,0
2011-12-22,10.91,11.003,10.783,10.901,411694,0
2011-12-23,10.942,11.069,10.765,10.822,395450,0
2011-12-27,10.783,11.013,10.73,11.013,270784,0
2011-12-28,10.985,11.119,10.679,10.703,318200,0
2011-12-29,10.765,10.876,10.739,10.774,556639,0
2011-12-30,10.765,10.839,10.739,10.748,287345,0
2012-01-03,10.957,11.119,10.91,11.019,540218,0
2012-01-04,10.933,10.942,10.637,10.814,597385,0
2012-01-05,10.713,11.069,10.562,11.046,540113,0
2012-01-06,11.069,11.157,10.957,11.036,438449,0
2012-01-09,11.069,11.138,10.858,11.103,551805,0
2012-01-10,11.214,11.393,11.053,11.284,361001,0
2012-01-11,11.188,11.284,11.138,11.221,292644,0
2012-01-12,11.221,11.238,10.975,11.027,432782,0
2012-01-13,10.876,11.129,10.602,11.103,545625,0
2012-01-17,11.165,11.449,11.148,11.221,445205,0
2012-01-18,11.229,11.434,11.157,11.434,344787,0
2012-01-19,11.494,11.594,11.338,11.521,488833,0
2012-01-20,11.458,11.901,11.393,11.876,532575,0
2012-01-23,11.799,12.037,11.679,11.953,1038726,0
2012-01-24,11.841,11.969,11.664,11.953,593213,0
2012-01-25,11.868,12.545,11.815,12.528,1194328,0
2012-01-26,12.535,12.74,12.453,12.698,776250,0
2012-01-27,12.605,12.869,12.596,12.706,887562,0
2012-01-30,12.63,12.63,12.46,12.52,620222,0
2012-01-31,12.523,12.695,12.412,12.576,586520,0
2012-02-01,12.622,12.808,12.52,12.765,1558506,0
2012-02-02,12.74,12.901,12.605,12.638,827518,0
2012-02-03,12.775,12.997,12.706,12.919,1996349,0
2012-02-06,12.901,12.901,12.657,12.69,305286,0
2012-02-07,12.706,12.706,12.488,12.562,727209,0
2012-02-08,12.63,12.63,12.409,12.503,609715,0
2012-02-09,12.58,12.613,12.376,12.469,416742,0
2012-02-10,12.292,12.528,12.266,12.444,428779,0
2012-02-13,12.596,12.622,12.36,12.46,575491,0
2012-02-14,12.409,12.545,12.341,12.46,379828,0
2012-02-15,12.512,12.596,12.301,12.36,396215,0
2012-02-16,12.331,13.029,12.301,12.68,1049828,0
2012-02-17,12.725,12.794,12.613,12.69,476217,0
2012-02-21,12.725,12.784,12.638,12.715,445503,0
2012-02-22,12.69,12.997,12.488,12.52,404306,0
2012-02-23,12.562,12.944,12.562,12.919,779867,0
2012-02-24,12.96,13.054,12.784,12.977,638777,0
2012-02-27,12.894,13.369,12.816,13.259,676131,0
2012-02-28,13.333,13.556,13.241,13.412,943542,0
2012-02-29,13.426,13.57,13.065,13.065,716252,0
2012-03-01,13.105,13.631,12.987,13.443,792315,0
2012-03-02,13.421,13.716,13.368,13.659,1987907,0
2012-03-05,13.579,13.631,13.496,13.522,734629,0
2012-03-06,13.359,13.45,12.966,12.984,398516,0
2012-03-07,13.137,13.266,12.958,13.249,252773,0
2012-03-08,13.34,13.45,13.069,13.429,518371,0
2012-03-09,13.478,13.709,13.421,13.693,558389,0
2012-03-12,13.74,13.835,13.596,13.631,399804,0
2012-03-13,13.7,14.133,13.658,14.123,578210,0
2012-03-14,14.081,14.133,13.683,13.7,896199,0
2012-03-15,13.732,13.852,13.548,13.596,812773,0
2012-03-16,13.614,13.623,13.13,13.223,1574738,0
2012-03-19,13.199,13.504,13.157,13.276,879733,0
2012-03-20,13.147,13.359,13.087,13.231,819404,0
2012-03-21,13.223,13.325,13.078,13.198,703897,0
2012-03-22,13.06,13.156,12.966,13.156,673997,0
2012-03-23,13.121,13.421,13.103,13.411,394473,0
2012-03-26,13.556,13.597,13.404,13.523,704984,0
2012-03-27,13.496,13.58,13.386,13.487,512432,0
2012-03-28,13.478,13.716,13.404,13.702,715736,0
2012-03-29,13.571,14.409,13.548,14.339,1179755,0
2012-03-30,14.441,14.458,14.075,14.175,869989,0
2012-04-02,14.067,14.384,14.009,14.322,818960,0
2012-04-03,14.272,14.426,14.152,14.322,1172937,0
2012-04-04,14.127,14.322,14.075,14.229,668276,0
2012-04-05,14.16,14.272,14.092,14.194,213463,0
2012-04-09,13.99,14.119,13.964,14.11,635307,0
2012-04-10,14.092,14.092,13.836,13.897,883453,0
2012-04-11,14.092,14.11,13.915,14.016,588743,0
2012-04-12,14,14.458,14,14.384,736881,0
2012-04-13,14.492,14.749,14.4,14.426,833631,0
2012-04-16,14.521,14.707,14.492,14.63,852602,0
2012-04-17,14.793,14.979,14.681,14.689,790933,0
2012-04-18,14.586,14.689,14.474,14.62,594572,0
2012-04-19,14.63,14.867,14.529,14.656,511570,0
2012-04-20,14.859,14.997,14.749,14.818,632700,0
2012-04-23,14.571,14.62,14.364,14.511,568871,0
2012-04-24,14.529,14.841,14.4,14.818,417699,0
2012-04-25,14.997,15.269,14.851,14.937,782221,0
2012-04-26,14.894,14.894,14.247,14.474,761827,0
2012-04-27,14.458,14.521,14.102,14.296,918911,0
2012-04-30,14.238,14.374,14.119,14.282,774817,0
2012-05-01,14.331,14.681,14.331,14.4,959165,0
2012-05-02,14.282,14.521,14.212,14.511,820307,0
2012-05-03,14.474,14.579,14.364,14.384,673481,0
2012-05-04,14.254,14.29,13.828,13.948,607849,0
2012-05-07,13.897,14.212,13.888,14.168,343373,0
2012-05-08,14.048,14.339,14.024,14.322,549416,0
2012-05-09,14.144,14.238,13.973,14.229,409392,0
2012-05-10,14.313,14.364,14.137,14.168,736725,0
2012-05-11,14.034,14.322,13.938,13.982,722675,0
2012-05-14,13.813,13.878,13.693,13.709,575386,0
2012-05-15,13.693,13.828,13.606,13.632,578191,0
2012-05-16,13.702,13.836,13.496,13.496,317505,0
2012-05-17,13.556,13.588,13.284,13.284,445327,0
2012-05-18,13.249,13.421,13.156,13.171,543331,0
2012-05-21,13.171,13.249,13.011,13.213,570985,0
2012-05-22,13.213,13.35,13.156,13.205,411771,0
2012-05-23,13.087,13.213,12.932,13.178,328285,0
2012-05-24,13.163,13.249,12.975,13.249,387204,0
2012-05-25,13.284,13.368,13.171,13.205,278886,0
2012-05-29,13.332,13.54,13.223,13.411,351963,0
2012-05-30,13.266,13.34,13.178,13.24,570095,0
2012-05-31,13.231,13.478,13.087,13.435,1044738,0
2012-06-01,13.205,13.504,13.156,13.386,907695,0
2012-06-04,13.386,13.632,13.299,13.58,710571,0
2012-06-05,13.486,13.897,13.476,13.888,833401,0
2012-06-06,13.923,14.315,13.888,14.256,554275,0
2012-06-07,14.412,14.412,14.017,14.025,553673,0
2012-06-08,13.991,14.17,13.862,14.12,327434,0
2012-06-11,14.254,14.29,13.819,13.819,955098,0
2012-06-12,13.854,14.102,13.796,14.057,373493,0
2012-06-13,14.057,14.247,13.868,13.948,551332,0
2012-06-14,13.948,14.458,13.929,14.458,536144,0
2012-06-15,14.461,14.533,14.249,14.29,895254,0
2012-06-18,14.222,14.492,14.168,14.409,537219,0
2012-06-19,14.444,14.633,14.333,14.59,562032,0
2012-06-20,14.616,14.735,14.478,14.581,450263,0
2012-06-21,14.556,14.581,14.265,14.367,510445,0
2012-06-22,14.429,14.597,14.367,14.59,1497861,0
2012-06-25,14.453,14.461,14.025,14.094,386325,0
2012-06-26,14.068,14.111,13.828,13.844,613448,0
2012-06-27,13.991,14.377,13.906,14.333,332330,0
2012-06-28,14.231,14.429,13.982,14.42,388235,0
2012-06-29,14.676,14.719,14.429,14.533,835538,0
2012-07-02,14.574,14.711,14.505,14.651,572533,0
2012-07-03,14.669,14.78,14.597,14.77,421841,0
2012-07-05,14.711,14.78,14.616,14.753,280602,0
2012-07-06,14.581,14.727,14.556,14.685,296925,0
2012-07-09,14.685,14.822,14.597,14.822,328089,0
2012-07-10,14.813,14.908,14.505,14.651,415874,0
2012-07-11,14.651,14.735,14.505,14.59,334393,0
2012-07-12,14.505,14.607,14.367,14.547,309669,0
2012-07-13,14.581,14.813,14.566,14.735,495745,0
2012-07-16,14.727,14.761,14.547,14.581,202041,0
2012-07-17,14.624,14.641,14.437,14.581,245358,0
2012-07-18,14.597,14.882,14.59,14.847,501095,0
2012-07-19,14.847,14.863,14.412,14.469,324509,0
2012-07-20,14.367,14.444,14.256,14.403,351707,0
2012-07-23,14.231,14.59,14.05,14.461,495900,0
2012-07-24,14.453,14.453,14.058,14.103,434682,0
2012-07-25,14.17,14.283,14.076,14.275,302897,0
2012-07-26,14.566,14.822,14.333,14.597,701306,0
2012-07-27,14.719,15.32,14.616,15.052,866316,0
2012-07-30,15.106,15.703,15.036,15.6,731082,0
2012-07-31,15.556,15.816,15.544,15.695,1000443,0
2012-08-01,15.773,15.967,15.336,15.359,1077104,0
2012-08-02,15.359,15.677,15.31,15.431,836970,0
2012-08-03,15.729,15.756,15.544,15.638,798932,0
2012-08-06,15.695,15.954,15.556,15.566,589944,0
2012-08-07,15.62,16.003,15.574,15.893,801222,0
2012-08-08,15.857,16.049,15.781,15.832,378968,0
2012-08-09,15.832,16.097,15.808,16.049,735949,0
2012-08-10,15.986,16.097,15.92,15.959,364260,0
2012-08-13,15.939,16.081,15.939,16.081,681995,0
2012-08-14,16.159,16.545,16.065,16.107,544246,0
2012-08-15,16.123,16.545,16.123,16.51,738610,0
2012-08-16,16.458,16.714,16.407,16.707,473003,0
2012-08-17,16.674,16.674,16.501,16.595,619582,0
2012-08-20,16.545,16.869,16.45,16.577,970100,0
2012-08-21,16.621,16.784,16.545,16.568,462259,0
2012-08-22,16.568,16.666,16.416,16.474,410286,0
2012-08-23,16.474,16.519,16.329,16.382,581182,0
2012-08-24,16.347,16.501,16.304,16.347,440031,0
2012-08-27,16.431,16.51,16.286,16.347,416706,0
2012-08-28,16.304,16.501,16.193,16.45,566900,0
2012-08-29,16.45,16.758,16.431,16.639,286497,0
2012-08-30,16.483,16.568,16.399,16.44,346919,0
2012-08-31,16.568,16.621,16.364,16.51,343349,0
2012-09-04,16.538,16.854,16.44,16.794,548576,0
2012-09-05,16.86,16.905,16.538,16.714,876168,0
2012-09-06,16.758,17.092,16.714,16.957,695640,0
2012-09-07,17.066,17.066,16.714,16.723,668226,0
2012-09-10,16.767,17.296,16.707,17.048,1045694,0
2012-09-11,17.066,17.368,17.04,17.075,833556,0
2012-09-12,17.136,17.443,17.136,17.443,497622,0
2012-09-13,17.505,17.983,17.425,17.803,811572,0
2012-09-14,17.889,18.035,17.787,18.017,940469,0
2012-09-17,17.915,18.336,17.896,18.214,625382,0
2012-09-18,18.171,18.299,18.086,18.214,742923,0
2012-09-19,18.274,18.584,18.171,18.464,1089539,0
2012-09-20,18.336,18.727,18.29,18.687,905264,0
2012-09-21,18.911,19.192,18.737,18.847,1509322,0
2012-09-24,18.814,19.174,18.634,19.115,776203,0
2012-09-25,19.174,19.267,19.02,19.064,1007757,0
2012-09-26,19.129,19.303,18.865,18.926,1099106,0
2012-09-27,19.001,19.001,18.582,18.709,1164234,0
2012-09-28,18.702,18.709,18.539,18.633,867856,0
2012-10-01,18.771,18.83,18.359,18.598,913520,0
2012-10-02,18.717,19.174,18.624,19.166,840280,0
2012-10-03,19.227,19.322,18.891,18.952,1261308,0
2012-10-04,19.046,19.45,18.992,19.45,746318,0
2012-10-05,19.467,19.716,19.38,19.415,519089,0
2012-10-08,19.347,19.613,19.313,19.363,598728,0
2012-10-09,19.431,19.778,19.313,19.605,629166,0
2012-10-10,19.665,20.008,19.578,19.999,1045947,0
2012-10-11,20.129,20.231,19.769,19.959,1167209,0
2012-10-12,19.99,20.223,19.761,19.801,1169889,0
2012-10-15,19.862,20.231,19.778,20.138,753362,0
2012-10-16,20.206,20.755,20.12,20.723,770592,0
2012-10-17,20.782,21.427,20.516,21.229,1205290,0
2012-10-18,21.247,21.478,21.1,21.229,919171,0
2012-10-19,21.118,21.179,20.138,20.472,1908973,0
2012-10-22,20.48,20.972,20.448,20.818,778655,0
2012-10-23,20.671,20.69,19.99,20.463,1168650,0
2012-10-24,20.55,20.987,20.506,20.903,1207787,0
2012-10-25,21.023,21.469,19.845,19.905,1907662,0
2012-10-26,19.511,20.018,19.046,19.129,1716514,0
2012-10-31,19.227,19.742,18.952,19.56,1665941,0
2012-11-01,19.657,19.914,19.431,19.898,1219614,0
2012-11-02,20.018,20.111,19.511,19.623,921316,0
2012-11-05,19.648,20.008,19.578,19.83,1123379,0
2012-11-06,19.967,20.051,19.783,19.914,928571,0
2012-11-07,19.752,19.967,19.45,19.871,1120138,0
2012-11-08,19.854,20.008,19.726,19.82,720590,0
2012-11-09,19.691,20.293,19.665,19.931,677595,0
2012-11-12,19.99,20.146,19.801,20.018,528549,0
2012-11-13,19.914,20.165,19.871,19.959,939185,0
2012-11-14,20.051,20.094,19.64,19.707,1224403,0
2012-11-15,19.699,19.845,18.968,19.242,1432776,0
2012-11-16,19.166,19.752,19.02,19.681,1265224,0
2012-11-19,19.898,20.173,19.752,19.949,788260,0
2012-11-20,19.838,20.018,19.64,19.854,656026,0
2012-11-21,19.921,20.086,19.792,20.086,499943,0
2012-11-23,20.189,20.241,20.155,20.241,500274,0
2012-11-26,20.214,20.456,20.008,20.138,528584,0
2012-11-27,20.094,20.35,20.043,20.198,741848,0
2012-11-28,20.078,20.12,19.681,19.931,835453,0
2012-11-29,20.06,20.525,19.99,20.37,456762,0
2012-11-30,20.431,20.472,20.231,20.463,699020,0
2012-12-03,20.578,20.843,20.138,20.293,640921,0
2012-12-04,20.37,20.859,20.318,20.851,874145,0
2012-12-05,20.827,21.297,20.818,21.057,1517768,0
2012-12-06,20.996,21.126,20.578,20.671,581460,0
2012-12-07,20.773,20.81,20.336,20.498,675592,0
2012-12-10,20.498,20.929,20.378,20.8,663895,0
2012-12-11,20.965,21.297,20.818,21.144,936997,0
2012-12-12,21.153,21.257,20.704,20.72,490814,0
2012-12-13,20.729,20.85,20.217,20.263,960319,0
2012-12-14,20.217,20.401,20.08,20.254,600965,0
2012-12-17,20.271,20.315,19.832,20.227,1429871,0
2012-12-18,20.184,20.401,20.003,20.332,1047018,0
2012-12-19,20.956,21.238,20.315,20.566,1649201,0
2012-12-20,20.574,21.341,20.574,21.005,1658767,0
2012-12-21,20.323,21.291,19.275,21.041,2858708,0
2012-12-24,21.041,21.412,20.582,20.65,410178,0
2012-12-26,20.687,20.995,20.477,20.729,545514,0
2012-12-27,20.729,20.789,20.227,20.461,622408,0
2012-12-28,20.383,20.687,20.339,20.347,509704,0
2012-12-31,20.306,20.841,20.227,20.817,653625,0
2013-01-02,21.274,21.534,21.126,21.506,947713,0
2013-01-03,21.574,21.894,21.48,21.544,938314,0
2013-01-04,21.655,21.766,21.412,21.695,1194827,0
2013-01-07,21.664,21.689,21.367,21.498,864992,0
2013-01-08,21.534,21.749,21.367,21.689,857838,0
2013-01-09,21.766,21.997,21.721,21.86,706216,0
2013-01-10,22.007,22.007,21.6,21.689,1262307,0
2013-01-11,21.739,21.774,21.412,21.6,1056885,0
2013-01-14,21.591,21.73,21.506,21.525,1193706,0
2013-01-15,21.405,21.619,21.385,21.428,877794,0
2013-01-16,21.428,21.515,21.22,21.23,999939,0
2013-01-17,21.335,22.119,21.308,21.818,2167747,0
2013-01-18,21.766,21.766,21.265,21.455,1025750,0
2013-01-22,21.489,21.739,21.464,21.73,706476,0
2013-01-23,21.749,22.102,21.703,21.904,1087999,0
2013-01-24,22.308,22.308,21.23,21.274,1009723,0
2013-01-25,21.316,21.341,20.339,20.436,2161165,0
2013-01-28,20.419,20.419,19.683,20.217,2262619,0
2013-01-29,20.217,20.217,19.683,19.882,2015156,0
2013-01-30,19.882,20.461,19.865,20.297,1697441,0
2013-01-31,20.28,20.866,20.227,20.642,1519892,0
2013-02-01,20.771,21.134,20.746,20.808,1375637,0
2013-02-04,20.687,20.729,20.347,20.445,789076,0
2013-02-05,20.469,20.72,20.323,20.642,772953,0
2013-02-06,20.566,21.031,20.522,20.986,1033676,0
2013-02-07,20.956,21.099,20.678,20.956,823623,0
2013-02-08,20.937,21.412,20.937,21.341,1257832,0
2013-02-11,21.298,21.412,21.213,21.257,1519390,0
2013-02-12,21.23,21.437,21.17,21.238,1161931,0
2013-02-13,21.213,21.298,20.979,21.049,1194046,0
2013-02-14,21.066,21.455,21.031,21.041,1370734,0
2013-02-15,21.099,21.308,21.092,21.238,1003306,0
2013-02-19,21.257,21.341,21.144,21.195,1220900,0
2013-02-20,21.188,21.298,21.118,21.204,2157098,0
2013-02-21,21.291,21.695,21.188,21.308,1133081,0
2013-02-22,21.359,21.385,20.91,21.041,1660782,0
2013-02-25,21.108,21.161,20.695,20.695,1857507,0
2013-02-26,20.762,20.789,20.306,20.582,1804045,0
2013-02-27,20.532,20.937,20.495,20.892,1177625,0
2013-02-28,20.835,21.257,20.835,20.986,780003,0
2013-03-01,20.866,21.238,20.753,21.057,990482,0
2013-03-04,20.986,21.083,20.798,21.057,672039,0
2013-03-05,21.17,21.6,21.118,21.412,791786,0
2013-03-06,21.273,21.794,21.273,21.507,1003006,0
2013-03-07,21.48,21.525,21.297,21.405,470982,0
2013-03-08,21.544,21.544,21.307,21.35,547949,0
2013-03-11,21.291,21.359,21.012,21.107,928098,0
2013-03-12,21.09,21.326,21.09,21.291,496697,0
2013-03-13,21.283,21.507,21.283,21.405,441798,0
2013-03-14,21.48,21.803,21.455,21.803,764991,0
2013-03-15,21.741,22.038,21.741,21.916,1298421,0
2013-03-18,21.673,21.916,21.42,21.584,987435,0
2013-03-19,21.566,21.601,21.283,21.412,752513,0
2013-03-20,21.489,21.62,21.385,21.611,804082,0
2013-03-21,21.507,21.638,21.229,21.256,785960,0
2013-03-22,21.297,21.376,21.098,21.187,701884,0
2013-03-25,21.229,21.273,20.847,20.907,822366,0
2013-03-26,20.953,21.143,20.872,21.073,623635,0
2013-03-27,20.983,21.731,20.97,21.69,1045126,0
2013-03-28,21.751,22.331,21.47,22.201,1540919,0
2013-04-01,22.122,22.238,21.82,22.046,1081382,0
2013-04-02,22.114,22.416,22.01,22.281,1094905,0
2013-04-03,22.341,22.341,21.853,21.933,1192922,0
2013-04-04,21.96,22.174,21.665,22.16,754587,0
2013-04-05,21.862,22.931,21.843,22.922,1254541,0
2013-04-08,23.008,23.131,22.748,22.957,922339,0
2013-04-09,23.008,23.114,22.792,22.861,564913,0
2013-04-10,22.896,23.071,22.792,23.071,823688,0
2013-04-11,23.071,23.791,23.071,23.739,882256,0
2013-04-12,23.687,23.739,23.217,23.27,588202,0
2013-04-15,23.165,23.252,22.341,22.386,961696,0
2013-04-16,22.647,22.681,22.369,22.608,564098,0
2013-04-17,22.489,22.556,22.046,22.238,641972,0
2013-04-18,22.294,22.386,22.029,22.16,789226,0
2013-04-19,22.183,22.462,22.114,22.444,512297,0
2013-04-22,22.41,22.434,21.96,22.191,384060,0
2013-04-23,22.349,22.575,22.263,22.489,594321,0
2013-04-24,22.454,22.842,22.454,22.842,698333,0
2013-04-25,22.696,22.896,21.925,22.88,787620,0
2013-04-26,22.842,23.193,22.792,23.139,1109804,0
2013-04-29,23.131,23.392,22.922,23.235,673327,0
2013-04-30,23.209,23.312,22.871,23.244,899464,0
2013-05-01,23.147,23.252,22.681,22.681,1117148,0
2013-05-02,22.748,22.792,22.281,22.524,855460,0
2013-05-03,22.671,22.871,22.454,22.48,560282,0
2013-05-06,22.662,22.905,22.516,22.73,490478,0
2013-05-07,22.768,23.348,22.758,23.348,700628,0
2013-05-08,23.356,23.557,23.261,23.303,610378,0
2013-05-09,23.321,23.426,22.966,23.131,676010,0
2013-05-10,23.165,23.436,23.018,23.079,443958,0
2013-05-13,23.043,23.131,22.141,22.263,1135675,0
2013-05-14,22.263,22.462,22.151,22.174,1012019,0
2013-05-15,22.141,22.191,21.916,22.088,808335,0
2013-05-16,22.106,22.141,21.951,22.131,699634,0
2013-05-17,22.289,22.462,22.174,22.425,839945,0
2013-05-20,22.401,22.454,22.183,22.21,745506,0
2013-05-21,22.183,22.255,21.731,21.943,842126,0
2013-05-22,21.943,22.191,21.297,21.455,1180994,0
2013-05-23,21.341,21.412,21.133,21.385,1293794,0
2013-05-24,21.297,21.638,21.081,21.535,617043,0
2013-05-28,21.76,22.054,20.767,21.065,1333209,0
2013-05-29,20.907,20.925,19.624,20.318,3202750,0
2013-05-30,20.396,21.124,20.36,21.124,1623400,0
2013-05-31,21.128,21.172,20.715,20.733,710135,0
2013-06-03,20.717,20.743,20.213,20.579,1577462,0
2013-06-04,20.579,20.603,19.934,20.118,1304445,0
2013-06-05,20.108,20.162,19.467,19.528,1850758,0
2013-06-06,19.511,19.78,19.44,19.765,1581287,0
2013-06-07,19.937,19.937,19.553,19.85,1292091,0
2013-06-10,19.894,20.043,19.684,19.78,816933,0
2013-06-11,19.546,19.773,19.422,19.492,858604,0
2013-06-12,19.693,19.773,19.116,19.3,1432843,0
2013-06-13,19.328,19.886,19.187,19.867,1112218,0
2013-06-14,19.886,20.175,19.826,20.051,1158361,0
2013-06-17,20.252,20.338,19.806,19.858,665561,0
2013-06-18,19.806,19.858,19.528,19.736,1048490,0
2013-06-19,19.756,19.834,19.197,19.216,1562051,0
2013-06-20,19.029,19.029,18.665,18.797,1742013,0
2013-06-21,18.836,18.88,18.401,18.62,1834775,0
2013-06-24,18.401,18.418,17.798,17.921,2051609,0
2013-06-25,18.045,18.192,17.939,18.174,1630609,0
2013-06-26,18.35,18.82,18.304,18.665,1759767,0
2013-06-27,18.812,19.338,18.788,19.109,1529902,0
2013-06-28,19.177,19.528,19.073,19.327,1757233,0
2013-07-01,19.354,19.587,19.239,19.309,984405,0
2013-07-02,19.291,19.346,18.722,18.812,1153470,0
2013-07-03,18.797,19.124,18.722,19.021,509336,0
2013-07-05,19.169,19.223,18.559,18.854,1038651,0
2013-07-08,18.89,19.291,18.854,19.197,1004412,0
2013-07-09,19.272,19.649,19.255,19.511,1166380,0
2013-07-10,19.458,19.519,18.797,18.845,2210542,0
2013-07-11,19.083,19.44,19.083,19.272,1154957,0
2013-07-12,19.223,19.537,19.178,19.492,909145,0
2013-07-15,19.561,19.702,19.187,19.546,1146809,0
2013-07-16,19.606,19.842,19.501,19.546,957690,0
2013-07-17,19.606,19.85,19.44,19.842,1196774,0
2013-07-18,19.894,19.998,19.765,19.787,755011,0
2013-07-19,19.736,19.85,19.528,19.756,1006920,0
2013-07-22,19.746,19.746,19.501,19.649,1035922,0
2013-07-23,19.693,19.702,19.378,19.537,1120250,0
2013-07-24,19.414,19.579,19.207,19.216,1136487,0
2013-07-25,19.075,19.319,18.836,19.207,1443938,0
2013-07-26,19.131,19.597,18.993,19.587,624799,0
2013-07-29,19.501,19.667,19.422,19.633,1242201,0
2013-07-30,19.736,19.903,19.511,19.625,779380,0
2013-07-31,19.615,20.025,19.405,19.842,1305935,0
2013-08-01,19.989,20.486,19.989,20.035,1644763,0
2013-08-02,19.974,20.051,19.773,19.78,711861,0
2013-08-05,19.773,19.965,19.667,19.756,534642,0
2013-08-06,19.684,19.719,19.282,19.346,955895,0
2013-08-07,19.232,19.361,19.083,19.151,759195,0
2013-08-08,19.216,19.44,19.169,19.282,621604,0
2013-08-09,19.247,19.449,19.109,19.255,589712,0
2013-08-12,19.109,19.328,19.057,19.232,515512,0
2013-08-13,19.178,19.187,18.91,19.101,947646,0
2013-08-14,19.083,19.346,18.935,19.346,635199,0
2013-08-15,19.047,19.3,18.977,19.255,1012599,0
2013-08-16,19.151,19.422,19.083,19.3,761201,0
2013-08-19,19.255,19.291,18.845,18.952,859778,0
2013-08-20,18.943,19.272,18.89,19.012,580690,0
2013-08-21,18.91,19.066,18.62,18.805,566437,0
2013-08-22,18.845,19.057,18.637,18.647,683080,0
2013-08-23,18.672,18.935,18.628,18.854,1071850,0
2013-08-26,18.836,18.985,18.698,18.89,468615,0
2013-08-27,18.732,18.88,18.698,18.75,664664,0
2013-08-28,18.732,18.952,18.672,18.713,763763,0
2013-08-29,18.665,18.75,18.436,18.566,1076849,0
2013-08-30,18.616,18.704,18.281,18.327,899606,0
2013-09-03,18.655,18.961,18.415,18.871,1624100,0
2013-09-04,18.89,19.224,18.835,18.952,1149282,0
2013-09-05,18.943,19.132,18.89,18.961,915768,0
2013-09-06,19.093,19.38,18.827,19.093,668603,0
2013-09-09,19.11,19.705,19.102,19.697,891080,0
2013-09-10,19.705,19.801,19.372,19.531,637637,0
2013-09-11,19.461,19.663,19.18,19.224,1109868,0
2013-09-12,19.224,19.407,19.039,19.084,431766,0
2013-09-13,19.234,19.47,19.067,19.217,816208,0
2013-09-16,19.407,19.583,19.257,19.399,919396,0
2013-09-17,19.339,19.741,19.248,19.732,895879,0
2013-09-18,19.792,20.461,19.751,20.409,901636,0
2013-09-19,20.4,20.576,20.304,20.409,704548,0
2013-09-20,20.495,20.55,20.364,20.409,1370691,0
2013-09-23,20.364,20.681,20.304,20.542,839048,0
2013-09-24,20.593,21.023,20.477,20.9,1258777,0
2013-09-25,20.863,21.682,20.863,21.524,2355465,0
2013-09-26,21.524,21.62,21.331,21.601,1307820,0
2013-09-27,21.462,21.551,21.373,21.469,940677,0
2013-09-30,21.497,21.602,21.321,21.469,1277529,0
2013-10-01,21.383,21.611,21.294,21.534,1386692,0
2013-10-02,21.445,21.544,21.242,21.497,885340,0
2013-10-03,21.427,21.697,21.313,21.647,1141793,0
2013-10-04,21.611,21.714,21.347,21.383,907371,0
2013-10-07,21.093,21.418,20.926,21.207,949169,0
2013-10-08,21.215,21.268,20.88,21.014,986636,0
2013-10-09,21.023,21.05,20.715,20.733,1339460,0
2013-10-10,20.88,21.067,20.847,20.955,920574,0
2013-10-11,20.863,21.182,20.75,21.11,973375,0
2013-10-14,20.971,21.261,20.971,21.261,554607,0
2013-10-15,21.215,21.294,20.978,21.11,693255,0
2013-10-16,21.242,21.534,21.172,21.534,764084,0
2013-10-17,21.469,21.865,21.436,21.787,864789,0
2013-10-18,22.128,22.386,22.058,22.368,1186165,0
2013-10-21,22.386,22.691,22.339,22.601,1010099,0
2013-10-22,22.699,23.129,22.601,23.112,1123986,0
2013-10-23,23.05,23.05,22.226,22.245,1513199,0
2013-10-24,22.386,23.164,22.386,22.61,1701545,0
2013-10-25,22.699,22.805,22.137,22.368,984098,0
2013-10-28,22.368,22.629,22.261,22.593,1009134,0
2013-10-29,22.665,22.733,22.524,22.699,595334,0
2013-10-30,22.781,23.007,22.593,22.733,861276,0
2013-10-31,22.882,23.191,22.787,22.801,1151693,0
2013-11-01,22.699,22.847,22.292,22.368,1402964,0
2013-11-04,22.481,22.629,22.348,22.593,612162,0
2013-11-05,22.557,22.658,22.147,22.165,759768,0
2013-11-06,22.339,22.557,22.235,22.378,531980,0
2013-11-07,22.41,22.533,21.937,21.946,596103,0
2013-11-08,21.919,22.292,21.873,22.111,753211,0
2013-11-11,22.078,22.119,21.804,21.971,1166079,0
2013-11-12,21.995,22.165,21.796,21.954,815317,0
2013-11-13,21.833,22.279,21.833,22.245,495451,0
2013-11-14,22.235,22.393,22.119,22.339,357660,0
2013-11-15,22.302,22.386,22.188,22.302,421883,0
2013-11-18,22.312,22.386,22.085,22.137,554240,0
2013-11-19,22.165,22.358,22.093,22.157,378735,0
2013-11-20,22.261,22.629,22.119,22.312,646150,0
2013-11-21,22.401,22.462,22.33,22.444,512817,0
2013-11-22,22.444,22.658,22.348,22.629,390479,0
2013-11-25,22.665,23.086,22.649,23.015,576734,0
2013-11-26,23.05,23.313,22.998,23.252,648174,0
2013-11-27,23.261,23.552,23.261,23.482,574524,0
2013-11-29,23.693,23.693,23.322,23.332,286806,0
2013-12-02,23.183,23.779,22.981,23.402,868102,0
2013-12-03,23.418,23.561,23.251,23.553,633807,0
2013-12-04,23.446,23.755,23.216,23.525,508392,0
2013-12-05,23.303,23.525,23.172,23.497,701667,0
2013-12-06,23.719,24.099,23.638,24.082,961074,0
2013-12-09,24.212,24.449,24.151,24.248,1059277,0
2013-12-10,24.177,24.768,24.161,24.248,1784129,0
2013-12-11,24.229,24.31,23.771,23.825,734473,0
2013-12-12,23.797,23.949,23.71,23.93,695690,0
2013-12-13,23.967,24.267,23.967,24.133,857830,0
2013-12-16,24.285,24.293,23.967,24.044,722828,0
2013-12-17,24.082,24.082,23.755,24.027,670392,0
2013-12-18,24.108,24.646,24.027,24.468,1254638,0
2013-12-19,24.381,24.477,24.151,24.187,521072,0
2013-12-20,24.257,24.591,24.257,24.391,2249756,0
2013-12-23,24.532,24.847,24.381,24.82,845045,0
2013-12-24,24.812,25.122,24.797,24.92,459351,0
2013-12-26,24.953,25.192,24.636,24.673,718283,0
2013-12-27,24.788,24.788,24.558,24.646,619070,0
2013-12-30,24.646,24.855,24.617,24.768,313858,0
2013-12-31,24.797,25.059,24.722,24.864,484367,0
2014-01-02,24.723,24.855,24.353,24.532,939795,0
2014-01-03,24.532,24.673,24.203,24.293,522562,0
2014-01-06,24.318,24.449,24.063,24.212,517448,0
2014-01-07,24.257,24.433,24.044,24.293,852920,0
2014-01-08,24.212,24.293,23.959,24.239,961777,0
2014-01-09,24.276,24.285,23.887,24.072,648624,0
2014-01-10,24.143,24.293,23.887,23.959,902846,0
2014-01-13,23.861,24.027,23.418,23.515,818584,0
2014-01-14,23.553,23.629,23.234,23.393,998018,0
2014-01-15,23.41,23.629,23.313,23.322,902213,0
2014-01-16,23.322,23.612,23.27,23.418,457949,0
2014-01-17,23.27,23.506,23.224,23.428,360551,0
2014-01-21,23.62,23.658,22.801,22.952,808419,0
2014-01-22,22.943,23.12,22.836,22.961,536595,0
2014-01-23,22.952,23.039,22.703,22.917,877674,0
2014-01-24,22.778,22.961,22.72,22.836,914058,0
2014-01-27,22.899,23.191,22.749,22.943,916055,0
2014-01-28,22.97,23.03,22.661,22.853,842566,0
2014-01-29,22.67,22.882,22.486,22.554,982199,0
2014-01-30,22.68,22.882,22.53,22.811,459438,0
2014-01-31,22.616,23.03,22.486,22.853,663444,0
2014-02-03,22.827,22.882,21.974,22.306,1991626,0
2014-02-04,22.315,22.334,21.998,22.088,1571677,0
2014-02-05,21.912,22.141,21.912,21.974,944005,0
2014-02-06,22.071,22.315,21.875,22.096,825565,0
2014-02-07,22.273,22.615,22.096,22.522,1423058,0
2014-02-10,22.439,22.696,22.184,22.59,861507,0
2014-02-11,22.615,23.075,22.573,23.004,617987,0
2014-02-12,23.058,23.172,22.819,22.995,842889,0
2014-02-13,22.97,23.535,22.769,23.482,521225,0
2014-02-14,23.515,23.587,23.039,23.553,612948,0
2014-02-18,23.587,23.693,23.454,23.604,404064,0
2014-02-19,23.418,24.116,23.41,23.587,1241469,0
2014-02-20,23.629,24.072,23.587,23.851,888757,0
2014-02-21,23.93,24.239,23.861,24.036,702703,0
2014-02-24,24.072,24.239,23.515,23.596,978854,0
2014-02-25,23.612,23.771,23.41,23.446,680994,0
2014-02-26,23.454,23.488,23.128,23.454,1278190,0
2014-02-27,23.393,23.629,23.303,23.579,460998,0
2014-02-28,23.613,24.009,23.535,23.755,681913,0
2014-03-03,23.543,23.579,22.873,23.048,1120316,0
2014-03-04,23.303,23.797,23.243,23.428,1007710,0
2014-03-05,23.375,23.579,23.322,23.482,596341,0
2014-03-06,23.525,23.748,23.41,23.728,560532,0
2014-03-07,23.88,23.922,23.365,23.446,738008,0
2014-03-10,23.384,23.579,23.083,23.356,688032,0
2014-03-11,23.454,23.553,23.144,23.223,610455,0
2014-03-12,23.295,24.861,23.233,24.678,2736495,0
2014-03-13,24.678,24.809,24.127,24.233,988372,0
2014-03-14,24.154,24.596,24.154,24.199,585062,0
2014-03-17,24.279,24.518,24.047,24.101,690194,0
2014-03-18,24.101,24.472,24.038,24.386,966739,0
2014-03-19,24.367,24.736,24.11,24.321,1335577,0
2014-03-20,24.243,24.279,23.836,24.038,846216,0
2014-03-21,24.084,24.251,23.836,23.853,1074878,0
2014-03-24,23.853,24.038,23.438,23.446,930085,0
2014-03-25,23.506,23.872,23.384,23.535,887677,0
2014-03-26,23.677,23.872,23.233,23.242,571729,0
2014-03-27,23.19,23.41,22.808,22.923,860545,0
2014-03-28,22.932,23.374,22.808,22.985,364402,0
2014-03-31,23.18,23.579,23.127,23.515,722241,0
2014-04-01,23.543,24.056,23.418,23.986,918179,0
2014-04-02,24.011,24.065,23.872,23.961,833740,0
2014-04-03,24.011,24.127,23.809,23.941,423660,0
2014-04-04,24.127,24.127,23.144,23.152,723047,0
2014-04-07,23.037,23.223,22.967,23.118,609774,0
2014-04-08,23.17,23.269,22.915,23.161,1013160,0
2014-04-09,23.207,23.331,23.066,23.066,692779,0
2014-04-10,23.073,23.144,22.765,22.88,1152472,0
2014-04-11,22.611,23.152,22.611,22.783,812405,0
2014-04-14,23.002,23.25,22.621,22.783,706384,0
2014-04-15,22.851,23.472,22.651,23.295,714363,0
2014-04-16,23.418,23.543,23.295,23.295,613167,0
2014-04-17,23.295,23.356,22.95,22.958,475249,0
2014-04-21,22.967,23.002,22.568,22.676,763673,0
2014-04-22,22.701,23.242,22.543,23.037,948965,0
2014-04-23,22.976,23.233,22.915,23.144,648932,0
2014-04-24,24.004,25.181,24.004,24.261,1761675,0
2014-04-25,24.145,24.357,23.738,23.932,1308959,0
2014-04-28,23.961,24.189,23.579,23.605,1357231,0
2014-04-29,23.711,23.772,23.295,23.374,862290,0
2014-04-30,23.259,23.711,23.046,23.561,652965,0
2014-05-01,23.535,23.702,22.976,23.57,1067957,0
2014-05-02,23.639,24.047,23.588,23.951,952584,0
2014-05-05,23.853,23.986,23.605,23.961,760475,0
2014-05-06,23.844,24.101,23.728,23.904,1510914,0
2014-05-07,24.011,24.224,23.782,24.11,558890,0
2014-05-08,24.093,24.463,23.961,24.038,727831,0
2014-05-09,23.961,24.357,23.961,24.216,578158,0
2014-05-12,24.376,24.827,24.271,24.623,772012,0
2014-05-13,24.642,24.712,24.321,24.42,743530,0
2014-05-14,24.42,24.569,24.154,24.367,751534,0
2014-05-15,24.271,24.453,24.047,24.412,1254526,0
2014-05-16,24.453,24.578,24.271,24.553,869985,0
2014-05-19,24.527,24.794,24.376,24.463,469714,0
2014-05-20,24.386,24.508,24.216,24.482,1134886,0
2014-05-21,24.518,24.605,24.33,24.357,612954,0
2014-05-22,24.357,24.605,24.357,24.367,470436,0
2014-05-23,24.348,24.537,24.304,24.357,664327,0
2014-05-27,24.518,24.613,24.367,24.537,661550,0
2014-05-28,24.553,24.845,24.357,24.809,705527,0
2014-05-29,24.87,25.397,24.746,24.987,2425978,0
2014-05-30,25.057,25.296,24.703,24.819,1054080,0
2014-06-02,24.766,24.845,24.118,24.482,608956,0
2014-06-03,24.508,24.508,23.961,24.145,1216549,0
2014-06-04,24.118,24.508,24.101,24.472,648621,0
2014-06-05,24.463,24.912,24.294,24.83,546327,0
2014-06-06,24.974,25.091,24.92,25.053,671743,0
2014-06-09,25.044,25.303,25.017,25.091,407296,0
2014-06-10,25.063,25.133,24.929,25.072,324232,0
2014-06-11,25.017,25.243,24.848,24.929,345033,0
2014-06-12,24.938,25.151,24.883,25.116,647400,0
2014-06-13,25.198,25.25,24.989,25.125,421771,0
2014-06-16,25.116,25.198,24.982,25.198,532569,0
2014-06-17,25.151,25.84,25.044,25.57,1068944,0
2014-06-18,25.465,25.616,25.34,25.537,401618,0
2014-06-19,25.546,25.561,25.243,25.269,342657,0
2014-06-20,25.331,25.377,25.106,25.125,917416,0
2014-06-23,25.116,25.25,25.063,25.224,464362,0
2014-06-24,25.198,25.418,24.974,24.999,744801,0
2014-06-25,24.92,25.106,24.82,24.929,736223,0
2014-06-26,24.989,24.989,24.644,24.671,490829,0
2014-06-27,24.528,24.92,24.403,24.662,1204716,0
2014-06-30,24.57,25.027,24.453,24.83,1146891,0
2014-07-01,24.947,25.552,24.92,25.367,1151394,0
2014-07-02,25.387,25.418,25.125,25.198,401792,0
2014-07-03,25.321,25.546,25.294,25.387,279374,0
2014-07-07,25.396,25.418,24.912,24.956,614795,0
2014-07-08,24.929,25.099,24.82,25.007,814156,0
2014-07-09,25.082,25.206,24.893,24.912,955067,0
2014-07-10,24.287,24.778,24.133,24.644,918816,0
2014-07-11,24.57,24.903,24.482,24.83,539398,0
2014-07-14,25.007,25.141,24.856,24.982,752770,0
2014-07-15,24.883,25.133,24.812,24.864,560345,0
2014-07-16,24.989,24.989,24.528,24.662,879501,0
2014-07-17,24.518,24.671,24.081,24.098,1422917,0
2014-07-18,24.071,24.739,23.965,24.697,641774,0
2014-07-21,24.84,24.864,24.662,24.82,446371,0
2014-07-22,24.873,25.25,24.73,25.224,674569,0
2014-07-23,25.133,25.215,24.812,25.169,1184945,0
2014-07-24,24.453,24.912,24.196,24.739,1455211,0
2014-07-25,24.561,24.749,24.437,24.624,1039011,0
2014-07-28,24.662,24.759,24.419,24.482,574219,0
2014-07-29,24.653,25.224,24.653,24.903,1385469,0
2014-07-30,25.017,25.072,24.705,24.759,615385,0
2014-07-31,24.528,24.721,24.25,24.25,875938,0
2014-08-01,24.25,24.463,24.116,24.453,1021310,0
2014-08-04,24.537,24.579,24.116,24.482,1204511,0
2014-08-05,24.385,24.606,24.116,24.125,823997,0
2014-08-06,24.081,24.287,24.081,24.241,679297,0
2014-08-07,24.338,24.347,24.062,24.107,446176,0
2014-08-08,24.098,24.403,24.098,24.311,343806,0
2014-08-11,24.437,24.812,24.375,24.624,436952,0
2014-08-12,24.634,24.778,24.419,24.614,423612,0
2014-08-13,24.687,24.912,24.653,24.873,202235,0
2014-08-14,24.912,25.017,24.864,25.017,233125,0
2014-08-15,25.206,25.285,24.73,24.999,440182,0
2014-08-18,25.198,25.357,25.027,25.26,341762,0
2014-08-19,25.277,25.546,25.277,25.446,359166,0
2014-08-20,25.321,25.34,25.072,25.091,605293,0
2014-08-21,25.116,25.16,24.883,24.999,607338,0
2014-08-22,24.989,25.277,24.778,25.16,586455,0
2014-08-25,25.321,25.472,25.198,25.25,532526,0
2014-08-26,25.285,25.357,25.178,25.26,399870,0
2014-08-27,25.377,25.446,25.224,25.321,399747,0
2014-08-28,25.188,25.269,24.965,25.091,453598,0
2014-08-29,25.099,25.418,25.099,25.331,451560,0
2014-09-02,25.387,25.511,25.277,25.403,590623,0
2014-09-03,25.529,25.607,25.224,25.294,676084,0
2014-09-04,25.285,25.418,25.005,25.061,323626,0
2014-09-05,24.988,25.042,24.817,24.953,288829,0
2014-09-08,24.963,25.052,24.792,25.024,318881,0
2014-09-09,24.935,24.996,24.708,24.726,357778,0
2014-09-10,24.735,25.15,24.573,25.132,774247,0
2014-09-11,25.014,25.331,24.889,25.277,340435,0
2014-09-12,25.197,25.348,25.024,25.223,999529,0
2014-09-15,25.187,25.331,24.996,25.205,563536,0
2014-09-16,25.205,25.418,25.16,25.242,471996,0
2014-09-17,25.214,25.835,25.168,25.692,890505,0
2014-09-18,25.717,25.818,25.563,25.619,454797,0
2014-09-19,25.674,25.773,25.26,25.404,1052612,0
2014-09-22,25.378,25.388,25.014,25.014,641125,0
2014-09-23,24.908,24.988,24.609,24.628,583813,0
2014-09-24,24.564,25.09,24.404,25.08,630347,0
2014-09-25,25.042,25.042,24.665,24.87,815768,0
2014-09-26,24.889,25.187,24.817,25.14,436876,0
2014-09-29,24.889,25.08,24.744,24.971,578364,0
2014-09-30,24.926,24.971,24.439,24.439,1171832,0
2014-10-01,24.446,24.502,23.98,24.213,1752315,0
2014-10-02,24.241,24.439,24.177,24.241,820587,0
2014-10-03,24.502,24.648,24.413,24.511,487110,0
2014-10-06,24.609,24.609,24.213,24.222,438401,0
2014-10-07,24.041,24.132,23.872,23.88,535909,0
2014-10-08,23.905,24.367,23.89,24.33,687136,0
2014-10-09,24.303,24.386,23.817,23.836,782260,0
2014-10-10,23.836,24.15,23.674,23.682,507736,0
2014-10-13,23.7,23.963,23.609,23.79,723453,0
2014-10-14,24.024,24.312,23.924,24.177,844575,0
2014-10-15,23.817,24.717,23.808,24.573,1632994,0
2014-10-16,24.259,25.232,24.259,24.963,1359757,0
2014-10-17,25.269,25.592,24.899,25.531,1440675,0
2014-10-20,25.404,25.666,25.269,25.513,839894,0
2014-10-21,25.513,25.917,25.427,25.909,646668,0
2014-10-22,26.014,26.024,25.583,25.609,615143,0
2014-10-23,26.098,26.286,25.717,26.052,707471,0
2014-10-24,26.35,26.774,26.123,26.746,911277,0
2014-10-27,26.717,26.933,26.556,26.817,738141,0
2014-10-28,26.892,26.989,26.71,26.979,1204274,0
2014-10-29,27.036,27.17,26.852,27.105,888998,0
2014-10-30,27.008,27.935,26.96,27.449,1436646,0
2014-10-31,27.945,28.025,27.196,27.321,1311703,0
2014-11-03,27.395,27.529,27.043,27.296,901143,0
2014-11-04,27.279,27.467,27.178,27.395,731622,0
2014-11-05,27.503,27.682,27.161,27.331,639741,0
2014-11-06,27.314,27.377,27.069,27.124,541668,0
2014-11-07,27.105,27.341,26.952,27.305,523674,0
2014-11-10,27.367,27.429,27.25,27.414,849001,0
2014-11-11,27.449,27.62,27.259,27.321,531215,0
2014-11-12,27.367,27.817,27.178,27.807,534904,0
2014-11-13,27.846,27.945,27.484,27.629,505907,0
2014-11-14,27.639,27.935,27.629,27.765,576721,0
2014-11-17,27.666,27.892,27.648,27.71,318362,0
2014-11-18,27.756,28.033,27.648,27.962,609707,0
2014-11-19,27.91,28.134,27.556,27.916,527976,0
2014-11-20,27.765,28.342,27.765,28.332,489403,0
2014-11-21,28.64,28.701,28.277,28.429,708604,0
2014-11-24,28.513,28.622,28.26,28.521,590530,0
2014-11-25,28.547,28.774,28.429,28.746,1807901,0
2014-11-26,28.756,28.998,28.64,28.973,715727,0
2014-11-28,29.09,29.134,28.809,28.846,390460,0
2014-12-01,28.728,29.081,28.673,29.025,551869,0
2014-12-02,29.034,29.521,28.982,29.504,948805,0
2014-12-03,29.423,29.881,29.232,29.693,1063267,0
2014-12-04,29.583,29.938,29.537,29.873,630518,0
2014-12-05,29.919,30.274,29.537,29.783,1402251,0
2014-12-08,29.702,30.1,29.502,29.765,828649,0
2014-12-09,29.484,29.946,29.32,29.929,518158,0
2014-12-10,29.911,30.437,29.638,29.775,1312313,0
2014-12-11,29.973,30.22,29.755,29.919,1389943,0
2014-12-12,29.111,29.746,29.102,29.502,1578284,0
2014-12-15,29.702,29.864,29.339,29.547,1046846,0
2014-12-16,28.694,29.547,28.594,29.266,2008739,0
2014-12-17,29.32,29.62,29.057,29.403,1556716,0
2014-12-18,29.674,29.982,29.465,29.982,901375,0
2014-12-19,30.056,30.2,29.883,30.038,1530962,0
2014-12-22,30.109,30.236,29.829,30.175,597638,0
2014-12-23,30.381,30.745,30.064,30.564,644081,0
2014-12-24,30.601,31.171,30.465,31.137,530219,0
2014-12-26,31.245,31.282,30.972,31.001,507799,0
2014-12-29,31.072,31.327,30.991,31.099,542193,0
2014-12-30,30.981,31.209,30.863,31.062,302639,0
2014-12-31,31.09,31.171,30.763,30.773,668302,0
2015-01-02,31.044,31.154,30.391,30.619,702862,0
2015-01-05,30.41,30.554,30.1,30.264,1278322,0
2015-01-06,30.354,30.554,29.583,29.638,914789,0
2015-01-07,29.847,30.109,29.583,30.092,1034266,0
2015-01-08,30.329,30.79,30.2,30.745,1454131,0
2015-01-09,30.808,30.863,30.419,30.437,571546,0
2015-01-12,30.437,30.601,30.02,30.544,610230,0
2015-01-13,30.845,31.236,30.627,30.972,1073001,0
2015-01-14,30.671,31.181,30.564,30.981,1055972,0
2015-01-15,31.09,31.282,30.863,31.036,1313134,0
2015-01-16,31.09,31.298,30.909,31.062,1537770,0
2015-01-20,31.245,31.254,30.798,31.118,952228,0
2015-01-21,31.081,31.227,30.828,30.981,663776,0
2015-01-22,31.282,31.498,31.001,31.445,1781462,0
2015-01-23,31.545,31.662,31.289,31.318,532875,0
2015-01-26,31.318,31.682,31.062,31.635,653248,0
2015-01-27,31.48,31.717,31.336,31.672,835092,0
2015-01-28,31.751,31.852,31.072,31.146,428915,0
2015-01-29,31.236,31.562,30.981,31.463,546423,0
2015-01-30,31.254,31.453,30.837,30.882,524105,0
2015-02-02,30.943,31.245,30.428,31.227,761437,0
2015-02-03,31.353,31.717,31.272,31.635,619457,0
2015-02-04,31.562,31.717,31.472,31.608,625356,0
2015-02-05,31.799,31.817,31.489,31.635,1075340,0
2015-02-06,31.698,31.917,31.289,31.717,869165,0
2015-02-09,31.536,31.599,31.01,31.154,666749,0
2015-02-10,31.418,31.58,31.137,31.517,562799,0
2015-02-11,31.536,32.052,31.445,31.817,992884,0
2015-02-12,32.805,33.685,32.516,33.496,1966281,0
2015-02-13,33.777,34.267,33.549,33.586,1306373,0
2015-02-17,33.761,33.932,33.568,33.634,754374,0
2015-02-18,33.667,33.667,32.634,32.834,1150335,0
2015-02-19,32.725,32.751,32.443,32.678,769877,0
2015-02-20,32.596,32.678,32.08,32.67,1037351,0
2015-02-23,32.67,32.678,32.198,32.417,686167,0
2015-02-24,32.408,32.451,31.744,31.87,1490437,0
2015-02-25,31.917,32.208,31.87,31.935,722590,0
2015-02-26,31.989,32.325,31.889,32.071,592185,0
2015-02-27,32.071,32.161,31.771,31.799,871332,0
2015-03-02,31.79,31.935,31.707,31.88,1069016,0
2015-03-03,31.87,31.944,31.635,31.781,926026,0
2015-03-04,31.726,31.817,31.2,31.289,363316,0
2015-03-05,31.373,31.373,30.934,31.097,459294,0
2015-03-06,30.86,31.079,30.11,30.302,1213830,0
2015-03-09,30.403,30.539,30.312,30.34,875130,0
2015-03-10,30.185,30.366,30.074,30.229,771888,0
2015-03-11,30.384,31.217,30.286,31.16,2037994,0
2015-03-12,31.473,32.387,31.189,32.342,1569040,0
2015-03-13,32.113,32.497,31.994,32.459,902798,0
2015-03-16,32.487,32.606,32.288,32.553,1003740,0
2015-03-17,32.459,32.57,32.279,32.487,633215,0
2015-03-18,32.477,32.588,32.232,32.459,788512,0
2015-03-19,32.435,32.468,32.25,32.259,463484,0
2015-03-20,32.313,32.615,32.123,32.351,1537871,0
2015-03-23,32.279,32.57,32.259,32.487,515431,0
2015-03-24,32.397,32.497,32.305,32.387,434938,0
2015-03-25,32.397,32.487,31.967,32.023,595267,0
2015-03-26,31.921,32.004,31.747,31.885,438986,0
2015-03-27,31.893,32.15,31.839,31.994,526041,0
2015-03-30,32.058,32.826,32.004,32.753,852598,0
2015-03-31,32.606,32.661,32.407,32.625,444633,0
2015-04-01,32.615,32.789,32.279,32.717,732190,0
2015-04-02,32.743,33.028,32.553,32.973,515431,0
2015-04-06,32.789,33.238,32.654,33.063,722347,0
2015-04-07,33.009,33.071,32.772,32.789,491620,0
2015-04-08,32.762,33.081,32.726,33.045,291892,0
2015-04-09,32.954,33.139,32.451,32.654,455906,0
2015-04-10,32.451,32.816,32.451,32.789,663180,0
2015-04-13,32.772,33.148,32.57,33.091,500449,0
2015-04-14,33.111,33.172,32.743,32.927,492793,0
2015-04-15,33.071,33.157,32.873,32.934,652224,0
2015-04-16,32.864,32.908,32.579,32.807,335977,0
2015-04-17,32.596,32.753,32.305,32.625,886721,0
2015-04-20,32.846,33.258,32.671,33.13,477401,0
2015-04-21,33.375,33.375,32.855,33.071,686507,0
2015-04-22,33.157,33.641,32.934,33.594,1397760,0
2015-04-23,33.969,33.969,33.284,33.896,1131697,0
2015-04-24,33.941,34.919,33.822,34.591,1361840,0
2015-04-27,34.692,34.692,33.752,33.941,2081299,0
2015-04-28,33.862,34.153,33.614,33.96,806010,0
2015-04-29,33.742,33.742,33.002,33.385,1249916,0
2015-04-30,33.101,33.3,31.738,31.812,1203657,0
2015-05-01,31.839,32.305,31.793,31.957,629169,0
2015-05-04,31.967,32.104,31.747,31.865,633546,0
2015-05-05,31.912,32.076,31.628,31.693,1009644,0
2015-05-06,31.729,31.875,31.546,31.875,1183072,0
2015-05-07,31.803,32.049,31.656,31.848,956779,0
2015-05-08,32.185,32.525,32.15,32.477,663618,0
2015-05-11,32.442,32.918,32.416,32.899,784794,0
2015-05-12,32.753,32.772,32.176,32.468,768682,0
2015-05-13,32.323,32.679,32.03,32.067,955510,0
2015-05-14,32.205,32.562,32.15,32.468,504387,0
2015-05-15,32.525,32.606,32.323,32.579,560271,0
2015-05-18,32.562,33.13,32.468,33.045,511942,0
2015-05-19,33.157,33.503,32.963,33.457,910443,0
2015-05-20,33.584,33.657,33.32,33.547,948510,0
2015-05-21,33.485,33.523,33.13,33.148,886939,0
2015-05-22,33.12,33.238,32.743,32.944,580283,0
2015-05-26,32.753,32.816,32.205,32.342,607256,0
2015-05-27,32.305,32.772,32.013,32.671,1130711,0
2015-05-28,32.671,32.698,32.407,32.689,670696,0
2015-05-29,32.689,32.753,32.313,32.654,1006911,0
2015-06-01,32.846,32.89,32.435,32.596,558289,0
2015-06-02,32.468,32.534,32.222,32.332,567102,0
2015-06-03,32.468,33.21,32.313,33.071,743235,0
2015-06-04,32.89,33.018,32.521,32.55,561501,0
2015-06-05,32.584,32.787,32.317,32.483,751457,0
2015-06-08,32.493,32.521,32.245,32.245,398590,0
2015-06-09,32.144,32.317,31.831,31.932,776440,0
2015-06-10,32.136,32.512,32.078,32.144,1002125,0
2015-06-11,32.226,32.584,32.088,32.584,719145,0
2015-06-12,32.576,32.584,32.346,32.402,390226,0
2015-06-15,32.253,32.392,31.959,31.996,834434,0
2015-06-16,31.941,32.512,31.941,32.402,794032,0
2015-06-17,32.54,32.677,32.226,32.493,876900,0
2015-06-18,32.651,33.045,32.651,33.018,732668,0
2015-06-19,33.037,33.229,32.88,33.12,1004513,0
2015-06-22,33.357,33.397,32.972,33.286,1005274,0
2015-06-23,33.367,33.56,33.192,33.469,732601,0
2015-06-24,33.497,33.533,33.12,33.229,502312,0
2015-06-25,33.277,33.516,32.982,33.423,940109,0
2015-06-26,33.497,34.206,33.322,34.104,1897271,0
2015-06-29,33.818,34.167,33.719,33.809,1117465,0
2015-06-30,34.335,34.483,33.948,34.262,1144080,0
2015-07-01,34.602,34.794,34.435,34.583,864300,0
2015-07-02,34.583,34.73,34.225,34.556,646977,0
2015-07-06,34.252,35.07,33.957,35.015,1056320,0
2015-07-07,35.099,35.431,34.73,35.421,693677,0
2015-07-08,35.118,35.587,34.97,35.118,1168182,0
2015-07-09,35.375,35.458,34.996,35.099,1190450,0
2015-07-10,35.772,36.444,35.329,36.396,1344457,0
2015-07-13,36.554,36.829,35.247,35.587,1753908,0
2015-07-14,35.578,35.67,35.357,35.431,842366,0
2015-07-15,35.411,35.55,35.3,35.513,527334,0
2015-07-16,34.814,35.274,34.621,35.089,1253443,0
2015-07-17,35.136,35.199,34.886,35.054,512085,0
2015-07-20,35.099,35.163,34.842,35.109,524467,0
2015-07-21,35.145,35.613,34.961,35.163,693352,0
2015-07-22,35.054,35.541,35.054,35.476,808584,0
2015-07-23,36.609,36.931,35.697,36.341,1570902,0
2015-07-24,36.574,37.29,36.453,37.087,1893035,0
2015-07-27,36.986,37.197,36.351,36.516,1012768,0
2015-07-28,36.535,36.574,36.213,36.388,919582,0
2015-07-29,36.425,36.674,36.269,36.589,740598,0
2015-07-30,36.507,37.557,36.435,37.538,1346844,0
2015-07-31,37.685,37.906,37.29,37.364,619824,0
2015-08-03,37.474,37.732,37.317,37.732,600741,0
2015-08-04,37.641,38.201,37.429,38.054,1382687,0
2015-08-05,38.156,38.533,37.972,38.129,770679,0
2015-08-06,38.064,38.156,37.253,37.4,513067,0
2015-08-07,37.197,37.354,36.839,36.986,1006903,0
2015-08-10,37.217,37.391,37.032,37.197,974756,0
2015-08-11,37.032,37.522,36.876,37.429,770771,0
2015-08-12,37.18,37.227,36.369,37.161,540760,0
2015-08-13,37.123,37.492,36.82,37.3,322673,0
2015-08-14,37.309,38.377,37.253,38.33,1322734,0
2015-08-17,38.191,39.741,37.814,39.004,1830259,0
2015-08-18,38.947,39.014,38.497,38.67,580943,0
2015-08-19,38.515,38.884,38.027,38.414,1013852,0
2015-08-20,37.972,38.09,37.612,37.677,793814,0
2015-08-21,37.07,37.612,36.462,37.474,1356402,0
2015-08-24,34.834,36.978,34.094,36.065,1737841,0
2015-08-25,37.014,37.014,35.697,35.826,1126046,0
2015-08-26,36.82,36.94,35.468,36.158,784040,0
2015-08-27,36.516,36.729,35.678,36.002,1293082,0
2015-08-28,36.002,36.241,35.559,35.743,1255941,0
2015-08-31,35.817,36.259,35.605,35.78,986595,0
2015-09-01,34.98,35.448,34.767,34.859,931422,0
2015-09-02,35.218,35.559,34.933,35.559,798703,0
2015-09-03,35.613,35.968,35.613,35.689,535853,0
2015-09-04,35.245,35.708,35.152,35.475,642141,0
2015-09-08,35.939,36.356,35.633,36.216,672893,0
2015-09-09,36.477,36.551,35.902,35.939,778317,0
2015-09-10,35.911,36.17,35.753,35.856,765022,0
2015-09-11,35.679,36.459,35.679,36.365,505750,0
2015-09-14,36.375,36.8,36.274,36.672,537796,0
2015-09-15,36.699,36.764,36.365,36.643,1036317,0
2015-09-16,36.689,36.978,36.421,36.931,685842,0
2015-09-17,36.949,37.636,36.782,37.422,1378694,0
2015-09-18,37.014,37.58,36.911,37.098,1838158,0
2015-09-21,37.274,37.775,37.061,37.154,1026391,0
2015-09-22,36.848,37.292,36.635,36.911,889027,0
2015-09-23,37.041,37.088,36.736,37.023,912047,0
2015-09-24,36.828,37.071,36.635,36.884,596422,0
2015-09-25,36.995,37.051,36.319,36.477,833241,0
2015-09-28,36.459,36.8,35.735,35.819,1483984,0
2015-09-29,35.744,35.902,35.197,35.281,1214145,0
2015-09-30,35.569,36.319,35.42,36.208,1081745,0
2015-10-01,36.216,36.329,35.447,35.902,790293,0
2015-10-02,35.653,36.154,35.318,36.154,549450,0
2015-10-05,36.375,36.746,36.329,36.643,758782,0
2015-10-06,36.561,36.727,36.069,36.347,645380,0
2015-10-07,36.532,37.061,36.365,37.051,445000,0
2015-10-08,37.041,37.552,36.791,37.534,501649,0
2015-10-09,37.636,37.709,37.31,37.441,565746,0
2015-10-12,37.377,37.736,37.31,37.58,745147,0
2015-10-13,37.403,37.616,37.302,37.377,774649,0
2015-10-14,37.282,37.422,36.606,36.653,747024,0
2015-10-15,36.746,37.588,36.746,37.57,507800,0
2015-10-16,37.673,37.699,37.245,37.448,625092,0
2015-10-19,37.357,37.542,37.032,37.412,617713,0
2015-10-20,37.432,37.441,36.884,36.968,689737,0
2015-10-21,37.051,37.154,36.551,36.571,699655,0
2015-10-22,36.365,36.449,35.318,35.662,1534189,0
2015-10-23,35.708,36.494,35.41,36.494,1316438,0
2015-10-26,36.338,36.449,35.828,36.411,1096636,0
2015-10-27,36.154,36.468,35.939,35.995,765153,0
2015-10-28,36.198,36.626,35.995,36.626,796012,0
2015-10-29,36.402,36.699,35.902,35.939,531646,0
2015-10-30,35.856,36.154,35.169,35.336,937045,0
2015-11-02,35.346,36.145,35.308,36.049,736601,0
2015-11-03,36.023,36.077,35.662,35.828,624121,0
2015-11-04,35.8,36.039,35.365,35.513,526642,0
2015-11-05,35.689,36.059,35.596,35.874,384897,0
2015-11-06,35.8,35.8,35.178,35.308,903701,0
2015-11-09,35.281,35.402,34.819,35.116,563917,0
2015-11-10,34.976,35.559,34.976,35.541,483952,0
2015-11-11,35.587,35.633,35.255,35.299,319290,0
2015-11-12,35.086,35.393,34.549,34.688,439173,0
2015-11-13,34.484,34.854,34.391,34.549,447158,0
2015-11-16,34.446,34.762,34.206,34.446,860216,0
2015-11-17,34.401,35.133,34.087,34.094,1477863,0
2015-11-18,34.133,35.197,34.104,35.178,619914,0
2015-11-19,35.206,35.484,35.16,35.374,818244,0
2015-11-20,35.457,35.753,35.272,35.393,1049805,0
2015-11-23,35.41,35.995,35.41,35.995,923664,0
2015-11-24,35.735,36.459,35.633,36.216,881690,0
2015-11-25,36.179,36.309,36.049,36.291,389752,0
2015-11-27,36.236,36.616,36.179,36.616,244188,0
2015-11-30,36.764,36.791,36.421,36.551,682390,0
2015-12-01,36.626,36.968,36.626,36.911,579172,0
2015-12-02,36.81,36.968,36.264,36.356,489251,0
2015-12-03,36.394,36.411,35.106,35.197,863070,0
2015-12-04,35.226,35.991,35.226,35.991,643489,0
2015-12-07,35.934,35.991,35.599,35.776,450432,0
2015-12-08,35.589,36.28,35.589,36.045,465989,0
2015-12-09,35.721,35.934,34.657,34.666,894644,0
2015-12-10,34.657,34.778,34.441,34.517,493737,0
2015-12-11,34.144,34.704,33.705,33.817,1425794,0
2015-12-14,33.734,33.929,33.249,33.34,789982,0
2015-12-15,33.286,33.52,32.568,33.128,1301235,0
2015-12-16,33.35,33.399,32.688,33.258,623229,0
2015-12-17,33.359,33.481,32.808,32.818,583139,0
2015-12-18,32.576,32.818,32.212,32.39,2279382,0
2015-12-21,32.558,32.921,32.082,32.921,991655,0
2015-12-22,32.978,33.593,32.856,33.52,578282,0
2015-12-23,33.666,33.865,33.399,33.564,510460,0
2015-12-24,33.545,33.856,33.379,33.695,190379,0
2015-12-28,33.574,33.779,33.369,33.779,416201,0
2015-12-29,33.891,34.125,33.717,34.079,456878,0
2015-12-30,33.957,34.229,33.865,33.883,780740,0
2015-12-31,33.676,33.985,33.303,33.49,627323,0
2016-01-04,32.929,33.137,32.472,32.763,848881,0
2016-01-05,32.763,33.201,32.603,33.015,700141,0
2016-01-06,32.783,33.118,32.593,32.894,586194,0
2016-01-07,32.381,32.861,32.232,32.462,1263466,0
2016-01-08,32.633,32.697,31.523,31.569,1929131,0
2016-01-11,31.821,32.492,31.662,32.39,790556,0
2016-01-12,32.653,32.678,32.12,32.531,1026579,0
2016-01-13,32.11,32.11,30.151,30.263,2962278,0
2016-01-14,30.439,31.682,30.248,31.438,1126687,0
2016-01-15,30.534,30.971,30.188,30.85,999427,0
2016-01-19,31.064,31.317,30.729,30.962,593750,0
2016-01-20,30.551,30.803,29.61,30.449,831304,0
2016-01-21,30.599,31.252,30.439,31.01,661217,0
2016-01-22,31.345,31.708,31.158,31.606,625174,0
2016-01-25,31.401,31.569,30.793,30.85,541062,0
2016-01-26,30.925,31.438,30.804,30.981,1747108,0
2016-01-27,30.869,31.27,30.654,30.813,1107104,0
2016-01-28,31.064,31.374,31.018,31.307,1410075,0
2016-01-29,31.438,32.063,31.037,32.063,1824676,0
2016-02-01,31.754,32.482,31.662,32.314,1310569,0
2016-02-02,32.092,32.259,31.682,31.876,927931,0
2016-02-03,32.164,32.725,31.736,32.603,1069631,0
2016-02-04,32.41,32.593,31.759,32.044,862934,0
2016-02-05,31.866,31.961,31.127,31.186,878758,0
2016-02-08,30.897,31.141,30.283,30.551,1116813,0
2016-02-09,30.235,30.842,30.104,30.477,1174528,0
2016-02-10,30.682,31.433,30.524,30.618,973044,0
2016-02-11,29.861,32.865,29.824,32.603,1321514,0
2016-02-12,32.885,34,32.613,33.632,1099346,0
2016-02-16,34.106,34.713,34.005,34.116,941576,0
2016-02-17,34.256,34.499,33.77,33.957,1092863,0
2016-02-18,33.985,35.264,33.817,35.226,1352624,0
2016-02-19,35.039,35.226,34.582,34.675,843804,0
2016-02-22,35.03,35.245,34.764,34.786,971068,0
2016-02-23,34.713,35.067,34.238,34.507,1084241,0
2016-02-24,34.301,34.927,34.256,34.517,1040358,0
2016-02-25,34.647,35.403,34.647,35.299,850838,0
2016-02-26,35.366,35.44,34.591,34.816,640857,0
2016-02-29,34.731,34.974,34.423,34.544,1006411,0
2016-03-01,34.806,35.543,34.657,35.123,1216246,0
2016-03-02,34.731,35.309,34.731,35.299,856437,0
2016-03-03,35.206,35.618,35.001,35.599,716254,0
2016-03-04,35.553,35.748,34.904,35.298,719262,0
2016-03-07,35.045,35.421,34.463,34.874,661582,0
2016-03-08,34.782,34.922,34.283,34.302,531660,0
2016-03-09,34.424,34.424,33.672,33.964,813276,0
2016-03-10,34.219,34.434,33.823,34.161,820784,0
2016-03-11,34.509,34.847,34.311,34.82,277044,0
2016-03-14,34.726,34.942,34.274,34.283,531028,0
2016-03-15,34.125,34.341,33.993,34.049,370042,0
2016-03-16,33.833,34.351,33.75,34.341,357342,0
2016-03-17,34.311,34.904,34.199,34.847,488385,0
2016-03-18,34.942,35.233,34.782,34.913,983753,0
2016-03-21,34.839,35.383,34.735,35.242,555424,0
2016-03-22,35.072,35.167,34.735,34.83,536589,0
2016-03-23,34.82,34.82,34.424,34.424,367541,0
2016-03-24,34.341,34.763,34.115,34.463,426649,0
2016-03-28,34.594,34.744,34.341,34.528,276429,0
2016-03-29,34.378,35.411,34.143,35.392,777517,0
2016-03-30,35.364,36.022,35.213,35.786,585583,0
2016-03-31,35.703,35.994,35.553,35.796,485452,0
2016-04-01,35.448,36.027,35.392,35.805,562416,0
2016-04-04,35.873,35.974,35.392,35.439,412835,0
2016-04-05,35.262,35.307,34.396,34.396,712470,0
2016-04-06,34.331,34.396,33.969,34.321,477893,0
2016-04-07,34.17,34.584,33.974,34.387,857501,0
2016-04-08,34.678,34.894,34.02,34.115,327885,0
2016-04-11,34.134,34.283,33.184,33.28,798608,0
2016-04-12,33.296,33.296,32.529,33.222,613093,0
2016-04-13,33.306,33.823,33.165,33.814,551224,0
2016-04-14,33.862,34.274,33.628,34.125,598485,0
2016-04-15,34.049,34.519,33.956,34.246,537598,0
2016-04-18,34.19,34.369,33.946,34.361,263940,0
2016-04-19,34.396,34.396,33.804,33.956,371807,0
2016-04-20,33.974,34.17,33.76,34.039,503693,0
2016-04-21,34.311,36.155,33.28,33.429,774285,0
2016-04-22,33.73,33.956,33.525,33.75,742608,0
2016-04-25,33.662,33.946,33.542,33.937,477406,0
2016-04-26,34.039,34.453,33.88,34.134,490694,0
2016-04-27,34.143,34.523,33.833,34.453,346053,0
2016-04-28,34.161,34.341,33.927,34.011,410894,0
2016-04-29,33.956,34.246,33.647,33.833,583981,0
2016-05-02,33.889,34.81,33.721,34.472,1715071,0
2016-05-03,34.264,34.482,34.049,34.434,640982,0
2016-05-04,34.115,34.519,33.993,34.369,504175,0
2016-05-05,34.434,34.847,34.238,34.351,577492,0
2016-05-06,34.143,34.443,33.956,34.387,446422,0
2016-05-09,34.256,34.913,34.19,34.744,483268,0
2016-05-10,34.961,34.988,34.509,34.988,429204,0
2016-05-11,34.867,35.185,34.443,34.491,626671,0
2016-05-12,34.472,35.149,34.361,35.072,564192,0
2016-05-13,35.035,35.298,34.772,34.913,407650,0
2016-05-16,34.904,35.035,34.613,34.942,481724,0
2016-05-17,34.874,35.045,34.17,34.331,449875,0
2016-05-18,34.18,35.111,34.18,34.894,506672,0
2016-05-19,34.839,34.942,34.229,34.528,304567,0
2016-05-20,34.584,35.185,34.424,35.12,411884,0
2016-05-23,35.016,35.157,34.782,35.045,380104,0
2016-05-24,35.12,35.786,34.744,35.758,538063,0
2016-05-25,35.873,35.936,35.203,35.411,495319,0
2016-05-26,35.411,35.713,35.271,35.626,323577,0
2016-05-27,35.656,35.873,35.589,35.824,366904,0
2016-05-31,35.917,36.087,35.713,35.917,449705,0
2016-06-01,35.703,36.031,35.572,36.031,378478,0
2016-06-02,35.824,36.161,35.824,36.161,310848,0
2016-06-03,36.106,36.146,35.626,35.815,422088,0
2016-06-06,35.758,36.06,35.625,35.89,465017,0
2016-06-07,35.928,36.005,35.692,35.844,331785,0
2016-06-08,35.834,35.881,35.438,35.579,810959,0
2016-06-09,35.56,35.834,35.285,35.786,524726,0
2016-06-10,35.551,35.928,35.303,35.408,369100,0
2016-06-13,35.332,35.605,35.3,35.399,589000,0
2016-06-14,35.332,35.588,35.19,35.531,635021,0
2016-06-15,35.655,35.702,35.268,35.588,689818,0
2016-06-16,35.408,36.495,35.277,36.449,989158,0
2016-06-17,36.543,36.959,36.339,36.486,1457477,0
2016-06-20,36.752,36.788,36.344,36.553,609158,0
2016-06-21,36.563,36.629,36.27,36.326,785976,0
2016-06-22,36.26,36.505,36.015,36.024,681644,0
2016-06-23,36.41,37.025,36.278,37.016,922371,0
2016-06-24,35.937,37.347,35.937,36.752,10646938,0
2016-06-27,36.486,36.581,35.805,35.834,1758307,0
2016-06-28,36.212,36.761,35.937,36.761,746765,0
2016-06-29,37.129,37.205,36.831,37.139,717692,0
2016-06-30,37.252,38.047,37.225,38.037,1654909,0
2016-07-01,38.246,38.472,38.047,38.302,678916,0
2016-07-05,38.369,38.369,37.819,38.17,928204,0
2016-07-06,38.009,38.31,37.838,38.302,1005910,0
2016-07-07,38.425,38.737,38.359,38.67,1267315,0
2016-07-08,38.898,39.476,38.852,39.391,1046746,0
2016-07-11,39.55,39.663,39.003,39.087,1346097,0
2016-07-12,39.352,39.55,39.259,39.417,836798,0
2016-07-13,39.673,39.986,39.352,39.427,963578,0
2016-07-14,39.693,39.693,39.096,39.294,1120696,0
2016-07-15,39.485,39.57,39.136,39.199,679930,0
2016-07-18,39.447,39.466,38.807,39.029,887177,0
2016-07-19,39.106,39.163,38.67,39.029,1076121,0
2016-07-20,39.153,39.495,39.126,39.294,885008,0
2016-07-21,39.294,39.59,38.634,39.456,893975,0
2016-07-22,39.663,40.382,39.653,40.137,939110,0
2016-07-25,40.004,40.147,39.786,39.825,470907,0
2016-07-26,39.854,40.047,39.362,39.54,528987,0
2016-07-27,39.693,39.768,39.347,39.512,448296,0
2016-07-28,39.398,39.693,39.353,39.476,391217,0
2016-07-29,39.323,39.702,39.304,39.54,625898,0
2016-08-01,39.466,39.613,39.249,39.382,886320,0
2016-08-02,39.259,39.521,38.614,38.746,805731,0
2016-08-03,38.776,38.945,38.448,38.67,678722,0
2016-08-04,38.766,38.915,38.538,38.653,632436,0
2016-08-05,38.792,38.974,38.276,38.472,965983,0
2016-08-08,38.472,38.812,38.407,38.614,456809,0
2016-08-09,38.746,38.746,38.256,38.521,451747,0
2016-08-10,38.538,38.812,38.425,38.812,389091,0
2016-08-11,38.861,39.048,38.511,38.53,478287,0
2016-08-12,38.577,38.78,38.53,38.709,425215,0
2016-08-15,38.822,38.964,38.634,38.925,364544,0
2016-08-16,38.822,38.935,38.547,38.594,501621,0
2016-08-17,38.634,39.461,38.59,39.447,898921,0
2016-08-18,39.617,40.355,39.466,40.355,1121965,0
2016-08-19,40.213,40.213,39.521,40.061,808058,0
2016-08-22,40.061,40.355,39.8,40.336,432494,0
2016-08-23,40.392,40.459,40.155,40.269,589000,0
2016-08-24,40.298,40.316,39.967,40.288,471762,0
2016-08-25,40.26,40.591,40.032,40.533,457825,0
2016-08-26,40.533,40.703,40.213,40.525,499079,0
2016-08-29,40.686,41.034,40.487,40.931,567016,0
2016-08-30,41.017,41.186,40.638,40.998,523465,0
2016-08-31,41.073,41.168,40.628,40.751,540405,0
2016-09-01,40.808,40.912,39.938,40.543,931032,0
2016-09-02,40.761,40.8,40.278,40.638,639163,0
2016-09-06,40.704,40.809,40.514,40.734,494247,0
2016-09-07,40.762,40.762,40.448,40.628,658994,0
2016-09-08,40.477,40.867,40.457,40.752,515043,0
2016-09-09,40.486,40.504,39.499,39.504,1123526,0
2016-09-12,39.417,39.941,39.257,39.877,541594,0
2016-09-13,39.495,39.695,39.188,39.247,593503,0
2016-09-14,39.188,39.541,39.188,39.285,317955,0
2016-09-15,39.257,39.665,39.045,39.646,393495,0
2016-09-16,39.303,39.556,38.54,38.589,1663926,0
2016-09-19,38.617,39.312,38.617,39.027,488357,0
2016-09-20,39.247,39.417,38.723,38.75,633103,0
2016-09-21,38.847,39.113,38.531,39.103,798687,0
2016-09-22,39.381,39.508,39.074,39.398,532333,0
2016-09-23,39.17,39.189,38.58,38.589,685989,0
2016-09-26,38.589,38.589,38.045,38.045,632083,0
2016-09-27,38.045,38.206,37.76,38.093,929056,0
2016-09-28,38.132,38.417,37.75,38.36,664402,0
2016-09-29,38.36,38.36,37.606,37.616,337461,0
2016-09-30,37.711,37.792,37.416,37.445,836448,0
2016-10-03,37.379,37.626,36.987,37.13,656262,0
2016-10-04,37.311,37.463,36.73,37.32,596437,0
2016-10-05,37.512,37.706,37.282,37.664,908922,0
2016-10-06,37.578,37.578,37.292,37.369,418603,0
2016-10-07,37.453,37.779,37.453,37.502,436819,0
2016-10-10,37.655,37.816,37.387,37.453,414893,0
2016-10-11,37.397,37.646,37.121,37.587,522024,0
2016-10-12,37.596,38.55,37.596,38.37,591182,0
2016-10-13,38.178,38.597,38.178,38.513,615423,0
2016-10-14,38.847,38.884,38.58,38.741,388144,0
2016-10-17,38.876,38.876,38.589,38.646,354746,0
2016-10-18,38.941,39.019,38.664,38.674,430368,0
2016-10-19,38.703,38.733,38.311,38.523,673062,0
2016-10-20,39.599,39.714,37.33,37.875,953919,0
2016-10-21,37.855,37.911,37.196,37.235,658345,0
2016-10-24,37.74,37.77,37.387,37.502,940127,0
2016-10-25,37.453,37.845,37.426,37.77,1015312,0
2016-10-26,37.683,37.731,36.91,36.987,758734,0
2016-10-27,37.159,37.168,36.539,36.549,655960,0
2016-10-28,36.701,37.121,36.579,36.779,584472,0
2016-10-31,37.007,37.282,36.663,37.235,505064,0
2016-11-01,37.339,37.473,36.749,37.034,546384,0
2016-11-02,36.93,37.13,36.654,36.701,489820,0
2016-11-03,36.795,36.795,35.909,36.016,754089,0
2016-11-04,35.948,36.368,35.805,36.281,767806,0
2016-11-07,36.396,36.902,36.396,36.759,504205,0
2016-11-08,36.739,37.453,36.539,37.254,542284,0
2016-11-09,36.939,37.339,36.586,37.244,888079,0
2016-11-10,37.178,37.379,36.386,36.386,1057473,0
2016-11-11,36.291,36.658,36.149,36.654,1045421,0
2016-11-14,36.273,36.769,36.025,36.072,1380679,0
2016-11-15,36.072,36.244,35.643,36.14,1443157,0
2016-11-16,36.11,36.215,35.928,36.081,1782383,0
2016-11-17,36.215,36.586,36.11,36.49,936762,0
2016-11-18,36.559,36.834,36.415,36.739,672195,0
2016-11-21,36.892,37.042,36.595,36.71,817204,0
2016-11-22,36.825,37.33,36.805,37.282,546172,0
2016-11-23,37.025,37.292,36.93,37.206,584736,0
2016-11-25,37.206,37.406,37.152,37.387,224489,0
2016-11-28,37.473,37.865,37.374,37.587,654057,0
2016-11-29,37.674,37.779,37.473,37.76,632585,0
2016-11-30,37.711,37.797,35.976,35.976,1006536,0
2016-12-01,35.89,36.615,34.061,34.138,2366204,0
2016-12-02,34.213,34.908,34.213,34.546,1478590,0
2016-12-05,34.614,34.899,34.013,34.213,1079903,0
2016-12-06,34.396,35.031,33.953,35.021,1002955,0
2016-12-07,35.156,35.725,34.771,35.06,993551,0
2016-12-08,35.109,36.129,35.002,36.04,1732499,0
2016-12-09,36.07,36.234,35.199,35.273,1126210,0
2016-12-12,35.319,35.869,35.253,35.801,649835,0
2016-12-13,35.974,36.195,35.571,36.139,1293257,0
2016-12-14,36.254,36.474,35.715,35.715,745975,0
2016-12-15,35.647,35.897,35.329,35.464,825941,0
2016-12-16,35.531,36.215,35.531,35.897,1607175,0
2016-12-19,35.906,36.099,35.531,35.599,694431,0
2016-12-20,35.581,36.378,35.581,36.378,772310,0
2016-12-21,36.349,36.437,35.527,36.215,918271,0
2016-12-22,36.263,36.263,35.706,36.08,504321,0
2016-12-23,36.06,36.148,35.571,35.791,415541,0
2016-12-27,35.811,35.916,35.607,35.656,444346,0
2016-12-28,35.821,35.821,35.387,35.551,375489,0
2016-12-29,35.607,35.725,35.184,35.416,929765,0
2016-12-30,35.416,35.502,35.165,35.253,558310,0
2017-01-03,35.282,35.781,35.128,35.781,764731,0
2017-01-04,35.916,36.302,35.916,36.09,832031,0
2017-01-05,36.099,36.195,35.887,35.994,686043,0
2017-01-06,36.04,36.254,35.474,36.09,825655,0
2017-01-09,36.09,36.263,35.581,36.004,747888,0
2017-01-10,36.06,36.186,35.821,35.935,882642,0
2017-01-11,35.945,36.119,35.811,35.974,696283,0
2017-01-12,35.974,35.974,35.309,35.454,625658,0
2017-01-13,35.571,35.869,35.407,35.444,357307,0
2017-01-17,35.426,35.926,35.239,35.541,808968,0
2017-01-18,35.696,36.734,35.696,36.552,1273970,0
2017-01-19,36.378,36.629,35.711,36.244,923412,0
2017-01-20,36.407,36.625,35.887,36.09,616239,0
2017-01-23,35.984,36.205,35.791,35.887,549996,0
2017-01-24,36.09,36.157,35.627,35.878,539607,0
2017-01-25,35.897,36.176,35.581,35.84,602719,0
2017-01-26,35.878,35.916,35.599,35.85,647496,0
2017-01-27,35.994,36.004,35.617,35.84,462634,0
2017-01-30,35.859,35.974,35.444,35.974,495039,0
2017-01-31,36.004,36.302,35.762,36.166,599786,0
2017-02-01,36.234,36.936,35.85,35.955,557000,0
2017-02-02,36.09,36.474,36.09,36.417,1022494,0
2017-02-03,36.801,37.062,36.465,36.955,602451,0
2017-02-06,37.014,37.177,36.811,37.062,434130,0
2017-02-07,37.216,37.355,36.95,37.11,566202,0
2017-02-08,36.995,37.822,36.754,37.735,1071319,0
2017-02-09,37.812,38.131,37.158,37.65,1148253,0
2017-02-10,37.947,37.995,37.389,37.63,791387,0
2017-02-13,37.774,37.812,37.38,37.446,584663,0
2017-02-14,37.303,37.861,37.244,37.774,560267,0
2017-02-15,37.755,37.755,37.381,37.505,393059,0
2017-02-16,37.485,37.515,37.254,37.485,400575,0
2017-02-17,37.418,37.543,37.244,37.543,674909,0
2017-02-21,37.561,37.899,37.561,37.783,493451,0
2017-02-22,37.716,37.957,37.63,37.947,362863,0
2017-02-23,38.159,38.486,37.908,38.293,745103,0
2017-02-24,38.256,38.486,38.033,38.177,598717,0
2017-02-27,38.197,38.312,37.659,37.735,589497,0
2017-02-28,37.659,37.774,37.38,37.6,885263,0
2017-03-01,37.571,37.774,37.192,37.505,1041741,0
2017-03-02,37.446,37.446,37.052,37.264,417680,0
2017-03-03,37.264,37.312,36.667,36.85,823539,0
2017-03-06,36.821,37.18,36.724,37.054,507640,0
2017-03-07,37.073,37.229,36.908,36.928,513215,0
2017-03-08,36.966,36.986,36.539,36.569,575761,0
2017-03-09,36.569,36.817,36.443,36.49,311967,0
2017-03-10,36.685,36.976,36.471,36.791,460982,0
2017-03-13,36.743,36.956,36.433,36.607,589360,0
2017-03-14,36.646,36.782,36.423,36.597,471066,0
2017-03-15,36.685,37.404,36.52,37.385,919517,0
2017-03-16,37.404,37.607,37.19,37.413,730306,0
2017-03-17,37.345,37.685,36.86,37.539,1186036,0
2017-03-20,37.539,37.86,37.413,37.666,644708,0
2017-03-21,37.87,38.17,37.413,37.433,681919,0
2017-03-22,37.404,37.647,37.102,37.433,467104,0
2017-03-23,37.385,37.899,37.268,37.53,364882,0
2017-03-24,37.53,37.782,37.297,37.375,426021,0
2017-03-27,37.287,37.947,37.034,37.84,785634,0
2017-03-28,37.821,37.996,37.306,37.918,602751,0
2017-03-29,37.918,38.142,37.666,37.743,358887,0
2017-03-30,37.763,38.165,37.724,38.006,388711,0
2017-03-31,38.006,38.287,37.763,38.142,578074,0
2017-04-03,38.199,38.199,37.238,37.335,549728,0
2017-04-04,37.335,37.656,37.258,37.539,414270,0
2017-04-05,37.588,37.592,36.928,37.025,615260,0
2017-04-06,37.073,37.102,36.753,36.908,488716,0
2017-04-07,36.84,37.122,36.705,37.054,412592,0
2017-04-10,37.044,37.404,37.044,37.297,319898,0
2017-04-11,37.268,37.694,37.19,37.676,618085,0
2017-04-12,37.676,37.676,37.237,37.355,344944,0
2017-04-13,37.335,37.471,37.083,37.18,287105,0
2017-04-17,37.248,37.831,37.248,37.811,381695,0
2017-04-18,37.694,38.199,37.637,38.142,632839,0
2017-04-19,38.287,38.306,37.773,37.986,518495,0
2017-04-20,38.133,38.325,38.016,38.17,722616,0
2017-04-21,38.287,38.511,38.034,38.375,512208,0
2017-04-24,38.549,38.763,38.491,38.725,339244,0
2017-04-25,38.841,39.423,38.811,39.297,966415,0
2017-04-26,39.501,39.987,39.307,39.589,619749,0
2017-04-27,40.161,42.259,39.841,41.938,1674430,0
2017-04-28,42.259,42.501,41.802,42.152,1054074,0
2017-05-01,42.219,42.444,41.453,41.58,942225,0
2017-05-02,41.58,41.807,41.2,41.269,964766,0
2017-05-03,41.269,41.739,41.269,41.56,477533,0
2017-05-04,41.743,41.743,41.307,41.57,608431,0
2017-05-05,41.686,42.017,41.58,41.997,338088,0
2017-05-08,41.997,42.123,41.259,41.336,638505,0
2017-05-09,41.375,41.375,40.336,40.569,1082104,0
2017-05-10,40.569,40.899,40.501,40.88,429626,0
2017-05-11,40.743,40.996,40.346,40.841,327536,0
2017-05-12,40.889,40.889,40.307,40.453,362591,0
2017-05-15,40.589,41.161,40.559,40.958,331716,0
2017-05-16,40.996,41.57,40.996,41.443,647121,0
2017-05-17,41.22,42.103,40.86,41.617,1410274,0
2017-05-18,41.598,42.017,41.385,41.637,848306,0
2017-05-19,41.696,41.696,41.103,41.17,645694,0
2017-05-22,41.2,41.938,41.19,41.676,718913,0
2017-05-23,41.773,42.103,41.58,41.987,496575,0
2017-05-24,42.007,42.064,41.734,42.026,315858,0
2017-05-25,42.209,42.209,41.841,42.017,345752,0
2017-05-26,41.967,42.012,41.598,41.851,337346,0
2017-05-30,41.958,41.997,41.387,41.715,413101,0
2017-05-31,41.773,42.326,41.589,42.259,682509,0
2017-06-01,42.345,42.434,41.938,42.229,486776,0
2017-06-02,42.239,43.083,42.172,42.831,565786,0
2017-06-05,42.764,43.007,42.355,42.462,513102,0
2017-06-06,42.394,42.697,42.12,42.227,530263,0
2017-06-07,42.374,42.619,42.287,42.561,376582,0
2017-06-08,42.404,42.874,42.237,42.854,450282,0
2017-06-09,42.884,43.04,42.521,42.521,550116,0
2017-06-12,42.462,42.501,41.944,42.325,738766,0
2017-06-13,42.354,42.59,42.125,42.511,716416,0
2017-06-14,42.638,43.196,42.257,43.196,570148,0
2017-06-15,42.893,43.667,42.511,43.47,555751,0
2017-06-16,43.431,43.637,42.951,43.637,1082042,0
2017-06-19,43.911,44.366,43.715,43.96,714470,0
2017-06-20,43.901,44.107,43.642,43.784,390123,0
2017-06-21,44.107,44.371,43.627,43.754,554423,0
2017-06-22,43.754,44.264,43.676,44.097,454870,0
2017-06-23,44.067,44.459,44.037,44.459,708177,0
2017-06-26,44.459,44.771,44.341,44.371,795463,0
2017-06-27,44.331,44.439,43.842,44.254,593383,0
2017-06-28,44.42,44.625,43.882,44.019,1560074,0
2017-06-29,44.019,44.175,43.539,43.784,533865,0
2017-06-30,44.009,44.107,43.558,43.735,558788,0
2017-07-03,43.999,44.037,43.637,43.774,347725,0
2017-07-05,43.882,43.882,43.295,43.568,665745,0
2017-07-06,43.558,43.568,42.981,43.168,573015,0
2017-07-07,43.216,43.789,43.103,43.764,553885,0
2017-07-10,43.51,43.803,43.397,43.5,562254,0
2017-07-11,43.578,43.745,43.265,43.685,450086,0
2017-07-12,44.037,44.361,43.945,44.254,546725,0
2017-07-13,44.351,44.577,43.872,44.302,348100,0
2017-07-14,44.302,44.645,44.165,44.41,466315,0
2017-07-17,44.478,44.694,44.346,44.488,343736,0
2017-07-18,44.381,44.724,44.341,44.567,408327,0
2017-07-19,44.645,44.861,44.371,44.801,357438,0
2017-07-20,45.017,45.378,44.762,44.781,645264,0
2017-07-21,44.743,45.125,44.433,45.095,396541,0
2017-07-24,45.065,45.329,44.928,45.271,454924,0
2017-07-25,45.408,45.662,45.192,45.623,635892,0
2017-07-26,45.623,45.859,45.154,45.359,758629,0
2017-07-27,46.631,47.482,45.505,47.228,848218,0
2017-07-28,47.562,48.423,47.422,47.913,1070054,0
2017-07-31,47.992,48.069,47.062,47.375,634301,0
2017-08-01,47.552,47.747,47.268,47.482,540275,0
2017-08-02,47.502,47.572,47.101,47.395,327138,0
2017-08-03,47.415,47.796,47.189,47.718,322452,0
2017-08-04,47.718,47.776,47.385,47.669,291064,0
2017-08-07,47.649,47.747,47.268,47.317,349847,0
2017-08-08,47.327,47.669,47.228,47.375,435856,0
2017-08-09,47.434,47.487,46.739,46.915,670207,0
2017-08-10,46.808,47.033,46.651,46.837,745122,0
2017-08-11,46.671,46.945,46.553,46.71,595618,0
2017-08-14,46.915,47.345,46.808,47.258,739663,0
2017-08-15,47.228,47.502,46.974,47.502,807853,0
2017-08-16,47.562,48.226,47.502,47.992,741069,0
2017-08-17,47.943,48.109,47.335,47.335,524362,0
2017-08-18,47.335,47.552,47.052,47.121,644598,0
2017-08-21,47.17,47.61,47.111,47.268,269318,0
2017-08-22,47.327,47.679,47.287,47.512,268795,0
2017-08-23,47.355,47.796,47.317,47.522,328635,0
2017-08-24,47.747,47.747,47.189,47.209,554210,0
2017-08-25,47.199,47.771,47.199,47.454,542335,0
2017-08-28,47.444,47.629,47.277,47.355,397826,0
2017-08-29,47.317,47.85,47.317,47.492,599124,0
2017-08-30,47.472,47.884,47.327,47.619,272168,0
2017-08-31,47.845,48.154,47.747,48.012,412685,0
2017-09-01,48.05,48.196,47.845,47.875,425919,0
2017-09-05,47.835,48.041,46.504,46.641,622899,0
2017-09-06,46.68,46.886,46.348,46.416,629611,0
2017-09-07,46.633,46.633,46.12,46.446,458685,0
2017-09-08,46.278,47.659,46.238,47.511,562973,0
2017-09-11,47.867,48.863,47.807,47.896,939332,0
2017-09-12,47.985,48.755,47.985,48.755,601759,0
2017-09-13,48.903,48.903,48.339,48.587,663569,0
2017-09-14,48.507,48.655,48.053,48.103,604957,0
2017-09-15,47.965,48.597,47.955,48.409,1187739,0
2017-09-18,48.477,48.823,48.321,48.587,524580,0
2017-09-19,48.675,49.021,48.517,48.635,474212,0
2017-09-20,48.745,48.873,48.311,48.597,365658,0
2017-09-21,48.597,49.011,48.153,48.182,394224,0
2017-09-22,48.163,48.577,48.163,48.527,332840,0
2017-09-25,48.497,48.843,48.321,48.607,315333,0
2017-09-26,48.439,48.665,48.399,48.487,227415,0
2017-09-27,48.587,48.843,48.148,48.429,543979,0
2017-09-28,48.409,49.05,48.339,49.011,643893,0
2017-09-29,49.139,49.317,48.931,49.297,483857,0
2017-10-02,49.277,49.721,49.041,49.721,653605,0
2017-10-03,49.691,50.194,49.327,50.185,770848,0
2017-10-04,50.165,50.293,49.484,49.563,793654,0
2017-10-05,49.533,49.741,49.011,49.257,779332,0
2017-10-06,49.346,49.415,48.635,49.277,848685,0
2017-10-09,49.277,49.405,48.863,48.971,584608,0
2017-10-10,48.774,50.017,48.755,49.741,775205,0
2017-10-11,49.681,49.751,49.435,49.593,456389,0
2017-10-12,49.622,49.716,49.356,49.415,343738,0
2017-10-13,49.563,49.681,49.297,49.425,460903,0
2017-10-16,49.494,50.037,49.465,50.007,436898,0
2017-10-17,50.037,50.125,49.237,49.267,833959,0
2017-10-18,49.405,49.839,49.179,49.691,388045,0
2017-10-19,49.652,50.096,49.445,49.968,430158,0
2017-10-20,50.224,50.224,49.475,49.77,393577,0
2017-10-23,49.751,50.007,49.613,49.958,357477,0
2017-10-24,49.959,50.382,49.869,50.273,743044,0
2017-10-25,50.254,50.688,50.185,50.372,986467,0
2017-10-26,50.204,52.266,49.336,51.606,1450209,0
2017-10-27,51.872,52.735,51.373,52.641,690742,0
2017-10-30,52.866,53.342,52.296,52.454,598376,0
2017-10-31,52.878,53.746,52.843,53.687,897226,0
2017-11-01,53.963,54.259,53.707,53.775,564690,0
2017-11-02,53.874,54.052,53.046,53.519,991998,0
2017-11-03,53.263,54.003,53.263,53.943,375778,0
2017-11-06,53.865,55.197,53.707,54.911,540522,0
2017-11-07,55.077,55.64,54.259,54.624,666857,0
2017-11-08,54.772,54.772,53.973,54.013,657258,0
2017-11-09,53.894,54.633,53.704,54.111,410782,0
2017-11-10,54.003,54.003,53.213,53.519,612365,0
2017-11-13,53.381,53.598,52.898,53.233,671252,0
2017-11-14,53.036,54.042,52.868,53.943,722434,0
2017-11-15,53.707,53.815,53.351,53.598,541223,0
2017-11-16,53.865,54.249,53.578,54.042,364925,0
2017-11-17,54.141,54.19,53.539,53.726,423528,0
2017-11-20,53.775,53.983,53.475,53.884,306908,0
2017-11-21,54.061,54.791,53.953,54.357,565318,0
2017-11-22,54.447,54.447,53.717,53.865,257246,0
2017-11-24,54.013,54.318,53.805,54.309,234632,0
2017-11-27,54.279,54.486,54.052,54.269,342736,0
2017-11-28,54.219,54.545,53.795,54.545,658649,0
2017-11-29,54.525,54.575,53.914,54.121,571398,0
2017-11-30,54.367,55.197,54.052,54.841,586875,0
2017-12-01,54.929,55.039,53.647,54.772,458952,0
2017-12-04,55.255,55.255,54.397,54.535,482500,0
2017-12-05,54.585,55.097,54.209,54.555,493309,0
2017-12-06,54.615,54.753,54.229,54.417,319307,0
2017-12-07,54.516,55.231,54.258,55.202,486745,0
2017-12-08,55.49,55.698,55.236,55.668,561310,0
2017-12-11,55.817,56.245,55.569,56.165,550765,0
2017-12-12,56.394,56.453,55.668,55.738,424927,0
2017-12-13,55.897,55.897,54.914,55.202,539234,0
2017-12-14,55.311,55.5,55.072,55.4,409587,0
2017-12-15,54.923,56.016,54.923,55.529,1873317,0
2017-12-18,55.728,56.662,55.728,56.384,671434,0
2017-12-19,56.453,56.851,56.096,56.642,1005548,0
2017-12-20,56.87,57.119,55.996,56.135,461235,0
2017-12-21,56.334,56.334,55.559,55.708,325974,0
2017-12-22,56.006,56.195,55.748,56.175,301026,0
2017-12-26,56.036,56.414,55.837,55.996,201697,0
2017-12-27,55.986,56.265,55.778,55.986,202713,0
2017-12-28,56.076,56.076,55.609,55.907,285607,0
2017-12-29,55.907,56.135,55.659,55.668,351638,0
2018-01-02,55.798,55.877,55.202,55.49,557480,0
2018-01-03,55.43,56.294,55.321,56.245,662608,0
2018-01-04,56.394,58.45,56.334,57.168,1121095,0
2018-01-05,57.308,58.41,57.178,58.38,564130,0
2018-01-08,58.698,60.069,58.519,59.99,993705,0
2018-01-09,60.099,60.884,59.215,59.235,952116,0
2018-01-10,59.145,59.314,58.668,58.927,624330,0
2018-01-11,59.195,59.821,58.837,59.115,511190,0
2018-01-12,59.115,59.443,58.817,59.036,481028,0
2018-01-16,59.245,59.94,58.738,59.274,1145515,0
2018-01-17,59.513,60.904,59.453,60.755,421326,0
2018-01-18,60.834,61.202,60.566,60.844,452234,0
2018-01-19,61.132,61.529,60.774,61.39,313836,0
2018-01-22,61.39,61.5,60.963,61.5,368849,0
2018-01-23,61.659,62.294,61.202,61.281,683529,0
2018-01-24,61.45,61.569,60.417,60.606,596451,0
2018-01-25,60.943,61.49,60.625,61.48,416947,0
2018-01-26,61.728,61.897,61.192,61.678,439501,0
2018-01-29,61.4,61.549,59.533,59.592,788860,0
2018-01-30,59.195,59.582,58.728,59.046,1117299,0
2018-01-31,59.433,59.465,57.457,58.678,1580034,0
2018-02-01,58.599,58.957,57.705,58.529,645654,0
2018-02-02,58.261,58.678,57.735,57.745,591146,0
2018-02-05,57.278,58.082,56.225,56.235,668771,0
2018-02-06,55.539,56.563,54.278,56.056,1199614,0
2018-02-07,55.827,57.168,55.5,56.592,844536,0
2018-02-08,57.804,57.804,54.665,54.675,1447589,0
2018-02-09,55.013,55.271,52.748,53.96,1070458,0
2018-02-12,54.159,56.324,54.019,55.798,866125,0
2018-02-13,55.549,56.72,55.46,56.662,483725,0
2018-02-14,56.215,57.685,56.175,57.457,783884,0
2018-02-15,57.655,57.804,56.821,57.417,548649,0
2018-02-16,57.178,57.377,56.453,56.503,619520,0
2018-02-20,56.304,56.433,55.142,56.195,1260237,0
2018-02-21,56.106,58.38,56.006,56.751,929920,0
2018-02-22,56.851,57.556,56.423,56.592,614369,0
2018-02-23,56.851,57.705,56.702,57.685,656371,0
2018-02-26,57.745,58.361,57.278,58.321,554183,0
2018-02-27,58.41,58.778,57.973,58.4,718478,0
2018-02-28,58.688,58.917,57.615,57.645,988217,0
2018-03-01,57.615,57.72,55.857,56.106,629530,0
2018-03-02,55.659,56.751,55.579,56.632,366440,0
2018-03-05,56.374,57.129,55.897,56.821,474044,0
2018-03-06,57.029,57.029,56.135,56.94,630772,0
2018-03-07,56.58,57.81,56.38,57.72,568998,0
2018-03-08,58.01,58.01,57.29,57.75,599877,0
2018-03-09,58.03,59.13,57.795,59.06,446637,0
2018-03-12,59.23,59.35,58.65,58.78,412367,0
2018-03-13,59,59.74,58.725,59.61,856102,0
2018-03-14,59.9,59.94,59.09,59.15,559195,0
2018-03-15,59.1,59.215,58.4,58.6,558983,0
2018-03-16,58.7,59.64,58.675,59.46,919867,0
2018-03-19,60.06,61.5,59.98,60.32,1173835,0
2018-03-20,60.44,60.82,59.05,60.63,746485,0
2018-03-21,60.49,61.07,60.12,60.2,506243,0
2018-03-22,59.68,60.43,59.12,59.12,458160,0
2018-03-23,59.36,59.72,57.8,57.8,656460,0
2018-03-26,58.54,58.99,58.29,58.9,597271,0
2018-03-27,59.35,59.35,57.94,58.23,1005659,0
2018-03-28,58.23,58.47,57.56,58.11,468043,0
2018-03-29,58.41,59.1,58.235,58.68,445460,0
