Date,Open,High,Low,Close,Volume,OpenInt
2011-03-15,30.295,31.391,30.255,31.232,7151216,0
2011-03-16,31.142,31.84,31.013,31.142,6179103,0
2011-03-17,31.431,31.82,31.292,31.8,3343903,0
2011-03-18,31.999,32.966,31.79,32.946,5482241,0
2011-03-21,33.036,33.275,31.89,32.139,3836696,0
2011-03-22,32.019,32.278,31.282,31.76,3957534,0
2011-03-23,31.591,32.567,31.391,32.567,4230813,0
2011-03-24,32.418,32.836,32.388,32.577,2132901,0
2011-03-25,32.597,32.986,32.468,32.836,3037053,0
2011-03-28,32.757,32.996,32.637,32.926,2118281,0
2011-03-29,33.355,33.893,32.936,33.773,5155018,0
2011-03-30,34.451,34.451,33.813,34.122,3060356,0
2011-03-31,33.883,33.992,33.544,33.753,1967657,0
2011-04-01,33.773,33.982,33.544,33.624,1828340,0
2011-04-04,33.654,33.753,33.195,33.554,2657121,0
2011-04-05,33.584,33.933,33.135,33.903,3619724,0
2011-04-06,33.883,34.082,33.125,33.185,2727826,0
2011-04-07,33.165,33.733,32.737,33.544,1954204,0
2011-04-08,33.404,33.873,32.876,33.056,2348106,0
2011-04-11,33.225,33.225,30.684,32.009,15079994,0
2011-04-12,31.999,32.478,31.222,31.421,3862094,0
2011-04-13,31.89,32.338,31.591,31.95,3983513,0
2011-04-14,31.84,32.388,31.68,32.029,1571304,0
2011-04-15,31.91,32.268,31.78,31.87,3083912,0
2011-04-18,31.451,32.428,30.644,31.969,2921098,0
2011-04-19,32.966,32.986,31.551,31.631,3851457,0
2011-04-20,31.89,32.079,31.043,31.541,3879396,0
2011-04-21,31.7,31.87,31.162,31.292,1466992,0
2011-04-25,31.471,31.491,30.993,31.292,735171,0
2011-04-26,31.242,31.959,31.053,31.89,1777523,0
2011-04-27,32.149,32.886,32.139,32.537,3366052,0
2011-04-28,32.398,32.876,32.139,32.458,1577217,0
2011-04-29,32.388,32.747,31.92,32.687,1238100,0
2011-05-02,32.687,33.674,32.687,33.325,2795857,0
2011-05-03,33.474,33.763,31.83,32.498,3441221,0
2011-05-04,32.986,33.843,32.677,33.434,4533885,0
2011-05-05,33.285,34.62,33.036,34.222,2621974,0
2011-05-06,34.122,34.381,33.773,34.132,1606865,0
2011-05-09,34.232,34.63,34.022,34.371,2002906,0
2011-05-10,33.913,34.74,33.883,34.471,1480261,0
2011-05-11,34.082,34.67,33.943,34.421,1436679,0
2011-05-12,34.182,34.471,34.002,34.391,817523,0
2011-05-13,34.222,34.65,34.112,34.481,1700043,0
2011-05-16,34.182,34.481,33.933,34.132,1725801,0
2011-05-17,34.092,34.83,33.883,34.421,3047808,0
2011-05-18,34.281,35.119,34.032,34.949,2077426,0
2011-05-19,34.82,35.109,34.381,34.929,1187988,0
2011-05-20,34.78,34.919,34.032,34.511,2019622,0
2011-05-23,34.281,34.431,33.883,34.291,2187978,0
2011-05-24,34.411,34.521,33.953,34.371,3092040,0
2011-05-25,34.451,34.879,34.122,34.56,2547835,0
2011-05-26,34.78,34.79,33.933,34.71,1804500,0
2011-05-27,34.8,34.979,34.291,34.62,1479769,0
2011-05-31,34.869,35.188,34.441,34.77,8141395,0
2011-06-01,34.879,35.148,34.301,34.65,3060344,0
2011-06-02,34.72,34.929,34.132,34.242,2167514,0
2011-06-03,33.883,34.032,33.604,34.022,2527719,0
2011-06-06,33.863,34.162,32.946,33.624,2369142,0
2011-06-07,33.674,34.78,33.614,34.401,1903075,0
2011-06-08,34.451,34.869,34.132,34.64,1463351,0
2011-06-09,34.909,35.248,34.461,35.119,1639685,0
2011-06-10,34.879,34.879,33.743,33.783,2230316,0
2011-06-13,34.032,34.032,33.135,33.534,1677430,0
2011-06-14,33.684,33.953,33.145,33.424,1852670,0
2011-06-15,33.056,33.404,32.508,33.036,2553469,0
2011-06-16,33.933,34.68,33.385,33.753,5799245,0
2011-06-17,33.883,34.869,33.833,34.471,3885895,0
2011-06-20,34.6,34.6,33.933,34.112,1466666,0
2011-06-21,34.082,34.242,33.385,33.783,2737535,0
2011-06-22,33.783,33.883,33.245,33.305,2496026,0
2011-06-23,33.185,33.325,32.169,33.096,3233159,0
2011-06-24,33.195,33.195,32.049,32.139,11514765,0
2011-06-27,32.288,32.597,31.381,32.368,3147801,0
2011-06-28,32.478,32.966,32.468,32.637,2545255,0
2011-06-29,32.866,33.185,32.478,32.647,1410576,0
2011-06-30,32.667,33.275,32.518,32.886,1484309,0
2011-07-01,33.026,33.385,32.428,32.946,1668861,0
2011-07-05,32.956,33.355,32.866,33.056,961130,0
2011-07-06,33.145,34.052,33.006,33.873,2475960,0
2011-07-07,34.132,34.62,33.883,34.172,1935181,0
2011-07-08,33.843,33.893,33.175,33.713,877744,0
2011-07-11,33.544,33.544,32.876,32.946,780580,0
2011-07-12,32.936,33.614,32.537,32.687,1079441,0
2011-07-13,32.866,33.554,32.697,33.125,1123913,0
2011-07-14,33.185,33.424,32.866,33.106,1111615,0
2011-07-15,33.155,33.165,32.627,33.106,1120543,0
2011-07-18,32.926,32.956,32.328,32.478,1614997,0
2011-07-19,32.926,33.813,32.757,32.916,2777736,0
2011-07-20,33.086,33.395,32.577,33.135,724130,0
2011-07-21,33.315,34.441,33.315,34.311,1559633,0
2011-07-22,34.202,34.8,33.903,34.491,2108519,0
2011-07-25,29.946,30.694,27.415,27.874,25187971,0
2011-07-26,27.575,28.282,26.867,27.943,7752952,0
2011-07-27,27.864,28.282,27.236,27.276,7545288,0
2011-07-28,27.425,27.804,26.797,27.126,3758172,0
2011-07-29,26.937,27.056,26.409,26.588,4136918,0
2011-08-01,26.867,27.096,23.449,24.854,12026204,0
2011-08-02,25.861,26,24.256,24.555,4779510,0
2011-08-03,24.485,24.814,22.632,24.675,8675686,0
2011-08-04,24.545,24.565,22.502,22.821,6611160,0
2011-08-05,23.01,23.17,21.615,21.914,5363371,0
2011-08-08,21.595,21.595,17.191,18.127,10533608,0
2011-08-09,18.277,19.194,16.971,18.287,8274671,0
2011-08-10,17.739,18.895,17.619,18.516,12085977,0
2011-08-11,18.725,19.802,18.685,19.403,7081183,0
2011-08-12,19.453,21.336,18.526,21.147,6166196,0
2011-08-15,21.884,23.469,21.884,22.502,5970323,0
2011-08-16,22.253,22.333,21.446,21.695,2762665,0
2011-08-17,21.874,21.984,20.738,20.918,3449245,0
2011-08-18,20.419,20.629,19.602,19.891,3712597,0
2011-08-19,19.463,19.981,18.994,19.204,1871587,0
2011-08-22,19.702,19.841,18.735,18.994,1315843,0
2011-08-23,19.074,19.532,18.486,19.513,3420581,0
2011-08-24,19.493,20.17,19.024,19.971,2037420,0
2011-08-25,20.17,20.17,18.805,18.994,1537767,0
2011-08-26,18.954,19.532,18.406,19.433,1460944,0
2011-08-29,19.662,20.37,19.572,19.911,2133657,0
2011-08-30,19.861,19.931,19.542,19.792,1886695,0
2011-08-31,19.821,20.34,19.682,19.961,2873095,0
2011-09-01,20.091,20.549,19.014,19.124,1604663,0
2011-09-02,18.636,18.935,18.247,18.586,1894298,0
2011-09-06,17.998,18.845,17.808,18.695,2371095,0
2011-09-07,19.034,20.041,18.835,19.772,2335169,0
2011-09-08,19.642,20.081,19.353,19.423,1375708,0
2011-09-09,19.253,19.522,18.217,18.237,2386184,0
2011-09-12,18.028,18.775,17.539,18.337,3596657,0
2011-09-13,18.008,18.008,17.141,17.599,4206933,0
2011-09-14,17.649,19.044,17.539,18.546,7259771,0
2011-09-15,19.891,20.928,19.861,20.768,7363886,0
2011-09-16,21.187,21.466,20.678,21.157,3986286,0
2011-09-19,20.659,20.669,19.672,19.742,3981393,0
2011-09-20,19.931,20.12,19.423,19.831,2478889,0
2011-09-21,19.821,20.449,19.682,19.752,4270492,0
2011-09-22,18.964,20.26,18.964,19.851,3856505,0
2011-09-23,19.463,19.772,19.164,19.393,2925613,0
2011-09-26,19.702,19.931,19.303,19.782,2527030,0
2011-09-27,20.23,20.3,19.682,19.762,1377547,0
2011-09-28,19.811,19.811,19.134,19.134,1472037,0
2011-09-29,19.433,19.871,19.164,19.732,1736038,0
2011-09-30,19.552,20.24,19.403,20.091,4140949,0
2011-10-03,20.021,20.419,18.655,18.745,4138071,0
2011-10-04,18.446,18.616,17.37,18.546,4110927,0
2011-10-05,17.818,18.775,17.639,18.008,4685947,0
2011-10-06,18.048,18.735,17.928,18.207,2039440,0
2011-10-07,18.516,18.954,18.087,18.536,2176732,0
2011-10-10,18.964,19.214,18.755,19.114,1058232,0
2011-10-11,19.124,19.194,18.795,19.034,878691,0
2011-10-12,19.224,20.728,19.044,20.25,4915718,0
2011-10-13,20.051,21.137,19.851,21.057,3389920,0
2011-10-14,21.396,22.084,21.266,21.974,3475500,0
2011-10-17,21.874,22.133,21.386,21.725,1981115,0
2011-10-18,21.844,22.801,21.685,22.622,2985789,0
2011-10-19,22.672,22.781,21.685,21.864,2516070,0
2011-10-20,21.854,22.054,21.037,21.595,3178325,0
2011-10-21,22.024,23.299,22.024,23.23,3675120,0
2011-10-24,23.19,23.469,22.462,22.721,1950168,0
2011-10-25,22.512,22.512,22.024,22.084,1450989,0
2011-10-26,22.442,22.622,21.376,22.263,2255025,0
2011-10-27,22.871,22.871,21.256,22.462,3790967,0
2011-10-28,22.403,23.01,22.183,22.701,2222917,0
2011-10-31,22.602,23.648,22.442,23.369,4253976,0
2011-11-01,22.861,25.552,22.422,23.419,5739373,0
2011-11-02,23.967,24.615,23.23,23.27,4134784,0
2011-11-03,22.921,23.339,22.442,23.01,3687471,0
2011-11-04,23.15,23.539,22.771,23.429,1348232,0
2011-11-07,23.27,24.525,23.27,24.435,2946103,0
2011-11-08,24.296,25.502,23.818,25.123,6065174,0
2011-11-09,24.236,25.312,24.236,24.934,3717470,0
2011-11-10,24.924,25.89,24.924,25.781,4294108,0
2011-11-11,26.03,26.767,25.861,26.439,4702902,0
2011-11-14,26.309,26.638,25.97,26.439,2900925,0
2011-11-15,26.339,26.668,25.851,26.518,2443749,0
2011-11-16,26.429,26.658,25.372,25.432,2470998,0
2011-11-17,25.322,25.691,24.635,24.964,3064817,0
2011-11-18,25.004,25.601,24.545,25.113,3792503,0
2011-11-21,24.595,25.412,24.595,24.954,2048667,0
2011-11-22,24.844,24.934,23.708,23.867,2677960,0
2011-11-23,23.648,23.927,23.14,23.499,2640104,0
2011-11-25,23.509,23.907,23.329,23.379,259658,0
2011-11-28,23.778,24.276,23.529,23.688,1710830,0
2011-11-29,23.818,24.156,23.339,23.967,1704313,0
2011-11-30,24.595,24.645,23.828,24.296,3453292,0
2011-12-01,24.206,24.485,23.967,24.107,1500778,0
2011-12-02,23.937,24.386,21.476,22.373,8711358,0
2011-12-05,23.658,23.917,23.289,23.568,4130644,0
2011-12-06,23.568,23.947,22.921,23.16,3044825,0
2011-12-07,22.981,23.11,22.353,22.592,2706548,0
2011-12-08,22.452,22.472,21.057,21.376,2951629,0
2011-12-09,21.436,21.655,21.097,21.107,1567526,0
2011-12-12,21.007,21.207,20.27,20.589,2699570,0
2011-12-13,20.609,21.167,20.061,20.15,2393602,0
2011-12-14,20.091,20.698,19.792,20.529,4305245,0
2011-12-15,20.559,21.207,20.459,21.067,3135020,0
2011-12-16,21.346,21.825,21.127,21.496,6210518,0
2011-12-19,21.595,21.825,21.067,21.157,1715538,0
2011-12-20,21.406,21.725,20.868,20.987,2601211,0
2011-12-21,20.997,21.904,20.997,21.825,1684537,0
2011-12-22,21.834,22.143,21.615,21.805,1276933,0
2011-12-23,21.725,21.834,21.336,21.386,1165523,0
2011-12-27,21.476,21.615,20.977,21.306,985085,0
2011-12-28,21.326,21.366,20.748,20.838,1205955,0
2011-12-29,20.858,21.316,20.778,21.197,783949,0
2011-12-30,21.147,22.273,21.147,21.954,1979224,0
2012-01-03,21.904,22.054,21.197,21.565,1950135,0
2012-01-04,21.426,21.426,20.629,20.728,2937161,0
2012-01-05,20.579,21.496,20.579,21.217,1965987,0
2012-01-06,21.227,22.562,21.227,22.263,3030552,0
2012-01-09,22.074,22.602,21.516,21.575,1927159,0
2012-01-10,21.904,22.422,20.26,22.383,5698080,0
2012-01-11,22.213,23.867,22.114,23.718,5821393,0
2012-01-12,23.867,24.017,22.811,23.24,4235317,0
2012-01-13,23.24,24.017,23.09,23.818,2474792,0
2012-01-17,23.838,24.097,23.479,23.937,1646597,0
2012-01-18,23.937,24.455,23.758,24.176,2154587,0
2012-01-19,24.286,24.715,24.077,24.426,2040169,0
2012-01-20,24.376,24.505,24.067,24.416,1475848,0
2012-01-23,24.346,24.715,24.346,24.555,1556613,0
2012-01-24,24.515,26.07,24.386,25.97,6725277,0
2012-01-25,26.03,26.937,25.801,26.907,5799442,0
2012-01-26,26.459,26.777,26.09,26.269,1785531,0
2012-01-27,26.14,26.17,25.621,25.631,2861715,0
2012-01-30,25.562,25.731,24.635,24.764,2481890,0
2012-01-31,25.043,25.362,24.196,24.356,3690176,0
2012-02-01,24.744,25.163,24.316,24.884,3185440,0
2012-02-02,24.984,25.223,24.695,25.183,2195153,0
2012-02-03,25.651,26.409,25.173,26.369,4539604,0
2012-02-06,28.761,28.89,27.335,28.302,11607722,0
2012-02-07,28.412,29.199,28.382,28.721,6253099,0
2012-02-08,28.81,29.199,28.352,28.87,4145620,0
2012-02-09,28.9,28.9,27.316,27.704,6677560,0
2012-02-10,27.704,28.103,27.435,27.734,5369840,0
2012-02-13,28.033,28.103,26.339,27.216,5538930,0
2012-02-14,25.123,25.372,24.904,25.004,2470450,0
2012-02-15,25.143,25.273,24.575,24.754,2682968,0
2012-02-16,24.914,25.89,24.734,25.851,3331973,0
2012-02-17,25.741,25.91,24.824,24.994,2065112,0
2012-02-21,25.093,25.382,24.914,25.083,981853,0
2012-02-22,25.073,25.661,25.023,25.512,2011100,0
2012-02-23,25.99,26.209,25.741,25.98,1893010,0
2012-02-24,26.02,26.738,25.851,26.648,2377231,0
2012-02-27,26.468,27.106,26.409,26.887,2409719,0
2012-02-28,26.578,27.007,26.498,26.837,1873007,0
2012-02-29,26.867,27.276,26.269,26.578,2461876,0
2012-03-01,26.658,26.757,25.801,26.16,1978003,0
2012-03-02,26.01,26.1,25.781,25.821,1684162,0
2012-03-05,25.781,26.03,25.472,25.791,1462051,0
2012-03-06,25.452,25.671,24.904,25.073,2600559,0
2012-03-07,25.093,25.701,25.093,25.303,1230915,0
2012-03-08,25.472,25.631,25.143,25.193,1074403,0
2012-03-09,25.342,25.621,25.183,25.532,2153976,0
2012-03-12,25.442,25.442,24.575,24.934,2421624,0
2012-03-13,25.093,25.163,24.665,25.163,2254860,0
2012-03-14,25.123,25.871,25.063,25.671,1800177,0
2012-03-15,25.731,25.811,25.083,25.332,2614237,0
2012-03-16,25.392,25.492,25.023,25.352,2214855,0
2012-03-19,25.233,25.372,24.964,25.073,1054723,0
2012-03-20,24.914,25.043,24.047,24.585,2285498,0
2012-03-21,24.635,25.123,24.485,24.934,1393778,0
2012-03-22,24.734,24.974,24.565,24.695,876070,0
2012-03-23,24.864,25.163,24.635,24.964,5148088,0
2012-03-26,25.123,25.731,25.073,25.223,2661701,0
2012-03-27,25.213,25.312,24.067,24.196,6289993,0
2012-03-28,24.316,24.615,23.568,23.877,5647442,0
2012-03-29,23.678,24.366,22.861,23.808,6264681,0
2012-03-30,23.838,24.914,23.788,24.655,3732177,0
2012-04-02,24.615,26.01,24.525,25.89,4618736,0
2012-04-03,25.93,27.246,25.861,26.827,6047843,0
2012-04-04,26.578,26.777,26.309,26.767,3980756,0
2012-04-05,26.508,26.997,26.498,26.807,3671750,0
2012-04-09,26.698,26.797,26.05,26.757,3010643,0
2012-04-10,26.757,26.907,26.12,26.259,4920903,0
2012-04-11,26.478,26.787,26.478,26.638,6787758,0
2012-04-12,27.405,28.073,26.777,27.475,8694164,0
2012-04-13,27.365,27.435,26.767,26.907,4840951,0
2012-04-16,26.947,27.226,26.797,27.086,1643454,0
2012-04-17,27.176,27.923,27.086,27.515,1902426,0
2012-04-18,27.395,27.794,27.136,27.395,2361450,0
2012-04-19,27.505,27.784,27.236,27.505,2590816,0
2012-04-20,27.505,27.644,26.857,26.887,1977967,0
2012-04-23,26.628,26.688,25.871,26.17,2081655,0
2012-04-24,26.189,26.907,25.92,26.767,1661677,0
2012-04-25,26.817,27.146,26.728,26.957,3668184,0
2012-04-26,26.648,27.475,26.399,27.206,1619518,0
2012-04-27,27.276,27.316,26.787,27.136,1451261,0
2012-04-30,27.286,27.355,26.588,26.827,1691819,0
2012-05-01,26.927,27.804,26.847,27.465,2093420,0
2012-05-02,27.266,27.495,26.887,26.897,2475153,0
2012-05-03,26.947,27.585,26.508,26.668,4691730,0
2012-05-04,26.867,26.907,25.761,26.598,2362471,0
2012-05-07,26.478,26.518,25.871,26.17,1073702,0
2012-05-08,25.881,26.618,25.881,26.508,2481938,0
2012-05-09,26.209,26.508,25.96,26.349,1688582,0
2012-05-10,26.399,26.598,26.14,26.179,909106,0
2012-05-11,26.03,26.658,25.94,26.16,1061018,0
2012-05-14,26,26.199,25.801,25.801,1748145,0
2012-05-15,25.701,26.05,25.611,25.631,1633325,0
2012-05-16,25.841,26,25.243,25.283,2532216,0
2012-05-17,25.382,25.91,25.073,25.352,1531162,0
2012-05-18,25.362,25.512,24.316,24.545,2151792,0
2012-05-21,24.505,25.9,24.246,25.761,2436183,0
2012-05-22,25.761,26.449,25.741,25.98,3263470,0
2012-05-23,25.881,26.09,25.293,25.91,1612641,0
2012-05-24,26.02,26.578,25.472,26.01,2255258,0
2012-05-25,26,26.17,25.741,25.93,2138909,0
2012-05-29,26.199,26.449,26.12,26.259,1539839,0
2012-05-30,26.11,26.11,25.761,25.91,1624614,0
2012-05-31,25.831,26.01,25.103,25.9,1918881,0
2012-06-01,25.402,25.562,24.216,24.655,2750655,0
2012-06-04,24.784,24.834,24.077,24.316,1655570,0
2012-06-05,24.236,25.143,24.007,24.944,1861041,0
2012-06-06,25.063,25.791,24.944,25.681,2352345,0
2012-06-07,25.801,25.851,25.293,25.362,1523747,0
2012-06-08,25.273,26.199,25.113,25.661,1684464,0
2012-06-11,26.319,26.538,25.9,26,2964203,0
2012-06-12,26.259,26.409,26,26.11,3243139,0
2012-06-13,26.05,26.319,25.97,26.13,3665442,0
2012-06-14,26.289,26.498,26.13,26.309,3539681,0
2012-06-15,26.289,26.708,26,26.638,5260913,0
2012-06-18,26.259,27.056,26.259,26.777,1583249,0
2012-06-19,26.907,27.286,26.548,27.056,2371567,0
2012-06-20,27.186,27.664,26.967,27.136,3853134,0
2012-06-21,27.176,27.176,26.189,26.439,3436511,0
2012-06-22,26.478,26.837,26.14,26.16,8824883,0
2012-06-25,26.15,26.299,25.342,25.522,5617768,0
2012-06-26,25.542,26.239,25.303,26.1,2126679,0
2012-06-27,26.06,26.807,26.02,26.518,1723141,0
2012-06-28,26.459,29.647,26.459,29.368,20189129,0
2012-06-29,29.687,31.282,29.687,30.325,8323447,0
2012-07-02,30.335,30.395,28.89,29.887,3473298,0
2012-07-03,29.368,29.887,29.289,29.398,1982721,0
2012-07-05,29.269,29.458,28.212,28.641,3824472,0
2012-07-06,28.242,28.501,28.023,28.312,2181777,0
2012-07-09,28.412,28.691,27.425,28.053,3639929,0
2012-07-10,28.163,28.422,27.654,27.933,3322570,0
2012-07-11,27.983,28.153,27.445,27.814,3413262,0
2012-07-12,27.595,27.834,27.335,27.734,3418668,0
2012-07-13,27.854,28.153,27.674,28.063,5522124,0
2012-07-16,27.943,28.133,27.136,27.674,2260691,0
2012-07-17,27.764,28.153,27.495,28.033,2150855,0
2012-07-18,27.794,28.621,27.624,28.501,3226108,0
2012-07-19,28.531,28.711,27.624,27.694,1996258,0
2012-07-20,27.615,27.714,27.306,27.425,1613912,0
2012-07-23,26.877,27.056,26.259,26.927,1471560,0
2012-07-24,26.987,27.076,26.419,26.668,2156828,0
2012-07-25,26.797,27.156,26.628,27.066,2340536,0
2012-07-26,27.405,27.445,25.9,26.807,4290061,0
2012-07-27,26.917,27.345,26.678,27.216,1522619,0
2012-07-30,27.156,27.585,26.757,27.046,1186460,0
2012-07-31,27.017,27.046,26.229,26.389,2363523,0
2012-08-01,26.548,26.897,26.09,26.15,1558700,0
2012-08-02,26.14,26.658,26.01,26.349,1568895,0
2012-08-03,26.738,26.857,26.08,26.508,2100557,0
2012-08-06,26.09,26.16,23.828,25.462,10599480,0
2012-08-07,26.17,27.495,26.16,26.797,3638113,0
2012-08-08,26.618,27.286,26.598,27.156,2294007,0
2012-08-09,27.166,27.704,27.007,27.316,1807710,0
2012-08-10,27.027,27.206,26.897,27.116,1598690,0
2012-08-13,27.076,27.365,26.847,26.997,1531561,0
2012-08-14,27.166,27.395,26.668,27.096,2140113,0
2012-08-15,27.196,27.236,26.877,27.176,2396152,0
2012-08-16,27.226,28.183,27.136,28.013,2290226,0
2012-08-17,28.113,29.169,27.904,28.91,2613782,0
2012-08-20,28.741,29.309,28.741,28.94,1911275,0
2012-08-21,29,29.05,28.402,28.501,1376991,0
2012-08-22,28.412,28.561,28.143,28.202,982673,0
2012-08-23,28.202,28.222,27.774,28.033,1167695,0
2012-08-24,27.923,28.212,27.824,28.023,1225568,0
2012-08-27,28.093,28.332,27.894,28.262,1748538,0
2012-08-28,28.262,28.442,28.053,28.252,1042907,0
2012-08-29,28.232,28.372,28.113,28.222,1106882,0
2012-08-30,28.033,28.491,27.983,28.412,1351213,0
2012-08-31,28.472,28.771,28.342,28.452,1308695,0
2012-09-04,28.631,28.731,28.222,28.442,1287644,0
2012-09-05,28.501,28.83,28.342,28.631,1497307,0
2012-09-06,28.721,29.568,28.721,29.239,2546972,0
2012-09-07,29.299,29.548,29.02,29.209,1314377,0
2012-09-10,29.149,29.249,28.89,29.099,1102350,0
2012-09-11,29.079,29.189,28.8,28.83,942391,0
2012-09-12,28.92,29.209,28.9,29.06,1722630,0
2012-09-13,29.02,30.245,29.02,30.196,2714360,0
2012-09-14,30.265,31.72,30.116,31.053,2977716,0
2012-09-17,31.053,31.86,30.664,31.73,1946508,0
2012-09-18,31.581,33.175,31.511,32.557,4821102,0
2012-09-19,32.557,32.787,32.318,32.637,2543260,0
2012-09-20,32.408,32.587,32.288,32.398,1522352,0
2012-09-21,32.587,32.637,32.448,32.448,2014108,0
2012-09-24,32.248,32.428,32.039,32.089,1967734,0
2012-09-25,32.129,32.318,31.71,31.73,1398340,0
2012-09-26,31.72,32.089,31.102,31.86,2274963,0
2012-09-27,31.969,33.135,31.959,32.936,2835527,0
2012-09-28,32.667,33.434,32.667,33.135,3577738,0
2012-10-01,33.125,34.202,32.856,33.634,2644729,0
2012-10-02,33.614,34.152,32.846,33.145,2383518,0
2012-10-03,33.275,33.275,32.607,32.767,2846529,0
2012-10-04,31.401,32.547,30.106,32.069,4013044,0
2012-10-05,32.368,32.836,31.661,31.85,1896845,0
2012-10-08,31.93,31.989,31.112,31.212,3836143,0
2012-10-09,31.252,31.352,29.837,30.624,2982597,0
2012-10-10,30.624,30.694,29.986,30.295,2506214,0
2012-10-11,30.983,31.451,30.604,30.883,3303033,0
2012-10-12,30.893,31.033,30.664,30.813,1795996,0
2012-10-15,30.923,31.8,30.893,31.69,3616791,0
2012-10-16,32.637,32.657,30.534,30.744,6556023,0
2012-10-17,31.122,31.661,30.495,30.654,3135250,0
2012-10-18,30.724,30.823,30.405,30.674,1976684,0
2012-10-19,30.544,30.684,29.757,29.946,1845750,0
2012-10-22,29.807,30.654,29.727,30.644,1560998,0
2012-10-23,30.166,30.196,29.498,29.538,2669006,0
2012-10-24,30.026,30.883,29.807,30.514,9650947,0
2012-10-25,30.644,31.372,30.644,31.152,3442429,0
2012-10-26,31.112,31.471,30.405,31.421,3875055,0
2012-10-31,29.528,29.548,28.302,28.312,3191017,0
2012-11-01,27.904,30.086,27.824,29.907,3743494,0
2012-11-02,30.245,30.754,29.897,30.564,3014023,0
2012-11-05,30.495,32.657,30.445,32.119,7726895,0
2012-11-06,32.089,32.139,30.435,30.823,7190284,0
2012-11-07,33.454,34.042,32.318,33.733,20556645,0
2012-11-08,33.763,33.773,31.85,32.149,7263078,0
2012-11-09,32.239,32.767,31.481,32.508,5753236,0
2012-11-12,32.418,32.876,31.969,32.408,2409667,0
2012-11-13,32.268,32.328,31.431,31.581,3837143,0
2012-11-14,31.551,31.631,29.827,30.265,5033620,0
2012-11-15,30.206,30.225,29.568,29.817,3217239,0
2012-11-16,29.996,30.754,29.966,30.395,3118246,0
2012-11-19,30.863,31.451,30.794,31.381,2761372,0
2012-11-20,31.411,31.431,31.102,31.252,2885607,0
2012-11-21,31.362,31.481,31.053,31.252,2269402,0
2012-11-23,31.391,31.601,31.232,31.352,1014162,0
2012-11-26,31.102,31.292,30.534,30.853,2100304,0
2012-11-27,30.843,30.953,30.305,30.644,2686873,0
2012-11-28,30.365,30.634,30.106,30.594,1932080,0
2012-11-29,30.794,31.959,30.754,31.631,4079505,0
2012-11-30,31.352,31.84,31.352,31.641,2935963,0
2012-12-03,32.587,32.787,31.82,32.099,3753298,0
2012-12-04,32.149,32.378,31.87,31.9,2510415,0
2012-12-05,31.94,32.478,31.72,32.288,1705620,0
2012-12-06,32.229,33.285,32.039,33.106,3308734,0
2012-12-07,33.275,33.913,33.225,33.644,4214050,0
2012-12-10,33.554,33.863,33.385,33.753,3571566,0
2012-12-11,32.637,33.036,32.408,32.866,13182009,0
2012-12-12,32.916,32.986,32.637,32.797,8239768,0
2012-12-13,31.232,31.242,30.225,30.744,6245748,0
2012-12-14,30.823,31.242,30.514,30.644,4768415,0
2012-12-17,30.823,31.192,30.445,31.102,9044913,0
2012-12-18,31.451,32.029,31.262,31.651,8788529,0
2012-12-19,31.72,31.89,31.272,31.601,6619151,0
2012-12-20,31.561,31.641,30.893,31.063,3851994,0
2012-12-21,30.405,31.202,30.046,31.033,3232751,0
2012-12-24,31.033,31.272,30.754,30.903,842114,0
2012-12-26,30.893,30.893,30.255,30.335,1678805,0
2012-12-27,30.435,30.534,30.186,30.495,1792316,0
2012-12-28,30.764,31.641,30.006,30.036,6011657,0
2012-12-31,30.046,30.485,29.757,30.066,5052770,0
2013-01-02,30.544,31.242,30.544,31.192,4856088,0
2013-01-03,30.823,31.74,30.764,31.541,3268128,0
2013-01-04,31.541,32.209,31.501,31.83,3495305,0
2013-01-07,31.87,32.219,31.76,32.209,2457090,0
2013-01-08,32.169,32.388,31.531,31.591,2370808,0
2013-01-09,31.75,33.046,31.551,32.936,4398785,0
2013-01-10,32.976,33.115,32.697,33.056,2713227,0
2013-01-11,33.006,33.693,32.966,33.086,2618759,0
2013-01-14,32.836,33.982,32.836,33.733,3919384,0
2013-01-15,33.574,35.049,33.564,34.869,5911401,0
2013-01-16,34.79,35.109,34.361,35.059,3944734,0
2013-01-17,35.338,36.583,35.138,36.414,6566377,0
2013-01-18,36.374,37.102,36.294,36.823,3140497,0
2013-01-22,36.863,37.939,36.703,37.869,3944890,0
2013-01-23,37.69,37.72,36.354,37.431,5362335,0
2013-01-24,37.55,37.809,37.142,37.6,2600193,0
2013-01-25,37.71,37.859,37.6,37.61,3924849,0
2013-01-28,37.57,37.57,36.863,37.251,4162690,0
2013-01-29,37.251,37.45,36.235,36.534,6930290,0
2013-01-30,36.434,38.009,36.334,37.939,5134376,0
2013-01-31,37.65,37.869,37.45,37.52,1794303,0
2013-02-01,38.158,38.327,37.61,38.088,2646099,0
2013-02-04,37.889,38.337,37.301,37.48,3217533,0
2013-02-05,36.922,39.464,36.414,37.381,6951404,0
2013-02-06,37.281,37.68,36.962,37.052,3217985,0
2013-02-07,37.171,37.371,36.693,36.942,3728793,0
2013-02-08,37.171,37.361,37.032,37.092,1874932,0
2013-02-11,37.042,37.54,36.494,36.534,3529310,0
2013-02-12,35.996,36.404,35.726,36.324,22174605,0
2013-02-13,36.803,37.062,36.225,36.763,7211601,0
2013-02-14,36.613,36.982,36.603,36.703,2871705,0
2013-02-15,36.673,36.853,35.976,36.155,2794543,0
2013-02-19,36.155,36.384,35.507,36.285,5273090,0
2013-02-20,36.195,36.235,35.168,35.288,5462743,0
2013-02-21,35.378,35.856,35.029,35.667,6322945,0
2013-02-22,35.687,35.846,35.497,35.637,2365666,0
2013-02-25,35.716,35.926,35.049,35.089,3190955,0
2013-02-26,35.089,35.677,34.78,35.517,3723276,0
2013-02-27,35.388,36.733,35.268,36.554,11456416,0
2013-02-28,36.474,37.52,36.404,36.962,8924675,0
2013-03-01,36.872,37.371,36.454,36.833,3906177,0
2013-03-04,36.603,37.142,36.155,36.524,5442842,0
2013-03-05,36.643,37.092,36.643,36.813,6763228,0
2013-03-06,36.872,37.112,36.673,36.783,2982779,0
2013-03-07,36.723,37.331,36.723,36.912,4100664,0
2013-03-08,36.972,37.371,36.962,37.122,6169514,0
2013-03-11,37.122,37.989,37.122,37.66,4103245,0
2013-03-12,37.64,38.138,37.64,37.889,2964157,0
2013-03-13,37.859,38.278,37.809,38.148,3227322,0
2013-03-14,38.317,38.656,38.138,38.317,4686445,0
2013-03-15,38.298,38.377,37.67,37.789,5949891,0
2013-03-18,37.6,37.759,37.251,37.65,2799137,0
2013-03-19,37.909,38.308,37.799,38.138,4133687,0
2013-03-20,38.367,38.726,38.158,38.427,2386278,0
2013-03-21,38.168,38.696,37.959,38.427,2253007,0
2013-03-22,38.626,39.633,38.567,39.175,3213601,0
2013-03-25,39.184,39.822,39.115,39.264,2719704,0
2013-03-26,39.354,40.111,39.354,40.051,3194757,0
2013-03-27,39.992,40.51,39.583,40.291,2403815,0
2013-03-28,40.291,40.779,40.281,40.49,3427920,0
2013-04-01,40.36,41.058,40.071,40.58,2689240,0
2013-04-02,41.257,41.357,38.975,39.723,6685214,0
2013-04-03,39.663,39.663,37.54,37.779,7341396,0
2013-04-04,37.63,37.73,36.404,37.56,9122970,0
2013-04-05,37.152,38.009,36.962,37.351,4246594,0
2013-04-08,37.371,37.66,36.992,37.57,1253087,0
2013-04-09,37.57,37.949,37.022,37.5,3946280,0
2013-04-10,36.275,36.872,35.726,36.544,9056065,0
2013-04-11,36.564,38.387,36.294,38.298,5786879,0
2013-04-12,38.038,38.557,37.899,38.188,2454094,0
2013-04-15,37.929,38.367,36.175,36.593,4663348,0
2013-04-16,35.467,37.749,35.427,37.739,8629697,0
2013-04-17,37.421,37.68,36.524,37.411,3644403,0
2013-04-18,37.53,37.53,36.514,36.793,2136955,0
2013-04-19,37.102,37.839,36.823,37.53,1635506,0
2013-04-22,37.56,37.849,36.683,37.59,2413859,0
2013-04-23,37.6,37.949,37.311,37.73,2558682,0
2013-04-24,37.789,38.357,37.161,38.028,4726865,0
2013-04-25,37.849,38.168,37.321,37.809,5840179,0
2013-04-26,38.038,38.417,37.66,38.118,3685160,0
2013-04-29,40.36,41.686,39.972,40.231,8216619,0
2013-04-30,40.121,40.709,39.424,39.753,4436775,0
2013-05-01,39.613,39.942,39.085,39.354,3846768,0
2013-05-02,39.364,40.799,38.427,40.331,4861673,0
2013-05-03,40.53,41.387,40.211,40.859,4767913,0
2013-05-06,40.928,41.656,40.649,41.257,2711132,0
2013-05-07,41.267,41.417,40.938,41.038,2239904,0
2013-05-08,40.51,40.869,39.842,40.301,3221766,0
2013-05-09,40.36,40.57,39.673,40.201,3425011,0
2013-05-10,40.141,40.948,40.022,40.59,1775043,0
2013-05-13,40.321,40.799,40.311,40.55,1438576,0
2013-05-14,40.649,40.918,40.46,40.669,1298608,0
2013-05-15,40.161,40.48,39.583,40.061,2774649,0
2013-05-16,40.002,40.071,39.304,39.354,1944414,0
2013-05-17,39.414,39.473,38.577,38.955,4615632,0
2013-05-20,38.846,38.925,37.241,38.068,6919761,0
2013-05-21,38.118,38.308,37.431,37.53,4318296,0
2013-05-22,37.311,38.367,36.793,37.161,5340161,0
2013-05-23,36.912,37.909,36.544,37.769,3300798,0
2013-05-24,37.58,37.71,37.251,37.401,1458318,0
2013-05-28,37.829,38.547,37.59,38.178,1952682,0
2013-05-29,37.969,37.999,37.361,37.899,1984492,0
2013-05-30,38.009,39.065,37.979,38.686,2796813,0
2013-05-31,38.646,39.533,38.397,38.925,2986239,0
2013-06-03,38.995,39.274,38.288,39.145,2377962,0
2013-06-04,39.065,39.613,38.616,38.886,2801228,0
2013-06-05,38.616,38.766,37.739,37.979,4242228,0
2013-06-06,38.128,38.666,37.749,38.268,4442293,0
2013-06-07,38.487,39.663,38.347,39.464,3034941,0
2013-06-10,39.464,40.34,39.384,40.101,3379801,0
2013-06-11,39.643,40.191,39.404,39.593,2679604,0
2013-06-12,40.101,40.151,38.995,39.394,3215434,0
2013-06-13,39.284,40.301,39.075,40.151,2930492,0
2013-06-14,40.111,40.181,39.673,39.762,1642913,0
2013-06-17,40.131,40.131,38.557,39.125,4563626,0
2013-06-18,39.075,39.145,38.606,38.696,3646967,0
2013-06-19,38.696,38.965,37.769,38.616,6396424,0
2013-06-20,38.138,38.357,37.002,37.55,5794031,0
2013-06-21,37.69,37.789,36.255,37.311,4388917,0
2013-06-24,37.002,37.71,35.856,36.474,4833095,0
2013-06-25,36.633,37.092,36.314,36.494,2098818,0
2013-06-26,36.623,37.112,36.005,36.394,2712509,0
2013-06-27,36.424,36.833,35.956,36.265,7857666,0
2013-06-28,36.105,36.344,35.278,35.936,16106383,0
2013-07-01,36.285,37.062,36.135,36.813,4634064,0
2013-07-02,36.843,37.062,36.354,36.783,3043351,0
2013-07-03,35.657,36.075,35.079,35.368,6775901,0
2013-07-05,35.517,35.946,35.328,35.736,3553188,0
2013-07-08,35.956,36.404,35.677,36.324,2705693,0
2013-07-09,36.613,37.012,35.906,36.743,3598529,0
2013-07-10,36.843,37.261,36.544,37.142,2542969,0
2013-07-11,37.391,37.53,36.863,37.112,2720158,0
2013-07-12,37.201,37.51,37.012,37.49,2332892,0
2013-07-15,37.769,37.769,36.843,37.082,2710496,0
2013-07-16,38.367,39.115,38.038,38.726,10233309,0
2013-07-17,38.935,38.935,38.238,38.357,4050252,0
2013-07-18,38.317,39.105,38.317,39.025,4295687,0
2013-07-19,38.557,39.065,38.148,38.497,4897217,0
2013-07-22,38.397,39.204,38.158,39.085,2309500,0
2013-07-23,39.075,39.145,38.477,38.965,2252633,0
2013-07-24,38.965,39.095,38.527,38.626,1468768,0
2013-07-25,38.407,38.567,38.308,38.547,1296902,0
2013-07-26,38.577,39.762,38.547,39.603,2840638,0
2013-07-29,39.563,39.992,38.876,38.915,1962100,0
2013-07-30,39.115,39.155,37.949,38.955,3900210,0
2013-07-31,38.975,39.075,38.706,38.866,3374355,0
2013-08-01,38.866,39.822,38.268,38.945,4325327,0
2013-08-02,38.866,39.145,38.736,38.905,2326730,0
2013-08-05,38.905,39.603,38.846,39.424,1854834,0
2013-08-06,39.384,39.384,37.949,38.198,3589065,0
2013-08-07,38.048,38.288,37.67,37.929,2106012,0
2013-08-08,38.068,38.676,38.058,38.397,2142065,0
2013-08-09,38.447,39.065,38.397,38.876,2306356,0
2013-08-12,38.886,38.985,38.427,38.636,1307484,0
2013-08-13,38.746,38.955,38.228,38.497,2117133,0
2013-08-14,38.686,39.364,38.577,38.985,2629967,0
2013-08-15,38.497,38.696,37.849,38.278,2312429,0
2013-08-16,38.288,38.317,37.67,37.769,1933160,0
2013-08-19,37.829,38.248,37.62,37.919,2360026,0
2013-08-20,37.969,38.646,37.869,38.447,1964588,0
2013-08-21,38.377,38.626,37.969,38.128,2567735,0
2013-08-22,38.298,38.856,38.098,38.367,1312100,0
2013-08-23,38.367,38.377,37.909,38.128,2661384,0
2013-08-26,38.198,39.503,38.078,39.244,2668116,0
2013-08-27,38.656,38.985,38.258,38.367,2865383,0
2013-08-28,38.367,38.866,38.278,38.437,2039203,0
2013-08-29,38.337,38.975,38.337,38.616,1322074,0
2013-08-30,38.577,38.736,37.859,38.058,2086182,0
2013-09-03,38.178,38.736,38.178,38.547,2136302,0
2013-09-04,38.616,38.616,38.268,38.377,1324596,0
2013-09-05,38.308,38.786,38.308,38.557,5459633,0
2013-09-06,38.646,39.753,38.357,39.384,2402613,0
2013-09-09,39.374,39.414,38.298,38.706,4048247,0
2013-09-10,38.895,39.404,38.886,39.204,2717190,0
2013-09-11,39.214,39.693,39.214,39.563,1766484,0
2013-09-12,39.533,39.772,38.816,39.603,3217389,0
2013-09-13,39.723,40.44,39.613,40.151,2853334,0
2013-09-16,40.59,41.427,40.56,40.958,2969963,0
2013-09-17,40.899,41.178,40.48,41.168,1918846,0
2013-09-18,41.357,42.603,41.217,42.603,6387842,0
2013-09-19,42.603,42.961,42.144,42.194,3387628,0
2013-09-20,42.194,42.354,41.656,42.015,3720846,0
2013-09-23,42.035,42.035,41.357,41.865,2109781,0
2013-09-24,41.726,41.905,41.158,41.307,3878689,0
2013-09-25,41.636,41.985,41.417,41.885,2575618,0
2013-09-26,42.065,42.413,41.915,42.224,1825274,0
2013-09-27,41.925,42.423,41.766,41.925,2777076,0
2013-09-30,41.815,42.852,41.626,42.603,3847475,0
2013-10-01,42.662,44.456,42.453,44.446,7682176,0
2013-10-02,44.377,45.303,44.117,45.184,7049331,0
2013-10-03,45.134,46.908,45.134,45.782,8211830,0
2013-10-04,45.841,46.439,45.602,45.941,3792001,0
2013-10-07,44.636,46.35,44.636,46.101,3184334,0
2013-10-08,46.38,46.539,45.552,45.652,4699307,0
2013-10-09,45.762,46.529,45.642,45.851,4028917,0
2013-10-10,46.14,46.589,45.383,45.493,4334847,0
2013-10-11,45.523,46.659,45.513,46.4,3016175,0
2013-10-14,46.041,46.29,45.144,46.17,2452903,0
2013-10-15,46.23,46.28,45.363,45.742,1696679,0
2013-10-16,45.901,46.15,45.413,46.061,1661248,0
2013-10-17,45.871,47.306,45.871,47.217,2060768,0
2013-10-18,49.02,49.349,47.436,48.373,7180809,0
2013-10-21,48.373,48.582,47.267,47.366,2024445,0
2013-10-22,47.506,47.864,46.808,46.838,3511301,0
2013-10-23,46.659,46.788,46.081,46.609,2069350,0
2013-10-24,46.539,46.748,45.194,45.642,5345775,0
2013-10-25,45.523,47.027,45.523,46.758,3411160,0
2013-10-28,46.579,47.326,46.479,46.858,1665296,0
2013-10-29,46.748,47.456,46.34,47.177,2362056,0
2013-10-30,46.788,46.838,46.24,46.509,9670705,0
2013-10-31,46.529,47.286,46.509,46.978,5940171,0
2013-11-01,47.197,47.516,46.509,47.147,3523159,0
2013-11-04,47.147,47.575,47.017,47.575,2851963,0
2013-11-05,46.997,47.575,45.702,46.29,4692027,0
2013-11-06,46.669,46.938,44.895,45.144,5189268,0
2013-11-07,45.323,45.343,43.719,44.088,6203052,0
2013-11-08,44.297,44.994,44.018,44.974,4266073,0
2013-11-11,44.994,45.533,44.745,45.343,2290696,0
2013-11-12,44.984,45.393,44.476,45.283,3683456,0
2013-11-13,45.124,45.692,44.945,45.473,3619337,0
2013-11-14,45.423,45.832,45.184,45.692,2223874,0
2013-11-15,45.692,45.832,44.098,44.915,6546061,0
2013-11-18,44.446,44.865,43.978,44.157,3473972,0
2013-11-19,44.207,44.347,43.051,43.629,4496237,0
2013-11-20,43.848,44.646,43.749,44.048,3005063,0
2013-11-21,43.958,44.406,43.809,44.287,2020306,0
2013-11-22,44.267,44.755,43.818,44.606,2094210,0
2013-11-25,44.715,44.875,44.117,44.197,1406418,0
2013-11-26,44.247,45.752,44.008,45.323,4123232,0
2013-11-27,45.562,46.529,45.204,46.36,3317047,0
2013-11-29,46.669,47.027,46.17,46.26,1467897,0
2013-12-02,46.121,46.898,46.081,46.559,1873586,0
2013-12-03,46.38,46.938,46.32,46.898,2156567,0
2013-12-04,46.868,47.037,46.459,46.838,2017867,0
2013-12-05,46.738,46.738,46.27,46.41,1222715,0
2013-12-06,46.689,47.296,46.509,47.077,2530876,0
2013-12-09,47.157,47.316,46.768,46.818,1317253,0
2013-12-10,46.738,47.546,46.629,47.137,2425134,0
2013-12-11,47.057,47.227,45.991,46.569,3158740,0
2013-12-12,46.659,46.699,45.034,46.16,2931890,0
2013-12-13,46.469,46.908,46.15,46.669,1655517,0
2013-12-16,46.778,47.097,46.609,47.017,2648133,0
2013-12-17,46.888,46.888,44.915,45.383,4853294,0
2013-12-18,46.031,46.499,45.851,46.39,3483534,0
2013-12-19,46.33,46.34,45.463,45.503,2188910,0
2013-12-20,45.323,46.788,44.935,46.728,5333354,0
2013-12-23,46.748,46.908,45.423,45.881,2407005,0
2013-12-24,45.802,46.828,45.802,46.37,611882,0
2013-12-26,46.539,46.639,46.34,46.459,806274,0
2013-12-27,46.738,46.738,46.16,46.31,763622,0
2013-12-30,46.27,47.127,45.951,47.027,1051895,0
2013-12-31,47.087,47.815,47.017,47.546,1504969,0
2014-01-02,47.227,48.233,47.097,47.605,2228742,0
2014-01-03,47.665,48.761,47.665,48.602,2443075,0
2014-01-06,48.602,49.499,48.064,48.363,4773190,0
2014-01-07,48.363,49.798,48.343,49.678,5710751,0
2014-01-08,49.698,50.764,49.529,50.376,4111062,0
2014-01-09,50.376,50.844,50.077,50.725,2858118,0
2014-01-10,50.525,51.532,50.406,51.143,2923566,0
2014-01-13,51.034,51.582,50.605,50.784,2878202,0
2014-01-14,51.253,51.572,50.754,51.233,3556050,0
2014-01-15,51.193,51.412,50.525,50.894,3250810,0
2014-01-16,50.924,51.382,50.745,51.043,3391810,0
2014-01-17,51.123,51.572,50.665,51.233,2149965,0
2014-01-21,51.542,51.542,49.379,49.828,3362703,0
2014-01-22,49.798,49.997,49.648,49.648,2486246,0
2014-01-23,49.519,49.828,49.08,49.618,1836633,0
2014-01-24,49.439,49.439,47.346,48.233,4355836,0
2014-01-27,48.393,49.848,48.074,48.931,2792573,0
2014-01-28,48.881,49.868,48.821,49.349,1533820,0
2014-01-29,49.19,49.808,48.662,49.13,1822672,0
2014-01-30,49.309,49.997,49.22,49.319,1821297,0
2014-01-31,48.682,50.575,48.642,50.097,2638273,0
2014-02-03,50.276,50.276,48.273,48.293,3487806,0
2014-02-04,49.329,50.396,45.861,48.353,5635064,0
2014-02-05,47.864,48.084,46.449,47.805,3754106,0
2014-02-06,47.894,48.283,47.466,48.203,1884787,0
2014-02-07,47.835,48.612,47.705,48.163,1573173,0
2014-02-10,48.044,48.831,47.566,48.801,2450429,0
2014-02-11,48.722,48.941,48.144,48.791,2286373,0
2014-02-12,48.343,49.369,48.333,48.901,1944248,0
2014-02-13,48.592,50.475,48.502,49.828,4934026,0
2014-02-14,49.818,50.376,49.539,49.589,2254136,0
2014-02-18,49.828,50.306,49.459,49.668,2468614,0
2014-02-19,49.479,49.818,49.14,49.389,2124187,0
2014-02-20,49.429,50.246,49.13,50.057,1283482,0
2014-02-21,50.097,50.446,49.519,49.838,1456064,0
2014-02-24,50.077,50.764,49.828,50.196,1308747,0
2014-02-25,50.047,50.386,49.16,49.389,2244479,0
2014-02-26,49.449,50.625,49.24,50.306,1331979,0
2014-02-27,50.147,51.472,50.057,51.342,2512890,0
2014-02-28,51.432,52.05,50.645,51.024,3015747,0
2014-03-03,50.535,51.91,50.535,51.512,2679604,0
2014-03-04,51.821,52.309,50.854,50.884,3533026,0
2014-03-05,51.014,51.113,49.937,50.117,3726432,0
2014-03-06,50.456,50.545,49.409,49.449,4373507,0
2014-03-07,49.818,50.346,49.28,49.459,2584397,0
2014-03-10,49.489,49.788,49.22,49.379,1781095,0
2014-03-11,49.429,50.276,49.04,49.07,1655222,0
2014-03-12,48.632,49.1,48.492,49.04,1441291,0
2014-03-13,49.16,49.26,46.997,47.835,4657936,0
2014-03-14,47.675,48.114,47.047,47.486,3190297,0
2014-03-17,47.655,48.273,47.575,48.104,1485338,0
2014-03-18,48.383,49.648,48.353,49.06,1613480,0
2014-03-19,49.15,50.196,49.05,49.778,1577706,0
2014-03-20,49.778,50.057,49.15,49.26,1570267,0
2014-03-21,49.549,50.236,49.339,49.967,3422719,0
2014-03-24,49.828,50.077,48.472,48.622,1833581,0
2014-03-25,48.682,49.12,48.134,48.672,2070729,0
2014-03-26,48.961,50.665,48.861,50.176,3618169,0
2014-03-27,50.266,50.485,49.848,50.186,2172689,0
2014-03-28,50.416,51.572,50.416,50.964,3281264,0
2014-03-31,51.572,52.498,51.572,52.319,3932610,0
2014-04-01,52.359,52.648,51.362,51.721,2824020,0
2014-04-02,51.831,52.209,51.462,52.06,2372132,0
2014-04-03,51.891,51.891,50.784,50.974,3111811,0
2014-04-04,51.382,52.16,49.957,49.997,2348191,0
2014-04-07,49.957,50.007,48.363,48.592,3114528,0
2014-04-08,48.582,50.276,47.864,49.808,3934665,0
2014-04-09,49.828,50.635,49.449,50.575,3455647,0
2014-04-10,50.495,50.575,48.602,49.04,1742652,0
2014-04-11,48.901,49.738,47.974,48.044,2520289,0
2014-04-14,48.353,48.821,47.855,48.333,2235857,0
2014-04-15,48.562,49.05,47.615,48.572,3683271,0
2014-04-16,48.991,49.03,48.144,48.403,2254780,0
2014-04-17,48.482,49.05,47.934,48.841,1581844,0
2014-04-21,48.632,49.339,48.572,49.29,1011489,0
2014-04-22,49.23,50.176,48.951,49.25,2200797,0
2014-04-23,49.529,50.426,49.309,50.226,2845970,0
2014-04-24,50.605,51.053,50.286,50.356,2588391,0
2014-04-25,51.063,53.545,50.555,53.256,7689845,0
2014-04-28,53.306,53.625,52.319,52.429,5846903,0
2014-04-29,50.824,51.791,49.738,51.223,5544295,0
2014-04-30,51.442,52.219,51.223,51.821,4766533,0
2014-05-01,51.821,52.658,51.303,52.219,3095468,0
2014-05-02,52.18,52.349,51.542,51.701,2908988,0
2014-05-05,51.771,52.389,51.442,52.17,2461370,0
2014-05-06,52.07,52.658,51.731,51.781,2354703,0
2014-05-07,51.831,51.891,50.515,51.362,2662069,0
2014-05-08,51.253,52.14,50.834,51.004,1683841,0
2014-05-09,50.964,51.651,50.615,51.332,1529727,0
2014-05-12,51.522,52.209,51.522,52.12,1098574,0
2014-05-13,51.891,52.548,51.851,52.18,1825276,0
2014-05-14,52.18,52.688,51.95,52.498,1669925,0
2014-05-15,52.339,52.459,51.621,51.92,1544240,0
2014-05-16,51.791,51.791,50.934,51.073,2280919,0
2014-05-19,50.984,51.572,50.824,51.332,1801105,0
2014-05-20,51.263,51.801,51.263,51.542,6632168,0
2014-05-21,51.741,52.498,51.741,52.09,4470582,0
2014-05-22,52.269,53.286,51.901,52.15,5806043,0
2014-05-23,52.518,53.475,52.19,53.256,2955868,0
2014-05-27,53.585,53.814,52.847,52.937,1937636,0
2014-05-28,53.196,53.784,52.997,53.186,2225275,0
2014-05-29,53.186,53.475,53.106,53.206,1743049,0
2014-05-30,53.116,53.336,52.688,52.807,2616849,0
2014-06-02,52.917,53.096,52.19,52.807,4026772,0
2014-06-03,52.857,54.631,52.847,54.312,3675827,0
2014-06-04,54.113,54.761,53.933,54.581,2154943,0
2014-06-05,54.521,56.196,54.492,56.066,3985169,0
2014-06-06,56.116,56.515,55.329,55.398,1955400,0
2014-06-09,55.388,55.767,54.94,55.189,1147757,0
2014-06-10,55.159,55.159,54.232,55.07,1952565,0
2014-06-11,54.86,55.339,53.814,54.82,3394766,0
2014-06-12,54.81,54.81,54.103,54.332,1562879,0
2014-06-13,54.302,55.149,53.943,54.791,1853061,0
2014-06-16,54.81,56.435,54.8,55.797,3248765,0
2014-06-17,55.827,56.285,55.299,55.369,2144763,0
2014-06-18,55.329,55.697,54.581,55.618,2089982,0
2014-06-19,55.538,56.345,55.279,56.295,1609855,0
2014-06-20,56.345,57.571,56.345,57.411,4037564,0
2014-06-23,57.491,58.348,57.302,57.81,2662526,0
2014-06-24,57.78,57.78,56.295,56.345,2206902,0
2014-06-25,56.285,57.242,55.618,56.654,3197594,0
2014-06-26,56.405,56.525,54.392,55.568,5618455,0
2014-06-27,55.468,56.076,54.511,55.239,5544844,0
2014-06-30,55.428,56.634,55.329,56.186,3034470,0
2014-07-01,56.534,57.023,55.578,55.897,3624204,0
2014-07-02,55.697,57.192,55.538,57.073,1671661,0
2014-07-03,57.093,57.551,56.495,56.913,1048119,0
2014-07-07,56.734,56.833,55.179,55.289,1910364,0
2014-07-08,55.05,55.189,53.425,54.332,4599055,0
2014-07-09,54.561,55.418,54.073,54.761,1915965,0
2014-07-10,54.173,55.917,54.173,55.508,2665463,0
2014-07-11,55.329,55.966,54.86,55.747,2477665,0
2014-07-14,55.807,56.126,55.199,55.588,1984487,0
2014-07-15,55.179,56.196,54.93,55.02,1923657,0
2014-07-16,58.318,61.228,57.979,60.78,14356438,0
2014-07-17,61.009,62.773,60.162,60.401,7186373,0
2014-07-18,60.252,62.334,60.102,62.225,3330719,0
2014-07-21,61.836,61.836,60.69,61.338,3328376,0
2014-07-22,61.258,63.381,59.185,61.557,7287370,0
2014-07-23,61.786,62.464,60.86,61.836,2494886,0
2014-07-24,61.677,62.195,61.178,61.288,3012595,0
2014-07-25,62.584,63.779,62.354,62.683,4301231,0
2014-07-28,62.733,63.68,62.384,63.431,4068000,0
2014-07-29,63.56,65.045,62.504,64.846,4923959,0
2014-07-30,64.357,66.48,64.357,66.032,5170557,0
2014-07-31,65.304,65.344,64.288,65.085,4679380,0
2014-08-01,64.866,66.271,64.547,65.264,3639695,0
2014-08-04,65.703,66.052,64.796,65.603,3966549,0
2014-08-05,66.131,67.158,65.872,66.57,5653405,0
2014-08-06,66.331,67.855,65.513,66.799,5115281,0
2014-08-07,67.198,67.766,66.699,66.988,2504125,0
2014-08-08,66.978,67.487,65.623,66.899,3357800,0
2014-08-11,67.168,67.168,65.523,65.703,2759716,0
2014-08-12,65.593,65.842,64.836,65.185,3380143,0
2014-08-13,65.583,66.341,65.334,66.161,2748548,0
2014-08-14,66.49,67.108,66.45,66.968,1688539,0
2014-08-15,67.118,67.756,67.028,67.507,2338960,0
2014-08-18,67.945,68.952,67.776,68.633,2835971,0
2014-08-19,68.912,68.952,67.646,68.453,3751768,0
2014-08-20,68.114,68.523,67.546,68.294,2791623,0
2014-08-21,68.533,68.593,67.965,68.214,1963649,0
2014-08-22,68.304,69.251,68.304,69.021,1544513,0
2014-08-25,69.121,69.48,68.294,68.533,2159413,0
2014-08-26,68.752,69.27,68.603,69.031,2085950,0
2014-08-27,69.011,69.34,68.802,69.011,1244416,0
2014-08-28,68.962,69.221,68.702,68.742,1157071,0
2014-08-29,68.742,69.829,68.742,69.579,1785949,0
2014-09-02,69.759,70.048,68.822,69.908,1951078,0
2014-09-03,69.858,69.908,68.902,68.912,2266696,0
2014-09-04,68.912,69.011,67.188,67.845,5299688,0
2014-09-05,67.945,69.619,67.825,69.001,4986057,0
2014-09-08,69.26,70.207,69.111,69.988,2227124,0
2014-09-09,70.636,72.23,70.397,70.456,3704902,0
2014-09-10,70.377,70.845,69.779,70.586,2382609,0
2014-09-11,70.466,72.18,70.466,72.101,2451576,0
2014-09-12,72.3,72.938,70.765,71.313,2645535,0
2014-09-15,71.323,71.642,70.656,71.094,1603456,0
2014-09-16,70.955,71.951,70.656,71.453,3088467,0
2014-09-17,71.911,72.19,71.034,71.234,2056501,0
2014-09-18,71.523,72.509,71.124,72.111,1814095,0
2014-09-19,72.549,73.376,71.692,73.227,3018548,0
2014-09-22,73.306,73.685,71.891,72.38,2011607,0
2014-09-23,72.18,72.738,71.752,71.832,1969685,0
2014-09-24,72.131,73.097,71.363,72.868,1464866,0
2014-09-25,72.758,72.928,71.154,71.293,1936062,0
2014-09-26,71.533,72.021,70.068,70.955,1994465,0
2014-09-29,70.576,71.852,70.347,71.523,1878814,0
2014-09-30,71.752,71.941,70.187,70.277,3429643,0
2014-10-01,70.277,70.277,68.025,68.214,4460911,0
2014-10-02,68.513,69.3,66.958,69.131,3483992,0
2014-10-03,69.47,71.383,69.26,71.004,3002927,0
2014-10-06,71.293,71.523,69.838,70.666,2359570,0
2014-10-07,70.267,71.692,69.669,70.745,3469648,0
2014-10-08,71.034,72.121,70.098,71.842,3537115,0
2014-10-09,71.752,71.861,68.902,69.241,3271550,0
2014-10-10,69.051,70.825,68.573,68.822,3504073,0
2014-10-13,68.802,70.426,66.729,66.819,3910023,0
2014-10-14,67.467,67.865,64.736,66.749,3236672,0
2014-10-15,65.503,66.281,62.285,64.617,9519998,0
2014-10-16,66.052,68.752,64.836,67.995,11549779,0
2014-10-17,68.962,70.646,68.413,69.201,5464287,0
2014-10-20,69.141,70.337,67.457,70.217,3981205,0
2014-10-21,70.387,71.483,70.197,71.363,4670756,0
2014-10-22,71.652,71.951,69.779,69.998,2959039,0
2014-10-23,70.835,71.742,70.058,71.114,2226278,0
2014-10-24,71.503,71.842,70.347,71.822,2235860,0
2014-10-27,71.642,71.951,70.745,71.154,2572008,0
2014-10-28,71.951,72.599,68.802,71.034,6709451,0
2014-10-29,70.466,71.742,69.34,69.679,3871947,0
2014-10-30,69.42,69.579,68.214,69.161,3998323,0
2014-10-31,70.337,70.656,68.673,69.809,3340678,0
2014-11-03,70.098,72.29,69.599,69.988,4278321,0
2014-11-04,70.118,70.277,68.623,69.101,5738994,0
2014-11-05,69.49,69.938,67.038,67.616,7334274,0
2014-11-06,67.676,68.882,67.626,68.732,3555581,0
2014-11-07,68.513,68.872,64.078,65.523,13872825,0
2014-11-10,65.922,67.377,65.214,65.523,7447382,0
2014-11-11,65.693,66.679,65.244,65.783,4781728,0
2014-11-12,64.527,65.185,63.54,64.617,6917507,0
2014-11-13,64.776,65.474,63.59,64.547,4656404,0
2014-11-14,64.666,64.666,62.534,62.723,9811217,0
2014-11-17,63.102,65.523,63.092,65.503,4915251,0
2014-11-18,65.583,67.726,65.583,66.998,5855880,0
2014-11-19,67.148,67.397,66.57,66.809,2902555,0
2014-11-20,66.47,67.676,66.111,67.636,3565726,0
2014-11-21,67.995,68.503,67.447,68.234,3279559,0
2014-11-24,68.264,69.978,67.965,69.191,4646721,0
2014-11-25,69.231,69.779,68.872,69.36,1870350,0
2014-11-26,69.33,69.639,69.001,69.241,1848538,0
2014-11-28,68.692,69.769,68.563,69.45,1034843,0
2014-12-01,69.221,69.669,67.776,68.453,3738800,0
2014-12-02,68.174,69.051,67.995,68.712,2820566,0
2014-12-03,69.151,70.466,69.001,70.357,3540096,0
2014-12-04,71.004,72.728,70.715,72.28,5150673,0
2014-12-05,72.709,74.482,72.32,73.745,10183988,0
2014-12-08,74.094,74.542,73.416,74.094,3810670,0
2014-12-09,73.097,73.835,72.509,73.625,3461530,0
2014-12-10,73.267,73.396,72.061,72.35,3003242,0
2014-12-11,72.798,74.074,72.34,73.306,3032308,0
2014-12-12,73.645,74.403,72.659,72.689,3058946,0
2014-12-15,72.968,73.725,71.931,73.237,3514081,0
2014-12-16,72.748,73.476,71.981,72.21,3507486,0
2014-12-17,72.35,72.768,71.433,72.33,3632480,0
2014-12-18,73.735,74.034,73.117,73.964,2764710,0
2014-12-19,74.433,74.532,74.034,74.213,2880125,0
2014-12-22,74.173,74.722,74.114,74.702,1369757,0
2014-12-23,74.722,75.559,74.124,74.742,2731395,0
2014-12-24,75.1,75.16,74.572,74.632,663062,0
2014-12-26,74.781,75.08,74.433,74.562,774395,0
2014-12-29,74.632,74.781,73.934,74.323,1319063,0
2014-12-30,74.383,74.642,73.785,74.014,1835684,0
2014-12-31,74.283,74.662,73.047,73.137,1475292,0
2015-01-02,73.685,74.373,72.818,73.715,2045201,0
2015-01-05,73.675,73.715,70.815,71.563,3035935,0
2015-01-06,71.642,72.3,70.666,71.443,3060952,0
2015-01-07,72.23,73.197,71.881,72.738,2030453,0
2015-01-08,73.516,74.831,73.306,74.672,3639690,0
2015-01-09,74.502,75.678,74.323,74.393,3368939,0
2015-01-12,75.648,75.917,71.762,71.951,4541531,0
2015-01-13,72.868,72.938,70.476,71.891,4475635,0
2015-01-14,71.024,71.293,69.679,70.217,4351454,0
2015-01-15,70.506,70.815,69.34,69.829,2780221,0
2015-01-16,69.569,69.769,68.134,69.599,4888289,0
2015-01-20,69.619,69.809,66.819,67.626,5674410,0
2015-01-21,67.457,69.629,67.297,69.031,3609720,0
2015-01-22,69.28,70.436,68.513,70.157,2768604,0
2015-01-23,70.058,70.267,68.324,68.403,2599027,0
2015-01-26,71.652,73.197,71.024,72.748,81430616,0
2015-01-27,72.31,72.649,71.592,72.17,6594822,0
2015-01-28,72.071,72.748,71.164,71.254,5881950,0
2015-01-29,71.672,72.17,70.496,71.941,4216643,0
2015-01-30,71.274,72.121,70.357,70.556,5455497,0
2015-02-02,70.795,71.024,69.081,69.938,7472859,0
2015-02-03,67.517,69.858,67.257,69.649,8486810,0
2015-02-04,68.264,69.41,68.264,68.722,5697027,0
2015-02-05,68.762,69.45,68.374,68.613,4933625,0
2015-02-06,68.762,68.912,67.307,67.746,4533373,0
2015-02-09,67.616,67.736,66.4,67.028,5228251,0
2015-02-10,67.616,69.42,67.427,68.772,3714765,0
2015-02-11,68.573,69.3,68.284,68.732,3857021,0
2015-02-12,68.673,69.221,68.413,68.782,2818327,0
2015-02-13,68.463,68.912,67.786,68.304,3330283,0
2015-02-17,68.184,69.121,67.995,69.081,2672632,0
2015-02-18,69.001,69.32,68.264,68.762,3647088,0
2015-02-19,68.792,70.018,68.702,69.36,3420865,0
2015-02-20,69.32,69.928,68.762,69.549,3097521,0
2015-02-23,70.137,70.905,70.078,70.616,3513752,0
2015-02-24,70.755,71.363,69.968,70.167,2786597,0
2015-02-25,70.048,70.945,69.729,70.735,2741640,0
2015-02-26,70.676,72.121,70.197,72.021,3579984,0
2015-02-27,72.081,72.32,71.104,71.293,2797479,0
2015-03-02,71.503,73.197,71.363,71.742,3201834,0
2015-03-03,71.473,71.742,69.829,70.546,4137258,0
2015-03-04,70.486,76.814,69.968,74.672,12830617,0
2015-03-05,74.732,75.12,72.061,72.659,4433278,0
2015-03-06,72.679,74.064,71.762,72.569,5043581,0
2015-03-09,72.748,73.127,71.313,71.443,3146343,0
2015-03-10,70.945,71.383,69.998,69.998,3944795,0
2015-03-11,70.227,72.121,69.978,71.513,3610844,0
2015-03-12,71.742,72.828,71.602,72.17,3622484,0
2015-03-13,72.19,72.888,71.064,71.553,2150411,0
2015-03-16,72.131,73.237,72.131,72.888,3286225,0
2015-03-17,72.19,73.306,71.861,72.908,1970290,0
2015-03-18,72.918,74.821,72.798,74.771,3861407,0
2015-03-19,74.742,75.609,74.482,75.16,3058641,0
2015-03-20,75.648,75.997,74.931,75.768,4584901,0
2015-03-23,76.007,78.17,75.947,77.372,4500108,0
2015-03-24,77.064,77.213,76.107,76.236,2224165,0
2015-03-25,76.356,76.874,75.2,75.389,2669299,0
2015-03-26,75.21,76.545,74.871,75.838,3053523,0
2015-03-27,75.957,76.775,75.698,75.808,1852785,0
2015-03-30,76.685,76.814,75.828,75.908,1585765,0
2015-03-31,75.798,76.426,74.961,74.971,2118864,0
2015-04-01,75.439,75.758,73.396,74.592,2573268,0
2015-04-02,74.702,75.519,74.313,74.791,1663533,0
2015-04-06,74.333,76.426,74.164,75.688,2565341,0
2015-04-07,75.768,76.486,75.429,75.459,1218645,0
2015-04-08,75.559,76.944,75.539,76.495,2677929,0
2015-04-09,76.456,77.651,76.286,77.582,3094117,0
2015-04-10,77.582,78.19,77.093,77.97,2497206,0
2015-04-13,77.96,78.967,77.004,77.143,2300428,0
2015-04-14,76.934,77.103,76.246,77.073,2354815,0
2015-04-15,78.847,79.924,78.21,78.967,6472408,0
2015-04-16,79.665,79.665,77.372,77.542,3120551,0
2015-04-17,76.954,77.96,76.645,77.771,2203393,0
2015-04-20,78.558,78.628,77.612,78.289,5768097,0
2015-04-21,78.12,78.329,77.293,77.412,4380936,0
2015-04-22,77.462,77.731,76.535,77.263,3419929,0
2015-04-23,77.313,77.751,76.705,77.173,4290887,0
2015-04-24,77.323,78.1,77.263,77.472,2506333,0
2015-04-27,77.582,77.831,75.957,76.117,2091106,0
2015-04-28,76.386,76.715,73.675,75.688,4160387,0
2015-04-29,75.26,76.216,74.961,75.798,2442317,0
2015-04-30,75.449,76.007,73.625,73.755,5328764,0
2015-05-01,74.054,74.333,73.426,74.243,2239117,0
2015-05-04,74.592,75.509,74.462,75.18,2089100,0
2015-05-05,75.24,75.499,72.768,73.356,4865066,0
2015-05-06,73.705,74.722,73.396,74.243,4573580,0
2015-05-07,74.443,77.103,74.283,76.326,4467243,0
2015-05-08,76.814,77.054,76.336,76.635,3345931,0
2015-05-11,76.476,77.651,76.416,77.362,2937222,0
2015-05-12,76.984,77.343,75.878,76.246,2275057,0
2015-05-13,76.246,77.821,76.236,77.462,4361379,0
2015-05-14,78.239,79.206,78.04,78.798,2884340,0
2015-05-15,78.768,79.575,78.369,79.565,2267338,0
2015-05-18,79.485,80.721,79.415,80.721,3915040,0
2015-05-19,80.721,83.591,80.402,82.236,5458507,0
2015-05-20,82.056,82.873,81.598,81.857,3697545,0
2015-05-21,81.937,82.106,81.279,81.309,2682244,0
2015-05-22,81.07,82.295,80.98,81.847,2830153,0
2015-05-26,81.717,82.226,81.458,81.907,3142887,0
2015-05-27,82.295,82.395,81.119,81.668,2856043,0
2015-05-28,81.458,81.727,80.671,81.518,1952861,0
2015-05-29,81.249,82.106,80.89,81.548,3434837,0
2015-06-01,82.106,82.405,80.94,82.106,3211215,0
2015-06-02,81.678,81.967,80.84,81.269,2319937,0
2015-06-03,81.628,81.727,80.691,80.811,2248950,0
2015-06-04,80.532,80.9,80.123,80.203,2069632,0
2015-06-05,80.432,81.139,80.113,81,2841292,0
2015-06-08,80.86,81.189,79.973,79.973,2216739,0
2015-06-09,80.063,81.229,80.023,81.04,2378938,0
2015-06-10,81.578,83.023,81.219,82.804,4719152,0
2015-06-11,82.883,83.82,82.335,83.332,3787448,0
2015-06-12,83.003,83.87,82.146,82.176,2385521,0
2015-06-15,81.389,83.74,81.389,83.541,2632071,0
2015-06-16,83.093,83.84,82.275,82.734,2275241,0
2015-06-17,82.863,84.289,82.435,83.83,3290339,0
2015-06-18,83.75,84.049,82.435,83.312,2909627,0
2015-06-19,83.422,84.767,83.362,84.109,3864919,0
2015-06-22,84.368,85.185,83.86,84.219,2143888,0
2015-06-23,84.398,84.916,83.641,83.671,2187899,0
2015-06-24,83.711,83.81,82.315,83.083,2805167,0
2015-06-25,83.73,92.311,83.451,90.407,15884442,0
2015-06-26,92.121,92.311,90.955,91.523,10409373,0
2015-06-29,90.706,92.769,90.088,90.298,5292941,0
2015-06-30,91.264,91.264,89.999,90.407,4670668,0
2015-07-01,90.886,91.085,90.098,90.557,4150805,0
2015-07-02,90.686,91.284,90.118,90.188,2795032,0
2015-07-06,89.74,92.341,89.7,91.783,4287476,0
2015-07-07,91.962,92.67,90.328,92.131,4303832,0
2015-07-08,91.623,92.231,90.617,90.726,2921970,0
2015-07-09,91.115,91.852,90.826,91.324,4209808,0
2015-07-10,92.191,92.919,91.563,92.65,2718569,0
2015-07-13,93.547,94.623,93.038,94.483,3815750,0
2015-07-14,94.125,95.161,94.045,94.394,3703743,0
2015-07-15,94.563,94.852,93.048,93.796,2685312,0
2015-07-16,93.417,93.666,91.583,93.417,4583697,0
2015-07-17,93.307,94.344,92.171,92.919,3683294,0
2015-07-20,93.357,93.566,92.5,92.849,1915100,0
2015-07-21,92.689,93.018,91.324,91.962,1903761,0
2015-07-22,91.753,93.437,91.613,92.949,2080570,0
2015-07-23,93.118,94.115,92.699,92.998,1456319,0
2015-07-24,92.65,93.068,91.892,92.51,1772007,0
2015-07-27,92.291,92.301,91.065,91.713,1530976,0
2015-07-28,91.882,92.341,90.617,91.972,2131546,0
2015-07-29,92.181,93.836,91.812,93.238,2175352,0
2015-07-30,92.978,93.267,91.773,92.64,1620786,0
2015-07-31,93.327,93.985,92.46,92.689,1806626,0
2015-08-03,92.56,93.845,92.121,92.56,1622260,0
2015-08-04,93.377,94.085,92.889,93.716,1755349,0
2015-08-05,93.407,93.826,86.979,91.942,6368748,0
2015-08-06,90.467,92.729,90.417,91.065,2625257,0
2015-08-07,91.484,92.062,90.338,91.145,1995477,0
2015-08-10,91.563,92.67,90.766,91.115,1642761,0
2015-08-11,90.377,90.955,88.773,90.148,2284841,0
2015-08-12,89.152,90.985,87.996,90.567,1956944,0
2015-08-13,90.796,91.573,90.148,90.537,1251413,0
2015-08-14,90.906,91.543,90.587,91.085,1882186,0
2015-08-17,90.497,91.205,89.451,91.005,2860558,0
2015-08-18,91.035,91.264,90.009,90.168,1920619,0
2015-08-19,89.949,90.228,88.962,89.51,2720676,0
2015-08-20,88.693,88.942,86.71,86.75,2871396,0
2015-08-21,85.913,86.7,83.81,85.953,6158022,0
2015-08-24,81.259,85.674,43.759,84.019,5501664,0
2015-08-25,85.604,86.312,82.794,82.824,4107355,0
2015-08-26,84.408,86.79,83.541,86.65,4167261,0
2015-08-27,87.179,89.53,86.461,88.534,3126174,0
2015-08-28,88.026,88.922,87.637,88.514,2202791,0
2015-08-31,88.693,89.301,85.833,86.321,2659565,0
2015-09-01,84.597,85.474,83.312,84.029,2499614,0
2015-09-02,84.956,85.205,83.451,85.175,2598756,0
2015-09-03,85.873,87.876,85.445,86.102,2380403,0
2015-09-04,84.966,85.953,84.159,85.116,1727052,0
2015-09-08,86.74,87.597,86.112,87.119,1993771,0
2015-09-09,88.135,88.155,85.464,85.674,1925536,0
2015-09-10,85.504,86.152,84.558,84.986,2993604,0
2015-09-11,84.827,85.654,84.109,84.398,3290038,0
2015-09-14,84.767,85.793,84.348,84.687,2729406,0
2015-09-15,84.817,85.903,84.169,85.544,1860612,0
2015-09-16,85.295,85.425,83.8,84.906,3087841,0
2015-09-17,85.225,86.75,84.099,85.724,3222348,0
2015-09-18,84.986,85.743,82.186,82.196,9090327,0
2015-09-21,83.063,83.75,80.93,81.957,3456913,0
2015-09-22,81.299,82.714,80.741,82.415,3086537,0
2015-09-23,82.425,84.348,81.857,83.87,3234840,0
2015-09-24,83.133,83.392,81.389,81.618,2776211,0
2015-09-25,82.295,82.704,78.987,79.176,4011625,0
2015-09-28,78.688,78.688,72.539,73.775,8257788,0
2015-09-29,73.795,74.492,71.094,73.825,7156563,0
2015-09-30,74.742,77.711,74.243,77.093,5841030,0
2015-10-01,77.054,78.06,75.29,76.824,3617868,0
2015-10-02,75.519,77.642,74.502,77.622,3911881,0
2015-10-05,78.399,81.11,77.642,78.578,4091114,0
2015-10-06,78.678,79.037,75.798,76.934,3850670,0
2015-10-07,77.054,77.582,75.19,77.283,4042244,0
2015-10-08,76.685,77.073,74.512,76.396,3392391,0
2015-10-09,76.396,78.03,75.688,77.642,2982880,0
2015-10-12,77.263,78.1,76.515,77.522,2249794,0
2015-10-13,77.054,78.21,75.439,75.599,4037113,0
2015-10-14,75.848,76.874,75.13,75.758,3900648,0
2015-10-15,69.26,72.33,67.895,71.961,15403484,0
2015-10-16,72.26,74.313,71.852,72.699,5797580,0
2015-10-19,72.669,73.675,71.881,73.257,3928070,0
2015-10-20,73.237,73.894,71.602,72.17,4312633,0
2015-10-21,72.659,72.709,69.54,70.955,4273829,0
2015-10-22,65.563,68.772,63.819,65.852,14777828,0
2015-10-23,66.769,69.43,66.171,68.742,6603156,0
2015-10-26,68.304,70.297,68.154,68.842,5978503,0
2015-10-27,69.4,70.696,68.124,68.563,7396289,0
2015-10-28,68.503,69.4,66.819,68.742,7252795,0
2015-10-29,68.762,69.41,67.437,67.467,4624036,0
2015-10-30,68.154,69.619,67.776,68.553,6301015,0
2015-11-02,68.722,69.809,68.553,69.51,3396627,0
2015-11-03,69.111,69.549,67.925,68.563,3486928,0
2015-11-04,68.742,69.251,67.915,68.433,3104770,0
2015-11-05,68.433,68.742,67.038,68.354,5247986,0
2015-11-06,68.224,70.217,68.224,69.729,4782783,0
2015-11-09,69.35,69.848,68.553,69.739,3639360,0
2015-11-10,69.599,70.357,69.171,69.838,3650179,0
2015-11-11,70.078,70.078,67.287,67.427,3400920,0
2015-11-12,67.247,67.556,64.796,64.886,6059984,0
2015-11-13,64.935,66.909,64.447,66.221,3780127,0
2015-11-16,66.081,67.078,65.723,66.968,3990753,0
2015-11-17,66.899,69.34,66.51,69.011,4214324,0
2015-11-18,69.061,70.476,68.792,69.968,3929442,0
2015-11-19,68.732,68.852,64.866,65.165,8745724,0
2015-11-20,65.802,67.546,65.513,67.188,4843693,0
2015-11-23,66.201,67.965,65.802,67.128,3275990,0
2015-11-24,66.859,68.872,66.56,68.752,2733119,0
2015-11-25,68.752,69.36,68.364,68.722,3324959,0
2015-11-27,68.962,69.729,68.673,69.211,959206,0
2015-11-30,69.27,69.47,67.786,67.825,3939376,0
2015-12-01,68.533,71.383,68.095,70.915,4138361,0
2015-12-02,70.765,72.051,69.51,69.769,4678640,0
2015-12-03,69.779,70.317,66.59,67.148,4273485,0
2015-12-04,67.487,68.194,66.779,67.018,4052767,0
2015-12-07,67.048,67.078,65.603,66.191,3515917,0
2015-12-08,65.902,67.397,65.165,67.018,2950698,0
2015-12-09,66.739,68.742,66.55,67.148,3808023,0
2015-12-10,67.208,68.852,67.148,68.194,2822928,0
2015-12-11,67.397,67.905,65.663,66.072,2985188,0
2015-12-14,66.201,66.699,63.102,65.234,4941456,0
2015-12-15,65.743,66.819,65.205,65.434,2807776,0
2015-12-16,66.261,67.257,64.058,65.234,4898983,0
2015-12-17,64.198,65.872,64.198,64.517,4858744,0
2015-12-18,64.088,65.374,63.959,64.248,5567888,0
2015-12-21,64.766,67.447,64.627,67.377,4826232,0
2015-12-22,67.447,67.995,66.221,66.63,2956365,0
2015-12-23,67.088,69.549,67.068,69.3,3443066,0
2015-12-24,68.971,69.759,68.384,68.682,914640,0
2015-12-28,68.553,68.712,67.387,67.806,1666298,0
2015-12-29,68.104,69.091,68.005,68.752,1708725,0
2015-12-30,68.573,69.36,67.985,68.204,1853972,0
2015-12-31,67.716,68.623,67.367,67.397,2328238,0
2016-01-04,65.464,66.131,64.846,66.062,4082244,0
2016-01-05,66.331,66.769,65.563,66.211,4381910,0
2016-01-06,65.264,66.301,64.916,65.753,4459089,0
2016-01-07,64.916,65.284,63.381,64.068,4085768,0
2016-01-08,64.258,65.324,63.411,64.049,3878220,0
2016-01-11,68.463,69.221,67.118,67.596,8515290,0
2016-01-12,68.274,68.772,65.284,66.42,5292926,0
2016-01-13,66.37,67.786,63.381,64.726,6635707,0
2016-01-14,64.836,66.241,64.318,64.896,5106971,0
2016-01-15,63.48,65.145,62.873,64.049,6378502,0
2016-01-19,64.716,65.304,62.255,63.251,4757696,0
2016-01-20,62.225,63.321,59.863,62.613,4950557,0
2016-01-21,62.773,65.165,62.155,63.809,3603950,0
2016-01-22,64.597,66.729,64.457,65.593,4293172,0
2016-01-25,65.523,66.241,65.125,65.354,2201132,0
2016-01-26,65.494,67.118,65.165,66.729,2511824,0
2016-01-27,66.709,68.423,66.699,67.237,4743953,0
2016-01-28,68.553,70.147,66.081,67.277,5509359,0
2016-01-29,67.766,71.024,67.517,69.34,7242989,0
2016-02-01,69.211,71.264,68.942,70.775,5226850,0
2016-02-02,70.307,72.2,69.634,71.712,4505551,0
2016-02-03,72.33,72.459,68.359,69.958,4999441,0
2016-02-04,69.958,70.646,68.792,69.888,3252364,0
2016-02-05,69.888,70.955,68.563,68.952,3477034,0
2016-02-08,68.124,68.198,65.892,66.54,3706126,0
2016-02-09,65.713,67.008,65.543,66.271,3179142,0
2016-02-10,66.54,68.274,66.48,67.068,2477049,0
2016-02-11,65.882,67.048,63.889,64.029,4271491,0
2016-02-12,64.278,65.882,64.009,65.783,3087969,0
2016-02-16,63.839,65.464,63.65,65.374,4138103,0
2016-02-17,65.972,67.417,65.378,66.819,3151115,0
2016-02-18,67.168,67.985,66.679,67.287,3100366,0
2016-02-19,67.247,67.781,65.797,67.387,3925882,0
2016-02-22,67.855,69.938,67.766,69.709,3418800,0
2016-02-23,69.46,70.237,68.772,69.599,3340717,0
2016-02-24,69.111,70.157,68.433,69.898,2283353,0
2016-02-25,70.187,70.566,68.842,69.759,2857461,0
2016-02-26,69.958,71.572,69.639,70.197,3884203,0
2016-02-29,70.038,70.297,68.952,68.971,3591228,0
2016-03-01,69.43,70.696,69.241,70.546,3370440,0
2016-03-02,70.287,71.254,69.694,71.054,2085627,0
2016-03-03,70.985,72.748,70.87,72.679,3454449,0
2016-03-04,72.709,73.954,72.211,72.748,3864590,0
2016-03-07,72.26,73.147,71.772,72.689,2481468,0
2016-03-08,72.001,72.609,71.004,71.244,2692347,0
2016-03-09,71.602,72.121,70.785,72.011,3282041,0
2016-03-10,72.35,73.466,71.533,71.951,2372716,0
2016-03-11,72.649,74.801,72.539,74.692,3777129,0
2016-03-14,75.658,75.688,73.875,74.462,2567142,0
2016-03-15,73.825,74.263,72.649,72.918,1604439,0
2016-03-16,72.738,74.512,72.732,74.233,1999843,0
2016-03-17,74.104,74.323,72.549,73.466,2581001,0
2016-03-18,73.685,75.967,73.506,75.2,5405079,0
2016-03-21,74.991,76.346,74.672,75.26,2561320,0
2016-03-22,74.861,77.731,74.769,76.894,3094386,0
2016-03-23,77.004,78.399,76.565,76.685,2671602,0
2016-03-24,75.927,76.725,75.07,76.107,3630403,0
2016-03-28,76.296,76.934,75.698,76.177,1384669,0
2016-03-29,75.788,77.343,75.738,77.293,1996878,0
2016-03-30,77.731,78.728,76.884,77.831,2164859,0
2016-03-31,77.651,78.429,77.572,77.781,2319284,0
2016-04-01,77.552,79.087,76.844,78.927,2495996,0
2016-04-04,78.977,79.077,77.94,78.459,2082458,0
2016-04-05,77.811,78.399,77.402,77.97,3215600,0
2016-04-06,77.931,78.907,77.651,78.827,2806412,0
2016-04-07,78.22,79.037,77.791,78.568,3604534,0
2016-04-08,79.176,79.944,78.499,78.867,3118864,0
2016-04-11,79.047,79.774,78.817,79.296,2417470,0
2016-04-12,79.007,79.754,79.007,79.505,3217924,0
2016-04-13,80.223,80.721,79.694,80.322,2947250,0
2016-04-14,80.512,80.721,79.963,80.442,2828590,0
2016-04-15,80.442,80.651,78.309,80.053,3765205,0
2016-04-18,79.954,80.731,78.827,80.601,3832650,0
2016-04-19,80.84,81.169,78.977,79.505,5169653,0
2016-04-20,79.156,80.781,77.791,79.834,4635356,0
2016-04-21,80.113,80.811,79.734,79.944,3333530,0
2016-04-22,80.163,81.149,80.163,80.631,2714734,0
2016-04-25,80.452,80.661,79.176,79.844,2043302,0
2016-04-26,80.342,81.259,79.854,80.9,2695018,0
2016-04-27,80.92,81.717,80.372,81.498,2652813,0
2016-04-28,81.279,83.402,81.229,81.678,4015902,0
2016-04-29,81.189,81.234,79.027,80.342,3292902,0
2016-05-02,80.322,80.96,79.156,80.93,3610610,0
2016-05-03,79.236,79.346,76.565,78.788,5907775,0
2016-05-04,78.399,80.123,78.289,79.525,4869742,0
2016-05-05,79.714,80.681,79.625,80.332,2340025,0
2016-05-06,80.013,81.717,79.834,80.621,4891975,0
2016-05-09,80.721,81.04,80.312,80.701,2513888,0
2016-05-10,80.781,80.791,79.854,80.651,2185198,0
2016-05-11,80.621,81.189,79.963,79.973,1810583,0
2016-05-12,80.322,80.566,77.158,77.422,4157718,0
2016-05-13,77.592,78.299,77.183,77.651,2219123,0
2016-05-16,77.751,78.229,76.905,77.542,2664110,0
2016-05-17,77.602,78.19,76.505,77.004,3483083,0
2016-05-18,77.004,77.153,76.027,76.316,2369056,0
2016-05-19,75.808,76.884,75.429,76.456,2405195,0
2016-05-20,76.974,77.721,76.525,76.854,1898489,0
2016-05-23,76.525,76.824,75.698,75.957,2117082,0
2016-05-24,75.937,77.681,75.768,77.293,2457876,0
2016-05-25,77.343,78.21,77.343,77.462,2237887,0
2016-05-26,77.482,77.612,76.625,76.934,1365330,0
2016-05-27,77.024,77.97,76.924,77.093,1340547,0
2016-05-31,77.233,77.841,76.994,77.751,2642633,0
2016-06-01,77.382,78.518,77.382,78.1,2277913,0
2016-06-02,77.911,78.718,77.701,78.708,2022756,0
2016-06-03,78.728,78.758,77.731,77.871,1763689,0
2016-06-06,77.841,78.558,77.642,78.399,1302946,0
2016-06-07,78.319,79.385,78.319,78.967,1604294,0
2016-06-08,78.997,80.94,78.997,80.701,2922526,0
2016-06-09,80.541,81,80.352,80.751,1595347,0
2016-06-10,79.973,80.193,78.937,79.276,1549882,0
2016-06-13,78.927,79.176,77.681,77.681,2113417,0
2016-06-14,77.343,78.14,76.995,77.741,1462003,0
2016-06-15,78,78.239,77.362,77.542,1482487,0
2016-06-16,76.745,77.482,76.246,77.392,1352053,0
2016-06-17,77.452,78.19,76.555,77.163,3222287,0
2016-06-20,77.861,78.698,77.861,78.299,3317048,0
2016-06-21,78.608,78.907,77.771,78.479,1785798,0
2016-06-22,78.389,79.485,78.08,79.027,1870894,0
2016-06-23,79.575,80.342,79.176,79.475,1465658,0
2016-06-24,77.034,77.95,76.306,76.456,5783789,0
2016-06-27,75.888,75.937,73.566,74.173,2852697,0
2016-06-28,74.761,75.808,74.692,75.668,1900364,0
2016-06-29,76.127,77.039,76.037,76.784,1645746,0
2016-06-30,76.904,77.233,75.947,76.745,2482380,0
2016-07-01,76.655,77.293,76.097,76.396,2211937,0
2016-07-05,76.236,76.236,75.07,75.848,3447298,0
2016-07-06,75.648,76.416,74.871,75.908,2277466,0
2016-07-07,76.157,77.671,75.848,76.725,2222783,0
2016-07-08,77.303,78.319,77.103,77.94,4035080,0
2016-07-11,78.289,78.409,77.831,77.891,1606699,0
2016-07-12,78,78.459,77.642,78.13,2710291,0
2016-07-13,78.728,79.674,78.568,79.276,2759242,0
2016-07-14,79.704,79.854,77.771,78.04,2105416,0
2016-07-15,78.309,79.047,78.289,78.439,1624413,0
2016-07-18,78.339,79.326,78.339,79.276,1319420,0
2016-07-19,79.176,79.804,78.329,79.087,1613268,0
2016-07-20,79.356,80.319,79.356,80.252,1705070,0
2016-07-21,80.093,81.508,79.894,80.352,2770804,0
2016-07-22,80.741,80.92,79.027,80.073,1456132,0
2016-07-25,79.954,80.213,78.827,79.425,1784770,0
2016-07-26,79.206,79.874,78.807,79.385,2623619,0
2016-07-27,77.273,78.648,76.142,77.711,3905362,0
2016-07-28,74.622,78.598,73.845,77.612,4750258,0
2016-07-29,76.466,77.592,75.688,76.864,3738630,0
2016-08-01,76.735,77.482,74.821,75.26,3788411,0
2016-08-02,75.19,75.818,74.388,74.781,3604254,0
2016-08-03,73.994,75.678,73.855,75.449,2953582,0
2016-08-04,75.379,75.439,74.742,74.991,1697243,0
2016-08-05,75.339,75.668,75.001,75.579,2965475,0
2016-08-08,75.758,76.804,75.389,75.987,3711037,0
2016-08-09,75.947,76.834,75.628,75.878,2481100,0
2016-08-10,75.728,76.794,75.618,76.216,1600134,0
2016-08-11,76.276,77.223,76.167,76.854,2611798,0
2016-08-12,76.755,76.914,76.197,76.376,1474464,0
2016-08-15,76.456,77.532,76.256,77.153,2077998,0
2016-08-16,76.735,76.735,75.848,75.848,2657476,0
2016-08-17,75.678,75.678,73.037,73.765,5290871,0
2016-08-18,73.496,74.821,72.988,74.403,2290200,0
2016-08-19,73.924,74.462,73.655,74.253,1897864,0
2016-08-22,74.253,74.742,74.074,74.532,1319201,0
2016-08-23,74.761,75.3,74.453,74.712,1175071,0
2016-08-24,74.642,74.732,73.645,73.765,2825358,0
2016-08-25,73.904,75.2,73.595,74.761,2662863,0
2016-08-26,74.702,75.18,73.436,74.004,2804080,0
2016-08-29,73.944,74.891,73.894,74.702,1492029,0
2016-08-30,74.702,75.908,74.702,75.858,1852494,0
2016-08-31,75.589,75.888,74.742,75.29,1939319,0
2016-09-01,75.329,75.638,74.497,74.901,1959729,0
2016-09-02,75.3,76.416,75.09,76.246,2112540,0
2016-09-06,75.987,76.017,74.682,75.888,4549547,0
2016-09-07,76.167,79.007,75.539,77.861,3548934,0
2016-09-08,77.731,77.843,77.123,77.711,1427046,0
2016-09-09,77.193,77.522,75.678,75.678,1840840,0
2016-09-12,75.1,77.233,74.682,76.784,2789311,0
2016-09-13,75.878,76.326,75.26,75.898,1746744,0
2016-09-14,75.758,75.758,73.795,74.871,4036432,0
2016-09-15,74.722,75.618,74.443,75.13,2098885,0
2016-09-16,74.991,75.738,74.612,75.031,3968598,0
2016-09-19,75.16,76.436,75.15,75.589,1446663,0
2016-09-20,75.738,75.868,74.423,74.692,2370847,0
2016-09-21,75.011,75.638,74.472,75.18,2818329,0
2016-09-22,75.778,76.446,75.579,76.117,2375601,0
2016-09-23,76.705,77.083,75.768,75.858,1965942,0
2016-09-26,75.509,75.718,74.223,74.652,3002030,0
2016-09-27,74.622,75.11,74.383,74.871,1839382,0
2016-09-28,75.04,75.369,74.114,75.17,2178918,0
2016-09-29,75.13,75.778,74.413,75.001,2460363,0
2016-09-30,75.26,75.628,74.482,75.369,2581535,0
2016-10-03,74.911,74.941,73.785,74.293,1967800,0
2016-10-04,74.373,74.901,73.805,74.243,1911738,0
2016-10-05,74.413,74.855,74.293,74.482,1311004,0
2016-10-06,74.403,74.612,73.855,74.343,1796924,0
2016-10-07,74.423,75.12,73.605,73.974,2196824,0
2016-10-10,74.293,75.987,74.293,75.688,3824846,0
2016-10-11,75.987,75.987,74.801,75.499,2777512,0
2016-10-12,75.609,76.665,75.16,76.625,3658510,0
2016-10-13,76.695,80.133,76.615,80.013,6788937,0
2016-10-14,80.213,81,79.665,80.043,2878507,0
2016-10-17,79.993,80.462,79.674,80.113,2191380,0
2016-10-18,80.83,82.086,80.482,81.737,2669295,0
2016-10-19,81.508,81.927,80.671,81.548,3157876,0
2016-10-20,81.628,82.016,81.05,81.727,2355205,0
2016-10-21,81.399,81.717,80.85,81.458,1329590,0
2016-10-24,81.717,82.026,81.399,81.438,1802482,0
2016-10-25,81.408,81.877,80.332,80.681,2113616,0
2016-10-26,80.103,80.103,78.419,78.658,3702320,0
2016-10-27,78.807,80.781,78.668,79.037,4637692,0
2016-10-28,79.057,79.136,75.997,77.044,4441227,0
2016-10-31,77.153,77.213,75.987,76.266,3321627,0
2016-11-01,76.535,76.754,74.712,75.14,3094015,0
2016-11-02,75.18,75.599,74.722,74.841,3155862,0
2016-11-03,75.2,76.027,73.057,73.157,3208976,0
2016-11-04,73.685,75.31,73.326,75.07,3814321,0
2016-11-07,76.944,79.535,76.944,79.346,5053394,0
2016-11-08,78.817,80.99,78.289,80.601,3554983,0
2016-11-09,68.453,72.091,66.769,71.911,23103258,0
2016-11-10,72.25,73.685,70.147,71.812,9345278,0
2016-11-11,71.034,71.283,67.786,69.34,8922051,0
2016-11-14,69.34,72.439,69.34,71.692,6002563,0
2016-11-15,72.858,73.745,71.772,73.745,4408413,0
2016-11-16,73.865,73.994,72.689,73.287,2732631,0
2016-11-17,73.187,74.867,73.057,74.403,3495486,0
2016-11-18,74.423,74.712,72.071,72.141,2831849,0
2016-11-21,72.31,73.356,71.891,72.689,3184253,0
2016-11-22,72.748,73.097,69.696,69.848,4951791,0
2016-11-23,69.36,71.234,68.942,70.755,2996489,0
2016-11-25,70.994,71.164,70.347,71.144,790344,0
2016-11-28,70.985,71.124,70.008,70.197,2143032,0
2016-11-29,69.659,71.373,69.35,71.274,2106727,0
2016-11-30,71.473,71.553,70.088,70.646,2375621,0
2016-12-01,70.686,72.199,70.506,70.955,2070585,0
2016-12-02,71.194,71.931,70.018,70.068,1812496,0
2016-12-05,70.337,70.666,69.759,70.337,2520581,0
2016-12-06,70.327,71.164,70.147,70.955,2863108,0
2016-12-07,70.805,72.748,70.476,71.712,3126540,0
2016-12-08,71.861,72.639,70.407,72.29,3104343,0
2016-12-09,72.4,73.775,72.15,72.998,2412209,0
2016-12-12,73.326,75.32,72.898,73.715,3587563,0
2016-12-13,73.655,74.443,73.326,73.695,2126102,0
2016-12-14,73.556,73.645,72.37,72.818,2572223,0
2016-12-15,72.728,74.702,72.649,74.203,2514187,0
2016-12-16,74.642,74.692,73.157,73.904,6264284,0
2016-12-19,73.506,73.914,72.893,73.247,1962276,0
2016-12-20,73.446,73.536,73.027,73.097,1799776,0
2016-12-21,73.097,73.675,72.908,73.267,1066673,0
2016-12-22,73.346,74.273,73.247,73.705,1562361,0
2016-12-23,73.645,74.353,73.446,74.203,1052220,0
2016-12-27,74.243,74.881,73.875,74.114,1062572,0
2016-12-28,74.154,74.358,72.958,73.306,1285935,0
2016-12-29,72.998,73.954,72.998,73.635,1039961,0
2016-12-30,73.595,74.004,72.604,73.765,1716972,0
2017-01-03,74.104,74.542,73.267,74.203,2072923,0
2017-01-04,74.871,77.054,74.313,76.864,3243429,0
2017-01-05,76.456,77.163,76.396,76.545,2148305,0
2017-01-06,76.396,77.044,76.306,76.356,1878769,0
2017-01-09,75.778,80.781,75.778,78.648,4632357,0
2017-01-10,78.568,78.957,77.542,78,2327638,0
2017-01-11,78.369,79.356,77.99,79.037,1843893,0
2017-01-12,78.867,79.126,78.269,78.847,1488209,0
2017-01-13,78.967,79.535,78.827,79.126,1134806,0
2017-01-17,80.701,81.917,78.538,80.651,3657614,0
2017-01-18,80.97,81.05,79.366,79.455,2855166,0
2017-01-19,79.186,79.535,78.294,78.349,2568957,0
2017-01-20,78.279,79.575,78.259,79.435,1889058,0
2017-01-23,78.788,80.053,77.801,79.565,4109836,0
2017-01-24,79.326,80.073,78.748,80.053,2017595,0
2017-01-25,80.143,80.86,79.824,80.292,3004637,0
2017-01-26,80.233,81.06,79.864,80.003,1861413,0
2017-01-27,80.302,80.322,79.096,79.246,1487016,0
2017-01-30,79.216,79.216,78.13,79.017,1918500,0
2017-01-31,79.425,80.213,78.229,80.003,3087967,0
2017-02-01,80.561,82.325,80.452,81.678,3101922,0
2017-02-02,81.438,82.574,81.149,82.006,2324165,0
2017-02-03,82.515,83.825,82.285,83.511,2857128,0
2017-02-06,83.521,83.97,82.305,82.385,2829495,0
2017-02-07,82.465,82.948,81.927,82.305,1460440,0
2017-02-08,82.026,83.093,81.767,82.714,1925008,0
2017-02-09,82.355,83.681,82.355,83.352,1291269,0
2017-02-10,83.362,83.79,82.814,83.342,1351687,0
2017-02-13,83.392,83.93,83.292,83.461,1327898,0
2017-02-14,83.302,84.019,83.212,83.422,1941114,0
2017-02-15,83.461,84.326,83.083,84,2877633,0
2017-02-16,84.129,84.587,83.402,83.85,1524726,0
2017-02-17,83.531,84.362,82.873,84.338,1819872,0
2017-02-21,84.667,86.092,84.438,85.445,2178075,0
2017-02-22,85.056,85.823,84.587,85.614,1707568,0
2017-02-23,85.704,86.312,85.066,86.152,2215421,0
2017-02-24,85.684,87.139,85.385,86.77,1863399,0
2017-02-27,86.65,87.667,86.65,87.477,2614999,0
2017-02-28,86.581,87.318,86.481,86.939,2178886,0
2017-03-01,87.647,88.195,87.129,87.737,1652144,0
2017-03-02,87.418,87.856,86.989,87.039,1295183,0
2017-03-03,87.069,88.315,86.929,88.225,1345048,0
2017-03-06,87.976,88.105,87.378,87.477,1355560,0
2017-03-07,87.099,87.368,86.132,86.331,1997612,0
2017-03-08,86.202,87.547,85.953,86.182,2774331,0
2017-03-09,86.242,87.328,85.953,86.591,1914181,0
2017-03-10,87.059,87.149,85.26,85.454,2509949,0
2017-03-13,85.684,85.684,83.87,84.697,2514558,0
2017-03-14,83.99,84.109,82.764,83.392,2673048,0
2017-03-15,83.711,85.494,83.511,85.255,2403838,0
2017-03-16,85.136,85.435,83.611,83.96,4028099,0
2017-03-17,84.159,84.438,83.551,84.298,2537653,0
2017-03-20,84.269,84.478,83.252,83.631,1881537,0
2017-03-21,83.641,84.199,81.229,82.335,2668958,0
2017-03-22,82.216,82.445,81.08,82.256,2539868,0
2017-03-23,82.236,83.92,82.106,82.883,3170960,0
2017-03-24,83.352,86.182,83.123,85.743,5874620,0
2017-03-27,87.667,90.716,87.458,90.178,8614098,0
2017-03-28,89.68,89.859,87.742,89.321,4950293,0
2017-03-29,89.072,90.108,88.354,88.883,3566271,0
2017-03-30,88.633,89.162,88.414,88.942,1930210,0
2017-03-31,88.783,88.982,88.235,88.683,1715449,0
2017-04-03,88.663,89.112,88.235,89.022,1844478,0
2017-04-04,88.614,88.633,85.973,87.368,3338145,0
2017-04-05,87.916,89.491,87.697,88.165,2101999,0
2017-04-06,88.165,88.424,87.438,88.414,2742275,0
2017-04-07,88.325,88.325,87.278,87.597,1190474,0
2017-04-10,87.617,88.215,87.278,87.946,1380189,0
2017-04-11,87.747,87.816,87.089,87.697,1106263,0
2017-04-12,87.218,87.986,86.715,87.896,1479732,0
2017-04-13,88.245,88.245,87.248,87.418,1047549,0
2017-04-17,84.707,85.604,83.86,85.355,4360312,0
2017-04-18,85.295,85.554,84.518,84.916,2303369,0
2017-04-19,85.006,85.504,84.129,84.318,2262819,0
2017-04-20,83.97,84.528,82.435,83.83,4313845,0
2017-04-21,83.77,83.93,83.023,83.262,1770537,0
2017-04-24,84.298,84.876,83.94,83.97,2115331,0
2017-04-25,84.099,84.737,83.93,84.318,1456417,0
2017-04-26,84.617,84.787,82.644,83.252,2643555,0
2017-04-27,83.242,83.735,82.594,83.152,1566625,0
2017-04-28,83.312,84.054,83.312,83.92,1469873,0
2017-05-01,83.92,84.408,83.551,83.571,1786778,0
2017-05-02,83.97,85.629,83.77,84.448,3026622,0
2017-05-03,84.209,84.747,82.156,82.564,3317850,0
2017-05-04,82.295,83.581,81.139,83.192,3007400,0
2017-05-05,83.312,83.92,82.844,83.212,1354934,0
2017-05-08,83.451,83.701,83.182,83.571,2067082,0
2017-05-09,83.72,83.99,83.481,83.84,1611939,0
2017-05-10,83.95,85.604,83.648,85.265,1942272,0
2017-05-11,84.737,85.096,84.149,84.996,1198988,0
2017-05-12,84.916,84.926,83.75,84.318,1229510,0
2017-05-15,84.229,84.428,83.481,83.531,1570178,0
2017-05-16,83.94,83.94,82.913,83.202,1418831,0
2017-05-17,82.744,82.863,81.149,81.289,3333091,0
2017-05-18,81.418,81.727,80.821,80.98,1671327,0
2017-05-19,81.269,82.764,81.159,81.867,1972199,0
2017-05-22,81.578,82.425,81.548,82.036,997328,0
2017-05-23,82.046,82.355,81.588,81.648,1357672,0
2017-05-24,81.578,82.475,81.01,82.146,1219430,0
2017-05-25,82.226,83.202,81.792,82.824,700126,0
2017-05-26,82.614,82.993,81.678,82.415,1143763,0
2017-05-30,82.036,82.963,81.697,81.707,1239539,0
2017-05-31,81.658,82.295,81.448,81.628,2783251,0
2017-06-01,81.747,83.74,81.747,83.461,1801107,0
2017-06-02,83.352,83.83,82.704,83.043,1220764,0
2017-06-05,82.744,82.993,81.767,82.116,1383351,0
2017-06-06,82.116,82.365,81.369,82.196,1410615,0
2017-06-07,83.162,83.581,81.763,82.395,1514523,0
2017-06-08,82.525,83.162,81.877,82.515,2052647,0
2017-06-09,82.515,83.332,82.026,83.282,1966550,0
2017-06-12,83.152,85.165,83.152,84.568,2242463,0
2017-06-13,84.687,84.966,84.388,84.558,1292670,0
2017-06-14,84.847,85.395,84.428,85.056,1717372,0
2017-06-15,84.568,84.926,83.651,83.73,1552762,0
2017-06-16,83.84,83.905,82.774,83.123,1921470,0
2017-06-19,83.332,84.398,82.913,84.318,1082839,0
2017-06-20,83.87,84.209,82.694,83.451,1687109,0
2017-06-21,83.531,84.558,83.227,83.76,1731424,0
2017-06-22,83.691,87.577,83.596,85.843,3260748,0
2017-06-23,86.072,86.282,85.215,85.943,4902776,0
2017-06-26,85.933,87.069,85.853,86.321,1425258,0
2017-06-27,86.132,86.74,85.584,85.714,1675332,0
2017-06-28,86.561,87.218,86.162,86.68,1521439,0
2017-06-29,86.949,87.487,85.783,86.511,1623742,0
2017-06-30,86.929,87.487,86.795,86.899,1733888,0
2017-07-03,87.179,87.527,86.68,86.89,698134,0
2017-07-05,86.999,87.682,86.79,86.939,1540162,0
2017-07-06,86.511,86.68,84.298,84.538,2327925,0
2017-07-07,84.657,86.192,84.408,85.843,1593209,0
2017-07-10,85.654,86.182,84.966,85.584,1257459,0
2017-07-11,85.654,86.82,85.41,86.102,1757267,0
2017-07-12,86.61,86.989,85.973,86.152,1019839,0
2017-07-13,86.092,86.491,85.724,86.272,1203023,0
2017-07-14,86.122,86.581,85.664,86.341,1061476,0
2017-07-17,86.142,86.76,85.873,86.202,958749,0
2017-07-18,86.62,86.869,84.906,85.574,2095942,0
2017-07-19,85.664,86.361,84.757,84.936,2316854,0
2017-07-20,84.926,86.461,84.727,85.464,2209221,0
2017-07-21,85.843,86.202,84.926,85.435,2157723,0
2017-07-24,85.445,86.321,85.205,85.793,2542089,0
2017-07-25,82.315,84.388,81.508,81.897,4969054,0
2017-07-26,80.721,82.186,79.914,81.349,4330917,0
2017-07-27,80.741,80.95,79.346,79.684,2826069,0
2017-07-28,79.834,81.339,79.804,80.163,2470349,0
2017-07-31,80.053,80.297,79.256,80.063,2023153,0
2017-08-01,80.183,80.621,78.907,79.007,3189913,0
2017-08-02,79.121,79.395,78.449,78.708,2724243,0
2017-08-03,78.19,79.077,78.04,78.688,1557453,0
2017-08-04,79.106,79.166,78.394,78.598,1160568,0
2017-08-07,78.499,78.857,78.135,78.22,1690512,0
2017-08-08,77.731,78.518,76.954,77.861,3046894,0
2017-08-09,77.96,77.99,77.353,77.651,1772898,0
2017-08-10,77.522,77.831,77.283,77.542,2528528,0
2017-08-11,77.362,79.415,77.362,79.096,2500874,0
2017-08-14,79.346,79.485,78.678,79.246,2043012,0
2017-08-15,79.535,79.884,78.588,78.977,1604726,0
2017-08-16,79.027,79.356,78.548,78.718,1280057,0
2017-08-17,78.538,79.171,77.412,77.522,1457721,0
2017-08-18,77.372,77.831,77.233,77.263,1365564,0
2017-08-21,77.243,78.17,77.163,77.99,1695693,0
2017-08-22,78.09,78.658,77.96,78.518,1335718,0
2017-08-23,78.349,78.807,77.891,78.628,1795676,0
2017-08-24,78.837,79.395,78.618,78.987,1417480,0
2017-08-25,79.096,79.844,78.618,79.236,1250031,0
2017-08-28,79.156,79.502,78.628,78.887,1374854,0
2017-08-29,78.05,78.499,76.71,77.323,2818452,0
2017-08-30,77.203,77.432,76.585,77.123,1434131,0
2017-08-31,77.343,78.608,77.303,78.389,2134379,0
2017-09-01,78.588,78.937,77.881,78.399,1858543,0
2017-09-05,78.309,78.738,77.791,78.04,2159465,0
2017-09-06,78.17,78.17,75.878,77.014,2733630,0
2017-09-07,76.994,77.462,75.839,76.107,2798648,0
2017-09-08,75.917,76.834,75.479,76.784,1928863,0
2017-09-11,77.542,78.518,76.745,78.08,1883323,0
2017-09-12,78.03,78.678,77.642,78.489,1367762,0
2017-09-13,78.339,78.738,78.185,78.668,1674325,0
2017-09-14,78.807,79.665,78.2,79.595,1846495,0
2017-09-15,79.595,80.103,78.459,78.967,2438016,0
2017-09-18,79.007,79.077,76.745,77.412,2819852,0
2017-09-19,77.263,77.482,75.3,76.037,4537994,0
2017-09-20,76.107,77.632,75.967,77.482,2326123,0
2017-09-21,77.522,77.622,77.044,77.382,1369773,0
2017-09-22,77.173,78.668,77.173,77.95,3037616,0
2017-09-25,77.612,78.2,75.509,75.987,2739495,0
2017-09-26,76.495,77.572,76.486,77.382,1978786,0
2017-09-27,77.582,78.08,76.775,77.901,1956547,0
2017-09-28,77.562,79.306,77.487,78.827,1934688,0
2017-09-29,78.837,79.435,78.698,79.316,1460824,0
2017-10-02,79.515,80.123,78.778,79.645,1563261,0
2017-10-03,79.445,79.904,78.857,79.206,1702537,0
2017-10-04,78.987,79.351,77.064,77.422,2207646,0
2017-10-05,77.353,78.399,76.854,76.994,3211467,0
2017-10-06,77.083,77.442,76.167,76.376,2005850,0
2017-10-09,76.137,76.266,74.223,75.05,2463795,0
2017-10-10,75.19,76.077,74.637,75.19,2827432,0
2017-10-11,75.16,75.589,74.781,75.27,1868356,0
2017-10-12,75.07,75.22,73.386,73.964,4338348,0
2017-10-13,71.254,74.462,70.935,74.323,4945082,0
2017-10-16,74.034,75.21,73.994,74.931,3440443,0
2017-10-17,75.359,78.08,75.04,76.555,3784330,0
2017-10-18,76.775,77.841,76.705,77.183,4537291,0
2017-10-19,78.03,79.674,76.595,79.515,6594837,0
2017-10-20,79.874,80.86,79.674,80.771,3806321,0
2017-10-23,81.05,81.488,80.412,80.472,2285074,0
2017-10-24,80.243,80.671,78.847,79.296,2455979,0
2017-10-25,79.037,79.047,77.681,78.927,2932312,0
2017-10-26,79.156,79.306,76.436,76.625,3938947,0
2017-10-27,76.585,77.572,75.718,76.406,2909692,0
2017-10-30,75.997,76.635,75.688,75.917,2875546,0
2017-10-31,75.898,77.343,74.732,75.389,3495177,0
2017-11-01,75.469,77.263,75.031,76.565,3909107,0
2017-11-02,76.077,77.203,75.514,76.167,2403908,0
2017-11-03,76.645,77.223,75.459,76.167,2131892,0
2017-11-06,76.187,77.203,76.167,76.605,2463498,0
2017-11-07,76.725,77.931,76.655,77.651,1713577,0
2017-11-08,77.442,79.346,77.233,78.588,2662314,0
2017-11-09,78.22,79.206,78.19,79.136,2678057,0
2017-11-10,78.877,79.057,78.04,78.409,1810848,0
2017-11-13,78.259,78.259,76.954,77.442,1884512,0
2017-11-14,77.233,77.412,75.459,75.788,3334718,0
2017-11-15,75.469,75.539,74.582,74.672,2418377,0
2017-11-16,74.861,75.957,74.861,75.708,2583057,0
2017-11-17,75.339,75.668,74.712,74.981,1741292,0
2017-11-20,74.981,75.16,74.004,74.353,2130032,0
2017-11-21,74.522,75.678,74.024,75.628,1866724,0
2017-11-22,75.579,77.921,75.19,76.804,1587464,0
2017-11-24,77.014,77.093,76.077,76.924,483928,0
2017-11-27,76.924,77.422,76.216,77.083,1350171,0
2017-11-28,77.083,77.95,76.665,77.801,1276959,0
2017-11-29,77.761,81.309,77.492,79.864,3628760,0
2017-11-30,82.455,85.743,82.455,84.707,8294318,0
2017-12-01,84.388,84.587,82.445,83.76,3498412,0
2017-12-04,84.458,85.584,83.91,83.98,2266318,0
2017-12-05,84.019,84.019,82.091,82.933,2635789,0
2017-12-06,83.033,83.182,81.797,82.814,1766407,0
2017-12-07,82.754,85.435,81.927,84.767,3047377,0
2017-12-08,85.096,85.255,83.84,84.548,2692616,0
2017-12-11,84.518,85.454,84.328,84.677,2240338,0
2017-12-12,86.072,86.86,85.813,86.152,3118429,0
2017-12-13,86.232,87.996,85.146,87.288,3077953,0
2017-12-14,87.049,87.476,85.793,85.853,1690593,0
2017-12-15,86.331,88.384,86.192,88.155,3824065,0
2017-12-18,88.683,89.78,88.374,89.381,2581920,0
2017-12-19,89.51,89.979,88.394,88.524,2448064,0
2017-12-20,87.069,87.637,84.428,86.152,3426728,0
2017-12-21,86.222,88.105,86.122,87.537,1836763,0
2017-12-22,87.677,88.793,87.547,88.783,1914186,0
2017-12-26,88.932,89.63,88.653,88.833,925110,0
2017-12-27,88.633,88.793,86.929,87.587,1704094,0
2017-12-28,87.856,88.195,87.329,88.006,1232266,0
2017-12-29,88.175,88.753,87.477,87.537,1247077,0
2018-01-02,87.697,89.5,87.487,89.202,1833234,0
2018-01-03,88.404,88.992,86.312,86.74,2410461,0
2018-01-04,86.042,86.441,85.106,85.664,2759807,0
2018-01-05,85.883,86.73,84.946,86.63,3089704,0
2018-01-08,86.341,86.635,85.504,86.451,1372158,0
2018-01-09,86.202,86.72,85.644,85.704,1843482,0
2018-01-10,85.445,86.142,84.627,84.667,1746615,0
2018-01-11,85.026,87.069,85.011,86.67,1917694,0
2018-01-12,87.059,88.723,86.421,88.494,1836756,0
2018-01-16,88.723,89.72,88.2,88.484,2385825,0
2018-01-17,88.733,89.381,88.285,89.092,1263077,0
2018-01-18,89.261,90.168,88.823,89.799,2118348,0
2018-01-19,90.009,92.998,89.75,92.689,4217630,0
2018-01-22,92.56,93.063,91.763,92.54,1850351,0
2018-01-23,91.992,92.39,90.796,91.414,1537682,0
2018-01-24,91.743,92.101,90.746,91.175,1169620,0
2018-01-25,91.703,92.929,91.533,92.51,2063824,0
2018-01-26,92.739,96.785,92.4,96.735,3634268,0
2018-01-29,96.427,98.081,96.028,97.284,3620942,0
2018-01-30,101.2,106.47,100.65,101.1,6585102,0
2018-01-31,101.65,102.82,99.89,100.81,3730779,0
2018-02-01,100.4,103.21,99.94,101.89,3204667,0
2018-02-02,101.19,101.9,99.247,99.346,2425991,0
2018-02-05,98.589,99.406,95.29,95.56,2639377,0
2018-02-06,94.304,98.788,93.786,98.37,3365365,0
2018-02-07,97.921,99.95,97.662,98.061,1901579,0
2018-02-08,98.27,98.908,95.599,95.639,2109071,0
2018-02-09,96.676,98.46,94.423,97.503,2534919,0
2018-02-12,98.19,98.659,96.098,97.941,1517404,0
2018-02-13,97.144,98.858,96.965,98.579,1144052,0
2018-02-14,97.921,100.64,97.553,99.57,2232331,0
2018-02-15,100.19,101.01,99.087,100.6,1881683,0
2018-02-16,100.37,101.87,99.94,100.65,1900092,0
2018-02-20,100.33,101.06,100.19,100.65,1368138,0
2018-02-21,100.33,101.5,99.94,100,1344612,0
2018-02-22,100.59,101.58,99.81,100.19,1455898,0
2018-02-23,100.92,101.07,99.476,100.49,1656414,0
2018-02-26,100.35,100.5,98.709,99.68,1822455,0
2018-02-27,100.01,102.63,99.72,101.21,3143854,0
2018-02-28,101.23,101.87,99.23,99.25,2896078,0
2018-03-01,99.5,100.91,98.04,99.43,2312944,0
2018-03-02,99,101.64,98.82,101.38,2054685,0
2018-03-05,100.9,101.4,99.72,101.11,1755770,0
2018-03-06,101.27,101.74,100.43,100.99,1529414,0
2018-03-07,100.35,101.58,100.03,101.31,1686352,0
2018-03-08,101.51,102.745,101.21,102.35,1261079,0
2018-03-09,102.69,104.17,102.19,103.9,1614882,0
2018-03-12,103.76,104.2,102.8,103.56,2411072,0
2018-03-13,103.99,103.99,102.25,102.58,1798596,0
2018-03-14,102.84,103.5,101.6,101.93,1737556,0
2018-03-15,102.24,103.87,102.01,103.15,1349592,0
2018-03-16,103.16,103.93,102.48,102.77,2068910,0
2018-03-19,102.58,102.82,101.64,102.66,1115811,0
2018-03-20,102.75,102.77,99.75,100.6,1576371,0
2018-03-21,100.07,101.8,100.07,100.9,1959838,0
2018-03-22,100.49,101.72,99.65,99.79,1740672,0
2018-03-23,100.3,101.61,98.59,98.78,1901686,0
2018-03-26,99.7,99.99,96.86,97.98,1927635,0
2018-03-27,98.25,98.92,96.93,97.43,2374030,0
2018-03-28,97.75,98.66,97.13,97.15,1929321,0
2018-03-29,97.7,97.82,95.8,97,3301601,0
