Date,Open,High,Low,Close,Volume,OpenInt
2007-08-23,0.7,0.7,0.7,0.7,0,0
2007-08-24,0.69,0.69,0.69,0.69,0,0
2007-08-27,0.68,0.68,0.68,0.68,0,0
2007-08-28,0.67,0.67,0.67,0.67,0,0
2007-08-29,0.68,0.68,0.68,0.68,0,0
2007-08-30,0.675,0.675,0.675,0.675,0,0
2007-08-31,0.668,0.668,0.668,0.668,0,0
2007-09-03,0.65,0.65,0.65,0.65,0,0
2007-09-04,0.645,0.645,0.645,0.645,0,0
2007-09-05,0.66,0.66,0.66,0.66,0,0
2007-09-06,0.67,0.67,0.67,0.67,0,0
2007-09-07,0.67,0.67,0.67,0.67,0,0
2007-09-10,0.69,0.69,0.69,0.69,0,0
2007-09-11,0.685,0.685,0.685,0.685,0,0
2007-09-12,0.688,0.688,0.688,0.688,0,0
2007-09-13,0.69,0.69,0.69,0.69,0,0
2007-09-14,0.718,0.718,0.718,0.718,0,0
2007-09-17,0.718,0.718,0.718,0.718,0,0
2007-09-18,0.715,0.715,0.715,0.715,0,0
2007-09-19,0.698,0.698,0.698,0.698,0,0
2007-09-20,0.69,0.69,0.69,0.69,0,0
2007-09-21,0.698,0.698,0.698,0.698,0,0
2007-09-24,0.768,0.768,0.768,0.768,0,0
2007-09-25,0.778,0.778,0.778,0.778,0,0
2007-09-26,0.768,0.768,0.768,0.768,0,0
2007-09-27,0.773,0.773,0.773,0.773,0,0
2007-09-28,0.778,0.778,0.778,0.778,0,0
2007-10-01,0.788,0.788,0.788,0.788,0,0
2007-10-02,0.788,0.788,0.788,0.788,0,0
2007-10-03,0.785,0.785,0.785,0.785,0,0
2007-10-04,0.785,0.785,0.785,0.785,0,0
2007-10-05,0.77,0.77,0.77,0.77,0,0
2007-10-08,0.768,0.768,0.768,0.768,0,0
2007-10-09,0.768,0.768,0.768,0.768,0,0
2007-10-10,0.76,0.76,0.76,0.76,0,0
2007-10-11,0.75,0.75,0.75,0.75,0,0
2007-10-12,0.75,0.75,0.75,0.75,0,0
2007-10-15,0.748,0.748,0.748,0.748,0,0
2007-10-16,0.755,0.755,0.755,0.755,0,0
2007-10-17,0.76,0.76,0.76,0.76,0,0
2007-10-18,0.768,0.768,0.768,0.768,0,0
2007-10-19,0.755,0.755,0.755,0.755,0,0
2007-10-22,0.768,0.768,0.768,0.768,0,0
2007-10-23,0.76,0.76,0.76,0.76,0,0
2007-10-24,0.76,0.76,0.76,0.76,0,0
2007-10-25,0.755,0.755,0.755,0.755,0,0
2007-10-26,0.77,0.77,0.77,0.77,0,0
2007-10-29,0.768,0.768,0.768,0.768,0,0
2007-10-30,0.77,0.77,0.77,0.77,0,0
2007-10-31,0.775,0.775,0.775,0.775,0,0
2007-11-02,0.785,0.785,0.785,0.785,0,0
2007-11-05,0.793,0.793,0.793,0.793,0,0
2007-11-06,0.798,0.798,0.798,0.798,0,0
2007-11-07,0.81,0.81,0.81,0.81,0,0
2007-11-08,0.825,0.825,0.825,0.825,0,0
2007-11-09,0.83,0.84,0.83,0.84,0,0
2007-11-12,0.84,0.85,0.84,0.85,0,0
2007-11-13,0.85,0.87,0.85,0.87,0,0
2007-11-14,0.87,0.87,0.87,0.87,0,0
2007-11-15,0.87,0.91,0.87,0.91,0,0
2007-11-16,0.91,0.91,0.9,0.9,0,0
2007-11-19,0.9,0.92,0.9,0.92,0,0
2007-11-20,0.94,0.94,0.94,0.94,0,0
2007-11-21,0.98,0.98,0.98,0.98,0,0
2007-11-22,0.98,0.98,0.95,0.95,0,0
2007-11-23,0.95,0.95,0.95,0.95,0,0
2007-11-26,0.95,0.96,0.95,0.96,0,0
2007-11-27,0.96,0.96,0.95,0.95,0,0
2007-11-28,0.95,0.95,0.94,0.94,0,0
2007-11-29,0.94,0.94,0.94,0.94,0,0
2007-11-30,0.94,0.94,0.93,0.93,0,0
2007-12-03,0.93,0.93,0.92,0.92,0,0
2007-12-04,0.92,0.92,0.91,0.91,0,0
2007-12-05,0.91,0.91,0.9,0.9,0,0
2007-12-06,0.9,0.9,0.9,0.9,0,0
2007-12-07,0.9,0.9,0.89,0.89,0,0
2007-12-10,0.89,0.9,0.89,0.9,0,0
2007-12-11,0.9,0.91,0.9,0.91,0,0
2007-12-12,0.91,0.92,0.91,0.92,0,0
2007-12-13,0.92,0.92,0.91,0.91,0,0
2007-12-14,0.91,0.92,0.91,0.92,0,0
2007-12-17,0.92,0.92,0.92,0.92,0,0
2007-12-18,0.92,0.93,0.92,0.93,0,0
2007-12-19,0.93,0.94,0.93,0.94,0,0
2007-12-20,0.94,0.94,0.93,0.93,0,0
2007-12-21,0.93,0.93,0.92,0.92,0,0
2007-12-27,0.92,0.92,0.9,0.9,0,0
2007-12-28,0.93,0.95,0.93,0.95,0,0
2008-01-02,0.95,0.95,0.94,0.94,0,0
2008-01-03,0.94,0.94,0.94,0.94,0,0
2008-01-04,0.94,0.95,0.94,0.95,0,0
2008-01-07,0.95,0.98,0.95,0.98,0,0
2008-01-08,0.98,1,0.98,1,0,0
2008-01-09,1,1,1,1,0,0
2008-01-10,1,1,1,1,0,0
2008-01-11,0.995,1.105,0.995,1.105,0,0
2008-01-14,1.13,1.13,1.13,1.13,0,0
2008-01-15,1.13,1.15,1.13,1.15,0,0
2008-01-16,1.15,1.18,1.15,1.18,0,0
2008-01-17,1.18,1.18,1.17,1.17,0,0
2008-01-18,1.17,1.17,1.16,1.16,0,0
2008-01-21,1.16,1.2,1.16,1.2,0,0
2008-01-22,1.2,1.2,1.19,1.19,0,0
2008-01-23,1.19,1.19,1.18,1.18,0,0
2008-01-24,1.18,1.18,1.13,1.13,0,0
2008-01-25,1.13,1.13,1.12,1.12,0,0
2008-01-28,1.12,1.14,1.12,1.14,0,0
2008-01-29,1.14,1.14,1.1,1.1,0,0
2008-01-30,1.1,1.1,1.1,1.1,0,0
2008-01-31,1.1,1.1,1.1,1.1,0,0
2008-02-01,1.1,1.1,1.07,1.07,0,0
2008-02-04,1.07,1.07,1.07,1.07,0,0
2008-02-05,1.07,1.1,1.07,1.1,0,0
2008-02-06,1.1,1.1,1.1,1.1,0,0
2008-02-07,1.1,1.13,1.1,1.13,0,0
2008-02-08,1.13,1.13,1.12,1.12,0,0
2008-02-11,1.12,1.12,1.12,1.12,0,0
2008-02-12,1.12,1.12,1.1,1.1,0,0
2008-02-13,1.1,1.1,1.08,1.08,0,0
2008-02-14,1.08,1.08,1.08,1.08,0,0
2008-02-15,1.08,1.1,1.08,1.1,0,0
2008-02-18,1.1,1.1,1.1,1.1,0,0
2008-02-19,1.1,1.1,1.1,1.1,0,0
2008-02-20,1.1,1.12,1.1,1.12,0,0
2008-02-21,1.12,1.12,1.12,1.12,0,0
2008-02-22,1.12,1.14,1.12,1.14,0,0
2008-02-25,1.14,1.14,1.13,1.13,0,0
2008-02-26,1.13,1.14,1.13,1.14,0,0
2008-02-27,1.14,1.14,1.14,1.14,0,0
2008-02-28,1.14,1.16,1.14,1.16,0,0
2008-02-29,1.16,1.18,1.16,1.18,0,0
2008-03-03,1.18,1.21,1.18,1.21,0,0
2008-03-04,1.21,1.22,1.21,1.22,0,0
2008-03-05,1.22,1.22,1.21,1.21,0,0
2008-03-06,1.21,1.22,1.21,1.22,0,0
2008-03-07,1.22,1.23,1.22,1.23,0,0
2008-03-10,1.23,1.23,1.23,1.23,0,0
2008-03-11,1.23,1.23,1.23,1.23,0,0
2008-03-12,1.23,1.23,1.22,1.22,0,0
2008-03-13,1.22,1.24,1.22,1.24,0,0
2008-03-14,1.24,1.24,1.24,1.24,0,0
2008-03-17,1.24,1.27,1.24,1.27,0,0
2008-03-18,1.27,1.27,1.26,1.26,0,0
2008-03-19,1.26,1.26,1.25,1.25,0,0
2008-03-20,1.25,1.26,1.25,1.26,0,0
2008-03-25,2.09,2.09,2.04,2.04,0,0
2008-03-26,2.04,2.04,1.99,1.99,0,0
2008-03-27,1.99,1.99,1.97,1.97,0,0
2008-03-28,1.97,1.98,1.97,1.98,0,0
2008-03-31,1.88,1.88,1.88,1.88,0,0
2008-04-01,1.88,1.98,1.88,1.98,0,0
2008-04-02,1.98,1.98,1.97,1.97,0,0
2008-04-03,1.97,1.97,1.95,1.95,0,0
2008-04-04,1.95,1.95,1.92,1.92,0,0
2008-04-07,1.92,1.92,1.92,1.92,0,0
2008-04-08,1.92,1.92,1.92,1.92,0,0
2008-04-09,1.92,1.92,1.92,1.92,0,0
2008-04-10,1.92,1.92,1.91,1.91,0,0
2008-04-11,1.91,1.93,1.91,1.93,0,0
2008-04-14,1.93,1.95,1.93,1.95,0,0
2008-04-15,1.95,1.95,1.87,1.87,0,0
2008-04-16,1.87,1.99,1.87,1.99,0,0
2008-04-17,1.99,2,1.99,2,0,0
2008-04-18,2,2,2,2,0,0
2008-04-21,2,2.02,2,2.02,0,0
2008-04-22,2.02,2.03,2.02,2.03,0,0
2008-04-23,2.03,2.06,2.03,2.06,0,0
2008-04-24,2.06,2.06,2.06,2.06,0,0
2008-04-25,2.06,2.06,2.04,2.04,0,0
2008-04-28,2.04,2.04,2.03,2.03,0,0
2008-04-29,2.03,2.03,2.03,2.03,0,0
2008-04-30,2.03,2.03,2.02,2.02,0,0
2008-05-05,2.02,2.02,1.99,1.99,0,0
2008-05-06,1.99,1.99,1.98,1.98,0,0
2008-05-07,1.98,1.98,1.96,1.96,0,0
2008-05-08,1.96,1.96,1.96,1.96,0,0
2008-05-09,1.96,1.98,1.96,1.98,0,0
2008-05-12,1.98,2,1.98,2,0,0
2008-05-13,2,2.02,2,2.02,0,0
2008-05-14,2.02,2.02,1.94,1.94,0,0
2008-05-15,1.94,1.99,1.94,1.99,0,0
2008-05-16,1.99,1.99,1.99,1.99,0,0
2008-05-19,1.99,2,1.99,2,0,0
2008-05-20,2,2,1.99,1.99,0,0
2008-05-21,1.99,2,1.99,2,0,0
2008-05-23,2,2.02,2,2.02,0,0
2008-05-26,2.02,2.04,2.02,2.04,0,0
2008-05-27,2.04,2.05,2.04,2.05,0,0
2008-05-28,2.05,2.13,2.05,2.13,0,0
2008-05-29,2.13,2.15,2.13,2.15,0,0
2008-05-30,2.15,2.2,2.15,2.2,0,0
2008-06-02,2.2,2.24,2.2,2.24,0,0
2008-06-03,2.24,2.26,2.24,2.26,0,0
2008-06-04,2.26,2.26,2.24,2.24,0,0
2008-06-05,2.24,2.25,2.24,2.25,0,0
2008-06-06,2.25,2.25,2.2,2.2,0,0
2008-06-09,2.2,2.2,2.19,2.19,0,0
2008-06-10,2.19,2.25,2.19,2.25,0,0
2008-06-11,2.25,2.28,2.25,2.28,0,0
2008-06-12,2.28,2.29,2.28,2.29,0,0
2008-06-13,2.29,2.29,2.28,2.28,0,0
2008-06-16,2.28,2.28,2.28,2.28,0,0
2008-06-17,2.28,2.28,2.25,2.25,0,0
2008-06-18,2.25,2.25,2.21,2.21,0,0
2008-06-19,2.21,2.21,2.2,2.2,0,0
2008-06-20,2.2,2.21,2.2,2.21,0,0
2008-06-23,2.21,2.21,2.12,2.12,0,0
2008-06-24,2.12,2.16,2.12,2.16,0,0
2008-06-25,2.16,2.16,0.93,0.93,0,0
2008-06-26,0.93,0.95,0.93,0.95,0,0
2008-06-27,0.95,0.97,0.95,0.97,0,0
2008-06-30,0.97,0.97,0.97,0.97,0,0
2008-07-01,0.97,0.98,0.97,0.98,0,0
2008-07-02,0.98,0.99,0.98,0.99,0,0
2008-07-03,0.99,1.03,0.99,1.03,0,0
2008-07-04,1.03,1.08,1.03,1.08,0,0
2008-07-07,1.08,1.09,1.08,1.09,0,0
2008-07-08,1.09,1.13,1.09,1.13,0,0
2008-07-09,1.13,1.13,1.12,1.12,0,0
2008-07-10,1.12,1.42,1.12,1.42,0,0
2008-07-11,1.42,1.46,1.42,1.46,0,0
2008-07-14,1.46,1.51,1.46,1.51,0,0
2008-07-15,1.51,1.57,1.51,1.57,0,0
2008-07-16,1.57,1.61,1.57,1.61,0,0
2008-07-17,1.61,1.61,1.58,1.58,0,0
2008-07-18,1.58,1.59,1.58,1.59,0,0
2008-07-21,1.59,1.62,1.59,1.62,0,0
2008-07-22,1.62,1.62,1.61,1.61,0,0
2008-07-23,1.61,1.61,1.59,1.59,0,0
2008-07-24,1.59,1.59,1.59,1.59,0,0
2008-07-25,1.59,1.61,1.59,1.61,0,0
2008-07-28,1.61,1.61,1.61,1.61,0,0
2008-07-29,1.61,1.61,1.6,1.6,0,0
2008-07-30,1.6,1.6,1.59,1.59,0,0
2008-07-31,1.59,1.59,1.57,1.57,0,0
2008-08-01,1.57,1.57,1.57,1.57,0,0
2008-08-04,1.57,1.57,1.57,1.57,0,0
2008-08-05,1.57,1.57,1.55,1.55,0,0
2008-08-06,1.55,1.58,1.55,1.58,0,0
2008-08-07,1.58,1.6,1.58,1.6,0,0
2008-08-08,1.6,1.61,1.6,1.61,0,0
2008-08-11,1.61,1.61,1.61,1.61,0,0
2008-08-12,1.61,1.62,1.61,1.62,0,0
2008-08-13,1.62,1.65,1.62,1.65,0,0
2008-08-14,1.65,1.65,1.6,1.6,0,0
2008-08-18,1.6,1.61,1.6,1.61,0,0
2008-08-19,1.61,1.63,1.61,1.63,0,0
2008-08-20,1.63,1.64,1.63,1.64,0,0
2008-08-21,1.64,1.64,1.6,1.6,0,0
2008-08-22,1.6,1.6,1.6,1.6,0,0
2008-08-25,1.6,1.61,1.6,1.61,0,0
2008-08-26,1.61,1.64,1.61,1.64,0,0
2008-08-27,1.64,1.68,1.64,1.68,0,0
2008-08-28,1.68,1.68,1.65,1.65,0,0
2008-08-29,1.65,1.65,1.59,1.59,0,0
2008-09-01,1.59,1.59,1.57,1.57,0,0
2008-09-02,1.57,1.57,1.49,1.49,0,0
2008-09-03,1.49,1.49,1.43,1.43,0,0
2008-09-04,1.43,1.43,1.42,1.42,0,0
2008-09-05,1.42,1.44,1.42,1.44,0,0
2008-09-08,1.44,1.44,1.43,1.43,0,0
2008-09-09,1.43,1.45,1.43,1.45,0,0
2008-09-10,1.45,1.51,1.45,1.51,0,0
2008-09-11,1.51,1.54,1.51,1.54,0,0
2008-09-12,1.54,1.55,1.54,1.55,0,0
2008-09-15,1.55,1.59,1.55,1.59,0,0
2008-09-16,1.59,1.64,1.59,1.64,0,0
2008-09-17,1.64,1.67,1.64,1.67,0,0
2008-09-18,1.67,1.68,1.67,1.68,0,0
2008-09-19,1.68,1.68,1.64,1.64,0,0
2008-09-22,1.64,1.64,1.63,1.63,0,0
2008-09-23,1.54,1.56,1.54,1.56,0,0
2008-09-24,1.56,1.56,1.55,1.55,0,0
2008-09-25,1.55,1.55,1.53,1.53,0,0
2008-09-26,1.53,1.54,1.53,1.54,0,0
2008-09-29,1.54,1.58,1.54,1.58,0,0
2008-09-30,1.58,1.61,1.58,1.61,0,0
2008-10-01,1.61,1.61,1.59,1.59,0,0
2008-10-02,1.59,1.6,1.59,1.6,0,0
2008-10-03,1.6,1.61,1.6,1.61,0,0
2008-10-06,1.61,1.74,1.61,1.74,0,0
2008-10-07,1.74,1.77,1.74,1.77,0,0
2008-10-08,1.77,1.8,1.77,1.8,0,0
2008-10-09,1.8,1.8,1.79,1.79,0,0
2008-10-10,1.79,1.92,1.79,1.92,0,0
2008-10-13,1.92,1.92,1.87,1.87,0,0
2008-10-14,1.87,1.87,1.85,1.85,0,0
2008-10-15,1.85,1.94,1.85,1.94,0,0
2008-10-16,1.94,2,1.94,2,0,0
2008-10-17,2,2.05,2,2.05,0,0
2008-10-20,2.05,2.05,2.04,2.04,0,0
2008-10-21,2.04,2.1,2.04,2.1,0,0
2008-10-22,2.1,2.27,2.1,2.27,0,0
2008-10-23,2.27,2.42,2.27,2.42,0,0
2008-10-24,2.42,2.63,2.42,2.63,0,0
2008-10-27,2.63,2.71,2.63,2.71,0,0
2008-10-28,2.71,2.71,2.64,2.64,0,0
2008-10-29,2.64,2.64,2.41,2.41,0,0
2008-10-30,2.41,2.41,2.38,2.38,0,0
2008-10-31,2.38,2.46,2.38,2.46,0,0
2008-11-03,2.46,2.46,2.43,2.43,0,0
2008-11-04,2.43,2.43,2.28,2.28,0,0
2008-11-05,2.28,2.36,2.28,2.36,0,0
2008-11-06,2.36,2.43,2.36,2.43,0,0
2008-11-07,2.43,2.43,2.43,2.43,0,0
2008-11-10,2.43,2.43,2.4,2.4,0,0
2008-11-12,2.4,2.6,2.4,2.6,0,0
2008-11-13,2.6,2.69,2.6,2.69,0,0
2008-11-14,2.69,2.69,2.66,2.66,0,0
2008-11-17,2.66,2.69,2.66,2.69,0,0
2008-11-18,2.69,2.7,2.69,2.7,0,0
2008-11-19,2.7,2.7,2.68,2.68,0,0
2008-11-20,2.68,2.75,2.68,2.75,0,0
2008-11-21,2.75,2.75,2.57,2.57,0,0
2008-11-24,2.57,2.57,2.47,2.47,0,0
2008-11-25,2.47,2.47,2.41,2.41,0,0
2008-11-26,2.41,2.41,2.41,2.41,0,0
2008-11-27,2.41,2.41,2.38,2.38,0,0
2008-11-28,2.38,2.51,2.38,2.51,0,0
2008-12-01,2.51,2.63,2.51,2.63,0,0
2008-12-02,2.63,2.63,2.59,2.59,0,0
2008-12-03,2.59,2.59,2.59,2.59,0,0
2008-12-04,2.59,2.59,2.56,2.56,0,0
2008-12-05,2.56,2.6,2.56,2.6,0,0
2008-12-08,2.6,2.6,2.42,2.42,0,0
2008-12-09,2.42,2.42,2.42,2.42,0,0
2008-12-10,2.42,2.43,2.42,2.43,0,0
2008-12-11,2.43,2.43,2.43,2.43,0,0
2008-12-12,2.43,2.49,2.43,2.49,0,0
2008-12-15,2.49,2.49,2.49,2.49,0,0
2008-12-16,2.49,2.49,2.48,2.48,0,0
2008-12-17,2.48,2.56,2.48,2.56,0,0
2008-12-18,2.56,2.62,2.56,2.62,0,0
2008-12-19,2.62,2.66,2.62,2.66,0,0
2008-12-22,2.66,2.66,2.66,2.66,0,0
2008-12-23,2.68,2.68,2.68,2.68,0,0
2008-12-29,2.68,2.68,2.61,2.61,0,0
2008-12-30,2.61,2.61,2.56,2.56,0,0
2008-12-31,2.56,2.56,2.53,2.53,0,0
2009-01-05,2.53,2.59,2.53,2.59,0,0
2009-01-06,2.59,2.59,2.58,2.58,0,0
2009-01-07,2.58,2.61,2.58,2.61,0,0
2009-01-08,2.61,2.67,2.61,2.67,0,0
2009-01-09,2.67,2.67,2.67,2.67,0,0
2009-01-12,2.67,2.72,2.67,2.72,0,0
2009-01-13,2.72,2.78,2.72,2.78,0,0
2009-01-14,2.78,2.81,2.78,2.81,0,0
2009-01-15,2.81,2.87,2.81,2.87,0,0
2009-01-16,2.87,2.87,2.86,2.86,0,0
2009-01-19,2.86,2.91,2.86,2.91,0,0
2009-01-20,2.91,3.02,2.91,3.02,0,0
2009-01-21,3.02,3.04,3.02,3.04,0,0
2009-01-22,3.04,3.08,3.04,3.08,0,0
2009-01-23,3.08,3.17,3.08,3.17,0,0
2009-01-26,3.17,3.17,3.04,3.04,0,0
2009-01-27,3.04,3.11,3.04,3.11,0,0
2009-01-28,3.11,3.14,3.11,3.14,0,0
2009-01-29,3.14,3.17,3.14,3.17,0,0
2009-01-30,3.17,3.18,3.17,3.18,0,0
2009-02-02,3.18,3.27,3.18,3.27,0,0
2009-02-03,3.27,3.42,3.27,3.42,0,0
2009-02-04,3.42,3.42,3.36,3.36,0,0
2009-02-05,3.36,3.4,3.36,3.4,0,0
2009-02-06,3.4,3.4,3.28,3.28,0,0
2009-02-09,3.28,3.28,3.21,3.21,0,0
2009-02-10,3.21,3.21,3.16,3.16,0,0
2009-02-11,3.16,3.21,3.16,3.21,0,0
2009-02-12,3.21,3.22,3.21,3.22,0,0
2009-02-13,3.22,3.22,3.2,3.2,0,0
2009-02-16,3.2,3.32,3.2,3.32,0,0
2009-02-17,3.32,3.65,3.32,3.65,0,0
2009-02-18,3.65,3.75,3.65,3.75,0,0
2009-02-19,3.75,3.75,3.72,3.72,0,0
2009-02-20,3.72,3.77,3.72,3.77,0,0
2009-02-23,3.77,3.77,3.69,3.69,0,0
2009-02-24,3.69,3.69,3.56,3.56,0,0
2009-02-25,3.56,3.6,3.56,3.6,0,0
2009-02-26,3.6,3.6,3.6,3.6,0,0
2009-02-27,3.6,3.66,3.6,3.66,0,0
2009-03-02,3.66,3.72,3.66,3.72,0,0
2009-03-03,3.72,3.74,3.72,3.74,0,0
2009-03-04,3.74,3.74,3.63,3.63,0,0
2009-03-05,3.63,3.63,3.62,3.62,0,0
2009-03-06,3.62,3.62,3.6,3.6,0,0
2009-03-09,3.6,3.62,3.6,3.62,0,0
2009-03-10,3.62,3.62,3.61,3.61,0,0
2009-03-11,3.61,3.61,3.58,3.58,0,0
2009-03-12,3.58,3.59,3.58,3.59,0,0
2009-03-13,3.59,3.59,3.49,3.49,0,0
2009-03-16,3.49,3.49,3.37,3.37,0,0
2009-03-17,3.37,3.37,3.37,3.37,0,0
2009-03-18,3.37,3.37,3.34,3.34,0,0
2009-03-19,3.34,3.34,3.33,3.33,0,0
2009-03-20,3.33,3.33,3.32,3.32,0,0
2009-03-23,3.32,3.32,3.12,3.12,0,0
2009-03-24,3.12,3.12,3.12,3.12,0,0
2009-03-25,3.12,3.12,3.03,3.03,0,0
2009-03-26,3.03,3.03,2.98,2.98,0,0
2009-03-27,1.71,1.73,1.71,1.73,0,0
2009-03-30,1.73,1.73,1.51,1.51,0,0
2009-03-31,1.51,1.51,1.47,1.47,0,0
2009-04-01,1.47,1.47,1.37,1.37,0,0
2009-04-02,1.37,1.43,1.37,1.43,0,0
2009-04-03,1.43,1.43,1.4,1.4,0,0
2009-04-06,1.4,1.4,1.28,1.28,0,0
2009-04-07,1.28,1.28,1.27,1.27,0,0
2009-04-08,1.27,1.27,1.25,1.25,0,0
2009-04-09,1.25,1.25,1.25,1.25,0,0
2009-04-14,1.25,1.25,1.22,1.22,0,0
2009-04-15,1.22,1.23,1.22,1.23,0,0
2009-04-16,1.23,1.23,1.22,1.22,0,0
2009-04-17,1.22,1.22,1.2,1.2,0,0
2009-04-20,1.2,1.2,1.2,1.2,0,0
2009-04-21,1.2,1.2,1.19,1.19,0,0
2009-04-22,1.19,1.19,1.17,1.17,0,0
2009-04-23,1.17,1.17,1.15,1.15,0,0
2009-04-24,1.15,1.15,1.14,1.14,0,0
2009-04-27,1.14,1.14,1.13,1.13,0,0
2009-04-28,1.13,1.16,1.13,1.16,0,0
2009-04-29,1.16,1.16,1.12,1.12,0,0
2009-04-30,1.12,1.12,1.01,1.01,0,0
2009-05-04,1.01,1.01,0.99,0.99,0,0
2009-05-05,0.99,1,0.99,1,0,0
2009-05-06,1,1,1,1,0,0
2009-05-07,1,1,1,1,0,0
2009-05-08,1,1.01,1,1.01,0,0
2009-05-11,1.01,1.01,1,1,0,0
2009-05-12,1,1,0.96,0.96,0,0
2009-05-13,0.96,0.99,0.96,0.99,0,0
2009-05-14,0.99,0.99,0.99,0.99,0,0
2009-05-15,0.99,0.99,0.99,0.99,0,0
2009-05-18,0.99,0.99,0.99,0.99,0,0
2009-05-19,0.99,0.99,0.98,0.98,0,0
2009-05-20,0.98,0.99,0.98,0.99,0,0
2009-05-21,0.99,0.99,0.98,0.98,0,0
2009-05-22,0.98,1,0.98,1,0,0
2009-05-25,1,1,1,1,0,0
2009-05-26,1,1,1,1,0,0
2009-05-27,1,1,0.99,0.99,0,0
2009-05-28,0.99,0.99,0.98,0.98,0,0
2009-05-29,0.98,0.99,0.98,0.99,0,0
2009-06-01,0.96,0.96,0.96,0.96,0,0
2009-06-02,0.96,0.96,0.96,0.96,0,0
2009-06-03,0.96,0.96,0.82,0.82,0,0
2009-06-04,0.82,0.82,0.82,0.82,0,0
2009-06-05,0.82,0.82,0.82,0.82,0,0
2009-06-08,0.82,0.82,0.82,0.82,0,0
2009-06-09,0.82,0.82,0.82,0.82,0,0
2009-06-10,0.82,0.82,0.82,0.82,0,0
2009-06-12,0.82,0.82,0.81,0.81,0,0
2009-06-15,0.81,0.81,0.74,0.74,0,0
2009-06-16,0.74,0.74,0.72,0.72,0,0
2009-06-17,0.72,0.73,0.72,0.73,0,0
2009-06-18,0.73,0.8,0.73,0.8,0,0
2009-06-19,0.8,0.8,0.41,0.41,0,0
2009-06-22,0.41,0.42,0.41,0.42,0,0
2009-06-23,0.42,0.42,0.42,0.42,0,0
2009-06-24,0.42,0.42,0.42,0.42,0,0
2009-06-25,0.42,0.43,0.42,0.43,0,0
2009-06-26,0.43,0.43,0.43,0.43,0,0
2009-06-29,0.43,0.43,0.43,0.43,0,0
2009-06-30,0.43,0.43,0.42,0.42,0,0
2009-07-01,0.42,0.42,0.42,0.42,0,0
2009-07-02,0.42,0.63,0.42,0.63,0,0
2009-07-03,0.63,0.64,0.63,0.64,0,0
2009-07-06,0.64,0.65,0.64,0.65,0,0
2009-07-07,0.65,0.65,0.65,0.65,0,0
2009-07-08,0.65,0.66,0.65,0.66,0,0
2009-07-09,0.66,0.66,0.66,0.66,0,0
2009-07-10,0.66,0.66,0.66,0.66,0,0
2009-07-13,0.66,0.67,0.66,0.67,0,0
2009-07-14,0.67,0.67,0.65,0.65,0,0
2009-07-15,0.65,0.65,0.63,0.63,0,0
2009-07-16,0.63,0.64,0.63,0.64,0,0
2009-07-17,0.64,0.65,0.64,0.65,0,0
2009-07-20,0.65,0.65,0.64,0.64,0,0
2009-07-21,0.64,0.64,0.64,0.64,0,0
2009-07-22,0.64,0.64,0.64,0.64,0,0
2009-07-23,0.64,0.64,0.64,0.64,0,0
2009-07-24,0.64,0.64,0.63,0.63,0,0
2009-07-27,0.63,0.63,0.62,0.62,0,0
2009-07-28,0.62,0.62,0.62,0.62,0,0
2009-07-29,0.62,0.62,0.61,0.61,0,0
2009-07-30,0.61,0.66,0.61,0.66,0,0
2009-07-31,0.66,0.67,0.66,0.67,0,0
2009-08-03,0.67,0.67,0.66,0.66,0,0
2009-08-04,0.66,0.67,0.66,0.67,0,0
2009-08-05,0.67,0.67,0.67,0.67,0,0
2009-08-06,0.67,0.67,0.67,0.67,0,0
2009-08-07,0.67,0.67,0.67,0.67,0,0
2009-08-10,0.67,0.67,0.66,0.66,0,0
2009-08-11,0.66,0.66,0.66,0.66,0,0
2009-08-12,0.66,0.66,0.66,0.66,0,0
2009-08-13,0.66,0.66,0.66,0.66,0,0
2009-08-14,0.66,0.66,0.65,0.65,0,0
2009-08-17,0.65,0.66,0.65,0.66,0,0
2009-08-18,0.66,0.66,0.65,0.65,0,0
2009-08-19,0.65,0.65,0.65,0.65,0,0
2009-08-20,0.65,0.65,0.64,0.64,0,0
2009-08-21,0.64,0.64,0.63,0.63,0,0
2009-08-24,0.63,0.63,0.62,0.62,0,0
2009-08-25,0.62,0.62,0.61,0.61,0,0
2009-08-26,0.61,0.62,0.61,0.62,0,0
2009-08-27,0.62,0.62,0.62,0.62,0,0
2009-08-28,0.62,0.62,0.6,0.6,0,0
2009-08-31,0.6,0.6,0.6,0.6,0,0
2009-09-01,0.6,0.62,0.6,0.62,0,0
2009-09-02,0.62,0.64,0.62,0.64,0,0
2009-09-03,0.64,0.64,0.64,0.64,0,0
2009-09-04,0.64,0.64,0.64,0.64,0,0
2009-09-07,0.64,0.64,0.64,0.64,0,0
2009-09-08,0.64,0.64,0.62,0.62,0,0
2009-09-09,0.62,0.62,0.62,0.62,0,0
2009-09-10,0.62,0.62,0.62,0.62,0,0
2009-09-11,0.62,0.63,0.62,0.63,0,0
2009-09-14,0.63,0.64,0.63,0.64,0,0
2009-09-15,0.64,0.64,0.64,0.64,0,0
2009-09-16,0.64,0.64,0.62,0.62,0,0
2009-09-17,0.62,0.63,0.62,0.63,0,0
2009-09-18,0.63,0.63,0.62,0.62,0,0
2009-09-21,0.62,0.62,0.62,0.62,0,0
2009-09-22,0.62,0.62,0.62,0.62,0,0
2009-09-23,0.62,0.62,0.62,0.62,0,0
2009-09-24,0.62,0.62,0.62,0.62,0,0
2009-09-25,0.62,0.62,0.61,0.61,0,0
2009-09-28,0.61,0.65,0.61,0.65,0,0
2009-09-29,0.65,0.65,0.65,0.65,0,0
2009-09-30,0.65,0.66,0.65,0.66,0,0
2009-10-01,0.66,0.66,0.66,0.66,0,0
2009-10-02,0.66,0.66,0.66,0.66,0,0
2009-10-05,0.66,0.67,0.66,0.67,0,0
2009-10-06,0.67,0.67,0.66,0.66,0,0
2009-10-07,0.66,0.66,0.66,0.66,0,0
2009-10-08,0.66,0.66,0.66,0.66,0,0
2009-10-09,0.66,0.66,0.66,0.66,0,0
2009-10-12,0.66,0.66,0.66,0.66,0,0
2009-10-13,0.66,0.67,0.66,0.67,0,0
2009-10-14,0.67,0.67,0.67,0.67,0,0
2009-10-15,0.67,0.67,0.67,0.67,0,0
2009-10-16,0.67,0.68,0.67,0.68,0,0
2009-10-19,0.77,0.77,0.76,0.76,0,0
2009-10-20,0.76,0.76,0.75,0.75,0,0
2009-10-21,0.75,0.76,0.75,0.76,0,0
2009-10-22,0.76,0.76,0.75,0.75,0,0
2009-10-23,0.75,0.75,0.75,0.75,0,0
2009-10-26,0.75,0.75,0.75,0.75,0,0
2009-10-27,0.75,0.76,0.75,0.76,0,0
2009-10-28,0.76,0.77,0.76,0.77,0,0
2009-10-29,0.77,0.77,0.76,0.76,0,0
2009-10-30,0.76,0.76,0.76,0.76,0,0
2009-11-02,0.76,0.76,0.76,0.76,0,0
2009-11-03,0.76,0.77,0.76,0.77,0,0
2009-11-04,0.77,0.77,0.77,0.77,0,0
2009-11-05,0.77,0.77,0.76,0.76,0,0
2009-11-06,0.76,0.77,0.76,0.77,0,0
2009-11-09,0.77,0.77,0.76,0.76,0,0
2009-11-10,0.76,0.76,0.76,0.76,0,0
2009-11-12,0.76,0.76,0.76,0.76,0,0
2009-11-13,0.76,0.76,0.76,0.76,0,0
2009-11-16,0.76,0.76,0.75,0.75,0,0
2009-11-17,0.75,0.77,0.75,0.77,0,0
2009-11-18,0.77,0.77,0.77,0.77,0,0
2009-11-19,0.77,0.77,0.77,0.77,0,0
2009-11-20,0.77,0.77,0.76,0.76,0,0
2009-11-23,0.76,0.76,0.76,0.76,0,0
2009-11-24,0.76,0.76,0.76,0.76,0,0
2009-11-25,0.76,0.76,0.75,0.75,0,0
2009-11-26,0.75,0.76,0.75,0.76,0,0
2009-11-27,0.76,0.76,0.76,0.76,0,0
2009-11-30,0.76,0.76,0.76,0.76,0,0
2009-12-01,0.76,0.76,0.75,0.75,0,0
2009-12-02,0.75,0.76,0.75,0.76,0,0
2009-12-03,0.76,0.76,0.76,0.76,0,0
2009-12-04,0.76,0.76,0.75,0.75,0,0
2009-12-07,0.75,0.75,0.75,0.75,0,0
2009-12-08,0.75,0.76,0.75,0.76,0,0
2009-12-09,0.76,0.76,0.75,0.75,0,0
2009-12-10,0.75,0.76,0.75,0.76,0,0
2009-12-11,0.76,0.76,0.76,0.76,0,0
2009-12-14,0.76,0.76,0.76,0.76,0,0
2009-12-15,0.76,0.76,0.75,0.75,0,0
2009-12-16,0.75,0.75,0.75,0.75,0,0
2009-12-17,0.75,0.75,0.74,0.74,0,0
2009-12-18,0.74,0.74,0.74,0.74,0,0
2009-12-21,0.74,0.74,0.74,0.74,0,0
2009-12-22,0.74,0.74,0.74,0.74,0,0
2009-12-23,0.74,0.75,0.74,0.75,0,0
2009-12-28,0.75,0.75,0.75,0.75,0,0
2009-12-29,0.75,0.75,0.74,0.74,0,0
2009-12-30,0.74,0.74,0.74,0.74,0,0
2009-12-31,0.74,0.75,0.74,0.75,0,0
2010-01-04,0.75,0.75,0.74,0.74,0,0
2010-01-05,0.74,0.74,0.73,0.73,0,0
2010-01-06,0.73,0.73,0.72,0.72,0,0
2010-01-07,0.72,0.72,0.72,0.72,0,0
2010-01-08,0.72,0.72,0.72,0.72,0,0
2010-01-11,0.72,0.72,0.71,0.71,0,0
2010-01-12,0.71,0.71,0.7,0.7,0,0
2010-01-13,0.7,0.7,0.7,0.7,0,0
2010-01-14,0.7,0.7,0.7,0.7,0,0
2010-01-15,0.7,0.7,0.69,0.69,0,0
2010-01-18,0.69,0.69,0.69,0.69,0,0
2010-01-19,0.69,0.69,0.69,0.69,0,0
2010-01-20,0.69,0.69,0.69,0.69,0,0
2010-01-21,0.69,0.7,0.69,0.7,0,0
2010-01-22,0.64,0.65,0.64,0.65,0,0
2010-01-25,0.65,0.65,0.65,0.65,0,0
2010-01-26,0.65,0.65,0.65,0.65,0,0
2010-01-27,0.65,0.66,0.65,0.66,0,0
2010-01-28,0.66,0.66,0.66,0.66,0,0
2010-01-29,0.66,0.67,0.66,0.67,0,0
2010-02-01,0.67,0.69,0.67,0.69,0,0
2010-02-02,0.69,0.82,0.69,0.82,0,0
2010-02-03,0.82,0.82,0.8,0.8,0,0
2010-02-04,0.8,0.81,0.8,0.81,0,0
2010-02-05,0.81,0.83,0.81,0.83,0,0
2010-02-08,0.83,0.83,0.83,0.83,0,0
2010-02-09,0.83,0.83,0.82,0.82,0,0
2010-02-10,0.82,0.82,0.82,0.82,0,0
2010-02-11,0.82,0.83,0.82,0.83,0,0
2010-02-12,0.83,0.83,0.82,0.82,0,0
2010-02-15,0.82,0.82,0.8,0.8,0,0
2010-02-16,0.8,0.81,0.8,0.81,0,0
2010-02-17,0.81,0.81,0.81,0.81,0,0
2010-02-18,0.81,0.81,0.81,0.81,0,0
2010-02-19,0.81,0.81,0.81,0.81,0,0
2010-02-22,0.81,0.81,0.8,0.8,0,0
2010-02-23,0.8,0.81,0.8,0.81,0,0
2010-02-24,0.81,0.81,0.81,0.81,0,0
2010-02-25,0.81,0.82,0.81,0.82,0,0
2010-02-26,0.82,0.82,0.82,0.82,0,0
2010-03-01,0.82,0.82,0.82,0.82,0,0
2010-03-02,0.82,0.82,0.82,0.82,0,0
2010-03-03,0.82,0.82,0.82,0.82,0,0
2010-03-04,0.82,0.82,0.82,0.82,0,0
2010-03-05,0.82,0.82,0.82,0.82,0,0
2010-03-08,0.82,0.82,0.82,0.82,0,0
2010-03-09,0.82,0.82,0.8,0.8,0,0
2010-03-10,0.8,0.8,0.78,0.78,0,0
2010-03-11,0.78,0.78,0.77,0.77,0,0
2010-03-12,0.77,0.77,0.77,0.77,0,0
2010-03-15,0.77,0.77,0.77,0.77,0,0
2010-03-16,0.77,0.77,0.77,0.77,0,0
2010-03-17,0.77,0.77,0.76,0.76,0,0
2010-03-18,0.76,0.76,0.76,0.76,0,0
2010-03-19,0.76,0.76,0.76,0.76,0,0
2010-03-22,0.76,0.76,0.75,0.75,0,0
2010-03-23,0.75,0.75,0.74,0.74,0,0
2010-03-24,0.74,0.74,0.74,0.74,0,0
2010-03-25,0.74,0.74,0.74,0.74,0,0
2010-03-26,0.74,0.74,0.73,0.73,0,0
2010-03-29,0.73,0.73,0.73,0.73,0,0
2010-03-30,0.73,0.73,0.73,0.73,0,0
2010-03-31,0.73,0.74,0.73,0.74,0,0
2010-04-01,0.74,0.74,0.73,0.73,0,0
2010-04-06,0.73,0.73,0.73,0.73,0,0
2010-04-07,0.73,0.74,0.73,0.74,0,0
2010-04-08,0.74,0.74,0.74,0.74,0,0
2010-04-09,0.74,0.74,0.74,0.74,0,0
2010-04-12,0.74,0.74,0.74,0.74,0,0
2010-04-13,0.74,0.74,0.74,0.74,0,0
2010-04-14,0.74,0.74,0.74,0.74,0,0
2010-04-15,0.74,0.74,0.73,0.73,0,0
2010-04-16,0.73,0.74,0.73,0.74,0,0
2010-04-19,0.74,0.76,0.74,0.76,0,0
2010-04-20,0.76,0.76,0.75,0.75,0,0
2010-04-21,0.75,0.76,0.75,0.76,0,0
2010-04-22,0.76,0.76,0.76,0.76,0,0
2010-04-23,0.76,0.76,0.75,0.75,0,0
2010-04-26,0.75,0.75,0.75,0.75,0,0
2010-04-27,0.75,0.75,0.75,0.75,0,0
2010-04-28,0.75,0.77,0.75,0.77,0,0
2010-04-29,0.77,0.78,0.77,0.78,0,0
2010-04-30,0.78,0.78,0.77,0.77,0,0
2010-05-04,0.77,0.77,0.77,0.77,0,0
2010-05-05,0.77,0.78,0.77,0.78,0,0
2010-05-06,0.78,0.79,0.78,0.79,0,0
2010-05-07,0.79,0.81,0.79,0.81,0,0
2010-05-10,0.81,0.81,0.77,0.77,0,0
2010-05-11,0.77,0.78,0.77,0.78,0,0
2010-05-12,0.78,0.78,0.77,0.77,0,0
2010-05-13,0.77,0.77,0.77,0.77,0,0
2010-05-14,0.77,0.77,0.77,0.77,0,0
2010-05-17,0.47,0.47,0.47,0.47,0,0
2010-05-18,0.47,0.47,0.47,0.47,0,0
2010-05-19,0.47,0.48,0.47,0.48,0,0
2010-05-20,0.48,0.49,0.48,0.49,0,0
2010-05-21,0.49,0.49,0.49,0.49,0,0
2010-05-24,0.49,0.49,0.48,0.48,0,0
2010-05-25,0.48,0.48,0.48,0.48,0,0
2010-05-26,0.48,0.48,0.47,0.47,0,0
2010-05-27,0.47,0.47,0.47,0.47,0,0
2010-05-28,0.47,0.47,0.47,0.47,0,0
2010-05-31,0.47,0.47,0.47,0.47,0,0
2010-06-01,0.47,0.47,0.46,0.46,0,0
2010-06-02,0.46,0.47,0.46,0.47,0,0
2010-06-04,0.47,0.48,0.47,0.48,0,0
2010-06-07,0.48,0.52,0.48,0.52,0,0
2010-06-08,0.52,0.52,0.52,0.52,0,0
2010-06-09,0.52,0.52,0.52,0.52,0,0
2010-06-10,0.52,0.52,0.52,0.52,0,0
2010-06-11,0.52,0.52,0.43,0.43,0,0
2010-06-14,0.43,0.48,0.43,0.48,0,0
2010-06-15,0.48,0.48,0.45,0.45,0,0
2010-06-16,0.45,0.45,0.45,0.45,0,0
2010-06-17,0.45,0.49,0.45,0.49,0,0
2010-06-18,0.49,0.5,0.49,0.5,0,0
2010-06-21,0.5,0.5,0.49,0.49,0,0
2010-06-22,0.55,0.55,0.54,0.54,0,0
2010-06-23,0.54,0.55,0.54,0.55,0,0
2010-06-24,0.55,0.55,0.55,0.55,0,0
2010-06-25,0.55,0.55,0.55,0.55,0,0
2010-06-28,0.55,0.55,0.55,0.55,0,0
2010-06-29,0.55,0.56,0.55,0.56,0,0
2010-06-30,0.56,0.56,0.55,0.55,0,0
2010-07-01,0.55,0.55,0.55,0.55,0,0
2010-07-02,0.55,0.55,0.55,0.55,0,0
2010-07-05,0.55,0.68,0.55,0.68,0,0
2010-07-06,0.68,0.68,0.67,0.67,0,0
2010-07-07,0.67,0.68,0.67,0.68,0,0
2010-07-08,0.68,0.68,0.67,0.67,0,0
2010-07-09,0.67,0.67,0.67,0.67,0,0
2010-07-12,0.67,0.67,0.67,0.67,0,0
2010-07-13,0.67,0.67,0.67,0.67,0,0
2010-07-14,0.67,0.75,0.67,0.75,0,0
2010-07-15,0.75,0.81,0.75,0.81,0,0
2010-07-16,0.81,0.81,0.81,0.81,0,0
2010-07-19,0.81,0.82,0.81,0.82,0,0
2010-07-20,0.82,0.82,0.82,0.82,0,0
2010-07-21,0.82,0.82,0.81,0.81,0,0
2010-07-22,0.81,0.81,0.8,0.8,0,0
2010-07-23,0.8,0.81,0.8,0.81,0,0
2010-07-26,0.81,0.87,0.81,0.87,0,0
2010-07-27,0.87,0.87,0.87,0.87,0,0
2010-07-28,0.87,0.87,0.87,0.87,0,0
2010-07-29,0.87,0.87,0.86,0.86,0,0
2010-07-30,0.86,0.86,0.86,0.86,0,0
2010-08-02,0.86,0.86,0.86,0.86,0,0
2010-08-03,0.86,0.86,0.85,0.85,0,0
2010-08-04,0.85,0.85,0.85,0.85,0,0
2010-08-05,0.85,0.85,0.85,0.85,0,0
2010-08-06,0.85,0.85,0.85,0.85,0,0
2010-08-09,0.85,0.86,0.85,0.86,0,0
2010-08-10,0.86,0.86,0.85,0.85,0,0
2010-08-11,0.85,0.86,0.85,0.86,0,0
2010-08-12,0.86,0.86,0.86,0.86,0,0
2010-08-13,0.86,0.87,0.86,0.87,0,0
2010-08-16,0.87,0.87,0.87,0.87,0,0
2010-08-17,0.87,0.87,0.87,0.87,0,0
2010-08-18,0.87,0.87,0.86,0.86,0,0
2010-08-19,0.86,0.86,0.86,0.86,0,0
2010-08-20,0.86,0.86,0.86,0.86,0,0
2010-08-23,0.86,0.86,0.86,0.86,0,0
2010-08-24,0.86,0.87,0.86,0.87,0,0
2010-08-25,0.87,0.89,0.87,0.89,0,0
2010-08-26,0.89,0.89,0.89,0.89,0,0
2010-08-27,0.89,0.89,0.88,0.88,0,0
2010-08-30,0.88,0.88,0.88,0.88,0,0
2010-08-31,0.88,0.88,0.87,0.87,0,0
2010-09-01,0.87,0.87,0.87,0.87,0,0
2010-09-02,0.87,0.87,0.86,0.86,0,0
2010-09-03,0.86,0.86,0.86,0.86,0,0
2010-09-06,0.86,0.86,0.86,0.86,0,0
2010-09-07,0.86,0.86,0.86,0.86,0,0
2010-09-08,0.86,0.86,0.86,0.86,0,0
2010-09-09,0.86,0.86,0.85,0.85,0,0
2010-09-10,0.85,0.85,0.85,0.85,0,0
2010-09-13,0.85,0.85,0.85,0.85,0,0
2010-09-14,0.85,0.85,0.85,0.85,0,0
2010-09-15,0.85,0.91,0.85,0.91,0,0
2010-09-16,0.91,0.91,0.91,0.91,0,0
2010-09-17,0.91,0.92,0.91,0.92,0,0
2010-09-20,0.92,0.92,0.91,0.91,0,0
2010-09-21,0.91,0.91,0.9,0.9,0,0
2010-09-22,0.9,0.94,0.9,0.94,0,0
2010-09-23,0.94,0.94,0.94,0.94,0,0
2010-09-24,0.94,0.94,0.93,0.93,0,0
2010-09-27,0.93,0.93,0.93,0.93,0,0
2010-09-28,0.93,0.93,0.92,0.92,0,0
2010-09-29,0.92,0.92,0.92,0.92,0,0
2010-09-30,0.92,0.92,0.92,0.92,0,0
2010-10-01,0.92,0.92,0.92,0.92,0,0
2010-10-04,0.92,0.92,0.91,0.91,0,0
2010-10-05,0.91,0.92,0.91,0.92,0,0
2010-10-06,0.92,0.92,0.92,0.92,0,0
2010-10-07,0.94,0.94,0.94,0.94,0,0
2010-10-08,0.92,0.92,0.92,0.92,0,0
2010-10-11,0.92,0.92,0.92,0.92,0,0
2010-10-12,0.92,0.92,0.92,0.92,0,0
2010-10-13,0.92,0.92,0.91,0.91,0,0
2010-10-14,0.91,0.92,0.91,0.92,0,0
2010-10-15,0.92,0.92,0.91,0.91,0,0
2010-10-18,0.91,0.92,0.91,0.92,0,0
2010-10-19,0.92,0.93,0.92,0.93,0,0
2010-10-20,0.93,0.93,0.93,0.93,0,0
2010-10-21,0.93,0.93,0.93,0.93,0,0
2010-10-22,0.93,0.93,0.91,0.91,0,0
2010-10-25,0.91,0.91,0.91,0.91,0,0
2010-10-26,0.91,0.91,0.91,0.91,0,0
2010-10-27,0.91,0.91,0.89,0.89,0,0
2010-10-28,0.89,0.89,0.89,0.89,0,0
2010-10-29,0.89,0.89,0.89,0.89,0,0
2010-11-02,0.89,0.89,0.89,0.89,0,0
2010-11-03,0.89,0.89,0.89,0.89,0,0
2010-11-04,0.89,0.89,0.89,0.89,0,0
2010-11-05,0.89,0.89,0.89,0.89,0,0
2010-11-08,0.89,0.89,0.89,0.89,0,0
2010-11-09,0.89,0.89,0.88,0.88,0,0
2010-11-10,0.88,0.88,0.88,0.88,0,0
2010-11-12,0.88,0.88,0.88,0.88,0,0
2010-11-15,0.88,0.89,0.88,0.89,0,0
2010-11-16,0.89,0.89,0.89,0.89,0,0
2010-11-17,0.89,0.91,0.89,0.91,0,0
2010-11-18,0.91,0.91,0.9,0.9,0,0
2010-11-19,0.9,0.91,0.9,0.91,0,0
2010-11-22,0.91,0.91,0.91,0.91,0,0
2010-11-23,0.91,0.92,0.91,0.92,0,0
2010-11-24,0.92,0.93,0.92,0.93,0,0
2010-11-25,0.93,0.93,0.92,0.92,0,0
2010-11-26,0.92,0.93,0.92,0.93,0,0
2010-11-29,0.93,0.93,0.93,0.93,0,0
2010-11-30,0.93,0.93,0.93,0.93,0,0
2010-12-01,0.93,0.95,0.93,0.95,0,0
2010-12-02,0.95,0.95,0.93,0.93,0,0
2010-12-03,0.93,0.93,0.93,0.93,0,0
2010-12-06,0.93,0.93,0.93,0.93,0,0
2010-12-07,0.93,0.93,0.93,0.93,0,0
2010-12-08,0.93,0.93,0.93,0.93,0,0
2010-12-09,0.93,0.93,0.93,0.93,0,0
2010-12-10,0.93,0.93,0.93,0.93,0,0
2010-12-13,0.93,0.93,0.93,0.93,0,0
2010-12-14,0.93,0.93,0.93,0.93,0,0
2010-12-15,0.93,0.93,0.92,0.92,0,0
2010-12-16,0.92,0.92,0.92,0.92,0,0
2010-12-17,0.92,0.92,0.92,0.92,0,0
2010-12-20,0.92,0.93,0.92,0.93,0,0
2010-12-21,0.93,0.93,0.93,0.93,0,0
2010-12-22,0.93,0.93,0.93,0.93,0,0
2010-12-23,0.93,0.93,0.92,0.92,0,0
2010-12-27,0.92,0.93,0.92,0.93,0,0
2010-12-28,0.93,0.94,0.93,0.94,0,0
2010-12-29,0.94,0.94,0.93,0.93,0,0
2010-12-30,0.93,0.93,0.93,0.93,0,0
2010-12-31,0.93,0.94,0.93,0.94,0,0
2011-01-03,0.94,0.94,0.94,0.94,0,0
2011-01-04,0.94,0.94,0.93,0.93,0,0
2011-01-05,0.93,0.94,0.93,0.94,0,0
2011-01-07,0.94,0.94,0.94,0.94,0,0
2011-01-10,0.94,0.95,0.94,0.95,0,0
2011-01-11,0.95,0.95,0.94,0.94,0,0
2011-01-12,0.94,0.94,0.93,0.93,0,0
2011-01-13,0.93,0.93,0.93,0.93,0,0
2011-01-14,0.93,0.94,0.93,0.94,0,0
2011-01-17,0.94,0.95,0.94,0.95,0,0
2011-01-18,0.95,0.95,0.95,0.95,0,0
2011-01-19,0.95,0.95,0.95,0.95,0,0
2011-01-20,0.95,0.95,0.95,0.95,0,0
2011-01-21,0.95,0.95,0.95,0.95,0,0
2011-01-24,0.95,0.96,0.95,0.96,0,0
2011-01-25,0.96,0.96,0.96,0.96,0,0
2011-01-26,0.96,0.96,0.96,0.96,0,0
2011-01-27,0.96,0.96,0.96,0.96,0,0
2011-01-28,0.97,0.97,0.97,0.97,0,0
2011-01-31,0.97,0.97,0.97,0.97,0,0
2011-02-01,0.97,0.97,0.96,0.96,0,0
2011-02-02,0.96,0.97,0.96,0.97,0,0
2011-02-03,0.97,0.97,0.97,0.97,0,0
2011-02-04,0.97,0.97,0.97,0.97,0,0
2011-02-07,0.97,0.97,0.97,0.97,0,0
2011-02-08,0.97,0.97,0.97,0.97,0,0
2011-02-09,0.97,0.98,0.97,0.98,0,0
2011-02-10,0.98,0.99,0.98,0.99,0,0
2011-02-11,0.99,0.99,0.99,0.99,0,0
2011-02-14,0.99,0.99,0.99,0.99,0,0
2011-02-15,0.99,0.99,0.99,0.99,0,0
2011-02-16,0.99,0.99,0.99,0.99,0,0
2011-02-17,0.99,0.99,0.99,0.99,0,0
2011-02-18,0.99,1,0.99,1,0,0
2011-02-21,1,1,0.99,0.99,0,0
2011-02-22,0.99,1,0.99,1,0,0
2011-02-23,1,1,1,1,0,0
2011-02-24,1,1,0.99,0.99,0,0
2011-02-25,0.99,0.99,0.99,0.99,0,0
2011-02-28,0.99,0.99,0.98,0.98,0,0
2011-03-01,0.98,0.99,0.98,0.99,0,0
2011-03-02,0.99,0.99,0.98,0.98,0,0
2011-03-03,0.98,0.98,0.98,0.98,0,0
2011-03-04,0.98,0.98,0.98,0.98,0,0
2011-03-07,0.98,0.99,0.98,0.99,0,0
2011-03-08,0.99,0.99,0.99,0.99,0,0
2011-03-09,0.99,0.99,0.99,0.99,0,0
2011-03-10,0.99,1,0.99,1,0,0
2011-03-11,1,1,1,1,0,0
2011-03-14,1,1,1,1,0,0
2011-03-15,1,1.01,1,1.01,0,0
2011-03-16,1.01,1.01,1,1,0,0
2011-03-17,1,1.01,1,1.01,0,0
2011-03-18,1.01,1.01,1.01,1.01,0,0
2011-03-21,1.12,1.12,1.12,1.12,0,0
2011-03-22,1.17,1.17,1.17,1.17,0,0
2011-03-23,1.17,1.17,1.17,1.17,0,0
2011-03-24,1.17,1.17,1.17,1.17,0,0
2011-03-25,1.17,1.17,1.16,1.16,0,0
2011-03-28,1.16,1.16,1.15,1.15,0,0
2011-03-29,1.15,1.15,1.15,1.15,0,0
2011-03-30,1.15,1.15,1.15,1.15,0,0
2011-03-31,1.15,1.15,1.15,1.15,0,0
2011-04-01,1.15,1.15,1.14,1.14,0,0
2011-04-04,1.14,1.14,1.14,1.14,0,0
2011-04-05,1.14,1.14,1.14,1.14,0,0
2011-04-06,1.05,1.05,1.04,1.04,0,0
2011-04-07,1.04,1.04,1.03,1.03,0,0
2011-04-08,1.03,1.04,1.03,1.04,0,0
2011-04-11,1.04,1.04,1.04,1.04,0,0
2011-04-12,1.04,1.04,1.04,1.04,0,0
2011-04-13,1.04,1.04,1.03,1.03,0,0
2011-04-14,1.03,1.03,1.03,1.03,0,0
2011-04-15,1.03,1.03,1.02,1.02,0,0
2011-04-18,1.02,1.04,1.02,1.04,0,0
2011-04-19,1.04,1.04,1.02,1.02,0,0
2011-04-20,1.02,1.02,1.02,1.02,0,0
2011-04-21,1.02,1.02,1.02,1.02,0,0
2011-04-26,1.02,1.02,1.02,1.02,0,0
2011-04-27,1.02,1.02,1.01,1.01,0,0
2011-04-28,1.01,1.01,1.01,1.01,0,0
2011-04-29,1.01,1.01,1,1,0,0
2011-05-02,1,1,1,1,0,0
2011-05-04,1,1.01,1,1.01,0,0
2011-05-05,1.01,1.01,1.01,1.01,0,0
2011-05-06,1.01,1.01,1.01,1.01,0,0
2011-05-09,1.01,1.01,1.01,1.01,0,0
2011-05-10,1.01,1.02,1.01,1.02,0,0
2011-05-11,1.02,1.02,1.02,1.02,0,0
2011-05-12,1.02,1.02,1.02,1.02,0,0
2011-05-13,1.02,1.03,1.02,1.03,0,0
2011-05-16,1.03,1.07,1.03,1.07,0,0
2011-05-17,1.07,1.08,1.07,1.08,0,0
2011-05-18,1.08,1.09,1.08,1.09,0,0
2011-05-19,1.09,1.09,1.08,1.08,0,0
2011-05-20,1.08,1.08,1.01,1.01,0,0
2011-05-23,1.01,1.03,1.01,1.03,0,0
2011-05-24,1.03,1.03,1.02,1.02,0,0
2011-05-25,1.02,1.03,1.02,1.03,0,0
2011-05-26,1.03,1.03,1.01,1.01,0,0
2011-05-27,1.01,1.01,1,1,0,0
2011-05-30,1,1,1,1,0,0
2011-05-31,1,1,1,1,0,0
2011-06-01,1,1,1,1,0,0
2011-06-02,1,1.01,1,1.01,0,0
2011-06-03,1.01,1.02,1.01,1.02,0,0
2011-06-06,1.02,1.08,1.02,1.08,0,0
2011-06-07,1.08,1.09,1.08,1.09,0,0
2011-06-08,1.09,1.1,1.09,1.1,0,0
2011-06-09,1.1,1.1,1.1,1.1,0,0
2011-06-10,1.1,1.1,1.1,1.1,0,0
2011-06-13,1.1,1.1,1.1,1.1,0,0
2011-06-14,1.1,1.1,1.1,1.1,0,0
2011-06-15,1.1,1.11,1.1,1.11,0,0
2011-06-16,1.11,1.11,1.11,1.11,0,0
2011-06-17,1.11,1.11,1.1,1.1,0,0
2011-06-20,1.1,1.12,1.1,1.12,0,0
2011-06-21,0.89,0.91,0.89,0.91,0,0
2011-06-22,0.91,0.94,0.91,0.94,0,0
2011-06-24,0.94,0.94,0.94,0.94,0,0
2011-06-27,0.94,0.95,0.94,0.95,0,0
2011-06-28,0.95,0.95,0.95,0.95,0,0
2011-06-29,0.95,1.03,0.95,1.03,0,0
2011-06-30,1.03,1.06,1.03,1.06,0,0
2011-07-01,1.06,1.07,1.06,1.07,0,0
2011-07-04,1.07,1.07,1.07,1.07,0,0
2011-07-05,1.07,1.07,1.05,1.05,0,0
2011-07-06,1.05,1.06,1.05,1.06,0,0
2011-07-07,1.06,1.06,1.04,1.04,0,0
2011-07-08,1.04,1.06,1.04,1.06,0,0
2011-07-11,1.06,1.08,1.06,1.08,0,0
2011-07-12,1.08,1.14,1.08,1.14,0,0
2011-07-13,1.14,1.14,1.13,1.13,0,0
2011-07-14,1.13,1.14,1.13,1.14,0,0
2011-07-15,1.14,1.14,1.14,1.14,0,0
2011-07-18,1.14,1.21,1.14,1.21,0,0
2011-07-19,1.21,1.25,1.21,1.25,0,0
2011-07-20,1.25,1.25,1.22,1.22,0,0
2011-07-21,1.22,1.22,1.22,1.22,0,0
2011-07-22,1.22,1.22,1.21,1.21,0,0
2011-07-25,1.21,1.22,1.21,1.22,0,0
2011-07-26,1.22,1.22,1.22,1.22,0,0
2011-07-27,1.22,1.23,1.22,1.23,0,0
2011-07-28,1.23,1.23,1.23,1.23,0,0
2011-07-29,1.23,1.23,1.22,1.22,0,0
2011-08-01,1.22,1.23,1.22,1.23,0,0
2011-08-02,1.23,1.23,1.23,1.23,0,0
2011-08-03,1.23,1.29,1.23,1.29,0,0
2011-08-04,1.29,1.36,1.29,1.36,0,0
2011-08-05,1.36,1.39,1.36,1.39,0,0
2011-08-08,1.39,1.44,1.39,1.44,0,0
2011-08-09,1.44,1.54,1.44,1.54,0,0
2011-08-10,1.54,1.55,1.54,1.55,0,0
2011-08-11,1.55,1.55,1.52,1.52,0,0
2011-08-12,1.52,1.52,1.47,1.47,0,0
2011-08-16,1.47,1.47,1.43,1.43,0,0
2011-08-17,1.43,1.43,1.41,1.41,0,0
2011-08-18,1.41,1.52,1.41,1.52,0,0
2011-08-19,1.52,1.52,1.52,1.52,0,0
2011-08-22,1.52,1.52,1.5,1.5,0,0
2011-08-23,1.5,1.5,1.48,1.48,0,0
2011-08-24,1.48,1.49,1.48,1.49,0,0
2011-08-25,1.49,1.54,1.49,1.54,0,0
2011-08-26,1.54,1.54,1.52,1.52,0,0
2011-08-29,1.52,1.52,1.48,1.48,0,0
2011-08-30,1.48,1.48,1.47,1.47,0,0
2011-08-31,1.47,1.47,1.44,1.44,0,0
2011-09-01,1.44,1.46,1.44,1.46,0,0
2011-09-02,1.46,1.52,1.46,1.52,0,0
2011-09-05,1.52,1.58,1.52,1.58,0,0
2011-09-06,1.58,1.59,1.58,1.59,0,0
2011-09-07,1.59,1.59,1.55,1.55,0,0
2011-09-08,1.55,1.59,1.55,1.59,0,0
2011-09-09,1.59,1.65,1.59,1.65,0,0
2011-09-12,1.65,1.73,1.65,1.73,0,0
2011-09-13,1.73,1.73,1.72,1.72,0,0
2011-09-14,1.72,1.72,1.72,1.72,0,0
2011-09-15,1.72,1.72,1.69,1.69,0,0
2011-09-16,1.69,1.7,1.69,1.7,0,0
2011-09-19,1.7,1.7,1.69,1.69,0,0
2011-09-20,1.72,1.72,1.69,1.69,0,0
2011-09-21,1.69,1.69,1.68,1.68,0,0
2011-09-22,1.68,1.74,1.68,1.74,0,0
2011-09-23,1.74,1.75,1.74,1.75,0,0
2011-09-26,1.75,1.75,1.75,1.75,0,0
2011-09-27,1.75,1.75,1.72,1.72,0,0
2011-09-28,1.72,1.72,1.71,1.71,0,0
2011-09-29,1.71,1.71,1.68,1.68,0,0
2011-09-30,1.68,1.68,1.68,1.68,0,0
2011-10-03,1.68,1.7,1.68,1.7,0,0
2011-10-04,1.7,1.71,1.7,1.71,0,0
2011-10-05,1.71,1.71,1.69,1.69,0,0
2011-10-06,1.69,1.69,1.69,1.69,0,0
2011-10-07,1.69,1.69,1.69,1.69,0,0
2011-10-10,1.69,1.69,1.67,1.67,0,0
2011-10-11,1.67,1.67,1.64,1.64,0,0
2011-10-12,1.64,1.64,1.61,1.61,0,0
2011-10-13,1.61,1.62,1.61,1.62,0,0
2011-10-14,1.62,1.62,1.61,1.61,0,0
2011-10-17,1.61,1.62,1.61,1.62,0,0
2011-10-18,1.62,1.62,1.62,1.62,0,0
2011-10-19,1.62,1.62,1.58,1.58,0,0
2011-10-20,1.58,1.64,1.58,1.64,0,0
2011-10-21,1.64,1.64,1.62,1.62,0,0
2011-10-24,1.62,1.62,1.59,1.59,0,0
2011-10-25,1.59,1.59,1.59,1.59,0,0
2011-10-26,1.59,1.59,1.58,1.58,0,0
2011-10-27,1.58,1.58,1.55,1.55,0,0
2011-10-28,1.55,1.55,1.54,1.54,0,0
2011-10-31,1.54,1.55,1.54,1.55,0,0
2011-11-02,1.55,1.58,1.55,1.58,0,0
2011-11-03,1.58,1.58,1.57,1.57,0,0
2011-11-04,1.57,1.57,1.57,1.57,0,0
2011-11-07,1.57,1.58,1.57,1.58,0,0
2011-11-08,1.58,1.58,1.58,1.58,0,0
2011-11-09,1.58,1.59,1.58,1.59,0,0
2011-11-10,1.59,1.61,1.59,1.61,0,0
2011-11-14,1.61,1.61,1.6,1.6,0,0
2011-11-15,1.6,1.6,1.6,1.6,0,0
2011-11-16,1.6,1.61,1.6,1.61,0,0
2011-11-17,1.61,1.62,1.61,1.62,0,0
2011-11-18,1.62,1.63,1.62,1.63,0,0
2011-11-21,1.63,1.68,1.63,1.68,0,0
2011-11-22,1.68,1.69,1.68,1.69,0,0
2011-11-23,1.69,1.71,1.69,1.71,0,0
2011-11-24,1.71,1.73,1.71,1.73,0,0
2011-11-25,1.77,1.77,1.77,1.77,0,0
2011-11-28,1.73,1.73,1.7,1.7,0,0
2011-11-29,1.7,1.71,1.7,1.71,0,0
2011-11-30,1.71,1.71,1.69,1.69,0,0
2011-12-01,1.69,1.69,1.69,1.69,0,0
2011-12-02,1.69,1.69,1.69,1.69,0,0
2011-12-05,1.69,1.69,1.68,1.68,0,0
2011-12-06,1.68,1.7,1.68,1.7,0,0
2011-12-07,1.7,1.7,1.69,1.69,0,0
2011-12-08,1.69,1.7,1.69,1.7,0,0
2011-12-09,1.7,1.7,1.7,1.7,0,0
2011-12-12,1.7,1.73,1.7,1.73,0,0
2011-12-13,1.73,1.73,1.73,1.73,0,0
2011-12-14,1.73,1.74,1.73,1.74,0,0
2011-12-15,1.74,1.76,1.74,1.76,0,0
2011-12-16,1.76,1.78,1.76,1.78,0,0
2011-12-19,1.78,1.81,1.78,1.81,0,0
2011-12-20,1.64,1.64,1.63,1.63,0,0
2011-12-21,1.63,1.63,1.59,1.59,0,0
2011-12-22,1.59,1.6,1.59,1.6,0,0
2011-12-23,1.6,1.6,1.59,1.59,0,0
2011-12-27,1.59,1.59,1.59,1.59,0,0
2011-12-28,1.59,1.59,1.58,1.58,0,0
2011-12-29,1.58,1.58,1.55,1.55,0,0
2011-12-30,1.55,1.55,1.54,1.54,0,0
2012-01-02,1.54,1.54,1.54,1.54,0,0
2012-01-03,1.54,1.54,1.53,1.53,0,0
2012-01-04,1.53,1.54,1.53,1.54,0,0
2012-01-05,1.54,1.55,1.54,1.55,0,0
2012-01-09,1.55,1.56,1.55,1.56,0,0
2012-01-10,1.56,1.56,1.54,1.54,0,0
2012-01-11,1.54,1.54,1.54,1.54,0,0
2012-01-12,1.54,1.54,1.53,1.53,0,0
2012-01-13,1.53,1.53,1.53,1.53,0,0
2012-01-16,1.53,1.53,1.53,1.53,0,0
2012-01-17,1.53,1.53,1.52,1.52,0,0
2012-01-18,1.52,1.52,1.52,1.52,0,0
2012-01-19,1.52,1.52,1.51,1.51,0,0
2012-01-20,1.51,1.51,1.5,1.5,0,0
2012-01-23,1.5,1.5,1.48,1.48,0,0
2012-01-24,1.48,1.49,1.48,1.49,0,0
2012-01-25,1.49,1.49,1.47,1.47,0,0
2012-01-26,1.47,1.47,1.45,1.45,0,0
2012-01-27,1.45,1.45,1.43,1.43,0,0
2012-01-30,1.43,1.44,1.43,1.44,0,0
2012-01-31,1.44,1.49,1.44,1.49,0,0
2012-02-01,1.49,1.49,1.47,1.47,0,0
2012-02-02,1.47,1.47,1.46,1.46,0,0
2012-02-03,1.46,1.46,1.46,1.46,0,0
2012-02-06,1.46,1.46,1.45,1.45,0,0
2012-02-07,1.45,1.45,1.45,1.45,0,0
2012-02-08,1.45,1.45,1.45,1.45,0,0
2012-02-09,1.45,1.46,1.45,1.46,0,0
2012-02-10,1.46,1.46,1.46,1.46,0,0
2012-02-13,1.49,1.49,1.49,1.49,0,0
2012-02-14,1.49,1.49,1.48,1.48,0,0
2012-02-15,1.45,1.45,1.44,1.44,0,0
2012-02-16,1.44,1.45,1.44,1.45,0,0
2012-02-17,1.45,1.45,1.43,1.43,0,0
2012-02-20,1.43,1.43,1.43,1.43,0,0
2012-02-21,1.43,1.44,1.43,1.44,0,0
2012-02-22,1.44,1.45,1.44,1.45,0,0
2012-02-23,1.45,1.45,1.45,1.45,0,0
2012-02-24,1.45,1.45,1.43,1.43,0,0
2012-02-27,1.43,1.44,1.43,1.44,0,0
2012-02-28,1.44,1.44,1.43,1.43,0,0
2012-02-29,1.43,1.43,1.42,1.42,0,0
2012-03-01,1.42,1.43,1.42,1.43,0,0
2012-03-02,1.43,1.44,1.43,1.44,0,0
2012-03-05,1.44,1.44,1.44,1.44,0,0
2012-03-06,1.44,1.47,1.44,1.47,0,0
2012-03-07,1.47,1.47,1.45,1.45,0,0
2012-03-08,1.45,1.45,1.43,1.43,0,0
2012-03-09,1.43,1.43,1.42,1.42,0,0
2012-03-12,1.42,1.43,1.42,1.43,0,0
2012-03-13,1.43,1.43,1.42,1.42,0,0
2012-03-14,1.42,1.42,1.4,1.4,0,0
2012-03-15,1.4,1.4,1.39,1.39,0,0
2012-03-16,1.39,1.39,1.39,1.39,0,0
2012-03-19,1.39,1.41,1.39,1.41,0,0
2012-03-20,1.45,1.45,1.45,1.45,0,0
2012-03-21,1.45,1.46,1.45,1.46,0,0
2012-03-22,1.46,1.5,1.46,1.5,0,0
2012-03-23,1.5,1.5,1.49,1.49,0,0
2012-03-26,1.49,1.49,1.48,1.48,0,0
2012-03-27,1.48,1.48,1.45,1.45,0,0
2012-03-28,1.45,1.45,1.45,1.45,0,0
2012-03-29,1.45,1.48,1.45,1.48,0,0
2012-03-30,1.48,1.48,1.47,1.47,0,0
2012-04-02,1.47,1.47,1.45,1.45,0,0
2012-04-03,1.45,1.46,1.45,1.46,0,0
2012-04-04,1.46,1.49,1.46,1.49,0,0
2012-04-05,1.49,1.49,1.49,1.49,0,0
2012-04-10,1.49,1.52,1.49,1.52,0,0
2012-04-11,1.52,1.52,1.51,1.51,0,0
2012-04-12,1.51,1.51,1.51,1.51,0,0
2012-04-13,1.51,1.51,1.51,1.51,0,0
2012-04-16,1.51,1.52,1.51,1.52,0,0
2012-04-17,1.52,1.52,1.52,1.52,0,0
2012-04-18,1.52,1.53,1.52,1.53,0,0
2012-04-19,1.53,1.56,1.53,1.56,0,0
2012-04-20,1.56,1.56,1.54,1.54,0,0
2012-04-23,1.54,1.57,1.54,1.57,0,0
2012-04-24,1.57,1.57,1.54,1.54,0,0
2012-04-25,1.54,1.54,1.54,1.54,0,0
2012-04-26,1.54,1.54,1.53,1.53,0,0
2012-04-27,1.53,1.53,1.52,1.52,0,0
2012-04-30,1.52,1.52,1.49,1.49,0,0
2012-05-02,1.49,1.49,1.48,1.48,0,0
2012-05-04,1.48,1.48,1.48,1.48,0,0
2012-05-07,1.48,1.49,1.48,1.49,0,0
2012-05-08,1.49,1.49,1.48,1.48,0,0
2012-05-09,1.48,1.48,1.48,1.48,0,0
2012-05-10,1.48,1.48,1.48,1.48,0,0
2012-05-11,1.48,1.55,1.48,1.55,0,0
2012-05-14,1.55,1.59,1.55,1.59,0,0
2012-05-15,1.59,1.69,1.59,1.69,0,0
2012-05-16,1.69,1.72,1.69,1.72,0,0
2012-05-17,1.72,1.75,1.72,1.75,0,0
2012-05-18,1.75,1.75,1.73,1.73,0,0
2012-05-21,1.73,1.73,1.7,1.7,0,0
2012-05-22,1.7,1.7,1.67,1.67,0,0
2012-05-23,1.67,1.7,1.67,1.7,0,0
2012-05-24,1.7,1.71,1.7,1.71,0,0
2012-05-25,1.71,1.72,1.71,1.72,0,0
2012-05-28,1.72,1.72,1.7,1.7,0,0
2012-05-29,1.7,1.7,1.54,1.54,0,0
2012-05-30,1.54,4.14,1.54,4.14,0,0
2012-05-31,4.14,4.19,4.14,4.19,0,0
2012-06-01,4.19,4.46,4.19,4.46,0,0
2012-06-04,4.46,4.58,4.46,4.58,0,0
2012-06-05,4.58,4.79,4.58,4.79,0,0
2012-06-06,4.79,4.86,4.79,4.86,0,0
2012-06-08,4.86,4.96,4.86,4.96,0,0
2012-06-11,4.96,4.96,4.85,4.85,0,0
2012-06-12,4.85,4.85,4.78,4.78,0,0
2012-06-13,4.78,4.78,4.7,4.7,0,0
2012-06-14,4.7,4.7,4.68,4.68,0,0
2012-06-15,4.68,4.68,4.58,4.58,0,0
2012-06-18,4.58,4.58,4.39,4.39,0,0
2012-06-19,4.39,4.41,4.39,4.41,0,0
2012-06-20,3.79,3.86,3.79,3.86,0,0
2012-06-21,3.86,3.94,3.86,3.94,0,0
2012-06-22,3.94,3.94,3.88,3.88,0,0
2012-06-25,3.88,3.92,3.88,3.92,0,0
2012-06-26,3.92,3.92,3.88,3.88,0,0
2012-06-27,3.88,3.88,3.88,3.88,0,0
2012-06-28,3.88,3.9,3.88,3.9,0,0
2012-06-29,3.9,3.9,3.9,3.9,0,0
2012-07-02,3.9,3.9,3.89,3.89,0,0
2012-07-03,3.89,3.89,3.87,3.87,0,0
2012-07-04,3.87,3.87,3.87,3.87,0,0
2012-07-05,3.87,3.87,3.83,3.83,0,0
2012-07-06,3.83,3.83,3.74,3.74,0,0
2012-07-09,3.74,4,3.74,4,0,0
2012-07-10,4,4.07,4,4.07,0,0
2012-07-11,4.07,4.22,4.07,4.22,0,0
2012-07-12,4.22,4.27,4.22,4.27,0,0
2012-07-13,4.27,4.27,4.15,4.15,0,0
2012-07-16,4.15,4.44,4.15,4.44,0,0
2012-07-17,4.44,4.44,4.39,4.39,0,0
2012-07-18,4.39,4.4,4.39,4.4,0,0
2012-07-19,4.4,4.45,4.4,4.45,0,0
2012-07-20,4.45,4.52,4.45,4.52,0,0
2012-07-23,4.52,4.74,4.52,4.74,0,0
2012-07-24,4.74,4.82,4.74,4.82,0,0
2012-07-25,4.82,4.82,4.82,4.82,0,0
2012-07-26,4.82,4.82,4.75,4.75,0,0
2012-07-27,4.75,4.75,4.73,4.73,0,0
2012-07-30,4.73,4.73,4.66,4.66,0,0
2012-07-31,4.66,4.69,4.66,4.69,0,0
2012-08-01,4.69,4.72,4.69,4.72,0,0
2012-08-02,4.72,4.76,4.72,4.76,0,0
2012-08-03,4.76,4.78,4.76,4.78,0,0
2012-08-06,4.78,4.78,4.78,4.78,0,0
2012-08-07,4.78,4.78,4.72,4.72,0,0
2012-08-08,4.72,4.73,4.72,4.73,0,0
2012-08-09,4.73,4.74,4.73,4.74,0,0
2012-08-10,4.74,4.74,4.74,4.74,0,0
2012-08-13,4.74,4.77,4.74,4.77,0,0
2012-08-14,4.77,4.77,4.74,4.74,0,0
2012-08-16,4.74,4.74,4.74,4.74,0,0
2012-08-17,4.74,4.74,4.74,4.74,0,0
2012-08-20,4.74,4.78,4.74,4.78,0,0
2012-08-21,4.78,4.78,4.77,4.77,0,0
2012-08-22,4.77,4.78,4.77,4.78,0,0
2012-08-23,4.78,4.84,4.78,4.84,0,0
2012-08-24,4.84,4.95,4.84,4.95,0,0
2012-08-27,4.95,4.95,4.95,4.95,0,0
2012-08-28,4.95,5.02,4.95,5.02,0,0
2012-08-29,5.02,5.04,5.02,5.04,0,0
2012-08-30,5.04,5.04,4.95,4.95,0,0
2012-08-31,4.95,4.95,4.81,4.81,0,0
2012-09-03,4.81,4.81,4.73,4.73,0,0
2012-09-04,4.73,4.73,4.71,4.71,0,0
2012-09-05,4.71,4.71,4.64,4.64,0,0
2012-09-06,4.64,4.64,4.63,4.63,0,0
2012-09-07,4.63,4.64,4.63,4.64,0,0
2012-09-10,4.64,4.64,4.61,4.61,0,0
2012-09-11,4.61,4.65,4.61,4.65,0,0
2012-09-12,4.65,4.65,4.65,4.65,0,0
2012-09-13,4.65,4.68,4.65,4.68,0,0
2012-09-14,4.68,4.68,4.56,4.56,0,0
2012-09-17,4.56,4.56,4.46,4.46,0,0
2012-09-18,4.46,4.53,4.46,4.53,0,0
2012-09-19,4.53,4.53,4.51,4.51,0,0
2012-09-20,4.51,4.51,4.5,4.5,0,0
2012-09-21,4.5,4.5,4.47,4.47,0,0
2012-09-24,4.47,4.47,4.46,4.46,0,0
2012-09-25,4.46,4.46,4.43,4.43,0,0
2012-09-26,4.43,4.43,4.39,4.39,0,0
2012-09-27,4.39,4.39,4.32,4.32,0,0
2012-09-28,4.32,4.32,4.3,4.3,0,0
2012-10-01,4.3,4.3,4.27,4.27,0,0
2012-10-02,4.27,4.27,4.23,4.23,0,0
2012-10-03,4.23,4.27,4.23,4.27,0,0
2012-10-04,4.27,4.28,4.27,4.28,0,0
2012-10-05,4.28,4.28,4.26,4.26,0,0
2012-10-08,4.26,4.26,4.23,4.23,0,0
2012-10-09,4.23,4.23,4.23,4.23,0,0
2012-10-10,4.23,4.29,4.23,4.29,0,0
2012-10-11,4.29,4.32,4.29,4.32,0,0
2012-10-12,4.32,4.32,4.32,4.32,0,0
2012-10-15,4.32,4.32,4.27,4.27,0,0
2012-10-16,4.27,4.27,4.21,4.21,0,0
2012-10-17,4.21,4.21,4.05,4.05,0,0
2012-10-18,4.05,4.05,3.91,3.91,0,0
2012-10-19,3.91,3.91,3.85,3.85,0,0
2012-10-22,3.85,3.85,3.82,3.82,0,0
2012-10-23,3.82,3.82,3.82,3.82,0,0
2012-10-24,3.82,3.95,3.82,3.95,0,0
2012-10-25,3.95,3.95,3.94,3.94,0,0
2012-10-26,3.94,3.94,3.94,3.94,0,0
2012-10-29,3.94,3.94,3.94,3.94,0,0
2012-10-30,4.04,4.04,4.04,4.04,0,0
2012-10-31,3.94,3.94,3.89,3.89,0,0
2012-11-02,3.89,3.9,3.89,3.9,0,0
2012-11-05,3.9,3.9,3.88,3.88,0,0
2012-11-06,3.88,3.88,3.87,3.87,0,0
2012-11-07,3.87,3.89,3.87,3.89,0,0
2012-11-08,3.89,3.91,3.89,3.91,0,0
2012-11-09,3.91,3.91,3.89,3.89,0,0
2012-11-12,3.89,3.9,3.89,3.9,0,0
2012-11-13,3.9,3.94,3.9,3.94,0,0
2012-11-14,3.94,3.94,3.92,3.92,0,0
2012-11-15,3.92,3.92,3.9,3.9,0,0
2012-11-16,3.9,3.95,3.9,3.95,0,0
2012-11-19,3.95,3.99,3.95,3.99,0,0
2012-11-20,3.99,3.99,3.99,3.99,0,0
2012-11-21,3.99,3.99,3.98,3.98,0,0
2012-11-22,3.98,3.99,3.98,3.99,0,0
2012-11-23,3.99,4.03,3.99,4.03,0,0
2012-11-26,4.03,4.03,3.97,3.97,0,0
2012-11-27,3.97,3.97,3.95,3.95,0,0
2012-11-28,3.95,3.95,3.87,3.87,0,0
2012-11-29,3.87,3.89,3.87,3.89,0,0
2012-11-30,3.89,3.9,3.89,3.9,0,0
2012-12-03,3.9,3.9,3.84,3.84,0,0
2012-12-04,3.84,3.84,3.77,3.77,0,0
2012-12-05,3.77,3.77,3.7,3.7,0,0
2012-12-06,3.7,3.71,3.7,3.71,0,0
2012-12-07,3.71,3.71,3.7,3.7,0,0
2012-12-10,3.7,3.76,3.7,3.76,0,0
2012-12-11,3.76,3.76,3.73,3.73,0,0
2012-12-12,3.73,3.76,3.73,3.76,0,0
2012-12-13,3.76,3.76,3.75,3.75,0,0
2012-12-14,3.75,3.75,3.69,3.69,0,0
2012-12-17,3.69,3.69,3.69,3.69,0,0
2012-12-18,3.69,3.69,3.64,3.64,0,0
2012-12-19,3.64,3.64,3.53,3.53,0,0
2012-12-20,3.53,3.53,3.52,3.52,0,0
2012-12-21,3.52,3.52,3.51,3.51,0,0
2012-12-27,3.51,3.54,3.51,3.54,0,0
2012-12-28,3.62,3.62,3.58,3.58,0,0
2013-01-02,3.58,3.68,3.58,3.68,0,0
2013-01-03,3.71,3.74,3.71,3.74,0,0
2013-01-04,3.74,3.76,3.74,3.76,0,0
2013-01-07,3.86,3.89,3.86,3.89,0,0
2013-01-08,3.89,3.89,3.88,3.88,0,0
2013-01-09,3.78,3.78,3.78,3.78,0,0
2013-01-10,3.78,3.79,3.78,3.79,0,0
2013-01-11,3.79,3.79,3.78,3.78,0,0
2013-01-14,3.78,3.83,3.78,3.83,0,0
2013-01-15,3.83,3.84,3.83,3.84,0,0
2013-01-16,3.85,3.85,3.85,3.85,0,0
2013-01-17,3.85,3.87,3.85,3.87,0,0
2013-01-18,3.87,3.87,3.87,3.87,0,0
2013-01-21,3.87,3.87,3.84,3.84,0,0
2013-01-22,3.84,3.84,3.82,3.82,0,0
2013-01-23,3.82,3.82,3.8,3.8,0,0
2013-01-24,3.8,3.8,3.78,3.78,0,0
2013-01-25,3.78,3.78,3.75,3.75,0,0
2013-01-28,3.75,3.75,3.75,3.75,0,0
2013-01-29,3.75,3.75,3.75,3.75,0,0
2013-01-30,3.75,3.78,3.75,3.78,0,0
2013-01-31,3.775,3.775,3.775,3.775,0,0
2013-02-01,3.78,3.78,3.78,3.78,0,0
2013-02-04,3.78,3.79,3.78,3.79,0,0
2013-02-05,3.79,3.86,3.79,3.86,0,0
2013-02-06,3.86,3.93,3.86,3.93,0,0
2013-02-07,3.93,3.93,3.93,3.93,0,0
2013-02-08,3.93,3.93,3.92,3.92,0,0
2013-02-11,3.92,3.92,3.92,3.92,0,0
2013-02-12,3.92,3.92,3.86,3.86,0,0
2013-02-13,3.86,3.88,3.86,3.88,0,0
2013-02-14,3.88,3.88,3.84,3.84,0,0
2013-02-15,3.84,3.85,3.84,3.85,0,0
2013-02-18,3.85,3.85,3.85,3.85,0,0
2013-02-19,3.85,3.85,3.85,3.85,0,0
2013-02-20,3.85,3.86,3.85,3.86,0,0
2013-02-21,3.86,3.95,3.86,3.95,0,0
2013-02-22,3.95,3.96,3.95,3.96,0,0
2013-02-25,3.96,3.96,3.96,3.96,0,0
2013-02-26,3.96,4.04,3.96,4.04,0,0
2013-02-27,4.04,4.04,3.99,3.99,0,0
2013-02-28,3.99,3.99,3.95,3.95,0,0
2013-03-01,3.95,3.95,3.8,3.8,0,0
2013-03-04,3.8,3.85,3.8,3.85,0,0
2013-03-05,3.85,3.85,3.81,3.81,0,0
2013-03-06,3.81,3.81,3.81,3.81,0,0
2013-03-07,3.81,3.81,3.79,3.79,0,0
2013-03-08,3.79,3.79,3.61,3.61,0,0
2013-03-11,3.61,3.61,3.61,3.61,0,0
2013-03-12,3.61,3.63,3.61,3.63,0,0
2013-03-13,3.63,3.63,3.59,3.59,0,0
2013-03-14,3.59,3.59,3.59,3.59,0,0
2013-03-15,3.59,3.68,3.59,3.68,0,0
2013-03-18,3.68,3.68,3.67,3.67,0,0
2013-03-19,3.69,3.7,3.69,3.7,0,0
2013-03-20,3.7,3.72,3.7,3.72,0,0
2013-03-21,3.72,3.8,3.72,3.8,0,0
2013-03-22,3.8,3.85,3.8,3.85,0,0
2013-03-25,3.85,3.88,3.85,3.88,0,0
2013-03-26,3.88,3.88,3.85,3.85,0,0
2013-03-27,3.85,3.85,3.85,3.85,0,0
2013-03-28,3.85,3.85,3.85,3.85,0,0
2013-04-02,3.85,3.85,3.82,3.82,0,0
2013-04-03,3.82,3.92,3.82,3.92,0,0
2013-04-04,3.92,3.92,3.91,3.91,0,0
2013-04-05,3.91,3.92,3.91,3.92,0,0
2013-04-08,3.92,3.92,3.85,3.85,0,0
2013-04-09,3.85,3.85,3.83,3.83,0,0
2013-04-10,3.83,3.88,3.83,3.88,0,0
2013-04-11,3.88,3.88,3.87,3.87,0,0
2013-04-12,3.87,3.87,3.87,3.87,0,0
2013-04-15,3.87,3.9,3.87,3.9,0,0
2013-04-17,3.9,3.9,3.9,3.9,0,0
2013-04-18,3.9,4.13,3.9,4.13,0,0
2013-04-19,4.13,4.13,4.1,4.1,0,0
2013-04-22,4.1,4.17,4.1,4.17,0,0
2013-04-23,4.17,4.28,4.17,4.28,0,0
2013-04-24,4.28,4.44,4.28,4.44,0,0
2013-04-25,4.44,4.44,4.38,4.38,0,0
2013-04-26,4.38,4.41,4.38,4.41,0,0
2013-04-29,4.41,4.41,4.24,4.24,0,0
2013-04-30,4.24,4.24,4.24,4.24,0,0
2013-05-02,4.24,4.49,4.24,4.49,0,0
2013-05-06,4.49,4.49,4.49,4.49,0,0
2013-05-07,4.49,4.49,4.26,4.26,0,0
2013-05-08,4.26,4.26,4.24,4.24,0,0
2013-05-09,4.24,4.24,4.23,4.23,0,0
2013-05-10,4.23,4.23,4.23,4.23,0,0
2013-05-13,4.23,4.23,4.21,4.21,0,0
2013-05-14,4.21,4.21,4.17,4.17,0,0
2013-05-15,4.17,4.19,4.17,4.19,0,0
2013-05-16,4.19,4.19,4.19,4.19,0,0
2013-05-17,4.19,4.25,4.19,4.25,0,0
2013-05-20,4.25,4.25,4.17,4.17,0,0
2013-05-21,4.17,4.19,4.17,4.19,0,0
2013-05-22,4.19,4.19,4.04,4.04,0,0
2013-05-23,4.04,4.04,3.99,3.99,0,0
2013-05-24,3.99,3.99,3.95,3.95,0,0
2013-05-27,3.95,3.95,3.92,3.92,0,0
2013-05-28,3.92,3.93,3.92,3.93,0,0
2013-05-29,3.93,3.94,3.93,3.94,0,0
2013-05-31,3.94,3.94,3.92,3.92,0,0
2013-06-03,3.92,3.96,3.92,3.96,0,0
2013-06-04,3.96,3.96,3.94,3.94,0,0
2013-06-05,3.94,3.94,3.87,3.87,0,0
2013-06-06,3.87,3.87,3.87,3.87,0,0
2013-06-07,3.87,3.89,3.87,3.89,0,0
2013-06-10,3.89,3.89,3.86,3.86,0,0
2013-06-11,3.86,3.86,3.85,3.85,0,0
2013-06-12,3.85,3.85,1.65,1.65,0,0
2013-06-13,1.65,1.66,1.65,1.66,0,0
2013-06-14,1.66,1.66,1.66,1.66,0,0
2013-06-17,1.66,1.66,1.45,1.45,0,0
2013-06-18,1.45,1.45,1.44,1.44,0,0
2013-06-19,1.44,1.5,1.44,1.5,0,0
2013-06-20,1.5,1.57,1.5,1.57,0,0
2013-06-21,1.57,1.57,1.57,1.57,0,0
2013-06-24,1.57,1.6,1.57,1.6,0,0
2013-06-25,1.6,1.6,1.6,1.6,0,0
2013-06-26,1.22,1.22,1.22,1.22,0,0
2013-06-27,1.22,1.25,1.22,1.25,0,0
2013-06-28,1.245,1.245,1.23,1.23,0,0
2013-07-01,1.23,1.23,1.22,1.22,0,0
2013-07-02,1.22,1.22,1.22,1.22,0,0
2013-07-03,1.22,1.22,0.94,0.94,0,0
2013-07-04,0.96,0.96,0.96,0.96,0,0
2013-07-05,0.94,0.94,0.94,0.94,0,0
2013-07-08,0.94,0.95,0.94,0.95,0,0
2013-07-09,0.95,0.96,0.95,0.96,0,0
2013-07-10,0.96,0.96,0.95,0.95,0,0
2013-07-11,0.95,0.95,0.93,0.93,0,0
2013-07-12,0.93,0.97,0.93,0.97,0,0
2013-07-15,0.97,0.97,0.97,0.97,0,0
2013-07-16,0.97,0.97,0.96,0.96,0,0
2013-07-17,0.96,0.99,0.96,0.99,0,0
2013-07-18,0.99,0.99,0.98,0.98,0,0
2013-07-19,0.98,0.99,0.98,0.99,0,0
2013-07-22,0.99,0.99,0.98,0.98,0,0
2013-07-23,0.98,0.98,0.97,0.97,0,0
2013-07-24,0.97,0.97,0.95,0.95,0,0
2013-07-25,0.95,0.96,0.95,0.96,0,0
2013-07-26,0.96,0.97,0.96,0.97,0,0
2013-07-29,0.97,0.97,0.95,0.95,0,0
2013-07-30,0.95,0.95,0.95,0.95,0,0
2013-07-31,0.953,0.958,0.953,0.958,0,0
2013-08-01,0.96,0.96,0.95,0.95,0,0
2013-08-02,0.95,0.95,0.92,0.92,0,0
2013-08-05,0.92,0.92,0.92,0.92,0,0
2013-08-06,0.92,0.92,0.92,0.92,0,0
2013-08-07,0.92,0.92,0.91,0.91,0,0
2013-08-08,0.91,0.91,0.89,0.89,0,0
2013-08-09,0.89,0.89,0.88,0.88,0,0
2013-08-12,0.88,0.88,0.88,0.88,0,0
2013-08-13,0.88,0.88,0.87,0.87,0,0
2013-08-14,0.87,0.87,0.86,0.86,0,0
2013-08-16,0.86,0.86,0.86,0.86,0,0
2013-08-19,0.86,0.86,0.86,0.86,0,0
2013-08-20,0.86,0.88,0.86,0.88,0,0
2013-08-21,0.88,0.88,0.88,0.88,0,0
2013-08-22,0.88,0.88,0.87,0.87,0,0
2013-08-23,0.87,0.87,0.86,0.86,0,0
2013-08-26,0.86,0.87,0.86,0.87,0,0
2013-08-27,0.87,0.88,0.87,0.88,0,0
2013-08-28,0.88,0.89,0.88,0.89,0,0
2013-08-29,0.89,0.89,0.89,0.89,0,0
2013-08-30,0.893,0.9,0.893,0.9,0,0
2013-09-02,0.9,0.9,0.88,0.88,0,0
2013-09-03,0.88,0.89,0.88,0.89,0,0
2013-09-04,0.89,0.89,0.89,0.89,0,0
2013-09-05,0.89,0.93,0.89,0.93,0,0
2013-09-06,0.88,0.9,0.88,0.9,0,0
2013-09-09,0.9,0.9,0.87,0.87,0,0
2013-09-10,0.87,0.87,0.87,0.87,0,0
2013-09-11,0.87,0.87,0.85,0.85,0,0
2013-09-12,0.85,0.85,0.85,0.85,0,0
2013-09-13,0.85,0.86,0.85,0.86,0,0
2013-09-16,0.86,0.86,0.86,0.86,0,0
2013-09-17,0.86,0.86,0.86,0.86,0,0
2013-09-18,0.86,0.86,0.86,0.86,0,0
2013-09-19,0.86,0.86,0.85,0.85,0,0
2013-09-20,0.85,0.85,0.84,0.84,0,0
2013-09-23,0.84,0.84,0.84,0.84,0,0
2013-09-24,0.87,0.88,0.87,0.88,0,0
2013-09-25,0.88,0.88,0.88,0.88,0,0
2013-09-26,0.88,0.88,0.86,0.86,0,0
2013-09-27,0.86,0.86,0.85,0.85,0,0
2013-09-30,0.853,0.855,0.853,0.855,0,0
2013-10-01,0.855,0.858,0.855,0.858,0,0
2013-10-02,0.858,0.858,0.858,0.858,0,0
2013-10-03,0.86,0.86,0.86,0.86,0,0
2013-10-04,0.86,0.86,0.85,0.85,0,0
2013-10-07,0.85,0.85,0.85,0.85,0,0
2013-10-08,0.85,0.85,0.85,0.85,0,0
2013-10-09,0.85,0.85,0.84,0.84,0,0
2013-10-10,0.843,0.843,0.828,0.828,0,0
2013-10-11,0.828,0.828,0.813,0.813,0,0
2013-10-14,0.81,0.81,0.81,0.81,0,0
2013-10-15,0.81,0.81,0.8,0.8,0,0
2013-10-16,0.8,0.8,0.8,0.8,0,0
2013-10-17,0.8,0.8,0.79,0.79,0,0
2013-10-18,0.79,0.79,0.788,0.788,0,0
2013-10-21,0.79,0.79,0.78,0.78,0,0
2013-10-22,0.78,0.78,0.77,0.77,0,0
2013-10-23,0.77,0.773,0.77,0.773,0,0
2013-10-24,0.773,0.773,0.765,0.765,0,0
2013-10-25,0.765,0.765,0.765,0.765,0,0
2013-10-28,0.765,0.765,0.763,0.763,0,0
2013-10-29,0.763,0.763,0.758,0.758,0,0
2013-10-30,0.758,0.763,0.758,0.763,0,0
2013-10-31,0.763,0.775,0.763,0.775,0,0
2013-11-04,0.775,0.775,0.765,0.765,0,0
2013-11-05,0.765,0.77,0.765,0.77,0,0
2013-11-06,0.77,0.77,0.768,0.768,0,0
2013-11-07,0.768,0.768,0.765,0.765,0,0
2013-11-08,0.765,0.783,0.765,0.783,0,0
2013-11-12,0.783,0.783,0.778,0.778,0,0
2013-11-13,0.778,0.793,0.778,0.793,0,0
2013-11-14,0.793,0.793,0.788,0.788,0,0
2013-11-15,0.788,0.788,0.775,0.775,0,0
2013-11-18,0.775,0.775,0.765,0.765,0,0
2013-11-19,0.765,0.765,0.763,0.763,0,0
2013-11-20,0.763,0.763,0.76,0.76,0,0
2013-11-21,0.76,0.76,0.76,0.76,0,0
2013-11-22,0.76,0.763,0.76,0.763,0,0
2013-11-25,0.763,0.763,0.753,0.753,0,0
2013-11-26,0.753,0.765,0.753,0.765,0,0
2013-11-27,0.765,0.765,0.76,0.76,0,0
2013-11-28,0.76,0.763,0.76,0.763,0,0
2013-11-29,0.763,0.763,0.753,0.753,0,0
2013-12-02,0.753,0.76,0.753,0.76,0,0
2013-12-03,0.76,0.765,0.76,0.765,0,0
2013-12-04,0.765,0.77,0.765,0.77,0,0
2013-12-05,0.77,0.778,0.77,0.778,0,0
2013-12-06,0.778,0.778,0.778,0.778,0,0
2013-12-09,0.778,0.778,0.773,0.773,0,0
2013-12-10,0.773,0.778,0.773,0.778,0,0
2013-12-11,0.778,0.778,0.773,0.773,0,0
2013-12-12,0.773,0.788,0.773,0.788,0,0
2013-12-13,0.788,0.79,0.788,0.79,0,0
2013-12-16,0.79,0.8,0.79,0.8,0,0
2013-12-17,0.8,0.815,0.8,0.815,0,0
2013-12-18,0.815,0.818,0.815,0.818,0,0
2013-12-19,0.818,0.825,0.818,0.825,0,0
2013-12-20,0.825,0.825,0.815,0.815,0,0
2013-12-23,0.815,0.818,0.815,0.818,0,0
2013-12-27,0.853,0.853,0.85,0.85,0,0
2013-12-30,0.85,0.85,0.843,0.843,0,0
2014-01-02,0.843,0.843,0.75,0.75,0,0
2014-01-03,0.75,0.76,0.75,0.76,0,0
2014-01-07,0.76,0.773,0.76,0.773,0,0
2014-01-08,0.773,0.78,0.773,0.78,0,0
2014-01-09,0.78,0.79,0.78,0.79,0,0
2014-01-10,0.79,0.79,0.655,0.655,0,0
2014-01-13,0.655,0.783,0.655,0.783,0,0
2014-01-14,0.783,0.8,0.783,0.8,0,0
2014-01-15,0.8,0.8,0.78,0.78,0,0
2014-01-16,0.78,0.78,0.773,0.773,0,0
2014-01-17,0.773,0.78,0.773,0.78,0,0
2014-01-20,0.78,0.788,0.78,0.788,0,0
2014-01-21,0.788,0.788,0.788,0.788,0,0
2014-01-22,0.788,0.788,0.785,0.785,0,0
2014-01-23,0.785,0.788,0.785,0.788,0,0
2014-01-24,0.788,0.8,0.788,0.8,0,0
2014-01-27,0.8,0.8,0.8,0.8,0,0
2014-01-28,0.8,0.8,0.793,0.793,0,0
2014-01-29,0.793,0.795,0.793,0.795,0,0
2014-01-30,0.795,0.795,0.795,0.795,0,0
2014-01-31,0.795,0.795,0.79,0.79,0,0
2014-02-03,0.79,0.79,0.783,0.783,0,0
2014-02-04,0.783,0.783,0.783,0.783,0,0
2014-02-05,0.783,0.783,0.783,0.783,0,0
2014-02-06,0.783,0.783,0.768,0.768,0,0
2014-02-07,0.768,0.77,0.768,0.77,0,0
2014-02-10,0.77,0.773,0.77,0.773,0,0
2014-02-11,0.773,0.773,0.77,0.77,0,0
2014-02-12,0.77,0.77,0.76,0.76,0,0
2014-02-13,0.76,0.76,0.758,0.758,0,0
2014-02-14,0.758,0.758,0.755,0.755,0,0
2014-02-17,0.755,0.755,0.748,0.748,0,0
2014-02-18,0.748,0.755,0.748,0.755,0,0
2014-02-19,0.755,0.755,0.75,0.75,0,0
2014-02-20,0.75,0.763,0.75,0.763,0,0
2014-02-21,0.763,0.763,0.76,0.76,0,0
2014-02-24,0.76,0.76,0.753,0.753,0,0
2014-02-25,0.753,0.753,0.753,0.753,0,0
2014-02-26,0.753,0.765,0.753,0.765,0,0
2014-02-27,0.765,0.765,0.765,0.765,0,0
2014-02-28,0.765,0.765,0.755,0.755,0,0
2014-03-03,0.755,0.798,0.755,0.798,0,0
2014-03-04,0.798,0.798,0.768,0.768,0,0
2014-03-05,0.768,0.78,0.768,0.78,0,0
2014-03-06,0.78,0.78,0.775,0.775,0,0
2014-03-07,0.775,0.778,0.775,0.778,0,0
2014-03-10,0.778,0.788,0.778,0.788,0,0
2014-03-11,0.788,0.795,0.788,0.795,0,0
2014-03-12,0.795,0.808,0.795,0.808,0,0
2014-03-13,0.808,0.815,0.808,0.815,0,0
2014-03-14,0.815,0.838,0.815,0.838,0,0
2014-03-17,0.838,0.838,0.798,0.798,0,0
2014-03-18,0.798,0.798,0.79,0.79,0,0
2014-03-19,0.79,0.8,0.79,0.8,0,0
2014-03-20,0.8,0.803,0.8,0.803,0,0
2014-03-21,0.803,0.803,0.793,0.793,0,0
2014-03-24,0.793,0.793,0.79,0.79,0,0
2014-03-25,1.163,1.163,1.16,1.16,0,0
2014-03-26,1.16,1.16,1.135,1.135,0,0
2014-03-27,1.135,1.135,1.133,1.133,0,0
2014-03-28,1.133,1.138,1.133,1.138,0,0
2014-03-31,1.11,1.11,1.1,1.1,0,0
2014-04-01,1.1,1.1,1.083,1.083,0,0
2014-04-02,1.11,1.11,1.103,1.103,0,0
2014-04-03,1.103,1.103,1.103,1.103,0,0
2014-04-04,1.103,1.103,1.1,1.1,0,0
2014-04-07,1.1,1.108,1.1,1.108,0,0
2014-04-08,1.108,1.113,1.108,1.113,0,0
2014-04-09,1.113,1.12,1.113,1.12,0,0
2014-04-10,1.12,1.12,1.115,1.115,0,0
2014-04-11,1.115,1.12,1.115,1.12,0,0
2014-04-14,1.12,1.12,1.045,1.045,0,0
2014-04-15,1.045,1.05,1.045,1.05,0,0
2014-04-16,1.05,1.058,1.05,1.058,0,0
2014-04-17,1.058,1.06,1.058,1.06,0,0
2014-04-22,1.06,1.06,1.048,1.048,0,0
2014-04-23,1.048,1.05,1.048,1.05,0,0
2014-04-24,1.05,1.073,1.05,1.073,0,0
2014-04-25,1.073,1.073,1.073,1.073,0,0
2014-04-28,1.073,1.073,1.068,1.068,0,0
2014-04-29,1.068,1.068,0.983,0.983,0,0
2014-04-30,0.983,0.983,0.98,0.98,0,0
2014-05-02,0.98,0.99,0.98,0.99,0,0
2014-05-05,0.99,0.99,0.99,0.99,0,0
2014-05-06,0.99,1.14,0.99,1.14,0,0
2014-05-07,1.14,1.23,1.14,1.23,0,0
2014-05-08,1.23,1.233,1.23,1.233,0,0
2014-05-09,1.233,1.238,1.233,1.238,0,0
2014-05-12,1.238,1.238,1.238,1.238,0,0
2014-05-13,1.238,1.238,1.22,1.22,0,0
2014-05-14,1.22,1.295,1.22,1.295,0,0
2014-05-15,1.295,1.295,1.288,1.288,0,0
2014-05-16,1.288,1.293,1.288,1.293,0,0
2014-05-19,1.293,1.293,1.293,1.293,0,0
2014-05-20,1.293,1.388,1.293,1.388,0,0
2014-05-21,1.388,1.388,1.378,1.378,0,0
2014-05-22,1.378,1.383,1.378,1.383,0,0
2014-05-23,1.383,1.383,1.38,1.38,0,0
2014-05-26,1.38,1.38,1.38,1.38,0,0
2014-05-27,1.38,1.38,1.355,1.355,0,0
2014-05-28,1.355,1.355,1.355,1.355,0,0
2014-05-29,1.355,1.428,1.355,1.428,0,0
2014-05-30,1.428,1.428,1.425,1.425,0,0
2014-06-02,1.425,1.428,1.425,1.428,0,0
2014-06-03,1.428,1.43,1.428,1.43,0,0
2014-06-04,1.43,1.43,1.428,1.428,0,0
2014-06-05,1.428,1.428,1.413,1.413,0,0
2014-06-06,1.413,1.413,1.403,1.403,0,0
2014-06-09,1.403,1.403,1.4,1.4,0,0
2014-06-10,1.395,1.395,1.395,1.395,0,0
2014-06-11,1.395,1.605,1.395,1.605,0,0
2014-06-12,1.605,1.62,1.605,1.62,0,0
2014-06-13,1.62,1.633,1.62,1.633,0,0
2014-06-16,1.633,1.635,1.633,1.635,0,0
2014-06-17,1.635,1.635,1.63,1.63,0,0
2014-06-18,1.63,1.63,1.593,1.593,0,0
2014-06-20,1.593,1.593,1.585,1.585,0,0
2014-06-23,1.585,1.585,1.585,1.585,0,0
2014-06-24,1.585,1.61,1.585,1.61,0,0
2014-06-25,1.61,1.668,1.61,1.668,0,0
2014-06-26,1.668,1.668,1.658,1.658,0,0
2014-06-27,1.658,1.658,1.658,1.658,0,0
2014-06-30,1.658,1.658,1.655,1.655,0,0
2014-07-01,1.655,1.67,1.655,1.67,0,0
2014-07-02,1.67,1.698,1.67,1.698,0,0
2014-07-03,1.698,1.725,1.698,1.725,0,0
2014-07-04,1.725,1.725,1.71,1.71,0,0
2014-07-07,1.71,1.735,1.71,1.735,0,0
2014-07-08,1.735,1.745,1.735,1.745,0,0
2014-07-09,1.745,2.288,1.745,2.288,0,0
2014-07-10,2.288,2.325,2.288,2.325,0,0
2014-07-11,2.325,2.325,2.273,2.273,0,0
2014-07-14,2.273,2.28,2.273,2.28,0,0
2014-07-15,2.28,2.28,2.273,2.273,0,0
2014-07-16,2.273,2.308,2.273,2.308,0,0
2014-07-17,2.308,2.363,2.308,2.363,0,0
2014-07-18,2.363,2.363,2.355,2.355,0,0
2014-07-21,2.355,2.355,2.355,2.355,0,0
2014-07-22,2.355,2.36,2.355,2.36,0,0
2014-07-23,2.36,2.39,2.36,2.39,0,0
2014-07-24,2.39,2.39,2.373,2.373,0,0
2014-07-25,2.373,2.373,2.368,2.368,0,0
2014-07-28,2.368,2.368,2.368,2.368,0,0
2014-07-29,2.368,2.378,2.368,2.378,0,0
2014-07-30,2.378,2.413,2.378,2.413,0,0
2014-07-31,2.413,2.425,2.413,2.425,0,0
2014-08-01,2.425,2.425,2.408,2.408,0,0
2014-08-04,2.408,2.408,2.375,2.375,0,0
2014-08-05,2.375,2.398,2.375,2.398,0,0
2014-08-06,2.398,2.508,2.398,2.508,0,0
2014-08-07,2.508,2.573,2.508,2.573,0,0
2014-08-08,2.573,2.575,2.573,2.575,0,0
2014-08-11,2.575,2.575,2.515,2.515,0,0
2014-08-12,2.515,2.535,2.515,2.535,0,0
2014-08-13,2.535,2.535,2.518,2.518,0,0
2014-08-14,2.518,2.518,2.508,2.508,0,0
2014-08-18,2.508,2.508,2.475,2.475,0,0
2014-08-19,2.475,2.475,2.468,2.468,0,0
2014-08-20,2.468,2.468,2.458,2.458,0,0
2014-08-21,2.458,2.458,2.45,2.45,0,0
2014-08-22,2.45,2.45,2.448,2.448,0,0
2014-08-25,2.448,2.448,2.428,2.428,0,0
2014-08-26,2.428,2.428,2.408,2.408,0,0
2014-08-27,2.408,2.408,2.398,2.398,0,0
2014-08-28,2.398,2.445,2.398,2.445,0,0
2014-08-29,2.445,2.445,2.445,2.445,0,0
2014-09-01,2.445,2.455,2.445,2.455,0,0
2014-09-02,2.455,2.455,2.445,2.445,0,0
2014-09-03,2.445,2.445,2.418,2.418,0,0
2014-09-04,2.418,2.418,2.385,2.385,0,0
2014-09-05,2.385,2.385,2.37,2.37,0,0
2014-09-08,2.37,2.37,2.345,2.345,0,0
2014-09-09,2.345,2.345,2.343,2.343,0,0
2014-09-10,2.343,2.343,2.305,2.305,0,0
2014-09-11,2.305,2.315,2.305,2.315,0,0
2014-09-12,2.315,2.32,2.315,2.32,0,0
2014-09-15,2.32,2.32,2.295,2.295,0,0
2014-09-16,2.295,2.295,2.275,2.275,0,0
2014-09-17,2.275,2.275,2.265,2.265,0,0
2014-09-18,2.265,2.27,2.265,2.27,0,0
2014-09-19,2.27,2.27,2.265,2.265,0,0
2014-09-22,2.265,2.265,2.265,2.265,0,0
2014-09-23,2.265,2.283,2.265,2.283,0,0
2014-09-24,2.283,2.283,2.268,2.268,0,0
2014-09-25,2.268,2.268,2.263,2.263,0,0
2014-09-26,2.263,2.27,2.263,2.27,0,0
2014-09-29,2.27,2.275,2.27,2.275,0,0
2014-09-30,2.275,2.275,2.26,2.26,0,0
2014-10-01,2.26,2.283,2.26,2.283,0,0
2014-10-02,2.283,2.308,2.283,2.308,0,0
2014-10-03,2.308,2.308,2.305,2.305,0,0
2014-10-06,2.305,2.305,2.28,2.28,0,0
2014-10-07,2.28,2.298,2.28,2.298,0,0
2014-10-08,2.298,2.3,2.298,2.3,0,0
2014-10-09,2.3,2.3,2.293,2.293,0,0
2014-10-10,2.293,2.328,2.293,2.328,0,0
2014-10-13,2.328,2.36,2.328,2.36,0,0
2014-10-14,2.36,2.363,2.36,2.363,0,0
2014-10-15,2.363,2.37,2.363,2.37,0,0
2014-10-16,2.37,2.38,2.37,2.38,0,0
2014-10-17,2.38,2.385,2.38,2.385,0,0
2014-10-20,2.385,2.398,2.385,2.398,0,0
2014-10-21,2.398,2.398,2.38,2.38,0,0
2014-10-22,2.38,2.41,2.38,2.41,0,0
2014-10-23,2.41,2.41,2.41,2.41,0,0
2014-10-24,2.41,2.41,2.41,2.41,0,0
2014-10-27,2.41,2.41,2.393,2.393,0,0
2014-10-28,2.393,2.393,2.38,2.38,0,0
2014-10-29,2.38,2.38,2.38,2.38,0,0
2014-10-30,2.38,2.395,2.38,2.395,0,0
2014-10-31,2.395,2.395,2.388,2.388,0,0
2014-11-03,2.388,2.388,2.37,2.37,0,0
2014-11-04,2.37,2.385,2.37,2.385,0,0
2014-11-05,2.385,2.385,2.38,2.38,0,0
2014-11-06,2.38,2.38,2.373,2.373,0,0
2014-11-07,2.373,2.398,2.373,2.398,0,0
2014-11-10,2.398,2.398,2.385,2.385,0,0
2014-11-12,2.385,2.403,2.385,2.403,0,0
2014-11-13,2.403,2.42,2.403,2.42,0,0
2014-11-14,2.42,2.443,2.42,2.443,0,0
2014-11-17,2.443,2.445,2.443,2.445,0,0
2014-11-18,2.445,2.445,2.443,2.443,0,0
2014-11-19,2.443,2.443,2.435,2.435,0,0
2014-11-20,2.435,2.435,2.425,2.425,0,0
2014-11-21,2.425,2.428,2.425,2.428,0,0
2014-11-24,2.428,2.435,2.428,2.435,0,0
2014-11-25,2.435,2.498,2.435,2.498,0,0
2014-11-26,2.498,2.498,2.433,2.433,0,0
2014-11-27,2.433,2.433,2.39,2.39,0,0
2014-11-28,2.39,2.39,2.388,2.388,0,0
2014-12-01,2.388,2.393,2.388,2.393,0,0
2014-12-02,2.393,2.393,2.365,2.365,0,0
2014-12-03,2.365,2.39,2.365,2.39,0,0
2014-12-04,2.39,2.393,2.39,2.393,0,0
2014-12-05,2.393,2.41,2.393,2.41,0,0
2014-12-08,2.41,2.418,2.41,2.418,0,0
2014-12-09,2.418,2.418,2.393,2.393,0,0
2014-12-10,2.393,2.398,2.393,2.398,0,0
2014-12-11,2.398,2.403,2.398,2.403,0,0
2014-12-12,2.403,2.403,2.37,2.37,0,0
2014-12-15,2.37,2.37,2.368,2.368,0,0
2014-12-16,2.368,2.393,2.368,2.393,0,0
2014-12-17,2.393,2.4,2.393,2.4,0,0
2014-12-18,2.4,2.4,2.375,2.375,0,0
2014-12-19,2.375,2.413,2.375,2.413,0,0
2014-12-22,2.413,2.413,2.39,2.39,0,0
2014-12-23,1.88,1.88,1.878,1.878,0,0
2014-12-29,1.878,1.883,1.878,1.883,0,0
2014-12-30,1.883,1.883,1.87,1.87,0,0
2015-01-02,1.87,1.87,1.85,1.85,0,0
2015-01-05,1.85,1.883,1.85,1.883,0,0
2015-01-07,1.883,1.883,1.865,1.865,0,0
2015-01-08,1.865,1.865,1.84,1.84,0,0
2015-01-09,1.84,1.84,1.838,1.838,0,0
2015-01-12,1.838,1.848,1.838,1.848,0,0
2015-01-13,1.848,1.848,1.843,1.843,0,0
2015-01-14,1.843,1.855,1.843,1.855,0,0
2015-01-15,1.855,1.87,1.855,1.87,0,0
2015-01-16,1.87,1.88,1.87,1.88,0,0
2015-01-19,1.88,1.893,1.88,1.893,0,0
2015-01-20,1.893,1.893,1.88,1.88,0,0
2015-01-21,1.88,1.88,1.868,1.868,0,0
2015-01-22,1.868,1.868,1.855,1.855,0,0
2015-01-23,1.855,1.855,1.83,1.83,0,0
2015-01-26,1.83,1.83,1.823,1.823,0,0
2015-01-27,1.823,1.823,1.815,1.815,0,0
2015-01-28,1.815,1.818,1.815,1.818,0,0
2015-01-29,1.818,1.818,1.813,1.813,0,0
2015-01-30,1.813,1.813,1.805,1.805,0,0
2015-02-02,1.805,1.808,1.805,1.808,0,0
2015-02-03,1.808,1.808,1.803,1.803,0,0
2015-02-04,1.803,1.815,1.803,1.815,0,0
2015-02-05,1.815,1.815,1.798,1.798,0,0
2015-02-06,1.798,1.798,1.79,1.79,0,0
2015-02-09,1.79,1.793,1.79,1.793,0,0
2015-02-10,1.793,1.8,1.793,1.8,0,0
2015-02-11,1.8,1.8,1.798,1.798,0,0
2015-02-12,1.798,1.798,1.79,1.79,0,0
2015-02-13,1.79,1.79,1.788,1.788,0,0
2015-02-16,1.788,1.79,1.788,1.79,0,0
2015-02-17,1.79,1.79,1.785,1.785,0,0
2015-02-18,1.785,1.785,1.783,1.783,0,0
2015-02-19,1.783,1.783,1.783,1.783,0,0
2015-02-20,1.783,1.783,1.77,1.77,0,0
2015-02-23,1.77,1.77,1.753,1.753,0,0
2015-02-24,1.753,1.753,1.748,1.748,0,0
2015-02-25,1.748,1.758,1.748,1.758,0,0
2015-02-26,1.758,1.758,1.755,1.755,0,0
2015-02-27,1.755,1.755,1.745,1.745,0,0
2015-03-02,1.745,1.745,1.738,1.738,0,0
2015-03-03,1.738,1.743,1.738,1.743,0,0
2015-03-04,1.743,1.743,1.723,1.723,0,0
2015-03-05,1.723,1.723,1.705,1.705,0,0
2015-03-06,1.705,1.708,1.705,1.708,0,0
2015-03-09,1.708,1.708,1.703,1.703,0,0
2015-03-10,1.703,1.703,1.703,1.703,0,0
2015-03-11,1.703,1.705,1.703,1.705,0,0
2015-03-12,1.705,1.71,1.705,1.71,0,0
2015-03-13,1.71,1.71,1.705,1.705,0,0
2015-03-16,1.705,1.713,1.705,1.713,0,0
2015-03-17,1.713,1.713,1.703,1.703,0,0
2015-03-18,1.703,1.703,1.703,1.703,0,0
2015-03-19,1.703,1.703,1.695,1.695,0,0
2015-03-20,1.695,1.695,1.695,1.695,0,0
2015-03-23,1.695,1.695,1.673,1.673,0,0
2015-03-24,1.488,1.495,1.488,1.495,0,0
2015-03-25,1.495,1.503,1.495,1.503,0,0
2015-03-26,1.503,1.525,1.503,1.525,0,0
2015-03-27,1.525,1.525,1.523,1.523,0,0
2015-03-30,1.523,1.523,1.518,1.518,0,0
2015-03-31,1.518,1.518,1.515,1.515,0,0
2015-04-01,1.515,1.518,1.515,1.518,0,0
2015-04-02,1.518,1.52,1.518,1.52,0,0
2015-04-07,1.52,1.523,1.52,1.523,0,0
2015-04-08,1.523,1.523,1.515,1.515,0,0
2015-04-09,1.515,1.515,1.508,1.508,0,0
2015-04-10,1.508,1.513,1.508,1.513,0,0
2015-04-13,1.513,1.513,1.508,1.508,0,0
2015-04-14,1.508,1.508,1.505,1.505,0,0
2015-04-15,1.505,1.505,1.5,1.5,0,0
2015-04-16,1.5,1.5,1.475,1.475,0,0
2015-04-17,1.475,1.485,1.475,1.485,0,0
2015-04-20,1.485,1.485,1.465,1.465,0,0
2015-04-21,1.465,1.473,1.465,1.473,0,0
2015-04-22,1.473,1.475,1.473,1.475,0,0
2015-04-23,1.475,1.478,1.475,1.478,0,0
2015-04-24,1.478,1.478,1.478,1.478,0,0
2015-04-27,1.478,1.478,1.473,1.473,0,0
2015-04-28,1.473,1.473,1.468,1.468,0,0
2015-04-29,1.468,1.468,1.463,1.463,0,0
2015-04-30,1.463,1.463,1.453,1.453,0,0
2015-05-04,1.453,1.455,1.453,1.455,0,0
2015-05-05,1.455,1.458,1.455,1.458,0,0
2015-05-06,1.458,1.458,1.448,1.448,0,0
2015-05-07,1.448,1.453,1.448,1.453,0,0
2015-05-08,1.453,1.453,1.365,1.365,0,0
2015-05-11,1.365,1.365,1.365,1.365,0,0
2015-05-12,1.365,1.373,1.365,1.373,0,0
2015-05-13,1.373,1.373,1.373,1.373,0,0
2015-05-14,1.373,1.375,1.373,1.375,0,0
2015-05-15,1.375,1.375,1.37,1.37,0,0
2015-05-18,1.37,1.37,1.368,1.368,0,0
2015-05-19,1.368,1.373,1.368,1.373,0,0
2015-05-20,1.373,1.373,1.368,1.368,0,0
2015-05-21,1.368,1.373,1.368,1.373,0,0
2015-05-22,1.373,1.373,1.3,1.3,0,0
2015-05-25,1.3,1.308,1.3,1.308,0,0
2015-05-26,1.308,1.323,1.308,1.323,0,0
2015-05-27,1.323,1.333,1.323,1.333,0,0
2015-05-28,1.333,1.335,1.333,1.335,0,0
2015-05-29,1.335,1.338,1.335,1.338,0,0
2015-06-01,1.338,1.338,1.315,1.315,0,0
2015-06-02,1.315,1.315,1.315,1.315,0,0
2015-06-03,1.315,1.315,1.308,1.308,0,0
2015-06-05,1.308,1.335,1.308,1.335,0,0
2015-06-08,1.335,1.34,1.335,1.34,0,0
2015-06-09,1.34,1.363,1.34,1.363,0,0
2015-06-10,1.363,1.363,1.355,1.355,0,0
2015-06-11,1.355,1.38,1.355,1.38,0,0
2015-06-12,1.38,1.468,1.38,1.468,0,0
2015-06-15,1.468,1.468,1.448,1.448,0,0
2015-06-16,1.448,1.448,1.445,1.445,0,0
2015-06-17,1.445,1.455,1.445,1.455,0,0
2015-06-18,1.455,1.47,1.455,1.47,0,0
2015-06-19,1.47,1.51,1.47,1.51,0,0
2015-06-22,1.51,1.51,1.493,1.493,0,0
2015-06-23,1.493,1.493,1.483,1.483,0,0
2015-06-24,1.483,1.495,1.483,1.495,0,0
2015-06-25,1.495,1.503,1.495,1.503,0,0
2015-06-26,1.503,1.503,1.49,1.49,0,0
2015-06-29,1.49,1.505,1.49,1.505,0,0
2015-06-30,1.505,1.548,1.505,1.548,0,0
2015-07-01,1.548,1.575,1.548,1.575,0,0
2015-07-02,1.575,1.608,1.575,1.608,0,0
2015-07-03,1.608,1.648,1.608,1.648,0,0
2015-07-06,1.648,1.708,1.648,1.708,0,0
2015-07-07,1.708,1.708,1.683,1.683,0,0
2015-07-08,1.683,1.69,1.683,1.69,0,0
2015-07-09,1.69,1.69,1.678,1.678,0,0
2015-07-10,1.678,1.678,1.648,1.648,0,0
2015-07-13,1.648,1.648,1.63,1.63,0,0
2015-07-14,1.63,1.635,1.63,1.635,0,0
2015-07-15,1.635,1.693,1.635,1.693,0,0
2015-07-16,1.693,1.72,1.693,1.72,0,0
2015-07-17,1.72,1.72,1.71,1.71,0,0
2015-07-20,1.71,1.725,1.71,1.725,0,0
2015-07-21,1.725,1.743,1.725,1.743,0,0
2015-07-22,1.743,1.755,1.743,1.755,0,0
2015-07-23,1.755,1.755,1.753,1.753,0,0
2015-07-24,1.753,1.753,1.735,1.735,0,0
2015-07-27,1.735,1.735,1.735,1.735,0,0
2015-07-28,1.735,1.743,1.735,1.743,0,0
2015-07-29,1.743,1.743,1.723,1.723,0,0
2015-07-30,1.723,1.723,1.718,1.718,0,0
2015-07-31,1.718,1.79,1.718,1.79,0,0
2015-08-03,1.79,1.79,1.79,1.79,0,0
2015-08-04,1.79,1.79,1.768,1.768,0,0
2015-08-05,1.768,1.768,1.745,1.745,0,0
2015-08-06,1.745,1.778,1.745,1.778,0,0
2015-08-07,1.778,1.785,1.778,1.785,0,0
2015-08-10,1.785,1.785,1.785,1.785,0,0
2015-08-11,1.785,1.785,1.785,1.785,0,0
2015-08-12,1.785,1.785,1.783,1.783,0,0
2015-08-13,1.783,1.783,1.773,1.773,0,0
2015-08-14,1.773,1.78,1.773,1.78,0,0
2015-08-17,1.78,1.788,1.78,1.788,0,0
2015-08-18,1.788,1.805,1.788,1.805,0,0
2015-08-19,1.805,1.805,1.79,1.79,0,0
2015-08-20,1.79,1.793,1.79,1.793,0,0
2015-08-21,1.793,1.833,1.793,1.833,0,0
2015-08-24,1.833,1.935,1.833,1.935,0,0
2015-08-25,1.935,1.935,1.923,1.923,0,0
2015-08-26,1.923,1.93,1.923,1.93,0,0
2015-08-27,1.93,1.93,1.9,1.9,0,0
2015-08-28,1.9,1.9,1.88,1.88,0,0
2015-08-31,1.88,1.88,1.87,1.87,0,0
2015-09-01,1.87,1.908,1.87,1.908,0,0
2015-09-02,1.908,1.92,1.908,1.92,0,0
2015-09-03,1.92,1.928,1.92,1.928,0,0
2015-09-04,1.928,1.933,1.928,1.933,0,0
2015-09-07,1.933,1.948,1.933,1.948,0,0
2015-09-08,2.198,2.198,2.171,2.171,0,0
2015-09-09,2.171,2.176,2.171,2.176,0,0
2015-09-10,2.249,2.249,2.228,2.228,0,0
2015-09-11,2.228,2.231,2.228,2.231,0,0
2015-09-14,2.175,2.18,2.175,2.18,0,0
2015-09-15,2.18,2.205,2.18,2.205,0,0
2015-09-16,2.205,2.208,2.205,2.208,0,0
2015-09-17,2.208,2.208,2.208,2.208,0,0
2015-09-18,2.208,2.223,2.208,2.223,0,0
2015-09-21,2.223,2.223,2.215,2.215,0,0
2015-09-22,2.058,2.065,2.058,2.065,0,0
2015-09-23,2.065,2.128,2.065,2.128,0,0
2015-09-24,2.128,2.128,2.115,2.115,0,0
2015-09-25,2.115,2.125,2.115,2.125,0,0
2015-09-28,2.125,2.253,2.125,2.253,0,0
2015-09-29,2.253,2.273,2.253,2.273,0,0
2015-09-30,2.273,2.273,2.25,2.25,0,0
2015-10-01,2.25,2.25,2.248,2.248,0,0
2015-10-02,2.248,2.273,2.248,2.273,0,0
2015-10-05,2.273,2.273,2.243,2.243,0,0
2015-10-06,2.243,2.243,2.198,2.198,0,0
2015-10-07,2.198,2.2,2.198,2.2,0,0
2015-10-08,2.2,2.218,2.2,2.218,0,0
2015-10-09,2.218,2.218,2.168,2.168,0,0
2015-10-12,2.168,2.185,2.168,2.185,0,0
2015-10-13,2.185,2.193,2.185,2.193,0,0
2015-10-14,2.193,2.203,2.193,2.203,0,0
2015-10-15,2.203,2.203,2.185,2.185,0,0
2015-10-16,2.185,2.188,2.185,2.188,0,0
2015-10-19,2.188,2.2,2.188,2.2,0,0
2015-10-20,2.2,2.2,2.198,2.198,0,0
2015-10-21,2.198,2.203,2.198,2.203,0,0
2015-10-22,2.203,2.215,2.203,2.215,0,0
2015-10-23,2.215,2.22,2.215,2.22,0,0
2015-10-26,2.22,2.22,2.213,2.213,0,0
2015-10-27,2.213,2.223,2.213,2.223,0,0
2015-10-28,2.223,2.223,2.215,2.215,0,0
2015-10-29,2.215,2.253,2.215,2.253,0,0
2015-10-30,2.253,2.258,2.253,2.258,0,0
2015-11-02,2.258,2.275,2.258,2.275,0,0
2015-11-03,2.275,2.275,2.265,2.265,0,0
2015-11-04,2.265,2.265,2.263,2.263,0,0
2015-11-05,2.263,2.265,2.263,2.265,0,0
2015-11-06,2.265,2.29,2.265,2.29,0,0
2015-11-09,2.29,2.325,2.29,2.325,0,0
2015-11-10,2.325,2.35,2.325,2.35,0,0
2015-11-12,2.35,2.35,2.345,2.345,0,0
2015-11-13,2.345,2.373,2.345,2.373,0,0
2015-11-16,2.373,2.378,2.373,2.378,0,0
2015-11-17,2.378,2.378,2.368,2.368,0,0
2015-11-18,2.368,2.393,2.368,2.393,0,0
2015-11-19,2.393,2.393,2.383,2.383,0,0
2015-11-20,2.383,2.383,2.375,2.375,0,0
2015-11-23,2.375,2.385,2.375,2.385,0,0
2015-11-24,2.385,2.423,2.385,2.423,0,0
2015-11-25,2.423,2.423,2.423,2.423,0,0
2015-11-26,2.423,2.423,2.41,2.41,0,0
2015-11-27,2.41,2.42,2.41,2.42,0,0
2015-11-30,2.42,2.42,2.42,2.42,0,0
2015-12-01,2.42,2.42,2.415,2.415,0,0
2015-12-02,2.415,2.45,2.415,2.45,0,0
2015-12-03,2.45,2.45,2.44,2.44,0,0
2015-12-04,2.44,2.463,2.44,2.463,0,0
2015-12-07,2.463,2.463,2.463,2.463,0,0
2015-12-08,2.463,2.5,2.463,2.5,0,0
2015-12-09,2.5,2.548,2.5,2.548,0,0
2015-12-10,2.548,2.56,2.548,2.56,0,0
2015-12-11,2.56,2.608,2.56,2.608,0,0
2015-12-14,2.608,2.655,2.608,2.655,0,0
2015-12-15,2.655,2.66,2.655,2.66,0,0
2015-12-16,2.66,2.66,2.628,2.628,0,0
2015-12-17,2.628,2.628,2.548,2.548,0,0
2015-12-18,2.548,2.548,2.518,2.518,0,0
2015-12-21,2.518,2.518,2.478,2.478,0,0
2015-12-22,2.683,2.683,2.668,2.668,0,0
2015-12-23,2.668,2.668,2.65,2.65,0,0
2015-12-28,2.65,2.655,2.65,2.655,0,0
2015-12-29,2.655,2.655,2.618,2.618,0,0
2015-12-30,2.618,2.623,2.618,2.623,0,0
2016-01-04,2.623,2.623,2.62,2.62,0,0
2016-01-05,2.62,2.638,2.62,2.638,0,0
2016-01-07,2.638,2.675,2.638,2.675,0,0
2016-01-08,2.675,2.703,2.675,2.703,0,0
2016-01-11,2.703,2.72,2.703,2.72,0,0
2016-01-12,2.72,2.72,2.683,2.683,0,0
2016-01-13,2.683,2.683,2.643,2.643,0,0
2016-01-14,2.643,2.678,2.643,2.678,0,0
2016-01-15,2.678,2.708,2.678,2.708,0,0
2016-01-18,2.708,2.73,2.708,2.73,0,0
2016-01-19,2.73,2.73,2.713,2.713,0,0
2016-01-20,2.713,2.785,2.713,2.785,0,0
2016-01-21,2.785,2.81,2.785,2.81,0,0
2016-01-22,2.81,2.81,2.805,2.805,0,0
2016-01-25,2.805,2.805,2.805,2.805,0,0
2016-01-26,2.805,2.808,2.805,2.808,0,0
2016-01-27,2.808,2.82,2.808,2.82,0,0
2016-01-28,2.82,2.82,2.805,2.805,0,0
2016-01-29,2.805,2.805,2.79,2.79,0,0
2016-02-01,2.79,2.79,2.785,2.785,0,0
2016-02-02,2.785,2.785,2.755,2.755,0,0
2016-02-03,2.755,3.393,2.755,3.393,0,0
2016-02-04,3.393,3.393,3.39,3.39,0,0
2016-02-05,3.39,3.39,3.35,3.35,0,0
2016-02-08,3.35,3.388,3.35,3.388,0,0
2016-02-09,3.388,3.41,3.388,3.41,0,0
2016-02-10,3.41,3.43,3.41,3.43,0,0
2016-02-11,3.43,3.455,3.43,3.455,0,0
2016-02-12,3.455,3.498,3.455,3.498,0,0
2016-02-15,3.498,3.498,3.445,3.445,0,0
2016-02-16,3.445,3.445,3.423,3.423,0,0
2016-02-17,3.423,3.423,3.395,3.395,0,0
2016-02-18,3.395,3.395,3.38,3.38,0,0
2016-02-19,3.38,3.433,3.38,3.433,0,0
2016-02-22,3.433,3.433,3.403,3.403,0,0
2016-02-23,3.403,3.403,3.385,3.385,0,0
2016-02-24,3.385,3.395,3.385,3.395,0,0
2016-02-25,3.395,3.438,3.395,3.438,0,0
2016-02-26,3.438,3.438,3.428,3.428,0,0
2016-02-29,3.428,3.44,3.428,3.44,0,0
2016-03-01,3.44,3.44,3.4,3.4,0,0
2016-03-02,3.4,3.4,3.388,3.388,0,0
2016-03-03,3.388,3.388,3.305,3.305,0,0
2016-03-04,3.305,3.305,3.303,3.303,0,0
2016-03-07,3.303,3.335,3.303,3.335,0,0
2016-03-08,3.335,3.335,3.3,3.3,0,0
2016-03-09,3.3,3.32,3.3,3.32,0,0
2016-03-10,3.32,3.325,3.32,3.325,0,0
2016-03-11,3.325,3.325,3.293,3.293,0,0
2016-03-14,3.293,3.293,3.273,3.273,0,0
2016-03-15,3.273,3.275,3.273,3.275,0,0
2016-03-16,3.275,3.275,3.275,3.275,0,0
2016-03-17,3.275,3.275,3.21,3.21,0,0
2016-03-18,3.21,3.21,3.19,3.19,0,0
2016-03-21,3.19,3.19,3.178,3.178,0,0
2016-03-22,3.178,3.178,3.178,3.178,0,0
2016-03-23,3.178,3.178,3.178,3.178,0,0
2016-03-24,3.178,3.178,3.178,3.178,0,0
2016-03-29,3.178,3.178,3.158,3.158,0,0
2016-03-30,3.053,3.053,3.038,3.038,0,0
2016-03-31,3.038,3.04,3.038,3.04,0,0
2016-04-01,3.04,3.085,3.04,3.085,0,0
2016-04-04,3.085,3.085,3.075,3.075,0,0
2016-04-05,3.075,3.075,3.07,3.07,0,0
2016-04-06,3.07,3.13,3.07,3.13,0,0
2016-04-07,3.13,3.13,3.088,3.088,0,0
2016-04-08,3.088,3.088,3.065,3.065,0,0
2016-04-11,3.065,3.065,3.05,3.05,0,0
2016-04-12,3.05,3.068,3.05,3.068,0,0
2016-04-13,3.068,3.068,3.043,3.043,0,0
2016-04-14,3.043,3.043,3.01,3.01,0,0
2016-04-15,3.01,3.01,3.008,3.008,0,0
2016-04-18,3.008,3.01,3.008,3.01,0,0
2016-04-19,3.01,3.01,2.99,2.99,0,0
2016-04-20,2.99,2.99,2.985,2.985,0,0
2016-04-21,2.985,2.985,2.97,2.97,0,0
2016-04-22,2.97,2.985,2.97,2.985,0,0
2016-04-25,2.985,2.985,2.973,2.973,0,0
2016-04-26,2.973,2.973,2.943,2.943,0,0
2016-04-27,2.943,2.963,2.943,2.963,0,0
2016-04-28,2.963,2.98,2.963,2.98,0,0
2016-04-29,2.98,2.983,2.98,2.983,0,0
2016-05-02,2.983,2.983,2.975,2.975,0,0
2016-05-04,2.975,2.988,2.975,2.988,0,0
2016-05-05,2.988,3.02,2.988,3.02,0,0
2016-05-06,3.02,3.068,3.02,3.068,0,0
2016-05-09,3.068,3.068,3.053,3.053,0,0
2016-05-10,3.053,3.083,3.053,3.083,0,0
2016-05-11,3.083,3.083,3.06,3.06,0,0
2016-05-12,3.06,3.06,2.89,2.89,0,0
2016-05-13,2.89,2.908,2.89,2.908,0,0
2016-05-16,2.908,2.908,2.89,2.89,0,0
2016-05-17,2.89,2.91,2.89,2.91,0,0
2016-05-18,2.91,2.91,2.91,2.91,0,0
2016-05-19,2.91,2.938,2.91,2.938,0,0
2016-05-20,2.938,2.978,2.938,2.978,0,0
2016-05-23,2.978,2.978,2.963,2.963,0,0
2016-05-24,2.963,3.085,2.963,3.085,0,0
2016-05-25,3.085,3.085,2.875,2.875,0,0
2016-05-27,2.875,2.875,2.845,2.845,0,0
2016-05-30,2.845,2.858,2.845,2.858,0,0
2016-05-31,2.858,2.92,2.858,2.92,0,0
2016-06-01,2.92,2.973,2.92,2.973,0,0
2016-06-02,2.973,2.978,2.973,2.978,0,0
2016-06-03,2.978,2.978,2.873,2.873,0,0
2016-06-06,2.873,2.873,2.848,2.848,0,0
2016-06-07,2.848,2.848,2.818,2.818,0,0
2016-06-08,2.818,2.818,2.803,2.803,0,0
2016-06-09,2.803,2.83,2.803,2.83,0,0
2016-06-10,2.83,2.843,2.83,2.843,0,0
2016-06-13,2.843,2.87,2.843,2.87,0,0
2016-06-14,2.87,2.878,2.87,2.878,0,0
2016-06-15,2.878,2.93,2.878,2.93,0,0
2016-06-16,2.93,2.93,2.813,2.813,0,0
2016-06-17,2.813,2.813,2.795,2.795,0,0
2016-06-20,2.795,2.853,2.795,2.853,0,0
2016-06-21,2.853,2.853,2.845,2.845,0,0
2016-06-22,2.845,2.888,2.845,2.888,0,0
2016-06-23,2.888,2.908,2.888,2.908,0,0
2016-06-24,2.908,2.908,2.875,2.875,0,0
2016-06-27,2.875,2.888,2.875,2.888,0,0
2016-06-28,2.888,2.888,2.86,2.86,0,0
2016-06-29,2.86,2.86,2.833,2.833,0,0
2016-06-30,2.833,2.965,2.833,2.965,0,0
2016-07-01,2.965,2.965,2.96,2.96,0,0
2016-07-04,2.96,3.318,2.96,3.318,0,0
2016-07-05,3.318,5.475,3.318,5.475,0,0
2016-07-06,5.475,5.475,5.428,5.428,0,0
2016-07-07,5.428,5.438,5.428,5.438,0,0
2016-07-08,5.438,5.438,5.413,5.413,0,0
2016-07-11,5.413,5.413,5.23,5.23,0,0
2016-07-12,5.23,5.23,5.088,5.088,0,0
2016-07-13,5.088,5.088,5.078,5.078,0,0
2016-07-14,5.078,5.11,5.078,5.11,0,0
2016-07-15,5.11,5.218,5.11,5.218,0,0
2016-07-18,5.218,5.258,5.218,5.258,0,0
2016-07-19,5.258,5.27,5.258,5.27,0,0
2016-07-20,5.27,5.27,5.205,5.205,0,0
2016-07-21,5.205,5.225,5.205,5.225,0,0
2016-07-22,5.225,5.268,5.225,5.268,0,0
2016-07-25,5.268,5.268,5.16,5.16,0,0
2016-07-26,5.16,5.16,5.148,5.148,0,0
2016-07-27,5.148,5.148,5.145,5.145,0,0
2016-07-28,5.145,5.163,5.145,5.163,0,0
2016-07-29,5.163,5.283,5.163,5.283,0,0
2016-08-01,5.283,5.325,5.283,5.325,0,0
2016-08-02,5.325,5.368,5.325,5.368,0,0
2016-08-03,5.368,5.473,5.368,5.473,0,0
2016-08-04,5.473,5.473,5.448,5.448,0,0
2016-08-05,5.448,5.455,5.448,5.455,0,0
2016-08-08,5.455,5.455,5.43,5.43,0,0
2016-08-09,5.43,5.43,5.398,5.398,0,0
2016-08-10,5.398,5.398,5.35,5.35,0,0
2016-08-11,5.35,5.35,5.268,5.268,0,0
2016-08-12,5.268,5.268,5.245,5.245,0,0
2016-08-16,5.245,5.245,5.245,5.245,0,0
2016-08-17,5.245,5.248,5.245,5.248,0,0
2016-08-18,5.248,5.248,5.233,5.233,0,0
2016-08-19,5.233,5.325,5.233,5.325,0,0
2016-08-22,5.325,5.328,5.325,5.328,0,0
2016-08-23,5.328,5.328,5.325,5.325,0,0
2016-08-24,5.325,5.325,5.298,5.298,0,0
2016-08-25,5.298,5.298,5.233,5.233,0,0
2016-08-26,5.233,5.253,5.233,5.253,0,0
2016-08-29,5.253,5.35,5.253,5.35,0,0
2016-08-30,5.35,5.353,5.35,5.353,0,0
2016-08-31,5.353,5.355,5.353,5.355,0,0
2016-09-01,5.355,5.393,5.355,5.393,0,0
2016-09-02,5.393,5.423,5.393,5.423,0,0
2016-09-05,5.423,5.423,5.403,5.403,0,0
2016-09-06,5.403,5.508,5.403,5.508,0,0
2016-09-07,5.508,5.508,5.493,5.493,0,0
2016-09-08,5.493,5.493,5.433,5.433,0,0
2016-09-09,5.433,5.46,5.433,5.46,0,0
2016-09-12,5.46,5.51,5.46,5.51,0,0
2016-09-13,5.51,5.51,5.5,5.5,0,0
2016-09-14,5.5,5.5,5.445,5.445,0,0
2016-09-15,5.445,5.445,5.428,5.428,0,0
2016-09-16,5.428,5.475,5.428,5.475,0,0
2016-09-19,5.475,5.475,5.468,5.468,0,0
2016-09-20,5.195,5.198,5.195,5.198,0,0
2016-09-21,5.198,5.198,5.18,5.18,0,0
2016-09-22,5.18,5.18,5.1,5.1,0,0
2016-09-23,5.1,5.1,5.08,5.08,0,0
2016-09-26,5.08,5.163,5.08,5.163,0,0
2016-09-27,5.163,5.163,5.083,5.083,0,0
2016-09-28,5.083,5.09,5.083,5.09,0,0
2016-09-29,5.09,5.09,5.09,5.09,0,0
2016-09-30,4.966,4.98,4.966,4.98,0,0
2016-10-03,4.98,4.98,4.978,4.978,0,0
2016-10-04,5.103,5.103,5.04,5.04,0,0
2016-10-05,5.04,5.04,4.885,4.885,0,0
2016-10-06,4.885,4.885,4.535,4.535,0,0
2016-10-07,4.535,4.535,4.53,4.53,0,0
2016-10-10,4.53,4.545,4.53,4.545,0,0
2016-10-11,4.545,4.68,4.545,4.68,0,0
2016-10-12,4.68,4.748,4.68,4.748,0,0
2016-10-13,4.748,4.778,4.748,4.778,0,0
2016-10-14,4.778,4.778,4.655,4.655,0,0
2016-10-17,4.655,4.658,4.655,4.658,0,0
2016-10-18,4.658,4.67,4.658,4.67,0,0
2016-10-19,4.67,4.67,4.578,4.578,0,0
2016-10-20,4.578,4.578,4.513,4.513,0,0
2016-10-21,4.513,4.513,4.493,4.493,0,0
2016-10-24,4.493,4.515,4.493,4.515,0,0
2016-10-25,4.515,4.515,4.513,4.513,0,0
2016-10-26,4.513,4.513,4.493,4.493,0,0
2016-10-27,4.493,4.545,4.493,4.545,0,0
2016-10-28,4.47,4.523,4.47,4.523,0,0
2016-10-31,4.523,4.523,4.403,4.403,0,0
2016-11-02,4.403,4.47,4.403,4.47,0,0
2016-11-03,4.47,4.47,4.455,4.455,0,0
2016-11-04,4.455,4.488,4.455,4.488,0,0
2016-11-07,4.488,4.508,4.488,4.508,0,0
2016-11-08,4.508,4.525,4.508,4.525,0,0
2016-11-09,4.525,4.53,4.525,4.53,0,0
2016-11-10,4.53,4.53,4.528,4.528,0,0
2016-11-14,4.528,4.528,4.515,4.515,0,0
2016-11-15,4.515,4.515,4.493,4.493,0,0
2016-11-16,4.493,4.545,4.493,4.545,0,0
2016-11-17,4.545,4.553,4.545,4.553,0,0
2016-11-18,4.553,4.59,4.553,4.59,0,0
2016-11-21,4.59,4.598,4.59,4.598,0,0
2016-11-22,4.598,4.598,4.525,4.525,0,0
2016-11-23,4.525,4.525,4.228,4.228,0,0
2016-11-24,4.228,4.268,4.228,4.268,0,0
2016-11-25,4.268,4.28,4.268,4.28,0,0
2016-11-28,4.28,4.28,4.2,4.2,0,0
2016-11-29,4.2,4.303,4.2,4.303,0,0
2016-11-30,4.303,4.303,4.263,4.263,0,0
2016-12-01,4.263,4.263,4.183,4.183,0,0
2016-12-02,4.183,4.198,4.183,4.198,0,0
2016-12-05,4.198,4.198,4.185,4.185,0,0
2016-12-06,4.185,4.185,4.1,4.1,0,0
2016-12-07,4.1,4.1,4.03,4.03,0,0
2016-12-08,4.03,4.03,4.018,4.018,0,0
2016-12-09,4.018,4.018,3.998,3.998,0,0
2016-12-12,3.998,4,3.998,4,0,0
2016-12-13,4,4,3.97,3.97,0,0
2016-12-14,3.97,4.058,3.97,4.058,0,0
2016-12-15,4.058,4.088,4.058,4.088,0,0
2016-12-16,4.088,4.088,4.08,4.08,0,0
2016-12-19,4.08,4.08,4.02,4.02,0,0
2016-12-20,4.02,4.055,4.02,4.055,0,0
2016-12-21,4.055,4.388,4.055,4.388,0,0
2016-12-22,4.388,4.408,4.388,4.408,0,0
2016-12-23,4.408,4.408,4.375,4.375,0,0
2016-12-27,4.375,4.38,4.375,4.38,0,0
2016-12-28,4.38,4.418,4.38,4.418,0,0
2016-12-29,4.418,4.418,4.373,4.373,0,0
2016-12-30,4.373,4.373,4.373,4.373,0,0
2017-01-02,4.373,4.373,2.548,2.595,0,0
2017-01-03,2.595,2.595,2.555,2.555,0,0
2017-01-04,2.555,2.555,2.55,2.55,0,0
2017-01-05,2.55,2.553,2.55,2.553,0,0
2017-01-09,2.553,2.553,2.548,2.548,0,0
2017-01-10,2.548,2.548,2.525,2.525,0,0
2017-01-11,2.525,2.525,2.5,2.5,0,0
2017-01-12,2.5,2.5,2.498,2.498,0,0
2017-01-13,2.498,2.508,2.498,2.508,0,0
2017-01-16,2.508,2.508,2.503,2.503,0,0
2017-01-17,2.503,2.503,2.495,2.495,0,0
2017-01-18,2.495,2.495,2.49,2.49,0,0
2017-01-19,2.49,2.49,2.49,2.49,0,0
2017-01-20,2.49,2.49,2.475,2.475,0,0
2017-01-23,2.475,2.475,2.465,2.465,0,0
2017-01-24,2.465,2.465,2.415,2.415,0,0
2017-01-25,2.415,2.415,2.415,2.415,0,0
2017-01-26,2.415,2.415,2.383,2.383,0,0
2017-01-27,2.383,2.383,2.38,2.38,0,0
2017-01-30,2.38,2.38,2.38,2.38,0,0
2017-01-31,2.38,2.38,2.373,2.373,0,0
2017-02-01,2.373,2.373,2.355,2.355,0,0
2017-02-02,2.355,2.363,2.355,2.363,0,0
2017-02-03,2.363,2.373,2.363,2.373,0,0
2017-02-06,2.373,2.373,2.373,2.373,0,0
2017-02-07,2.365,2.368,2.365,2.368,0,0
2017-02-08,2.368,2.368,2.363,2.363,0,0
2017-02-09,2.363,2.363,2.32,2.32,0,0
2017-02-10,2.32,2.32,2.31,2.31,0,0
2017-02-13,2.31,2.31,2.303,2.303,0,0
2017-02-14,2.303,2.31,2.303,2.31,0,0
2017-02-15,2.31,2.31,2.308,2.308,0,0
2017-02-16,2.308,2.308,2.305,2.305,0,0
2017-02-17,2.305,2.33,2.305,2.33,0,0
2017-02-20,2.33,2.335,2.33,2.335,0,0
2017-02-21,2.335,2.335,2.325,2.325,0,0
2017-02-22,2.325,2.325,2.318,2.318,0,0
2017-02-23,2.318,2.318,2.305,2.305,0,0
2017-02-24,2.305,2.315,2.305,2.315,0,0
2017-02-27,2.315,2.315,2.315,2.315,0,0
2017-02-28,2.315,2.34,2.315,2.34,0,0
2017-03-01,2.34,2.34,2.308,2.308,0,0
2017-03-02,2.308,2.308,2.298,2.298,0,0
2017-03-03,2.298,2.308,2.298,2.308,0,0
2017-03-06,2.308,2.318,2.308,2.318,0,0
2017-03-07,2.318,2.333,2.318,2.333,0,0
2017-03-08,2.333,2.353,2.333,2.353,0,0
2017-03-09,2.353,2.388,2.353,2.388,0,0
2017-03-10,2.388,2.388,2.358,2.358,0,0
2017-03-13,2.358,2.358,2.333,2.333,0,0
2017-03-14,2.333,2.34,2.333,2.34,0,0
2017-03-15,2.34,2.34,2.328,2.328,0,0
2017-03-16,2.328,2.328,2.315,2.315,0,0
2017-03-17,2.315,2.315,2.315,2.315,0,0
2017-03-20,2.315,2.335,2.315,2.335,0,0
2017-03-21,2.335,2.34,2.335,2.34,0,0
2017-03-22,2.34,2.373,2.34,2.373,0,0
2017-03-23,2.373,2.373,2.355,2.355,0,0
2017-03-24,2.355,2.355,2.353,2.353,0,0
2017-03-27,2.353,2.353,2.353,2.353,0,0
2017-03-28,2.353,2.368,2.353,2.368,0,0
2017-03-29,2.368,2.368,2.365,2.365,0,0
2017-03-30,2.365,2.38,2.365,2.38,0,0
2017-03-31,2.38,2.383,2.38,2.383,0,0
2017-04-03,2.383,2.383,2.383,2.383,0,0
2017-04-04,2.383,2.383,2.378,2.378,0,0
2017-04-05,2.378,2.378,2.343,2.343,0,0
2017-04-06,2.343,2.343,2.315,2.315,0,0
2017-04-07,2.315,2.328,2.315,2.328,0,0
2017-04-10,2.328,2.355,2.328,2.355,0,0
2017-04-11,2.355,2.368,2.355,2.368,0,0
2017-04-12,2.368,2.373,2.368,2.373,0,0
2017-04-13,2.373,2.373,2.373,2.373,0,0
2017-04-18,2.373,2.373,2.368,2.368,0,0
2017-04-19,2.368,2.368,2.363,2.363,0,0
2017-04-20,2.363,2.365,2.363,2.365,0,0
2017-04-21,2.365,2.385,2.365,2.385,0,0
2017-04-24,2.385,2.385,2.295,2.295,0,0
2017-04-25,2.295,2.295,2.275,2.275,0,0
2017-04-26,2.275,2.303,2.275,2.303,0,0
2017-04-27,2.303,2.303,2.295,2.295,0,0
2017-04-28,2.295,2.3,2.295,2.3,0,0
2017-05-02,2.3,2.3,2.268,2.268,0,0
2017-05-04,2.268,2.28,2.268,2.28,0,0
2017-05-05,2.28,2.28,2.278,2.278,0,0
2017-05-08,2.278,2.278,2.278,2.278,0,0
2017-05-09,2.278,2.278,2.275,2.275,0,0
2017-05-10,2.275,2.283,2.275,2.283,0,0
2017-05-11,2.283,2.298,2.283,2.298,0,0
2017-05-12,2.298,2.325,2.298,2.325,0,0
2017-05-15,2.325,2.578,2.325,2.578,0,0
2017-05-16,2.578,2.585,2.578,2.585,0,0
2017-05-17,2.585,2.603,2.585,2.603,0,0
2017-05-18,2.603,2.62,2.603,2.62,0,0
2017-05-19,2.62,2.65,2.62,2.65,0,0
2017-05-22,2.65,2.655,2.65,2.655,0,0
2017-05-23,2.655,2.67,2.655,2.67,0,0
2017-05-24,2.67,2.67,2.67,2.67,0,0
2017-05-25,2.67,2.67,2.645,2.645,0,0
2017-05-26,2.645,2.738,2.645,2.738,0,0
2017-05-29,2.738,2.738,2.738,2.738,0,0
2017-05-30,2.738,2.793,2.738,2.793,0,0
2017-05-31,2.793,2.798,2.793,2.798,0,0
2017-06-01,2.798,2.803,2.798,2.803,0,0
2017-06-02,2.803,2.803,2.793,2.793,0,0
2017-06-05,2.793,2.82,2.793,2.82,0,0
2017-06-06,2.82,2.82,2.795,2.795,0,0
2017-06-07,2.795,2.805,2.795,2.805,0,0
2017-06-08,2.805,2.808,2.805,2.808,0,0
2017-06-09,2.808,2.808,2.58,2.58,0,0
2017-06-12,2.58,2.6,2.58,2.6,0,0
2017-06-13,2.6,2.613,2.6,2.613,0,0
2017-06-14,2.613,2.613,2.61,2.61,0,0
2017-06-16,2.54,2.588,2.54,2.588,0,0
2017-06-19,2.588,2.615,2.588,2.615,0,0
2017-06-20,2.495,2.7,2.495,2.7,0,0
2017-06-21,2.7,2.7,2.67,2.67,0,0
2017-06-22,2.67,2.69,2.67,2.69,0,0
2017-06-23,2.69,2.69,2.515,2.515,0,0
2017-06-26,2.515,2.515,2.475,2.475,0,0
2017-06-27,2.475,2.475,2.45,2.45,0,0
2017-06-28,2.45,2.45,2.45,2.45,0,0
2017-06-29,2.45,2.45,2.428,2.428,0,0
2017-06-30,2.428,2.448,2.428,2.448,0,0
2017-07-03,2.448,2.458,2.448,2.458,0,0
2017-07-04,2.458,2.495,2.458,2.495,0,0
2017-07-05,2.495,2.778,2.495,2.778,0,0
2017-07-06,2.778,2.878,2.778,2.878,0,0
2017-07-07,2.878,2.878,2.878,2.878,0,0
2017-07-10,2.878,2.935,2.878,2.935,0,0
2017-07-11,2.935,2.935,2.935,2.935,0,0
2017-07-12,2.935,2.935,2.9,2.9,0,0
2017-07-13,2.9,2.935,2.9,2.935,0,0
2017-07-14,2.935,2.935,2.935,2.935,0,0
2017-07-17,2.935,2.935,2.935,2.935,0,0
2017-07-18,2.935,2.935,2.935,2.935,0,0
2017-07-19,2.935,2.935,2.935,2.935,0,0
2017-07-20,2.935,2.935,2.935,2.935,0,0
2017-07-21,2.935,2.965,2.935,2.965,0,0
2017-07-24,2.965,2.998,2.965,2.998,0,0
2017-07-25,2.998,3.005,2.998,3.005,0,0
2017-07-26,3.005,3.005,3.003,3.003,0,0
2017-07-27,3.003,3.025,3.003,3.025,0,0
2017-07-28,3.025,3.048,3.025,3.048,0,0
2017-07-31,3.048,3.048,3.048,3.048,0,0
2017-08-01,3.048,3.09,3.048,3.09,0,0
2017-08-02,3.09,3.095,3.09,3.095,0,0
2017-08-03,3.095,3.108,3.095,3.108,0,0
2017-08-04,3.108,3.123,3.108,3.123,0,0
2017-08-07,3.123,3.123,3.105,3.105,0,0
2017-08-08,3.105,3.105,3.078,3.078,0,0
2017-08-09,3.078,3.103,3.078,3.103,0,0
2017-08-10,3.103,3.105,3.103,3.105,0,0
2017-08-11,3.105,3.135,3.105,3.135,0,0
2017-08-14,3.135,3.135,3.135,3.135,0,0
2017-08-16,3.135,3.135,3.128,3.128,0,0
2017-08-17,3.128,3.128,3.11,3.11,0,0
2017-08-18,3.11,3.115,3.11,3.115,0,0
2017-08-21,3.115,3.115,3.103,3.103,0,0
2017-08-22,3.103,3.115,3.103,3.115,0,0
2017-08-23,3.115,3.13,3.115,3.13,0,0
2017-08-24,3.13,3.213,3.13,3.213,0,0
2017-08-25,3.213,3.213,3.205,3.205,0,0
2017-08-28,3.205,3.205,3.18,3.18,0,0
2017-08-29,3.18,3.215,3.18,3.215,0,0
2017-08-30,3.215,3.215,3.19,3.19,0,0
2017-08-31,3.19,3.19,3.158,3.158,0,0
2017-09-01,3.158,3.158,3.145,3.145,0,0
2017-09-04,3.145,3.153,3.145,3.153,0,0
2017-09-05,3.153,3.153,3.15,3.15,0,0
2017-09-06,3.15,3.15,3.143,3.143,0,0
2017-09-07,3.143,3.158,3.143,3.158,0,0
2017-09-08,3.158,3.158,3.153,3.153,0,0
2017-09-11,3.153,3.158,3.153,3.158,0,0
2017-09-12,3.158,3.158,3.13,3.13,0,0
2017-09-13,3.13,3.13,3.11,3.11,0,0
2017-09-14,3.11,3.13,3.11,3.13,0,0
2017-09-15,3.13,3.178,3.13,3.178,0,0
2017-09-18,3.178,3.178,3.165,3.165,0,0
2017-09-19,2.54,2.54,2.538,2.538,0,0
2017-09-20,2.538,2.538,2.528,2.528,0,0
2017-09-21,2.528,2.53,2.528,2.53,0,0
2017-09-22,2.53,2.53,2.53,2.53,0,0
2017-09-25,2.53,2.53,2.53,2.53,0,0
2017-09-26,2.53,2.53,2.515,2.515,0,0
2017-09-27,2.515,2.52,2.515,2.52,0,0
2017-09-28,2.52,2.52,2.52,2.52,0,0
2017-09-29,2.498,2.498,2.498,2.498,0,0
2017-10-02,2.498,2.528,2.498,2.528,0,0
2017-10-03,2.528,2.528,2.528,2.528,0,0
2017-10-04,2.528,2.565,2.528,2.565,0,0
2017-10-05,2.565,2.565,2.555,2.555,0,0
2017-10-06,2.555,2.563,2.555,2.563,0,0
2017-10-09,2.563,2.563,2.563,2.563,0,0
2017-10-10,2.563,2.573,2.563,2.573,0,0
2017-10-11,2.573,2.573,2.573,2.573,0,0
2017-10-12,2.573,2.573,2.533,2.533,0,0
2017-10-13,2.533,2.553,2.533,2.553,0,0
2017-10-16,2.553,2.553,2.535,2.535,0,0
2017-10-17,2.535,2.56,2.535,2.56,0,0
2017-10-18,2.56,2.57,2.56,2.57,0,0
2017-10-19,2.57,2.598,2.57,2.598,0,0
2017-10-20,2.598,2.598,2.578,2.578,0,0
2017-10-23,2.578,2.6,2.578,2.6,0,0
2017-10-24,2.6,2.653,2.6,2.653,0,0
2017-10-25,2.653,2.658,2.653,2.658,0,0
2017-10-26,2.658,2.683,2.658,2.683,0,0
2017-10-27,2.683,2.683,2.648,2.648,0,0
2017-10-30,2.648,2.648,2.645,2.645,0,0
2017-10-31,2.645,2.648,2.645,2.648,0,0
2017-11-02,2.648,2.663,2.648,2.663,0,0
2017-11-03,2.663,2.675,2.663,2.675,0,0
2017-11-06,2.675,2.688,2.675,2.688,0,0
2017-11-07,2.688,2.688,2.685,2.685,0,0
2017-11-08,2.685,2.7,2.685,2.7,0,0
2017-11-09,2.7,2.7,2.685,2.685,0,0
2017-11-10,2.685,2.708,2.685,2.708,0,0
2017-11-13,2.708,2.723,2.708,2.723,0,0
2017-11-14,2.723,2.733,2.723,2.733,0,0
2017-11-15,2.733,2.755,2.733,2.755,0,0
2017-11-16,2.755,2.755,2.753,2.753,0,0
2017-11-17,2.753,2.753,2.72,2.72,0,0
2017-11-20,2.72,2.72,2.703,2.703,0,0
2017-11-21,2.703,2.703,2.683,2.683,0,0
2017-11-22,2.683,2.683,2.68,2.68,0,0
2017-11-23,2.68,2.7,2.68,2.7,0,0
2017-11-24,2.7,2.7,2.695,2.695,0,0
2017-11-27,2.695,2.698,2.695,2.698,0,0
2017-11-28,2.698,2.723,2.698,2.723,0,0
2017-11-29,2.723,2.738,2.723,2.738,0,0
2017-11-30,2.738,2.763,2.738,2.763,0,0
2017-12-01,2.763,2.763,2.738,2.738,0,0
2017-12-04,2.738,2.738,2.708,2.708,0,0
2017-12-05,2.708,2.708,2.67,2.67,0,0
2017-12-06,2.67,2.673,2.67,2.673,0,0
2017-12-07,2.673,2.678,2.673,2.678,0,0
2017-12-08,2.678,2.678,2.675,2.675,0,0
2017-12-11,2.675,2.693,2.675,2.693,0,0
2017-12-12,2.693,2.693,2.663,2.663,0,0
2017-12-13,2.663,2.673,2.663,2.673,0,0
2017-12-14,2.673,2.673,2.673,2.673,0,0
2017-12-15,2.673,2.7,2.673,2.7,0,0
2017-12-18,2.7,2.7,2.673,2.673,0,0
2017-12-19,2.48,2.48,2.473,2.473,0,0
2017-12-20,2.473,2.473,2.465,2.465,0,0
2017-12-21,2.465,2.465,2.448,2.448,0,0
2017-12-22,2.448,2.45,2.448,2.45,0,0
2017-12-27,2.45,2.45,2.443,2.443,0,0
2017-12-28,2.443,2.443,2.425,2.425,0,0
2017-12-29,2.454,2.454,2.451,2.451,0,0
2018-01-03,2.433,2.433,2.433,2.433,0,0
2018-01-04,1.988,1.988,1.988,1.988,0,0
2018-01-05,1.988,1.988,1.978,1.978,0,0
2018-01-08,1.978,1.978,1.965,1.965,0,0
2018-01-09,1.965,1.965,1.953,1.953,0,0
2018-01-10,1.953,1.953,1.903,1.903,0,0
2018-01-11,1.903,1.903,1.9,1.9,0,0
2018-01-12,1.9,1.913,1.9,1.913,0,0
2018-01-15,1.913,1.913,1.908,1.908,0,0
2018-01-16,1.908,1.908,1.903,1.903,0,0
2018-01-17,1.903,1.905,1.903,1.905,0,0
2018-01-18,1.905,1.905,1.893,1.893,0,0
2018-01-19,1.893,1.895,1.893,1.895,0,0
2018-01-22,1.895,1.895,1.895,1.895,0,0
2018-01-23,1.895,1.895,1.895,1.895,0,0
2018-01-24,1.895,1.905,1.895,1.905,0,0
2018-01-25,1.905,1.905,1.903,1.903,0,0
2018-01-26,1.903,1.903,1.9,1.9,0,0
2018-01-29,1.9,1.9,1.89,1.89,0,0
2018-01-30,1.89,1.893,1.89,1.893,0,0
2018-01-31,1.893,1.893,1.893,1.893,0,0
2018-02-01,1.893,1.923,1.893,1.923,0,0
2018-02-02,1.923,1.93,1.923,1.93,0,0
2018-02-05,1.93,1.968,1.93,1.968,0,0
2018-02-06,1.968,2.005,1.968,2.005,0,0
2018-02-07,2.005,2.005,2,2,0,0
2018-02-08,2,2,1.975,1.975,0,0
2018-02-09,1.975,2.008,1.975,2.008,0,0
2018-02-12,2.008,2.008,1.993,1.993,0,0
2018-02-13,1.993,1.993,1.978,1.978,0,0
2018-02-14,1.978,1.978,1.943,1.943,0,0
2018-02-15,1.943,1.943,1.935,1.935,0,0
2018-02-16,1.888,1.893,1.888,1.893,0,0
2018-02-19,1.893,1.893,1.888,1.888,0,0
2018-02-20,1.78,1.8,1.78,1.8,0,0
2018-02-21,1.8,1.823,1.8,1.823,0,0
2018-02-22,1.823,1.823,1.818,1.818,0,0
2018-02-23,1.818,1.818,1.813,1.813,0,0
2018-02-26,1.813,1.823,1.813,1.823,0,0
2018-02-27,1.823,1.825,1.823,1.825,0,0
2018-02-28,1.825,1.85,1.825,1.85,0,0
2018-03-01,1.85,1.855,1.85,1.855,0,0
2018-03-02,1.855,1.87,1.855,1.87,0,0
2018-03-05,1.87,1.87,1.863,1.863,0,0
2018-03-06,1.863,1.863,1.853,1.853,0,0
2018-03-07,1.853,1.853,1.848,1.848,0,0
2018-03-08,1.848,1.853,1.848,1.853,0,0
2018-03-09,1.853,1.853,1.843,1.843,0,0
2018-03-12,1.843,1.843,1.82,1.82,0,0
2018-03-13,1.82,1.828,1.82,1.828,0,0
2018-03-14,1.828,1.828,1.823,1.823,0,0
2018-03-15,1.823,1.833,1.823,1.833,0,0
2018-03-16,1.833,1.835,1.833,1.835,0,0
2018-03-19,1.835,1.838,1.835,1.838,0,0
2018-03-20,1.92,1.938,1.92,1.938,0,0
2018-03-21,1.938,1.938,1.928,1.928,0,0
2018-03-22,1.928,1.96,1.928,1.96,0,0
2018-03-23,1.96,1.973,1.96,1.973,0,0
2018-03-26,1.973,2.01,1.973,2.01,0,0
2018-03-27,2.01,2.018,2.01,2.018,0,0
2018-03-28,2.018,2.038,2.018,2.038,0,0
2018-03-29,2.038,2.038,2.035,2.035,0,0
