Date,Open,High,Low,Close,Volume,OpenInt
2008-03-25,17910,17910,17850,17850,40,0
2008-03-26,18010,18010,18010,18010,20,0
2008-03-31,17720,17720,17720,17720,10,0
2008-04-02,18250,18250,18250,18250,10,0
2008-04-07,18820,18990,18820,18950,210,0
2008-04-17,18000,18000,18000,18000,20,0
2008-04-24,18000,18000,18000,18000,10,0
2008-04-28,18390,18390,18220,18220,150,0
2008-04-30,18420,18420,18420,18420,20,0
2008-05-07,18050,18050,17610,17610,30,0
2008-05-08,17600,17650,17600,17650,50,0
2008-05-09,17650,17650,17650,17650,10,0
2008-05-12,17760,17780,17760,17780,30,0
2008-05-13,18010,18010,18010,18010,10,0
2008-05-14,18200,18210,18200,18210,60,0
2008-05-20,18260,18260,18260,18260,10,0
2008-05-22,18140,18140,18140,18140,10,0
2008-05-23,18500,18500,18480,18480,20,0
2008-05-26,18350,18350,17940,18080,300,0
2008-05-27,18080,18080,18070,18070,140,0
2008-06-05,18270,18270,18270,18270,10,0
2008-06-09,17740,17890,17740,17890,60,0
2008-06-10,18090,18090,17760,17760,120,0
2008-06-11,17700,17700,17700,17700,20,0
2008-06-12,17330,17330,17330,17330,30,0
2008-06-16,17990,17990,17990,17990,10,0
2008-06-20,17320,17320,17290,17290,30,0
2008-06-23,17090,17090,17090,17090,10,0
2008-07-03,17330,17330,17330,17330,10,0
2008-07-07,16980,16980,16980,16980,10,0
2008-07-09,17070,17070,17070,17070,10,0
2008-07-11,16750,16750,16750,16750,10,0
2008-07-14,16650,16650,16650,16650,10,0
2008-07-15,16610,16610,16610,16610,30,0
2008-07-16,16780,16780,16780,16780,20,0
2008-07-17,16980,16980,16980,16980,10,0
2008-07-18,16990,16990,16990,16990,20,0
2008-07-23,17490,17490,17490,17490,30,0
2008-07-24,17580,17580,17580,17580,10,0
2008-07-28,18000,18000,18000,18000,20,0
2008-07-30,18270,18270,18270,18270,10,0
2008-08-01,18670,18670,18670,18670,10,0
2008-08-11,18620,18620,18510,18510,30,0
2008-08-28,18330,18330,18330,18330,10,0
2008-09-01,18510,18510,18510,18510,11,0
2008-09-03,18650,18650,18650,18650,10,0
2008-09-05,18360,18360,18270,18270,5,0
2008-09-11,18030,18030,17800,17800,2,0
2008-09-12,17600,17880,17600,17700,40,0
2008-09-16,17470,17870,16980,17010,872,0
2008-09-17,17010,17010,17010,17010,10,0
2008-09-22,17500,17500,16900,16900,12,0
2008-09-30,16540,16540,16540,16540,6,0
2008-10-02,17100,17100,17020,17020,21,0
2008-10-03,17030,17030,17030,17030,20,0
2008-10-06,16870,16870,16400,16400,12,0
2008-10-07,15000,15940,15000,15930,22,0
2008-10-10,15730,15730,14600,14600,8,0
2008-10-14,14800,14800,14690,14720,125,0
2008-10-15,14920,14920,14600,14830,35,0
2008-10-16,14430,14430,13960,13960,4,0
2008-10-21,15270,15270,14900,14900,8,0
2008-10-22,14400,14400,14400,14400,50,0
2008-10-23,14490,14490,13510,13510,15,0
2008-10-24,13750,13750,13400,13410,7,0
2008-10-27,12810,12810,12800,12800,2,0
2008-10-28,12240,12240,12240,12240,20,0
2008-10-29,13400,13610,13400,13610,16,0
2008-10-30,14130,14130,13900,13900,27,0
2008-10-31,14400,14400,14400,14400,25,0
2008-11-05,14980,14980,14920,14920,4,0
2008-11-06,14650,14700,14650,14700,3,0
2008-11-07,13500,14270,13500,14270,10,0
2008-11-10,15070,15070,14670,14670,11,0
2008-11-11,15000,15000,14400,14400,20,0
2008-11-12,14110,14110,14090,14090,25,0
2008-11-13,13740,13740,13700,13700,6,0
2008-11-14,14140,14140,14140,14140,1,0
2008-11-17,14370,14370,14140,14140,6,0
2008-11-18,14130,14130,14130,14130,5,0
2008-11-25,14420,14420,14290,14290,2,0
2008-11-26,14200,14200,14200,14200,1,0
2008-11-27,14300,14300,14300,14300,1,0
2008-11-28,14440,14440,14440,14440,1,0
2008-12-03,14100,14100,14080,14080,101,0
2008-12-05,14140,14230,14140,14140,73,0
2008-12-08,14460,14500,14460,14500,21,0
2008-12-10,14190,14190,14170,14170,2,0
2008-12-11,14340,14340,14340,14340,1,0
2008-12-15,14280,14280,14280,14280,1,0
2008-12-16,14050,14050,14000,14000,3,0
2008-12-19,14000,14000,14000,14000,1,0
2008-12-24,14000,14000,14000,14000,1,0
2008-12-26,14070,14070,14070,14070,1,0
2008-12-29,14020,14020,13910,13910,14,0
2008-12-30,14070,14180,14070,14180,3,0
2009-01-05,14340,14340,14100,14100,4,0
2009-01-06,14100,14100,14100,14100,10,0
2009-01-07,13990,13990,13500,13510,224,0
2009-01-08,13420,13640,13420,13640,142,0
2009-01-09,13560,13560,13560,13560,1,0
2009-01-14,13100,13100,13100,13100,1,0
2009-01-15,12710,12710,12710,12710,1,0
2009-01-20,12460,12460,12420,12420,80,0
2009-01-21,12230,12450,12230,12450,19,0
2009-01-22,12380,12420,12380,12420,6,0
2009-01-23,12510,12510,12510,12510,1,0
2009-01-26,12440,12520,12400,12520,142,0
2009-01-27,12750,12800,12750,12800,109,0
2009-01-29,12910,12910,12910,12910,100,0
2009-01-30,12770,12770,12770,12770,100,0
2009-02-02,12820,12820,12820,12820,100,0
2009-02-05,12140,12140,12070,12110,10,0
2009-02-06,12180,12180,12180,12180,4,0
2009-02-09,12580,12580,12010,12010,15,0
2009-02-10,12130,12130,11840,11840,22,0
2009-02-12,11640,11910,11640,11720,108,0
2009-02-13,11900,11910,11830,11830,9,0
2009-02-16,11900,11900,11900,11900,3,0
2009-02-17,11760,11760,11650,11670,17,0
2009-02-18,11530,11530,11430,11440,44,0
2009-02-20,11520,11520,11520,11520,10,0
2009-02-23,11320,11330,11320,11330,6,0
2009-02-25,11400,11400,11380,11380,12,0
2009-02-26,11720,11720,11720,11720,1,0
2009-02-27,11360,11640,11360,11640,11,0
2009-03-02,11440,11440,11270,11270,12,0
2009-03-03,11070,11220,11070,11180,18,0
2009-03-04,11150,11210,11040,11210,4,0
2009-03-05,11440,11440,11440,11440,1,0
2009-03-09,11310,11310,11230,11230,2,0
2009-03-10,11150,11150,11130,11130,2,0
2009-03-16,11410,11410,11380,11380,2,0
2009-03-17,11500,11500,11500,11500,12,0
2009-03-18,11500,11660,11470,11610,457,0
2009-03-23,11880,11920,11880,11920,6,0
2009-03-24,12320,12320,11930,12100,63,0
2009-03-25,12150,12460,12150,12460,17,0
2009-03-26,12110,12660,12110,12650,43,0
2009-03-27,13040,13040,12570,12630,450,0
2009-03-30,12700,12720,12500,12500,147,0
2009-03-31,12250,12290,12140,12140,27,0
2009-04-01,12100,12300,12030,12290,206,0
2009-04-02,12590,12590,12520,12560,4,0
2009-04-03,12710,12710,12500,12500,103,0
2009-04-06,12500,12520,12480,12480,55,0
2009-04-07,12430,12430,12430,12430,40,0
2009-04-08,12250,12250,12230,12230,44,0
2009-04-09,12410,12450,12410,12450,50,0
2009-04-10,12450,12450,12450,12450,70,0
2009-04-13,12530,12530,12450,12450,6,0
2009-04-14,12400,12400,12330,12340,43,0
2009-04-15,12340,12380,12230,12380,13,0
2009-04-17,12470,12470,12170,12200,99,0
2009-04-20,12280,12280,12000,12000,271,0
2009-04-21,12000,12000,11810,11840,148,0
2009-04-22,12000,12000,11960,11960,2,0
2009-04-23,11960,11960,11890,11920,5,0
2009-04-27,12160,12160,11800,11800,8,0
2009-04-28,11900,11900,11900,11900,2,0
2009-04-30,11980,12060,11980,12000,40,0
2009-05-01,11800,11870,11730,11780,20,0
2009-05-07,12000,12000,11970,11980,172,0
2009-05-08,12180,12180,12160,12160,3,0
2009-05-11,12280,12420,12280,12420,380,0
2009-05-12,12620,13020,12360,12360,44,0
2009-05-13,12560,12560,12480,12480,29,0
2009-05-14,12440,12440,12440,12440,1,0
2009-05-15,12450,12470,12450,12470,25,0
2009-05-18,12300,12310,12110,12250,43,0
2009-05-19,12590,12600,12500,12600,33,0
2009-05-20,12670,12690,12660,12660,67,0
2009-05-25,12790,12950,12790,12950,3,0
2009-05-26,13050,13060,12890,12990,426,0
2009-05-27,12990,13050,12990,13050,19,0
2009-05-29,12800,12800,12770,12770,55,0
2009-06-01,12820,12900,12820,12890,38,0
2009-06-02,13090,13090,12950,13010,85,0
2009-06-03,12980,12980,12940,12940,3,0
2009-06-04,12850,12850,12810,12810,16,0
2009-06-05,12990,12990,12820,12830,53,0
2009-06-09,12920,13000,12920,13000,8,0
2009-06-10,13200,13270,13150,13240,51,0
2009-06-11,13270,13270,13210,13210,11,0
2009-06-12,13180,13390,13180,13390,101,0
2009-06-15,13440,13480,13440,13480,105,0
2009-06-16,13470,13470,13340,13340,13,0
2009-06-17,13360,13510,13360,13510,22,0
2009-06-18,13430,13680,13430,13620,108,0
2009-06-19,13570,13710,13570,13630,26,0
2009-06-22,13700,13810,13700,13810,30,0
2009-06-23,13690,13690,13590,13590,32,0
2009-06-24,13620,13620,13620,13620,200,0
2009-06-25,13730,13750,13690,13740,14,0
2009-06-26,13540,13630,13540,13630,119,0
2009-06-29,13750,13750,13750,13750,1,0
2009-06-30,13870,13870,13870,13870,2,0
2009-07-01,13700,13870,13660,13660,33,0
2009-07-02,13630,13630,13460,13460,8,0
2009-07-03,13230,13350,13180,13350,10,0
2009-07-06,13150,13290,13150,13290,111,0
2009-07-07,13350,13540,13350,13540,105,0
2009-07-08,13350,13400,13350,13380,13,0
2009-07-09,13090,13090,13090,13090,1,0
2009-07-10,13020,13090,13020,13090,17,0
2009-07-14,13400,13400,13290,13290,8,0
2009-07-17,13380,13380,13380,13380,3,0
2009-07-21,13550,13550,13450,13450,7,0
2009-07-22,13490,13500,13490,13500,3,0
2009-07-23,13480,13480,13480,13480,3,0
2009-07-24,13280,13400,13280,13400,501,0
2009-07-27,13530,13530,13430,13430,803,0
2009-07-28,13570,13670,13570,13670,14,0
2009-07-29,13760,13770,13730,13770,527,0
2009-07-30,13710,13710,13660,13670,90,0
2009-07-31,13790,13810,13770,13790,11,0
2009-08-03,14050,14050,13940,14000,38,0
2009-08-04,14170,14170,14000,14030,130,0
2009-08-05,14080,14120,14000,14010,100,0
2009-08-06,14090,14100,14080,14100,20,0
2009-08-07,14070,14170,14060,14170,1000,0
2009-08-10,14100,14100,14100,14100,1,0
2009-08-11,14120,14190,14120,14190,14,0
2009-08-12,14090,14160,14090,14110,511,0
2009-08-13,14110,14110,14060,14060,3,0
2009-08-14,13860,14150,13860,14100,48,0
2009-08-17,14090,14090,14000,14000,10,0
2009-08-18,13820,13820,13820,13820,4,0
2009-08-19,13830,13830,13820,13820,6,0
2009-08-24,14270,14270,14270,14270,1,0
2009-08-25,14070,14260,14070,14210,10,0
2009-08-26,14380,14380,14190,14290,320,0
2009-08-27,14150,14150,14110,14110,25,0
2009-08-28,14290,14290,14230,14230,10,0
2009-08-31,14370,14370,14370,14370,10,0
2009-09-02,14060,14060,13950,13950,5,0
2009-09-04,14140,14180,14140,14180,42,0
2009-09-07,14210,14210,14210,14210,1,0
2009-09-17,14280,14420,14280,14420,6,0
2009-09-18,14380,14430,14300,14320,52,0
2009-09-24,14460,14800,14460,14630,525,0
2009-09-25,14370,14490,14370,14490,36,0
2009-09-28,14380,14480,14350,14480,38,0
2009-09-29,14320,14320,14320,14320,2,0
2009-09-30,14350,14530,14350,14520,53,0
2009-10-01,14390,14390,14390,14390,6,0
2009-10-02,14190,14190,14030,14070,53,0
2009-10-05,14100,14220,14100,14220,12,0
2009-10-06,14230,14230,14200,14200,9,0
2009-10-07,13960,13960,13960,13960,1,0
2009-10-09,13880,13900,13870,13880,12,0
2009-10-13,13940,13940,13860,13860,3,0
2009-10-14,14020,14070,14020,14050,5,0
2009-10-15,14160,14170,14040,14040,40,0
2009-10-16,14150,14170,14150,14170,3,0
2009-10-19,14230,14240,14230,14240,6,0
2009-10-20,14430,14430,14290,14320,16,0
2009-10-21,14290,14290,14290,14290,2,0
2009-10-22,14150,14150,14100,14100,12,0
2009-10-23,14290,14330,14290,14330,6,0
2009-10-26,14340,14420,14340,14380,5,0
2009-10-27,14360,14380,14300,14340,16,0
2009-10-28,14300,14340,14300,14310,5,0
2009-10-29,14180,14180,14120,14120,4,0
2009-10-30,14170,14170,14050,14050,20,0
2009-11-02,13980,14040,13860,14040,21,0
2009-11-04,14020,14020,13900,13940,11,0
2009-11-05,13840,13840,13790,13790,21,0
2009-11-06,13810,13850,13810,13850,17,0
2009-11-09,13960,13960,13750,13750,4,0
2009-11-10,13890,13890,13890,13890,3,0
2009-11-11,13800,13800,13710,13720,15,0
2009-11-12,13710,13720,13580,13580,1328,0
2009-11-13,13490,13620,13490,13600,23,0
2009-11-16,13610,13610,13610,13610,3,0
2009-11-17,13620,13620,13620,13620,8,0
2009-11-18,13590,13590,13410,13410,32,0
2009-11-19,13400,13410,13380,13380,12,0
2009-11-20,13340,13380,13340,13380,4,0
2009-11-25,13460,13460,13380,13380,5,0
2009-11-26,13430,13430,13430,13430,2,0
2009-11-30,13340,13520,13340,13520,68,0
2009-12-01,13540,13690,13540,13660,28,0
2009-12-02,13460,13460,13460,13460,2,0
2009-12-03,13810,14100,13810,14100,37,0
2009-12-04,14100,14180,14020,14020,22,0
2009-12-07,14220,14220,14050,14100,9,0
2009-12-08,14050,14130,14050,14130,4,0
2009-12-09,14100,14110,14030,14030,3,0
2009-12-10,13970,13970,13890,13890,14,0
2009-12-11,13890,13890,13890,13890,1,0
2009-12-14,13800,13860,13800,13860,59,0
2009-12-15,13820,13910,13820,13910,3,0
2009-12-16,14110,14110,14040,14080,876,0
2009-12-17,14130,14130,14090,14120,182,0
2009-12-18,14010,14170,14010,14160,1285,0
2009-12-21,14060,14210,14060,14200,13,0
2009-12-22,14210,14360,14210,14360,915,0
2009-12-24,14560,14670,14560,14660,347,0
2009-12-25,14640,14720,14640,14680,25,0
2009-12-28,14720,14720,14720,14720,10,0
2009-12-29,14670,14670,14670,14670,12,0
2009-12-30,14650,14650,14600,14600,17,0
2010-01-04,14740,14740,14720,14720,14,0
2010-01-05,14760,14760,14670,14680,315,0
2010-01-06,14690,14790,14660,14740,236,0
2010-01-07,14680,14680,14640,14680,78,0
2010-01-08,14760,14780,14640,14730,353,0
2010-01-12,14800,14860,14780,14860,85,0
2010-01-13,14900,15000,14810,14890,36,0
2010-01-14,14590,14770,14590,14690,102,0
2010-01-15,14390,14860,14390,14860,397,0
2010-01-18,14820,14820,14660,14770,247,0
2010-01-19,14830,14830,14760,14770,102,0
2010-01-20,14720,14730,14520,14580,241,0
2010-01-21,14280,14690,14280,14690,1578,0
2010-01-22,14490,14510,14440,14510,134,0
2010-01-25,14390,14410,14330,14370,422,0
2010-01-26,14400,14420,14310,14310,90,0
2010-01-27,14380,14450,14380,14450,90,0
2010-01-28,14360,14440,14360,14440,153,0
2010-01-29,14400,14400,14340,14380,98,0
2010-02-01,14510,14600,14490,14600,354,0
2010-02-02,14730,14730,14540,14590,156,0
2010-02-03,14620,14650,14620,14650,27,0
2010-02-04,14700,14700,14700,14700,16,0
2010-02-05,14400,14520,14400,14520,578,0
2010-02-08,14450,14450,14180,14180,179,0
2010-02-09,14140,14140,14140,14140,151,0
2010-02-10,14210,14270,14210,14230,6,0
2010-02-12,14210,14240,14210,14240,76,0
2010-02-15,14200,14200,14200,14200,2,0
2010-02-16,14060,14060,14060,14060,1,0
2010-02-17,14190,14270,14180,14270,380,0
2010-02-18,14310,14310,14310,14310,4,0
2010-02-19,14240,14240,14080,14130,245,0
2010-02-22,14300,14500,14300,14430,2570,0
2010-02-23,14320,14350,14300,14340,241,0
2010-02-24,14190,14190,14190,14190,9,0
2010-02-25,14290,14290,14210,14210,5,0
2010-03-01,14200,14220,14130,14130,230,0
2010-03-02,14240,14240,14170,14170,9,0
2010-03-03,14170,14210,14170,14210,7,0
2010-03-05,14330,14390,14330,14350,516,0
2010-03-08,14500,14500,14500,14500,1,0
2010-03-09,14500,14500,14500,14500,14,0
2010-03-12,14590,14590,14560,14560,2,0
2010-03-15,14510,14580,14460,14470,361,0
2010-03-16,14510,14510,14490,14490,154,0
2010-03-17,14590,14590,14560,14580,232,0
2010-03-18,14570,14680,14570,14640,390,0
2010-03-19,14630,14730,14630,14730,335,0
2010-03-23,14640,14690,14640,14670,234,0
2010-03-24,14670,14680,14590,14620,163,0
2010-03-25,14630,14630,14630,14630,1,0
2010-03-26,14640,14860,14630,14860,238,0
2010-03-29,14850,14850,14790,14790,13,0
2010-03-30,14830,14830,14830,14830,10,0
2010-03-31,14900,14950,14900,14950,8,0
2010-04-01,14740,14840,14530,14820,748,0
2010-04-02,14930,14930,14930,14930,3,0
2010-04-05,14850,14850,14790,14790,52,0
2010-04-06,14760,14770,14760,14760,58,0
2010-04-07,14780,14790,14780,14790,7,0
2010-04-08,14770,14770,14750,14750,12,0
2010-04-12,14880,14990,14880,14900,111,0
2010-04-13,14780,14780,14700,14700,3,0
2010-04-15,14750,14790,14750,14790,6,0
2010-04-19,14490,14490,14340,14490,12,0
2010-04-20,14550,14550,14470,14470,38,0
2010-04-21,14500,14550,14500,14550,4,0
2010-04-22,14500,14500,14400,14400,3,0
2010-04-26,14600,14600,14570,14570,3,0
2010-04-27,14500,14500,14480,14480,4,0
2010-04-28,14200,14250,14200,14250,107,0
2010-05-06,14190,14330,14190,14330,36,0
2010-05-07,14030,14030,13800,13970,83,0
2010-05-10,13850,13990,13850,13990,54,0
2010-05-11,14000,14060,14000,14000,12,0
2010-05-12,14040,14040,14040,14040,1,0
2010-05-13,14160,14200,14160,14200,12,0
2010-05-18,13960,13960,13960,13960,3,0
2010-05-19,13660,13660,13630,13630,2,0
2010-05-20,13660,13660,13660,13660,10,0
2010-05-21,13360,13400,13300,13300,59,0
2010-05-24,13370,13370,13370,13370,1,0
2010-05-28,13200,13200,13200,13200,1,0
2010-05-31,13120,13200,13120,13200,5,0
2010-06-02,13230,13350,13230,13280,183,0
2010-06-03,13470,13470,13430,13430,160,0
2010-06-04,13510,13510,13500,13500,7,0
2010-06-07,13230,13230,13200,13200,80,0
2010-06-08,13080,13140,13080,13130,85,0
2010-06-09,13140,13140,13040,13090,243,0
2010-06-14,13530,13600,13530,13590,90,0
2010-06-15,13600,13600,13600,13600,90,0
2010-06-16,13700,13710,13650,13710,215,0
2010-06-18,13730,13730,13730,13730,3,0
2010-06-21,13790,13790,13790,13790,1,0
2010-06-22,13730,13810,13730,13800,22,0
2010-06-28,13460,13460,13460,13460,1,0
2010-06-29,13530,13530,13450,13450,103,0
2010-06-30,13170,13280,13170,13280,5,0
2010-07-01,13080,13090,13080,13090,3,0
2010-07-02,13180,13180,13080,13080,3,0
2010-07-05,13040,13040,13040,13040,9,0
2010-07-07,13130,13130,13130,13130,3,0
2010-07-12,13320,13320,13310,13310,2,0
2010-07-13,12920,12920,12920,12920,10,0
2010-07-15,12910,12910,12910,12910,1,0
2010-07-20,12700,12700,12700,12700,10,0
2010-07-21,12870,12870,12870,12870,3,0
2010-07-22,12690,12690,12690,12690,1,0
2010-07-23,13010,13010,13010,13010,30,0
2010-07-26,13190,13190,13190,13190,3,0
2010-07-30,13050,13050,13050,13050,40,0
2010-08-02,12990,12990,12980,12980,5,0
2010-08-03,13050,13050,13050,13050,1,0
2010-08-04,12970,12970,12800,12840,159,0
2010-08-05,13060,13060,13060,13060,1,0
2010-08-06,12990,12990,12990,12990,12,0
2010-08-09,13000,13000,13000,13000,10,0
2010-08-10,13160,13160,13060,13060,69,0
2010-08-11,12900,12910,12900,12910,21,0
2010-08-12,12720,12720,12720,12720,12,0
2010-08-16,12910,12980,12910,12980,86,0
2010-08-18,13060,13080,12950,13080,158,0
2010-08-19,13040,13060,13040,13060,78,0
2010-08-20,12930,12930,12910,12910,6,0
2010-08-23,12870,12870,12870,12870,1,0
2010-08-25,12730,12730,12730,12730,76,0
2010-08-26,12750,12790,12750,12790,77,0
2010-08-27,12780,12840,12730,12840,381,0
2010-08-31,12820,12820,12710,12720,307,0
2010-09-01,12680,12680,12680,12680,76,0
2010-09-02,12970,12970,12840,12930,457,0
2010-09-03,12930,12930,12830,12840,384,0
2010-09-06,13130,13130,12850,12880,410,0
2010-09-07,12790,12840,12790,12790,162,0
2010-09-08,12700,12740,12700,12740,22,0
2010-09-10,13050,13050,13050,13050,1,0
2010-09-13,13100,13100,13100,13100,102,0
2010-09-15,13090,13260,13090,13260,6,0
2010-09-16,13300,13300,13210,13210,5,0
2010-09-21,13260,13260,13260,13260,3,0
2010-09-22,13120,13120,13080,13080,101,0
2010-09-24,13010,13100,13010,13100,6,0
2010-09-27,13070,13130,13070,13130,9,0
2010-09-29,12830,13230,12830,13230,12,0
2010-09-30,13230,13230,13230,13230,2,0
2010-10-04,13030,13030,13030,13030,1,0
2010-10-05,12800,12800,12790,12790,10,0
2010-10-06,12950,12980,12950,12980,16,0
2010-10-07,12920,12940,12920,12940,7,0
2010-10-08,12740,12740,12740,12740,4,0
2010-10-12,12740,12740,12380,12380,6,0
2010-10-13,12490,12490,12350,12350,8,0
2010-10-18,12370,12370,12370,12370,5,0
2010-10-19,12470,12490,12470,12490,23,0
2010-10-20,12400,12410,12400,12410,3,0
2010-10-25,12510,12510,12460,12460,5,0
2010-10-26,12510,12520,12510,12520,13,0
2010-10-27,12460,12460,12400,12400,2,0
2010-10-29,12030,12030,12030,12030,1,0
2010-11-01,12090,12090,12000,12000,19,0
2010-11-02,12020,12020,12020,12020,7,0
2010-11-04,12320,12320,12210,12210,7,0
2010-11-05,12390,12440,12390,12440,10,0
2010-11-08,12420,12420,12250,12250,40,0
2010-11-09,12360,12360,12290,12290,6,0
2010-11-10,12380,12540,12380,12540,9,0
2010-11-11,12600,12600,12600,12600,10,0
2010-11-12,12500,12610,12500,12610,2,0
2010-11-18,12710,12710,12710,12710,6,0
2010-11-19,13000,13000,13000,13000,1,0
2010-11-22,13020,13050,12980,13050,15,0
2010-11-24,12750,12750,12750,12750,11,0
2010-11-25,12940,12940,12880,12880,2,0
2010-12-02,13100,13100,12900,12900,2,0
2010-12-03,12920,12920,12920,12920,1,0
2010-12-07,12760,12760,12760,12760,55,0
2010-12-08,12870,12920,12870,12870,57,0
2010-12-10,12960,12960,12960,12960,1,0
2010-12-13,12930,12980,12920,12980,44,0
2010-12-14,12980,12980,12980,12980,20,0
2010-12-20,12980,12980,12980,12980,3,0
2010-12-21,12990,13130,12990,13130,57,0
2010-12-22,13170,13170,13100,13100,610,0
2010-12-24,13040,13070,13030,13030,117,0
2010-12-27,13050,13080,13050,13080,4,0
2010-12-29,13050,13050,13050,13050,11,0
2010-12-30,13040,13040,12950,12950,1763,0
2011-01-04,13070,13090,13070,13090,57,0
2011-01-05,13100,13100,13070,13090,25,0
2011-01-06,13130,13130,13110,13110,168,0
2011-01-11,13170,13190,13170,13190,2,0
2011-01-12,13260,13260,13260,13260,2,0
2011-01-14,13280,13280,13280,13280,1,0
2011-01-17,13330,13330,13290,13290,783,0
2011-01-18,13260,13320,13260,13290,28,0
2011-01-19,13300,13300,13300,13300,11,0
2011-01-20,13230,13230,13190,13190,43,0
2011-01-21,13260,13260,13020,13050,191,0
2011-01-24,13130,13130,13060,13060,5,0
2011-01-26,13220,13240,13220,13240,29,0
2011-01-27,13320,13320,13320,13320,20,0
2011-01-28,13270,13270,13190,13190,44,0
2011-01-31,13050,13050,13010,13030,121,0
2011-02-01,13070,13090,13060,13090,15,0
2011-02-02,13190,13250,13190,13190,66,0
2011-02-03,13160,13190,13160,13190,2,0
2011-02-04,13340,13410,13340,13410,790,0
2011-02-07,13480,13480,13390,13390,176,0
2011-02-08,13480,13480,13460,13460,12,0
2011-02-09,13540,13540,13520,13520,28,0
2011-02-10,13380,13540,13380,13540,26,0
2011-02-14,13550,13570,13550,13570,28,0
2011-02-15,13600,13640,13600,13620,55,0
2011-02-17,13720,13760,13670,13750,158,0
2011-02-18,13770,13770,13690,13720,125,0
2011-02-21,13700,13750,13700,13750,14,0
2011-02-22,13730,13740,13680,13700,41,0
2011-02-23,13630,13650,13590,13590,127,0
2011-02-24,13570,13570,13450,13450,557,0
2011-02-25,13480,13590,13480,13590,46,0
2011-02-28,13590,13630,13500,13600,95,0
2011-03-01,13710,13710,13710,13710,20,0
2011-03-02,13640,13640,13500,13500,322,0
2011-03-03,13510,13540,13510,13540,11,0
2011-03-04,13670,13670,13630,13630,73,0
2011-03-07,13540,13550,13430,13430,389,0
2011-03-08,13530,13530,13480,13490,255,0
2011-03-09,13590,13680,13590,13680,76,0
2011-03-10,13580,13580,13580,13580,25,0
2011-03-11,13490,13490,13410,13410,356,0
2011-03-14,12210,13000,12210,12830,264,0
2011-03-15,12180,12210,11400,11400,68,0
2011-03-16,11700,12120,11700,12110,97,0
2011-03-17,11810,12100,11760,12100,37,0
2011-03-18,12250,12400,12130,12150,162,0
2011-03-22,12530,12530,12500,12520,205,0
2011-03-23,12580,12580,12430,12520,141,0
2011-03-24,12520,12540,12420,12420,135,0
2011-03-25,12580,12580,12480,12580,54,0
2011-03-28,12570,12570,12500,12550,63,0
2011-03-29,12450,12470,12440,12470,21,0
2011-03-30,12530,12670,12520,12670,437,0
2011-03-31,12580,12580,12550,12580,130,0
2011-04-01,12580,12580,12440,12450,398,0
2011-04-04,12480,12480,12440,12450,214,0
2011-04-05,12480,12500,12390,12400,44,0
2011-04-06,12460,12480,12460,12480,64,0
2011-04-07,12600,12600,12560,12560,107,0
2011-04-08,12680,12750,12680,12720,261,0
2011-04-11,12750,12820,12700,12780,87,0
2011-04-12,12710,12750,12570,12590,234,0
2011-04-13,12620,12700,12600,12700,188,0
2011-04-14,12600,12600,12510,12600,400,0
2011-04-15,12600,12610,12580,12610,19,0
2011-04-18,12620,12700,12620,12700,69,0
2011-04-19,12590,12590,12520,12520,25,0
2011-04-20,12650,12740,12650,12670,272,0
2011-04-21,12710,12730,12700,12730,30,0
2011-04-22,12700,12730,12660,12710,226,0
2011-04-25,12690,12690,12690,12690,101,0
2011-04-26,12660,12660,12600,12600,141,0
2011-04-27,12720,12820,12720,12740,149,0
2011-04-28,12800,12920,12800,12920,604,0
2011-05-02,13220,13220,13110,13210,67,0
2011-05-06,13110,13200,13070,13200,9,0
2011-05-09,13170,13170,13020,13050,144,0
2011-05-10,13140,13180,13140,13180,232,0
2011-05-11,13280,13280,13110,13180,688,0
2011-05-12,13150,13150,12990,12990,160,0
2011-05-13,12920,12920,12920,12920,129,0
2011-05-17,12820,12820,12750,12800,10,0
2011-05-18,13050,13050,13050,13050,10,0
2011-05-19,12980,12980,12980,12980,5,0
2011-05-20,12940,12970,12940,12960,25,0
2011-05-23,12860,12860,12790,12790,8,0
2011-05-24,12790,12890,12790,12890,15,0
2011-05-25,12860,12900,12860,12900,11,0
2011-05-27,12880,12970,12880,12970,269,0
2011-05-30,12880,12880,12830,12870,136,0
2011-05-31,12900,13030,12900,13030,514,0
2011-06-01,13110,13110,13110,13110,57,0
2011-06-02,12920,12960,12920,12940,175,0
2011-06-03,12990,12990,12920,12940,63,0
2011-06-07,12850,12850,12850,12850,126,0
2011-06-08,12840,12870,12820,12870,131,0
2011-06-09,12840,12840,12840,12840,4,0
2011-06-10,13000,13000,13000,13000,18,0
2011-06-13,12860,12880,12860,12880,3,0
2011-06-14,12820,12960,12820,12940,134,0
2011-06-15,13010,13010,12970,13000,237,0
2011-06-16,12850,12850,12850,12850,126,0
2011-06-17,12680,12680,12680,12680,1,0
2011-06-20,12660,12660,12660,12660,11,0
2011-06-23,12850,12980,12850,12980,47,0
2011-06-24,13010,13060,13010,13060,158,0
2011-06-27,13010,13010,12950,12950,16,0
2011-06-29,13110,13180,13110,13180,21,0
2011-06-30,13170,13200,13170,13200,11,0
2011-07-01,13280,13280,13240,13240,12,0
2011-07-04,13400,13400,13400,13400,1,0
2011-07-05,13330,13330,13330,13330,11,0
2011-07-06,13330,13380,13300,13380,312,0
2011-07-07,13400,13440,13400,13440,16,0
2011-07-08,13620,13620,13560,13560,30,0
2011-07-11,13480,13480,13480,13480,168,0
2011-07-12,13400,13450,13360,13430,456,0
2011-07-13,13140,13210,13130,13210,410,0
2011-07-14,13140,13180,13140,13160,64,0
2011-07-15,13140,13140,13140,13140,10,0
2011-07-20,13040,13040,13040,13040,2,0
2011-07-21,13000,13000,13000,13000,11,0
2011-07-25,13090,13090,13050,13050,34,0
2011-07-27,13230,13300,13230,13260,92,0
2011-07-28,13230,13230,13120,13120,29,0
2011-07-29,13350,13360,13280,13280,162,0
2011-08-01,13240,13240,13210,13210,4,0
2011-08-02,13300,13300,13300,13300,2,0
2011-08-03,13100,13100,12970,13000,94,0
2011-08-05,12610,12750,12610,12680,3,0
2011-08-08,12630,12630,12550,12560,294,0
2011-08-09,12280,12280,12270,12270,2,0
2011-08-10,12570,12670,12460,12670,38,0
2011-08-11,12590,12640,12590,12640,37,0
2011-08-12,12780,12780,12610,12610,19,0
2011-08-15,12790,12810,12790,12810,4,0
2011-08-16,12680,12680,12680,12680,6,0
2011-08-19,12460,12460,12460,12460,46,0
2011-08-22,12600,12620,12570,12620,13,0
2011-08-23,12730,12780,12730,12780,2,0
2011-08-24,12710,12710,12690,12690,3,0
2011-08-25,12740,12750,12670,12670,15,0
2011-08-26,12590,12590,12580,12580,3,0
2011-08-29,12610,12680,12540,12630,75,0
2011-08-30,12740,12740,12740,12740,24,0
2011-08-31,12630,12750,12630,12750,14,0
2011-09-01,12920,12960,12920,12960,3,0
2011-09-02,12880,12880,12820,12820,2,0
2011-09-05,12700,12720,12700,12720,25,0
2011-09-06,12850,12850,12770,12770,34,0
2011-09-07,12660,12800,12660,12770,5,0
2011-09-08,12880,12880,12880,12880,51,0
2011-09-09,13030,13100,13000,13060,164,0
2011-09-12,12930,12930,12910,12910,24,0
2011-09-13,12910,12930,12880,12930,14,0
2011-09-14,12850,12880,12850,12860,3,0
2011-09-15,12870,12870,12810,12820,53,0
2011-09-16,12940,12940,12890,12900,14,0
2011-09-20,12940,13080,12940,13080,14,0
2011-09-21,13080,13080,13080,13080,6,0
2011-09-22,13120,13120,13040,13060,9,0
2011-09-26,13150,13150,13100,13100,2,0
2011-09-28,13300,13460,13300,13300,16,0
2011-09-29,13180,13420,13180,13420,124,0
2011-09-30,13440,13570,13440,13570,28,0
2011-10-03,13410,13560,13410,13540,18,0
2011-10-04,13470,13470,13470,13470,7,0
2011-10-05,13500,13500,13480,13490,26,0
2011-10-06,13520,13540,13470,13470,174,0
2011-10-07,13470,13470,13260,13260,9,0
2011-10-11,13390,13500,13390,13440,33,0
2011-10-12,13330,13440,13280,13310,10,0
2011-10-13,13300,13300,13200,13200,4,0
2011-10-17,13320,13320,13320,13320,1,0
2011-10-18,13320,13320,13320,13320,1,0
2011-10-19,13260,13270,13250,13250,3,0
2011-10-21,13390,13390,13300,13300,11,0
2011-10-25,13340,13340,13330,13330,2,0
2011-10-26,13070,13110,13070,13110,4,0
2011-10-27,13000,13000,13000,13000,1,0
2011-10-28,13250,13340,13250,13340,2,0
2011-10-31,13470,13490,13390,13400,177,0
2011-11-01,13290,13290,13250,13250,23,0
2011-11-02,13160,13160,12940,13020,20,0
2011-11-04,13030,13120,13030,13120,3,0
2011-11-07,13090,13090,13090,13090,4,0
2011-11-08,13170,13170,13170,13170,3,0
2011-11-09,13230,13230,13230,13230,1,0
2011-11-10,13070,13070,13070,13070,41,0
2011-11-11,13020,13090,12970,12970,22,0
2011-11-16,13060,13060,13060,13060,1,0
2011-11-17,12960,13080,12960,13080,2,0
2011-11-24,12910,12910,12910,12910,1,0
2011-11-28,12660,12750,12660,12750,160,0
2011-11-29,12730,12730,12730,12730,30,0
2011-12-01,13100,13100,12880,12920,72,0
2011-12-02,12930,12930,12930,12930,3,0
2011-12-06,13130,13130,12990,12990,3,0
2011-12-07,13050,13140,13050,13140,4,0
2011-12-09,13090,13090,13010,13010,11,0
2011-12-12,13200,13200,13200,13200,5,0
2011-12-13,13020,13080,13020,13080,11,0
2011-12-14,12970,12970,12970,12970,6,0
2011-12-16,12970,12970,12970,12970,1,0
2011-12-19,12900,12910,12900,12910,28,0
2011-12-22,13030,13030,13030,13030,100,0
2011-12-26,13110,13150,13110,13150,69,0
2011-12-27,13110,13110,13110,13110,1,0
2011-12-28,13100,13100,13100,13100,3,0
2011-12-29,13010,13010,13010,13010,1,0
2011-12-30,13050,13050,13050,13050,1,0
2012-01-04,13300,13300,13300,13300,1,0
2012-01-05,13240,13240,13240,13240,3,0
2012-01-06,13090,13090,13090,13090,1,0
2012-01-10,13300,13300,13230,13230,2,0
2012-01-11,13280,13330,13280,13330,3,0
2012-01-12,13340,13340,13340,13340,1,0
2012-01-13,13440,13440,13340,13340,2,0
2012-01-16,13310,13310,13280,13280,3,0
2012-01-17,13380,13400,13380,13400,19,0
2012-01-18,13340,13340,13340,13340,1,0
2012-01-19,13230,13230,13230,13230,1,0
2012-01-20,13450,13450,13450,13450,1,0
2012-01-23,13190,13190,13190,13190,1,0
2012-01-24,13190,13190,13170,13180,64,0
2012-01-25,13310,13310,13310,13310,1,0
2012-01-26,13310,13310,13230,13230,2,0
2012-01-27,13280,13280,13270,13270,6,0
2012-01-30,13290,13290,13290,13290,1,0
2012-01-31,13210,13210,13210,13210,1,0
2012-02-01,13170,13170,13170,13170,1,0
2012-02-02,13300,13300,13270,13270,2,0
2012-02-03,13220,13310,13220,13310,2,0
2012-02-06,13280,13280,13280,13280,1,0
2012-02-07,13400,13400,13400,13400,1,0
2012-02-08,13510,13580,13510,13580,33,0
2012-02-09,13630,13630,13630,13630,3,0
2012-02-10,13610,13660,13580,13600,121,0
2012-02-13,13600,13600,13600,13600,1,0
2012-02-14,13630,13710,13590,13710,25,0
2012-02-15,13680,13790,13680,13790,29,0
2012-02-16,13750,13750,13750,13750,12,0
2012-02-17,13940,13940,13910,13910,21,0
2012-02-20,14030,14040,14020,14040,25,0
2012-02-21,14030,14050,14030,14050,4,0
2012-02-22,14000,14090,14000,14090,11,0
2012-02-23,14000,14000,14000,14000,32,0
2012-02-24,14030,14030,14030,14030,14,0
2012-02-27,14080,14100,14080,14100,2,0
2012-02-28,14100,14100,14040,14040,27,0
2012-02-29,14170,14250,14170,14180,106,0
2012-03-01,14200,14200,14190,14190,40,0
2012-03-02,14260,14260,14260,14260,1,0
2012-03-05,14220,14220,14220,14220,1,0
2012-03-06,14090,14090,14090,14090,5,0
2012-03-07,14060,14060,14060,14060,1,0
2012-03-08,14250,14410,14250,14410,54,0
2012-03-09,14540,14590,14540,14590,41,0
2012-03-12,14590,14620,14570,14590,180,0
2012-03-13,14570,14600,14500,14500,34,0
2012-03-14,14660,14710,14660,14710,36,0
2012-03-15,14670,14690,14670,14690,2,0
2012-03-16,14650,14650,14540,14540,43,0
2012-03-19,14570,14620,14560,14620,17,0
2012-03-21,14640,14710,14640,14710,104,0
2012-03-22,14680,14700,14680,14700,73,0
2012-03-23,14650,14650,14650,14650,5,0
2012-03-26,14740,14740,14740,14740,1,0
2012-03-27,14880,15000,14880,15000,43,0
2012-03-28,14910,14910,14900,14900,11,0
2012-03-29,14970,15090,14970,15090,8,0
2012-03-30,15090,15100,15090,15100,2,0
2012-04-02,15110,15250,15110,15250,3,0
2012-04-03,15120,15120,15050,15050,3,0
2012-04-04,15040,15090,15040,15090,7,0
2012-04-05,14920,14940,14920,14940,6,0
2012-04-06,14820,14840,14810,14840,7,0
2012-04-09,14600,14780,14600,14780,6,0
2012-04-10,14830,14830,14760,14760,34,0
2012-04-11,14670,14670,14670,14670,1,0
2012-04-12,14680,14710,14680,14710,41,0
2012-04-13,14680,14740,14680,14720,32,0
2012-04-16,14730,14810,14730,14790,18,0
2012-04-17,14760,14760,14760,14760,1,0
2012-04-18,14960,14960,14950,14950,21,0
2012-04-19,14790,14790,14790,14790,1,0
2012-04-20,14680,14710,14680,14710,8,0
2012-04-23,14710,14770,14710,14770,5,0
2012-04-24,14690,14790,14690,14790,2,0
2012-04-25,14750,14750,14750,14750,1,0
2012-04-26,14900,14900,14900,14900,1,0
2012-04-27,14750,14770,14750,14770,3,0
2012-05-01,14510,14510,14510,14510,1,0
2012-05-02,14720,14720,14650,14650,11,0
2012-05-07,14530,14550,14530,14550,4,0
2012-05-08,14540,14540,14540,14540,3,0
2012-05-09,14580,14600,14530,14530,5,0
2012-05-10,14450,14450,14450,14450,13,0
2012-05-11,14310,14310,14240,14240,46,0
2012-05-14,14240,14240,14100,14100,5,0
2012-05-15,13980,14020,13950,14000,114,0
2012-05-16,14000,14000,14000,14000,1,0
2012-05-17,13820,13820,13820,13820,1,0
2012-05-18,13760,13760,13700,13700,17,0
2012-05-21,13720,13720,13700,13700,2,0
2012-05-22,13740,13750,13740,13750,16,0
2012-05-23,13770,13800,13710,13740,321,0
2012-05-24,13740,13760,13740,13760,4,0
2012-05-25,13960,13980,13960,13980,5,0
2012-05-28,14120,14120,14060,14060,21,0
2012-05-29,14010,14010,14010,14010,300,0
2012-05-30,13850,13850,13820,13820,201,0
2012-05-31,13770,13770,13750,13760,232,0
2012-06-01,13730,13760,13720,13760,275,0
2012-06-04,13650,13810,13620,13810,252,0
2012-06-05,13810,13810,13790,13810,31,0
2012-06-06,13840,13840,13750,13750,110,0
2012-06-07,13840,13910,13840,13910,23,0
2012-06-08,13890,13890,13870,13880,205,0
2012-06-11,14080,14080,14080,14080,1,0
2012-06-12,13880,13880,13880,13880,1,0
2012-06-13,14090,14090,14090,14090,35,0
2012-06-15,14060,14120,14060,14090,18,0
2012-06-18,14200,14200,14200,14200,36,0
2012-06-19,14210,14210,14100,14100,151,0
2012-06-20,14250,14250,14250,14250,1,0
2012-06-21,14400,14400,14400,14400,15,0
2012-06-25,14290,14290,14290,14290,1,0
2012-06-27,14310,14310,14310,14310,5,0
2012-06-28,14540,14650,14540,14650,416,0
2012-06-29,14760,14760,14760,14760,1,0
2012-07-03,14840,14880,14840,14880,2,0
2012-07-10,14730,14730,14690,14690,41,0
2012-07-11,14340,14340,14340,14340,2,0
2012-07-13,14480,14510,14480,14500,70,0
2012-07-17,14520,14600,14520,14600,21,0
2012-07-18,14610,14610,14580,14580,49,0
2012-07-19,14650,14650,14650,14650,2,0
2012-07-23,14430,14430,14400,14400,11,0
2012-07-24,14390,14390,14310,14310,7,0
2012-07-25,14350,14350,14350,14350,1,0
2012-07-26,14430,14430,14340,14340,25,0
2012-07-27,14380,14380,14380,14380,1,0
2012-07-31,14580,14580,14580,14580,1,0
2012-08-02,14540,14540,14540,14540,1,0
2012-08-03,14310,14360,14310,14360,21,0
2012-08-08,14780,14780,14750,14750,9,0
2012-08-09,14800,14860,14800,14860,2,0
2012-08-13,14790,14790,14790,14790,1,0
2012-08-14,14910,15050,14910,15050,26,0
2012-08-15,15020,15020,14930,14930,32,0
2012-08-16,15080,15150,15080,15150,29,0
2012-08-17,15080,15080,15080,15080,10,0
2012-08-20,14920,15000,14920,15000,11,0
2012-08-21,15020,15040,14890,14890,1411,0
2012-08-22,14890,14910,14800,14830,9,0
2012-08-23,14850,14850,14850,14850,1,0
2012-08-24,14760,14760,14760,14760,1,0
2012-08-27,14800,14810,14800,14800,3,0
2012-08-28,14810,14810,14810,14810,1,0
2012-08-31,14960,14960,14960,14960,1,0
2012-09-03,14910,14910,14870,14870,2,0
2012-09-04,14800,14800,14590,14590,4,0
2012-09-05,14600,14600,14600,14600,545,0
2012-09-07,14500,14500,14500,14500,1,0
2012-09-10,14500,14500,14500,14500,1,0
2012-09-11,14400,14400,14400,14400,1,0
2012-09-12,14470,14550,14470,14550,3,0
2012-09-13,14500,14500,14500,14500,2,0
2012-09-18,14640,14640,14540,14540,4,0
2012-09-19,14690,14780,14690,14710,66,0
2012-09-20,14690,14690,14660,14660,25,0
2012-09-25,15000,15000,15000,15000,20,0
2012-09-27,15000,15100,15000,15100,42,0
2012-09-28,15190,15200,15120,15120,50,0
2012-10-02,15090,15090,15090,15090,1,0
2012-10-04,15030,15030,15030,15030,2,0
2012-10-09,14910,14910,14900,14900,2,0
2012-10-12,15000,15000,15000,15000,11,0
2012-10-15,14990,14990,14990,14990,1,0
2012-10-16,15000,15000,15000,15000,1,0
2012-10-17,15100,15130,15100,15130,12,0
2012-10-18,15170,15220,15170,15220,422,0
2012-10-19,15120,15120,15100,15100,400,0
2012-10-22,15100,15100,15050,15050,220,0
2012-10-29,15100,15150,15100,15150,64,0
2012-10-30,15150,15150,15000,15000,11,0
2012-10-31,14780,14890,14780,14890,2,0
2012-11-01,14910,14910,14910,14910,10,0
2012-11-02,14980,14980,14980,14980,1,0
2012-11-05,14900,14900,14900,14900,2,0
2012-11-06,15050,15110,15050,15110,30,0
2012-11-08,14800,14800,14800,14800,1,0
2012-11-09,14710,14710,14660,14710,16,0
2012-11-12,14620,14620,14580,14590,32,0
2012-11-13,14570,14570,14440,14440,12,0
2012-11-14,14470,14470,14470,14470,20,0
2012-11-16,14390,14390,14390,14390,1,0
2012-11-20,14950,14950,14890,14900,50,0
2012-11-21,14980,14980,14980,14980,20,0
2012-11-22,15110,15110,15040,15040,18,0
2012-11-26,15020,15020,15020,15020,10,0
2012-11-27,15210,15300,15210,15300,56,0
2012-11-28,15140,15260,15140,15260,46,0
2012-11-29,15290,15310,15290,15310,6,0
2012-11-30,15400,15450,15400,15450,30,0
2012-12-03,15330,15330,15260,15260,11,0
2012-12-04,15330,15330,15330,15330,5,0
2012-12-05,15240,15240,15240,15240,12,0
2012-12-06,15430,15470,15430,15470,7,0
2012-12-07,15520,15520,15520,15520,1,0
2012-12-10,15470,15470,15470,15470,1,0
2012-12-13,15300,15300,15300,15300,5,0
2012-12-14,15280,15280,15260,15260,5,0
2012-12-17,15420,15420,15220,15220,51,0
2012-12-18,15190,15190,15190,15190,10,0
2012-12-19,15280,15400,15280,15400,31,0
2012-12-20,15430,15500,15430,15500,33,0
2012-12-25,15520,15520,15420,15450,1265,0
2012-12-26,15490,15490,15350,15420,11,0
2012-12-27,15470,15520,15470,15510,1814,0
2012-12-28,15500,15510,15460,15500,6165,0
2013-01-04,15830,15830,15700,15780,2744,0
2013-01-07,15890,16010,15890,15960,36,0
2013-01-08,16000,16120,16000,16070,19,0
2013-01-09,15980,15980,15980,15980,1,0
2013-01-10,15970,15980,15970,15980,3,0
2013-01-11,16020,16150,16020,16110,26,0
2013-01-15,16340,16340,16340,16340,1,0
2013-01-16,16270,16270,16230,16230,11,0
2013-01-17,16290,16290,16290,16290,5,0
2013-01-18,16490,16560,16490,16550,13,0
2013-01-21,16500,16500,16500,16500,10,0
2013-01-22,16390,16390,16260,16340,507,0
2013-01-23,16250,16250,16250,16250,20,0
2013-01-24,16290,16290,16290,16290,10,0
2013-01-25,16550,16660,16550,16660,23,0
2013-01-28,16870,16870,16700,16800,13,0
2013-01-29,16700,16860,16700,16820,39,0
2013-01-30,16980,17160,16980,17160,200,0
2013-01-31,17160,17160,16970,16970,75,0
2013-02-01,17210,17310,17170,17310,9,0
2013-02-04,17290,17380,17260,17280,600,0
2013-02-05,17210,17240,17210,17240,2,0
2013-02-06,17570,17670,17570,17670,6,0
2013-02-07,17520,17520,17520,17520,10,0
2013-02-08,17120,17330,17120,17300,3602,0
2013-02-12,17460,17460,17320,17320,4,0
2013-02-14,17330,17330,17320,17320,4,0
2013-02-15,17170,17170,17080,17080,189,0
2013-02-18,17220,17220,17220,17220,10,0
2013-02-19,17390,17600,17390,17600,40,0
2013-02-20,17570,17570,17570,17570,5,0
2013-02-22,17570,17570,17570,17570,10,0
2013-02-25,17850,17960,17840,17960,218,0
2013-02-26,17840,17870,17840,17870,11,0
2013-02-27,18000,18010,17900,17950,9,0
2013-02-28,18030,18060,18030,18060,18,0
2013-03-01,18120,18320,18120,18320,9,0
2013-03-04,18600,18680,18600,18680,37,0
2013-03-05,18700,18700,18680,18680,21,0
2013-03-06,18630,18710,18630,18690,13,0
2013-03-07,18960,19100,18960,18970,33,0
2013-03-08,19300,19300,18980,18980,46,0
2013-03-11,19000,19000,18780,18800,61,0
2013-03-12,18800,18800,18680,18730,54,0
2013-03-13,18830,18870,18830,18870,5,0
2013-03-14,19150,19150,19010,19010,68,0
2013-03-15,18930,19070,18930,19070,60,0
2013-03-18,18910,18910,18690,18690,292,0
2013-03-19,18910,18910,18910,18910,29,0
2013-03-21,19100,19100,19040,19040,26,0
2013-03-22,19050,19050,18890,18890,8,0
2013-03-25,19030,19030,19030,19030,3,0
2013-03-26,18970,19020,18970,19020,8,0
2013-03-27,19130,19200,19130,19200,253,0
2013-03-28,19240,19240,19130,19130,20,0
2013-03-29,19260,19260,19130,19230,33,0
2013-04-01,19140,19140,18830,18830,55,0
2013-04-02,18660,18660,18150,18580,35,0
2013-04-03,18560,18860,18560,18860,112,0
2013-04-04,18930,19300,18930,19300,37,0
2013-04-05,19800,20270,19370,19740,181,0
2013-04-08,19970,20000,19950,20000,48,0
2013-04-09,20250,20250,19900,20080,32,0
2013-04-10,20040,20380,20040,20280,38,0
2013-04-11,20700,20770,20660,20730,73,0
2013-04-12,21230,21230,20630,20740,136,0
2013-04-15,20630,20830,20500,20650,36,0
2013-04-16,19670,20420,19670,20420,112,0
2013-04-17,20660,20730,20630,20730,11,0
2013-04-18,20500,20500,20250,20250,39,0
2013-04-19,20250,20300,20120,20300,16,0
2013-04-22,20730,20730,20510,20600,31,0
2013-04-23,20550,20670,20480,20670,27,0
2013-04-24,20800,20800,20750,20750,26,0
2013-04-25,21200,21230,21080,21220,45,0
2013-04-26,21340,21510,21250,21250,155,0
2013-04-30,21080,21400,21080,21400,5,0
2013-05-01,21400,21400,21320,21370,5,0
2013-05-02,21500,21500,21350,21350,9,0
2013-05-07,21710,22140,21350,21690,58,0
2013-05-08,21760,22000,21760,21850,37,0
2013-05-09,22070,22070,21650,21730,458,0
2013-05-10,22200,22200,21850,22160,88,0
2013-05-13,22160,22170,22000,22100,34,0
2013-05-14,22160,22160,22130,22130,84,0
2013-05-15,22280,22760,22280,22760,63,0
2013-05-16,22970,22970,22510,22510,17,0
2013-05-17,22630,22630,22530,22540,274,0
2013-05-20,22870,22870,22710,22760,49,0
2013-05-21,22510,22510,22200,22200,67,0
2013-05-22,22370,22390,22270,22390,52,0
2013-05-23,22340,22350,21580,21580,124,0
2013-05-24,21540,22180,21250,21250,150,0
2013-05-27,20990,21250,20990,21140,79,0
2013-05-28,20670,21080,20670,21080,25,0
2013-05-29,21290,21630,21290,21540,633,0
2013-05-30,21080,21080,20340,20720,68,0
2013-05-31,20890,20890,20720,20720,33,0
2013-06-03,20220,20580,20220,20230,29,0
2013-06-04,20220,20620,20220,20620,14,0
2013-06-05,20470,20850,20220,20220,16,0
2013-06-06,19870,20200,19870,19920,98,0
2013-06-07,19520,19900,19330,19900,36,0
2013-06-10,20300,20890,20300,20360,49,0
2013-06-12,19870,20000,19870,20000,6,0
2013-06-13,19660,19670,19370,19370,7,0
2013-06-14,19370,19640,19370,19640,7,0
2013-06-17,20140,20140,20100,20100,44,0
2013-06-18,20370,20370,20300,20300,11,0
2013-06-19,20190,20190,20190,20190,10,0
2013-06-20,20200,20200,20200,20200,1,0
2013-06-21,19500,19870,19500,19540,34,0
2013-06-24,20300,20300,20300,20300,3,0
2013-06-25,20000,20000,20000,20000,8,0
2013-06-26,20310,20310,20100,20100,14,0
2013-06-27,20000,20000,20000,20000,1,0
2013-06-28,20760,20810,20760,20810,51,0
2013-07-01,20900,21090,20900,21080,38,0
2013-07-02,21460,21460,21320,21320,28,0
2013-07-03,21320,21320,21100,21100,4,0
2013-07-04,20960,21170,20960,21070,30,0
2013-07-05,21170,21170,21170,21170,49,0
2013-07-08,21390,21410,21190,21190,40,0
2013-07-09,21290,21380,21290,21380,181,0
2013-07-10,21300,21300,21160,21160,5,0
2013-07-11,21250,21310,21160,21310,7,0
2013-07-12,21300,21300,21300,21300,4,0
2013-07-16,21390,21390,21390,21390,2,0
2013-07-17,21110,21130,21050,21130,6,0
2013-07-18,21210,21420,21210,21420,5,0
2013-07-19,21390,21390,21060,21060,6,0
2013-07-22,21510,21520,21240,21240,13,0
2013-07-23,21230,21250,21230,21250,13,0
2013-07-24,21390,21400,21350,21350,66,0
2013-07-25,21410,21410,21130,21130,5,0
2013-07-26,21060,21060,20900,20900,6,0
2013-07-29,20400,20400,20220,20220,11,0
2013-07-31,20180,20180,20150,20150,9,0
2013-08-01,20150,20150,20150,20150,2,0
2013-08-02,20600,20600,20600,20600,5,0
2013-08-05,20710,20710,20710,20710,2,0
2013-08-06,20820,20820,20750,20750,11,0
2013-08-07,20830,20830,20480,20480,17,0
2013-08-08,20250,20250,20230,20230,7,0
2013-08-09,19990,19990,19990,19990,1,0
2013-08-12,19930,19970,19930,19970,7,0
2013-08-13,20280,20290,20230,20230,5,0
2013-08-16,20050,20050,20050,20050,5,0
2013-08-19,20270,20270,20270,20270,10,0
2013-08-20,20080,20080,20050,20050,7,0
2013-08-21,19740,19740,19740,19740,1,0
2013-08-22,19850,19850,19850,19850,1,0
2013-08-23,20040,20040,20040,20040,1,0
2013-08-26,20020,20040,20020,20040,2,0
2013-08-28,19820,19820,19720,19720,9,0
2013-08-29,19650,19730,19590,19730,26,0
2013-08-30,19700,19700,19490,19490,13,0
2013-09-02,19450,19450,19450,19450,1,0
2013-09-03,19970,19970,19970,19970,5,0
2013-09-04,19900,20030,19900,20030,11,0
2013-09-09,20350,20640,19970,19970,24,0
2013-09-10,20000,20000,20000,20000,12,0
2013-09-11,20240,20480,20240,20300,22,0
2013-09-12,20300,20300,20110,20110,11,0
2013-09-13,20090,20090,20000,20000,2,0
2013-09-17,20030,20140,20030,20140,6,0
2013-09-18,20080,20080,20080,20080,5,0
2013-09-19,20290,20290,20290,20290,3,0
2013-09-20,20540,20720,20540,20630,12,0
2013-09-24,20440,20440,20440,20440,2,0
2013-09-26,20550,20630,20550,20630,9,0
2013-09-27,20790,20790,20770,20770,11,0
2013-09-30,20450,20450,20450,20450,1,0
2013-10-02,20700,20700,20380,20380,12,0
2013-10-03,20240,20240,20240,20240,2,0
2013-10-04,20200,20200,20200,20200,1,0
2013-10-08,20000,20000,19920,19930,9,0
2013-10-09,19770,19920,19760,19920,392,0
2013-10-10,20140,20200,19990,20200,4,0
2013-10-11,20500,20670,20500,20520,34,0
2013-10-15,20580,20580,20580,20580,37,0
2013-10-16,20520,20520,20290,20470,49,0
2013-10-17,20600,20770,20600,20770,13,0
2013-10-21,20870,20960,20870,20960,4,0
2013-10-22,20910,20910,20850,20850,2,0
2013-10-23,20800,20800,20800,20800,1,0
2013-10-25,20400,20400,20310,20310,12,0
2013-10-28,20370,20420,20370,20420,3,0
2013-10-29,20460,20460,20460,20460,1,0
2013-10-30,20750,20750,20750,20750,2,0
2013-11-05,21050,21050,21050,21050,4,0
2013-11-06,20430,20430,20430,20430,1,0
2013-11-08,20600,20600,20600,20600,40,0
2013-11-11,20700,20700,20700,20700,8,0
2013-11-12,20900,20900,20900,20900,10,0
2013-11-14,20900,21100,20900,21100,27,0
2013-11-15,21210,21300,21210,21300,5,0
2013-11-18,21610,21610,21450,21450,96,0
2013-11-19,21430,21450,21430,21450,6,0
2013-11-20,21470,21470,21470,21470,3,0
2013-11-21,21640,21640,21640,21640,35,0
2013-11-22,21490,21490,21420,21470,24,0
2013-11-25,21470,21470,21470,21470,71,0
2013-11-26,21360,21430,21360,21430,2,0
2013-11-28,21330,21330,21330,21330,12,0
2013-11-29,21240,21240,21240,21240,5,0
2013-12-03,21250,21250,21250,21250,16,0
2013-12-04,21140,21270,21050,21050,20,0
2013-12-05,20970,20970,20970,20970,1,0
2013-12-10,21400,21400,21390,21390,8,0
2013-12-13,21250,21500,21250,21500,9,0
2013-12-16,21090,21090,21090,21090,5,0
2013-12-18,21260,21260,21260,21260,53,0
2013-12-19,21490,21500,21460,21460,36,0
2013-12-20,21060,21060,21060,21060,10,0
2013-12-24,21130,21130,21020,21020,16,0
2013-12-25,21050,21190,21030,21040,49,0
2013-12-26,21120,21280,21120,21280,31,0
2013-12-30,21650,21650,21520,21520,55,0
2014-01-06,21570,21570,21500,21500,25,0
2014-01-07,21540,21540,21350,21350,5,0
2014-01-08,21170,21170,21130,21130,8,0
2014-01-09,21150,21150,20850,20850,41,0
2014-01-10,20740,20780,20740,20780,2,0
2014-01-14,20780,20780,20670,20670,11,0
2014-01-15,20910,20910,20910,20910,5,0
2014-01-16,21020,21020,21020,21020,1,0
2014-01-17,20960,20960,20960,20960,2,0
2014-01-20,20890,20890,20890,20890,2,0
2014-01-21,20990,21030,20990,21030,21,0
2014-01-23,21250,21250,21250,21250,30,0
2014-01-24,20940,20940,20780,20780,96,0
2014-01-27,20360,20360,20280,20300,30,0
2014-01-28,20600,20600,20450,20450,6,0
2014-02-04,20080,20080,19880,19880,65,0
2014-02-05,19880,19880,19720,19720,33,0
2014-02-06,20050,20050,20050,20050,3,0
2014-02-10,20550,20550,20550,20550,1,0
2014-02-12,20650,20650,20650,20650,30,0
2014-02-14,20500,20500,20360,20360,400,0
2014-02-17,20230,20300,20230,20300,51,0
2014-02-18,20580,20580,20580,20580,3,0
2014-02-19,20740,20740,20730,20730,61,0
2014-02-21,20610,20780,20610,20780,13,0
2014-02-24,20700,20700,20700,20700,10,0
2014-02-25,21050,21050,21050,21050,10,0
2014-02-26,20910,20910,20910,20910,50,0
2014-02-27,20910,20910,20910,20910,2,0
2014-03-03,20590,20590,20290,20330,21,0
2014-03-04,20480,20480,20430,20430,18,0
2014-03-05,20780,20780,20780,20780,2,0
2014-03-06,20700,20820,20700,20820,419,0
2014-03-07,21000,21000,21000,21000,4,0
2014-03-10,20670,20740,20670,20740,2,0
2014-03-11,20840,20840,20840,20840,1,0
2014-03-13,20360,20450,20360,20450,502,0
2014-03-14,20050,20050,20050,20050,7,0
2014-03-17,19920,19920,19920,19920,12,0
2014-03-18,20020,20020,20020,20020,3,0
2014-03-19,19970,19970,19970,19970,2,0
2014-03-24,20110,20110,20110,20110,2,0
2014-03-25,19980,20130,19980,20130,30,0
2014-03-26,20500,20500,20480,20480,2,0
2014-03-27,21080,21080,20330,20600,27,0
2014-03-31,21100,21100,21040,21100,7,0
2014-04-01,21160,21160,21160,21160,1,0
2014-04-02,21220,21220,21050,21050,5,0
2014-04-03,20950,21150,20950,21150,23,0
2014-04-04,21250,21250,21140,21240,48,0
2014-04-07,21000,21000,21000,21000,5,0
2014-04-08,20850,20900,20840,20900,13,0
2014-04-10,20900,20900,20900,20900,3,0
2014-04-16,21020,21020,21020,21020,1,0
2014-04-22,21240,21250,21240,21250,12,0
2014-04-23,21390,21390,21390,21390,25,0
2014-04-25,21450,21450,21450,21450,14,0
2014-04-28,21200,21200,21200,21200,5,0
2014-04-30,21350,21350,21350,21350,3,0
2014-05-02,21430,21430,21430,21430,1,0
2014-05-07,21240,21240,21240,21240,2,0
2014-05-12,21400,21400,21400,21400,140,0
2014-05-13,21550,21550,21540,21540,4,0
2014-05-16,21240,21240,21240,21240,10,0
2014-05-19,20990,21000,20990,21000,35,0
2014-05-20,21000,21000,21000,21000,1,0
2014-05-21,21080,21080,21080,21080,20,0
2014-05-26,21600,21660,21600,21660,23,0
2014-05-27,21690,21800,21690,21800,14,0
2014-05-28,21830,21830,21830,21830,1,0
2014-06-02,22030,22200,22030,22200,7,0
2014-06-03,22490,22490,22490,22490,18,0
2014-06-04,22290,22290,22290,22290,5,0
2014-06-05,22320,22320,22320,22320,4,0
2014-06-09,22580,22580,22330,22460,16,0
2014-06-10,22420,22430,22400,22410,1285,0
2014-06-12,22470,22470,22470,22470,1,0
2014-06-13,22640,22640,22640,22640,6,0
2014-06-18,22580,22580,22580,22580,1,0
2014-06-19,22770,22800,22770,22800,12,0
2014-06-27,22850,22850,22850,22850,17,0
2014-06-30,22820,22820,22820,22820,1,0
2014-07-01,23000,23010,23000,23010,22,0
2014-07-02,23270,23280,23270,23280,2,0
2014-07-03,23270,23270,23270,23270,3,0
2014-07-04,23320,23320,23300,23300,17,0
2014-07-07,23310,23310,23240,23240,8,0
2014-07-08,23220,23220,23210,23210,16,0
2014-07-09,23310,23310,23310,23310,1,0
2014-07-10,22740,23300,22650,23000,125,0
2014-07-11,22050,22180,22050,22180,89,0
2014-07-14,22170,22170,22170,22170,10,0
2014-07-15,21710,22210,21710,22210,2,0
2014-07-16,22220,22220,22220,22220,7,0
2014-07-17,22220,22220,22220,22220,2,0
2014-07-18,22060,22060,21980,21980,17,0
2014-07-24,21990,21990,21990,21990,1,0
2014-07-28,22230,22230,21990,22010,6,0
2014-07-29,22140,22500,22140,22500,103,0
2014-07-30,22380,22510,22380,22510,3,0
2014-07-31,22250,22250,22250,22250,5,0
2014-08-01,22180,22180,22180,22180,1,0
2014-08-04,22190,22190,22190,22190,2,0
2014-08-05,22190,22190,22190,22190,1,0
2014-08-06,21990,21990,21490,21490,2,0
2014-08-07,21970,21970,21970,21970,3,0
2014-08-08,21950,21950,21580,21580,24,0
2014-08-12,22010,22020,21930,21930,109,0
2014-08-14,22350,22350,22120,22200,25,0
2014-08-15,22210,22360,22210,22210,9,0
2014-08-18,22290,22440,22290,22440,20,0
2014-08-19,22480,22480,22480,22480,1,0
2014-08-21,22550,22760,22550,22760,30,0
2014-08-22,22850,22850,22820,22820,6,0
2014-08-25,22910,22910,22910,22910,3,0
2014-08-26,22820,22820,22660,22660,2,0
2014-08-27,22500,22590,22500,22590,9,0
2014-08-28,22500,22500,22430,22430,3,0
2014-08-29,22350,22350,22350,22350,4,0
2014-09-02,22380,22380,22250,22250,205,0
2014-09-03,22340,22500,22340,22500,9,0
2014-09-04,22500,22500,22500,22500,4,0
2014-09-05,22670,22670,22670,22670,1,0
2014-09-08,22380,22520,22380,22520,7,0
2014-09-10,22370,22370,22370,22370,2,0
2014-09-11,22700,22700,22460,22460,3,0
2014-09-12,22400,22430,22350,22430,24,0
2014-09-16,22340,22340,22340,22340,1,0
2014-09-18,22550,22550,22400,22400,22,0
2014-09-19,22450,22450,22450,22450,4,0
2014-09-22,22450,22450,22450,22450,20,0
2014-09-24,22230,22230,22230,22230,10,0
2014-09-25,22510,22600,22510,22600,197,0
2014-09-26,22980,22980,22980,22980,1,0
2014-09-29,22800,22800,22590,22590,3,0
2014-09-30,22600,22600,22600,22600,5,0
2014-10-01,22700,22700,22700,22700,140,0
2014-10-02,22550,22550,22300,22300,26,0
2014-10-03,22290,22290,22290,22290,1,0
2014-10-06,22540,22550,22540,22550,9,0
2014-10-08,22550,22550,22550,22550,2,0
2014-10-14,22050,22050,22050,22050,23,0
2014-10-15,22030,22030,22030,22030,5,0
2014-10-16,21660,21730,21620,21620,220,0
2014-10-17,21730,21730,21230,21230,37,0
2014-10-20,21580,21990,21580,21990,11,0
2014-10-21,21780,21830,21780,21830,6,0
2014-10-22,22040,22040,22040,22040,2,0
2014-10-23,22150,22150,22150,22150,1,0
2014-10-24,22320,22320,22320,22320,30,0
2014-10-27,22390,22550,22390,22550,183,0
2014-10-28,22590,22800,22590,22800,33,0
2014-10-29,22950,22950,22950,22950,11,0
2014-10-31,23140,23300,23140,23300,105,0
2014-11-04,23300,24680,23300,24120,30,0
2014-11-05,24180,24180,24120,24180,390,0
2014-11-06,24300,24310,24280,24280,85,0
2014-11-07,24280,24280,24280,24280,13,0
2014-11-10,24240,24260,24140,24140,74,0
2014-11-11,24330,24500,24330,24490,39,0
2014-11-12,24670,24680,24670,24680,5,0
2014-11-13,24520,24800,24520,24690,39,0
2014-11-14,24980,24980,24770,24770,22,0
2014-11-17,24780,24780,24160,24330,85,0
2014-11-18,24420,24730,24420,24590,22,0
2014-11-19,24730,24950,24730,24950,7,0
2014-11-20,24990,25150,24990,25150,34,0
2014-11-21,25170,25170,25170,25170,5,0
2014-11-25,25420,25430,25050,25050,18,0
2014-11-26,25000,25000,24940,24940,80,0
2014-11-27,24780,24780,24600,24770,8,0
2014-11-28,25270,25270,24570,24660,31,0
2014-12-01,24710,25030,24710,25020,18,0
2014-12-02,24860,24860,24800,24800,15,0
2014-12-03,25000,25000,24860,24890,13,0
2014-12-04,24980,24980,24830,24880,66,0
2014-12-05,24880,24880,24820,24860,811,0
2014-12-08,24880,24970,24750,24970,67,0
2014-12-09,24680,25030,24680,25030,26,0
2014-12-10,24800,24800,24440,24440,37,0
2014-12-11,24940,24940,24310,24340,32,0
2014-12-12,24200,24340,24200,24340,20,0
2014-12-15,24010,24290,24000,24240,151,0
2014-12-16,23950,23950,23630,23640,827,0
2014-12-17,23140,23290,23060,23060,1082,0
2014-12-18,23350,23610,23350,23610,25,0
2014-12-19,24450,24450,24140,24310,52,0
2014-12-22,24390,24390,24300,24300,23,0
2014-12-24,24470,24480,24420,24480,17,0
2014-12-25,24560,24690,24560,24600,11,0
2014-12-29,24470,24470,24430,24430,32,0
2014-12-30,24380,24460,24380,24390,70,0
2015-01-05,24230,24230,23980,24030,45,0
2015-01-06,23650,23650,23470,23470,70,0
2015-01-07,23540,23540,23540,23540,4,0
2015-01-08,23980,23980,23810,23930,17,0
2015-01-13,23610,23830,23610,23830,3,0
2015-01-14,23990,24000,23950,23950,6,0
2015-01-15,24020,24200,24020,24200,2,0
2015-01-16,23770,23770,23770,23770,1,0
2015-01-19,24010,24010,24010,24010,3,0
2015-01-20,24350,24520,24350,24520,12,0
2015-01-21,24640,24780,24640,24690,41,0
2015-01-22,24760,24760,24750,24760,12,0
2015-01-23,25100,25190,25080,25190,26,0
2015-01-26,24790,24920,24720,24920,37,0
2015-01-27,25160,25510,25160,25510,21,0
2015-01-28,25500,25700,25500,25700,522,0
2015-01-29,25490,25490,25430,25430,14,0
2015-01-30,25820,25850,25780,25780,491,0
2015-02-02,25350,25450,25350,25400,238,0
2015-02-03,25590,25590,24810,24880,53,0
2015-02-04,25050,25360,25050,25140,4,0
2015-02-05,24980,25180,24980,25180,21,0
2015-02-09,25100,25100,25100,25100,10,0
2015-02-10,25300,25420,25250,25250,25,0
2015-02-12,25540,25800,25540,25760,47,0
2015-02-13,25840,25880,25840,25880,6,0
2015-02-16,25650,25800,25650,25690,99,0
2015-02-17,25690,25690,25500,25530,90,0
2015-02-18,25770,25920,25770,25920,46,0
2015-02-19,25980,26220,25980,26140,52,0
2015-02-20,26200,26200,26110,26170,25,0
2015-02-23,26270,26510,26260,26260,80,0
2015-02-24,26100,26160,25950,26160,213,0
2015-02-25,26270,26270,26110,26160,27,0
2015-02-26,26180,26300,26180,26300,16,0
2015-02-27,26820,26820,26540,26540,77,0
2015-03-02,26810,26850,26520,26620,53,0
2015-03-03,26620,27010,26620,26900,116,0
2015-03-04,26800,26800,26800,26800,1,0
2015-03-05,27050,27120,27050,27100,85,0
2015-03-06,27250,27580,27180,27520,120,0
2015-03-09,27550,27790,27440,27500,70,0
2015-03-10,27500,27750,27200,27320,104,0
2015-03-11,27050,27370,27050,27370,133,0
2015-03-12,27320,27500,27260,27490,43,0
2015-03-16,27610,27610,27390,27600,113,0
2015-03-17,27620,27620,27460,27620,16,0
2015-03-18,27600,27930,27510,27860,347,0
2015-03-19,27710,27710,27410,27560,84,0
2015-03-20,27650,27650,27600,27650,15,0
2015-03-23,27640,27970,27610,27970,87,0
2015-03-24,27850,27850,27620,27800,25,0
2015-03-25,27810,28000,27810,27980,71,0
2015-03-26,28140,28140,27800,27890,36,0
2015-03-27,27740,28240,27650,27650,30,0
2015-03-30,27990,28170,27990,28170,35,0
2015-03-31,28310,28350,27680,27680,64,0
2015-04-01,27880,27880,27520,27570,50,0
2015-04-02,27920,28000,27920,28000,21,0
2015-04-03,28400,28400,28200,28230,22,0
2015-04-06,28570,28760,28400,28440,35,0
2015-04-07,28690,28790,28550,28790,19,0
2015-04-08,28970,29000,28950,29000,45,0
2015-04-09,29350,29660,29350,29370,118,0
2015-04-10,29700,29710,29410,29570,1143,0
2015-04-13,29620,29620,29100,29180,97,0
2015-04-14,29180,29180,29070,29070,52,0
2015-04-15,28900,28940,28550,28840,120,0
2015-04-16,28900,28900,28350,28540,124,0
2015-04-17,28540,28540,28400,28420,308,0
2015-04-20,28400,28570,28250,28450,99,0
2015-04-21,28450,28450,28450,28450,20,0
2015-04-22,28760,28900,28670,28750,52,0
2015-04-23,28750,29220,28750,29000,11,0
2015-04-24,29000,29050,28820,29050,43,0
2015-04-27,29170,29210,28880,29110,22,0
2015-04-28,29130,29130,29070,29070,12,0
2015-04-30,29050,29050,28020,28030,389,0
2015-05-01,28030,28520,28030,28110,31,0
2015-05-07,28110,28210,27970,28030,490,0
2015-05-08,28080,28270,27970,28220,265,0
2015-05-11,28510,28510,28270,28420,13,0
2015-05-12,28340,28390,28220,28390,55,0
2015-05-13,28370,28370,27960,28340,141,0
2015-05-14,27960,28070,27960,27990,13,0
2015-05-15,28250,28330,28010,28290,212,0
2015-05-18,28290,28480,28290,28480,177,0
2015-05-19,28480,28880,28470,28820,68,0
2015-05-20,28820,29300,28820,28980,84,0
2015-05-21,29340,29520,29340,29430,99,0
2015-05-22,29430,29430,29110,29390,44,0
2015-05-25,29350,29350,29310,29340,44,0
2015-05-26,29340,29350,29280,29280,46,0
2015-05-27,29350,29350,28880,28950,147,0
2015-05-28,29020,29180,28920,29170,40,0
2015-05-29,29240,29330,29200,29240,33,0
2015-06-01,29200,29270,28970,29250,59,0
2015-06-02,29300,29320,29190,29320,46,0
2015-06-03,29320,29320,28920,28970,57,0
2015-06-04,29130,29130,28800,28800,52,0
2015-06-05,28610,28620,28600,28600,85,0
2015-06-08,28700,28700,28700,28700,6,0
2015-06-09,28700,28700,28600,28600,5,0
2015-06-10,28500,28670,28120,28670,179,0
2015-06-11,28680,29100,28680,29100,41,0
2015-06-12,29100,29100,28800,29050,31,0
2015-06-15,29050,29050,28800,28920,63,0
2015-06-16,28920,29260,28830,29260,36,0
2015-06-17,29270,29360,29090,29360,11,0
2015-06-18,29360,29360,29000,29000,19,0
2015-06-19,29230,29350,29010,29290,27,0
2015-06-22,29360,29360,29300,29300,26,0
2015-06-23,29350,29690,29350,29690,172,0
2015-06-24,29750,30150,29750,30100,255,0
2015-06-25,29900,29900,29900,29900,908,0
2015-06-26,29910,29910,29880,29880,17,0
2015-06-29,29010,29530,29010,29240,165,0
2015-06-30,29240,29510,29240,29430,27,0
2015-07-01,29500,29550,29250,29300,78,0
2015-07-02,29580,29620,29100,29110,507,0
2015-07-03,29360,29420,29110,29350,59,0
2015-07-06,29340,29340,28950,29040,350,0
2015-07-07,29260,29520,29060,29490,149,0
2015-07-08,29520,29520,28910,28950,228,0
2015-07-09,28900,28900,27830,28730,225,0
2015-07-10,28730,29480,28730,29260,200,0
2015-07-13,28930,29370,28850,29370,219,0
2015-07-14,29490,29650,29290,29300,1037,0
2015-07-15,29440,29820,29420,29820,1844,0
2015-07-16,29890,30400,29890,30100,343,0
2015-07-17,30300,30300,30150,30200,218,0
2015-07-21,30250,30600,30250,30600,341,0
2015-07-22,30300,30500,30300,30500,180,0
2015-07-23,30500,31100,30500,30900,201,0
2015-07-24,31050,31050,30700,30700,56,0
2015-07-27,31000,31000,30300,30300,62,0
2015-07-28,30200,30750,30000,30700,145,0
2015-07-29,30850,31100,30800,31100,120,0
2015-07-30,31300,31400,31100,31250,140,0
2015-07-31,31100,31300,31000,31300,39,0
2015-08-03,31500,31550,31300,31550,63,0
2015-08-04,31600,31600,31350,31400,91,0
2015-08-05,31500,31500,31250,31250,38,0
2015-08-06,31550,31750,31400,31700,174,0
2015-08-07,31700,31700,31300,31600,165,0
2015-08-10,31250,31800,31150,31800,124,0
2015-08-11,31950,31950,31450,31750,131,0
2015-08-12,31550,31550,31100,31300,82,0
2015-08-13,31000,31200,31000,31200,83,0
2015-08-14,31200,31450,31200,31200,44,0
2015-08-17,31150,31700,31150,31650,92,0
2015-08-18,31900,31900,31700,31700,50,0
2015-08-19,31450,31800,31100,31150,22,0
2015-08-20,31000,31200,30550,30800,74,0
2015-08-21,30550,30550,29840,29950,127,0
2015-08-24,29300,29300,28500,28500,284,0
2015-08-25,28290,28640,27260,27590,752,0
2015-08-26,27400,27830,27260,27800,610,0
2015-08-27,28000,29200,28000,28790,143,0
2015-08-28,29790,29790,29030,29030,43,0
2015-08-31,29200,29350,29200,29350,11,0
2015-09-01,29250,29250,28300,28390,88,0
2015-09-02,27750,28650,27750,28240,407,0
2015-09-03,28100,28900,28100,28310,129,0
2015-09-04,28550,28550,27510,27650,151,0
2015-09-07,27300,27300,26960,27280,177,0
2015-09-08,27620,27630,26310,26310,100,0
2015-09-09,27610,27630,27310,27630,61,0
2015-09-10,27100,27100,26800,26950,65,0
2015-09-11,27200,27200,27000,27010,20,0
2015-09-14,26990,26990,26900,26900,8,0
2015-09-15,26560,27440,26560,27230,39,0
2015-09-16,27260,27260,27000,27080,65,0
2015-09-17,27870,27870,27550,27550,25,0
2015-09-18,27660,27660,27040,27040,25,0
2015-09-24,26980,27210,26880,26880,206,0
2015-09-25,26850,27500,26850,27500,75,0
2015-09-28,27760,27760,27760,27760,2,0
2015-09-29,26870,26870,26600,26700,61,0
2015-09-30,26500,26700,26400,26700,64,0
2015-10-01,26900,26900,26470,26620,201,0
2015-10-02,26560,26670,26510,26670,153,0
2015-10-05,27020,27020,26730,26930,56,0
2015-10-06,27930,27930,27460,27460,52,0
2015-10-07,27660,27660,27400,27400,38,0
2015-10-08,27130,27150,26820,27030,11,0
2015-10-09,27030,27650,27030,27490,31,0
2015-10-13,27790,27840,27410,27540,32,0
2015-10-14,27770,27770,27350,27500,15,0
2015-10-15,27500,27500,27500,27500,1,0
2015-10-16,27660,27710,27660,27660,23,0
2015-10-19,27760,27850,27310,27310,231,0
2015-10-20,27830,27830,27300,27370,22,0
2015-10-21,27300,27420,27270,27420,57,0
2015-10-22,27500,28000,27500,27740,56,0
2015-10-23,28100,28670,28100,28630,169,0
2015-10-26,28740,28750,28630,28700,9,0
2015-10-27,28790,28790,28770,28770,3,0
2015-10-28,28630,28630,28460,28460,16,0
2015-10-29,28920,28920,28420,28600,22,0
2015-10-30,28650,28860,28650,28860,18,0
2015-11-02,28900,28900,28160,28160,50,0
2015-11-04,28900,28900,28340,28340,26,0
2015-11-05,28710,29490,28710,29130,157,0
2015-11-06,29430,29430,29300,29300,8,0
2015-11-09,29240,29500,29240,29500,27,0
2015-11-10,29090,29550,29090,29360,85,0
2015-11-11,29640,29760,29640,29760,46,0
2015-11-12,29690,29800,29550,29690,56,0
2015-11-13,29510,29820,29510,29810,16,0
2015-11-16,30150,30150,29500,29940,164,0
2015-11-17,29940,30200,29740,30050,97,0
2015-11-18,30050,30250,30000,30000,14,0
2015-11-19,30000,30150,29940,30150,19,0
2015-11-20,30150,30300,30150,30200,19,0
2015-11-24,30450,30450,30150,30300,8,0
2015-11-25,30100,30100,30100,30100,77,0
2015-11-26,30300,30700,30300,30700,305,0
2015-11-27,30700,30700,30400,30500,45,0
2015-11-30,30550,30550,30000,30150,23,0
2015-12-01,30000,30000,30000,30000,3,0
2015-12-02,30350,30350,29910,30050,399,0
2015-12-03,30000,30300,30000,30300,62,0
2015-12-04,29870,29970,29870,29970,40,0
2015-12-07,30000,30400,30000,30250,94,0
2015-12-08,30250,30400,30150,30150,33,0
2015-12-09,30400,30400,29870,29870,8,0
2015-12-10,29470,29940,29290,29900,84,0
2015-12-11,29900,29900,29790,29790,24,0
2015-12-14,29790,29820,29640,29640,55,0
2015-12-15,29900,29900,29650,29650,3,0
2015-12-16,29680,29950,29680,29950,36,0
2015-12-17,31150,31150,30750,30750,84,0
2015-12-18,30600,31200,30400,30700,50,0
2015-12-21,30200,30500,29980,30450,24,0
2015-12-24,30500,30500,30500,30500,31,0
2015-12-25,30500,30500,30000,30500,48,0
2015-12-28,29940,30000,29870,30000,25,0
2015-12-29,30000,30000,30000,30000,15,0
2015-12-30,30350,30800,30350,30650,29,0
2016-01-04,30850,30850,30000,30000,49,0
2016-01-05,30100,30100,29470,29820,99,0
2016-01-06,29510,29730,29510,29720,13,0
2016-01-07,29250,29720,29140,29140,128,0
2016-01-08,28790,29180,28770,29180,36,0
2016-01-12,28680,28680,28210,28210,36,0
2016-01-13,29210,29290,28710,29290,24,0
2016-01-14,28000,28000,27840,28000,17,0
2016-01-15,28790,29100,28570,28570,23,0
2016-01-18,28250,28540,27680,28540,55,0
2016-01-19,28040,28040,27800,27850,41,0
2016-01-20,27850,27850,27200,27200,24,0
2016-01-21,26810,27310,26360,26860,27,0
2016-01-22,27360,27880,26990,27880,20,0
2016-01-25,28700,29040,28470,28470,23,0
2016-01-26,28260,28940,28260,28440,8,0
2016-01-27,29160,29230,28610,29220,5,0
2016-01-28,29280,29330,29280,29330,41,0
2016-01-29,29400,30850,29400,30550,152,0
2016-02-01,31950,31950,31100,31900,56,0
2016-02-02,31350,31950,31350,31600,55,0
2016-02-03,31450,31700,31000,31700,70,0
2016-02-04,31200,31200,31000,31000,4,0
2016-02-05,31000,31100,30250,30500,15,0
2016-02-08,30300,31000,30300,31000,5,0
2016-02-09,30500,30500,29620,29740,98,0
2016-02-10,29740,30250,28760,28880,31,0
2016-02-12,27730,28460,27730,27880,64,0
2016-02-15,27890,29320,27890,29320,9,0
2016-02-16,29520,29520,29200,29200,31,0
2016-02-17,29010,29010,27900,28090,35,0
2016-02-18,29000,29200,28810,28810,7,0
2016-02-19,28710,28710,28710,28710,1,0
2016-02-22,28800,28800,28800,28800,2,0
2016-02-23,29160,29160,28800,28800,7,0
2016-02-24,28800,28800,28800,28800,10,0
2016-02-25,29120,29160,29120,29160,32,0
2016-02-26,28940,29890,28940,29510,8,0
2016-02-29,29250,29360,28800,28800,74,0
2016-03-01,28800,29300,28800,29300,33,0
2016-03-02,30000,30150,30000,30150,6,0
2016-03-04,29340,29340,29340,29340,30,0
2016-03-07,29350,29350,29350,29350,1,0
2016-03-09,28950,28950,28950,28950,1,0
2016-03-10,28860,29110,28860,29060,10,0
2016-03-14,29250,29700,29250,29700,5,0
2016-03-15,29330,29330,29320,29320,14,0
2016-03-17,29370,29370,29370,29370,1,0
2016-03-18,29560,29560,29210,29230,13,0
2016-03-22,28900,29010,28900,29010,3,0
2016-03-24,29430,29500,29430,29500,5,0
2016-03-25,29450,29450,29450,29450,1,0
2016-03-29,29880,30200,29880,30050,38,0
2016-03-30,30050,30050,30050,30050,1,0
2016-04-01,29420,29420,28870,28870,15,0
2016-04-04,28540,29650,28540,29650,51,0
2016-04-05,28830,29130,28830,29130,10,0
2016-04-06,29130,29130,29130,29130,1,0
2016-04-08,28560,29130,28500,29130,12,0
2016-04-11,28980,28980,28980,28980,10,0
2016-04-12,29300,29300,29300,29300,10,0
2016-04-14,29230,29500,29230,29500,28,0
2016-04-19,29940,30050,29940,30050,3,0
2016-04-20,30050,30050,29430,29430,12,0
2016-04-21,29490,29930,29490,29930,20,0
2016-04-22,29910,29910,29680,29680,7,0
2016-04-25,29430,29430,29430,29430,5,0
2016-04-27,29920,30000,29920,29940,17,0
2016-04-28,30000,30200,29430,29450,34,0
2016-05-02,28110,29100,28110,28900,60,0
2016-05-06,29720,29730,29720,29730,3,0
2016-05-09,29800,29800,29800,29800,3,0
2016-05-10,30000,30150,30000,30150,12,0
2016-05-11,30300,30300,30300,30300,1,0
2016-05-13,30000,30000,30000,30000,1,0
2016-05-16,30000,30300,30000,30300,2,0
2016-05-18,30500,30500,29930,29930,22,0
2016-05-19,30000,30600,29900,29900,5,0
2016-05-20,30400,30550,30400,30550,4,0
2016-05-23,30550,30550,30200,30200,18,0
2016-05-24,30000,30000,30000,30000,10,0
2016-05-30,30000,30350,30000,30350,68,0
2016-05-31,30300,30500,30300,30450,10,0
2016-06-01,30600,30600,30100,30100,10,0
2016-06-02,30500,30500,29840,29840,3,0
2016-06-03,29690,29860,29690,29860,2,0
2016-06-06,30200,30350,30200,30350,11,0
2016-06-08,30500,30700,30500,30700,39,0
2016-06-09,30550,30850,30550,30850,21,0
2016-06-10,30850,30850,30850,30850,1,0
2016-06-13,30400,30400,29990,29990,6,0
2016-06-14,29510,29510,29460,29460,3,0
2016-06-16,29310,29310,28620,28620,3,0
2016-06-20,29450,29450,29080,29250,8,0
2016-06-21,29170,29500,29170,29500,6,0
2016-06-22,29500,29500,29500,29500,1,0
2016-06-24,29360,29360,27590,27980,97,0
2016-06-27,28200,29090,28200,28950,35,0
2016-06-28,28950,29700,28950,29700,19,0
2016-07-04,30200,30200,29900,29900,5,0
2016-07-05,30400,30450,30400,30450,8,0
2016-07-06,30400,30400,30350,30350,3,0
2016-07-07,30500,30500,30500,30500,10,0
2016-07-08,30300,30300,30000,30000,3,0
2016-07-12,30500,30950,30500,30950,16,0
2016-07-13,30800,30800,29940,29940,10,0
2016-07-14,30400,30400,30400,30400,2,0
2016-07-15,29830,29830,29830,29830,1,0
2016-07-19,29390,29970,29390,29800,1923,0
2016-07-20,30250,30250,30050,30050,24,0
2016-07-21,30150,30200,30150,30150,181,0
2016-07-25,29930,29930,29600,29600,3,0
2016-07-26,29870,29870,29870,29870,2,0
2016-07-28,29280,29280,29210,29210,52,0
2016-07-29,29180,29490,29180,29250,40,0
2016-08-01,29330,29330,29330,29330,3,0
2016-08-02,29600,29640,29450,29450,24,0
2016-08-03,28500,28580,28310,28310,25,0
2016-08-04,28210,28210,27500,27530,163,0
2016-08-05,27800,27800,27420,27440,55,0
2016-08-08,27630,27630,27630,27630,1,0
2016-08-09,28040,28040,28040,28040,2,0
2016-08-10,28220,28300,27940,28300,10,0
2016-08-12,28340,28340,28340,28340,1,0
2016-08-15,28840,28840,28720,28720,4,0
2016-08-16,28240,28240,28190,28190,9,0
2016-08-17,28000,28000,28000,28000,25,0
2016-08-18,28270,28270,27900,27900,5,0
2016-08-19,27600,27600,26920,27160,47,0
2016-08-22,27600,27600,27300,27300,2,0
2016-08-23,27600,27600,27600,27600,1,0
2016-08-24,27570,27570,27570,27570,1,0
2016-08-26,27510,27510,27510,27510,2,0
2016-08-29,27420,27650,27420,27520,111,0
2016-08-30,27300,27300,27210,27210,4,0
2016-08-31,27160,27290,27160,27290,7,0
2016-09-02,27910,28000,27840,27840,48,0
2016-09-05,28070,28070,28000,28000,41,0
2016-09-06,28170,28220,28170,28220,349,0
2016-09-07,28290,28310,28290,28310,101,0
2016-09-08,28060,28100,28060,28100,12,0
2016-09-09,27900,27900,27900,27900,1,0
2016-09-12,27730,27730,27520,27640,17,0
2016-09-14,27830,27830,27830,27830,10,0
2016-09-15,27680,27680,27680,27680,1,0
2016-09-20,27800,27900,27800,27900,15,0
2016-09-21,28130,28330,27880,28330,169,0
2016-09-23,28330,28540,28330,28540,154,0
2016-09-26,28780,28810,28500,28810,26,0
2016-09-27,28410,28780,28410,28780,57,0
2016-09-28,28850,28980,28850,28980,7,0
2016-09-29,29160,29160,28990,28990,31,0
2016-09-30,29170,29170,28870,28870,71,0
2016-10-03,29220,29220,29220,29220,1,0
2016-10-04,29370,29370,29010,29010,4,0
2016-10-05,29020,29020,28820,28820,17,0
2016-10-06,28820,28820,28740,28740,9,0
2016-10-07,28790,29060,28790,28860,11,0
2016-10-12,29000,29000,29000,29000,3,0
2016-10-13,29030,29030,28930,28930,4,0
2016-10-18,28930,28930,28930,28930,2,0
2016-10-19,28670,28850,28650,28650,5,0
2016-10-20,28630,28780,28630,28780,241,0
2016-10-24,28530,28530,28530,28530,10,0
2016-10-25,28710,28860,28710,28860,101,0
2016-10-26,28680,29060,28680,29040,394,0
2016-10-27,29170,29220,29170,29210,104,0
2016-10-28,29210,29210,29040,29080,55,0
2016-11-01,29180,29350,29180,29350,84,0
2016-11-02,29380,29420,29250,29420,26,0
2016-11-04,29200,29200,29090,29090,5,0
2016-11-07,28980,29010,28780,29010,9,0
2016-11-08,29000,29000,29000,29000,1,0
2016-11-09,28400,28400,27920,28090,27,0
2016-11-10,28410,28410,28310,28330,18,0
2016-11-11,28140,28250,27780,27780,58,0
2016-11-14,27510,27730,27510,27730,21,0
2016-11-15,27530,27660,27510,27660,8,0
2016-11-16,27580,27640,27580,27640,2,0
2016-11-17,27960,28070,27850,28070,9,0
2016-11-18,28190,28190,27710,27710,14,0
2016-11-21,28030,28480,28030,28480,12,0
2016-11-24,28520,28520,28520,28520,1,0
2016-11-28,28350,28350,28350,28350,4,0
2016-11-29,28430,28810,28430,28810,17,0
2016-11-30,28600,28600,28600,28600,10,0
2016-12-01,28900,29210,28780,28780,188,0
2016-12-02,28900,28900,28000,28090,32,0
2016-12-05,28050,28410,28050,28150,22,0
2016-12-06,28180,28180,28000,28000,20,0
2016-12-07,28000,28050,27900,27910,10,0
2016-12-08,27890,28210,27830,28150,15,0
2016-12-09,27940,28130,27930,28100,7,0
2016-12-12,28270,28900,28270,28870,45,0
2016-12-13,29100,29500,29090,29430,82,0
2016-12-14,29240,29470,29160,29160,55,0
2016-12-15,29160,29160,28940,29000,8,0
2016-12-16,29160,29440,29160,29210,6,0
2016-12-19,29060,29340,29060,29260,20,0
2016-12-20,29380,29500,29350,29460,33,0
2016-12-21,29450,29530,29450,29470,5,0
2016-12-22,29500,29500,29460,29460,26,0
2016-12-26,29460,29670,29460,29670,10,0
2016-12-27,29680,29710,29680,29710,27,0
2016-12-28,29680,29680,29680,29680,1,0
2016-12-29,29420,29460,29420,29460,24,0
2016-12-30,29610,29610,29540,29540,102,0
2017-01-04,29550,29900,29550,29890,14,0
2017-01-05,29990,29990,29990,29990,3,0
2017-01-06,29880,30200,29880,30200,123,0
2017-01-10,30200,30200,29880,29880,12,0
2017-01-11,29590,29590,29590,29590,10,0
2017-01-12,29600,29600,29520,29520,14,0
2017-01-13,29680,29680,29450,29450,34,0
2017-01-16,29510,29510,29510,29510,2,0
2017-01-17,29490,29490,28810,29060,16,0
2017-01-18,29220,29220,28900,28900,10,0
2017-01-19,28810,29230,28810,28910,64,0
2017-01-20,29190,29230,28970,28970,26,0
2017-01-23,28890,28890,28800,28800,52,0
2017-01-24,28700,28700,28700,28700,2,0
2017-01-25,28700,29090,28700,28860,451,0
2017-01-26,28930,28930,28930,28930,3,0
2017-01-27,29000,29190,28860,28860,54,0
2017-01-31,28890,28890,28890,28890,1,0
2017-02-01,28860,28860,28860,28860,2,0
2017-02-02,29360,29360,29220,29220,20,0
2017-02-03,28860,29320,28860,29320,20,0
2017-02-07,28820,28820,28820,28820,1,0
2017-02-09,28990,28990,28990,28990,1,0
2017-02-13,29140,29400,29140,29400,4,0
2017-02-14,29110,29110,29110,29110,1,0
2017-02-20,29300,29300,29300,29300,35,0
2017-02-21,29420,29610,29420,29610,8,0
2017-02-22,29370,29370,29370,29370,400,0
2017-02-23,29620,29650,29620,29650,29,0
2017-02-24,29650,30000,29650,30000,27,0
2017-02-27,29990,29990,29920,29950,13,0
2017-02-28,29800,29800,29800,29800,7,0
2017-03-01,29700,29800,29700,29800,7,0
2017-03-02,29870,30050,29870,29970,23,0
2017-03-03,29980,30100,29980,30100,55,0
2017-03-06,30000,30000,30000,30000,2,0
2017-03-07,30000,30200,30000,30200,7,0
2017-03-10,30050,30650,30050,30650,38,0
2017-03-13,30650,30900,30650,30900,54,0
2017-03-14,30900,30900,30650,30700,9,0
2017-03-15,30900,30900,30900,30900,2,0
2017-03-16,30600,30600,30600,30600,10,0
2017-03-17,30550,30550,30550,30550,20,0
2017-03-21,30550,30800,30500,30800,54,0
2017-03-22,30650,30650,30650,30650,10,0
2017-03-23,30600,30600,30600,30600,1,0
2017-03-24,30800,30800,30800,30800,71,0
2017-03-27,30650,30650,30650,30650,1,0
2017-03-28,30700,30700,30700,30700,1,0
2017-03-29,30750,30800,30550,30800,45,0
2017-03-30,30700,30700,30350,30350,6,0
2017-03-31,30300,30300,30300,30300,4,0
2017-04-03,30300,30550,30300,30550,17,0
2017-04-04,30600,30600,30400,30400,24,0
2017-04-05,30500,30500,30500,30500,1,0
2017-04-10,30100,30100,30100,30100,27,0
2017-04-12,29970,29970,29970,29970,5,0
2017-04-17,30300,30300,30300,30300,1,0
2017-04-18,30550,30550,30000,30000,23,0
2017-04-19,30050,30050,30050,30050,1,0
2017-04-21,30050,30050,30050,30050,1,0
2017-04-24,30250,30300,30250,30300,5,0
2017-04-26,30600,30650,30600,30650,6,0
2017-04-27,30650,30900,30650,30900,3,0
2017-04-28,30450,30450,30450,30450,1,0
2017-05-02,31000,31000,30550,30550,31,0
2017-05-08,30900,31400,30900,31400,64,0
2017-05-09,31350,31400,31300,31300,24,0
2017-05-10,31250,31450,31250,31450,22,0
2017-05-11,31450,31500,31450,31500,7,0
2017-05-12,31600,31600,31500,31500,11,0
2017-05-15,31750,31900,31750,31900,23,0
2017-05-16,32050,32350,32050,32350,39,0
2017-05-17,32250,32550,32250,32550,16,0
2017-05-18,32450,32600,32450,32600,33,0
2017-05-19,32500,32600,32500,32500,20,0
2017-05-22,32500,32500,32500,32500,2,0
2017-05-24,32950,33200,32950,33200,23,0
2017-05-25,32900,32900,32900,32900,3,0
2017-05-29,33050,33100,33050,33100,2,0
2017-05-30,33100,33100,33100,33100,18,0
2017-05-31,33000,33000,33000,33000,2,0
2017-06-01,33100,33500,33100,33500,17,0
2017-06-02,33500,33500,33300,33350,18,0
2017-06-05,33300,33750,33300,33750,43,0
2017-06-06,33800,33900,33800,33800,74,0
2017-06-09,33650,33650,33000,33000,5,0
2017-06-12,33000,33450,33000,33450,10,0
2017-06-13,33600,33750,33400,33700,153,0
2017-06-14,33700,33700,33700,33700,53,0
2017-06-15,33400,33550,33400,33400,7,0
2017-06-16,33800,33800,33700,33700,214,0
2017-06-19,33700,33700,33700,33700,6,0
2017-06-20,33950,33950,33950,33950,112,0
2017-06-21,33600,33800,33600,33650,213,0
2017-06-22,33600,33600,33450,33550,259,0
2017-06-23,33200,33200,33150,33150,153,0
2017-06-27,33400,33400,33400,33400,550,0
2017-06-28,33400,33400,33000,33000,184,0
2017-06-29,33200,33200,33000,33100,59,0
2017-06-30,32850,32850,32600,32650,38,0
2017-07-03,32850,32900,32850,32900,13,0
2017-07-04,32800,32800,32000,32050,52,0
2017-07-05,32050,32050,32050,32050,2,0
2017-07-06,32450,32450,32450,32450,5,0
2017-07-07,32400,32400,32350,32350,3,0
2017-07-10,32500,32500,32500,32500,15,0
2017-07-11,32500,32550,32350,32550,63,0
2017-07-12,31950,32000,31950,32000,6,0
2017-07-18,32000,32000,32000,32000,4,0
2017-07-19,32150,32150,32150,32150,2,0
2017-07-20,32000,32200,32000,32200,14,0
2017-07-21,32300,32300,32300,32300,1,0
2017-07-24,32200,32200,32200,32200,1,0
2017-07-26,32100,32100,32100,32100,1,0
2017-07-27,32100,32100,32100,32100,1,0
2017-07-31,32100,32200,32100,32200,8,0
2017-08-02,32450,32450,32450,32450,2,0
2017-08-03,32100,32200,32050,32050,11,0
2017-08-04,32000,32000,32000,32000,3,0
2017-08-07,31950,31950,31800,31850,20,0
2017-08-08,31950,31950,31900,31900,2,0
2017-08-09,31850,31850,31850,31850,2,0
2017-08-10,31850,31850,31850,31850,1,0
2017-08-15,31950,32000,31950,32000,21,0
2017-08-17,32300,32300,31950,31950,3,0
2017-08-18,31800,31800,31800,31800,8,0
2017-08-21,31850,31850,31850,31850,2,0
2017-08-23,31700,31700,31700,31700,1,0
2017-08-24,31750,31750,31750,31750,1,0
2017-08-28,31650,31650,31650,31650,1,0
2017-08-29,31450,31450,31350,31400,21,0
2017-08-30,31600,31800,31600,31800,13,0
2017-08-31,31800,31800,31800,31800,1,0
2017-09-04,31950,31950,31500,31500,34,0
2017-09-05,31500,31500,31450,31450,3,0
2017-09-06,31500,31500,31500,31500,1,0
2017-09-07,31500,31500,31500,31500,2,0
2017-09-08,31500,31500,31250,31500,4,0
2017-09-11,31500,31750,31500,31750,21,0
2017-09-13,31750,31750,31750,31750,22,0
2017-09-19,32000,32000,32000,32000,2,0
2017-09-20,32000,32000,32000,32000,3,0
2017-09-21,32050,32050,31950,31950,33,0
2017-09-22,31550,31750,31550,31650,121,0
2017-09-25,31700,31750,31700,31750,89,0
2017-09-26,31700,31800,31700,31800,4,0
2017-09-27,31900,31900,31900,31900,3,0
2017-09-28,32100,32100,32100,32100,2,0
2017-10-02,32150,32150,32150,32150,1,0
2017-10-03,32150,32150,32150,32150,2,0
2017-10-04,32150,32250,32150,32200,11,0
2017-10-05,32750,33100,32750,32950,109,0
2017-10-06,32750,32750,32750,32750,3,0
2017-10-11,32600,32850,32600,32850,21,0
2017-10-12,32900,33000,32900,33000,46,0
2017-10-13,33100,33200,33100,33200,22,0
2017-10-16,33400,33600,33400,33550,5,0
2017-10-17,33550,33600,33550,33600,33,0
2017-10-18,33750,33750,33450,33450,7,0
2017-10-19,33500,33650,33500,33650,13,0
2017-10-20,33500,33500,33500,33500,37,0
2017-10-23,33600,34000,33600,34000,23,0
2017-10-24,33750,33900,33750,33900,12,0
2017-10-25,34150,34150,33450,33550,60,0
2017-10-26,33500,33600,33500,33500,6,0
2017-10-27,33850,33850,33850,33850,1,0
2017-10-30,33600,33600,33600,33600,1,0
2017-11-01,33650,33900,33650,33900,2,0
2017-11-02,34000,34150,33600,33950,22,0
2017-11-06,33750,33950,33750,33950,3,0
2017-11-07,33950,34000,33950,34000,2,0
2017-11-08,33650,33650,33550,33550,13,0
2017-11-09,33900,34000,33450,33450,32,0
2017-11-10,33550,33550,33550,33550,1,0
2017-11-14,33650,33650,33650,33650,1,0
2017-11-16,33250,33350,33000,33350,16,0
2017-11-20,33650,33650,33650,33650,3,0
2017-11-21,33500,33650,33500,33650,17,0
2017-11-24,33300,33800,33300,33500,87,0
2017-11-28,33500,33500,33400,33400,10,0
2017-11-30,34100,34100,34100,34100,3,0
2017-12-01,34200,34200,33750,33750,19,0
2017-12-04,34400,34400,34400,34400,3,0
2017-12-05,34200,34200,33750,34200,3,0
2017-12-07,34300,34700,34300,34700,19,0
2017-12-08,34800,34800,34750,34750,52,0
2017-12-11,34900,34950,34900,34950,4,0
2017-12-12,35250,35250,35150,35150,13,0
2017-12-13,35150,35150,34600,34600,6,0
2017-12-18,35150,35150,34850,34850,9,0
2017-12-19,35150,35150,35100,35100,12,0
2017-12-20,34700,34700,34700,34700,2,0
2017-12-21,34500,34500,34500,34500,2,0
2017-12-22,34650,34650,34650,34650,1,0
2017-12-26,34800,34800,34800,34800,11,0
2017-12-28,34800,34800,34800,34800,2,0
2017-12-29,34800,34950,34800,34950,8,0
2018-01-04,35000,35000,34600,34600,36,0
2018-01-05,34750,34850,34750,34850,26,0
2018-01-09,34950,35200,34950,35200,16,0
2018-01-10,35000,35000,35000,35000,2,0
2018-01-11,35000,35000,34600,34650,13,0
2018-01-12,34750,34750,34200,34200,10,0
2018-01-15,34050,34050,34000,34000,17,0
2018-01-16,34000,34500,34000,34500,34,0
2018-01-18,34800,34800,34250,34250,19,0
2018-01-19,34050,34400,34050,34400,7,0
2018-01-22,34250,34250,34250,34250,5,0
2018-01-23,34700,35000,34700,35000,23,0
2018-01-25,35000,35000,35000,35000,6,0
2018-01-26,35000,35000,35000,35000,2,0
2018-01-30,34350,34500,34150,34150,27,0
2018-01-31,34450,34450,34200,34200,8,0
2018-02-01,34500,34500,34500,34500,2,0
2018-02-02,34500,34550,34500,34550,2,0
2018-02-05,34000,34000,33700,33700,13,0
2018-02-06,32550,32600,31750,32350,51,0
2018-02-07,32750,32750,32250,32250,13,0
2018-02-08,32050,32100,31500,32100,37,0
2018-02-09,31850,31850,31100,31650,25,0
2018-02-13,31800,31800,31600,31600,9,0
2018-02-14,31500,31500,31200,31200,11,0
2018-02-15,31200,31500,31200,31500,7,0
2018-02-16,31250,31650,31250,31650,5,0
2018-02-19,31750,32250,31750,32250,26,0
2018-02-20,32550,32550,32550,32550,2,0
2018-02-21,31650,32300,31650,32300,12,0
2018-02-22,31500,31500,31500,31500,10,0
2018-02-27,32200,32200,32000,32000,3,0
2018-03-01,31800,31800,31400,31400,4,0
2018-03-02,31400,31400,30700,30700,14,0
2018-03-05,30600,30950,30600,30950,2,0
2018-03-06,31350,31350,31000,31000,2,0
2018-03-08,31150,31150,31150,31150,7,0
2018-03-09,31600,31600,31600,31600,1,0
2018-03-12,32050,32200,31800,31950,60,0
2018-03-15,31950,31950,31950,31950,1,0
2018-03-16,32250,32250,32250,32250,1,0
2018-03-19,32000,32000,31800,31800,7,0
2018-03-20,31950,31950,31500,31500,4,0
2018-03-22,31350,31350,31100,31100,6,0
2018-03-23,30900,31000,30700,31000,6,0
2018-03-27,31500,31500,31500,31500,1,0
2018-03-29,32000,32000,31700,31700,9,0
