Date,Open,High,Low,Close,Volume,OpenInt
2011-04-18,0.25,0.27,0.231,0.231,6800000,0
2011-04-19,0.196,0.198,0.196,0.196,6000000,0
2011-04-20,0.23,0.275,0.23,0.275,10900000,0
2011-04-21,0.285,0.295,0.285,0.295,2900000,0
2011-04-26,0.265,0.28,0.255,0.28,4000000,0
2011-04-27,0.34,0.34,0.28,0.285,9680000,0
2011-04-28,0.325,0.325,0.285,0.295,10660000,0
2011-04-29,0.24,0.241,0.234,0.234,12400000,0
2011-05-03,0.23,0.265,0.215,0.216,43343000,0
2011-05-04,0.198,0.206,0.19,0.193,7420000,0
2011-05-05,0.195,0.225,0.183,0.184,49300000,0
2011-05-06,0.183,0.224,0.182,0.216,42120000,0
2011-05-09,0.21,0.228,0.21,0.219,14720000,0
2011-05-11,0.225,0.225,0.221,0.221,2300000,0
2011-05-12,0.206,0.211,0.189,0.192,40600000,0
2011-05-13,0.189,0.205,0.184,0.199,15800000,0
2011-05-16,0.183,0.188,0.171,0.171,12450000,0
2011-05-17,0.165,0.185,0.152,0.181,23940000,0
2011-05-18,0.201,0.23,0.193,0.218,16590000,0
2011-05-19,0.222,0.246,0.222,0.231,3200000,0
2011-05-20,0.239,0.239,0.225,0.225,1400000,0
2011-05-23,0.196,0.201,0.17,0.17,20930000,0
2011-05-24,0.179,0.188,0.174,0.188,10000000,0
2011-05-25,0.174,0.189,0.167,0.184,13700000,0
2011-05-26,0.185,0.192,0.185,0.188,14300000,0
2011-05-27,0.201,0.206,0.201,0.203,1115000,0
2011-05-30,0.209,0.217,0.205,0.214,930000,0
2011-05-31,0.243,0.243,0.243,0.243,0,0
2011-06-01,0.241,0.241,0.198,0.198,16000000,0
2011-06-02,0.166,0.168,0.129,0.131,15048000,0
2011-06-03,0.126,0.126,0.098,0.107,7870000,0
2011-06-07,0.089,0.101,0.089,0.101,680000,0
2011-06-08,0.099,0.102,0.082,0.082,2280000,0
2011-06-09,0.075,0.075,0.056,0.061,529000,0
2011-06-10,0.058,0.058,0.058,0.058,0,0
2011-06-13,0.065,0.065,0.065,0.065,100000,0
2011-06-14,0.07,0.07,0.07,0.07,0,0
2011-06-15,0.062,0.062,0.062,0.062,0,0
2011-06-16,0.048,0.048,0.048,0.048,0,0
2011-06-17,0.048,0.048,0.048,0.048,0,0
2011-06-20,0.054,0.054,0.054,0.054,100000,0
2011-06-21,0.048,0.048,0.048,0.048,100000,0
2011-06-22,0.037,0.037,0.037,0.037,100000,0
2011-06-23,0.031,0.031,0.031,0.031,0,0
2011-06-24,0.043,0.051,0.043,0.051,400000,0
2011-06-27,0.063,0.063,0.063,0.063,100000,0
2011-06-28,0.063,0.063,0.063,0.063,0,0
2011-06-29,0.053,0.053,0.053,0.053,0,0
2011-06-30,0.059,0.059,0.059,0.059,0,0
2011-07-04,0.067,0.074,0.067,0.074,767000,0
2011-07-05,0.074,0.074,0.074,0.074,0,0
2011-07-06,0.046,0.046,0.046,0.046,0,0
2011-07-07,0.04,0.04,0.039,0.039,200000,0
2011-07-08,0.045,0.045,0.045,0.045,200000,0
2011-07-11,0.039,0.039,0.039,0.039,0,0
2011-07-12,0.026,0.026,0.026,0.026,0,0
2011-07-13,0.033,0.033,0.033,0.033,0,0
2011-07-14,0.033,0.033,0.033,0.033,0,0
2011-07-15,0.033,0.033,0.033,0.033,0,0
2011-07-18,0.041,0.041,0.041,0.041,0,0
2011-07-19,0.041,0.041,0.041,0.041,0,0
2011-07-20,0.044,0.044,0.044,0.044,0,0
2011-07-21,0.039,0.039,0.039,0.039,0,0
2011-07-22,0.04,0.04,0.04,0.04,0,0
2011-07-25,0.04,0.04,0.04,0.04,0,0
2011-07-26,0.05,0.05,0.05,0.05,0,0
2011-07-27,0.05,0.05,0.05,0.05,0,0
2011-07-28,0.056,0.056,0.056,0.056,0,0
2011-07-29,0.056,0.056,0.056,0.056,0,0
2011-08-01,0.058,0.058,0.058,0.058,0,0
2011-08-02,0.047,0.047,0.047,0.047,0,0
2011-08-03,0.037,0.037,0.037,0.037,0,0
2011-08-04,0.028,0.028,0.028,0.028,0,0
2011-08-05,0.028,0.028,0.028,0.028,0,0
2011-08-08,0.028,0.028,0.028,0.028,0,0
2011-08-09,0.028,0.028,0.028,0.028,0,0
2011-08-10,0.028,0.028,0.028,0.028,0,0
2011-08-11,0.028,0.028,0.028,0.028,0,0
2011-08-12,0.028,0.028,0.028,0.028,0,0
2011-08-15,0.028,0.028,0.028,0.028,0,0
2011-08-16,0.028,0.028,0.028,0.028,0,0
2011-08-17,0.028,0.028,0.028,0.028,0,0
2011-08-18,0.028,0.028,0.028,0.028,0,0
2011-08-19,0.028,0.028,0.028,0.028,0,0
2011-08-22,0.028,0.028,0.028,0.028,0,0
2011-08-23,0.028,0.028,0.028,0.028,0,0
2011-08-24,0.028,0.028,0.028,0.028,0,0
2011-08-25,0.028,0.028,0.028,0.028,0,0
2011-08-26,0.028,0.028,0.028,0.028,0,0
2011-08-29,0.028,0.028,0.028,0.028,0,0
2011-08-30,0.028,0.028,0.028,0.028,0,0
2011-08-31,0.028,0.028,0.028,0.028,0,0
2011-09-01,0.028,0.028,0.028,0.028,0,0
2011-09-02,0.028,0.028,0.028,0.028,0,0
2011-09-05,0.028,0.028,0.028,0.028,0,0
2011-09-06,0.028,0.028,0.028,0.028,0,0
2011-09-07,0.028,0.028,0.028,0.028,0,0
2011-09-08,0.028,0.028,0.028,0.028,0,0
2011-09-09,0.028,0.028,0.028,0.028,0,0
2011-09-12,0.028,0.028,0.028,0.028,0,0
2011-09-14,0.028,0.028,0.028,0.028,0,0
2011-09-15,0.028,0.028,0.028,0.028,0,0
2011-09-16,0.028,0.028,0.028,0.028,0,0
2011-09-19,0.028,0.028,0.028,0.028,0,0
2011-09-20,0.028,0.028,0.028,0.028,0,0
2011-09-21,0.028,0.028,0.028,0.028,0,0
2011-09-22,0.028,0.028,0.028,0.028,0,0
2011-09-23,0.028,0.028,0.028,0.028,0,0
2011-09-26,0.028,0.028,0.028,0.028,0,0
2011-09-27,0.028,0.028,0.028,0.028,0,0
2011-09-28,0.028,0.028,0.028,0.028,0,0
2011-09-30,0.028,0.028,0.028,0.028,0,0
2011-10-03,0.028,0.028,0.028,0.028,0,0
2011-10-04,0.028,0.028,0.028,0.028,0,0
2011-10-06,0.028,0.028,0.028,0.028,0,0
2011-10-07,0.028,0.028,0.028,0.028,0,0
2011-10-10,0.028,0.028,0.028,0.028,0,0
2011-10-11,0.028,0.028,0.028,0.028,0,0
2011-10-12,0.028,0.028,0.028,0.028,0,0
2011-10-13,0.028,0.028,0.028,0.028,0,0
2011-10-14,0.028,0.028,0.028,0.028,0,0
2011-10-17,0.028,0.028,0.028,0.028,0,0
2011-10-18,0.028,0.028,0.028,0.028,0,0
2013-12-09,0.221,0.222,0.216,0.216,2100000,0
2013-12-10,0.221,0.224,0.204,0.207,4588000,0
2013-12-11,0.209,0.21,0.192,0.192,4530000,0
2013-12-12,0.197,0.204,0.194,0.199,3930000,0
2013-12-13,0.2,0.201,0.197,0.197,3900000,0
2013-12-16,0.196,0.2,0.184,0.184,9205000,0
2013-12-17,0.192,0.192,0.184,0.184,2202000,0
2013-12-18,0.182,0.182,0.175,0.179,7805000,0
2013-12-19,0.188,0.188,0.177,0.178,3582000,0
2013-12-20,0.177,0.18,0.172,0.177,1900000,0
2013-12-23,0.184,0.185,0.182,0.184,2310000,0
2013-12-24,0.189,0.19,0.189,0.19,1700000,0
2013-12-27,0.187,0.189,0.181,0.186,7700000,0
2013-12-30,0.185,0.186,0.18,0.181,3000000,0
2013-12-31,0.184,0.186,0.18,0.18,3000000,0
2014-01-02,0.188,0.188,0.181,0.181,900000,0
2014-01-03,0.181,0.182,0.174,0.178,3000000,0
2014-01-06,0.175,0.175,0.168,0.172,7450000,0
2014-01-07,0.175,0.179,0.175,0.177,1800000,0
2014-01-08,0.178,0.182,0.177,0.182,3930000,0
2014-01-09,0.184,0.184,0.176,0.176,4600000,0
2014-01-10,0.173,0.176,0.162,0.162,5300000,0
2014-01-13,0.161,0.168,0.161,0.162,3300000,0
2014-01-14,0.161,0.161,0.155,0.157,5600000,0
2014-01-15,0.161,0.164,0.161,0.161,1300000,0
2014-01-16,0.158,0.16,0.152,0.152,900000,0
2014-01-17,0.147,0.153,0.144,0.15,2330000,0
2014-01-20,0.152,0.152,0.147,0.147,700000,0
2014-01-21,0.15,0.154,0.145,0.145,2500000,0
2014-01-22,0.148,0.157,0.148,0.157,2900000,0
2014-01-23,0.165,0.173,0.16,0.173,1480000,0
2014-01-24,0.166,0.17,0.164,0.164,1200000,0
2014-01-27,0.15,0.151,0.149,0.151,2000000,0
2014-01-28,0.145,0.148,0.145,0.145,3500000,0
2014-01-29,0.146,0.148,0.146,0.146,1900000,0
2014-01-30,0.139,0.141,0.139,0.141,1000000,0
2014-02-04,0.135,0.135,0.13,0.13,900000,0
2014-02-05,0.131,0.132,0.13,0.131,1000000,0
2014-02-06,0.131,0.137,0.131,0.134,2880000,0
2014-02-07,0.137,0.143,0.137,0.142,4700000,0
2014-02-10,0.141,0.146,0.141,0.142,5600000,0
2014-02-11,0.145,0.148,0.144,0.148,3800000,0
2014-02-12,0.148,0.15,0.146,0.146,3000000,0
2014-02-13,0.144,0.144,0.141,0.141,50000,0
2014-02-14,0.145,0.153,0.145,0.153,2100000,0
2014-02-17,0.156,0.16,0.155,0.157,2470000,0
2014-02-18,0.153,0.155,0.153,0.155,370000,0
2014-02-19,0.156,0.156,0.149,0.151,5500000,0
2014-02-20,0.149,0.153,0.148,0.151,2500000,0
2014-02-21,0.151,0.151,0.149,0.149,300000,0
2014-02-24,0.149,0.15,0.145,0.145,400000,0
2014-02-25,0.146,0.148,0.146,0.147,800000,0
2014-02-26,0.143,0.146,0.143,0.145,2600000,0
2014-02-27,0.145,0.145,0.141,0.144,1800000,0
2014-02-28,0.145,0.145,0.141,0.145,2300000,0
2014-03-03,0.142,0.145,0.142,0.142,700000,0
2014-03-04,0.14,0.141,0.137,0.137,300000,0
2014-03-05,0.14,0.141,0.137,0.137,600000,0
2014-03-06,0.136,0.136,0.136,0.136,100000,0
2014-03-07,0.136,0.137,0.134,0.134,100000,0
2014-03-10,0.129,0.129,0.124,0.124,200000,0
2014-03-11,0.125,0.126,0.125,0.126,400000,0
2014-03-12,0.126,0.126,0.126,0.126,100000,0
2014-03-13,0.127,0.129,0.126,0.128,500000,0
2014-03-14,0.124,0.129,0.124,0.128,1300000,0
2014-03-17,0.127,0.131,0.124,0.131,1900000,0
2014-03-18,0.162,0.165,0.162,0.165,1150000,0
2014-03-19,0.166,0.166,0.157,0.16,1900000,0
2014-03-20,0.166,0.166,0.161,0.161,1000000,0
2014-03-21,0.161,0.172,0.16,0.172,4198000,0
2014-03-24,0.176,0.176,0.169,0.169,3700000,0
2014-03-25,0.167,0.168,0.155,0.155,300000,0
2014-03-26,0.161,0.173,0.161,0.173,2800000,0
2014-03-27,0.171,0.172,0.169,0.171,1100000,0
2014-03-28,0.171,0.175,0.17,0.171,2600000,0
2014-03-31,0.172,0.176,0.166,0.176,3200000,0
2014-04-01,0.172,0.175,0.17,0.175,1100000,0
2014-04-02,0.181,0.188,0.181,0.187,2500000,0
2014-04-03,0.201,0.204,0.185,0.185,1700000,0
2014-04-04,0.182,0.182,0.179,0.18,1800000,0
2014-04-07,0.181,0.182,0.173,0.174,3100000,0
2014-04-08,0.175,0.183,0.173,0.178,7100000,0
2014-04-09,0.182,0.186,0.177,0.178,4500000,0
2014-04-10,0.175,0.182,0.173,0.173,4500000,0
2014-04-11,0.166,0.174,0.164,0.168,6600000,0
2014-04-14,0.169,0.175,0.168,0.174,4880000,0
2014-04-15,0.171,0.171,0.157,0.157,7030000,0
2014-04-16,0.157,0.157,0.15,0.15,2580000,0
2014-04-17,0.152,0.16,0.152,0.153,4420000,0
2014-04-22,0.152,0.152,0.146,0.148,2500000,0
2014-04-23,0.148,0.155,0.147,0.155,1660000,0
2014-04-24,0.152,0.153,0.151,0.152,3320000,0
2014-04-25,0.152,0.152,0.14,0.14,4230000,0
2014-04-28,0.142,0.148,0.142,0.147,3000000,0
2014-04-29,0.148,0.148,0.138,0.141,4100000,0
2014-04-30,0.141,0.141,0.132,0.132,2400000,0
2014-05-02,0.142,0.16,0.142,0.156,8200000,0
2014-05-05,0.15,0.151,0.14,0.14,5565000,0
2014-05-07,0.139,0.141,0.139,0.14,900000,0
2014-05-08,0.143,0.148,0.143,0.145,5500000,0
2014-05-09,0.146,0.146,0.142,0.142,200000,0
2014-05-12,0.138,0.142,0.137,0.137,7250000,0
2014-05-13,0.14,0.14,0.138,0.138,2700000,0
2014-05-14,0.141,0.141,0.138,0.138,1900000,0
2014-05-15,0.137,0.138,0.134,0.134,1400000,0
2014-05-16,0.127,0.129,0.127,0.129,2500000,0
2014-05-19,0.125,0.126,0.125,0.126,3000000,0
2014-05-20,0.129,0.131,0.128,0.131,3700000,0
2014-05-21,0.13,0.134,0.13,0.134,5800000,0
2014-05-22,0.135,0.135,0.132,0.132,6200000,0
2014-05-23,0.133,0.136,0.133,0.136,500000,0
2014-05-26,0.137,0.14,0.137,0.14,2400000,0
2014-05-27,0.139,0.14,0.137,0.137,3315000,0
2014-05-28,0.137,0.137,0.134,0.134,1000000,0
2014-05-29,0.131,0.131,0.129,0.129,3000000,0
2014-05-30,0.132,0.133,0.132,0.133,1000000,0
2014-06-03,0.134,0.136,0.132,0.134,1600000,0
2014-06-04,0.131,0.136,0.129,0.136,4400000,0
2014-06-05,0.135,0.136,0.133,0.133,4100000,0
2014-06-06,0.135,0.135,0.134,0.135,500000,0
2014-06-09,0.133,0.134,0.132,0.132,2800000,0
2014-06-10,0.132,0.139,0.132,0.139,3300000,0
2014-06-11,0.147,0.147,0.143,0.144,1300000,0
2014-06-12,0.142,0.144,0.141,0.141,2500000,0
2014-06-13,0.141,0.144,0.141,0.144,4080000,0
2014-06-16,0.144,0.15,0.143,0.148,3830000,0
2014-06-17,0.144,0.144,0.143,0.144,4000000,0
2014-06-18,0.145,0.145,0.139,0.14,2100000,0
2014-06-19,0.14,0.141,0.136,0.136,3600000,0
2014-06-20,0.137,0.138,0.135,0.136,4200000,0
2014-06-23,0.135,0.137,0.133,0.134,4400000,0
2014-06-24,0.135,0.135,0.132,0.134,6400000,0
2014-06-25,0.134,0.137,0.134,0.137,4100000,0
2014-06-26,0.136,0.137,0.135,0.137,4500000,0
2014-06-27,0.136,0.136,0.134,0.135,5400000,0
2014-06-30,0.135,0.139,0.135,0.136,10000000,0
2014-07-02,0.14,0.143,0.14,0.143,3100000,0
2014-07-03,0.145,0.151,0.145,0.151,4250000,0
2014-07-04,0.154,0.154,0.152,0.154,4750000,0
2014-07-07,0.161,0.168,0.16,0.168,7500000,0
2014-07-08,0.168,0.172,0.165,0.167,6950000,0
2014-07-09,0.165,0.176,0.165,0.171,7400000,0
2014-07-10,0.174,0.177,0.173,0.175,4600000,0
2014-07-11,0.173,0.176,0.171,0.176,3900000,0
2014-07-14,0.174,0.181,0.174,0.181,6200000,0
2014-07-15,0.178,0.178,0.17,0.17,8000000,0
2014-07-16,0.173,0.174,0.17,0.171,8000000,0
2014-07-17,0.175,0.176,0.171,0.173,3300000,0
2014-07-18,0.172,0.172,0.17,0.17,7000000,0
2014-07-21,0.174,0.175,0.171,0.173,5000000,0
2014-07-22,0.178,0.179,0.176,0.176,6000000,0
2014-07-23,0.178,0.185,0.178,0.18,7000000,0
2014-07-24,0.187,0.19,0.186,0.19,4000000,0
2014-07-25,0.188,0.191,0.188,0.191,3000000,0
2014-07-28,0.19,0.19,0.183,0.184,5000000,0
2014-07-29,0.19,0.19,0.187,0.187,9000000,0
2014-07-30,0.187,0.188,0.186,0.188,2000000,0
2014-07-31,0.186,0.186,0.184,0.185,8000000,0
2014-08-01,0.183,0.185,0.182,0.182,6040000,0
2014-08-04,0.186,0.192,0.186,0.192,4000000,0
2014-08-05,0.192,0.198,0.192,0.198,7020000,0
2014-08-06,0.193,0.194,0.189,0.193,8000000,0
2014-08-07,0.191,0.192,0.186,0.186,9450000,0
2014-08-08,0.183,0.186,0.183,0.183,6000000,0
2014-08-11,0.189,0.191,0.188,0.191,5000000,0
2014-08-12,0.196,0.198,0.196,0.198,2800000,0
2014-08-13,0.197,0.197,0.193,0.197,7000000,0
2014-08-14,0.193,0.194,0.191,0.191,10000000,0
2014-08-15,0.189,0.191,0.189,0.19,7000000,0
2014-08-18,0.192,0.192,0.188,0.189,7496000,0
2014-08-19,0.19,0.191,0.188,0.189,7200000,0
2014-08-20,0.189,0.189,0.187,0.187,2214000,0
2014-08-21,0.187,0.187,0.184,0.184,6000000,0
2014-08-22,0.187,0.187,0.186,0.186,7220000,0
2014-08-25,0.187,0.188,0.178,0.181,7400000,0
2014-08-26,0.182,0.184,0.175,0.175,4850000,0
2014-08-27,0.18,0.184,0.178,0.179,3750000,0
2014-08-28,0.179,0.179,0.176,0.176,8000000,0
2014-08-29,0.178,0.183,0.178,0.179,10000000,0
2014-09-01,0.176,0.181,0.176,0.179,9200000,0
2014-09-02,0.179,0.184,0.179,0.184,3000000,0
2014-09-03,0.185,0.186,0.183,0.186,5300000,0
2014-09-04,0.186,0.186,0.186,0.186,0,0
2014-09-05,0.199,0.201,0.184,0.185,10500000,0
2014-09-08,0.198,0.198,0.181,0.181,9026000,0
2014-09-10,0.187,0.191,0.187,0.188,5400000,0
2014-09-11,0.193,0.197,0.191,0.191,7001000,0
2014-09-12,0.187,0.189,0.186,0.188,10200000,0
2014-09-15,0.186,0.19,0.179,0.181,6300000,0
2014-09-16,0.185,0.185,0.18,0.18,4200000,0
2014-09-17,0.182,0.184,0.179,0.184,6000000,0
2014-09-18,0.187,0.187,0.179,0.18,4000000,0
2014-09-19,0.182,0.182,0.177,0.177,3000000,0
2014-09-22,0.177,0.177,0.175,0.177,5000000,0
2014-09-23,0.177,0.177,0.172,0.172,5000000,0
2014-09-24,0.171,0.175,0.171,0.172,5000000,0
2014-09-25,0.178,0.181,0.176,0.176,5000000,0
2014-09-26,0.172,0.176,0.171,0.176,4200000,0
2014-09-29,0.166,0.169,0.165,0.168,5515000,0
2014-09-30,0.165,0.168,0.162,0.163,9327000,0
2014-10-03,0.162,0.165,0.162,0.164,4631000,0
2014-10-06,0.166,0.168,0.164,0.168,4344000,0
2014-10-07,0.168,0.17,0.168,0.17,3000000,0
2014-10-08,0.164,0.174,0.164,0.172,7000000,0
2014-10-09,0.175,0.181,0.174,0.181,4095000,0
2014-10-10,0.169,0.172,0.168,0.17,4040000,0
2014-10-13,0.166,0.166,0.162,0.165,9080000,0
2014-10-14,0.163,0.169,0.163,0.165,5200000,0
2014-10-15,0.172,0.174,0.17,0.174,19750000,0
2014-10-16,0.167,0.193,0.166,0.192,16300000,0
2014-10-17,0.185,0.196,0.185,0.196,6220000,0
2014-10-20,0.194,0.194,0.189,0.192,5380000,0
2014-10-21,0.194,0.199,0.191,0.192,14300000,0
2014-10-22,0.198,0.205,0.198,0.203,6010000,0
2014-10-23,0.202,0.216,0.198,0.209,10640000,0
2014-10-24,0.214,0.218,0.205,0.206,10950000,0
2014-10-27,0.206,0.206,0.206,0.206,0,0
2014-10-28,0.206,0.206,0.206,0.206,0,0
2014-10-29,0.206,0.206,0.206,0.206,0,0
2014-10-30,0.206,0.206,0.206,0.206,0,0
2014-10-31,0.206,0.206,0.206,0.206,0,0
2014-11-03,0.206,0.206,0.206,0.206,0,0
2014-11-04,0.206,0.206,0.206,0.206,0,0
2014-11-05,0.206,0.206,0.206,0.206,0,0
2014-11-06,0.206,0.206,0.206,0.206,0,0
2014-11-07,0.206,0.206,0.206,0.206,0,0
2014-11-10,0.206,0.206,0.206,0.206,0,0
2014-11-11,0.206,0.206,0.206,0.206,0,0
2014-11-12,0.206,0.206,0.206,0.206,0,0
2014-11-13,0.206,0.206,0.206,0.206,0,0
2014-11-14,0.206,0.206,0.206,0.206,0,0
2014-11-17,0.206,0.206,0.206,0.206,0,0
2014-11-18,0.206,0.206,0.206,0.206,0,0
2014-11-19,0.206,0.206,0.206,0.206,0,0
2014-11-20,0.206,0.206,0.206,0.206,0,0
2014-11-21,0.206,0.206,0.206,0.206,0,0
2014-11-24,0.206,0.206,0.206,0.206,0,0
2014-11-25,0.206,0.206,0.206,0.206,0,0
2014-11-26,0.206,0.206,0.206,0.206,0,0
2014-11-27,0.206,0.206,0.206,0.206,0,0
2014-11-28,0.206,0.206,0.206,0.206,0,0
2014-12-01,0.206,0.206,0.206,0.206,0,0
2014-12-02,0.206,0.206,0.206,0.206,0,0
2014-12-03,0.206,0.206,0.206,0.206,0,0
2014-12-04,0.206,0.206,0.206,0.206,0,0
2014-12-05,0.206,0.206,0.206,0.206,0,0
2014-12-08,0.206,0.206,0.206,0.206,0,0
2014-12-09,0.206,0.206,0.206,0.206,0,0
2014-12-10,0.206,0.206,0.206,0.206,0,0
2014-12-11,0.206,0.206,0.206,0.206,0,0
2014-12-12,0.206,0.206,0.206,0.206,0,0
2014-12-15,0.206,0.206,0.206,0.206,0,0
2014-12-16,0.206,0.206,0.206,0.206,0,0
2014-12-17,0.206,0.206,0.206,0.206,0,0
2014-12-18,0.206,0.206,0.206,0.206,0,0
2014-12-19,0.206,0.206,0.206,0.206,0,0
2014-12-22,0.206,0.206,0.206,0.206,0,0
2014-12-23,0.206,0.206,0.206,0.206,0,0
2014-12-24,0.206,0.206,0.206,0.206,0,0
2014-12-29,0.206,0.206,0.206,0.206,0,0
2014-12-30,0.206,0.206,0.206,0.206,0,0
2014-12-31,0.43,0.44,0.425,0.44,909000,0
2015-01-02,0.45,0.6,0.41,0.58,1104000,0
2015-01-05,0.58,0.58,0.47,0.49,2659000,0
2015-01-06,0.48,0.49,0.44,0.455,459000,0
2015-01-07,0.46,0.465,0.42,0.42,476000,0
2015-01-08,0.45,0.45,0.42,0.42,816000,0
2015-01-09,0.44,0.445,0.41,0.41,242000,0
2015-01-12,0.4,0.4,0.35,0.38,134000,0
2015-01-13,0.375,0.41,0.375,0.39,259000,0
2015-01-14,0.395,0.415,0.395,0.4,426000,0
2015-01-15,0.43,0.43,0.42,0.43,1703000,0
2015-01-16,0.43,0.44,0.43,0.43,504000,0
2015-01-19,0.41,0.425,0.385,0.41,810000,0
2015-01-20,0.42,0.43,0.42,0.43,208000,0
2015-01-21,0.46,0.475,0.445,0.445,320000,0
2015-01-22,0.45,0.45,0.445,0.445,10000,0
2015-01-23,0.415,0.415,0.41,0.415,483000,0
2015-01-26,0.415,0.415,0.415,0.415,10000,0
2015-01-27,0.425,0.425,0.41,0.41,50000,0
2015-01-28,0.405,0.405,0.38,0.38,70000,0
2015-01-29,0.375,0.38,0.375,0.38,4000,0
2015-01-30,0.38,0.38,0.36,0.36,155000,0
2015-02-02,0.33,0.34,0.32,0.34,174000,0
2015-02-03,0.345,0.345,0.345,0.345,0,0
2015-02-04,0.37,0.37,0.365,0.365,16000,0
2015-02-05,0.345,0.345,0.32,0.32,1174000,0
2015-02-06,0.33,0.335,0.3,0.31,5530000,0
2015-02-09,0.31,0.33,0.3,0.3,2498000,0
2015-02-10,0.325,0.33,0.31,0.31,1928000,0
2015-02-11,0.325,0.34,0.31,0.325,5160000,0
2015-02-12,0.33,0.375,0.325,0.33,6121000,0
2015-02-13,0.34,0.34,0.325,0.33,6320000,0
2015-02-16,0.33,0.335,0.325,0.33,1850000,0
2015-02-17,0.35,0.35,0.325,0.33,3640000,0
2015-02-18,0.33,0.33,0.315,0.33,1210000,0
2015-02-23,0.325,0.33,0.325,0.325,1730000,0
2015-02-24,0.33,0.35,0.33,0.345,2680000,0
2015-02-25,0.36,0.36,0.34,0.34,1430000,0
2015-02-26,0.345,0.345,0.325,0.34,2040000,0
2015-02-27,0.35,0.35,0.325,0.34,2898000,0
2015-03-02,0.34,0.34,0.34,0.34,20000,0
2015-03-03,0.3,0.3,0.3,0.3,115000,0
2015-03-04,0.31,0.31,0.31,0.31,0,0
2015-03-05,0.31,0.325,0.31,0.325,20000,0
2015-03-06,0.33,0.33,0.33,0.33,0,0
2015-03-09,0.33,0.33,0.33,0.33,0,0
2015-03-10,0.31,0.31,0.305,0.305,30000,0
2015-03-11,0.31,0.315,0.31,0.315,100000,0
2015-03-12,0.32,0.32,0.32,0.32,0,0
2015-03-13,0.315,0.355,0.315,0.345,34000,0
2015-03-16,0.345,0.345,0.345,0.345,0,0
2015-03-17,0.325,0.355,0.325,0.355,120000,0
2015-03-18,0.34,0.34,0.335,0.34,110000,0
2015-03-19,0.345,0.345,0.345,0.345,200000,0
2015-03-20,0.345,0.345,0.345,0.345,0,0
2015-03-23,0.35,0.35,0.35,0.35,0,0
2015-03-24,0.35,0.35,0.35,0.35,0,0
2015-03-25,0.35,0.35,0.35,0.35,0,0
2015-03-26,0.345,0.345,0.345,0.345,100000,0
2015-03-27,0.36,0.37,0.36,0.37,89000,0
2015-03-30,0.37,0.37,0.37,0.37,0,0
2015-03-31,0.37,0.37,0.37,0.37,0,0
2015-04-01,0.37,0.37,0.37,0.37,0,0
2015-04-02,0.37,0.37,0.37,0.37,0,0
2015-04-08,0.49,0.72,0.49,0.72,1058000,0
2015-04-09,0.88,0.95,0.82,0.83,727000,0
2015-04-10,0.76,0.8,0.76,0.8,60000,0
2015-04-13,0.83,1.05,0.83,1.05,217000,0
2015-04-14,1.05,1.16,1.05,1.05,256000,0
2015-04-15,0.99,1.11,0.99,1.06,352000,0
2015-04-16,1.06,1.13,1.05,1.05,228000,0
2015-04-17,1.14,1.2,1.14,1.2,580000,0
2015-04-20,1.19,1.2,0.97,0.99,323000,0
2015-04-21,0.8,0.84,0.74,0.84,786000,0
2015-04-22,0.85,0.88,0.85,0.88,178000,0
2015-04-23,0.91,0.91,0.83,0.84,104000,0
2015-04-24,0.83,0.96,0.83,0.92,960000,0
2015-04-27,0.95,0.95,0.89,0.89,282000,0
2015-04-28,0.88,0.88,0.84,0.84,291000,0
2015-04-29,0.86,0.86,0.84,0.84,30000,0
2015-04-30,0.8,0.81,0.79,0.79,58000,0
2015-05-04,0.71,0.72,0.69,0.72,291000,0
2015-05-05,0.74,0.74,0.72,0.72,680000,0
2015-05-06,0.71,0.78,0.7,0.72,593000,0
2015-05-07,0.72,0.72,0.72,0.72,0,0
2015-05-08,0.72,0.72,0.72,0.72,0,0
2015-05-11,0.72,0.72,0.72,0.72,0,0
2015-05-12,0.72,0.72,0.72,0.72,0,0
2015-05-13,0.72,0.72,0.72,0.72,0,0
2015-05-14,0.72,0.72,0.72,0.72,0,0
2015-05-15,0.72,0.72,0.72,0.72,0,0
2015-05-18,0.72,0.72,0.72,0.72,0,0
2015-05-19,0.72,0.72,0.72,0.72,0,0
2015-05-20,0.72,0.72,0.72,0.72,0,0
2015-05-21,0.72,0.72,0.72,0.72,0,0
2015-05-22,0.72,0.72,0.72,0.72,0,0
2015-05-26,0.72,0.72,0.72,0.72,0,0
2015-05-27,0.72,0.72,0.72,0.72,0,0
2015-05-28,0.72,0.72,0.72,0.72,0,0
2015-05-29,0.72,0.72,0.72,0.72,0,0
2015-06-01,0.72,0.72,0.72,0.72,0,0
2015-06-02,0.72,0.72,0.72,0.72,0,0
2015-06-03,0.72,0.72,0.72,0.72,0,0
2015-06-04,0.72,0.72,0.72,0.72,0,0
2015-06-05,0.72,0.72,0.72,0.72,0,0
2015-06-08,0.88,0.91,0.81,0.85,592000,0
2015-06-09,0.85,0.85,0.65,0.68,287000,0
2015-06-10,0.63,0.65,0.6,0.6,339000,0
2015-06-11,0.61,0.61,0.59,0.59,85000,0
2015-06-12,0.61,0.61,0.57,0.57,46000,0
2015-06-15,0.57,0.57,0.57,0.57,0,0
2015-06-16,0.55,0.55,0.47,0.475,527000,0
2015-06-17,0.49,0.55,0.485,0.53,324000,0
2015-06-18,0.48,0.52,0.48,0.52,113000,0
2015-06-19,0.56,0.57,0.51,0.51,320000,0
2015-06-22,0.54,0.54,0.52,0.52,17000,0
2015-06-23,0.52,0.56,0.52,0.56,62000,0
2015-06-24,0.53,0.55,0.53,0.55,68000,0
2015-06-25,0.53,0.53,0.52,0.52,50000,0
2015-06-26,0.46,0.51,0.46,0.48,334000,0
2015-06-29,0.48,0.48,0.48,0.48,20000,0
2015-06-30,0.485,0.485,0.485,0.485,0,0
2015-07-02,0.47,0.49,0.47,0.49,91000,0
2015-07-03,0.45,0.48,0.45,0.45,97000,0
2015-07-06,0.5,0.5,0.39,0.39,262000,0
2015-07-07,0.41,0.41,0.355,0.355,68000,0
2015-07-08,0.28,0.305,0.26,0.285,398000,0
2015-07-09,0.31,0.415,0.31,0.395,376000,0
2015-07-10,0.44,0.44,0.415,0.425,140000,0
2015-07-13,0.425,0.425,0.425,0.425,0,0
2015-07-14,0.425,0.425,0.425,0.425,0,0
2015-07-15,0.405,0.405,0.405,0.405,0,0
2015-07-16,0.405,0.405,0.405,0.405,10000,0
2015-07-17,0.45,0.455,0.445,0.45,146000,0
2015-07-20,0.43,0.45,0.43,0.45,50000,0
2015-07-21,0.44,0.44,0.44,0.44,95000,0
2015-07-22,0.42,0.43,0.42,0.43,103000,0
2015-07-23,0.44,0.44,0.44,0.44,84000,0
2015-07-24,0.415,0.45,0.415,0.42,126000,0
2015-07-27,0.4,0.4,0.4,0.4,2000,0
2015-07-28,0.375,0.405,0.375,0.38,313000,0
2015-07-29,0.395,0.395,0.395,0.395,75000,0
2015-07-30,0.395,0.395,0.39,0.39,200000,0
2015-07-31,0.375,0.375,0.37,0.37,80000,0
2015-08-03,0.36,0.36,0.35,0.35,33000,0
2015-08-04,0.34,0.34,0.335,0.335,120000,0
2015-08-05,0.35,0.35,0.35,0.35,0,0
2015-08-06,0.375,0.38,0.375,0.38,1000,0
2015-08-07,0.405,0.405,0.395,0.395,110000,0
2015-08-10,0.43,0.43,0.42,0.425,280000,0
2015-08-11,0.405,0.405,0.4,0.4,85000,0
2015-08-12,0.375,0.395,0.375,0.395,10000,0
2015-08-13,0.37,0.37,0.37,0.37,2000,0
2015-08-14,0.37,0.37,0.37,0.37,0,0
2015-08-17,0.37,0.37,0.37,0.37,0,0
2015-08-18,0.37,0.37,0.37,0.37,20000,0
2015-08-19,0.365,0.365,0.345,0.345,50000,0
2015-08-20,0.335,0.335,0.32,0.325,67000,0
2015-08-21,0.315,0.315,0.305,0.305,42000,0
2015-08-24,0.285,0.285,0.265,0.265,302000,0
2015-08-25,0.29,0.29,0.26,0.275,270000,0
2015-08-26,0.275,0.275,0.275,0.275,0,0
2015-08-27,0.35,0.35,0.35,0.35,0,0
2015-08-28,0.35,0.35,0.35,0.35,0,0
2015-08-31,0.33,0.33,0.33,0.33,0,0
2015-09-01,0.295,0.305,0.29,0.295,865000,0
2015-09-02,0.28,0.28,0.28,0.28,8000,0
2015-09-04,0.28,0.28,0.275,0.275,100000,0
2015-09-07,0.295,0.295,0.275,0.275,131000,0
2015-09-08,0.31,0.31,0.305,0.305,200000,0
2015-09-09,0.305,0.31,0.305,0.31,70000,0
2015-09-10,0.335,0.36,0.335,0.35,225000,0
2015-09-11,0.36,0.365,0.36,0.365,300000,0
2015-09-14,0.355,0.355,0.345,0.345,56000,0
2015-09-15,0.335,0.335,0.335,0.335,90000,0
2015-09-16,0.345,0.35,0.345,0.35,20000,0
2015-09-17,0.385,0.395,0.375,0.375,73000,0
2015-09-18,0.395,0.41,0.395,0.41,323000,0
2015-09-21,0.41,0.425,0.385,0.395,3123000,0
2015-09-22,0.395,0.395,0.385,0.385,110000,0
2015-09-23,0.355,0.355,0.345,0.35,140000,0
2015-09-24,0.35,0.35,0.35,0.35,0,0
2015-09-25,0.35,0.35,0.35,0.35,20000,0
2015-09-29,0.325,0.325,0.325,0.325,53000,0
2015-09-30,0.335,0.345,0.335,0.345,50000,0
2015-10-02,0.375,0.375,0.375,0.375,0,0
2015-10-05,0.39,0.39,0.385,0.39,120000,0
2015-10-06,0.38,0.38,0.38,0.38,29000,0
2015-10-07,0.395,0.4,0.395,0.4,50000,0
2015-10-08,0.395,0.395,0.395,0.395,0,0
2015-10-09,0.385,0.385,0.385,0.385,0,0
2015-10-12,0.395,0.395,0.39,0.39,50000,0
2015-10-13,0.39,0.39,0.39,0.39,0,0
2015-10-14,0.39,0.39,0.39,0.39,0,0
2015-10-15,0.405,0.405,0.405,0.405,100000,0
2015-10-16,0.41,0.415,0.405,0.415,90000,0
2015-10-19,0.41,0.41,0.41,0.41,0,0
2015-10-20,0.41,0.41,0.41,0.41,0,0
2015-10-22,0.395,0.395,0.395,0.395,0,0
2015-10-23,0.405,0.405,0.4,0.4,120000,0
2015-10-26,0.405,0.405,0.38,0.38,95000,0
2015-10-27,0.38,0.38,0.38,0.38,0,0
2015-10-28,0.37,0.37,0.37,0.37,50000,0
2015-10-29,0.37,0.37,0.37,0.37,0,0
2015-10-30,0.37,0.37,0.37,0.37,0,0
2015-11-02,0.36,0.36,0.355,0.355,100000,0
2015-11-03,0.365,0.365,0.36,0.36,56000,0
2015-11-04,0.37,0.37,0.37,0.37,0,0
2015-11-05,0.4,0.4,0.4,0.4,127000,0
2015-11-06,0.39,0.39,0.39,0.39,0,0
2015-11-09,0.39,0.39,0.385,0.385,10000,0
2015-11-10,0.37,0.37,0.37,0.37,8000,0
2015-11-11,0.35,0.35,0.35,0.35,60000,0
2015-11-12,0.355,0.36,0.355,0.36,210000,0
2015-11-13,0.365,0.365,0.36,0.36,21000,0
2015-11-16,0.36,0.36,0.36,0.36,0,0
2015-11-17,0.36,0.36,0.36,0.36,0,0
2015-11-18,0.365,0.365,0.365,0.365,0,0
2015-11-19,0.38,0.38,0.38,0.38,0,0
2015-11-20,0.395,0.395,0.395,0.395,11000,0
2015-11-23,0.405,0.405,0.405,0.405,80000,0
2015-11-24,0.405,0.405,0.405,0.405,0,0
2015-11-25,0.41,0.41,0.41,0.41,60000,0
2015-11-26,0.405,0.405,0.405,0.405,0,0
2015-11-27,0.395,0.395,0.395,0.395,0,0
2015-11-30,0.395,0.395,0.395,0.395,0,0
2015-12-01,0.4,0.4,0.4,0.4,18000,0
2015-12-02,0.4,0.42,0.4,0.42,183000,0
2015-12-03,0.425,0.425,0.425,0.425,10000,0
2015-12-04,0.425,0.425,0.425,0.425,100000,0
2015-12-07,0.415,0.415,0.415,0.415,5000,0
2015-12-08,0.415,0.415,0.415,0.415,0,0
2015-12-09,0.395,0.395,0.395,0.395,5000,0
2015-12-10,0.385,0.385,0.385,0.385,0,0
2015-12-11,0.355,0.36,0.355,0.36,60000,0
2015-12-14,0.355,0.355,0.35,0.35,43000,0
2015-12-15,0.36,0.36,0.355,0.355,67000,0
2015-12-16,0.355,0.355,0.355,0.355,0,0
2015-12-17,0.375,0.375,0.365,0.365,6000,0
2015-12-18,0.365,0.365,0.365,0.365,0,0
2015-12-21,0.365,0.365,0.365,0.365,0,0
2015-12-22,0.365,0.365,0.365,0.365,0,0
2015-12-23,0.365,0.365,0.365,0.365,0,0
2015-12-24,0.365,0.365,0.365,0.365,0,0
2015-12-28,0.345,0.345,0.345,0.345,10000,0
2015-12-29,0.35,0.35,0.35,0.35,20000,0
2015-12-30,0.35,0.35,0.35,0.35,0,0
2015-12-31,0.34,0.34,0.34,0.34,0,0
2016-01-04,0.31,0.31,0.3,0.3,222000,0
2016-01-05,0.28,0.28,0.275,0.275,40000,0
2016-01-06,0.27,0.28,0.27,0.28,60000,0
2016-01-07,0.26,0.26,0.245,0.245,77000,0
2016-01-08,0.26,0.26,0.255,0.255,184000,0
2016-01-11,0.226,0.23,0.224,0.226,303000,0
2016-01-12,0.215,0.215,0.215,0.215,10000,0
2016-01-13,0.22,0.22,0.22,0.22,20000,0
2016-01-14,0.208,0.21,0.208,0.21,40000,0
2016-01-15,0.204,0.205,0.188,0.188,540000,0
2016-01-18,0.199,0.199,0.199,0.199,100000,0
2016-01-19,0.223,0.223,0.223,0.223,0,0
2016-01-20,0.204,0.204,0.204,0.204,0,0
2016-01-21,0.186,0.186,0.181,0.181,5000,0
2016-01-22,0.198,0.198,0.191,0.193,54000,0
2016-01-25,0.198,0.198,0.198,0.198,1000,0
2016-01-26,0.175,0.175,0.175,0.175,0,0
2016-01-27,0.176,0.176,0.17,0.173,115000,0
2016-01-28,0.17,0.17,0.164,0.164,210000,0
2016-01-29,0.185,0.185,0.185,0.185,0,0
2016-02-01,0.185,0.185,0.185,0.185,0,0
2016-02-02,0.185,0.185,0.185,0.185,0,0
2016-02-03,0.185,0.185,0.185,0.185,0,0
2016-02-04,0.19,0.19,0.19,0.19,2000,0
2016-02-05,0.188,0.188,0.188,0.188,0,0
2016-02-11,0.174,0.174,0.174,0.174,0,0
2016-02-12,0.171,0.171,0.171,0.171,0,0
2016-02-15,0.171,0.171,0.171,0.171,0,0
2016-02-16,0.175,0.175,0.175,0.175,1000,0
2016-02-17,0.176,0.176,0.176,0.176,20000,0
2016-02-18,0.198,0.202,0.198,0.198,70000,0
2016-02-19,0.191,0.191,0.191,0.191,120000,0
2016-02-22,0.2,0.2,0.193,0.193,3000,0
2016-02-23,0.193,0.193,0.193,0.193,0,0
2016-02-24,0.187,0.187,0.187,0.187,100000,0
2016-02-25,0.196,0.196,0.187,0.187,70000,0
2016-02-26,0.187,0.187,0.187,0.187,0,0
2016-02-29,0.18,0.18,0.18,0.18,0,0
2016-03-01,0.179,0.179,0.176,0.176,90000,0
2016-03-02,0.187,0.187,0.187,0.187,0,0
2016-03-03,0.2,0.2,0.195,0.195,3000,0
2016-03-04,0.19,0.195,0.19,0.195,6000,0
2016-03-07,0.202,0.205,0.198,0.198,110000,0
2016-03-08,0.193,0.193,0.193,0.193,0,0
2016-03-09,0.186,0.186,0.184,0.184,2000,0
2016-03-10,0.184,0.184,0.184,0.184,0,0
2016-03-11,0.193,0.222,0.193,0.222,240000,0
2016-03-14,0.237,0.237,0.237,0.237,58000,0
2016-03-15,0.218,0.221,0.217,0.218,37000,0
2016-03-16,0.213,0.215,0.213,0.213,50000,0
2016-03-17,0.224,0.224,0.219,0.219,51000,0
2016-03-18,0.217,0.22,0.217,0.217,300000,0
2016-03-21,0.221,0.221,0.221,0.221,0,0
2016-03-22,0.224,0.224,0.221,0.221,142000,0
2016-03-23,0.219,0.219,0.214,0.214,120000,0
2016-03-24,0.208,0.208,0.196,0.196,70000,0
2016-03-29,0.212,0.212,0.212,0.212,0,0
2016-03-30,0.208,0.208,0.207,0.207,3000,0
2016-03-31,0.207,0.207,0.207,0.207,0,0
2016-04-01,0.205,0.205,0.205,0.205,0,0
2016-04-05,0.191,0.194,0.191,0.191,104000,0
2016-04-06,0.189,0.189,0.188,0.188,102000,0
2016-04-07,0.188,0.188,0.188,0.188,0,0
2016-04-08,0.197,0.197,0.197,0.197,20000,0
2016-04-11,0.198,0.198,0.198,0.198,0,0
2016-04-12,0.209,0.209,0.209,0.209,1000,0
2016-04-13,0.213,0.232,0.213,0.226,71000,0
2016-04-14,0.238,0.238,0.227,0.227,2000,0
2016-04-15,0.226,0.226,0.226,0.226,0,0
2016-04-18,0.224,0.224,0.224,0.224,0,0
2016-04-19,0.223,0.223,0.222,0.223,50000,0
2016-04-20,0.223,0.223,0.223,0.223,0,0
2016-04-21,0.223,0.223,0.223,0.223,0,0
2016-04-22,0.21,0.21,0.21,0.21,10000,0
2016-04-25,0.203,0.209,0.203,0.203,30000,0
2016-04-26,0.201,0.201,0.195,0.201,72000,0
2016-04-27,0.196,0.196,0.196,0.196,41000,0
2016-04-28,0.197,0.197,0.19,0.19,232000,0
2016-04-29,0.188,0.188,0.188,0.188,100000,0
2016-05-03,0.18,0.18,0.18,0.18,30000,0
2016-05-04,0.18,0.18,0.18,0.18,0,0
2016-05-05,0.174,0.174,0.174,0.174,35000,0
2016-05-06,0.169,0.169,0.166,0.166,51000,0
2016-05-09,0.166,0.166,0.166,0.166,200000,0
2016-05-10,0.171,0.171,0.171,0.171,0,0
2016-05-11,0.159,0.159,0.159,0.159,0,0
2016-05-12,0.161,0.161,0.161,0.161,0,0
2016-05-13,0.16,0.16,0.16,0.16,0,0
2016-05-16,0.16,0.16,0.16,0.16,0,0
2016-05-17,0.165,0.165,0.165,0.165,0,0
2016-05-18,0.162,0.162,0.162,0.162,2000,0
2016-05-19,0.162,0.162,0.159,0.159,180000,0
2016-05-20,0.155,0.155,0.155,0.155,10000,0
2016-05-23,0.156,0.156,0.153,0.153,50000,0
2016-05-24,0.145,0.145,0.143,0.143,2001000,0
2016-05-25,0.149,0.151,0.149,0.151,2007000,0
2016-05-26,0.151,0.151,0.151,0.151,0,0
2016-05-27,0.153,0.153,0.153,0.153,10000,0
2016-05-30,0.159,0.159,0.159,0.159,0,0
2016-05-31,0.167,0.167,0.167,0.167,0,0
2016-06-01,0.16,0.16,0.16,0.16,0,0
2016-06-02,0.158,0.158,0.158,0.158,0,0
2016-06-03,0.158,0.158,0.158,0.158,0,0
2016-06-06,0.158,0.158,0.158,0.158,0,0
2016-06-07,0.167,0.167,0.167,0.167,0,0
2016-06-08,0.167,0.167,0.167,0.167,0,0
2016-06-10,0.163,0.163,0.15,0.15,90000,0
2016-06-13,0.146,0.146,0.145,0.145,101000,0
2016-06-14,0.146,0.146,0.144,0.144,506000,0
2016-06-15,0.142,0.148,0.14,0.148,1005000,0
2016-06-16,0.141,0.141,0.141,0.141,0,0
2016-06-17,0.144,0.144,0.144,0.144,10000,0
2016-06-20,0.141,0.141,0.141,0.141,0,0
2016-06-21,0.139,0.139,0.139,0.139,100000,0
2016-06-22,0.125,0.127,0.125,0.127,916000,0
2016-06-23,0.127,0.127,0.127,0.127,0,0
2016-06-24,0.117,0.117,0.117,0.117,17000,0
2016-06-27,0.117,0.117,0.117,0.117,0,0
2016-06-28,0.118,0.118,0.118,0.118,0,0
2016-06-29,0.118,0.118,0.118,0.118,250000,0
2016-06-30,0.119,0.119,0.119,0.119,3000,0
2016-07-04,0.124,0.124,0.124,0.124,0,0
2016-07-05,0.128,0.132,0.128,0.128,1200000,0
2016-07-06,0.121,0.121,0.121,0.121,0,0
2016-07-07,0.122,0.122,0.122,0.122,0,0
2016-07-08,0.12,0.12,0.119,0.12,264000,0
2016-07-11,0.122,0.122,0.122,0.122,0,0
2016-07-12,0.13,0.13,0.129,0.13,100000,0
2016-07-13,0.133,0.133,0.132,0.133,1110000,0
2016-07-14,0.135,0.135,0.13,0.135,660000,0
2016-07-15,0.13,0.13,0.13,0.13,0,0
2016-07-18,0.129,0.129,0.129,0.129,300000,0
2016-07-19,0.125,0.126,0.122,0.125,1002000,0
2016-07-20,0.125,0.125,0.125,0.125,0,0
2016-07-21,0.128,0.128,0.127,0.127,70000,0
2016-07-22,0.123,0.123,0.122,0.122,100000,0
2016-07-25,0.124,0.124,0.124,0.124,0,0
2016-07-26,0.125,0.125,0.125,0.125,0,0
2016-07-27,0.124,0.125,0.124,0.125,340000,0
2016-07-28,0.12,0.121,0.12,0.121,100000,0
2016-07-29,0.118,0.121,0.118,0.118,100000,0
2016-08-01,0.118,0.118,0.118,0.118,0,0
2016-08-03,0.117,0.117,0.117,0.117,0,0
2016-08-04,0.119,0.119,0.119,0.119,0,0
2016-08-05,0.125,0.125,0.125,0.125,0,0
2016-08-08,0.134,0.135,0.134,0.135,100000,0
2016-08-09,0.133,0.133,0.133,0.133,0,0
2016-08-10,0.128,0.128,0.118,0.118,220000,0
2016-08-11,0.121,0.121,0.121,0.121,0,0
2016-08-12,0.128,0.128,0.125,0.125,100000,0
2016-08-15,0.134,0.135,0.134,0.134,10000,0
2016-08-16,0.133,0.133,0.133,0.133,0,0
2016-08-17,0.13,0.13,0.124,0.124,13000,0
2016-08-18,0.125,0.125,0.119,0.119,2112000,0
2016-08-19,0.115,0.115,0.114,0.114,60000,0
2016-08-22,0.108,0.108,0.107,0.107,142000,0
2016-08-23,0.1,0.1,0.088,0.093,1503000,0
2016-08-24,0.093,0.093,0.091,0.091,2190000,0
2016-08-25,0.088,0.088,0.088,0.088,280000,0
2016-08-26,0.088,0.088,0.088,0.088,0,0
2016-08-29,0.088,0.088,0.088,0.088,0,0
2016-08-30,0.092,0.092,0.092,0.092,0,0
2016-08-31,0.092,0.092,0.092,0.092,0,0
2016-09-01,0.091,0.091,0.091,0.091,0,0
2016-09-02,0.091,0.091,0.091,0.091,0,0
2016-09-05,0.1,0.1,0.1,0.1,0,0
2016-09-06,0.099,0.099,0.099,0.099,90000,0
2016-09-07,0.097,0.098,0.096,0.097,1100000,0
2016-09-08,0.099,0.099,0.099,0.099,0,0
2016-09-09,0.107,0.111,0.106,0.106,208000,0
2016-09-12,0.093,0.093,0.093,0.093,50000,0
2016-09-13,0.098,0.098,0.094,0.094,20000,0
2016-09-14,0.092,0.092,0.092,0.092,0,0
2016-09-15,0.092,0.092,0.092,0.092,0,0
2016-09-19,0.094,0.096,0.094,0.094,200000,0
2016-09-20,0.093,0.093,0.093,0.093,0,0
2016-09-21,0.093,0.093,0.093,0.093,110000,0
2016-09-22,0.11,0.11,0.11,0.11,10000,0
2016-09-23,0.109,0.109,0.102,0.102,1046000,0
2016-09-26,0.098,0.098,0.098,0.098,107000,0
2016-09-27,0.098,0.098,0.098,0.098,8000,0
2016-09-28,0.098,0.098,0.097,0.097,104000,0
2016-09-29,0.097,0.097,0.097,0.097,0,0
2016-09-30,0.091,0.091,0.091,0.091,250000,0
2016-10-03,0.091,0.094,0.091,0.091,100000,0
2016-10-04,0.091,0.091,0.091,0.091,0,0
2016-10-05,0.089,0.091,0.089,0.089,2000000,0
2016-10-06,0.093,0.094,0.093,0.094,100000,0
2016-10-07,0.093,0.093,0.093,0.093,0,0
2016-10-11,0.094,0.094,0.091,0.092,500000,0
2016-10-12,0.09,0.093,0.09,0.091,210000,0
2016-10-13,0.085,0.085,0.085,0.085,200000,0
2016-10-14,0.085,0.088,0.085,0.085,1500000,0
2016-10-17,0.085,0.085,0.085,0.085,0,0
2016-10-18,0.092,0.093,0.092,0.092,100000,0
2016-10-19,0.092,0.092,0.092,0.092,22000,0
2016-10-20,0.087,0.087,0.087,0.087,0,0
2016-10-24,0.09,0.091,0.09,0.09,100000,0
2016-10-25,0.09,0.09,0.09,0.09,0,0
2016-10-26,0.091,0.091,0.086,0.086,900000,0
2016-10-27,0.086,0.086,0.086,0.086,0,0
2016-10-28,0.086,0.086,0.083,0.083,1100000,0
2016-10-31,0.083,0.083,0.079,0.079,33000,0
2016-11-01,0.079,0.079,0.079,0.079,100000,0
2016-11-02,0.077,0.077,0.071,0.071,517000,0
2016-11-03,0.071,0.074,0.067,0.067,623000,0
2016-11-04,0.07,0.073,0.07,0.07,230000,0
2016-11-07,0.076,0.076,0.076,0.076,20000,0
2016-11-08,0.077,0.078,0.077,0.077,350000,0
2016-11-09,0.073,0.073,0.07,0.073,1102000,0
2016-11-10,0.08,0.081,0.078,0.08,378000,0
2016-11-11,0.08,0.08,0.08,0.08,0,0
2016-11-14,0.081,0.084,0.081,0.081,2090000,0
2016-11-15,0.086,0.086,0.086,0.086,7000,0
2016-11-16,0.078,0.082,0.076,0.078,320000,0
2016-11-17,0.077,0.077,0.077,0.077,0,0
2016-11-18,0.076,0.077,0.074,0.075,953000,0
2016-11-21,0.078,0.078,0.078,0.078,0,0
2016-11-22,0.086,0.088,0.083,0.083,1470000,0
2016-11-23,0.083,0.083,0.081,0.081,380000,0
2016-11-24,0.079,0.08,0.079,0.079,100000,0
2016-11-25,0.079,0.079,0.079,0.079,0,0
2016-11-28,0.081,0.098,0.081,0.096,2368000,0
2016-11-29,0.095,0.115,0.093,0.108,5874000,0
2016-11-30,0.11,0.11,0.103,0.105,588000,0
2016-12-01,0.114,0.114,0.11,0.11,328000,0
2016-12-02,0.103,0.109,0.1,0.102,530000,0
2016-12-05,0.102,0.102,0.102,0.102,0,0
2016-12-06,0.099,0.099,0.099,0.099,0,0
2016-12-07,0.101,0.101,0.101,0.101,30000,0
2016-12-08,0.101,0.101,0.101,0.101,0,0
2016-12-09,0.1,0.1,0.1,0.1,0,0
2016-12-12,0.097,0.097,0.09,0.091,363000,0
2016-12-13,0.091,0.091,0.091,0.091,0,0
2016-12-14,0.089,0.089,0.089,0.089,0,0
2016-12-15,0.088,0.088,0.086,0.086,200000,0
2016-12-16,0.087,0.09,0.087,0.087,10000,0
2016-12-19,0.081,0.081,0.078,0.078,100000,0
2016-12-20,0.078,0.08,0.075,0.075,1500000,0
2016-12-21,0.075,0.075,0.075,0.075,0,0
2016-12-22,0.075,0.075,0.075,0.075,0,0
2016-12-23,0.074,0.074,0.074,0.074,0,0
2016-12-28,0.072,0.073,0.072,0.073,100000,0
2016-12-29,0.073,0.073,0.07,0.073,280000,0
2016-12-30,0.074,0.074,0.074,0.074,50000,0
2017-01-03,0.074,0.074,0.074,0.074,0,0
2017-01-04,0.077,0.077,0.077,0.077,200000,0
2017-01-05,0.077,0.077,0.077,0.077,50000,0
2017-01-06,0.077,0.077,0.077,0.077,0,0
2017-01-09,0.077,0.077,0.077,0.077,0,0
2017-01-10,0.082,0.082,0.082,0.082,200000,0
2017-01-11,0.082,0.082,0.082,0.082,0,0
2017-01-12,0.084,0.084,0.08,0.08,1100000,0
2017-01-13,0.078,0.078,0.078,0.078,0,0
2017-01-16,0.076,0.076,0.074,0.074,300000,0
2017-01-17,0.076,0.076,0.076,0.076,0,0
2017-01-18,0.076,0.076,0.076,0.076,0,0
2017-01-19,0.078,0.078,0.078,0.078,6000,0
2017-01-20,0.082,0.082,0.082,0.082,100000,0
2017-01-23,0.083,0.083,0.08,0.083,310000,0
2017-01-24,0.078,0.078,0.077,0.078,100000,0
2017-01-25,0.078,0.078,0.078,0.078,0,0
2017-01-26,0.078,0.078,0.078,0.078,20000,0
2017-01-27,0.078,0.078,0.078,0.078,0,0
2017-02-01,0.077,0.077,0.077,0.077,0,0
2017-02-02,0.074,0.074,0.074,0.074,0,0
2017-02-03,0.074,0.074,0.074,0.074,0,0
2017-02-06,0.072,0.074,0.068,0.068,3418000,0
2017-02-07,0.068,0.068,0.067,0.067,133000,0
2017-02-08,0.065,0.071,0.065,0.07,1100000,0
2017-02-09,0.073,0.073,0.073,0.073,1000,0
2017-02-10,0.075,0.076,0.075,0.075,1000,0
2017-02-13,0.075,0.075,0.075,0.075,0,0
2017-02-14,0.075,0.075,0.075,0.075,0,0
2017-02-15,0.08,0.09,0.079,0.08,465000,0
2017-02-16,0.077,0.077,0.077,0.077,100000,0
2017-02-17,0.072,0.072,0.072,0.072,0,0
2017-02-20,0.072,0.072,0.072,0.072,192000,0
2017-02-21,0.072,0.072,0.072,0.072,0,0
2017-02-22,0.076,0.078,0.076,0.076,1000,0
2017-02-23,0.081,0.081,0.079,0.079,104000,0
2017-02-24,0.072,0.072,0.072,0.072,100000,0
2017-02-27,0.072,0.072,0.072,0.072,0,0
2017-02-28,0.075,0.075,0.067,0.067,95000,0
2017-03-01,0.076,0.077,0.076,0.076,380000,0
2017-03-02,0.088,0.088,0.077,0.077,80000,0
2017-03-03,0.077,0.077,0.077,0.077,20000,0
2017-03-06,0.078,0.078,0.074,0.074,400000,0
2017-03-07,0.076,0.076,0.075,0.075,200000,0
2017-03-08,0.075,0.075,0.075,0.075,0,0
2017-03-09,0.072,0.072,0.07,0.07,200000,0
2017-03-10,0.07,0.071,0.07,0.07,228000,0
2017-03-13,0.07,0.07,0.07,0.07,1505000,0
2017-03-14,0.072,0.074,0.072,0.072,70000,0
2017-03-15,0.071,0.071,0.071,0.071,0,0
2017-03-16,0.074,0.074,0.074,0.074,0,0
2017-03-17,0.076,0.076,0.076,0.076,50000,0
2017-03-20,0.076,0.078,0.076,0.078,755000,0
2017-03-21,0.08,0.086,0.08,0.084,1620000,0
2017-03-22,0.078,0.078,0.078,0.078,5000,0
2017-03-23,0.078,0.078,0.078,0.078,0,0
2017-03-24,0.079,0.079,0.077,0.079,200000,0
2017-03-27,0.086,0.087,0.072,0.073,1073000,0
2017-03-28,0.07,0.07,0.07,0.07,965000,0
2017-03-29,0.07,0.07,0.07,0.07,0,0
2017-03-30,0.07,0.07,0.065,0.066,960000,0
2017-03-31,0.066,0.066,0.066,0.066,0,0
2017-04-03,0.067,0.067,0.067,0.067,1000,0
2017-04-05,0.067,0.067,0.067,0.067,0,0
2017-04-06,0.073,0.073,0.073,0.073,105000,0
2017-04-07,0.071,0.071,0.071,0.071,5000,0
2017-04-10,0.071,0.071,0.071,0.071,40000,0
2017-04-11,0.069,0.069,0.069,0.069,30000,0
2017-04-12,0.069,0.069,0.069,0.069,0,0
2017-04-13,0.069,0.069,0.069,0.069,0,0
2017-04-18,0.061,0.062,0.061,0.061,49000,0
2017-04-19,0.059,0.059,0.059,0.059,50000,0
2017-04-20,0.061,0.061,0.061,0.061,0,0
2017-04-21,0.061,0.061,0.061,0.061,0,0
2017-04-24,0.062,0.062,0.062,0.062,0,0
2017-04-25,0.064,0.064,0.06,0.064,400000,0
2017-04-26,0.066,0.071,0.066,0.066,180000,0
2017-04-27,0.064,0.064,0.064,0.064,4000,0
2017-04-28,0.066,0.066,0.061,0.061,110000,0
2017-05-02,0.061,0.061,0.061,0.061,0,0
2017-05-04,0.061,0.061,0.061,0.061,0,0
2017-05-05,0.054,0.057,0.054,0.054,1303000,0
2017-05-08,0.052,0.052,0.052,0.052,0,0
2017-05-09,0.052,0.054,0.052,0.054,300000,0
2017-05-10,0.05,0.052,0.05,0.05,1213000,0
2017-05-11,0.05,0.05,0.05,0.05,0,0
2017-05-12,0.05,0.05,0.05,0.05,40000,0
2017-05-15,0.05,0.05,0.05,0.05,0,0
2017-05-16,0.05,0.05,0.05,0.05,0,0
2017-05-17,0.05,0.051,0.049,0.049,300000,0
2017-05-18,0.045,0.045,0.045,0.045,300000,0
2017-05-19,0.043,0.043,0.039,0.04,103000,0
2017-05-22,0.044,0.045,0.044,0.044,250000,0
2017-05-23,0.042,0.042,0.039,0.04,402000,0
2017-05-24,0.04,0.04,0.04,0.04,50000,0
2017-05-25,0.042,0.043,0.041,0.042,200000,0
2017-05-26,0.042,0.042,0.042,0.042,0,0
2017-05-29,0.042,0.042,0.042,0.042,0,0
2017-05-31,0.042,0.042,0.042,0.042,0,0
2017-06-01,0.042,0.042,0.042,0.042,0,0
2017-06-02,0.041,0.041,0.037,0.037,530000,0
2017-06-05,0.037,0.037,0.037,0.037,1500000,0
2017-06-06,0.042,0.042,0.042,0.042,300000,0
2017-06-07,0.043,0.044,0.043,0.043,2750000,0
2017-06-08,0.043,0.043,0.043,0.043,0,0
2017-06-09,0.041,0.041,0.038,0.038,2083000,0
2017-06-12,0.035,0.036,0.035,0.036,215000,0
2017-06-13,0.035,0.038,0.033,0.037,330000,0
2017-06-14,0.037,0.037,0.037,0.037,50000,0
2017-06-15,0.035,0.035,0.035,0.035,0,0
2017-06-16,0.035,0.035,0.035,0.035,0,0
2017-06-19,0.034,0.034,0.034,0.034,0,0
2017-06-20,0.034,0.034,0.034,0.034,0,0
2017-06-21,0.034,0.034,0.034,0.034,0,0
2017-06-22,0.034,0.034,0.034,0.034,200000,0
2017-06-23,0.031,0.035,0.031,0.031,22000,0
2017-06-26,0.035,0.035,0.035,0.035,0,0
2017-06-27,0.035,0.035,0.035,0.035,0,0
2017-06-28,0.035,0.035,0.035,0.035,140000,0
2017-06-29,0.035,0.035,0.035,0.035,0,0
2017-06-30,0.034,0.034,0.031,0.034,553000,0
2017-07-03,0.034,0.036,0.034,0.036,508000,0
2017-07-04,0.034,0.034,0.034,0.034,0,0
2017-07-05,0.034,0.034,0.034,0.034,0,0
2017-07-06,0.034,0.034,0.034,0.034,0,0
2017-07-07,0.035,0.035,0.031,0.035,127000,0
2017-07-10,0.034,0.034,0.033,0.033,1200000,0
2017-07-11,0.034,0.036,0.034,0.034,3623000,0
2017-07-12,0.034,0.034,0.034,0.034,0,0
2017-07-13,0.039,0.039,0.038,0.038,550000,0
2017-07-14,0.04,0.04,0.039,0.039,2072000,0
2017-07-17,0.038,0.039,0.036,0.037,1100000,0
2017-07-18,0.037,0.037,0.036,0.036,100000,0
2017-07-19,0.037,0.038,0.037,0.037,323000,0
2017-07-20,0.038,0.038,0.035,0.035,309000,0
2017-07-21,0.036,0.036,0.033,0.034,1227000,0
2017-07-24,0.032,0.033,0.03,0.033,7044000,0
2017-07-25,0.03,0.03,0.03,0.03,2078000,0
2017-07-26,0.03,0.03,0.028,0.028,800000,0
2017-07-27,0.029,0.033,0.029,0.029,2095000,0
2017-07-28,0.029,0.029,0.025,0.025,4910000,0
2017-07-31,0.033,0.033,0.026,0.033,2155000,0
2017-08-01,0.027,0.028,0.027,0.028,4570000,0
2017-08-02,0.026,0.026,0.024,0.025,1945000,0
2017-08-03,0.025,0.025,0.025,0.025,1310000,0
2017-08-04,0.025,0.027,0.025,0.027,2710000,0
2017-08-07,0.025,0.026,0.025,0.026,370000,0
2017-08-08,0.025,0.026,0.025,0.026,5125000,0
2017-08-09,0.025,0.027,0.021,0.027,3170000,0
2017-08-10,0.022,0.023,0.021,0.023,3315000,0
2017-08-11,0.021,0.023,0.02,0.021,4377000,0
2017-08-14,0.021,0.021,0.021,0.021,230000,0
2017-08-15,0.022,0.023,0.022,0.022,2330000,0
2017-08-16,0.022,0.023,0.022,0.023,306000,0
2017-08-17,0.023,0.023,0.023,0.023,0,0
2017-08-18,0.022,0.022,0.021,0.022,383000,0
2017-08-21,0.021,0.021,0.02,0.021,5338000,0
2017-08-22,0.02,0.021,0.02,0.02,4098000,0
2017-08-24,0.02,0.02,0.02,0.02,248000,0
2017-08-25,0.02,0.02,0.02,0.02,0,0
2017-08-28,0.02,0.03,0.02,0.029,8317000,0
2017-08-29,0.03,0.05,0.03,0.032,1751000,0
2017-08-30,0.032,0.032,0.032,0.032,0,0
2017-08-31,0.033,0.033,0.033,0.033,660000,0
2017-09-01,0.032,0.032,0.032,0.032,625000,0
2017-09-04,0.03,0.03,0.03,0.03,500000,0
2017-09-05,0.03,0.03,0.03,0.03,0,0
2017-09-06,0.032,0.032,0.03,0.032,510000,0
2017-09-07,0.04,0.041,0.039,0.039,970000,0
2017-09-08,0.039,0.039,0.039,0.039,100000,0
2017-09-11,0.035,0.035,0.035,0.035,300000,0
2017-09-12,0.035,0.035,0.035,0.035,0,0
2017-09-13,0.035,0.035,0.035,0.035,0,0
2017-09-14,0.03,0.03,0.03,0.03,100000,0
2017-09-15,0.028,0.04,0.028,0.04,474000,0
2017-09-18,0.039,0.039,0.039,0.039,0,0
2017-09-19,0.038,0.038,0.038,0.038,20000,0
2017-09-20,0.038,0.038,0.038,0.038,0,0
2017-09-21,0.038,0.038,0.038,0.038,0,0
2017-09-22,0.037,0.037,0.037,0.037,0,0
2017-09-25,0.03,0.03,0.027,0.03,285000,0
2017-09-26,0.03,0.03,0.03,0.03,0,0
2017-09-27,0.028,0.028,0.028,0.028,300000,0
2017-09-28,0.028,0.028,0.026,0.028,400000,0
2017-09-29,0.027,0.027,0.027,0.027,0,0
2017-10-03,0.027,0.029,0.027,0.029,50000,0
2017-10-04,0.03,0.068,0.03,0.048,790000,0
2017-10-06,0.06,0.06,0.06,0.06,500000,0
2017-10-09,0.056,0.056,0.056,0.056,0,0
2017-10-10,0.058,0.058,0.058,0.058,550000,0
2017-10-11,0.05,0.05,0.047,0.047,275000,0
2017-10-12,0.043,0.043,0.043,0.043,100000,0
2017-10-13,0.05,0.06,0.05,0.055,1082000,0
2017-10-16,0.055,0.055,0.045,0.05,783000,0
2017-10-17,0.05,0.05,0.05,0.05,0,0
2017-10-18,0.05,0.05,0.05,0.05,0,0
2017-10-19,0.05,0.05,0.05,0.05,0,0
2017-10-20,0.047,0.06,0.047,0.06,1462000,0
2017-10-23,0.059,0.059,0.059,0.059,0,0
2017-10-24,0.058,0.058,0.058,0.058,0,0
2017-10-25,0.057,0.057,0.057,0.057,0,0
2017-10-26,0.056,0.065,0.056,0.064,1443000,0
2017-10-27,0.05,0.053,0.05,0.053,270000,0
2017-10-30,0.057,0.068,0.053,0.055,2810000,0
2017-10-31,0.055,0.055,0.055,0.055,217000,0
2017-11-01,0.055,0.055,0.052,0.055,80000,0
2017-11-02,0.058,0.058,0.058,0.058,51000,0
2017-11-03,0.058,0.058,0.058,0.058,0,0
2017-11-06,0.041,0.042,0.041,0.042,801000,0
2017-11-07,0.043,0.043,0.043,0.043,17000,0
2017-11-08,0.054,0.054,0.054,0.054,100000,0
2017-11-09,0.054,0.054,0.045,0.045,240000,0
2017-11-10,0.045,0.045,0.045,0.045,0,0
2017-11-13,0.045,0.045,0.037,0.037,90000,0
2017-11-14,0.053,0.053,0.04,0.053,241000,0
2017-11-15,0.049,0.049,0.049,0.049,0,0
2017-11-16,0.049,0.049,0.049,0.049,0,0
2017-11-17,0.045,0.045,0.045,0.045,0,0
2017-11-20,0.05,0.05,0.045,0.045,120000,0
2017-11-21,0.045,0.045,0.045,0.045,0,0
2017-11-22,0.055,0.055,0.05,0.054,1739000,0
2017-11-23,0.054,0.054,0.054,0.054,0,0
2017-11-24,0.05,0.05,0.041,0.05,380000,0
2017-11-27,0.047,0.048,0.038,0.047,201000,0
2017-11-28,0.047,0.047,0.04,0.042,110000,0
2017-11-29,0.042,0.042,0.042,0.042,0,0
2017-11-30,0.038,0.038,0.038,0.038,220000,0
2017-12-01,0.038,0.038,0.038,0.038,20000,0
2017-12-04,0.029,0.029,0.029,0.029,450000,0
2017-12-05,0.042,0.042,0.042,0.042,0,0
2017-12-06,0.033,0.033,0.029,0.03,115000,0
2017-12-07,0.03,0.03,0.03,0.03,0,0
2017-12-08,0.03,0.03,0.03,0.03,250000,0
2017-12-11,0.035,0.035,0.035,0.035,0,0
2017-12-12,0.036,0.036,0.036,0.036,422000,0
2017-12-13,0.036,0.052,0.036,0.042,588000,0
2017-12-14,0.042,0.042,0.042,0.042,0,0
2017-12-15,0.042,0.042,0.042,0.042,0,0
2017-12-18,0.045,0.054,0.045,0.045,170000,0
2017-12-19,0.045,0.055,0.045,0.048,2365000,0
2017-12-20,0.056,0.06,0.05,0.05,2380000,0
2017-12-21,0.05,0.065,0.05,0.063,1344000,0
2017-12-22,0.069,0.069,0.059,0.059,202000,0
2017-12-27,0.059,0.078,0.059,0.065,2900000,0
2017-12-28,0.065,0.07,0.065,0.07,420000,0
2017-12-29,0.07,0.083,0.065,0.073,5940000,0
2018-01-02,0.078,0.08,0.072,0.08,6134000,0
2018-01-03,0.086,0.092,0.071,0.085,6066000,0
2018-01-04,0.088,0.099,0.085,0.098,7110000,0
2018-01-05,0.099,0.099,0.098,0.098,584000,0
2018-01-08,0.096,0.096,0.089,0.089,105000,0
2018-01-09,0.065,0.089,0.065,0.089,50000,0
2018-01-10,0.085,0.093,0.085,0.085,1230000,0
2018-01-11,0.085,0.085,0.075,0.075,212000,0
2018-01-12,0.073,0.073,0.073,0.073,60000,0
2018-01-15,0.07,0.07,0.07,0.07,0,0
2018-01-16,0.076,0.076,0.076,0.076,0,0
2018-01-17,0.07,0.07,0.07,0.07,20000,0
2018-01-18,0.07,0.07,0.07,0.07,40000,0
2018-01-19,0.06,0.061,0.06,0.06,869000,0
2018-01-22,0.06,0.06,0.05,0.054,2100000,0
2018-01-23,0.066,0.068,0.065,0.066,876000,0
2018-01-24,0.065,0.079,0.065,0.078,338000,0
2018-01-25,0.075,0.075,0.075,0.075,0,0
2018-01-26,0.074,0.074,0.074,0.074,100000,0
2018-01-29,0.074,0.074,0.074,0.074,0,0
2018-01-30,0.074,0.074,0.052,0.06,750000,0
2018-01-31,0.056,0.056,0.055,0.056,339000,0
2018-02-01,0.057,0.058,0.05,0.057,2041000,0
2018-02-02,0.057,0.057,0.057,0.057,0,0
2018-02-05,0.05,0.05,0.05,0.05,400000,0
2018-02-06,0.05,0.05,0.033,0.038,420000,0
2018-02-07,0.044,0.049,0.037,0.037,403000,0
2018-02-08,0.04,0.04,0.04,0.04,3000,0
2018-02-09,0.15,0.15,0.032,0.041,659000,0
2018-02-12,0.045,0.045,0.04,0.045,300000,0
2018-02-13,0.051,0.051,0.051,0.051,0,0
2018-02-14,0.051,0.051,0.051,0.051,0,0
2018-02-15,0.051,0.051,0.051,0.051,100000,0
2018-02-20,0.049,0.049,0.049,0.049,110000,0
2018-02-21,0.052,0.052,0.045,0.052,600000,0
2018-02-22,0.052,0.052,0.052,0.052,0,0
2018-02-23,0.054,0.054,0.054,0.054,200000,0
2018-02-26,0.054,0.054,0.054,0.054,0,0
2018-02-27,0.055,0.055,0.054,0.054,800000,0
2018-02-28,0.041,0.047,0.04,0.046,1360000,0
2018-03-01,0.041,0.046,0.041,0.046,250000,0
2018-03-02,0.046,0.046,0.046,0.046,0,0
2018-03-05,0.04,0.04,0.04,0.04,40000,0
2018-03-06,0.046,0.046,0.046,0.046,0,0
2018-03-07,0.046,0.046,0.046,0.046,0,0
2018-03-08,0.046,0.046,0.046,0.046,0,0
2018-03-09,0.047,0.047,0.047,0.047,322000,0
2018-03-12,0.047,0.047,0.047,0.047,94000,0
2018-03-13,0.047,0.047,0.047,0.047,0,0
2018-03-14,0.047,0.047,0.047,0.047,0,0
2018-03-15,0.045,0.049,0.045,0.045,261000,0
2018-03-16,0.038,0.038,0.035,0.038,500000,0
2018-03-19,0.038,0.038,0.038,0.038,0,0
2018-03-20,0.053,0.053,0.053,0.053,200000,0
2018-03-21,0.04,0.041,0.04,0.04,1350000,0
2018-03-22,0.04,0.04,0.04,0.04,0,0
2018-03-23,0.04,0.04,0.04,0.04,0,0
2018-03-26,0.04,0.04,0.04,0.04,0,0
2018-03-27,0.025,0.027,0.025,0.027,80000,0
2018-03-28,0.031,0.031,0.031,0.031,230000,0
2018-03-29,0.031,0.031,0.031,0.031,0,0
