Date,Open,High,Low,Close,Volume,OpenInt
2016-08-26,0.241,0.248,0.237,0.247,35160000,0
2016-08-29,0.285,0.285,0.275,0.275,1635000,0
2016-08-30,0.3,0.305,0.295,0.295,985000,0
2016-08-31,0.295,0.295,0.29,0.29,10000,0
2016-09-01,0.28,0.28,0.275,0.28,100000,0
2016-09-02,0.27,0.28,0.27,0.28,240000,0
2016-09-05,0.265,0.27,0.26,0.265,760000,0
2016-09-06,0.265,0.275,0.265,0.275,480000,0
2016-09-07,0.28,0.28,0.275,0.275,135000,0
2016-09-08,0.28,0.295,0.275,0.295,575000,0
2016-09-09,0.28,0.28,0.26,0.26,750000,0
2016-09-12,0.241,0.245,0.227,0.227,2370000,0
2016-09-13,0.244,0.246,0.23,0.231,14730000,0
2016-09-14,0.24,0.241,0.231,0.231,2620000,0
2016-09-15,0.231,0.231,0.231,0.231,0,0
2016-09-19,0.25,0.25,0.25,0.25,120000,0
2016-09-20,0.246,0.246,0.246,0.246,0,0
2016-09-21,0.237,0.237,0.237,0.237,200000,0
2016-09-22,0.238,0.239,0.238,0.239,20000,0
2016-09-23,0.233,0.233,0.233,0.233,510000,0
2016-09-26,0.214,0.214,0.213,0.213,100000,0
2016-09-27,0.213,0.213,0.213,0.213,210000,0
2016-09-28,0.218,0.218,0.218,0.218,0,0
2016-09-29,0.224,0.224,0.224,0.224,0,0
2016-09-30,0.214,0.214,0.214,0.214,0,0
2016-10-03,0.214,0.214,0.214,0.214,0,0
2016-10-04,0.218,0.218,0.218,0.218,0,0
2016-10-05,0.218,0.218,0.218,0.218,0,0
2016-10-06,0.218,0.218,0.218,0.218,0,0
2016-10-07,0.217,0.217,0.217,0.217,0,0
2016-10-11,0.21,0.21,0.209,0.21,100000,0
2016-10-12,0.206,0.206,0.206,0.206,10000,0
2016-10-13,0.206,0.206,0.206,0.206,50000,0
2016-10-14,0.21,0.21,0.21,0.21,0,0
2016-10-17,0.205,0.205,0.205,0.205,0,0
2016-10-18,0.205,0.205,0.205,0.205,0,0
2016-10-19,0.205,0.205,0.205,0.205,0,0
2016-10-20,0.215,0.221,0.215,0.219,1000000,0
2016-10-24,0.206,0.206,0.2,0.2,130000,0
2016-10-25,0.193,0.193,0.187,0.187,75000,0
2016-10-26,0.187,0.187,0.187,0.187,0,0
2016-10-27,0.187,0.187,0.187,0.187,0,0
2016-10-28,0.184,0.184,0.184,0.184,0,0
2016-10-31,0.183,0.183,0.183,0.183,0,0
2016-11-01,0.182,0.182,0.182,0.182,0,0
2016-11-02,0.172,0.172,0.172,0.172,0,0
2016-11-03,0.172,0.172,0.172,0.172,0,0
2016-11-04,0.172,0.172,0.172,0.172,0,0
2016-11-07,0.172,0.172,0.172,0.172,0,0
2016-11-08,0.172,0.172,0.172,0.172,0,0
2016-11-09,0.15,0.15,0.15,0.15,50000,0
2016-11-10,0.171,0.171,0.171,0.171,10000,0
2016-11-11,0.171,0.171,0.171,0.171,0,0
2016-11-14,0.151,0.151,0.151,0.151,0,0
2016-11-15,0.151,0.151,0.151,0.151,0,0
2016-11-16,0.157,0.157,0.157,0.157,0,0
2016-11-17,0.161,0.164,0.161,0.164,800000,0
2016-11-18,0.178,0.178,0.178,0.178,2000000,0
2016-11-21,0.17,0.17,0.17,0.17,0,0
2016-11-22,0.167,0.167,0.166,0.166,5000,0
2016-11-23,0.171,0.171,0.168,0.168,2000000,0
2016-11-24,0.168,0.168,0.168,0.168,0,0
2016-11-25,0.159,0.159,0.159,0.159,0,0
2016-11-28,0.157,0.157,0.157,0.157,0,0
2016-11-29,0.157,0.166,0.157,0.157,7800000,0
2016-11-30,0.164,0.165,0.153,0.153,9310000,0
2016-12-01,0.152,0.153,0.151,0.151,2000000,0
2016-12-02,0.146,0.146,0.144,0.144,1000000,0
2016-12-05,0.145,0.145,0.145,0.145,0,0
2016-12-06,0.145,0.145,0.145,0.145,0,0
2016-12-07,0.143,0.143,0.143,0.143,0,0
2016-12-08,0.143,0.143,0.143,0.143,0,0
2016-12-09,0.14,0.14,0.14,0.14,0,0
2016-12-12,0.135,0.135,0.133,0.133,310000,0
2016-12-13,0.133,0.133,0.133,0.133,0,0
2016-12-14,0.141,0.141,0.141,0.141,0,0
2016-12-15,0.141,0.141,0.141,0.141,0,0
2016-12-16,0.142,0.142,0.142,0.142,0,0
2016-12-19,0.14,0.14,0.14,0.14,0,0
2016-12-20,0.137,0.137,0.137,0.137,0,0
2016-12-21,0.141,0.141,0.141,0.141,60000,0
2016-12-22,0.136,0.136,0.136,0.136,0,0
2016-12-23,0.136,0.136,0.136,0.136,0,0
2016-12-28,0.147,0.147,0.147,0.147,0,0
2016-12-29,0.147,0.147,0.147,0.147,0,0
2016-12-30,0.149,0.149,0.149,0.149,0,0
2017-01-03,0.149,0.149,0.149,0.149,0,0
2017-01-04,0.154,0.156,0.154,0.154,1980000,0
2017-01-05,0.166,0.166,0.166,0.166,0,0
2017-01-06,0.171,0.171,0.171,0.171,0,0
2017-01-09,0.171,0.171,0.171,0.171,0,0
2017-01-10,0.171,0.171,0.171,0.171,0,0
2017-01-11,0.172,0.172,0.172,0.172,0,0
2017-01-12,0.172,0.172,0.172,0.172,1000000,0
2017-01-13,0.171,0.171,0.171,0.171,0,0
2017-01-16,0.173,0.173,0.173,0.173,0,0
2017-01-17,0.175,0.175,0.175,0.175,0,0
2017-01-18,0.186,0.186,0.186,0.186,0,0
2017-01-19,0.178,0.178,0.178,0.178,0,0
2017-01-20,0.178,0.178,0.178,0.178,0,0
2017-01-23,0.181,0.181,0.181,0.181,0,0
2017-01-24,0.185,0.185,0.185,0.185,0,0
2017-01-25,0.194,0.195,0.194,0.194,1980000,0
2017-01-26,0.197,0.197,0.197,0.197,0,0
2017-01-27,0.196,0.196,0.196,0.196,0,0
2017-02-01,0.18,0.18,0.18,0.18,0,0
2017-02-02,0.185,0.185,0.185,0.185,0,0
2017-02-03,0.185,0.185,0.185,0.185,0,0
2017-02-06,0.188,0.188,0.188,0.188,0,0
2017-02-07,0.204,0.205,0.203,0.205,300000,0
2017-02-08,0.205,0.205,0.205,0.205,0,0
2017-02-09,0.202,0.208,0.202,0.208,100000,0
2017-02-10,0.205,0.205,0.205,0.205,0,0
2017-02-13,0.217,0.217,0.217,0.217,0,0
2017-02-14,0.225,0.225,0.225,0.225,0,0
2017-02-15,0.232,0.25,0.232,0.24,2470000,0
2017-02-16,0.234,0.234,0.232,0.232,15000,0
2017-02-17,0.242,0.242,0.232,0.232,65000,0
2017-02-20,0.236,0.236,0.236,0.236,0,0
2017-02-21,0.236,0.236,0.236,0.236,0,0
2017-02-22,0.236,0.236,0.236,0.236,0,0
2017-02-23,0.232,0.232,0.229,0.229,2000000,0
2017-02-24,0.209,0.209,0.202,0.202,2000000,0
2017-02-27,0.214,0.214,0.21,0.21,100000,0
2017-02-28,0.202,0.202,0.196,0.196,5000,0
2017-03-01,0.197,0.197,0.197,0.197,0,0
2017-03-02,0.199,0.199,0.199,0.199,0,0
2017-03-03,0.199,0.199,0.199,0.199,0,0
2017-03-06,0.213,0.213,0.213,0.213,0,0
2017-03-07,0.206,0.206,0.199,0.199,100000,0
2017-03-08,0.195,0.195,0.195,0.195,0,0
2017-03-09,0.194,0.194,0.193,0.193,100000,0
2017-03-10,0.193,0.193,0.193,0.193,0,0
2017-03-13,0.215,0.215,0.21,0.21,1000000,0
2017-03-14,0.203,0.203,0.201,0.201,2050000,0
2017-03-15,0.199,0.199,0.199,0.199,40000,0
2017-03-16,0.207,0.21,0.207,0.207,2000000,0
2017-03-17,0.22,0.22,0.212,0.212,90000,0
2017-03-20,0.203,0.203,0.201,0.201,2000000,0
2017-03-21,0.205,0.205,0.205,0.205,0,0
2017-03-22,0.195,0.203,0.195,0.203,1000000,0
2017-03-23,0.229,0.239,0.223,0.239,6100000,0
2017-03-24,0.255,0.275,0.255,0.265,620000,0
2017-03-27,0.255,0.26,0.248,0.248,290000,0
2017-03-28,0.248,0.248,0.248,0.248,0,0
2017-03-29,0.255,0.255,0.234,0.234,70000,0
2017-03-30,0.234,0.234,0.234,0.234,0,0
2017-03-31,0.217,0.217,0.217,0.217,5000,0
2017-04-03,0.21,0.224,0.21,0.224,5000,0
2017-04-05,0.224,0.224,0.224,0.224,0,0
2017-04-06,0.213,0.213,0.212,0.213,10000,0
2017-04-07,0.215,0.215,0.215,0.215,0,0
2017-04-10,0.219,0.219,0.219,0.219,0,0
2017-04-11,0.231,0.231,0.231,0.231,0,0
2017-04-12,0.233,0.233,0.233,0.233,0,0
2017-04-13,0.238,0.238,0.238,0.238,0,0
2017-04-18,0.238,0.238,0.238,0.238,60000,0
2017-04-19,0.265,0.265,0.255,0.265,170000,0
2017-04-20,0.29,0.3,0.285,0.3,525000,0
2017-04-21,0.3,0.34,0.3,0.33,3885000,0
2017-04-24,0.32,0.33,0.32,0.33,1170000,0
2017-04-25,0.33,0.33,0.325,0.33,1260000,0
2017-04-26,0.335,0.345,0.33,0.33,6510000,0
2017-04-27,0.325,0.335,0.325,0.335,1270000,0
2017-04-28,0.365,0.38,0.365,0.38,220000,0
2017-05-02,0.385,0.405,0.38,0.38,5070000,0
2017-05-04,0.345,0.355,0.34,0.35,1095000,0
2017-05-05,0.34,0.34,0.34,0.34,100000,0
2017-05-08,0.34,0.34,0.34,0.34,0,0
2017-05-09,0.355,0.355,0.35,0.35,1205000,0
2017-05-10,0.355,0.355,0.355,0.355,30000,0
2017-05-11,0.345,0.345,0.27,0.27,6710000,0
2017-05-12,0.28,0.305,0.27,0.27,7180000,0
2017-05-15,0.233,0.24,0.225,0.24,2785000,0
2017-05-16,0.233,0.233,0.233,0.233,0,0
2017-05-17,0.243,0.255,0.241,0.241,1315000,0
2017-05-18,0.191,0.213,0.189,0.191,1260000,0
2017-06-07,0.255,0.285,0.25,0.255,6215000,0
2017-06-08,0.27,0.285,0.27,0.28,1610000,0
2017-06-09,0.305,0.305,0.29,0.3,725000,0
2017-06-12,0.285,0.285,0.27,0.27,3010000,0
2017-06-13,0.275,0.29,0.275,0.28,650000,0
2017-06-14,0.29,0.29,0.285,0.285,300000,0
2017-06-15,0.275,0.28,0.275,0.28,150000,0
2017-06-16,0.27,0.27,0.27,0.27,1260000,0
2017-06-19,0.27,0.275,0.27,0.27,600000,0
2017-06-20,0.265,0.27,0.265,0.265,890000,0
2017-06-21,0.255,0.265,0.255,0.26,1580000,0
2017-06-22,0.265,0.265,0.26,0.26,205000,0
2017-06-23,0.26,0.26,0.255,0.255,530000,0
2017-06-26,0.26,0.27,0.26,0.265,1450000,0
2017-06-27,0.28,0.29,0.275,0.275,4040000,0
2017-06-28,0.27,0.275,0.265,0.265,600000,0
2017-06-29,0.27,0.27,0.265,0.27,640000,0
2017-06-30,0.265,0.265,0.26,0.26,1480000,0
2017-07-03,0.26,0.26,0.255,0.255,980000,0
2017-07-04,0.255,0.255,0.241,0.242,3420000,0
2017-07-05,0.241,0.248,0.24,0.248,12050000,0
2017-07-06,0.25,0.25,0.244,0.25,7000000,0
2017-07-07,0.255,0.255,0.255,0.255,40000,0
2017-07-10,0.265,0.27,0.265,0.265,100000,0
2017-07-11,0.265,0.285,0.265,0.28,1340000,0
2017-07-12,0.285,0.305,0.285,0.3,1915000,0
2017-07-13,0.305,0.325,0.305,0.325,1910000,0
2017-07-14,0.32,0.32,0.315,0.315,1190000,0
2017-07-17,0.32,0.325,0.32,0.325,245000,0
2017-07-18,0.36,0.39,0.36,0.385,500000,0
2017-07-19,0.39,0.39,0.39,0.39,130000,0
2017-07-20,0.41,0.47,0.405,0.44,1470000,0
2017-07-21,0.385,0.405,0.31,0.335,2740000,0
2017-07-24,0.33,0.355,0.31,0.31,6220000,0
2017-07-25,0.335,0.335,0.325,0.325,1120000,0
2017-07-26,0.3,0.3,0.295,0.295,110000,0
2017-07-27,0.3,0.3,0.295,0.3,45000,0
2017-07-28,0.3,0.3,0.29,0.29,45000,0
2017-07-31,0.285,0.295,0.285,0.295,45000,0
2017-08-01,0.29,0.295,0.29,0.29,460000,0
2017-08-02,0.35,0.35,0.33,0.33,60000,0
2017-08-03,0.32,0.32,0.315,0.315,30000,0
2017-08-04,0.315,0.315,0.315,0.315,0,0
2017-08-07,0.33,0.33,0.33,0.33,0,0
2017-08-08,0.345,0.345,0.345,0.345,0,0
2017-08-09,0.34,0.34,0.34,0.34,0,0
2017-08-10,0.355,0.355,0.33,0.335,600000,0
2017-08-11,0.32,0.32,0.31,0.31,360000,0
2017-08-14,0.355,0.355,0.355,0.355,0,0
2017-08-15,0.385,0.385,0.385,0.385,0,0
2017-08-16,0.385,0.385,0.385,0.385,0,0
2017-08-17,0.39,0.39,0.375,0.375,360000,0
2017-08-18,0.35,0.365,0.35,0.365,360000,0
2017-08-21,0.41,0.41,0.395,0.395,105000,0
2017-08-22,0.415,0.42,0.415,0.415,460000,0
2017-08-24,0.41,0.42,0.41,0.415,605000,0
2017-08-25,0.395,0.44,0.395,0.44,560000,0
2017-08-28,0.55,0.56,0.55,0.55,5000,0
2017-08-29,0.53,0.6,0.51,0.58,2560000,0
2017-08-30,0.62,0.62,0.6,0.6,250000,0
2017-08-31,0.62,0.62,0.6,0.6,45000,0
2017-09-01,0.6,0.61,0.6,0.6,960000,0
2017-09-04,0.59,0.63,0.59,0.62,925000,0
2017-09-05,0.63,0.63,0.61,0.61,895000,0
2017-09-06,0.58,0.58,0.56,0.57,365000,0
2017-09-07,0.56,0.56,0.54,0.54,720000,0
2017-09-08,0.54,0.54,0.54,0.54,960000,0
2017-09-11,0.57,0.57,0.56,0.56,50000,0
2017-09-12,0.56,0.56,0.56,0.56,0,0
2017-09-13,0.54,0.57,0.53,0.57,980000,0
2017-09-14,0.58,0.59,0.58,0.58,600000,0
2017-09-15,0.55,0.57,0.55,0.56,960000,0
2017-09-18,0.59,0.59,0.59,0.59,0,0
2017-09-19,0.58,0.58,0.58,0.58,0,0
2017-09-20,0.56,0.58,0.56,0.58,720000,0
2017-09-21,0.59,0.59,0.57,0.57,375000,0
2017-09-22,0.54,0.54,0.52,0.52,2330000,0
2017-09-25,0.48,0.495,0.45,0.45,4300000,0
2017-09-26,0.435,0.465,0.435,0.44,4380000,0
2017-09-27,0.485,0.5,0.485,0.5,3740000,0
2017-09-28,0.51,0.51,0.49,0.495,1410000,0
2017-09-29,0.485,0.485,0.475,0.485,1090000,0
2017-10-03,0.49,0.51,0.49,0.51,2160000,0
2017-10-04,0.52,0.52,0.52,0.52,480000,0
2017-10-06,0.51,0.51,0.51,0.51,0,0
2017-10-09,0.475,0.475,0.47,0.475,20000,0
2017-10-10,0.495,0.495,0.495,0.495,0,0
2017-10-11,0.5,0.5,0.5,0.5,0,0
2017-10-12,0.5,0.5,0.5,0.5,0,0
2017-10-13,0.53,0.55,0.53,0.55,1240000,0
2017-10-16,0.55,0.58,0.55,0.57,1760000,0
2017-10-17,0.58,0.6,0.58,0.6,1495000,0
2017-10-18,0.57,0.58,0.54,0.54,1200000,0
2017-10-19,0.54,0.54,0.52,0.52,1190000,0
2017-10-20,0.55,0.55,0.55,0.55,240000,0
2017-10-23,0.55,0.55,0.55,0.55,480000,0
2017-10-24,0.52,0.52,0.52,0.52,240000,0
2017-10-25,0.5,0.5,0.5,0.5,545000,0
2017-10-26,0.51,0.51,0.51,0.51,0,0
2017-10-27,0.54,0.54,0.53,0.53,425000,0
2017-10-30,0.57,0.57,0.56,0.57,1190000,0
2017-10-31,0.57,0.57,0.57,0.57,0,0
2017-11-01,0.57,0.57,0.57,0.57,0,0
2017-11-02,0.55,0.56,0.55,0.56,960000,0
2017-11-03,0.57,0.57,0.54,0.54,760000,0
2017-11-06,0.65,0.65,0.6,0.65,15000,0
2017-11-07,0.68,0.69,0.68,0.68,600000,0
2017-11-08,0.68,0.72,0.68,0.71,1080000,0
2017-11-09,0.72,0.73,0.69,0.73,1000000,0
2017-11-10,0.76,0.85,0.76,0.79,2810000,0
2017-11-13,0.88,0.92,0.87,0.89,4165000,0
2017-11-14,0.85,0.85,0.85,0.85,0,0
2017-11-15,0.82,0.82,0.78,0.78,150000,0
2017-11-16,0.8,0.8,0.8,0.8,0,0
2017-11-17,0.8,0.8,0.8,0.8,0,0
2017-11-20,0.8,0.8,0.8,0.8,0,0
2017-11-21,0.81,0.81,0.81,0.81,0,0
2017-11-22,0.83,0.83,0.83,0.83,0,0
2017-11-23,0.79,0.79,0.79,0.79,0,0
2017-11-24,0.79,0.79,0.79,0.79,0,0
2017-11-27,0.75,0.75,0.75,0.75,10000,0
2017-11-28,0.76,0.76,0.76,0.76,0,0
2017-11-29,0.76,0.76,0.76,0.76,0,0
2017-11-30,0.67,0.67,0.67,0.67,0,0
2017-12-01,0.63,0.63,0.63,0.63,0,0
2017-12-04,0.63,0.63,0.63,0.63,0,0
2017-12-05,0.6,0.6,0.6,0.6,0,0
2017-12-06,0.51,0.51,0.51,0.51,0,0
2017-12-07,0.53,0.53,0.53,0.53,0,0
2017-12-08,0.58,0.58,0.58,0.58,0,0
2017-12-11,0.6,0.6,0.6,0.6,0,0
2017-12-12,0.59,0.59,0.59,0.59,0,0
2017-12-13,0.57,0.57,0.57,0.57,0,0
2017-12-14,0.53,0.53,0.53,0.53,0,0
2017-12-15,0.52,0.52,0.52,0.52,0,0
2017-12-18,0.5,0.5,0.5,0.5,0,0
2017-12-19,0.5,0.5,0.5,0.5,0,0
2017-12-20,0.5,0.5,0.5,0.5,0,0
2017-12-21,0.51,0.51,0.51,0.51,0,0
2017-12-22,0.51,0.51,0.51,0.51,0,0
2017-12-27,0.495,0.495,0.495,0.495,0,0
2017-12-28,0.54,0.54,0.54,0.54,20000,0
2017-12-29,0.54,0.54,0.52,0.52,5000,0
2018-01-02,0.57,0.57,0.57,0.57,0,0
2018-01-03,0.62,0.63,0.58,0.62,35000,0
2018-01-04,0.61,0.61,0.61,0.61,0,0
2018-01-05,0.6,0.6,0.6,0.6,0,0
2018-01-08,0.55,0.55,0.55,0.55,15000,0
2018-01-09,0.55,0.55,0.55,0.55,0,0
2018-01-10,0.51,0.51,0.51,0.51,10000,0
2018-01-11,0.55,0.55,0.55,0.55,0,0
2018-01-12,0.55,0.55,0.55,0.55,0,0
2018-01-15,0.55,0.55,0.54,0.54,20000,0
2018-01-16,0.495,0.495,0.495,0.495,0,0
2018-01-17,0.495,0.495,0.495,0.495,0,0
2018-01-18,0.455,0.455,0.455,0.455,0,0
2018-01-19,0.455,0.455,0.455,0.455,0,0
2018-01-22,0.455,0.455,0.455,0.455,0,0
2018-01-23,0.47,0.47,0.47,0.47,40000,0
2018-01-24,0.455,0.455,0.455,0.455,0,0
2018-01-25,0.46,0.46,0.44,0.44,10000,0
2018-01-26,0.44,0.44,0.44,0.44,40000,0
2018-01-29,0.41,0.41,0.41,0.41,100000,0
2018-01-30,0.405,0.405,0.405,0.405,0,0
2018-01-31,0.405,0.405,0.405,0.405,0,0
2018-02-01,0.405,0.405,0.405,0.405,0,0
2018-02-02,0.48,0.48,0.48,0.48,10000,0
2018-02-05,0.52,0.52,0.52,0.52,0,0
2018-02-06,0.475,0.475,0.47,0.47,10000,0
2018-02-07,0.47,0.47,0.47,0.47,0,0
2018-02-08,0.495,0.495,0.495,0.495,0,0
2018-02-09,0.5,0.5,0.5,0.5,0,0
2018-02-12,0.5,0.5,0.5,0.5,0,0
2018-02-13,0.54,0.54,0.54,0.54,0,0
2018-02-14,0.54,0.54,0.54,0.54,0,0
2018-02-15,0.58,0.58,0.58,0.58,0,0
2018-02-20,0.6,0.6,0.6,0.6,0,0
2018-02-21,0.62,0.62,0.62,0.62,0,0
2018-02-22,0.62,0.62,0.62,0.62,5000,0
2018-02-23,0.61,0.61,0.61,0.61,0,0
2018-02-26,0.61,0.61,0.61,0.61,0,0
2018-02-27,0.61,0.61,0.61,0.61,0,0
2018-02-28,0.61,0.61,0.61,0.61,0,0
2018-03-01,0.61,0.61,0.61,0.61,0,0
2018-03-02,0.59,0.59,0.59,0.59,0,0
2018-03-05,0.55,0.55,0.55,0.55,0,0
2018-03-06,0.56,0.56,0.56,0.56,0,0
2018-03-07,0.56,0.56,0.56,0.56,0,0
2018-03-08,0.56,0.56,0.56,0.56,0,0
2018-03-09,0.62,0.62,0.62,0.62,0,0
2018-03-12,0.63,0.63,0.63,0.63,0,0
2018-03-13,0.63,0.63,0.63,0.63,0,0
2018-03-14,0.62,0.62,0.62,0.62,0,0
2018-03-15,0.61,0.61,0.61,0.61,0,0
2018-03-16,0.6,0.6,0.6,0.6,0,0
2018-03-19,0.58,0.58,0.58,0.58,0,0
2018-03-20,0.61,0.61,0.61,0.61,0,0
2018-03-21,0.59,0.59,0.59,0.59,0,0
2018-03-22,0.59,0.59,0.59,0.59,0,0
2018-03-23,0.51,0.51,0.51,0.51,50000,0
2018-03-26,0.49,0.49,0.49,0.49,40000,0
2018-03-27,0.54,0.54,0.54,0.54,0,0
2018-03-28,0.49,0.49,0.49,0.49,0,0
2018-03-29,0.45,0.455,0.45,0.455,10000,0
