Date,Open,High,Low,Close,Volume,OpenInt
2016-10-14,0.238,0.238,0.236,0.238,400000,0
2016-10-17,0.239,0.239,0.239,0.239,0,0
2016-10-18,0.249,0.249,0.249,0.249,0,0
2016-10-19,0.249,0.249,0.249,0.249,0,0
2016-10-20,0.25,0.25,0.25,0.25,0,0
2016-10-24,0.265,0.265,0.265,0.265,0,0
2016-10-25,0.265,0.265,0.265,0.265,0,0
2016-10-26,0.265,0.265,0.265,0.265,0,0
2016-10-27,0.255,0.255,0.255,0.255,0,0
2016-10-28,0.247,0.247,0.247,0.247,0,0
2016-10-31,0.249,0.249,0.249,0.249,0,0
2016-11-01,0.255,0.255,0.255,0.255,0,0
2016-11-02,0.255,0.255,0.255,0.255,0,0
2016-11-03,0.25,0.25,0.25,0.25,0,0
2016-11-04,0.248,0.249,0.248,0.248,420000,0
2016-11-07,0.248,0.248,0.248,0.248,0,0
2016-11-08,0.248,0.248,0.248,0.248,0,0
2016-11-09,0.243,0.243,0.243,0.243,0,0
2016-11-10,0.248,0.248,0.248,0.248,0,0
2016-11-11,0.242,0.242,0.242,0.242,0,0
2016-11-14,0.235,0.235,0.235,0.235,0,0
2016-11-15,0.238,0.238,0.238,0.238,0,0
2016-11-16,0.244,0.247,0.244,0.244,100000,0
2016-11-17,0.239,0.239,0.232,0.233,270000,0
2016-11-18,0.229,0.229,0.228,0.228,710000,0
2016-11-21,0.223,0.223,0.223,0.223,420000,0
2016-11-22,0.225,0.229,0.224,0.227,720000,0
2016-11-23,0.227,0.237,0.227,0.228,390000,0
2016-11-24,0.221,0.225,0.221,0.225,400000,0
2016-11-25,0.222,0.225,0.222,0.224,910000,0
2016-11-28,0.22,0.229,0.22,0.228,2840000,0
2016-11-29,0.225,0.225,0.218,0.218,2455000,0
2016-11-30,0.223,0.223,0.22,0.22,1830000,0
2016-12-01,0.227,0.229,0.22,0.221,3220000,0
2016-12-02,0.22,0.225,0.22,0.221,3210000,0
2016-12-05,0.218,0.218,0.21,0.21,610000,0
2016-12-06,0.215,0.218,0.213,0.213,650000,0
2016-12-07,0.216,0.223,0.216,0.223,240000,0
2016-12-08,0.226,0.232,0.226,0.232,110000,0
2016-12-09,0.239,0.24,0.236,0.236,440000,0
2016-12-12,0.232,0.232,0.222,0.224,680000,0
2016-12-13,0.225,0.225,0.221,0.221,470000,0
2016-12-14,0.216,0.218,0.212,0.212,30415000,0
2016-12-15,0.193,0.193,0.182,0.189,1790000,0
2016-12-16,0.193,0.194,0.189,0.189,410000,0
2016-12-19,0.183,0.186,0.182,0.186,21810000,0
2016-12-20,0.186,0.187,0.183,0.184,2465000,0
2016-12-21,0.181,0.183,0.181,0.183,1050000,0
2016-12-22,0.181,0.181,0.178,0.18,1395000,0
2016-12-23,0.179,0.179,0.17,0.17,740000,0
2016-12-28,0.173,0.181,0.173,0.181,15000,0
2016-12-29,0.185,0.185,0.185,0.185,0,0
2016-12-30,0.186,0.189,0.186,0.186,21180000,0
2017-01-03,0.182,0.196,0.182,0.194,2885000,0
2017-01-04,0.196,0.196,0.19,0.191,2600000,0
2017-01-05,0.193,0.2,0.193,0.199,2010000,0
2017-01-06,0.2,0.201,0.193,0.196,2240000,0
2017-01-09,0.189,0.194,0.186,0.194,1990000,0
2017-01-10,0.197,0.197,0.19,0.19,2410000,0
2017-01-11,0.196,0.197,0.195,0.197,1300000,0
2017-01-12,0.201,0.201,0.196,0.199,2130000,0
2017-01-13,0.199,0.202,0.199,0.201,1400000,0
2017-01-16,0.193,0.196,0.191,0.196,1270000,0
2017-01-17,0.194,0.194,0.192,0.194,2400000,0
2017-01-18,0.195,0.2,0.195,0.2,730000,0
2017-01-19,0.195,0.195,0.195,0.195,0,0
2017-01-20,0.188,0.188,0.185,0.186,750000,0
2017-01-23,0.183,0.185,0.181,0.181,320000,0
2017-01-24,0.185,0.188,0.183,0.188,600000,0
2017-01-25,0.188,0.188,0.182,0.182,590000,0
2017-01-26,0.188,0.195,0.188,0.195,455000,0
2017-01-27,0.19,0.196,0.19,0.196,300000,0
2017-02-01,0.182,0.183,0.182,0.183,1600000,0
2017-02-02,0.186,0.186,0.182,0.182,570000,0
2017-02-03,0.18,0.181,0.179,0.181,680000,0
2017-02-06,0.184,0.186,0.181,0.181,3580000,0
2017-02-07,0.183,0.185,0.183,0.183,2320000,0
2017-02-08,0.181,0.192,0.179,0.192,2220000,0
2017-02-09,0.195,0.208,0.195,0.206,2270000,0
2017-02-10,0.214,0.214,0.209,0.209,2490000,0
2017-02-13,0.213,0.22,0.212,0.22,2050000,0
2017-02-14,0.218,0.218,0.213,0.217,2940000,0
2017-02-15,0.226,0.238,0.224,0.234,6120000,0
2017-02-16,0.245,0.245,0.231,0.238,5320000,0
2017-02-17,0.229,0.229,0.22,0.22,3630000,0
2017-02-20,0.221,0.227,0.221,0.227,2570000,0
2017-02-21,0.223,0.226,0.223,0.224,5680000,0
2017-02-22,0.227,0.228,0.222,0.222,6790000,0
2017-02-23,0.229,0.23,0.214,0.217,5990000,0
2017-02-24,0.221,0.221,0.21,0.21,1660000,0
2017-02-27,0.207,0.209,0.207,0.207,130000,0
2017-02-28,0.21,0.211,0.21,0.211,120000,0
2017-03-01,0.211,0.211,0.207,0.207,910000,0
2017-03-02,0.213,0.213,0.202,0.202,3140000,0
2017-03-03,0.195,0.195,0.188,0.188,920000,0
2017-03-06,0.193,0.193,0.191,0.192,2390000,0
2017-03-07,0.193,0.198,0.193,0.198,1440000,0
2017-03-08,0.189,0.191,0.189,0.191,1980000,0
2017-03-09,0.188,0.188,0.185,0.185,1180000,0
2017-03-10,0.185,0.185,0.182,0.182,1580000,0
2017-03-13,0.185,0.185,0.185,0.185,0,0
2017-03-14,0.189,0.189,0.189,0.189,0,0
2017-03-15,0.19,0.191,0.19,0.19,10000,0
2017-03-16,0.202,0.202,0.202,0.202,0,0
2017-03-17,0.203,0.204,0.201,0.201,860000,0
2017-03-20,0.201,0.201,0.201,0.201,0,0
2017-03-21,0.203,0.203,0.199,0.2,1210000,0
2017-03-22,0.195,0.195,0.195,0.195,0,0
2017-03-23,0.195,0.195,0.195,0.195,0,0
2017-03-24,0.189,0.189,0.189,0.189,0,0
2017-03-27,0.177,0.177,0.177,0.177,0,0
2017-03-28,0.177,0.177,0.177,0.177,0,0
2017-03-29,0.177,0.177,0.177,0.177,0,0
2017-03-30,0.175,0.175,0.175,0.175,0,0
2017-03-31,0.17,0.17,0.17,0.17,0,0
2017-04-03,0.17,0.17,0.17,0.17,0,0
2017-04-05,0.165,0.165,0.165,0.165,30000,0
2017-04-06,0.162,0.162,0.162,0.162,0,0
2017-04-07,0.159,0.159,0.159,0.159,100000,0
2017-04-10,0.158,0.158,0.158,0.158,5000,0
2017-04-11,0.155,0.155,0.155,0.155,100000,0
2017-04-12,0.155,0.155,0.155,0.155,0,0
2017-04-13,0.155,0.155,0.155,0.155,0,0
2017-04-18,0.141,0.147,0.141,0.141,320000,0
2017-04-19,0.136,0.136,0.134,0.134,410000,0
2017-04-20,0.131,0.134,0.131,0.131,630000,0
2017-04-21,0.137,0.142,0.137,0.142,1700000,0
2017-04-24,0.141,0.142,0.139,0.142,1330000,0
2017-04-25,0.144,0.15,0.144,0.144,550000,0
2017-04-26,0.149,0.149,0.139,0.139,1210000,0
2017-04-27,0.121,0.13,0.121,0.125,840000,0
2017-04-28,0.129,0.129,0.125,0.125,1560000,0
2017-05-02,0.124,0.125,0.121,0.121,1205000,0
2017-05-04,0.114,0.114,0.103,0.104,7245000,0
2017-05-05,0.1,0.101,0.1,0.101,2130000,0
2017-05-08,0.1,0.1,0.097,0.097,760000,0
2017-05-09,0.097,0.1,0.097,0.1,2120000,0
2017-05-10,0.108,0.112,0.108,0.112,1615000,0
2017-05-11,0.113,0.114,0.108,0.109,4355000,0
2017-05-12,0.108,0.113,0.108,0.111,970000,0
2017-05-15,0.118,0.118,0.116,0.117,4145000,0
2017-05-16,0.112,0.114,0.112,0.114,3020000,0
2017-05-17,0.114,0.114,0.111,0.112,1800000,0
2017-05-18,0.11,0.111,0.107,0.109,1660000,0
2017-05-19,0.106,0.108,0.106,0.108,900000,0
2017-05-22,0.108,0.108,0.104,0.106,2900000,0
2017-05-23,0.103,0.115,0.103,0.109,4470000,0
2017-05-24,0.104,0.106,0.104,0.106,1980000,0
2017-05-25,0.108,0.12,0.108,0.118,8730000,0
2017-05-26,0.125,0.128,0.124,0.128,2810000,0
2017-05-29,0.13,0.13,0.127,0.127,60000,0
2017-05-31,0.124,0.124,0.124,0.124,0,0
2017-06-01,0.114,0.114,0.114,0.114,0,0
2017-06-02,0.112,0.112,0.112,0.112,80000,0
2017-06-05,0.11,0.11,0.11,0.11,180000,0
2017-06-06,0.11,0.11,0.11,0.11,0,0
2017-06-07,0.11,0.11,0.11,0.11,0,0
2017-06-08,0.115,0.115,0.115,0.115,500000,0
2017-06-09,0.115,0.118,0.112,0.112,695000,0
2017-06-12,0.114,0.114,0.112,0.112,40000,0
2017-06-13,0.109,0.111,0.109,0.111,1670000,0
2017-06-14,0.109,0.109,0.106,0.107,2930000,0
2017-06-15,0.104,0.104,0.102,0.103,1785000,0
2017-06-16,0.107,0.108,0.105,0.105,1520000,0
2017-06-19,0.105,0.11,0.105,0.11,4920000,0
2017-06-20,0.115,0.115,0.109,0.111,4570000,0
2017-06-21,0.112,0.112,0.106,0.106,1360000,0
2017-06-22,0.108,0.122,0.108,0.118,3610000,0
2017-06-23,0.118,0.119,0.118,0.118,1020000,0
2017-06-26,0.12,0.123,0.119,0.121,6985000,0
2017-06-27,0.121,0.121,0.118,0.118,2030000,0
2017-06-28,0.118,0.12,0.116,0.116,5410000,0
2017-06-29,0.118,0.119,0.118,0.118,3460000,0
2017-06-30,0.116,0.118,0.116,0.117,1260000,0
2017-07-03,0.118,0.12,0.118,0.119,3100000,0
2017-07-04,0.121,0.121,0.114,0.115,5670000,0
2017-07-05,0.117,0.117,0.117,0.117,50000,0
2017-07-06,0.117,0.117,0.113,0.113,450000,0
2017-07-07,0.109,0.109,0.109,0.109,55000,0
2017-07-10,0.108,0.108,0.108,0.108,0,0
2017-07-11,0.111,0.116,0.111,0.116,55000,0
2017-07-12,0.12,0.125,0.118,0.12,3030000,0
2017-07-13,0.124,0.124,0.122,0.122,10710000,0
2017-07-14,0.129,0.13,0.125,0.129,7100000,0
2017-07-17,0.136,0.141,0.13,0.131,8190000,0
2017-07-18,0.131,0.131,0.125,0.125,3910000,0
2017-07-19,0.13,0.132,0.124,0.127,13170000,0
2017-07-20,0.13,0.13,0.122,0.126,1705000,0
2017-07-21,0.126,0.126,0.123,0.123,2830000,0
2017-07-24,0.124,0.128,0.124,0.126,8405000,0
2017-07-25,0.129,0.129,0.12,0.121,5335000,0
2017-07-26,0.123,0.123,0.122,0.123,3590000,0
2017-07-27,0.121,0.122,0.118,0.118,4900000,0
2017-07-28,0.117,0.117,0.116,0.116,1110000,0
2017-07-31,0.117,0.117,0.113,0.113,4660000,0
2017-08-01,0.127,0.127,0.127,0.127,840000,0
2017-08-02,0.13,0.131,0.126,0.126,7425000,0
2017-08-03,0.125,0.125,0.116,0.116,8065000,0
2017-08-04,0.118,0.118,0.113,0.115,4330000,0
2017-08-07,0.119,0.119,0.114,0.118,5960000,0
2017-08-08,0.118,0.118,0.11,0.112,6975000,0
2017-08-09,0.108,0.11,0.103,0.105,11150000,0
2017-08-10,0.103,0.104,0.096,0.096,9455000,0
2017-08-11,0.093,0.094,0.093,0.093,5900000,0
2017-08-14,0.1,0.1,0.094,0.094,14945000,0
2017-08-15,0.097,0.101,0.092,0.093,470000,0
2017-08-16,0.095,0.095,0.091,0.091,5115000,0
2017-08-17,0.092,0.092,0.089,0.089,5470000,0
2017-08-18,0.088,0.09,0.086,0.086,15340000,0
2017-08-21,0.091,0.093,0.09,0.091,9140000,0
2017-08-22,0.092,0.096,0.092,0.093,4955000,0
2017-08-24,0.096,0.101,0.095,0.096,7550000,0
2017-08-25,0.097,0.106,0.097,0.105,5605000,0
2017-08-28,0.115,0.121,0.111,0.119,11490000,0
2017-08-29,0.107,0.109,0.102,0.103,4210000,0
2017-08-30,0.105,0.11,0.105,0.108,3590000,0
2017-08-31,0.106,0.106,0.103,0.103,4730000,0
2017-09-01,0.102,0.106,0.1,0.101,4745000,0
2017-09-04,0.102,0.102,0.101,0.101,200000,0
2017-09-05,0.101,0.103,0.099,0.099,2365000,0
2017-09-06,0.098,0.099,0.094,0.097,4240000,0
2017-09-07,0.098,0.099,0.098,0.099,300000,0
2017-09-08,0.108,0.108,0.108,0.108,100000,0
2017-09-11,0.108,0.108,0.108,0.108,160000,0
2017-09-12,0.108,0.108,0.108,0.108,0,0
2017-09-13,0.105,0.105,0.105,0.105,0,0
2017-09-14,0.1,0.105,0.1,0.105,565000,0
2017-09-15,0.119,0.119,0.109,0.109,100000,0
2017-09-18,0.118,0.119,0.118,0.119,835000,0
2017-09-19,0.118,0.118,0.118,0.118,220000,0
2017-09-20,0.12,0.12,0.12,0.12,50000,0
2017-09-21,0.095,0.11,0.095,0.11,555000,0
2017-09-22,0.11,0.11,0.11,0.11,5000,0
2017-09-25,0.099,0.099,0.095,0.095,130000,0
2017-09-26,0.096,0.096,0.096,0.096,0,0
2017-09-27,0.097,0.097,0.097,0.097,0,0
2017-09-28,0.097,0.097,0.097,0.097,0,0
2017-09-29,0.097,0.097,0.097,0.097,0,0
2017-10-03,0.096,0.1,0.096,0.098,110000,0
2017-10-04,0.1,0.1,0.1,0.1,0,0
2017-10-06,0.1,0.1,0.1,0.1,150000,0
2017-10-09,0.1,0.1,0.1,0.1,0,0
2017-10-10,0.1,0.1,0.1,0.1,0,0
2017-10-11,0.1,0.1,0.1,0.1,0,0
2017-10-12,0.1,0.1,0.1,0.1,0,0
2017-10-13,0.1,0.1,0.1,0.1,0,0
2017-10-16,0.1,0.1,0.1,0.1,15000,0
2017-10-17,0.101,0.101,0.101,0.101,0,0
2017-10-18,0.101,0.101,0.101,0.101,0,0
2017-10-19,0.101,0.101,0.101,0.101,120000,0
2017-10-20,0.101,0.101,0.101,0.101,0,0
2017-10-23,0.101,0.101,0.101,0.101,0,0
2017-10-24,0.102,0.102,0.102,0.102,0,0
2017-10-25,0.116,0.116,0.115,0.115,20000,0
2017-10-26,0.115,0.115,0.115,0.115,500000,0
2017-10-27,0.115,0.115,0.115,0.115,200000,0
2017-10-30,0.11,0.11,0.11,0.11,250000,0
2017-10-31,0.11,0.11,0.11,0.11,145000,0
2017-11-01,0.11,0.11,0.11,0.11,125000,0
2017-11-02,0.11,0.11,0.11,0.11,35000,0
2017-11-03,0.11,0.11,0.11,0.11,0,0
2017-11-06,0.11,0.11,0.11,0.11,375000,0
2017-11-07,0.11,0.11,0.11,0.11,0,0
2017-11-08,0.11,0.11,0.11,0.11,0,0
2017-11-09,0.11,0.11,0.11,0.11,0,0
2017-11-10,0.11,0.11,0.11,0.11,0,0
2017-11-13,0.11,0.11,0.11,0.11,0,0
2017-11-14,0.11,0.11,0.11,0.11,0,0
2017-11-15,0.11,0.115,0.11,0.11,130000,0
2017-11-16,0.11,0.11,0.11,0.11,0,0
2017-11-17,0.11,0.11,0.11,0.11,1500000,0
2017-11-20,0.11,0.11,0.11,0.11,0,0
2017-11-21,0.12,0.12,0.092,0.12,10000,0
2017-11-22,0.11,0.112,0.11,0.112,10000,0
2017-11-23,0.12,0.12,0.12,0.12,0,0
2017-11-24,0.12,0.13,0.12,0.13,5000,0
2017-11-27,0.13,0.13,0.13,0.13,0,0
2017-11-28,0.118,0.125,0.118,0.125,105000,0
2017-11-29,0.125,0.125,0.125,0.125,0,0
2017-11-30,0.122,0.122,0.122,0.122,0,0
2017-12-01,0.122,0.122,0.122,0.122,0,0
2017-12-04,0.122,0.122,0.122,0.122,0,0
2017-12-05,0.122,0.122,0.122,0.122,0,0
2017-12-06,0.122,0.122,0.122,0.122,0,0
2017-12-07,0.122,0.122,0.122,0.122,0,0
2017-12-08,0.122,0.122,0.122,0.122,0,0
2017-12-11,0.122,0.122,0.122,0.122,0,0
2017-12-12,0.121,0.121,0.121,0.121,0,0
2017-12-13,0.118,0.118,0.118,0.118,0,0
2017-12-14,0.118,0.118,0.118,0.118,0,0
2017-12-15,0.118,0.118,0.118,0.118,0,0
2017-12-18,0.118,0.118,0.118,0.118,0,0
2017-12-19,0.118,0.118,0.118,0.118,0,0
2017-12-20,0.117,0.117,0.117,0.117,0,0
2017-12-21,0.117,0.117,0.117,0.117,0,0
2017-12-22,0.118,0.118,0.117,0.118,150000,0
2017-12-27,0.118,0.118,0.118,0.118,0,0
2017-12-28,0.118,0.118,0.118,0.118,0,0
2017-12-29,0.117,0.118,0.117,0.118,300000,0
2018-01-02,0.119,0.122,0.119,0.122,225000,0
2018-01-03,0.123,0.123,0.123,0.123,10000,0
2018-01-04,0.123,0.123,0.123,0.123,600000,0
2018-01-05,0.126,0.129,0.126,0.129,280000,0
2018-01-08,0.132,0.132,0.132,0.132,110000,0
2018-01-09,0.138,0.138,0.138,0.138,220000,0
2018-01-10,0.138,0.145,0.136,0.145,150000,0
2018-01-11,0.145,0.145,0.145,0.145,0,0
2018-01-12,0.145,0.145,0.145,0.145,200000,0
2018-01-15,0.145,0.145,0.145,0.145,0,0
2018-01-16,0.145,0.145,0.145,0.145,0,0
2018-01-17,0.142,0.142,0.142,0.142,0,0
2018-01-18,0.142,0.142,0.142,0.142,0,0
2018-01-19,0.155,0.155,0.155,0.155,85000,0
2018-01-22,0.155,0.155,0.154,0.154,65000,0
2018-01-23,0.154,0.154,0.154,0.154,0,0
2018-01-24,0.156,0.156,0.151,0.151,10000,0
2018-01-25,0.151,0.151,0.151,0.151,0,0
2018-01-26,0.151,0.172,0.151,0.172,80000,0
2018-01-29,0.178,0.183,0.178,0.183,95000,0
2018-01-30,0.179,0.19,0.179,0.188,285000,0
2018-01-31,0.187,0.187,0.187,0.187,160000,0
2018-02-01,0.189,0.189,0.189,0.189,610000,0
2018-02-02,0.189,0.189,0.189,0.189,0,0
2018-02-05,0.188,0.188,0.188,0.188,0,0
2018-02-06,0.146,0.146,0.146,0.146,95000,0
2018-02-07,0.146,0.146,0.146,0.146,0,0
2018-02-08,0.148,0.148,0.148,0.148,75000,0
2018-02-09,0.129,0.132,0.123,0.13,1980000,0
2018-02-12,0.13,0.13,0.13,0.13,0,0
2018-02-13,0.13,0.13,0.13,0.13,0,0
2018-02-14,0.13,0.13,0.13,0.13,0,0
2018-02-15,0.132,0.132,0.132,0.132,0,0
2018-02-20,0.132,0.132,0.132,0.132,0,0
2018-02-21,0.135,0.135,0.135,0.135,0,0
2018-02-22,0.135,0.135,0.135,0.135,0,0
2018-02-23,0.15,0.15,0.15,0.15,0,0
2018-02-26,0.15,0.15,0.15,0.15,0,0
2018-02-27,0.146,0.146,0.146,0.146,205000,0
2018-02-28,0.146,0.146,0.146,0.146,0,0
2018-03-01,0.146,0.146,0.146,0.146,0,0
2018-03-02,0.138,0.138,0.138,0.138,0,0
2018-03-05,0.138,0.138,0.138,0.138,0,0
2018-03-06,0.138,0.138,0.138,0.138,0,0
2018-03-07,0.141,0.141,0.141,0.141,1000000,0
2018-03-08,0.141,0.141,0.141,0.141,0,0
2018-03-09,0.141,0.141,0.141,0.141,0,0
2018-03-12,0.141,0.141,0.141,0.141,0,0
2018-03-13,0.141,0.141,0.141,0.141,0,0
2018-03-14,0.141,0.141,0.141,0.141,0,0
2018-03-15,0.141,0.141,0.141,0.141,0,0
2018-03-16,0.141,0.141,0.141,0.141,0,0
2018-03-19,0.141,0.141,0.141,0.141,0,0
2018-03-20,0.141,0.141,0.141,0.141,0,0
2018-03-21,0.141,0.141,0.141,0.141,0,0
2018-03-22,0.141,0.141,0.141,0.141,0,0
2018-03-23,0.141,0.141,0.141,0.141,0,0
2018-03-26,0.141,0.141,0.141,0.141,0,0
2018-03-27,0.141,0.141,0.141,0.141,0,0
2018-03-28,0.141,0.141,0.141,0.141,0,0
2018-03-29,0.141,0.141,0.141,0.141,0,0
