Date,Open,High,Low,Close,Volume,OpenInt
2017-09-15,0.315,0.335,0.31,0.315,4880000,0
2017-09-18,0.33,0.33,0.315,0.315,3190000,0
2017-09-19,0.32,0.32,0.27,0.27,1320000,0
2017-09-20,0.3,0.33,0.3,0.325,12680000,0
2017-09-21,0.33,0.345,0.3,0.305,42600000,0
2017-09-22,0.31,0.33,0.26,0.325,62740000,0
2017-09-25,0.335,0.365,0.275,0.29,17090000,0
2017-09-26,0.27,0.3,0.247,0.265,28430000,0
2017-09-27,0.255,0.27,0.247,0.265,3150000,0
2017-09-28,0.25,0.26,0.237,0.239,1320000,0
2017-09-29,0.247,0.247,0.231,0.231,370000,0
2017-10-03,0.255,0.285,0.255,0.275,2710000,0
2017-10-04,0.3,0.3,0.27,0.28,2200000,0
2017-10-06,0.3,0.31,0.285,0.285,1740000,0
2017-10-09,0.275,0.28,0.265,0.28,14090000,0
2017-10-10,0.285,0.29,0.265,0.275,40280000,0
2017-10-11,0.28,0.28,0.245,0.247,10410000,0
2017-10-12,0.246,0.247,0.224,0.231,39650000,0
2017-10-13,0.243,0.243,0.228,0.235,9400000,0
2017-10-16,0.248,0.275,0.248,0.265,38620000,0
2017-10-17,0.26,0.26,0.249,0.25,4120000,0
2017-10-18,0.247,0.247,0.201,0.208,38210000,0
2017-10-19,0.208,0.208,0.158,0.158,2500000,0
2017-10-20,0.16,0.16,0.133,0.16,6820000,0
2017-10-23,0.165,0.17,0.165,0.17,1070000,0
2017-10-24,0.17,0.17,0.17,0.17,0,0
2017-10-25,0.18,0.185,0.18,0.18,10000,0
2017-10-26,0.175,0.175,0.175,0.175,0,0
2017-10-27,0.16,0.16,0.16,0.16,10000,0
2017-10-30,0.104,0.105,0.102,0.104,670000,0
2017-10-31,0.11,0.117,0.11,0.117,950000,0
2017-11-01,0.127,0.127,0.123,0.123,940000,0
2017-11-02,0.13,0.13,0.13,0.13,140000,0
2017-11-03,0.13,0.13,0.13,0.13,240000,0
2017-11-06,0.135,0.135,0.135,0.135,100000,0
2017-11-07,0.075,0.1,0.075,0.09,730000,0
2017-11-08,0.1,0.1,0.1,0.1,100000,0
2017-11-09,0.1,0.1,0.1,0.1,850000,0
2017-11-10,0.1,0.101,0.1,0.1,380000,0
2017-11-13,0.1,0.1,0.1,0.1,400000,0
2017-11-14,0.1,0.1,0.1,0.1,0,0
2017-11-15,0.08,0.08,0.07,0.07,400000,0
2017-11-16,0.07,0.07,0.07,0.07,0,0
2017-11-17,0.06,0.06,0.02,0.031,15600000,0
2017-11-20,0.028,0.028,0.023,0.026,9310000,0
2017-11-21,0.027,0.027,0.02,0.024,10650000,0
2017-11-22,0.03,0.04,0.03,0.04,1570000,0
2017-11-23,0.05,0.055,0.05,0.05,1890000,0
2017-11-24,0.05,0.05,0.05,0.05,0,0
2017-11-27,0.035,0.039,0.035,0.038,2790000,0
2017-11-28,0.033,0.033,0.03,0.032,1250000,0
2017-11-29,0.036,0.041,0.036,0.041,400000,0
2017-11-30,0.032,0.032,0.032,0.032,300000,0
2017-12-01,0.043,0.045,0.036,0.043,2710000,0
2017-12-04,0.043,0.043,0.043,0.043,100000,0
2017-12-05,0.039,0.039,0.039,0.039,0,0
2017-12-06,0.032,0.034,0.023,0.026,1600000,0
2017-12-07,0.021,0.023,0.02,0.021,1190000,0
2017-12-08,0.025,0.028,0.025,0.028,750000,0
2017-12-11,0.031,0.033,0.031,0.033,30000,0
2017-12-12,0.035,0.035,0.034,0.035,800000,0
2017-12-13,0.035,0.035,0.035,0.035,5670000,0
2017-12-14,0.035,0.035,0.035,0.035,0,0
2017-12-15,0.035,0.035,0.035,0.035,0,0
2017-12-18,0.035,0.035,0.035,0.035,0,0
2017-12-19,0.035,0.035,0.035,0.035,0,0
2017-12-20,0.035,0.035,0.035,0.035,0,0
2017-12-21,0.035,0.035,0.035,0.035,100000,0
2017-12-22,0.034,0.034,0.034,0.034,0,0
2017-12-27,0.033,0.033,0.033,0.033,0,0
2017-12-28,0.03,0.03,0.03,0.03,20000,0
2017-12-29,0.03,0.03,0.03,0.03,0,0
2018-01-02,0.03,0.031,0.03,0.03,700000,0
2018-01-03,0.03,0.03,0.025,0.025,500000,0
2018-01-04,0.022,0.022,0.022,0.022,80000,0
2018-01-05,0.023,0.023,0.023,0.023,600000,0
2018-01-08,0.03,0.03,0.028,0.029,540000,0
2018-01-09,0.035,0.035,0.034,0.034,520000,0
2018-01-10,0.03,0.03,0.03,0.03,100000,0
2018-01-11,0.03,0.03,0.03,0.03,0,0
2018-01-12,0.04,0.04,0.038,0.04,4010000,0
2018-01-15,0.048,0.048,0.04,0.04,200000,0
2018-01-16,0.04,0.04,0.04,0.04,0,0
2018-01-17,0.04,0.04,0.04,0.04,0,0
2018-01-18,0.04,0.04,0.04,0.04,0,0
2018-01-19,0.037,0.037,0.037,0.037,0,0
2018-01-22,0.037,0.037,0.037,0.037,0,0
2018-01-23,0.036,0.036,0.036,0.036,0,0
2018-01-24,0.036,0.036,0.036,0.036,0,0
2018-01-25,0.036,0.036,0.036,0.036,0,0
2018-01-26,0.036,0.036,0.036,0.036,0,0
2018-01-29,0.036,0.036,0.036,0.036,0,0
2018-01-30,0.036,0.036,0.036,0.036,50000,0
2018-01-31,0.036,0.036,0.036,0.036,0,0
2018-02-01,0.015,0.032,0.015,0.032,510000,0
2018-02-02,0.03,0.03,0.03,0.03,0,0
2018-02-05,0.03,0.03,0.028,0.03,870000,0
2018-02-06,0.03,0.03,0.03,0.03,0,0
2018-02-07,0.015,0.018,0.012,0.015,1110000,0
2018-02-08,0.015,0.015,0.01,0.011,380000,0
2018-02-09,0.01,0.011,0.01,0.011,4700000,0
2018-02-12,0.012,0.012,0.012,0.012,0,0
2018-02-13,0.012,0.012,0.012,0.012,0,0
2018-02-14,0.012,0.012,0.012,0.012,0,0
2018-02-15,0.012,0.012,0.012,0.012,0,0
2018-02-20,0.012,0.012,0.012,0.012,0,0
2018-02-21,0.013,0.013,0.013,0.013,100000,0
2018-02-22,0.013,0.013,0.013,0.013,0,0
2018-02-23,0.013,0.013,0.013,0.013,0,0
2018-02-26,0.013,0.013,0.013,0.013,0,0
2018-02-27,0.01,0.03,0.01,0.03,3100000,0
2018-02-28,0.031,0.041,0.031,0.04,3660000,0
2018-03-01,0.04,0.04,0.026,0.035,2340000,0
2018-03-02,0.03,0.03,0.03,0.03,540000,0
2018-03-05,0.028,0.028,0.028,0.028,0,0
2018-03-06,0.028,0.028,0.028,0.028,0,0
2018-03-07,0.016,0.027,0.016,0.027,60000,0
2018-03-08,0.026,0.026,0.026,0.026,0,0
2018-03-09,0.025,0.025,0.025,0.025,0,0
2018-03-12,0.011,0.025,0.011,0.025,540000,0
2018-03-13,0.018,0.025,0.013,0.023,550000,0
2018-03-14,0.013,0.015,0.013,0.015,320000,0
2018-03-15,0.015,0.015,0.011,0.012,1030000,0
2018-03-16,0.014,0.021,0.014,0.021,1200000,0
2018-03-19,0.02,0.02,0.02,0.02,0,0
2018-03-20,0.02,0.02,0.019,0.019,100000,0
2018-03-21,0.015,0.015,0.015,0.015,0,0
2018-03-22,0.01,0.01,0.01,0.01,1110000,0
2018-03-23,0.01,0.01,0.01,0.01,0,0
2018-03-26,0.01,0.01,0.01,0.01,0,0
2018-03-27,0.01,0.01,0.01,0.01,0,0
2018-03-28,0.01,0.01,0.01,0.01,0,0
2018-03-29,0.01,0.01,0.01,0.01,0,0
