Date,Open,High,Low,Close,Volume,OpenInt
2017-06-01,0.209,0.234,0.209,0.231,2740000,0
2017-06-02,0.228,0.228,0.217,0.217,1440000,0
2017-06-05,0.222,0.222,0.214,0.219,1680000,0
2017-06-06,0.223,0.226,0.223,0.225,1400000,0
2017-06-07,0.231,0.232,0.207,0.207,980000,0
2017-06-08,0.21,0.213,0.206,0.209,2340000,0
2017-06-09,0.221,0.24,0.206,0.206,8670000,0
2017-06-12,0.166,0.175,0.158,0.159,2590000,0
2017-06-13,0.163,0.165,0.16,0.162,1520000,0
2017-06-14,0.157,0.163,0.156,0.163,540000,0
2017-06-15,0.157,0.16,0.152,0.154,4020000,0
2017-06-16,0.155,0.157,0.152,0.152,2140000,0
2017-06-19,0.158,0.162,0.158,0.16,520000,0
2017-06-20,0.17,0.172,0.165,0.165,1020000,0
2017-06-21,0.155,0.16,0.153,0.153,2890000,0
2017-06-22,0.167,0.167,0.151,0.151,1640000,0
2017-06-23,0.15,0.155,0.15,0.151,1540000,0
2017-06-26,0.154,0.16,0.152,0.16,870000,0
2017-06-27,0.157,0.17,0.157,0.169,3720000,0
2017-06-28,0.159,0.159,0.153,0.154,2520000,0
2017-06-29,0.16,0.163,0.155,0.155,1580000,0
2017-06-30,0.143,0.147,0.143,0.146,1010000,0
2017-07-03,0.143,0.147,0.141,0.146,1100000,0
2017-07-04,0.146,0.146,0.116,0.128,9400000,0
2017-07-05,0.122,0.136,0.107,0.133,7070000,0
2017-07-06,0.138,0.138,0.132,0.133,3640000,0
2017-07-07,0.125,0.129,0.125,0.129,2550000,0
2017-07-10,0.127,0.131,0.127,0.131,780000,0
2017-07-11,0.14,0.148,0.14,0.148,2600000,0
2017-07-12,0.155,0.159,0.155,0.157,810000,0
2017-07-13,0.167,0.167,0.162,0.162,180000,0
2017-07-14,0.16,0.162,0.158,0.162,1200000,0
2017-07-17,0.166,0.17,0.164,0.165,2710000,0
2017-07-18,0.173,0.173,0.171,0.172,770000,0
2017-07-19,0.182,0.21,0.182,0.21,7350000,0
2017-07-20,0.212,0.214,0.204,0.21,2940000,0
2017-07-21,0.2,0.207,0.198,0.203,6280000,0
2017-07-24,0.2,0.216,0.199,0.215,1900000,0
2017-07-25,0.215,0.223,0.215,0.215,2800000,0
2017-07-26,0.216,0.216,0.202,0.209,2150000,0
2017-07-27,0.212,0.235,0.212,0.233,2240000,0
2017-07-28,0.221,0.228,0.221,0.222,6440000,0
2017-07-31,0.227,0.25,0.227,0.246,10740000,0
2017-08-01,0.249,0.26,0.249,0.255,5170000,0
2017-08-02,0.255,0.26,0.245,0.248,1270000,0
2017-08-03,0.241,0.249,0.23,0.245,13910000,0
2017-08-04,0.255,0.265,0.255,0.26,2190000,0
2017-08-07,0.275,0.295,0.275,0.29,410000,0
2017-08-08,0.31,0.32,0.31,0.32,1620000,0
2017-08-09,0.325,0.34,0.315,0.34,4860000,0
2017-08-10,0.34,0.34,0.31,0.335,14770000,0
2017-08-11,0.295,0.3,0.27,0.275,26060000,0
2017-08-14,0.295,0.315,0.29,0.315,2450000,0
2017-08-15,0.345,0.345,0.295,0.305,42740000,0
2017-08-16,0.305,0.305,0.295,0.305,1270000,0
2017-08-17,0.355,0.36,0.33,0.335,19690000,0
2017-08-18,0.315,0.33,0.31,0.325,4720000,0
2017-08-21,0.335,0.335,0.32,0.32,1350000,0
2017-08-22,0.325,0.325,0.315,0.315,1260000,0
2017-08-24,0.325,0.33,0.315,0.315,430000,0
2017-08-25,0.305,0.32,0.305,0.32,400000,0
2017-08-28,0.32,0.32,0.295,0.295,1280000,0
2017-08-29,0.28,0.305,0.28,0.3,14780000,0
2017-08-30,0.31,0.32,0.305,0.32,15580000,0
2017-08-31,0.33,0.33,0.325,0.33,730000,0
2017-09-01,0.335,0.34,0.325,0.325,1050000,0
2017-09-04,0.305,0.31,0.3,0.305,1580000,0
2017-09-05,0.31,0.31,0.295,0.295,25630000,0
2017-09-06,0.29,0.3,0.285,0.3,950000,0
2017-09-07,0.3,0.3,0.29,0.29,620000,0
2017-09-08,0.295,0.295,0.29,0.29,560000,0
2017-09-11,0.325,0.325,0.32,0.325,10170000,0
2017-09-12,0.325,0.325,0.32,0.32,370000,0
2017-09-13,0.33,0.33,0.315,0.325,12690000,0
2017-09-14,0.34,0.34,0.335,0.34,840000,0
2017-09-15,0.33,0.345,0.33,0.335,2710000,0
2017-09-18,0.35,0.365,0.35,0.365,1430000,0
2017-09-19,0.375,0.385,0.36,0.36,2400000,0
2017-09-20,0.365,0.37,0.36,0.36,2240000,0
2017-09-21,0.37,0.375,0.37,0.375,11290000,0
2017-09-22,0.365,0.37,0.36,0.37,3030000,0
2017-09-25,0.35,0.35,0.34,0.345,800000,0
2017-09-26,0.32,0.33,0.315,0.33,1710000,0
2017-09-27,0.335,0.345,0.335,0.335,5760000,0
2017-09-28,0.32,0.325,0.32,0.32,460000,0
2017-09-29,0.31,0.32,0.305,0.32,11180000,0
2017-10-03,0.35,0.355,0.345,0.355,540000,0
2017-10-04,0.37,0.37,0.365,0.365,170000,0
2017-10-06,0.37,0.385,0.37,0.375,5050000,0
2017-10-09,0.375,0.38,0.365,0.37,2600000,0
2017-10-10,0.37,0.37,0.37,0.37,50000,0
2017-10-11,0.37,0.37,0.37,0.37,50000,0
2017-10-12,0.375,0.38,0.37,0.37,680000,0
2017-10-13,0.355,0.36,0.355,0.36,230000,0
2017-10-16,0.375,0.38,0.375,0.375,1660000,0
2017-10-17,0.385,0.385,0.385,0.385,530000,0
2017-10-18,0.36,0.375,0.36,0.375,290000,0
2017-10-19,0.35,0.35,0.35,0.35,1680000,0
2017-10-20,0.355,0.36,0.355,0.355,1060000,0
2017-10-23,0.34,0.35,0.34,0.35,380000,0
2017-10-24,0.34,0.34,0.34,0.34,200000,0
2017-10-25,0.345,0.355,0.345,0.355,200000,0
2017-10-26,0.355,0.355,0.35,0.35,1000000,0
2017-10-27,0.35,0.35,0.34,0.34,2020000,0
2017-10-30,0.35,0.35,0.35,0.35,840000,0
2017-10-31,0.36,0.36,0.36,0.36,30000,0
2017-11-01,0.37,0.395,0.37,0.395,50000,0
2017-11-02,0.42,0.42,0.41,0.41,110000,0
2017-11-03,0.43,0.44,0.43,0.44,1180000,0
2017-11-06,0.43,0.495,0.43,0.495,480000,0
2017-11-07,0.55,0.56,0.53,0.56,11150000,0
2017-11-08,0.53,0.59,0.52,0.55,2910000,0
2017-11-09,0.58,0.58,0.55,0.56,2720000,0
2017-11-10,0.56,0.57,0.55,0.56,1590000,0
2017-11-13,0.57,0.57,0.56,0.56,120000,0
2017-11-14,0.57,0.57,0.56,0.56,340000,0
2017-11-15,0.54,0.54,0.54,0.54,3470000,0
2017-11-16,0.54,0.58,0.54,0.58,4790000,0
2017-11-17,0.6,0.62,0.6,0.61,10770000,0
2017-11-20,0.62,0.72,0.62,0.72,510000,0
2017-11-21,0.8,0.83,0.78,0.8,3390000,0
2017-11-22,0.84,0.85,0.8,0.81,410000,0
2017-11-23,0.8,0.8,0.73,0.73,780000,0
2017-11-24,0.76,0.76,0.71,0.73,750000,0
2017-11-27,0.7,0.71,0.68,0.71,190000,0
2017-11-28,0.7,0.72,0.65,0.72,130000,0
2017-11-29,0.76,0.76,0.71,0.71,260000,0
2017-11-30,0.66,0.66,0.62,0.63,650000,0
2017-12-01,0.63,0.63,0.56,0.57,2180000,0
2017-12-04,0.56,0.62,0.53,0.61,2350000,0
2017-12-05,0.57,0.57,0.53,0.53,1890000,0
2017-12-06,0.53,0.54,0.47,0.47,2010000,0
2017-12-07,0.5,0.54,0.48,0.52,1140000,0
2017-12-08,0.54,0.6,0.54,0.6,3370000,0
2017-12-11,0.62,0.67,0.59,0.67,860000,0
2017-12-12,0.71,0.71,0.6,0.6,390000,0
2017-12-13,0.58,0.63,0.58,0.63,260000,0
2017-12-14,0.64,0.64,0.61,0.61,140000,0
2017-12-15,0.6,0.6,0.59,0.6,130000,0
2017-12-18,0.6,0.62,0.6,0.62,280000,0
2017-12-19,0.64,0.66,0.64,0.66,500000,0
2017-12-20,0.65,0.65,0.64,0.64,1380000,0
2017-12-21,0.66,0.66,0.66,0.66,100000,0
2017-12-22,0.68,0.68,0.67,0.68,490000,0
2017-12-27,0.67,0.67,0.67,0.67,90000,0
2017-12-28,0.67,0.7,0.67,0.7,210000,0
2017-12-29,0.69,0.69,0.68,0.69,70000,0
2018-01-02,0.74,0.77,0.74,0.75,500000,0
2018-01-03,0.8,0.8,0.77,0.78,2190000,0
2018-01-04,0.8,0.83,0.79,0.83,2140000,0
2018-01-05,0.86,0.86,0.81,0.82,1330000,0
2018-01-08,0.85,0.87,0.85,0.87,230000,0
2018-01-09,0.91,0.93,0.9,0.93,170000,0
2018-01-10,0.91,0.92,0.9,0.9,1100000,0
2018-01-11,0.87,0.87,0.82,0.83,1240000,0
2018-01-12,0.86,0.89,0.84,0.89,1480000,0
2018-01-15,0.92,0.92,0.85,0.85,1490000,0
2018-01-16,0.86,0.92,0.86,0.9,2170000,0
2018-01-17,0.87,0.94,0.87,0.94,1010000,0
2018-01-18,0.96,0.99,0.93,0.94,230000,0
2018-01-19,0.95,0.95,0.94,0.95,20000,0
2018-01-22,0.96,1.03,0.95,1.03,980000,0
2018-01-23,1.06,1.11,1.05,1.11,2050000,0
2018-01-24,1.08,1.11,1.08,1.11,280000,0
2018-01-25,1.02,1.03,1.01,1.01,580000,0
2018-01-26,1.07,1.07,1.07,1.07,110000,0
2018-01-29,1.13,1.13,1.07,1.09,750000,0
2018-01-30,1.05,1.06,1.02,1.02,110000,0
2018-01-31,0.99,1.06,0.96,1.05,1160000,0
2018-02-01,1.03,1.03,1.02,1.02,180000,0
2018-02-02,0.95,0.99,0.95,0.95,2640000,0
2018-02-05,0.85,0.89,0.81,0.88,1650000,0
2018-02-06,0.81,0.81,0.64,0.64,4780000,0
2018-02-07,0.8,0.81,0.68,0.69,2880000,0
2018-02-08,0.69,0.73,0.69,0.71,890000,0
2018-02-09,0.65,0.68,0.61,0.66,580000,0
2018-02-12,0.7,0.73,0.68,0.68,1450000,0
2018-02-13,0.73,0.76,0.72,0.73,1470000,0
2018-02-14,0.78,0.81,0.77,0.81,570000,0
2018-02-15,0.9,0.9,0.87,0.9,1760000,0
2018-02-20,0.9,0.94,0.9,0.9,680000,0
2018-02-21,0.97,0.97,0.96,0.97,30000,0
2018-02-22,0.99,0.99,0.9,0.92,890000,0
2018-02-23,0.97,0.97,0.93,0.94,60000,0
2018-02-26,0.93,0.94,0.92,0.92,330000,0
2018-02-27,0.96,0.97,0.89,0.89,1380000,0
2018-02-28,0.84,0.85,0.8,0.8,450000,0
2018-03-01,0.8,0.89,0.8,0.89,430000,0
2018-03-02,0.84,0.84,0.84,0.84,120000,0
2018-03-05,0.82,0.82,0.77,0.77,250000,0
2018-03-06,0.82,0.87,0.81,0.87,570000,0
2018-03-07,0.84,0.84,0.79,0.82,370000,0
2018-03-08,0.84,0.88,0.84,0.87,340000,0
2018-03-09,0.9,0.9,0.89,0.89,340000,0
2018-03-12,0.96,0.99,0.96,0.99,340000,0
2018-03-13,0.99,1.01,0.96,1.01,160000,0
2018-03-14,0.97,1.01,0.96,1.01,510000,0
2018-03-15,1.01,1.08,1.01,1.06,490000,0
2018-03-16,1.1,1.1,1.05,1.05,700000,0
2018-03-19,1.04,1.07,1,1,1440000,0
2018-03-20,1,1.06,0.98,1.05,1770000,0
2018-03-21,1.1,1.1,1.02,1.02,1710000,0
2018-03-22,0.98,0.99,0.84,0.85,3890000,0
2018-03-23,0.74,0.75,0.64,0.74,3360000,0
2018-03-26,0.7,0.79,0.66,0.76,2050000,0
2018-03-27,0.85,0.85,0.8,0.82,1490000,0
2018-03-28,0.76,0.77,0.68,0.68,1770000,0
2018-03-29,0.63,0.69,0.63,0.66,1040000,0
