Date,Open,High,Low,Close,Volume,OpenInt
2017-06-13,0.28,0.28,0.275,0.28,300000,0
2017-06-14,0.275,0.285,0.27,0.27,1580000,0
2017-06-15,0.29,0.29,0.29,0.29,780000,0
2017-06-16,0.29,0.29,0.29,0.29,0,0
2017-06-19,0.27,0.275,0.265,0.265,1740000,0
2017-06-20,0.27,0.27,0.265,0.27,1640000,0
2017-06-21,0.275,0.275,0.265,0.265,980000,0
2017-06-22,0.27,0.275,0.27,0.275,400000,0
2017-06-23,0.275,0.275,0.27,0.275,1820000,0
2017-06-26,0.275,0.275,0.265,0.265,3100000,0
2017-06-27,0.265,0.27,0.26,0.26,1020000,0
2017-06-28,0.275,0.275,0.275,0.275,1200000,0
2017-06-29,0.26,0.26,0.25,0.26,5160000,0
2017-06-30,0.265,0.265,0.265,0.265,1000000,0
2017-07-03,0.265,0.265,0.245,0.255,5640000,0
2017-07-04,0.265,0.275,0.265,0.275,2400000,0
2017-07-05,0.275,0.275,0.275,0.275,1120000,0
2017-07-06,0.28,0.28,0.275,0.275,3920000,0
2017-07-07,0.27,0.27,0.27,0.27,0,0
2017-07-10,0.27,0.27,0.27,0.27,0,0
2017-07-11,0.27,0.27,0.27,0.27,0,0
2017-07-12,0.255,0.255,0.255,0.255,0,0
2017-07-13,0.221,0.223,0.218,0.221,320000,0
2017-07-14,0.221,0.221,0.221,0.221,0,0
2017-07-17,0.207,0.211,0.199,0.211,260000,0
2017-07-18,0.203,0.203,0.203,0.203,0,0
2017-07-19,0.193,0.193,0.191,0.192,740000,0
2017-07-20,0.163,0.166,0.163,0.163,30000,0
2017-07-21,0.155,0.163,0.155,0.163,800000,0
2017-07-24,0.167,0.167,0.167,0.167,0,0
2017-07-25,0.167,0.167,0.167,0.167,0,0
2017-07-26,0.167,0.167,0.167,0.167,0,0
2017-07-27,0.151,0.151,0.151,0.151,0,0
2017-07-28,0.156,0.156,0.156,0.156,0,0
2017-07-31,0.154,0.154,0.152,0.152,60000,0
2017-08-01,0.135,0.135,0.135,0.135,0,0
2017-08-02,0.129,0.129,0.129,0.129,0,0
2017-08-03,0.132,0.132,0.132,0.132,0,0
2017-08-04,0.133,0.133,0.133,0.133,0,0
2017-08-07,0.133,0.133,0.133,0.133,0,0
2017-08-08,0.122,0.122,0.118,0.122,340000,0
2017-08-09,0.129,0.129,0.126,0.129,300000,0
2017-08-10,0.133,0.166,0.133,0.158,4620000,0
2017-08-11,0.187,0.189,0.182,0.189,2460000,0
2017-08-14,0.185,0.185,0.185,0.185,0,0
2017-08-15,0.185,0.185,0.185,0.185,800000,0
2017-08-16,0.181,0.181,0.181,0.181,0,0
2017-08-17,0.184,0.184,0.184,0.184,800000,0
2017-08-18,0.193,0.193,0.193,0.193,0,0
2017-08-21,0.193,0.193,0.193,0.193,0,0
2017-08-22,0.192,0.192,0.192,0.192,0,0
2017-08-24,0.189,0.189,0.189,0.189,0,0
2017-08-25,0.161,0.161,0.161,0.161,0,0
2017-08-28,0.161,0.161,0.161,0.161,0,0
2017-08-29,0.17,0.17,0.17,0.17,0,0
2017-08-30,0.162,0.165,0.162,0.162,20000,0
2017-08-31,0.162,0.162,0.162,0.162,0,0
2017-09-01,0.16,0.16,0.16,0.16,0,0
2017-09-04,0.156,0.156,0.156,0.156,0,0
2017-09-05,0.156,0.156,0.156,0.156,0,0
2017-09-06,0.161,0.161,0.156,0.158,9500000,0
2017-09-07,0.159,0.159,0.159,0.159,0,0
2017-09-08,0.158,0.158,0.158,0.158,190000,0
2017-09-11,0.145,0.147,0.145,0.147,490000,0
2017-09-12,0.147,0.147,0.147,0.147,0,0
2017-09-13,0.15,0.15,0.15,0.15,0,0
2017-09-14,0.154,0.154,0.154,0.154,0,0
2017-09-15,0.162,0.162,0.159,0.159,60000,0
2017-09-18,0.147,0.149,0.122,0.122,4200000,0
2017-09-19,0.127,0.127,0.127,0.127,0,0
2017-09-20,0.123,0.123,0.123,0.123,0,0
2017-09-21,0.122,0.122,0.122,0.122,0,0
2017-09-22,0.132,0.132,0.132,0.132,0,0
2017-09-25,0.139,0.146,0.139,0.146,20000,0
2017-09-26,0.146,0.146,0.146,0.146,0,0
2017-09-27,0.144,0.145,0.14,0.143,17120000,0
2017-09-28,0.147,0.147,0.147,0.147,0,0
2017-09-29,0.148,0.148,0.148,0.148,10000,0
2017-10-03,0.129,0.134,0.125,0.129,20000,0
2017-10-04,0.129,0.129,0.129,0.129,0,0
2017-10-06,0.12,0.12,0.12,0.12,20000,0
2017-10-09,0.104,0.104,0.104,0.104,20000,0
2017-10-10,0.107,0.107,0.107,0.107,0,0
2017-10-11,0.108,0.117,0.108,0.117,20000,0
2017-10-12,0.113,0.113,0.113,0.113,0,0
2017-10-13,0.11,0.11,0.11,0.11,0,0
2017-10-16,0.087,0.087,0.078,0.087,70000,0
2017-10-17,0.097,0.097,0.097,0.097,0,0
2017-10-18,0.095,0.095,0.094,0.095,20000,0
2017-10-19,0.109,0.109,0.109,0.109,0,0
2017-10-20,0.104,0.105,0.097,0.101,17920000,0
2017-10-23,0.1,0.104,0.095,0.103,18040000,0
2017-10-24,0.097,0.097,0.097,0.097,0,0
2017-10-25,0.097,0.097,0.097,0.097,0,0
2017-10-26,0.101,0.101,0.101,0.101,0,0
2017-10-27,0.101,0.101,0.101,0.101,0,0
2017-10-30,0.101,0.101,0.1,0.101,30000,0
2017-10-31,0.101,0.101,0.101,0.101,0,0
2017-11-01,0.101,0.101,0.101,0.101,0,0
2017-11-02,0.101,0.101,0.101,0.101,0,0
2017-11-03,0.082,0.082,0.082,0.082,0,0
2017-11-06,0.082,0.082,0.082,0.082,0,0
2017-11-07,0.07,0.07,0.07,0.07,0,0
2017-11-08,0.07,0.07,0.07,0.07,0,0
2017-11-09,0.064,0.064,0.064,0.064,0,0
2017-11-10,0.064,0.064,0.064,0.064,0,0
2017-11-13,0.064,0.064,0.064,0.064,0,0
2017-11-14,0.044,0.048,0.043,0.046,1320000,0
2017-11-15,0.057,0.057,0.057,0.057,0,0
2017-11-16,0.054,0.054,0.054,0.054,0,0
2017-11-17,0.052,0.052,0.049,0.049,1100000,0
2017-11-20,0.052,0.053,0.051,0.053,1840000,0
2017-11-21,0.053,0.053,0.053,0.053,0,0
2017-11-22,0.038,0.038,0.038,0.038,80000,0
2017-11-23,0.037,0.043,0.037,0.043,750000,0
2017-11-24,0.043,0.043,0.043,0.043,0,0
2017-11-27,0.049,0.049,0.049,0.049,0,0
2017-11-28,0.052,0.058,0.05,0.052,360000,0
2017-11-29,0.052,0.052,0.052,0.052,0,0
2017-11-30,0.057,0.057,0.057,0.057,0,0
2017-12-01,0.06,0.06,0.06,0.06,0,0
2017-12-04,0.06,0.06,0.06,0.06,0,0
2017-12-05,0.072,0.072,0.072,0.072,0,0
2017-12-06,0.098,0.098,0.095,0.098,30000,0
2017-12-07,0.094,0.094,0.094,0.094,0,0
2017-12-08,0.08,0.08,0.08,0.08,0,0
2017-12-11,0.07,0.07,0.07,0.07,0,0
2017-12-12,0.071,0.071,0.071,0.071,0,0
2017-12-13,0.071,0.071,0.071,0.071,0,0
2017-12-14,0.071,0.071,0.071,0.071,0,0
2017-12-15,0.074,0.074,0.074,0.074,0,0
2017-12-18,0.053,0.053,0.048,0.051,1970000,0
2017-12-19,0.048,0.054,0.048,0.054,190000,0
2017-12-20,0.055,0.057,0.055,0.057,40000,0
2017-12-21,0.049,0.05,0.049,0.049,380000,0
2017-12-22,0.049,0.049,0.048,0.048,380000,0
2017-12-27,0.045,0.045,0.043,0.045,1720000,0
2017-12-28,0.04,0.04,0.04,0.04,0,0
2017-12-29,0.036,0.037,0.034,0.037,280000,0
2018-01-02,0.024,0.024,0.024,0.024,0,0
2018-01-03,0.023,0.023,0.023,0.023,180000,0
2018-01-04,0.021,0.021,0.021,0.021,0,0
2018-01-05,0.021,0.021,0.021,0.021,0,0
2018-01-08,0.02,0.02,0.02,0.02,0,0
2018-01-09,0.02,0.02,0.02,0.02,0,0
2018-01-10,0.02,0.02,0.02,0.02,0,0
2018-01-11,0.02,0.02,0.02,0.02,0,0
2018-01-12,0.02,0.02,0.02,0.02,0,0
2018-01-15,0.02,0.02,0.02,0.02,0,0
2018-01-16,0.02,0.02,0.02,0.02,0,0
2018-01-17,0.02,0.02,0.02,0.02,0,0
2018-01-18,0.02,0.02,0.02,0.02,0,0
2018-01-19,0.02,0.02,0.02,0.02,0,0
2018-01-22,0.02,0.02,0.02,0.02,0,0
2018-01-23,0.02,0.02,0.02,0.02,0,0
2018-01-24,0.02,0.02,0.02,0.02,0,0
2018-01-25,0.02,0.02,0.02,0.02,0,0
2018-01-26,0.02,0.02,0.02,0.02,0,0
2018-01-29,0.02,0.02,0.02,0.02,0,0
2018-01-30,0.02,0.02,0.02,0.02,0,0
2018-01-31,0.02,0.02,0.02,0.02,0,0
2018-02-01,0.02,0.02,0.02,0.02,0,0
2018-02-02,0.02,0.02,0.02,0.02,0,0
2018-02-05,0.02,0.02,0.02,0.02,0,0
2018-02-06,0.02,0.02,0.02,0.02,0,0
2018-02-07,0.02,0.02,0.02,0.02,0,0
2018-02-08,0.02,0.02,0.02,0.02,0,0
2018-02-09,0.02,0.02,0.02,0.02,0,0
2018-02-12,0.02,0.02,0.02,0.02,0,0
2018-02-13,0.02,0.02,0.02,0.02,0,0
2018-02-14,0.02,0.02,0.02,0.02,0,0
2018-02-15,0.02,0.02,0.02,0.02,0,0
2018-02-20,0.02,0.02,0.02,0.02,0,0
2018-02-21,0.02,0.02,0.02,0.02,0,0
2018-02-22,0.02,0.02,0.02,0.02,0,0
2018-02-23,0.02,0.02,0.02,0.02,0,0
2018-02-26,0.02,0.02,0.02,0.02,0,0
2018-02-27,0.02,0.02,0.02,0.02,0,0
2018-02-28,0.02,0.02,0.02,0.02,0,0
2018-03-01,0.02,0.02,0.02,0.02,0,0
2018-03-02,0.02,0.02,0.02,0.02,0,0
2018-03-05,0.02,0.02,0.02,0.02,0,0
2018-03-06,0.02,0.02,0.02,0.02,0,0
2018-03-07,0.02,0.02,0.02,0.02,0,0
2018-03-08,0.02,0.02,0.02,0.02,0,0
2018-03-09,0.02,0.02,0.02,0.02,0,0
2018-03-12,0.02,0.02,0.02,0.02,0,0
2018-03-13,0.02,0.02,0.02,0.02,0,0
2018-03-14,0.02,0.02,0.02,0.02,0,0
2018-03-15,0.02,0.02,0.02,0.02,0,0
2018-03-16,0.02,0.02,0.02,0.02,0,0
2018-03-19,0.02,0.02,0.02,0.02,0,0
2018-03-20,0.02,0.02,0.02,0.02,0,0
2018-03-21,0.02,0.02,0.02,0.02,0,0
2018-03-22,0.02,0.02,0.02,0.02,0,0
2018-03-23,0.02,0.02,0.02,0.02,0,0
2018-03-26,0.02,0.02,0.02,0.02,0,0
2018-03-27,0.02,0.02,0.02,0.02,0,0
