Date,Open,High,Low,Close,Volume,OpenInt
2009-05-19,0.415,0.415,0.415,0.415,2000,0
2009-05-20,0.39,0.39,0.39,0.39,6600000,0
2009-05-21,0.36,0.36,0.36,0.36,0,0
2009-05-22,0.315,0.315,0.315,0.315,11187000,0
2009-05-25,0.3,0.3,0.3,0.3,8000000,0
2009-05-26,0.28,0.28,0.28,0.28,3200000,0
2009-05-27,0.365,0.365,0.365,0.365,2487000,0
2009-05-29,0.37,0.37,0.37,0.37,0,0
2009-06-01,0.425,0.425,0.425,0.425,2300000,0
2009-06-02,0.41,0.41,0.41,0.41,4410000,0
2009-06-03,0.455,0.455,0.455,0.455,1400000,0
2009-06-04,0.435,0.435,0.435,0.435,8600000,0
2009-06-05,0.46,0.46,0.46,0.46,0,0
2009-06-08,0.425,0.425,0.425,0.425,5680000,0
2009-06-09,0.385,0.385,0.385,0.385,8392000,0
2009-06-10,0.485,0.485,0.485,0.485,0,0
2009-06-11,0.57,0.57,0.57,0.57,13658000,0
2009-06-12,0.66,0.66,0.66,0.66,5694000,0
2009-06-15,0.65,0.65,0.65,0.65,4660000,0
2009-06-16,0.7,0.7,0.7,0.7,7639000,0
2009-06-17,0.73,0.73,0.73,0.73,7000000,0
2009-06-18,0.65,0.65,0.65,0.65,16317000,0
2009-06-19,0.78,0.78,0.78,0.78,10138000,0
2009-06-22,0.82,0.82,0.82,0.82,15385000,0
2009-06-23,0.73,0.73,0.73,0.73,15240000,0
2009-06-24,0.81,0.81,0.81,0.81,7407000,0
2009-06-25,0.91,0.91,0.91,0.91,1114000,0
2009-06-26,0.93,0.93,0.93,0.93,2000000,0
2009-06-29,0.93,0.93,0.93,0.93,100000,0
2009-06-30,0.91,0.91,0.91,0.91,0,0
2009-07-02,0.88,0.88,0.88,0.88,3964000,0
2009-07-03,0.84,0.84,0.84,0.84,100000,0
2009-07-06,0.69,0.69,0.69,0.69,10826000,0
2009-07-07,0.65,0.65,0.65,0.65,4610000,0
2009-07-08,0.62,0.62,0.62,0.62,37745000,0
2009-07-09,0.58,0.58,0.58,0.58,92998000,0
2009-07-10,0.55,0.55,0.55,0.55,24710000,0
2009-07-13,0.46,0.46,0.46,0.46,48080000,0
2009-07-14,0.55,0.55,0.55,0.55,8781000,0
2009-07-15,0.61,0.61,0.61,0.61,17066000,0
2009-07-16,0.64,0.64,0.64,0.64,5643000,0
2009-07-17,0.71,0.71,0.71,0.71,5972000,0
2009-07-20,0.84,0.84,0.84,0.84,19686000,0
2009-07-21,0.81,0.81,0.81,0.81,2447000,0
2009-07-22,0.7,0.7,0.7,0.7,13134000,0
2009-07-23,0.8,0.8,0.8,0.8,10284000,0
2009-07-24,0.83,0.83,0.83,0.83,6340000,0
2009-07-27,0.88,0.88,0.88,0.88,4653000,0
2009-07-28,0.94,0.94,0.94,0.94,3104000,0
2009-07-29,0.88,0.88,0.88,0.88,2220000,0
2009-07-30,0.89,0.89,0.89,0.89,4080000,0
2009-07-31,0.92,0.92,0.92,0.92,106000,0
2009-08-03,0.94,0.94,0.94,0.94,30000000,0
2009-08-04,0.86,0.86,0.86,0.86,111000000,0
2009-08-05,0.72,0.72,0.72,0.72,56052000,0
2009-08-06,0.7,0.7,0.7,0.7,73665000,0
2009-08-07,0.59,0.59,0.59,0.59,89735000,0
2009-08-10,0.73,0.73,0.73,0.73,10400000,0
2009-08-11,0.72,0.72,0.72,0.72,23605000,0
2009-08-12,0.65,0.65,0.65,0.65,35760000,0
2009-08-13,0.76,0.76,0.76,0.76,20661000,0
2009-08-14,0.75,0.75,0.75,0.75,12416000,0
2009-08-17,0.67,0.67,0.67,0.67,20750000,0
2009-08-18,0.66,0.66,0.66,0.66,17030000,0
2009-08-19,0.58,0.58,0.58,0.58,37080000,0
2009-08-20,0.63,0.63,0.63,0.63,10050000,0
2009-08-21,0.6,0.6,0.6,0.6,9420000,0
2009-08-24,0.68,0.68,0.68,0.68,305000,0
2009-08-25,0.66,0.66,0.66,0.66,0,0
2009-08-26,0.63,0.63,0.63,0.63,220000,0
2009-08-27,0.62,0.62,0.62,0.62,15000,0
2009-08-28,0.59,0.59,0.59,0.59,400000,0
2009-08-31,0.57,0.57,0.57,0.57,2010000,0
2009-09-01,0.58,0.58,0.58,0.58,16040000,0
2009-09-02,0.53,0.53,0.53,0.53,1600000,0
2009-09-03,0.55,0.55,0.55,0.55,400000,0
2009-09-04,0.67,0.67,0.67,0.67,60000,0
2009-09-07,0.74,0.74,0.74,0.74,5000,0
2009-09-08,0.84,0.84,0.84,0.84,345000,0
2009-09-09,0.79,0.79,0.79,0.79,18962000,0
2009-09-10,0.84,0.84,0.84,0.84,6005000,0
2009-09-11,0.84,0.84,0.84,0.84,17825000,0
2009-09-14,0.81,0.81,0.81,0.81,2040000,0
2009-09-15,0.81,0.81,0.81,0.81,0,0
2009-09-16,0.92,0.92,0.92,0.92,15020000,0
2009-09-17,0.95,0.95,0.95,0.95,29620000,0
2009-09-18,0.94,0.94,0.94,0.94,4000000,0
2009-09-21,0.95,0.95,0.95,0.95,2800000,0
2009-09-22,0.89,0.89,0.89,0.89,13680000,0
2009-09-23,0.86,0.86,0.86,0.86,3300000,0
2009-09-24,0.71,0.71,0.71,0.71,9700000,0
2009-09-25,0.72,0.72,0.72,0.72,2400000,0
2009-09-28,0.66,0.66,0.66,0.66,3000000,0
2009-09-29,0.71,0.71,0.71,0.71,10400000,0
2009-09-30,0.67,0.67,0.67,0.67,1400000,0
2009-10-02,0.6,0.6,0.6,0.6,0,0
2009-10-05,0.61,0.61,0.61,0.61,0,0
2009-10-06,0.69,0.69,0.69,0.69,1000000,0
2009-10-07,0.87,0.87,0.87,0.87,500000,0
2009-10-08,0.89,0.89,0.89,0.89,0,0
2009-10-09,0.89,0.89,0.89,0.89,0,0
2009-10-12,0.89,0.89,0.89,0.89,0,0
2009-10-13,0.95,0.95,0.95,0.95,0,0
2009-10-14,1.05,1.05,1.05,1.05,0,0
2009-10-15,1.14,1.14,1.14,1.14,0,0
2009-10-16,1.1,1.1,1.1,1.1,0,0
2009-10-19,1.16,1.16,1.16,1.16,0,0
2009-10-20,1.26,1.26,1.26,1.26,0,0
2009-10-21,1.23,1.23,1.23,1.23,0,0
2009-10-22,1.25,1.25,1.25,1.25,0,0
2009-10-23,1.36,1.36,1.36,1.36,0,0
2009-10-27,1.25,1.25,1.25,1.25,0,0
2009-10-28,1.11,1.11,1.11,1.11,0,0
2009-10-29,0.95,0.95,0.95,0.95,0,0
2009-10-30,1.12,1.12,1.12,1.12,0,0
2009-11-02,1.12,1.12,1.12,1.12,0,0
2009-11-03,1,1,1,1,0,0
2009-11-04,1.08,1.08,1.08,1.08,0,0
2009-11-05,1.08,1.08,1.08,1.08,0,0
2009-11-06,1.08,1.08,1.08,1.08,0,0
2009-11-09,1.27,1.27,1.27,1.27,0,0
2009-11-10,1.34,1.34,1.34,1.34,0,0
2009-11-11,1.41,1.41,1.41,1.41,0,0
2009-11-12,1.41,1.41,1.41,1.41,0,0
2009-11-13,1.42,1.42,1.42,1.42,0,0
2009-11-16,1.42,1.42,1.42,1.42,0,0
2009-11-17,1.42,1.42,1.42,1.42,0,0
2009-11-18,1.42,1.42,1.42,1.42,0,0
2009-11-19,1.42,1.42,1.42,1.42,0,0
2012-03-02,0.24,0.265,0.24,0.244,19040000,0
2012-03-05,0.249,0.25,0.232,0.238,11600000,0
2012-03-06,0.219,0.24,0.21,0.21,21240000,0
2012-03-07,0.184,0.192,0.182,0.188,18200000,0
2012-03-08,0.196,0.198,0.191,0.197,13400000,0
2012-03-09,0.212,0.23,0.212,0.228,7200000,0
2012-03-12,0.242,0.29,0.233,0.29,10620000,0
2012-03-13,0.355,0.355,0.3,0.3,1260000,0
2012-03-14,0.3,0.3,0.29,0.29,10000,0
2012-03-15,0.28,0.325,0.28,0.315,360000,0
2012-03-16,0.31,0.345,0.31,0.34,1720000,0
2012-03-19,0.355,0.36,0.295,0.3,4020000,0
2012-03-20,0.31,0.31,0.29,0.31,1700000,0
2012-03-21,0.275,0.275,0.275,0.275,110000,0
2012-03-22,0.265,0.27,0.26,0.27,1280000,0
2012-03-23,0.248,0.248,0.23,0.23,6800000,0
2012-03-26,0.275,0.285,0.275,0.28,520000,0
2012-03-27,0.31,0.31,0.295,0.295,1980000,0
2012-03-28,0.29,0.29,0.26,0.26,1930000,0
2012-03-29,0.248,0.275,0.243,0.249,6960000,0
2012-03-30,0.216,0.226,0.193,0.193,11600000,0
2012-04-02,0.181,0.181,0.154,0.169,8750000,0
2012-04-03,0.179,0.186,0.173,0.185,8730000,0
2012-04-05,0.159,0.161,0.152,0.156,11040000,0
2012-04-10,0.136,0.137,0.125,0.127,7280000,0
2012-04-11,0.108,0.113,0.099,0.113,3740000,0
2012-04-12,0.115,0.125,0.114,0.122,3460000,0
2012-04-13,0.136,0.137,0.13,0.134,9800000,0
2012-04-16,0.119,0.119,0.117,0.117,800000,0
2012-04-17,0.12,0.121,0.106,0.108,8200000,0
2012-04-18,0.112,0.112,0.112,0.112,0,0
2012-04-19,0.102,0.112,0.1,0.111,1000000,0
2012-04-20,0.104,0.111,0.104,0.106,3400000,0
2012-04-23,0.076,0.076,0.076,0.076,250000,0
2012-04-24,0.079,0.079,0.074,0.076,520000,0
2012-04-25,0.077,0.078,0.077,0.078,270000,0
2012-04-26,0.078,0.078,0.078,0.078,0,0
2012-04-27,0.082,0.082,0.071,0.072,1000000,0
2012-04-30,0.078,0.078,0.078,0.078,0,0
2012-05-02,0.09,0.1,0.09,0.096,620000,0
2012-05-03,0.093,0.093,0.093,0.093,0,0
2012-05-04,0.087,0.087,0.087,0.087,620000,0
2012-05-07,0.063,0.063,0.063,0.063,0,0
2012-05-08,0.063,0.063,0.063,0.063,0,0
2012-05-09,0.05,0.05,0.045,0.045,940000,0
2012-05-10,0.043,0.043,0.043,0.043,0,0
2012-05-11,0.036,0.036,0.036,0.036,100000,0
2012-05-14,0.036,0.036,0.036,0.036,0,0
2012-05-15,0.03,0.03,0.03,0.03,0,0
2012-05-16,0.02,0.02,0.02,0.02,0,0
2012-05-17,0.02,0.02,0.02,0.02,0,0
2012-05-18,0.02,0.02,0.02,0.02,0,0
2012-05-21,0.02,0.02,0.02,0.02,0,0
2012-05-22,0.02,0.02,0.02,0.02,0,0
2012-05-23,0.016,0.016,0.016,0.016,0,0
2012-05-24,0.016,0.016,0.016,0.016,0,0
2012-05-25,0.016,0.016,0.016,0.016,0,0
2012-05-28,0.016,0.016,0.016,0.016,0,0
2012-05-29,0.019,0.019,0.019,0.019,30000,0
2012-05-30,0.015,0.015,0.015,0.015,0,0
2012-05-31,0.015,0.015,0.015,0.015,0,0
2012-06-01,0.015,0.015,0.015,0.015,0,0
2012-06-04,0.015,0.015,0.015,0.015,0,0
2012-06-05,0.015,0.015,0.015,0.015,0,0
2012-06-06,0.015,0.015,0.015,0.015,0,0
2012-06-07,0.015,0.015,0.015,0.015,0,0
2012-06-08,0.015,0.015,0.015,0.015,0,0
2012-06-11,0.015,0.015,0.015,0.015,0,0
2012-06-12,0.015,0.015,0.015,0.015,0,0
2012-06-13,0.015,0.015,0.015,0.015,0,0
2012-06-14,0.015,0.015,0.015,0.015,0,0
2012-06-15,0.015,0.015,0.015,0.015,0,0
2012-06-18,0.015,0.015,0.015,0.015,0,0
2012-06-19,0.015,0.015,0.015,0.015,0,0
2012-06-20,0.015,0.015,0.015,0.015,0,0
2012-06-21,0.015,0.015,0.015,0.015,0,0
2012-06-22,0.015,0.015,0.015,0.015,0,0
2012-06-25,0.015,0.015,0.015,0.015,0,0
2012-06-26,0.015,0.015,0.015,0.015,0,0
2012-06-27,0.015,0.015,0.015,0.015,0,0
2012-06-28,0.015,0.015,0.015,0.015,0,0
2012-06-29,0.015,0.015,0.015,0.015,0,0
2012-07-03,0.015,0.015,0.015,0.015,0,0
2012-07-04,0.015,0.015,0.015,0.015,0,0
2012-07-05,0.015,0.015,0.015,0.015,0,0
2012-07-06,0.015,0.015,0.015,0.015,0,0
2012-07-09,0.015,0.015,0.015,0.015,0,0
2012-07-10,0.015,0.015,0.015,0.015,0,0
2012-07-11,0.015,0.015,0.015,0.015,0,0
2012-07-12,0.015,0.015,0.015,0.015,0,0
2012-07-13,0.015,0.015,0.015,0.015,0,0
2012-07-16,0.015,0.015,0.015,0.015,0,0
2012-07-17,0.015,0.015,0.015,0.015,0,0
2012-07-18,0.015,0.015,0.015,0.015,0,0
2012-07-19,0.015,0.015,0.015,0.015,0,0
2012-07-20,0.015,0.015,0.015,0.015,0,0
2012-07-23,0.015,0.015,0.015,0.015,0,0
2012-07-24,0.015,0.015,0.015,0.015,0,0
2012-07-25,0.015,0.015,0.015,0.015,0,0
2012-07-26,0.015,0.015,0.015,0.015,0,0
2012-07-27,0.015,0.015,0.015,0.015,0,0
2012-07-30,0.015,0.015,0.015,0.015,0,0
2012-07-31,0.015,0.015,0.015,0.015,0,0
2012-08-01,0.015,0.015,0.015,0.015,0,0
2012-08-02,0.015,0.015,0.015,0.015,0,0
2012-08-03,0.015,0.015,0.015,0.015,0,0
2012-08-06,0.015,0.015,0.015,0.015,0,0
2012-08-07,0.015,0.015,0.015,0.015,0,0
2012-08-08,0.015,0.015,0.015,0.015,0,0
2012-08-09,0.015,0.015,0.015,0.015,0,0
2012-08-10,0.015,0.015,0.015,0.015,0,0
2012-08-13,0.015,0.015,0.015,0.015,0,0
2012-08-14,0.01,0.01,0.01,0.01,0,0
2012-08-15,0.01,0.01,0.01,0.01,0,0
2012-08-16,0.01,0.01,0.01,0.01,0,0
2012-08-17,0.01,0.01,0.01,0.01,0,0
2012-08-20,0.01,0.01,0.01,0.01,0,0
2012-08-21,0.01,0.01,0.01,0.01,0,0
2012-08-22,0.01,0.01,0.01,0.01,0,0
2012-08-23,0.01,0.01,0.01,0.01,0,0
2012-08-24,0.01,0.01,0.01,0.01,0,0
2012-08-27,0.01,0.01,0.01,0.01,0,0
2012-08-28,0.01,0.01,0.01,0.01,0,0
2012-08-29,0.01,0.01,0.01,0.01,0,0
2012-08-30,0.01,0.01,0.01,0.01,0,0
2014-10-24,0.255,0.255,0.25,0.25,16982000,0
2014-10-27,0.25,0.25,0.25,0.25,0,0
2014-10-28,0.25,0.25,0.25,0.25,0,0
2014-10-29,0.25,0.25,0.25,0.25,0,0
2014-10-30,0.25,0.25,0.25,0.25,0,0
2014-10-31,0.25,0.25,0.25,0.25,0,0
2014-11-03,0.25,0.25,0.25,0.25,0,0
2014-11-04,0.25,0.25,0.25,0.25,0,0
2014-11-05,0.25,0.25,0.25,0.25,0,0
2014-11-06,0.25,0.25,0.25,0.25,0,0
2014-11-07,0.25,0.25,0.25,0.25,0,0
2014-11-10,0.25,0.25,0.25,0.25,0,0
2014-11-11,0.25,0.25,0.25,0.25,0,0
2014-11-12,0.25,0.25,0.25,0.25,0,0
2014-11-13,0.25,0.25,0.25,0.25,0,0
2014-11-14,0.25,0.25,0.25,0.25,0,0
2014-11-17,0.25,0.25,0.25,0.25,0,0
2014-11-18,0.25,0.25,0.25,0.25,0,0
2014-11-19,0.25,0.25,0.25,0.25,0,0
2014-11-20,0.25,0.25,0.25,0.25,0,0
2014-11-21,0.25,0.25,0.25,0.25,0,0
2014-11-24,0.25,0.25,0.25,0.25,0,0
2014-11-25,0.25,0.25,0.25,0.25,0,0
2014-11-26,0.25,0.25,0.25,0.25,0,0
2014-11-27,0.25,0.25,0.25,0.25,0,0
2014-11-28,0.25,0.25,0.25,0.25,0,0
2014-12-01,0.25,0.25,0.25,0.25,0,0
2014-12-02,0.25,0.25,0.25,0.25,0,0
2014-12-03,0.25,0.25,0.25,0.25,0,0
2014-12-04,0.25,0.25,0.25,0.25,0,0
2014-12-05,0.25,0.25,0.25,0.25,0,0
2014-12-08,0.25,0.25,0.25,0.25,0,0
2014-12-09,0.25,0.25,0.25,0.25,0,0
2014-12-10,0.25,0.25,0.25,0.25,0,0
2014-12-11,0.25,0.25,0.25,0.25,0,0
2014-12-12,0.25,0.25,0.25,0.25,0,0
2014-12-15,0.25,0.25,0.25,0.25,0,0
2014-12-16,0.25,0.25,0.25,0.25,0,0
2014-12-17,0.25,0.25,0.25,0.25,0,0
2014-12-18,0.25,0.25,0.25,0.25,0,0
2014-12-19,0.25,0.25,0.25,0.25,0,0
2014-12-22,0.25,0.25,0.25,0.25,0,0
2014-12-23,0.25,0.25,0.25,0.25,0,0
2014-12-24,0.25,0.25,0.25,0.25,0,0
2014-12-29,0.25,0.25,0.25,0.25,0,0
2014-12-30,0.25,0.25,0.25,0.25,0,0
2014-12-31,0.88,0.88,0.74,0.74,195000,0
2015-01-02,0.8,0.92,0.8,0.9,5181000,0
2015-01-05,0.85,0.85,0.82,0.85,4001000,0
2015-01-06,0.79,0.79,0.73,0.74,4565000,0
2015-01-07,0.75,0.75,0.69,0.72,12080000,0
2015-01-08,0.74,0.74,0.71,0.71,42000,0
2015-01-09,0.69,0.7,0.68,0.68,60000,0
2015-01-12,0.63,0.63,0.63,0.63,20000,0
2015-01-13,0.65,0.67,0.65,0.67,9088000,0
2015-01-14,0.68,0.68,0.67,0.68,60000,0
2015-01-15,0.71,0.71,0.71,0.71,5030000,0
2015-01-16,0.71,0.72,0.71,0.71,52000,0
2015-01-19,0.67,0.67,0.67,0.67,0,0
2015-01-20,0.68,0.69,0.68,0.69,60000,0
2015-01-21,0.71,0.71,0.71,0.71,0,0
2015-01-22,0.71,0.71,0.71,0.71,14000,0
2015-01-23,0.7,0.7,0.7,0.7,0,0
2015-01-26,0.66,0.66,0.66,0.66,4000,0
2015-01-27,0.66,0.66,0.66,0.66,6000,0
2015-01-28,0.66,0.66,0.66,0.66,0,0
2015-01-29,0.66,0.66,0.66,0.66,0,0
2015-01-30,0.63,0.63,0.63,0.63,0,0
2015-02-02,0.57,0.57,0.57,0.57,4000,0
2015-02-03,0.6,0.6,0.6,0.6,0,0
2015-02-04,0.6,0.6,0.6,0.6,0,0
2015-02-05,0.59,0.59,0.59,0.59,0,0
2015-02-06,0.57,0.57,0.57,0.57,0,0
2015-02-09,0.57,0.57,0.57,0.57,0,0
2015-02-10,0.56,0.56,0.56,0.56,0,0
2015-02-11,0.57,0.57,0.57,0.57,0,0
2015-02-12,0.59,0.59,0.59,0.59,0,0
2015-02-13,0.6,0.6,0.6,0.6,0,0
2015-02-16,0.6,0.6,0.6,0.6,0,0
2015-02-17,0.6,0.6,0.6,0.6,0,0
2015-02-18,0.6,0.6,0.6,0.6,0,0
2015-02-23,0.61,0.61,0.61,0.61,0,0
2015-02-24,0.63,0.63,0.63,0.63,0,0
2015-02-25,0.63,0.63,0.63,0.63,0,0
2015-02-26,0.63,0.63,0.63,0.63,0,0
2015-02-27,0.63,0.63,0.63,0.63,0,0
2015-03-02,0.62,0.62,0.62,0.62,0,0
2015-03-03,0.58,0.58,0.58,0.58,0,0
2015-03-04,0.58,0.58,0.58,0.58,0,0
2015-03-05,0.59,0.59,0.59,0.59,0,0
2015-03-06,0.59,0.59,0.59,0.59,0,0
2015-03-09,0.59,0.59,0.59,0.59,0,0
2015-03-10,0.56,0.56,0.56,0.56,0,0
2015-03-11,0.56,0.56,0.56,0.56,0,0
2015-03-12,0.55,0.55,0.55,0.55,0,0
2015-03-13,0.54,0.54,0.54,0.54,0,0
2015-03-16,0.54,0.54,0.54,0.54,0,0
2015-03-17,0.54,0.54,0.54,0.54,0,0
2015-03-18,0.55,0.55,0.55,0.55,0,0
2015-03-19,0.56,0.56,0.56,0.56,0,0
2015-03-20,0.57,0.57,0.57,0.57,0,0
2015-03-23,0.57,0.57,0.57,0.57,0,0
2015-03-24,0.57,0.57,0.57,0.57,0,0
2015-03-25,0.57,0.57,0.57,0.57,0,0
2015-03-26,0.57,0.57,0.57,0.57,0,0
2015-03-27,0.59,0.59,0.59,0.59,0,0
2015-03-30,0.59,0.59,0.59,0.59,0,0
2015-03-31,0.59,0.59,0.59,0.59,0,0
2015-04-01,0.59,0.59,0.59,0.59,0,0
2015-04-02,0.59,0.59,0.59,0.59,0,0
2015-04-08,0.9,0.97,0.9,0.97,6000,0
2015-04-09,0.96,0.99,0.96,0.99,2000,0
2015-04-10,1.04,1.04,1.04,1.04,0,0
2015-04-13,1.29,1.29,1.29,1.29,0,0
2015-04-14,1.27,1.27,1.27,1.27,0,0
2015-04-15,1.29,1.29,1.29,1.29,0,0
2015-04-16,1.31,1.31,1.31,1.31,0,0
2015-04-17,1.41,1.43,1.41,1.43,10000,0
2015-04-20,1.28,1.28,1.28,1.28,0,0
2015-04-21,1.02,1.04,1.02,1.04,11000,0
2015-04-22,1.09,1.1,1.09,1.1,10000,0
2015-04-23,1.1,1.1,1.1,1.1,0,0
2015-04-24,1.14,1.14,1.14,1.14,0,0
2015-04-27,1.14,1.14,1.14,1.14,0,0
2015-04-28,1.09,1.09,1.09,1.09,0,0
2015-04-29,1.1,1.1,1.07,1.07,10000,0
2015-04-30,1.03,1.03,1.03,1.03,0,0
2015-05-04,0.95,0.95,0.95,0.95,0,0
2015-05-05,0.93,0.93,0.93,0.93,0,0
2015-05-06,0.95,0.95,0.95,0.95,0,0
2015-05-07,0.95,0.95,0.95,0.95,0,0
2015-05-08,0.95,0.95,0.95,0.95,0,0
2015-05-11,0.95,0.95,0.95,0.95,0,0
2015-05-12,0.95,0.95,0.95,0.95,0,0
2015-05-13,0.95,0.95,0.95,0.95,0,0
2015-05-14,0.95,0.95,0.95,0.95,0,0
2015-05-15,0.95,0.95,0.95,0.95,0,0
2015-05-18,0.95,0.95,0.95,0.95,0,0
2015-05-19,0.95,0.95,0.95,0.95,0,0
2015-05-20,0.95,0.95,0.95,0.95,0,0
2015-05-21,0.95,0.95,0.95,0.95,0,0
2015-05-22,0.95,0.95,0.95,0.95,0,0
2015-05-26,0.95,0.95,0.95,0.95,0,0
2015-05-27,0.95,0.95,0.95,0.95,0,0
2015-05-28,0.95,0.95,0.95,0.95,0,0
2015-05-29,0.95,0.95,0.95,0.95,0,0
2015-06-01,0.95,0.95,0.95,0.95,0,0
2015-06-02,0.95,0.95,0.95,0.95,0,0
2015-06-03,0.95,0.95,0.95,0.95,0,0
2015-06-04,0.95,0.95,0.95,0.95,0,0
2015-06-05,0.95,0.95,0.95,0.95,0,0
2015-06-08,0.95,0.95,0.95,0.95,0,0
2015-06-09,0.94,0.94,0.94,0.94,0,0
2015-06-10,0.88,0.88,0.88,0.88,0,0
2015-06-11,0.88,0.88,0.88,0.88,0,0
2015-06-12,0.88,0.88,0.88,0.88,0,0
2015-06-15,0.8,0.8,0.8,0.8,0,0
2015-06-16,0.65,0.7,0.65,0.7,10000,0
2015-06-17,0.77,0.77,0.77,0.77,0,0
2015-06-18,0.77,0.77,0.77,0.77,0,0
2015-06-19,0.76,0.76,0.76,0.76,0,0
2015-06-22,0.76,0.76,0.76,0.76,0,0
2015-06-23,0.81,0.81,0.81,0.81,0,0
2015-06-24,0.8,0.8,0.8,0.8,0,0
2015-06-25,0.77,0.77,0.77,0.77,0,0
2015-06-26,0.75,0.75,0.75,0.75,0,0
2015-06-29,0.73,0.73,0.73,0.73,0,0
2015-06-30,0.77,0.77,0.77,0.77,0,0
2015-07-02,0.73,0.73,0.73,0.73,0,0
2015-07-03,0.69,0.69,0.69,0.69,0,0
2015-07-06,0.65,0.65,0.65,0.65,50000,0
2015-07-07,0.64,0.64,0.58,0.58,30000,0
2015-07-08,0.53,0.53,0.5,0.5,30000,0
2015-07-09,0.65,0.65,0.65,0.65,0,0
2015-07-10,0.66,0.67,0.66,0.67,110000,0
2015-07-13,0.67,0.67,0.67,0.67,0,0
2015-07-14,0.67,0.67,0.67,0.67,0,0
2015-07-15,0.63,0.63,0.63,0.63,0,0
2015-07-16,0.63,0.63,0.63,0.63,0,0
2015-07-17,0.66,0.66,0.66,0.66,0,0
2015-07-20,0.66,0.66,0.66,0.66,0,0
2015-07-21,0.67,0.67,0.67,0.67,0,0
2015-07-22,0.66,0.66,0.66,0.66,0,0
2015-07-23,0.66,0.66,0.66,0.66,0,0
2015-07-24,0.66,0.66,0.66,0.66,0,0
2015-07-27,0.61,0.61,0.61,0.61,0,0
2015-07-28,0.61,0.61,0.61,0.61,0,0
2015-07-29,0.61,0.61,0.61,0.61,0,0
2015-07-30,0.61,0.61,0.61,0.61,0,0
2015-07-31,0.61,0.61,0.61,0.61,0,0
2015-08-03,0.58,0.58,0.58,0.58,0,0
2015-08-04,0.58,0.58,0.58,0.58,0,0
2015-08-05,0.58,0.58,0.58,0.58,0,0
2015-08-06,0.58,0.58,0.58,0.58,0,0
2015-08-07,0.6,0.6,0.6,0.6,0,0
2015-08-10,0.62,0.62,0.62,0.62,0,0
2015-08-11,0.62,0.62,0.62,0.62,0,0
2015-08-12,0.62,0.62,0.62,0.62,0,0
2015-08-13,0.62,0.62,0.62,0.62,0,0
2015-08-14,0.62,0.62,0.62,0.62,0,0
2015-08-17,0.62,0.62,0.62,0.62,0,0
2015-08-18,0.6,0.6,0.6,0.6,0,0
2015-08-19,0.59,0.59,0.59,0.59,0,0
2015-08-20,0.56,0.56,0.56,0.56,0,0
2015-08-21,0.55,0.55,0.55,0.55,0,0
2015-08-24,0.475,0.475,0.475,0.475,0,0
2015-08-25,0.475,0.475,0.475,0.475,0,0
2015-08-26,0.475,0.475,0.475,0.475,0,0
2015-08-27,0.56,0.56,0.56,0.56,0,0
2015-08-28,0.56,0.56,0.56,0.56,0,0
2015-08-31,0.53,0.53,0.53,0.53,0,0
2015-09-01,0.5,0.5,0.5,0.5,0,0
2015-09-02,0.495,0.495,0.495,0.495,0,0
2015-09-04,0.495,0.495,0.485,0.495,3420000,0
2015-09-07,0.5,0.5,0.5,0.5,0,0
2015-09-08,0.51,0.51,0.51,0.51,0,0
2015-09-09,0.54,0.54,0.54,0.54,0,0
2015-09-10,0.57,0.58,0.57,0.58,6370000,0
2015-09-11,0.6,0.6,0.59,0.59,10000,0
2015-09-14,0.58,0.58,0.58,0.58,0,0
2015-09-15,0.57,0.57,0.56,0.56,2260000,0
2015-09-16,0.58,0.58,0.58,0.58,0,0
2015-09-17,0.58,0.58,0.58,0.58,0,0
2015-09-18,0.64,0.64,0.64,0.64,0,0
2015-09-21,0.64,0.64,0.64,0.64,0,0
2015-09-22,0.63,0.63,0.61,0.61,40000,0
2015-09-23,0.59,0.59,0.59,0.59,0,0
2015-09-24,0.57,0.57,0.57,0.57,0,0
2015-09-25,0.57,0.57,0.57,0.57,0,0
2015-09-29,0.54,0.54,0.54,0.54,0,0
2015-09-30,0.56,0.56,0.56,0.56,0,0
2015-10-02,0.6,0.6,0.6,0.6,0,0
2015-10-05,0.6,0.6,0.6,0.6,20000,0
2015-10-06,0.6,0.6,0.6,0.6,0,0
2015-10-07,0.62,0.62,0.62,0.62,0,0
2015-10-08,0.61,0.61,0.61,0.61,0,0
2015-10-09,0.6,0.6,0.6,0.6,0,0
2015-10-12,0.6,0.6,0.6,0.6,0,0
2015-10-13,0.6,0.6,0.6,0.6,0,0
2015-10-14,0.6,0.6,0.6,0.6,0,0
2015-10-15,0.62,0.62,0.62,0.62,0,0
2015-10-16,0.62,0.62,0.62,0.62,0,0
2015-10-19,0.62,0.62,0.62,0.62,0,0
2015-10-20,0.62,0.62,0.62,0.62,0,0
2015-10-22,0.61,0.61,0.61,0.61,0,0
2015-10-23,0.61,0.61,0.61,0.61,20000,0
2015-10-26,0.61,0.61,0.61,0.61,0,0
2015-10-27,0.61,0.61,0.61,0.61,0,0
2015-10-28,0.61,0.61,0.61,0.61,0,0
2015-10-29,0.6,0.6,0.6,0.6,0,0
2015-10-30,0.6,0.6,0.6,0.6,0,0
2015-11-02,0.58,0.58,0.58,0.58,0,0
2015-11-03,0.58,0.58,0.58,0.58,0,0
2015-11-04,0.58,0.58,0.58,0.58,0,0
2015-11-05,0.58,0.58,0.58,0.58,0,0
2015-11-06,0.58,0.58,0.58,0.58,0,0
2015-11-09,0.58,0.58,0.58,0.58,0,0
2015-11-10,0.57,0.57,0.57,0.57,0,0
2015-11-11,0.57,0.57,0.57,0.57,0,0
2015-11-12,0.57,0.57,0.57,0.57,0,0
2015-11-13,0.57,0.57,0.57,0.57,0,0
2015-11-16,0.57,0.57,0.57,0.57,0,0
2015-11-17,0.57,0.57,0.57,0.57,0,0
2015-11-18,0.57,0.57,0.57,0.57,0,0
2015-11-19,0.57,0.57,0.57,0.57,0,0
2015-11-20,0.57,0.57,0.57,0.57,0,0
2015-11-23,0.57,0.57,0.57,0.57,0,0
2015-11-24,0.57,0.57,0.57,0.57,0,0
2015-11-25,0.57,0.57,0.57,0.57,0,0
2015-11-26,0.57,0.57,0.57,0.57,0,0
2015-11-27,0.57,0.57,0.57,0.57,0,0
2015-11-30,0.57,0.57,0.57,0.57,0,0
2015-12-01,0.57,0.57,0.57,0.57,0,0
2015-12-02,0.58,0.58,0.58,0.58,0,0
2015-12-03,0.58,0.58,0.58,0.58,0,0
2015-12-04,0.58,0.58,0.58,0.58,0,0
2015-12-07,0.58,0.58,0.58,0.58,0,0
2015-12-08,0.58,0.58,0.58,0.58,0,0
2015-12-09,0.58,0.58,0.58,0.58,0,0
2015-12-10,0.58,0.58,0.58,0.58,0,0
2015-12-11,0.56,0.56,0.56,0.56,0,0
2015-12-14,0.55,0.55,0.55,0.55,0,0
2015-12-15,0.55,0.55,0.55,0.55,0,0
2015-12-16,0.55,0.55,0.55,0.55,0,0
2015-12-17,0.55,0.55,0.55,0.55,0,0
2015-12-18,0.55,0.55,0.55,0.55,0,0
2015-12-21,0.55,0.55,0.55,0.55,0,0
2015-12-22,0.55,0.55,0.55,0.55,0,0
2015-12-23,0.55,0.55,0.55,0.55,0,0
2015-12-24,0.55,0.55,0.55,0.55,0,0
2015-12-28,0.55,0.55,0.55,0.55,0,0
2015-12-29,0.55,0.55,0.55,0.55,0,0
2015-12-30,0.55,0.55,0.55,0.55,0,0
2015-12-31,0.55,0.55,0.55,0.55,0,0
2016-01-04,0.51,0.51,0.51,0.51,0,0
2016-01-05,0.475,0.475,0.475,0.475,0,0
2016-01-06,0.475,0.475,0.475,0.475,0,0
2016-01-07,0.44,0.44,0.44,0.44,0,0
2016-01-08,0.44,0.44,0.44,0.44,200000,0
2016-01-11,0.41,0.41,0.41,0.41,0,0
2016-01-12,0.39,0.39,0.39,0.39,0,0
2016-01-13,0.39,0.39,0.39,0.39,0,0
2016-01-14,0.38,0.38,0.38,0.38,0,0
2016-01-15,0.36,0.36,0.36,0.36,0,0
2016-01-18,0.365,0.365,0.365,0.365,0,0
2016-01-19,0.39,0.39,0.39,0.39,0,0
2016-01-20,0.36,0.36,0.36,0.36,0,0
2016-01-21,0.335,0.335,0.335,0.335,0,0
2016-01-22,0.355,0.36,0.355,0.355,3722000,0
2016-01-25,0.36,0.36,0.36,0.36,0,0
2016-01-26,0.32,0.325,0.315,0.32,17202000,0
2016-01-27,0.32,0.32,0.315,0.315,7300000,0
2016-01-28,0.32,0.325,0.315,0.315,28546000,0
2016-01-29,0.335,0.335,0.335,0.335,0,0
2016-02-01,0.34,0.345,0.33,0.335,6724000,0
2016-02-02,0.34,0.345,0.34,0.34,27444000,0
2016-02-03,0.32,0.33,0.32,0.33,8362000,0
2016-02-04,0.34,0.345,0.335,0.335,21044000,0
2016-02-05,0.335,0.34,0.325,0.325,16806000,0
2016-02-11,0.31,0.31,0.31,0.31,6400000,0
2016-02-12,0.295,0.295,0.295,0.295,5440000,0
2016-02-15,0.31,0.315,0.31,0.315,400000,0
2016-02-16,0.325,0.335,0.325,0.325,4002000,0
2016-02-17,0.32,0.32,0.315,0.32,29402000,0
2016-02-18,0.335,0.35,0.335,0.345,12508000,0
2016-02-19,0.345,0.35,0.345,0.345,15804000,0
2016-02-22,0.355,0.355,0.345,0.345,54214000,0
2016-02-23,0.345,0.345,0.345,0.345,6640000,0
2016-02-24,0.335,0.335,0.33,0.335,52246000,0
2016-02-25,0.335,0.345,0.325,0.325,56812000,0
2016-02-26,0.335,0.34,0.335,0.34,31449000,0
2016-02-29,0.32,0.325,0.315,0.32,30304000,0
2016-03-01,0.32,0.325,0.315,0.325,22545000,0
2016-03-02,0.335,0.355,0.335,0.345,26546000,0
2016-03-03,0.35,0.35,0.345,0.345,4200000,0
2016-03-04,0.345,0.35,0.345,0.345,16006000,0
2016-03-07,0.36,0.36,0.35,0.35,15182000,0
2016-03-08,0.345,0.345,0.335,0.335,25960000,0
2016-03-09,0.33,0.335,0.33,0.33,27884000,0
2016-03-10,0.33,0.33,0.33,0.33,0,0
2016-03-11,0.345,0.38,0.345,0.38,6560000,0
2016-03-14,0.385,0.395,0.385,0.395,14163000,0
2016-03-15,0.385,0.385,0.38,0.38,4000000,0
2016-03-16,0.375,0.375,0.355,0.355,23406000,0
2016-03-17,0.37,0.375,0.365,0.37,25644000,0
2016-03-18,0.37,0.37,0.37,0.37,0,0
2016-03-21,0.375,0.38,0.375,0.38,11200000,0
2016-03-22,0.375,0.38,0.375,0.38,22802000,0
2016-03-23,0.365,0.365,0.35,0.35,28727000,0
2016-03-24,0.34,0.34,0.34,0.34,6425000,0
2016-03-29,0.34,0.35,0.34,0.35,8100000,0
2016-03-30,0.315,0.32,0.305,0.305,26142000,0
2016-03-31,0.31,0.32,0.31,0.315,1325000,0
2016-04-01,0.32,0.32,0.305,0.305,27189000,0
2016-04-05,0.3,0.3,0.295,0.295,6940000,0
2016-04-06,0.29,0.295,0.29,0.295,18100000,0
2016-04-07,0.305,0.305,0.295,0.295,4050000,0
2016-04-08,0.305,0.305,0.305,0.305,0,0
2016-04-11,0.305,0.305,0.305,0.305,4000000,0
2016-04-12,0.315,0.315,0.31,0.315,6402000,0
2016-04-13,0.32,0.34,0.32,0.34,7362000,0
2016-04-14,0.35,0.35,0.33,0.33,20367000,0
2016-04-15,0.335,0.335,0.33,0.33,4280000,0
2016-04-18,0.32,0.325,0.32,0.325,8302000,0
2016-04-19,0.335,0.335,0.33,0.335,5560000,0
2016-04-20,0.33,0.33,0.33,0.33,0,0
2016-04-21,0.33,0.33,0.33,0.33,4000000,0
2016-04-22,0.325,0.33,0.325,0.325,26762000,0
2016-04-25,0.32,0.32,0.31,0.31,15402000,0
2016-04-26,0.305,0.31,0.295,0.3,18522000,0
2016-04-27,0.3,0.305,0.3,0.305,6700000,0
2016-04-28,0.3,0.3,0.3,0.3,0,0
2016-04-29,0.29,0.295,0.29,0.295,5360000,0
2016-05-03,0.285,0.285,0.285,0.285,0,0
2016-05-04,0.285,0.285,0.285,0.285,11201000,0
2016-05-05,0.28,0.28,0.275,0.28,10454000,0
2016-05-06,0.27,0.27,0.27,0.27,16850000,0
2016-05-09,0.27,0.27,0.27,0.27,9840000,0
2016-05-10,0.265,0.275,0.265,0.275,4282000,0
2016-05-11,0.28,0.28,0.275,0.275,1000,0
2016-05-12,0.27,0.27,0.27,0.27,4001000,0
2016-05-13,0.27,0.27,0.27,0.27,0,0
2016-05-16,0.27,0.27,0.27,0.27,14560000,0
2016-05-17,0.275,0.275,0.275,0.275,160000,0
2016-05-18,0.27,0.27,0.27,0.27,6400000,0
2016-05-19,0.265,0.27,0.265,0.265,11406000,0
2016-05-20,0.265,0.265,0.265,0.265,0,0
2016-05-23,0.255,0.26,0.255,0.26,10502000,0
2016-05-24,0.255,0.255,0.255,0.255,6470000,0
2016-05-25,0.265,0.265,0.265,0.265,50000,0
2016-05-26,0.265,0.27,0.26,0.265,20005000,0
2016-05-27,0.26,0.265,0.26,0.265,48404000,0
2016-05-30,0.275,0.275,0.275,0.275,9200000,0
2016-05-31,0.275,0.275,0.275,0.275,5200000,0
2016-06-01,0.275,0.275,0.27,0.27,12000000,0
2016-06-02,0.265,0.27,0.26,0.26,8002000,0
2016-06-03,0.26,0.26,0.26,0.26,0,0
2016-06-06,0.255,0.255,0.255,0.255,12400000,0
2016-06-07,0.26,0.265,0.26,0.265,4004000,0
2016-06-08,0.265,0.265,0.265,0.265,0,0
2016-06-10,0.25,0.25,0.247,0.247,41000,0
2016-06-13,0.24,0.24,0.239,0.239,1000,0
2016-06-14,0.235,0.235,0.235,0.235,0,0
2016-06-15,0.243,0.243,0.243,0.243,0,0
2016-06-16,0.225,0.225,0.225,0.225,0,0
2016-06-17,0.223,0.225,0.223,0.223,600000,0
2016-06-20,0.219,0.219,0.219,0.219,0,0
2016-06-21,0.212,0.212,0.212,0.212,0,0
2016-06-22,0.199,0.199,0.199,0.199,0,0
2016-06-23,0.192,0.192,0.192,0.192,100000,0
2016-06-24,0.182,0.182,0.172,0.172,100000,0
2016-06-27,0.165,0.169,0.165,0.169,1000000,0
2016-06-28,0.167,0.17,0.167,0.17,2000,0
2016-06-29,0.179,0.179,0.175,0.176,300000,0
2016-06-30,0.182,0.182,0.182,0.182,0,0
2016-07-04,0.184,0.184,0.184,0.184,1200000,0
2016-07-05,0.189,0.189,0.186,0.186,400000,0
2016-07-06,0.174,0.179,0.174,0.179,1000000,0
2016-07-07,0.182,0.182,0.179,0.18,1030000,0
2016-07-08,0.181,0.181,0.181,0.181,0,0
2016-07-11,0.187,0.187,0.187,0.187,0,0
2016-07-12,0.198,0.198,0.198,0.198,0,0
2016-07-13,0.2,0.2,0.2,0.2,0,0
2016-07-14,0.202,0.202,0.202,0.202,0,0
2016-07-15,0.193,0.193,0.193,0.193,0,0
2016-07-18,0.193,0.193,0.193,0.193,0,0
2016-07-19,0.189,0.189,0.189,0.189,0,0
2016-07-20,0.189,0.189,0.189,0.189,0,0
2016-07-21,0.196,0.196,0.196,0.196,0,0
2016-07-22,0.194,0.194,0.194,0.194,0,0
2016-07-25,0.196,0.196,0.196,0.196,0,0
2016-07-26,0.197,0.197,0.197,0.197,0,0
2016-07-27,0.197,0.197,0.197,0.197,0,0
2016-07-28,0.201,0.201,0.201,0.201,0,0
2016-07-29,0.191,0.191,0.191,0.191,0,0
2016-08-01,0.193,0.193,0.193,0.193,0,0
2016-08-03,0.188,0.188,0.188,0.188,0,0
2016-08-04,0.188,0.188,0.188,0.188,0,0
2016-08-05,0.193,0.195,0.188,0.188,2298000,0
2016-08-08,0.19,0.198,0.19,0.198,1803000,0
2016-08-09,0.201,0.201,0.193,0.194,1200000,0
2016-08-10,0.192,0.192,0.185,0.186,1040000,0
2016-08-11,0.188,0.188,0.188,0.188,0,0
2016-08-12,0.19,0.19,0.19,0.19,0,0
2016-08-15,0.196,0.199,0.196,0.199,600000,0
2016-08-16,0.198,0.198,0.198,0.198,170000,0
2016-08-17,0.193,0.193,0.193,0.193,0,0
2016-08-18,0.191,0.191,0.191,0.191,0,0
2016-08-19,0.184,0.192,0.184,0.188,9520000,0
2016-08-22,0.185,0.185,0.179,0.179,20875000,0
2016-08-23,0.159,0.163,0.159,0.161,35434000,0
2016-08-24,0.161,0.161,0.159,0.161,2248000,0
2016-08-25,0.159,0.16,0.158,0.158,834000,0
2016-08-26,0.161,0.161,0.161,0.161,50000,0
2016-08-29,0.158,0.158,0.158,0.158,0,0
2016-08-30,0.165,0.165,0.165,0.165,0,0
2016-08-31,0.16,0.161,0.159,0.16,8002000,0
2016-09-01,0.158,0.159,0.158,0.158,522000,0
2016-09-02,0.16,0.164,0.16,0.164,8030000,0
2016-09-05,0.17,0.171,0.17,0.171,482000,0
2016-09-06,0.174,0.174,0.174,0.174,0,0
2016-09-07,0.173,0.173,0.173,0.173,4000000,0
2016-09-08,0.172,0.174,0.172,0.174,250000,0
2016-09-09,0.178,0.183,0.178,0.179,4080000,0
2016-09-12,0.17,0.17,0.164,0.164,680000,0
2016-09-13,0.162,0.162,0.162,0.162,0,0
2016-09-14,0.161,0.161,0.161,0.161,0,0
2016-09-15,0.163,0.163,0.163,0.163,28000000,0
2016-09-19,0.163,0.164,0.163,0.163,200000,0
2016-09-20,0.162,0.162,0.162,0.162,100000,0
2016-09-21,0.162,0.165,0.162,0.165,818000,0
2016-09-22,0.18,0.192,0.18,0.183,17855000,0
2016-09-23,0.18,0.181,0.179,0.179,260000,0
2016-09-26,0.169,0.169,0.169,0.169,0,0
2016-09-27,0.169,0.169,0.169,0.169,0,0
2016-09-28,0.166,0.166,0.166,0.166,0,0
2016-09-29,0.167,0.168,0.167,0.168,1360000,0
2016-09-30,0.166,0.166,0.162,0.162,260000,0
2016-10-03,0.164,0.164,0.163,0.163,630000,0
2016-10-04,0.164,0.164,0.164,0.164,0,0
2016-10-05,0.164,0.164,0.164,0.164,0,0
2016-10-06,0.171,0.171,0.171,0.171,630000,0
2016-10-07,0.168,0.168,0.165,0.165,630000,0
2016-10-11,0.163,0.163,0.162,0.163,630000,0
2016-10-12,0.16,0.161,0.16,0.161,134000,0
2016-10-13,0.158,0.158,0.158,0.158,26050000,0
2016-10-14,0.159,0.159,0.158,0.158,16402000,0
2016-10-17,0.161,0.162,0.159,0.16,1040000,0
2016-10-18,0.168,0.168,0.168,0.168,0,0
2016-10-19,0.168,0.168,0.168,0.168,0,0
2016-10-20,0.169,0.169,0.166,0.166,12000,0
2016-10-24,0.172,0.173,0.171,0.171,4252000,0
2016-10-25,0.171,0.171,0.17,0.171,50000,0
2016-10-26,0.164,0.164,0.164,0.164,0,0
2016-10-27,0.166,0.166,0.164,0.166,6006000,0
2016-10-28,0.168,0.168,0.162,0.162,213000,0
2016-10-31,0.158,0.158,0.158,0.158,630000,0
2016-11-01,0.159,0.159,0.159,0.159,0,0
2016-11-02,0.15,0.15,0.15,0.15,200000,0
2016-11-03,0.148,0.151,0.146,0.146,800000,0
2016-11-04,0.148,0.149,0.147,0.149,18060000,0
2016-11-07,0.151,0.153,0.15,0.153,760000,0
2016-11-08,0.156,0.156,0.155,0.155,50000,0
2016-11-09,0.151,0.151,0.14,0.147,602000,0
2016-11-10,0.158,0.158,0.158,0.158,50000,0
2016-11-11,0.158,0.159,0.158,0.159,786000,0
2016-11-14,0.156,0.158,0.156,0.156,8052000,0
2016-11-15,0.159,0.159,0.156,0.159,1430000,0
2016-11-16,0.158,0.158,0.152,0.152,2484000,0
2016-11-17,0.15,0.152,0.148,0.149,1290000,0
2016-11-18,0.154,0.156,0.154,0.155,154000,0
2016-11-21,0.16,0.16,0.158,0.158,130000,0
2016-11-22,0.161,0.161,0.161,0.161,0,0
2016-11-23,0.158,0.161,0.158,0.158,14002000,0
2016-11-24,0.157,0.157,0.154,0.155,960000,0
2016-11-25,0.156,0.156,0.156,0.156,0,0
2016-11-28,0.17,0.176,0.17,0.175,8619000,0
2016-11-29,0.177,0.197,0.176,0.188,30320000,0
2016-11-30,0.192,0.197,0.181,0.182,6842000,0
2016-12-01,0.183,0.185,0.183,0.183,4000,0
2016-12-02,0.179,0.179,0.179,0.179,0,0
2016-12-05,0.169,0.169,0.168,0.169,100000,0
2016-12-06,0.169,0.169,0.169,0.169,0,0
2016-12-07,0.176,0.176,0.176,0.176,0,0
2016-12-08,0.175,0.175,0.175,0.175,0,0
2016-12-09,0.17,0.17,0.17,0.17,0,0
2016-12-12,0.157,0.157,0.157,0.157,100000,0
2016-12-13,0.159,0.159,0.159,0.159,0,0
2016-12-14,0.155,0.155,0.155,0.155,0,0
2016-12-15,0.152,0.152,0.152,0.152,0,0
2016-12-16,0.152,0.152,0.152,0.152,0,0
2016-12-19,0.149,0.149,0.149,0.149,0,0
2016-12-20,0.145,0.145,0.145,0.145,0,0
2016-12-21,0.146,0.146,0.146,0.146,0,0
2016-12-22,0.142,0.142,0.142,0.142,0,0
2016-12-23,0.139,0.139,0.139,0.139,760000,0
2016-12-28,0.138,0.14,0.138,0.138,50000,0
2016-12-29,0.141,0.141,0.14,0.14,800000,0
2016-12-30,0.141,0.141,0.141,0.141,0,0
2017-01-03,0.142,0.142,0.142,0.142,0,0
2017-01-04,0.148,0.148,0.148,0.148,0,0
2017-01-05,0.151,0.151,0.151,0.151,0,0
2017-01-06,0.149,0.149,0.148,0.148,400000,0
2017-01-09,0.15,0.151,0.15,0.151,64000,0
2017-01-10,0.155,0.155,0.155,0.155,0,0
2017-01-11,0.155,0.155,0.155,0.155,0,0
2017-01-12,0.159,0.159,0.15,0.153,112000,0
2017-01-13,0.151,0.152,0.15,0.152,502000,0
2017-01-16,0.152,0.152,0.152,0.152,0,0
2017-01-17,0.151,0.151,0.151,0.151,8000,0
2017-01-18,0.156,0.156,0.156,0.156,540000,0
2017-01-19,0.156,0.156,0.156,0.156,0,0
2017-01-20,0.168,0.168,0.166,0.166,170000,0
2017-01-23,0.17,0.172,0.168,0.171,10403000,0
2017-01-24,0.169,0.171,0.168,0.169,5554000,0
2017-01-25,0.167,0.167,0.162,0.165,7842000,0
2017-01-26,0.165,0.17,0.165,0.169,1000000,0
2017-01-27,0.171,0.171,0.171,0.171,0,0
2017-02-01,0.163,0.163,0.163,0.163,0,0
2017-02-02,0.16,0.16,0.16,0.16,0,0
2017-02-03,0.162,0.162,0.162,0.162,0,0
2017-02-06,0.159,0.159,0.153,0.153,100000,0
2017-02-07,0.151,0.151,0.151,0.151,0,0
2017-02-08,0.151,0.155,0.151,0.155,320000,0
2017-02-09,0.164,0.164,0.159,0.159,8016000,0
2017-02-10,0.158,0.165,0.156,0.156,8528000,0
2017-02-13,0.161,0.161,0.158,0.158,660000,0
2017-02-14,0.158,0.158,0.151,0.152,830000,0
2017-02-15,0.158,0.165,0.156,0.157,17444000,0
2017-02-16,0.156,0.159,0.156,0.159,6526000,0
2017-02-17,0.153,0.154,0.146,0.147,720000,0
2017-02-20,0.149,0.149,0.149,0.149,0,0
2017-02-21,0.15,0.15,0.15,0.15,0,0
2017-02-22,0.15,0.15,0.148,0.148,8002000,0
2017-02-23,0.139,0.14,0.138,0.14,650000,0
2017-02-24,0.137,0.137,0.135,0.135,8038000,0
2017-02-27,0.133,0.137,0.133,0.133,1420000,0
2017-02-28,0.136,0.136,0.13,0.13,14454000,0
2017-03-01,0.143,0.143,0.136,0.143,7202000,0
2017-03-02,0.145,0.149,0.137,0.137,1420000,0
2017-03-03,0.135,0.136,0.135,0.135,8002000,0
2017-03-06,0.131,0.134,0.131,0.131,110000,0
2017-03-07,0.133,0.133,0.133,0.133,10000000,0
2017-03-08,0.133,0.137,0.133,0.135,11042000,0
2017-03-09,0.129,0.129,0.125,0.127,11993000,0
2017-03-10,0.128,0.13,0.126,0.128,10184000,0
2017-03-13,0.125,0.13,0.125,0.128,902000,0
2017-03-14,0.13,0.13,0.13,0.13,400000,0
2017-03-15,0.134,0.136,0.129,0.129,1060000,0
2017-03-16,0.138,0.142,0.138,0.142,430000,0
2017-03-17,0.142,0.142,0.142,0.142,0,0
2017-03-20,0.144,0.144,0.144,0.144,0,0
2017-03-21,0.149,0.151,0.148,0.151,520000,0
2017-03-22,0.142,0.143,0.14,0.142,6012000,0
2017-03-23,0.144,0.147,0.143,0.145,512000,0
2017-03-24,0.149,0.151,0.145,0.149,8878000,0
2017-03-27,0.149,0.151,0.135,0.135,2088000,0
2017-03-28,0.138,0.139,0.137,0.137,3260000,0
2017-03-29,0.142,0.142,0.138,0.138,14740000,0
2017-03-30,0.135,0.135,0.128,0.13,15703000,0
2017-03-31,0.129,0.131,0.129,0.13,8620000,0
2017-04-03,0.133,0.133,0.132,0.133,5601000,0
2017-04-05,0.133,0.14,0.132,0.138,20574000,0
2017-04-06,0.137,0.143,0.134,0.138,37842000,0
2017-04-07,0.138,0.138,0.131,0.133,18604000,0
2017-04-10,0.135,0.135,0.132,0.134,6880000,0
2017-04-11,0.132,0.132,0.128,0.13,18780000,0
2017-04-12,0.129,0.129,0.127,0.129,150000,0
2017-04-13,0.131,0.131,0.131,0.131,2000000,0
2017-04-18,0.124,0.125,0.122,0.122,39980000,0
2017-04-19,0.122,0.122,0.118,0.12,3310000,0
2017-04-20,0.123,0.124,0.119,0.124,2990000,0
2017-04-21,0.123,0.124,0.121,0.121,17260000,0
2017-04-24,0.12,0.12,0.115,0.119,6640000,0
2017-04-25,0.123,0.124,0.121,0.124,21290000,0
2017-04-26,0.124,0.124,0.12,0.12,260000,0
2017-04-27,0.115,0.118,0.115,0.115,12050000,0
2017-04-28,0.111,0.114,0.111,0.113,20040000,0
2017-05-02,0.111,0.111,0.108,0.11,16912000,0
2017-05-04,0.106,0.106,0.102,0.104,7343000,0
2017-05-05,0.105,0.105,0.098,0.099,22282000,0
2017-05-08,0.094,0.095,0.094,0.094,4000,0
2017-05-09,0.095,0.1,0.094,0.1,22004000,0
2017-05-10,0.102,0.103,0.097,0.097,6774000,0
2017-05-11,0.099,0.1,0.099,0.1,3350000,0
2017-05-12,0.097,0.099,0.095,0.099,40483000,0
2017-05-15,0.103,0.104,0.103,0.103,22054000,0
2017-05-16,0.101,0.101,0.095,0.097,14324000,0
2017-05-17,0.098,0.098,0.097,0.097,13250000,0
2017-05-18,0.097,0.097,0.095,0.095,12209000,0
2017-05-19,0.093,0.093,0.092,0.093,6000,0
2017-05-22,0.095,0.095,0.093,0.093,29608000,0
2017-05-23,0.092,0.092,0.087,0.087,15212000,0
2017-05-24,0.086,0.087,0.086,0.087,14002000,0
2017-05-25,0.09,0.091,0.088,0.091,68745000,0
2017-05-26,0.093,0.093,0.091,0.091,12054000,0
2017-05-29,0.092,0.092,0.092,0.092,0,0
2017-05-31,0.093,0.093,0.091,0.091,16006000,0
2017-06-01,0.089,0.09,0.089,0.09,27606000,0
2017-06-02,0.09,0.09,0.09,0.09,8000000,0
2017-06-05,0.09,0.09,0.09,0.09,0,0
2017-06-06,0.091,0.091,0.09,0.091,30606000,0
2017-06-07,0.093,0.093,0.092,0.092,24230000,0
2017-06-08,0.09,0.091,0.09,0.091,27810000,0
2017-06-09,0.092,0.093,0.088,0.088,36071000,0
2017-06-12,0.086,0.087,0.083,0.085,40360000,0
2017-06-13,0.084,0.088,0.084,0.087,36098000,0
2017-06-14,0.086,0.087,0.086,0.087,25094000,0
2017-06-15,0.085,0.085,0.083,0.083,36889000,0
2017-06-16,0.083,0.084,0.083,0.084,18197000,0
2017-06-19,0.081,0.082,0.081,0.082,20002000,0
2017-06-20,0.082,0.082,0.08,0.082,71420000,0
2017-06-21,0.079,0.081,0.078,0.08,51000,0
2017-06-22,0.082,0.087,0.081,0.083,37219000,0
2017-06-23,0.084,0.084,0.082,0.082,36311000,0
2017-06-26,0.085,0.088,0.084,0.088,8053000,0
2017-06-27,0.087,0.087,0.085,0.086,95472000,0
2017-06-28,0.084,0.085,0.082,0.083,36451000,0
2017-06-29,0.083,0.084,0.083,0.084,13861000,0
2017-06-30,0.081,0.082,0.08,0.082,50533000,0
2017-07-03,0.083,0.083,0.081,0.083,25414000,0
2017-07-04,0.083,0.084,0.08,0.08,28403000,0
2017-07-05,0.079,0.08,0.079,0.08,18428000,0
2017-07-06,0.08,0.08,0.08,0.08,36190000,0
2017-07-07,0.08,0.08,0.077,0.078,10262000,0
2017-07-10,0.077,0.077,0.075,0.076,54304000,0
2017-07-11,0.076,0.077,0.076,0.077,12859000,0
2017-07-12,0.077,0.077,0.076,0.077,33341000,0
2017-07-13,0.08,0.084,0.08,0.082,19294000,0
2017-07-14,0.086,0.086,0.084,0.084,26359000,0
2017-07-17,0.087,0.087,0.081,0.082,7049000,0
2017-07-18,0.08,0.081,0.08,0.08,26052000,0
2017-07-19,0.082,0.083,0.082,0.083,34594000,0
2017-07-20,0.083,0.083,0.08,0.08,32893000,0
2017-07-21,0.08,0.08,0.078,0.078,12370000,0
2017-07-24,0.074,0.076,0.074,0.075,23426000,0
2017-07-25,0.075,0.075,0.074,0.074,28862000,0
2017-07-26,0.074,0.074,0.074,0.074,0,0
2017-07-27,0.073,0.076,0.073,0.076,22187000,0
2017-07-28,0.072,0.073,0.071,0.072,5126000,0
2017-07-31,0.071,0.077,0.071,0.077,102000,0
2017-08-01,0.079,0.079,0.079,0.079,100000,0
2017-08-02,0.077,0.077,0.077,0.077,100000,0
2017-08-03,0.077,0.077,0.077,0.077,0,0
2017-08-04,0.079,0.079,0.079,0.079,0,0
2017-08-07,0.079,0.079,0.079,0.079,0,0
2017-08-08,0.079,0.079,0.079,0.079,0,0
2017-08-09,0.076,0.076,0.076,0.076,0,0
2017-08-10,0.073,0.073,0.072,0.073,74000,0
2017-08-11,0.071,0.071,0.071,0.071,0,0
2017-08-14,0.07,0.07,0.07,0.07,3030000,0
2017-08-15,0.071,0.072,0.07,0.072,3380000,0
2017-08-16,0.073,0.073,0.072,0.073,215000,0
2017-08-17,0.072,0.072,0.072,0.072,30000,0
2017-08-18,0.07,0.07,0.07,0.07,36110000,0
2017-08-21,0.069,0.069,0.069,0.069,0,0
2017-08-22,0.07,0.07,0.068,0.068,3430000,0
2017-08-24,0.067,0.068,0.067,0.067,300000,0
2017-08-25,0.067,0.067,0.067,0.067,0,0
2017-08-28,0.069,0.077,0.069,0.077,3710000,0
2017-08-29,0.075,0.075,0.075,0.075,150000,0
2017-08-30,0.073,0.073,0.071,0.072,350000,0
2017-08-31,0.072,0.072,0.072,0.072,0,0
2017-09-01,0.072,0.072,0.072,0.072,30000,0
2017-09-04,0.072,0.072,0.071,0.071,200000,0
2017-09-05,0.07,0.07,0.07,0.07,0,0
2017-09-06,0.073,0.073,0.073,0.073,120000,0
2017-09-07,0.073,0.074,0.073,0.074,30000,0
2017-09-08,0.071,0.071,0.071,0.071,0,0
2017-09-11,0.071,0.071,0.071,0.071,0,0
2017-09-12,0.07,0.07,0.07,0.07,0,0
2017-09-13,0.069,0.069,0.068,0.068,260000,0
2017-09-14,0.069,0.069,0.069,0.069,0,0
2017-09-15,0.066,0.066,0.066,0.066,100000,0
2017-09-18,0.066,0.066,0.066,0.066,0,0
2017-09-19,0.065,0.065,0.065,0.065,150000,0
2017-09-20,0.065,0.065,0.065,0.065,2020000,0
2017-09-21,0.065,0.066,0.065,0.066,20000,0
2017-09-22,0.066,0.066,0.066,0.066,20000,0
2017-09-25,0.062,0.062,0.062,0.062,0,0
2017-09-26,0.063,0.063,0.063,0.063,0,0
2017-09-27,0.064,0.064,0.064,0.064,0,0
2017-09-28,0.064,0.064,0.064,0.064,200000,0
2017-09-29,0.064,0.064,0.063,0.064,2000000,0
2017-10-03,0.065,0.065,0.065,0.065,0,0
2017-10-04,0.069,0.077,0.069,0.076,7008000,0
2017-10-06,0.079,0.079,0.076,0.076,1510000,0
2017-10-09,0.072,0.073,0.07,0.073,800000,0
2017-10-10,0.076,0.078,0.075,0.078,1600000,0
2017-10-11,0.079,0.082,0.079,0.079,400000,0
2017-10-12,0.077,0.078,0.075,0.078,502000,0
2017-10-13,0.08,0.09,0.08,0.09,2016000,0
2017-10-16,0.091,0.091,0.087,0.088,641000,0
2017-10-17,0.085,0.085,0.082,0.083,1056000,0
2017-10-18,0.086,0.088,0.082,0.083,4056000,0
2017-10-19,0.083,0.083,0.076,0.076,382000,0
2017-10-20,0.077,0.079,0.075,0.079,3809000,0
2017-10-23,0.075,0.075,0.071,0.072,3379000,0
2017-10-24,0.071,0.071,0.07,0.07,412000,0
2017-10-25,0.07,0.073,0.07,0.073,541000,0
2017-10-26,0.078,0.091,0.078,0.089,3320000,0
2017-10-27,0.086,0.089,0.083,0.084,2823000,0
2017-10-30,0.093,0.101,0.092,0.095,5528000,0
2017-10-31,0.096,0.1,0.087,0.088,3140000,0
2017-11-01,0.089,0.089,0.082,0.083,3578000,0
2017-11-02,0.084,0.084,0.081,0.082,2680000,0
2017-11-03,0.083,0.083,0.081,0.082,1412000,0
2017-11-06,0.079,0.079,0.074,0.076,1879000,0
2017-11-07,0.078,0.08,0.078,0.08,1500000,0
2017-11-08,0.081,0.081,0.079,0.079,456000,0
2017-11-09,0.076,0.078,0.076,0.078,2366000,0
2017-11-10,0.074,0.074,0.071,0.072,7320000,0
2017-11-13,0.076,0.076,0.074,0.074,396000,0
2017-11-14,0.074,0.075,0.073,0.073,3900000,0
2017-11-15,0.068,0.068,0.066,0.066,3300000,0
2017-11-16,0.068,0.069,0.067,0.067,1956000,0
2017-11-17,0.068,0.068,0.062,0.062,3950000,0
2017-11-20,0.059,0.059,0.059,0.059,0,0
2017-11-21,0.06,0.062,0.055,0.056,6469000,0
2017-11-22,0.063,0.072,0.062,0.071,8362000,0
2017-11-23,0.07,0.073,0.063,0.063,2286000,0
2017-11-24,0.066,0.07,0.066,0.07,5202000,0
2017-11-27,0.071,0.071,0.069,0.069,200000,0
2017-11-28,0.064,0.066,0.064,0.064,3400000,0
2017-11-29,0.062,0.064,0.062,0.063,445000,0
2017-11-30,0.064,0.066,0.062,0.062,2119000,0
2017-12-01,0.06,0.061,0.059,0.061,3775000,0
2017-12-04,0.061,0.061,0.061,0.061,0,0
2017-12-05,0.062,0.062,0.062,0.062,0,0
2017-12-06,0.059,0.059,0.059,0.059,0,0
2017-12-07,0.058,0.058,0.058,0.058,0,0
2017-12-08,0.06,0.06,0.06,0.06,0,0
2017-12-11,0.07,0.076,0.07,0.074,5125000,0
2017-12-12,0.074,0.077,0.07,0.07,4223000,0
2017-12-13,0.067,0.078,0.067,0.076,10340000,0
2017-12-14,0.076,0.076,0.076,0.076,560000,0
2017-12-15,0.074,0.075,0.072,0.074,501000,0
2017-12-18,0.076,0.078,0.076,0.078,601000,0
2017-12-19,0.083,0.091,0.082,0.087,2797000,0
2017-12-20,0.09,0.094,0.088,0.09,5380000,0
2017-12-21,0.087,0.092,0.086,0.087,2250000,0
2017-12-22,0.088,0.088,0.088,0.088,100000,0
2017-12-27,0.099,0.105,0.096,0.098,6593000,0
2017-12-28,0.098,0.101,0.096,0.101,2422000,0
2017-12-29,0.099,0.111,0.099,0.106,5643000,0
2018-01-02,0.118,0.125,0.118,0.121,10010000,0
2018-01-03,0.123,0.128,0.114,0.118,10234000,0
2018-01-04,0.119,0.129,0.118,0.122,8086000,0
2018-01-05,0.126,0.127,0.112,0.113,13895000,0
2018-01-08,0.114,0.114,0.098,0.106,17077000,0
2018-01-09,0.102,0.102,0.094,0.094,14364000,0
2018-01-10,0.096,0.104,0.092,0.092,9123000,0
2018-01-11,0.091,0.097,0.09,0.096,5557000,0
2018-01-12,0.096,0.099,0.091,0.091,15269000,0
2018-01-15,0.092,0.092,0.074,0.076,10932000,0
2018-01-16,0.076,0.08,0.075,0.08,56308000,0
2018-01-17,0.079,0.079,0.073,0.078,28915000,0
2018-01-18,0.079,0.081,0.074,0.076,33226000,0
2018-01-19,0.08,0.083,0.074,0.076,12229000,0
2018-01-22,0.074,0.075,0.072,0.073,15450000,0
2018-01-23,0.072,0.08,0.071,0.08,14921000,0
2018-01-24,0.085,0.091,0.077,0.091,24989000,0
2018-01-25,0.094,0.094,0.082,0.082,32972000,0
2018-01-26,0.074,0.086,0.074,0.079,20369000,0
2018-01-29,0.083,0.083,0.074,0.074,1140000,0
2018-01-30,0.073,0.075,0.064,0.065,1954000,0
2018-01-31,0.06,0.066,0.06,0.066,210000,0
2018-02-01,0.074,0.074,0.066,0.066,1000000,0
2018-02-02,0.067,0.069,0.067,0.067,2000000,0
2018-02-05,0.06,0.061,0.053,0.061,872000,0
2018-02-06,0.048,0.057,0.048,0.057,5898000,0
2018-02-07,0.059,0.06,0.054,0.054,37000,0
2018-02-08,0.054,0.063,0.054,0.063,780000,0
2018-02-09,0.054,0.054,0.052,0.052,1350000,0
2018-02-12,0.055,0.058,0.055,0.058,400000,0
2018-02-13,0.063,0.063,0.059,0.059,343000,0
2018-02-14,0.059,0.059,0.059,0.059,100000,0
2018-02-15,0.059,0.059,0.059,0.059,0,0
2018-02-20,0.065,0.066,0.065,0.065,10000,0
2018-02-21,0.062,0.062,0.062,0.062,67000,0
2018-02-22,0.057,0.062,0.057,0.06,459000,0
2018-02-23,0.058,0.06,0.058,0.06,1800000,0
2018-02-26,0.061,0.061,0.061,0.061,133000,0
2018-02-27,0.057,0.057,0.057,0.057,50000,0
2018-02-28,0.055,0.055,0.054,0.055,2060000,0
2018-03-01,0.052,0.052,0.052,0.052,510000,0
2018-03-02,0.054,0.054,0.054,0.054,100000,0
2018-03-05,0.049,0.052,0.049,0.052,660000,0
2018-03-06,0.051,0.052,0.051,0.052,20000,0
2018-03-07,0.049,0.049,0.049,0.049,500000,0
2018-03-08,0.05,0.05,0.05,0.05,0,0
2018-03-09,0.05,0.05,0.05,0.05,200000,0
2018-03-12,0.051,0.051,0.051,0.051,100000,0
2018-03-13,0.051,0.051,0.051,0.051,0,0
2018-03-14,0.051,0.051,0.051,0.051,0,0
2018-03-15,0.048,0.048,0.046,0.048,1000000,0
2018-03-16,0.048,0.048,0.048,0.048,0,0
2018-03-19,0.047,0.047,0.047,0.047,190000,0
2018-03-20,0.045,0.045,0.045,0.045,10000,0
2018-03-21,0.045,0.045,0.045,0.045,290000,0
2018-03-22,0.046,0.046,0.042,0.042,700000,0
2018-03-23,0.036,0.037,0.036,0.037,1050000,0
2018-03-26,0.038,0.038,0.038,0.038,0,0
2018-03-27,0.04,0.04,0.04,0.04,100000,0
2018-03-28,0.038,0.038,0.038,0.038,0,0
2018-03-29,0.034,0.034,0.034,0.034,0,0
