Date,Open,High,Low,Close,Volume,OpenInt
2017-10-03,0.335,0.345,0.33,0.34,1440000,0
2017-10-04,0.325,0.325,0.315,0.315,1050000,0
2017-10-06,0.33,0.395,0.33,0.34,2600000,0
2017-10-09,0.375,0.395,0.37,0.39,1630000,0
2017-10-10,0.4,0.4,0.37,0.38,1420000,0
2017-10-11,0.395,0.41,0.39,0.41,660000,0
2017-10-12,0.4,0.4,0.375,0.375,1280000,0
2017-10-13,0.395,0.4,0.395,0.4,280000,0
2017-10-16,0.39,0.39,0.37,0.38,920000,0
2017-10-17,0.385,0.395,0.38,0.395,560000,0
2017-10-18,0.41,0.425,0.395,0.405,1300000,0
2017-10-19,0.405,0.45,0.405,0.45,660000,0
2017-10-20,0.415,0.43,0.38,0.39,1640000,0
2017-10-23,0.385,0.41,0.385,0.395,1260000,0
2017-10-24,0.385,0.39,0.375,0.385,2050000,0
2017-10-25,0.37,0.38,0.365,0.38,760000,0
2017-10-26,0.38,0.39,0.375,0.39,1980000,0
2017-10-27,0.395,0.435,0.39,0.43,2760000,0
2017-10-30,0.41,0.435,0.4,0.415,1800000,0
2017-10-31,0.42,0.42,0.37,0.37,1200000,0
2017-11-01,0.34,0.355,0.3,0.3,6810000,0
2017-11-02,0.3,0.32,0.3,0.32,1640000,0
2017-11-03,0.32,0.34,0.32,0.335,600000,0
2017-11-06,0.345,0.35,0.3,0.31,2960000,0
2017-11-07,0.29,0.295,0.26,0.27,1830000,0
2017-11-08,0.265,0.27,0.255,0.26,1120000,0
2017-11-09,0.237,0.25,0.232,0.244,7350000,0
2017-11-10,0.243,0.249,0.221,0.224,20320000,0
2017-11-13,0.227,0.246,0.222,0.234,12630000,0
2017-11-14,0.243,0.25,0.232,0.24,13260000,0
2017-11-15,0.246,0.26,0.225,0.255,10170000,0
2017-11-16,0.25,0.26,0.242,0.25,3890000,0
2017-11-17,0.246,0.255,0.235,0.25,7670000,0
2017-11-20,0.248,0.248,0.185,0.19,22290000,0
2017-11-21,0.194,0.2,0.175,0.188,24500000,0
2017-11-22,0.181,0.197,0.18,0.186,20720000,0
2017-11-23,0.186,0.203,0.179,0.199,14750000,0
2017-11-24,0.189,0.203,0.186,0.192,24370000,0
2017-11-27,0.188,0.188,0.165,0.179,26430000,0
2017-11-28,0.179,0.189,0.174,0.178,11320000,0
2017-11-29,0.173,0.187,0.171,0.186,14480000,0
2017-11-30,0.21,0.243,0.21,0.213,66080000,0
2017-12-01,0.196,0.198,0.173,0.189,41330000,0
2017-12-04,0.204,0.204,0.177,0.177,7390000,0
2017-12-05,0.19,0.212,0.183,0.212,8560000,0
2017-12-06,0.215,0.255,0.204,0.248,17020000,0
2017-12-07,0.227,0.265,0.206,0.209,20500000,0
2017-12-08,0.201,0.201,0.175,0.18,13570000,0
2017-12-11,0.152,0.163,0.148,0.157,12200000,0
2017-12-12,0.147,0.174,0.145,0.173,11690000,0
2017-12-13,0.162,0.163,0.117,0.118,22620000,0
2017-12-14,0.12,0.131,0.116,0.12,21630000,0
2017-12-15,0.128,0.128,0.101,0.107,17370000,0
2017-12-18,0.107,0.114,0.098,0.104,10150000,0
2017-12-19,0.099,0.104,0.092,0.099,8120000,0
2017-12-20,0.096,0.098,0.081,0.093,11510000,0
2017-12-21,0.098,0.098,0.087,0.088,16790000,0
2017-12-22,0.095,0.102,0.093,0.1,5830000,0
2017-12-27,0.1,0.111,0.097,0.101,7610000,0
2017-12-28,0.095,0.099,0.092,0.095,5290000,0
2017-12-29,0.086,0.088,0.079,0.085,4270000,0
2018-01-02,0.11,0.136,0.098,0.101,20480000,0
2018-01-03,0.092,0.096,0.076,0.094,12380000,0
2018-01-04,0.089,0.101,0.082,0.098,9760000,0
2018-01-05,0.101,0.113,0.097,0.107,4310000,0
2018-01-08,0.095,0.104,0.088,0.091,27300000,0
2018-01-09,0.089,0.093,0.07,0.073,14010000,0
2018-01-10,0.081,0.085,0.078,0.082,23400000,0
2018-01-11,0.087,0.09,0.079,0.084,18100000,0
2018-01-12,0.085,0.086,0.078,0.082,20020000,0
2018-01-15,0.069,0.069,0.05,0.057,47310000,0
2018-01-16,0.051,0.051,0.043,0.048,20740000,0
2018-01-17,0.045,0.058,0.045,0.045,16020000,0
2018-01-18,0.04,0.049,0.036,0.044,15920000,0
2018-01-19,0.041,0.043,0.039,0.042,3390000,0
2018-01-22,0.038,0.038,0.03,0.031,6910000,0
2018-01-23,0.021,0.024,0.021,0.024,6700000,0
2018-01-24,0.029,0.031,0.028,0.03,6600000,0
2018-01-25,0.033,0.034,0.029,0.034,10590000,0
2018-01-26,0.03,0.033,0.026,0.03,4230000,0
2018-01-29,0.027,0.03,0.022,0.028,14810000,0
2018-01-30,0.031,0.035,0.029,0.033,9880000,0
2018-01-31,0.031,0.031,0.025,0.027,11450000,0
2018-02-01,0.024,0.03,0.023,0.026,3450000,0
2018-02-02,0.023,0.042,0.023,0.031,11360000,0
2018-02-05,0.039,0.041,0.026,0.026,25800000,0
2018-02-06,0.036,0.054,0.033,0.054,16670000,0
2018-02-07,0.038,0.048,0.038,0.048,1260000,0
2018-02-08,0.041,0.042,0.036,0.036,4650000,0
2018-02-09,0.046,0.067,0.046,0.064,5900000,0
2018-02-12,0.062,0.071,0.052,0.071,7080000,0
2018-02-13,0.06,0.061,0.05,0.051,4960000,0
2018-02-14,0.046,0.054,0.041,0.041,5410000,0
2018-02-15,0.033,0.034,0.033,0.033,1300000,0
2018-02-20,0.033,0.033,0.026,0.026,3870000,0
2018-02-21,0.026,0.026,0.024,0.024,3020000,0
2018-02-22,0.023,0.026,0.023,0.026,4340000,0
2018-02-23,0.025,0.025,0.022,0.025,3280000,0
2018-02-26,0.018,0.019,0.018,0.018,800000,0
2018-02-27,0.014,0.016,0.014,0.016,1610000,0
2018-02-28,0.027,0.027,0.019,0.022,4270000,0
2018-03-01,0.02,0.024,0.02,0.021,3090000,0
2018-03-02,0.024,0.024,0.021,0.021,3700000,0
2018-03-05,0.023,0.03,0.023,0.029,2460000,0
2018-03-06,0.02,0.02,0.018,0.02,7300000,0
2018-03-07,0.018,0.023,0.018,0.023,2970000,0
2018-03-08,0.018,0.018,0.014,0.014,3600000,0
2018-03-09,0.01,0.012,0.01,0.01,6020000,0
2018-03-12,0.01,0.01,0.01,0.01,0,0
2018-03-13,0.01,0.01,0.01,0.01,0,0
2018-03-14,0.01,0.01,0.01,0.01,0,0
2018-03-15,0.01,0.01,0.01,0.01,0,0
2018-03-16,0.01,0.01,0.01,0.01,10000,0
2018-03-19,0.01,0.01,0.01,0.01,0,0
2018-03-20,0.01,0.01,0.01,0.01,0,0
2018-03-21,0.01,0.01,0.01,0.01,0,0
2018-03-22,0.01,0.01,0.01,0.01,0,0
2018-03-23,0.01,0.01,0.01,0.01,0,0
2018-03-26,0.01,0.01,0.01,0.01,0,0
2018-03-27,0.01,0.01,0.01,0.01,0,0
2018-03-28,0.01,0.01,0.01,0.01,0,0
2018-03-29,0.01,0.01,0.01,0.01,0,0
