Date,Open,High,Low,Close,Volume,OpenInt
2017-10-18,0.164,0.173,0.162,0.17,2412000,0
2017-10-19,0.174,0.176,0.15,0.15,4372000,0
2017-10-20,0.158,0.167,0.144,0.164,10688000,0
2017-10-23,0.145,0.148,0.145,0.148,340000,0
2017-10-24,0.15,0.165,0.15,0.154,1764000,0
2017-10-25,0.172,0.177,0.168,0.176,3880000,0
2017-10-26,0.166,0.169,0.166,0.168,1560000,0
2017-10-27,0.169,0.169,0.152,0.152,6640000,0
2017-10-30,0.142,0.148,0.142,0.142,1880000,0
2017-10-31,0.126,0.134,0.126,0.134,1272000,0
2017-11-01,0.147,0.147,0.143,0.143,680000,0
2017-11-02,0.136,0.136,0.133,0.136,200000,0
2017-11-03,0.126,0.126,0.123,0.124,1204000,0
2017-11-06,0.117,0.122,0.117,0.121,1000000,0
2017-11-07,0.123,0.134,0.122,0.128,1324000,0
2017-11-08,0.127,0.127,0.116,0.116,2360000,0
2017-11-09,0.111,0.115,0.102,0.11,7944000,0
2017-11-10,0.105,0.106,0.099,0.099,3892000,0
2017-11-13,0.093,0.095,0.09,0.095,3564000,0
2017-11-14,0.094,0.098,0.094,0.096,8000,0
2017-11-15,0.085,0.086,0.084,0.085,200000,0
2017-11-16,0.081,0.083,0.081,0.081,900000,0
2017-11-17,0.078,0.08,0.072,0.072,2848000,0
2017-11-20,0.075,0.075,0.069,0.07,204000,0
2017-11-21,0.066,0.077,0.066,0.077,1968000,0
2017-11-22,0.073,0.091,0.073,0.087,5362000,0
2017-11-23,0.093,0.093,0.087,0.087,450000,0
2017-11-24,0.088,0.093,0.088,0.088,1430000,0
2017-11-27,0.087,0.09,0.085,0.088,1798000,0
2017-11-28,0.078,0.083,0.077,0.083,804000,0
2017-11-29,0.09,0.092,0.09,0.092,500000,0
2017-11-30,0.087,0.093,0.086,0.09,400000,0
2017-12-01,0.093,0.098,0.093,0.093,180000,0
2017-12-04,0.095,0.1,0.094,0.094,8000,0
2017-12-05,0.091,0.091,0.091,0.091,0,0
2017-12-06,0.094,0.094,0.078,0.078,4964000,0
2017-12-07,0.071,0.079,0.07,0.075,1524000,0
2017-12-08,0.073,0.085,0.073,0.073,3012000,0
2017-12-11,0.071,0.074,0.069,0.07,3296000,0
2017-12-12,0.07,0.071,0.066,0.066,1840000,0
2017-12-13,0.063,0.063,0.057,0.06,204000,0
2017-12-14,0.07,0.074,0.068,0.068,252000,0
2017-12-15,0.062,0.064,0.061,0.062,520000,0
2017-12-18,0.059,0.06,0.059,0.059,400000,0
2017-12-19,0.057,0.058,0.056,0.056,240000,0
2017-12-20,0.056,0.056,0.056,0.056,0,0
2017-12-21,0.059,0.061,0.059,0.059,148000,0
2017-12-22,0.061,0.067,0.061,0.064,250000,0
2017-12-27,0.066,0.074,0.065,0.066,674000,0
2017-12-28,0.069,0.089,0.069,0.085,1308000,0
2017-12-29,0.073,0.076,0.073,0.074,226000,0
2018-01-02,0.103,0.133,0.103,0.116,2798000,0
2018-01-03,0.127,0.15,0.127,0.13,6206000,0
2018-01-04,0.125,0.142,0.119,0.142,4428000,0
2018-01-05,0.146,0.186,0.146,0.176,11292000,0
2018-01-08,0.22,0.27,0.22,0.27,5098000,0
2018-01-09,0.265,0.285,0.255,0.26,514000,0
2018-01-10,0.255,0.275,0.245,0.245,3532000,0
2018-01-11,0.25,0.265,0.232,0.25,10104000,0
2018-01-12,0.255,0.265,0.248,0.26,1566000,0
2018-01-15,0.255,0.255,0.191,0.195,12980000,0
2018-01-16,0.196,0.236,0.19,0.227,22064000,0
2018-01-17,0.211,0.211,0.193,0.195,11770000,0
2018-01-18,0.203,0.212,0.178,0.186,29340000,0
2018-01-19,0.21,0.28,0.203,0.26,24542000,0
2018-01-22,0.249,0.33,0.249,0.31,4788000,0
2018-01-23,0.34,0.38,0.3,0.355,212000,0
2018-01-24,0.35,0.35,0.35,0.35,0,0
2018-01-25,0.31,0.335,0.3,0.335,416000,0
2018-01-26,0.325,0.365,0.325,0.365,662000,0
2018-01-29,0.37,0.38,0.37,0.38,230000,0
2018-01-30,0.35,0.35,0.335,0.35,868000,0
2018-01-31,0.315,0.325,0.29,0.315,384000,0
2018-02-01,0.375,0.375,0.375,0.375,0,0
2018-02-02,0.35,0.355,0.35,0.355,110000,0
2018-02-05,0.295,0.34,0.285,0.34,952000,0
2018-02-06,0.213,0.213,0.213,0.213,0,0
2018-02-07,0.265,0.265,0.142,0.149,23174000,0
2018-02-08,0.157,0.173,0.141,0.147,16744000,0
2018-02-09,0.11,0.119,0.098,0.118,4870000,0
2018-02-12,0.138,0.138,0.119,0.119,360000,0
2018-02-13,0.129,0.136,0.129,0.129,1800000,0
2018-02-14,0.167,0.189,0.16,0.186,13192000,0
2018-02-15,0.22,0.22,0.22,0.22,0,0
2018-02-20,0.218,0.218,0.218,0.218,0,0
2018-02-21,0.218,0.218,0.218,0.218,0,0
2018-02-22,0.185,0.185,0.185,0.185,0,0
2018-02-23,0.214,0.222,0.202,0.213,12928000,0
2018-02-26,0.19,0.23,0.19,0.223,2360000,0
2018-02-27,0.238,0.238,0.199,0.208,2964000,0
2018-02-28,0.164,0.17,0.15,0.159,8752000,0
2018-03-01,0.162,0.172,0.162,0.168,1184000,0
2018-03-02,0.149,0.15,0.141,0.15,1880000,0
2018-03-05,0.198,0.198,0.16,0.161,1740000,0
2018-03-06,0.144,0.166,0.143,0.156,14084000,0
2018-03-07,0.142,0.168,0.14,0.14,3180000,0
2018-03-08,0.148,0.15,0.141,0.148,748000,0
2018-03-09,0.161,0.164,0.153,0.159,10188000,0
2018-03-12,0.177,0.182,0.164,0.167,14820000,0
2018-03-13,0.154,0.159,0.136,0.142,10814000,0
2018-03-14,0.128,0.138,0.123,0.138,4846000,0
2018-03-15,0.124,0.146,0.124,0.141,10856000,0
2018-03-16,0.128,0.158,0.128,0.145,32586000,0
2018-03-19,0.13,0.136,0.124,0.131,14636000,0
2018-03-20,0.116,0.127,0.11,0.119,14826000,0
2018-03-21,0.136,0.231,0.136,0.181,33948000,0
2018-03-22,0.215,0.221,0.182,0.189,14252000,0
2018-03-23,0.128,0.144,0.106,0.118,13664000,0
2018-03-26,0.114,0.121,0.083,0.092,18966000,0
2018-03-27,0.128,0.149,0.122,0.14,18026000,0
2018-03-28,0.126,0.133,0.095,0.099,16888000,0
2018-03-29,0.1,0.103,0.083,0.096,9946000,0
