Date,Open,High,Low,Close,Volume,OpenInt
2017-10-24,0.345,0.355,0.34,0.34,3920000,0
2017-10-25,0.355,0.355,0.355,0.355,0,0
2017-10-26,0.36,0.385,0.345,0.345,248000,0
2017-10-27,0.33,0.33,0.33,0.33,0,0
2017-10-30,0.345,0.345,0.325,0.325,336000,0
2017-10-31,0.325,0.325,0.325,0.325,0,0
2017-11-01,0.29,0.295,0.29,0.29,800000,0
2017-11-02,0.285,0.285,0.285,0.285,480000,0
2017-11-03,0.285,0.285,0.285,0.285,160000,0
2017-11-06,0.285,0.285,0.285,0.285,320000,0
2017-11-07,0.28,0.285,0.28,0.285,800000,0
2017-11-08,0.275,0.275,0.275,0.275,160000,0
2017-11-09,0.27,0.275,0.27,0.275,160000,0
2017-11-10,0.265,0.27,0.265,0.27,480000,0
2017-11-13,0.26,0.26,0.26,0.26,160000,0
2017-11-14,0.27,0.27,0.26,0.26,480000,0
2017-11-15,0.265,0.265,0.255,0.255,480000,0
2017-11-16,0.26,0.26,0.26,0.26,0,0
2017-11-17,0.265,0.27,0.265,0.265,640000,0
2017-11-20,0.255,0.27,0.248,0.265,1792000,0
2017-11-21,0.28,0.285,0.28,0.285,160000,0
2017-11-22,0.285,0.285,0.28,0.28,644000,0
2017-11-23,0.285,0.285,0.27,0.27,421000,0
2017-11-24,0.27,0.27,0.26,0.27,460000,0
2017-11-27,0.275,0.28,0.275,0.28,640000,0
2017-11-28,0.285,0.285,0.285,0.285,160000,0
2017-11-29,0.285,0.285,0.285,0.285,560000,0
2017-11-30,0.28,0.28,0.27,0.27,560000,0
2017-12-01,0.28,0.28,0.275,0.28,1540000,0
2017-12-04,0.27,0.275,0.27,0.275,3500000,0
2017-12-05,0.29,0.295,0.285,0.285,480000,0
2017-12-06,0.275,0.275,0.255,0.26,1044000,0
2017-12-07,0.265,0.265,0.255,0.255,1381000,0
2017-12-08,0.255,0.26,0.248,0.248,948000,0
2017-12-11,0.26,0.275,0.26,0.275,3121000,0
2017-12-12,0.28,0.28,0.275,0.275,480000,0
2017-12-13,0.27,0.275,0.27,0.27,480000,0
2017-12-14,0.275,0.29,0.275,0.285,1120000,0
2017-12-15,0.29,0.295,0.28,0.28,488000,0
2017-12-18,0.29,0.29,0.29,0.29,48000,0
2017-12-19,0.295,0.295,0.295,0.295,0,0
2017-12-20,0.305,0.305,0.29,0.295,960000,0
2017-12-21,0.3,0.325,0.3,0.315,420000,0
2017-12-22,0.315,0.315,0.315,0.315,0,0
2017-12-27,0.315,0.315,0.315,0.315,0,0
2017-12-28,0.31,0.31,0.31,0.31,0,0
2017-12-29,0.315,0.315,0.315,0.315,0,0
2018-01-02,0.32,0.32,0.305,0.315,1463000,0
2018-01-03,0.315,0.315,0.315,0.315,2000,0
2018-01-04,0.335,0.335,0.335,0.335,280000,0
2018-01-05,0.32,0.325,0.32,0.325,540000,0
2018-01-08,0.325,0.325,0.305,0.305,1740000,0
2018-01-09,0.3,0.3,0.3,0.3,97000,0
2018-01-10,0.31,0.31,0.305,0.31,440000,0
2018-01-11,0.31,0.315,0.31,0.315,600000,0
2018-01-12,0.325,0.325,0.325,0.325,0,0
2018-01-15,0.355,0.355,0.335,0.335,50000,0
2018-01-16,0.33,0.345,0.325,0.325,1986000,0
2018-01-17,0.325,0.325,0.315,0.325,400000,0
2018-01-18,0.335,0.335,0.335,0.335,0,0
2018-01-19,0.28,0.285,0.28,0.285,50000,0
2018-01-22,0.29,0.29,0.29,0.29,0,0
2018-01-23,0.29,0.29,0.29,0.29,2000,0
2018-01-24,0.29,0.29,0.285,0.285,872000,0
2018-01-25,0.285,0.285,0.275,0.275,690000,0
2018-01-26,0.265,0.265,0.26,0.26,898000,0
2018-01-29,0.27,0.27,0.26,0.26,50000,0
2018-01-30,0.255,0.255,0.255,0.255,472000,0
2018-01-31,0.26,0.27,0.26,0.26,888000,0
2018-02-01,0.26,0.26,0.255,0.26,1460000,0
2018-02-02,0.26,0.26,0.255,0.26,382000,0
2018-02-05,0.249,0.25,0.247,0.25,360000,0
2018-02-06,0.224,0.227,0.199,0.206,6288000,0
2018-02-07,0.222,0.225,0.197,0.197,9200000,0
2018-02-08,0.199,0.206,0.197,0.197,12836000,0
2018-02-09,0.181,0.183,0.161,0.161,1178000,0
2018-02-12,0.169,0.185,0.169,0.173,6330000,0
2018-02-13,0.189,0.195,0.184,0.189,14798000,0
2018-02-14,0.19,0.202,0.19,0.198,7540000,0
2018-02-15,0.204,0.204,0.204,0.204,0,0
2018-02-20,0.203,0.203,0.202,0.203,400000,0
2018-02-21,0.202,0.202,0.202,0.202,0,0
2018-02-22,0.199,0.199,0.185,0.185,6828000,0
2018-02-23,0.188,0.194,0.188,0.194,2000000,0
2018-02-26,0.194,0.204,0.194,0.202,850000,0
2018-02-27,0.208,0.213,0.196,0.196,2880000,0
2018-02-28,0.191,0.191,0.187,0.19,3254000,0
2018-03-01,0.188,0.191,0.187,0.191,3600000,0
2018-03-02,0.182,0.187,0.182,0.186,1633000,0
2018-03-05,0.182,0.182,0.175,0.175,2511000,0
2018-03-06,0.178,0.189,0.178,0.189,956000,0
2018-03-07,0.184,0.184,0.172,0.173,3405000,0
2018-03-08,0.178,0.2,0.177,0.198,8040000,0
2018-03-09,0.192,0.195,0.189,0.189,2916000,0
2018-03-12,0.199,0.21,0.197,0.205,1920000,0
2018-03-13,0.208,0.212,0.203,0.209,4240000,0
2018-03-14,0.21,0.21,0.2,0.202,3720000,0
2018-03-15,0.195,0.205,0.192,0.194,4480000,0
2018-03-16,0.202,0.21,0.202,0.206,2640000,0
2018-03-19,0.207,0.223,0.204,0.214,1976000,0
2018-03-20,0.216,0.236,0.215,0.236,3680000,0
2018-03-21,0.234,0.234,0.209,0.209,5040000,0
2018-03-22,0.204,0.204,0.196,0.196,2060000,0
2018-03-23,0.177,0.183,0.163,0.166,5430000,0
2018-03-26,0.19,0.21,0.188,0.208,1900000,0
2018-03-27,0.228,0.228,0.224,0.228,680000,0
2018-03-28,0.238,0.25,0.236,0.246,3640000,0
2018-03-29,0.225,0.233,0.214,0.214,4620000,0
