Date,Open,High,Low,Close,Volume,OpenInt
2017-11-24,0.53,0.55,0.51,0.51,80000,0
2017-11-27,0.52,0.53,0.44,0.44,240000,0
2017-11-28,0.54,0.54,0.54,0.54,0,0
2017-11-29,0.56,0.66,0.56,0.65,304000,0
2017-11-30,0.58,0.58,0.54,0.54,40000,0
2017-12-01,0.52,0.52,0.495,0.495,40000,0
2017-12-04,0.49,0.51,0.49,0.49,40000,0
2017-12-05,0.465,0.48,0.455,0.455,320000,0
2017-12-06,0.34,0.34,0.27,0.295,240000,0
2017-12-07,0.26,0.265,0.255,0.265,240000,0
2017-12-08,0.27,0.325,0.27,0.325,240000,0
2017-12-11,0.355,0.38,0.355,0.37,128000,0
2017-12-12,0.38,0.385,0.33,0.33,80000,0
2017-12-13,0.33,0.35,0.325,0.35,320000,0
2017-12-14,0.35,0.35,0.35,0.35,0,0
2017-12-15,0.265,0.265,0.265,0.265,0,0
2017-12-18,0.265,0.265,0.265,0.265,0,0
2017-12-19,0.28,0.28,0.28,0.28,0,0
2017-12-20,0.26,0.26,0.242,0.242,320000,0
2017-12-21,0.265,0.28,0.265,0.28,160000,0
2017-12-22,0.285,0.315,0.285,0.305,480000,0
2017-12-27,0.33,0.34,0.305,0.305,480000,0
2017-12-28,0.32,0.32,0.32,0.32,0,0
2017-12-29,0.32,0.37,0.32,0.37,160000,0
2018-01-02,0.45,0.485,0.435,0.485,480000,0
2018-01-03,0.51,0.61,0.51,0.6,320000,0
2018-01-04,0.59,0.65,0.59,0.65,320000,0
2018-01-05,0.64,0.67,0.64,0.65,380000,0
2018-01-08,0.78,0.92,0.78,0.87,2652000,0
2018-01-09,0.84,0.84,0.75,0.79,1840000,0
2018-01-10,0.74,0.85,0.74,0.79,806000,0
2018-01-11,0.67,0.67,0.51,0.52,2056000,0
2018-01-12,0.57,0.64,0.55,0.6,154000,0
2018-01-15,0.66,0.66,0.53,0.53,370000,0
2018-01-16,0.59,0.59,0.56,0.57,630000,0
2018-01-17,0.58,0.61,0.54,0.54,818000,0
2018-01-18,0.5,0.5,0.465,0.48,130000,0
2018-01-19,0.52,0.56,0.51,0.51,1092000,0
2018-01-22,0.56,0.56,0.56,0.56,20000,0
2018-01-23,0.6,0.65,0.6,0.64,30000,0
2018-01-24,0.6,0.61,0.6,0.61,20000,0
2018-01-25,0.68,0.7,0.65,0.68,30000,0
2018-01-26,0.72,0.72,0.72,0.72,20000,0
2018-01-29,0.83,0.83,0.83,0.83,0,0
2018-01-30,0.78,0.78,0.78,0.78,0,0
2018-01-31,0.69,0.73,0.65,0.7,176000,0
2018-02-01,0.74,0.76,0.66,0.66,72000,0
2018-02-02,0.63,0.77,0.63,0.77,40000,0
2018-02-05,0.7,0.72,0.64,0.64,84000,0
2018-02-06,0.52,0.52,0.365,0.365,60000,0
2018-02-07,0.455,0.455,0.3,0.3,22000,0
2018-02-08,0.285,0.285,0.26,0.265,174000,0
2018-02-09,0.156,0.156,0.151,0.156,20000,0
2018-02-12,0.167,0.167,0.167,0.167,0,0
2018-02-13,0.222,0.222,0.201,0.201,50000,0
2018-02-14,0.235,0.235,0.235,0.235,0,0
2018-02-15,0.27,0.28,0.27,0.28,30000,0
2018-02-20,0.246,0.31,0.246,0.295,46000,0
2018-02-21,0.315,0.355,0.315,0.355,4000,0
2018-02-22,0.33,0.36,0.31,0.31,204000,0
2018-02-23,0.355,0.4,0.355,0.39,114000,0
2018-02-26,0.45,0.45,0.375,0.375,64000,0
2018-02-27,0.29,0.31,0.29,0.29,10000,0
2018-02-28,0.3,0.3,0.3,0.3,14000,0
2018-03-01,0.31,0.325,0.3,0.32,120000,0
2018-03-02,0.265,0.265,0.265,0.265,0,0
2018-03-05,0.164,0.164,0.164,0.164,0,0
2018-03-06,0.195,0.195,0.184,0.193,500000,0
2018-03-07,0.178,0.188,0.159,0.159,366000,0
2018-03-08,0.159,0.176,0.159,0.175,200000,0
2018-03-09,0.183,0.244,0.183,0.244,598000,0
2018-03-12,0.325,0.325,0.325,0.325,0,0
2018-03-13,0.375,0.375,0.32,0.32,10000,0
2018-03-14,0.4,0.41,0.4,0.4,2000,0
2018-03-15,0.41,0.41,0.41,0.41,50000,0
2018-03-16,0.43,0.43,0.405,0.405,62000,0
2018-03-19,0.33,0.33,0.33,0.33,0,0
2018-03-20,0.315,0.315,0.315,0.315,0,0
2018-03-21,0.255,0.255,0.255,0.255,0,0
2018-03-22,0.216,0.216,0.216,0.216,0,0
2018-03-23,0.14,0.17,0.131,0.131,256000,0
2018-03-26,0.139,0.203,0.111,0.203,358000,0
2018-03-27,0.27,0.27,0.239,0.27,244000,0
2018-03-28,0.25,0.25,0.232,0.232,108000,0
2018-03-29,0.255,0.355,0.226,0.34,1600000,0
