Date,Open,High,Low,Close,Volume,OpenInt
2017-11-28,0.187,0.25,0.186,0.25,12700000,0
2017-11-29,0.249,0.249,0.221,0.225,13300000,0
2017-11-30,0.194,0.198,0.179,0.18,13670000,0
2017-12-01,0.192,0.203,0.148,0.154,34150000,0
2017-12-04,0.139,0.201,0.138,0.176,32110000,0
2017-12-05,0.173,0.178,0.15,0.15,15260000,0
2017-12-06,0.162,0.163,0.096,0.104,41430000,0
2017-12-07,0.115,0.132,0.103,0.125,23030000,0
2017-12-08,0.138,0.177,0.137,0.173,6360000,0
2017-12-11,0.176,0.211,0.164,0.211,1760000,0
2017-12-12,0.169,0.19,0.166,0.19,1600000,0
2017-12-13,0.179,0.203,0.178,0.202,1840000,0
2017-12-14,0.202,0.202,0.181,0.188,2380000,0
2017-12-15,0.174,0.174,0.158,0.158,3920000,0
2017-12-18,0.163,0.163,0.148,0.149,480000,0
2017-12-19,0.175,0.201,0.175,0.196,3235000,0
2017-12-20,0.199,0.213,0.187,0.187,1500000,0
2017-12-21,0.195,0.229,0.195,0.228,1115000,0
2017-12-22,0.234,0.234,0.223,0.229,685000,0
2017-12-27,0.198,0.198,0.169,0.176,960000,0
2017-12-28,0.19,0.192,0.189,0.189,80000,0
2017-12-29,0.201,0.201,0.184,0.185,80000,0
2018-01-02,0.191,0.244,0.191,0.244,2610000,0
2018-01-03,0.255,0.255,0.209,0.219,915000,0
2018-01-04,0.207,0.227,0.205,0.215,7300000,0
2018-01-05,0.199,0.199,0.181,0.183,850000,0
2018-01-08,0.177,0.177,0.156,0.17,810000,0
2018-01-09,0.176,0.221,0.175,0.219,1410000,0
2018-01-10,0.203,0.203,0.193,0.193,535000,0
2018-01-11,0.19,0.19,0.189,0.189,100000,0
2018-01-12,0.195,0.239,0.194,0.236,1990000,0
2018-01-15,0.26,0.32,0.249,0.275,1342690000,0
2018-01-16,0.3,0.335,0.295,0.325,1984440000,0
2018-01-17,0.325,0.325,0.275,0.295,2200455000,0
2018-01-18,0.36,0.39,0.32,0.37,2331610000,0
2018-01-19,0.385,0.39,0.345,0.38,1615175000,0
2018-01-22,0.345,0.47,0.345,0.45,31495000,0
2018-01-23,0.52,0.58,0.455,0.5,63160000,0
2018-01-24,0.5,0.51,0.45,0.46,9510000,0
2018-01-25,0.395,0.42,0.345,0.35,18625000,0
2018-01-26,0.39,0.435,0.35,0.395,7210000,0
2018-01-29,0.405,0.405,0.32,0.335,6805000,0
2018-01-30,0.32,0.36,0.31,0.31,2675000,0
2018-01-31,0.32,0.355,0.305,0.355,4920000,0
2018-02-01,0.36,0.36,0.305,0.31,2170000,0
2018-02-02,0.295,0.315,0.29,0.3,710000,0
2018-02-05,0.209,0.275,0.206,0.26,7070000,0
2018-02-06,0.19,0.215,0.151,0.155,13700000,0
2018-02-07,0.207,0.215,0.13,0.13,9625000,0
2018-02-08,0.122,0.136,0.102,0.117,4790000,0
2018-02-09,0.069,0.083,0.06,0.072,11710000,0
2018-02-12,0.078,0.078,0.066,0.072,5270000,0
2018-02-13,0.084,0.104,0.084,0.098,6035000,0
2018-02-14,0.1,0.122,0.1,0.122,780000,0
2018-02-15,0.14,0.15,0.138,0.141,3315000,0
2018-02-20,0.142,0.142,0.112,0.123,7310000,0
2018-02-21,0.123,0.13,0.123,0.13,1905000,0
2018-02-22,0.11,0.122,0.108,0.11,500000,0
2018-02-23,0.121,0.136,0.108,0.118,11385000,0
2018-02-26,0.142,0.161,0.13,0.14,7660000,0
2018-02-27,0.142,0.142,0.113,0.118,1995000,0
2018-02-28,0.112,0.112,0.09,0.096,1765000,0
2018-03-01,0.094,0.096,0.08,0.09,3760000,0
2018-03-02,0.086,0.088,0.08,0.082,1120000,0
2018-03-05,0.082,0.082,0.05,0.054,1890000,0
2018-03-06,0.065,0.069,0.065,0.067,1280000,0
2018-03-07,0.065,0.067,0.048,0.05,505000,0
2018-03-08,0.054,0.063,0.054,0.063,785000,0
2018-03-09,0.063,0.063,0.063,0.063,180000,0
2018-03-12,0.07,0.074,0.07,0.074,2485000,0
2018-03-13,0.072,0.075,0.065,0.068,860000,0
2018-03-14,0.064,0.064,0.064,0.064,0,0
2018-03-15,0.064,0.093,0.064,0.093,4460000,0
2018-03-16,0.1,0.118,0.086,0.105,1860000,0
2018-03-19,0.113,0.138,0.113,0.137,4255000,0
2018-03-20,0.137,0.137,0.11,0.118,2240000,0
2018-03-21,0.152,0.16,0.078,0.078,4890000,0
2018-03-22,0.078,0.092,0.056,0.066,2825000,0
2018-03-23,0.024,0.04,0.024,0.032,8300000,0
2018-03-26,0.029,0.03,0.029,0.03,1965000,0
2018-03-27,0.03,0.03,0.02,0.028,1815000,0
2018-03-28,0.015,0.018,0.015,0.017,1085000,0
2018-03-29,0.016,0.016,0.01,0.016,835000,0
