Date,Open,High,Low,Close,Volume,OpenInt
2017-11-30,0.167,0.167,0.166,0.166,20000,0
2017-12-01,0.172,0.172,0.17,0.172,1000000,0
2017-12-04,0.163,0.163,0.163,0.163,0,0
2017-12-05,0.179,0.179,0.179,0.179,0,0
2017-12-06,0.218,0.218,0.218,0.218,0,0
2017-12-07,0.212,0.212,0.212,0.212,0,0
2017-12-08,0.187,0.187,0.187,0.187,10000,0
2017-12-11,0.17,0.17,0.17,0.17,0,0
2017-12-12,0.178,0.178,0.178,0.178,0,0
2017-12-13,0.152,0.153,0.151,0.152,400000,0
2017-12-14,0.152,0.155,0.152,0.154,1560000,0
2017-12-15,0.166,0.176,0.165,0.169,46800000,0
2017-12-18,0.166,0.169,0.152,0.156,20820000,0
2017-12-19,0.146,0.149,0.139,0.143,8610000,0
2017-12-20,0.146,0.146,0.138,0.139,2470000,0
2017-12-21,0.141,0.142,0.134,0.134,1150000,0
2017-12-22,0.132,0.132,0.126,0.126,500000,0
2017-12-27,0.122,0.122,0.122,0.122,0,0
2017-12-28,0.117,0.117,0.112,0.112,600000,0
2017-12-29,0.113,0.114,0.111,0.111,700000,0
2018-01-02,0.094,0.095,0.091,0.091,1940000,0
2018-01-03,0.087,0.089,0.083,0.087,134250000,0
2018-01-04,0.086,0.086,0.079,0.082,37330000,0
2018-01-05,0.078,0.081,0.075,0.076,114320000,0
2018-01-08,0.075,0.075,0.074,0.074,200000,0
2018-01-09,0.07,0.073,0.066,0.068,103280000,0
2018-01-10,0.068,0.068,0.059,0.063,170460000,0
2018-01-11,0.064,0.066,0.062,0.063,8890000,0
2018-01-12,0.056,0.059,0.054,0.054,37610000,0
2018-01-15,0.048,0.057,0.046,0.054,162560000,0
2018-01-16,0.054,0.054,0.041,0.041,163600000,0
2018-01-17,0.047,0.05,0.043,0.046,3760000,0
2018-01-18,0.04,0.046,0.039,0.041,3410000,0
2018-01-19,0.049,0.049,0.045,0.046,620000,0
2018-01-22,0.045,0.045,0.041,0.041,7600000,0
2018-01-23,0.039,0.039,0.035,0.036,2840000,0
2018-01-24,0.038,0.041,0.036,0.036,4380000,0
2018-01-25,0.04,0.04,0.038,0.039,400000,0
2018-01-26,0.04,0.04,0.034,0.034,740000,0
2018-01-29,0.033,0.039,0.032,0.039,67360000,0
2018-01-30,0.044,0.051,0.041,0.048,47690000,0
2018-01-31,0.058,0.059,0.039,0.042,19060000,0
2018-02-01,0.038,0.042,0.036,0.042,2900000,0
2018-02-02,0.042,0.043,0.039,0.039,1020000,0
2018-02-05,0.058,0.058,0.041,0.043,10690000,0
2018-02-06,0.061,0.106,0.061,0.103,94020000,0
2018-02-07,0.103,0.109,0.059,0.109,24270000,0
2018-02-08,0.106,0.111,0.091,0.106,23300000,0
2018-02-09,0.145,0.177,0.145,0.162,33940000,0
2018-02-12,0.142,0.148,0.137,0.148,6680000,0
2018-02-13,0.124,0.127,0.112,0.126,16590000,0
2018-02-14,0.116,0.118,0.091,0.094,11100000,0
2018-02-15,0.081,0.086,0.075,0.076,8380000,0
2018-02-20,0.077,0.086,0.067,0.079,94450000,0
2018-02-21,0.079,0.079,0.066,0.066,22100000,0
2018-02-22,0.075,0.078,0.07,0.075,23230000,0
2018-02-23,0.069,0.071,0.063,0.067,8370000,0
2018-02-26,0.056,0.062,0.055,0.057,10930000,0
2018-02-27,0.05,0.063,0.049,0.062,17090000,0
2018-02-28,0.072,0.078,0.07,0.077,14140000,0
2018-03-01,0.085,0.09,0.068,0.07,9770000,0
2018-03-02,0.09,0.093,0.088,0.091,17680000,0
2018-03-05,0.093,0.117,0.089,0.116,24320000,0
2018-03-06,0.091,0.103,0.086,0.089,26250000,0
2018-03-07,0.095,0.105,0.084,0.099,28410000,0
2018-03-08,0.089,0.093,0.08,0.082,29140000,0
2018-03-09,0.07,0.071,0.067,0.068,32030000,0
2018-03-12,0.053,0.055,0.049,0.049,39800000,0
2018-03-13,0.049,0.049,0.046,0.049,22620000,0
2018-03-14,0.052,0.056,0.048,0.048,34870000,0
2018-03-15,0.055,0.055,0.043,0.043,35170000,0
2018-03-16,0.05,0.052,0.046,0.048,16190000,0
2018-03-19,0.051,0.056,0.043,0.046,34270000,0
2018-03-20,0.048,0.052,0.04,0.043,37870000,0
2018-03-21,0.038,0.047,0.035,0.047,38580000,0
2018-03-22,0.045,0.059,0.041,0.058,54800000,0
2018-03-23,0.081,0.102,0.075,0.09,86430000,0
2018-03-26,0.09,0.102,0.081,0.082,107790000,0
2018-03-27,0.06,0.071,0.06,0.068,11440000,0
2018-03-28,0.078,0.1,0.072,0.099,31360000,0
2018-03-29,0.09,0.115,0.082,0.101,46700000,0
