Date,Open,High,Low,Close,Volume,OpenInt
2018-01-09,0.58,0.58,0.58,0.58,120000,0
2018-01-10,0.57,0.57,0.57,0.57,120000,0
2018-01-11,0.55,0.55,0.55,0.55,60000,0
2018-01-12,0.55,0.55,0.55,0.55,60000,0
2018-01-15,0.55,0.56,0.55,0.56,85000,0
2018-01-16,0.56,0.56,0.55,0.55,20000,0
2018-01-17,0.55,0.55,0.55,0.55,0,0
2018-01-18,0.56,0.56,0.56,0.56,60000,0
2018-01-19,0.56,0.56,0.56,0.56,30000,0
2018-01-22,0.56,0.56,0.56,0.56,0,0
2018-01-23,0.55,0.55,0.55,0.55,35000,0
2018-01-24,0.54,0.54,0.54,0.54,10000,0
2018-01-25,0.56,0.56,0.56,0.56,35000,0
2018-01-26,0.56,0.56,0.56,0.56,0,0
2018-01-29,0.57,0.57,0.57,0.57,0,0
2018-01-30,0.6,0.6,0.6,0.6,0,0
2018-01-31,0.68,0.68,0.68,0.68,50000,0
2018-02-01,0.67,0.67,0.67,0.67,0,0
2018-02-02,0.67,0.67,0.67,0.67,0,0
2018-02-05,0.62,0.62,0.62,0.62,0,0
2018-02-06,0.58,0.58,0.58,0.58,0,0
2018-02-07,0.56,0.56,0.56,0.56,0,0
2018-02-08,0.55,0.55,0.55,0.55,0,0
2018-02-09,0.54,0.54,0.54,0.54,0,0
2018-02-12,0.53,0.53,0.53,0.53,0,0
2018-02-13,0.51,0.51,0.51,0.51,0,0
2018-02-14,0.6,0.6,0.6,0.6,0,0
2018-02-15,0.6,0.6,0.6,0.6,0,0
2018-02-20,0.6,0.6,0.6,0.6,0,0
2018-02-21,0.6,0.6,0.6,0.6,0,0
2018-02-22,0.6,0.6,0.6,0.6,0,0
2018-02-23,0.6,0.6,0.6,0.6,0,0
2018-02-26,0.63,0.63,0.63,0.63,0,0
2018-02-27,0.63,0.63,0.63,0.63,0,0
2018-02-28,0.62,0.62,0.62,0.62,0,0
2018-03-01,0.62,0.62,0.62,0.62,0,0
2018-03-02,0.69,0.69,0.69,0.69,0,0
2018-03-05,0.67,0.67,0.67,0.67,0,0
2018-03-06,0.67,0.67,0.67,0.67,0,0
2018-03-07,0.67,0.67,0.67,0.67,0,0
2018-03-08,0.68,0.68,0.68,0.68,0,0
2018-03-09,0.68,0.68,0.68,0.68,0,0
2018-03-12,0.7,0.7,0.7,0.7,0,0
2018-03-13,0.7,0.7,0.7,0.7,0,0
2018-03-14,0.71,0.71,0.71,0.71,0,0
2018-03-15,0.71,0.71,0.71,0.71,0,0
2018-03-16,0.9,0.9,0.9,0.9,0,0
2018-03-19,0.9,0.9,0.9,0.9,0,0
2018-03-20,0.9,0.9,0.9,0.9,0,0
2018-03-21,0.9,0.9,0.9,0.9,0,0
2018-03-22,0.9,0.9,0.9,0.9,0,0
2018-03-23,0.9,0.9,0.9,0.9,0,0
2018-03-26,0.9,0.9,0.9,0.9,0,0
2018-03-27,0.9,0.9,0.9,0.9,0,0
2018-03-28,0.9,0.9,0.9,0.9,0,0
2018-03-29,0.9,0.9,0.9,0.9,0,0
