Date,Open,High,Low,Close,Volume,OpenInt
2015-03-04,635,657.5,600,623.5,123123,0
2015-03-05,625,626.5,512,587,301931,0
2015-03-06,561,589.5,525,578.5,121676,0
2015-03-09,580,580,550,565,38839,0
2015-03-10,581,633,581,608.5,122498,0
2015-03-11,598,636,585,605.5,58816,0
2015-03-12,620.5,634.5,600,619.5,69911,0
2015-03-13,625,650,620,640,104833,0
2015-03-16,644.5,670,640,657,139878,0
2015-03-17,646.5,658,617.5,633,41380,0
2015-03-18,650,670,641.5,664,125321,0
2015-03-19,665,674,648,668.5,136806,0
2015-03-20,666,693,665,693,568563,0
2015-03-23,680,710,675,708,119041,0
2015-03-24,703.5,712.5,690,690,88619,0
2015-03-25,680,700,648.5,700,154268,0
2015-03-26,680,703,656,700,116592,0
2015-03-27,700,700,665,691,59382,0
2015-03-30,695,700,662.5,690,141361,0
2015-03-31,694,695,680,695,82261,0
2015-04-01,697.5,698,671,685,65651,0
2015-04-02,690,694,676.5,688,70476,0
2015-04-07,688,695,668.33,680.5,85642,0
2015-04-08,695,695,680,690,154568,0
2015-04-09,690,695,676,695,114768,0
2015-04-10,695,725,685,724,341764,0
2015-04-13,725,725,709.5,725,93061,0
2015-04-14,715,722.5,700,705.4,250637,0
2015-04-15,709,709,690,700,52258,0
2015-04-16,690,700,678.5,697.5,171651,0
2015-04-17,684.5,700,654.5,664.5,77743,0
2015-04-20,657.5,777.5,653.38,677.5,72694,0
2015-04-21,682,690,660,687.5,40039,0
2015-04-22,673.5,698,655,678,63500,0
2015-04-23,675,701,674,691.5,59458,0
2015-04-24,690,701,678.75,694.5,195678,0
2015-04-27,690,700,683,698,58818,0
2015-04-28,687,696.63,668,677,100748,0
2015-04-29,656,678,644.8,665,144877,0
2015-04-30,678,678,650,653,201585,0
2015-05-01,660,660,596.25,635,137049,0
2015-05-05,650,655,589.5,642.5,175767,0
2015-05-06,630,645,615.5,620,111103,0
2015-05-07,606,612.95,576,590,159064,0
2015-05-08,606.5,622.5,590,616,135509,0
2015-05-11,629,633.5,590,631.5,61453,0
2015-05-12,615,634.1,615,629,45518,0
2015-05-13,622,633,622,629,31125,0
2015-05-14,625,628.5,620,621,49948,0
2015-05-15,625,627,611.95,619,95727,0
2015-05-18,624,644,620,636.5,38526,0
2015-05-19,649,650,630.5,650,38645,0
2015-05-20,591,618,565,595,1486588,0
2015-05-21,595,600,580,587.5,233597,0
2015-05-22,585,609.63,572,604,366436,0
2015-05-26,596.3,602.5,590,601.5,204968,0
2015-05-27,591,613,591,606,258531,0
2015-05-28,601.5,615,587.5,612,221883,0
2015-05-29,606,620,606,615,2721113,0
2015-06-01,607,626.5,607,615,151147,0
2015-06-02,625,625,610,615.5,114864,0
2015-06-03,613,625,602.5,611,117276,0
2015-06-04,614,619.5,599,599,389798,0
2015-06-05,599,615,598.5,600.5,259425,0
2015-06-08,596,603.5,590.63,597,130706,0
2015-06-09,604,604,597,600,147952,0
2015-06-10,605,605,594.5,599.5,81699,0
2015-06-11,599.5,599.5,593.5,595,117081,0
2015-06-12,595,598,589,591.5,90536,0
2015-06-15,581,591.15,561.5,561.5,165277,0
2015-06-16,556,556,536.5,545,302437,0
2015-06-17,542,553.5,542,546.5,94251,0
2015-06-18,544,552,544,550,100952,0
2015-06-19,546,583.5,545,578,681412,0
2015-06-22,564,571.5,547.5,571.5,154492,0
2015-06-23,570,579.5,555,570,72936,0
2015-06-24,565,565,556.5,558.5,75695,0
2015-06-25,567,567,541.5,551,152555,0
2015-06-26,547,547,535,538.5,81195,0
2015-06-29,523.5,540,508.5,535,103376,0
2015-06-30,529,545,529,543,116528,0
2015-07-01,539,559.25,539,551,134239,0
2015-07-02,546,560,545.5,556.5,127285,0
2015-07-03,558,570,550,557,64571,0
2015-07-06,549.5,563,541.26,563,72236,0
2015-07-07,559,559.5,548.5,559.5,134110,0
2015-07-08,546,560,546,556,119127,0
2015-07-09,557,558.5,533,535,74003,0
2015-07-10,536,540,533,537.5,88175,0
2015-07-13,535,539,532,534.5,79116,0
2015-07-14,546,546,515.5,522,124535,0
2015-07-15,525,526.5,491,510,203222,0
2015-07-16,500,503.5,470.4,500,279777,0
2015-07-17,504,504,481.6,491.2,79340,0
2015-07-20,497.9,498,483.8,491.4,108004,0
2015-07-21,497.4,497.59,482.4,487.7,35507,0
2015-07-22,490,493.2,481.68,491.5,58638,0
2015-07-23,492.7,499,488.4,494.1,50902,0
2015-07-24,499.2,499.2,487,497.1,30577,0
2015-07-27,499.2,499.5,487.4,490.8,72664,0
2015-07-28,482.3,496.7,481.5,482.6,39441,0
2015-07-29,480,492,460.45,469.3,106642,0
2015-07-30,475,475,457.24,464.7,97671,0
2015-07-31,470,477.4,450.9,466.5,101585,0
2015-08-03,457.3,479,446.39,471.2,80983,0
2015-08-04,481.3,481.3,460,463.5,49634,0
2015-08-05,462.5,475,440,450.8,67609,0
2015-08-06,440.7,455.29,430.1,445,50898,0
2015-08-07,445,457.82,437.9,438.6,78663,0
2015-08-10,450,458.7,435.3,445.3,52887,0
2015-08-11,441,488,441,461,90322,0
2015-08-12,455,478.64,455,469.2,133432,0
2015-08-13,480,495.9,460,480,105094,0
2015-08-14,489,507,475,475.1,124833,0
2015-08-17,482.1,482.1,450,455.5,117408,0
2015-08-18,462.3,475.5,458,465.8,58976,0
2015-08-19,458.5,474,458.5,466.6,33043,0
2015-08-20,473.2,474,458,461.5,28199,0
2015-08-21,470,470,450,450.4,167446,0
2015-08-24,442.1,448.93,415.1,416.8,110973,0
2015-08-25,415,442.4,415,430,113588,0
2015-08-26,430.6,430.6,414.5,430,55841,0
2015-08-27,430.6,500,428.9,457.7,288243,0
2015-08-28,472.1,486.3,464.5,486.3,220771,0
2015-09-01,480,481.43,455.1,457.5,78583,0
2015-09-02,467,467.9,455.1,467,68238,0
2015-09-03,470,480,460,475.6,80664,0
2015-09-04,478.1,478.1,462,471,57375,0
2015-09-07,478,478,465.1,473.8,37455,0
2015-09-08,465.4,480,465.4,475.2,285681,0
2015-09-09,484,488.3,466.8,484.7,89272,0
2015-09-10,489.9,495.1,475.7,479.8,227530,0
2015-09-11,477,488.1,476.6,487.3,40173,0
2015-09-14,475,489.57,471.9,479.8,74609,0
2015-09-15,485,485,470,477.1,73489,0
2015-09-16,477,481,467.6,477,116435,0
2015-09-17,489.2,501.5,476.5,498.9,97733,0
2015-09-18,490,535,489.6,535,434745,0
2015-09-21,515,540.5,513,515,102915,0
2015-09-22,524.5,524.5,430,435.7,922421,0
2015-09-23,435,449.8,415,441,360329,0
2015-09-24,431.7,437.6,360,375,371745,0
2015-09-25,378,408.9,367.8,380,249074,0
2015-09-28,379.38,379.38,330,334.1,183496,0
2015-09-29,342,345,310,338,202325,0
2015-09-30,349.7,361.2,333,352,107236,0
2015-10-01,361.5,372,354.16,369.1,120536,0
2015-10-02,367.2,369,357.4,363.1,121115,0
2015-10-05,370,393,370,375.5,126078,0
2015-10-06,375,380.2,360.63,365,225548,0
2015-10-07,375,379.76,365,379.6,101609,0
2015-10-08,382.7,404.25,368.4,375,183164,0
2015-10-09,378.9,410.2,371.2,398,439968,0
2015-10-12,397,426.86,397,415,401191,0
2015-10-13,412.7,430.87,394.7,416.2,277785,0
2015-10-14,415,440,407.4,430,148131,0
2015-10-15,434.3,438.9,420,438.9,175846,0
2015-10-16,440,450.2,438.2,443.5,289973,0
2015-10-19,454.3,454.3,422.5,431.1,104092,0
2015-10-20,439.3,439.3,423.9,424.9,101439,0
2015-10-21,434.4,434.4,419.2,421.2,109519,0
2015-10-22,426.3,426.3,412.1,423.9,47044,0
2015-10-23,414.1,452.28,414.1,447.3,95167,0
2015-10-26,447.3,452.2,435,450,116461,0
2015-10-27,448,451.9,426.8,447,179731,0
2015-10-28,435.7,459.8,435.7,450,91837,0
2015-10-29,445.7,478.5,445.7,463.7,180679,0
2015-10-30,459.1,484.6,457,471.4,272631,0
2015-11-02,465.1,479.6,465.1,476.1,85349,0
2015-11-03,485.5,490,473.2,477,167517,0
2015-11-04,488.4,488.4,470.4,474.2,68303,0
2015-11-05,467,476,459,476,70727,0
2015-11-06,481,490,463.6,486.9,138248,0
2015-11-09,475.3,498.2,475.3,498.2,124650,0
2015-11-10,490,490,475,478,115520,0
2015-11-11,477.2,496.23,473.23,477.3,66626,0
2015-11-12,490,490,476.5,477,62241,0
2015-11-13,480,480,461.22,464.9,37338,0
2015-11-16,456.1,462.62,447.98,451.2,69891,0
2015-11-17,464.3,464.3,445.5,450.2,108646,0
2015-11-18,465.9,465.9,440.3,440.4,97512,0
2015-11-19,432.7,448.7,426.7,431.6,132868,0
2015-11-20,443,454.8,432,444,117466,0
2015-11-23,430,439.66,430,434.8,45672,0
2015-11-24,443.2,445,420.1,420.1,66318,0
2015-11-25,420.1,425,410,414,54758,0
2015-11-26,407.7,422.6,407.7,416,23424,0
2015-11-27,407.3,437,407.3,424.2,16779,0
2015-11-30,437,437,410,424,91799,0
2015-12-01,420,429.9,415.7,429,60377,0
2015-12-02,430.5,435,414,435,63347,0
2015-12-03,425,435,425,430,61380,0
2015-12-04,442.8,442.8,436.3,442.8,24250,0
2015-12-07,442.8,465,435,458,76938,0
2015-12-08,469.3,474.9,455,469,142151,0
2015-12-09,459.6,468,452,465,58027,0
2015-12-10,475,475,450,460,196236,0
2015-12-11,450,456.4,430,430,143021,0
2015-12-14,435,435,411.3,420,55884,0
2015-12-15,433,433,405,414.4,642426,0
2015-12-16,428,428,400.4,404.9,67763,0
2015-12-17,412.9,415,390.6,400.3,105383,0
2015-12-18,402.4,402.4,376,384.1,130453,0
2015-12-21,367.6,400.9,367.6,399.9,100761,0
2015-12-22,385,400,385,398,39761,0
2015-12-23,399.13,408,394.7,400,40009,0
2015-12-24,400,400,387,387,5861,0
2015-12-29,400.8,410,390.6,390.6,35293,0
2015-12-30,398.2,398.2,386,389.3,35502,0
2015-12-31,396,412,385.08,400,31076,0
2016-01-04,396,445.22,396,427,177900,0
2016-01-05,411,429.61,411,412.9,76320,0
2016-01-06,411.1,419.26,389.456,410,131014,0
2016-01-07,410,418.152,401.76,402.9,3984458,0
2016-01-08,400,405,384.6,387.3,126904,0
2016-01-11,383.6,389.32,368.451,370,75818,0
2016-01-12,375,375,355,358.5,58352,0
2016-01-13,355,363,340,353.9,139328,0
2016-01-14,340.1,355,340.1,345,77403,0
2016-01-15,341.1,353.4,328.5,329.8,71071,0
2016-01-18,326.6,334.216,295,295,155005,0
2016-01-19,293.2,304.9,284.9,285.1,191829,0
2016-01-20,283.3,306.6,261.1,267,158974,0
2016-01-21,263.4,273.8,239,270,218366,0
2016-01-22,277.6,296,260.631,268,223903,0
2016-01-25,267,293.3,267,287.3,120332,0
2016-01-26,286.9,286.9,270,280.7,86286,0
2016-01-27,280,295,270,286.9,63772,0
2016-01-28,295,298.1,277.98,284,56052,0
2016-01-29,273.5,288.1,273.49,282.4,120630,0
2016-02-01,296.7,312,287,302.1,185766,0
2016-02-02,303,344.012,303,325,244938,0
2016-02-03,317.9,329.8,291.3,295,320933,0
2016-02-04,303.9,319.823,288,303,348848,0
2016-02-05,292.5,313.9,292.5,305.8,209023,0
2016-02-08,295,328.504,289,298.3,102902,0
2016-02-09,291.6,310,272,285,223618,0
2016-02-10,303,307.8,270,300,146795,0
2016-02-11,291.1,309,281.2,309,95150,0
2016-02-12,300.1,324.7,280,304.4,139800,0
2016-02-15,295,317.6,285.5,297.3,82689,0
2016-02-16,297.3,303.5,286,286,46025,0
2016-02-17,289.2,297,286,288.6,38132,0
2016-02-18,300,328,287.8,315.1,127095,0
2016-02-19,312,352,312,326.8,211302,0
2016-02-22,329.9,351.61,329.9,332.3,99795,0
2016-02-23,343,343,328.248,329.7,40836,0
2016-02-24,345,345,322.4,323.8,65086,0
2016-02-25,334,342.02,324.2,325,113588,0
2016-02-26,335.1,335.1,309.6,316.8,57233,0
2016-02-29,306.1,317.54,288.7,302.1,164311,0
2016-03-01,307.8,343.8,304.4,340,270103,0
2016-03-02,341.9,347.5,329.735,340,131368,0
2016-03-03,347,347.6,335,341.9,82869,0
2016-03-04,349.1,373,335.595,364.2,157485,0
2016-03-07,353,376.3,348.3,368.5,77990,0
2016-03-08,367.9,372,338.397,350,47052,0
2016-03-09,355,363.4,346.4,359.7,40246,0
2016-03-10,367,383.2,361.85,365.9,84634,0
2016-03-11,377,377,360,369.5,72635,0
2016-03-14,373,381,366.54,374.7,115931,0
2016-03-15,382,382,353,353,91373,0
2016-03-16,369,380.5,347.705,380.5,128532,0
2016-03-17,371.1,400.1,371.1,399,61056,0
2016-03-18,405.9,452,388.24,415.3,356699,0
2016-03-21,430,462.7,419.68,428.1,189046,0
2016-03-22,424.9,464.34,417,450.5,191941,0
2016-03-23,440.2,486.8,440.2,453.5,218095,0
2016-03-24,446.9,466,432.1,461.5,185780,0
2016-03-29,450.7,480,450.3,459.1,121192,0
2016-03-30,449,489.9,449,479.4,289033,0
2016-03-31,457,473.4,457,473.4,379709,0
2016-04-01,459.9,481.7,435.4,464.3,381092,0
2016-04-04,470.2,470.5,443.56,453.9,140816,0
2016-04-05,455,455,407,431.1,234203,0
2016-04-06,430,440,411.331,425,313121,0
2016-04-07,415,436.1,394.2,394.2,161091,0
2016-04-08,395,407.311,363.6,388.1,225563,0
2016-04-11,385,392.8,376,379.8,98901,0
2016-04-12,375.1,408.53,373.699,384,169494,0
2016-04-13,378,388,375.1,381.4,111423,0
2016-04-14,388,407.392,367.4,399.8,124173,0
2016-04-15,389.8,399,376.5,386.3,87125,0
2016-04-18,399,399,375.4,381.3,154575,0
2016-04-19,375,394,375,378.3,94555,0
2016-04-20,389.9,413.2,381.4,410.5,112682,0
2016-04-21,397.2,431,396,400,231484,0
2016-04-22,390.5,410.9,390.5,402.3,276744,0
2016-04-25,395,404.9,371.6,397.3,194466,0
2016-04-26,390.1,410,390.1,400.2,88326,0
2016-04-27,394.5,412.3,392.4,399.8,98360,0
2016-04-28,401.3,402,392.5,396,128660,0
2016-04-29,401.8,402,379,384.2,86521,0
2016-05-03,389.4,389.4,364,370.6,96660,0
2016-05-04,379.8,379.8,360,367.9,94151,0
2016-05-05,372.4,372.4,352.912,357.2,103506,0
2016-05-06,367,367.6,350,354.2,83446,0
2016-05-09,362.5,362.5,316.48,336.9,133649,0
2016-05-10,340,345,315.5,324,156093,0
2016-05-11,323,341.487,316.5,317.9,115805,0
2016-05-12,325,325,305,310,140614,0
2016-05-13,310,320.2,302.4,310,102922,0
2016-05-16,310,314.59,305,305,84975,0
2016-05-17,313.1,315,303.4,314.2,125316,0
2016-05-18,317,348.9,317,348.9,211117,0
2016-05-19,337.1,357.2,330,351.1,155747,0
2016-05-20,362.6,362.6,324.4,336.3,196611,0
2016-05-23,331.5,335.9,316.1,335,91547,0
2016-05-24,338.3,338.3,325.6,333.8,61371,0
2016-05-25,337.1,346.488,332.7,339.9,66044,0
2016-05-26,344.5,355.6,330.1,337,74772,0
2016-05-27,341.6,342.5,325.2,334.2,118612,0
2016-05-31,341,349.356,326,330.6,107786,0
2016-06-01,330.6,338,322.7,326.4,63364,0
2016-06-02,325,338,315.6,337.6,93879,0
2016-06-03,328.7,352.6,325,352.6,60771,0
2016-06-06,354.6,362,341,361.5,101728,0
2016-06-07,350.1,357.1,337,342.8,78274,0
2016-06-08,345.7,346.591,324,334.6,84645,0
2016-06-09,340.8,346.712,312.8,346.7,178208,0
2016-06-10,349.7,377.8,333.9,350,361807,0
2016-06-13,342.3,353.2,325.221,326.2,102531,0
2016-06-14,337.4,345.4,315.5,339.6,123850,0
2016-06-15,349.7,349.7,329.08,345.1,29718,0
2016-06-16,360.5,360.5,340.1,346,194544,0
2016-06-17,342.3,345.88,323.4,334.3,716426,0
2016-06-20,327,348.9,325.948,340,173859,0
2016-06-21,349.7,358.3,333.7,358.3,93988,0
2016-06-22,363.2,389.1,346.934,367,172303,0
2016-06-23,365.9,385,352,385,159332,0
2016-06-24,353.8,369.9,338.9,361.7,252516,0
2016-06-27,355,370.036,320,325,233663,0
2016-06-28,334.7,345,326.1,330.1,236138,0
2016-06-29,341.2,374.5,322.418,372.7,261749,0
2016-06-30,378,378,340.3,366.1,118583,0
2016-07-01,364.6,368.9,350.8,360.9,163172,0
2016-07-04,369.5,369.5,333,345.1,141117,0
2016-07-05,349.6,350.176,315.1,322.4,153269,0
2016-07-06,316.2,324.7,299.788,306.3,195501,0
2016-07-07,314.4,328.2,307.046,321.6,129935,0
2016-07-08,321.2,332,308.8,323.9,119425,0
2016-07-11,333.4,346.5,322.283,343.5,162168,0
2016-07-12,346.4,358.7,339.48,358.7,121229,0
2016-07-13,361.6,372.3,356.7,360,204802,0
2016-07-14,360.8,363.616,342,345.6,108357,0
2016-07-15,349.2,360.516,339.1,350,95437,0
2016-07-18,352.1,375.896,348.113,370,180218,0
2016-07-19,377.6,380,366.9,366.9,106641,0
2016-07-20,362,381.1,356.173,358.7,140311,0
2016-07-21,370.9,370.9,351,360.6,108768,0
2016-07-22,367,375.496,361.2,370.2,120728,0
2016-07-25,378.2,380.5,363.1,370.6,78456,0
2016-07-26,374.3,374.6,352.675,360,81701,0
2016-07-27,359.4,372,358.349,370,203945,0
2016-07-28,369.3,381.8,356.524,370,180723,0
2016-07-29,372,375,369.1,370.3,79762,0
2016-08-01,368,371.82,355.4,361.4,79324,0
2016-08-02,363.2,365.867,350.6,363.2,74039,0
2016-08-03,360,364,351.96,358.8,63700,0
2016-08-04,361.5,374.3,358.1,360.4,107466,0
2016-08-05,357.5,375.844,354.49,365.7,132539,0
2016-08-08,368.1,373.6,359.1,369.6,73562,0
2016-08-09,360.7,370.28,357.988,365,43777,0
2016-08-10,364.9,370.1,362.19,367.4,70804,0
2016-08-11,361.8,374.7,354.5,369.8,75448,0
2016-08-12,382,382,357.56,370.9,52049,0
2016-08-15,364.1,375,357.45,372.4,62637,0
2016-08-16,372.3,377.5,357.47,367.3,128032,0
2016-08-17,360.3,373.5,360,368.5,29530,0
2016-08-18,357,375,357,374.1,59355,0
2016-08-19,373.5,382,364.1,382,90100,0
2016-08-22,382,390.7,372.1,390.7,89871,0
2016-08-23,391.5,405,384.776,405,156685,0
2016-08-24,400,413.7,393.052,409,88737,0
2016-08-25,417.1,417.1,371.4,384.2,200595,0
2016-08-26,374.9,386.797,366.8,372.8,174592,0
2016-08-30,373.1,380.608,345.33,351.1,164540,0
2016-08-31,345,366.576,317.9,324.8,187275,0
2016-09-01,336.2,364.102,328.384,340,140135,0
2016-09-02,340.6,351.5,323.556,330.1,143624,0
2016-09-05,334.7,349.322,326.976,332.3,55181,0
2016-09-06,332.8,339.8,326,335.4,110958,0
2016-09-07,325,337.8,323.6,330.4,174195,0
2016-09-08,327.3,340,320.3,334.8,150846,0
2016-09-09,341.6,341.6,323.9,326.5,97148,0
2016-09-12,331.4,332.5,314,320.2,98065,0
2016-09-13,330.5,333.8,324.8,329.3,90603,0
2016-09-14,328.8,331.7,324.4,324.4,63215,0
2016-09-15,330,330,313.3,317.4,128550,0
2016-09-16,332.3,332.3,320.5,328.2,253462,0
2016-09-19,320,330.6,319.72,323,90296,0
2016-09-20,330,330,315.2,318.1,108117,0
2016-09-21,327,330.9,317.1,327.1,74157,0
2016-09-22,320.5,328.28,315.6,320.1,135471,0
2016-09-23,324.5,328.922,316.3,319.4,144818,0
2016-09-26,313.9,321.608,310.4,315.7,86021,0
2016-09-27,312.7,323.728,310.1,310.7,81264,0
2016-09-28,310,325.7,310,312.6,78383,0
2016-09-29,315,340,315,334.9,115553,0
2016-09-30,329.3,342.4,326.7,326.7,126441,0
2016-10-03,324,337.7,320.9,335.5,114522,0
2016-10-04,328.3,360,328.3,351.6,280679,0
2016-10-05,350.1,351.4,333.4,345.6,420837,0
2016-10-06,338.8,352.35,338.8,339.6,105797,0
2016-10-07,337.4,358.5,331.5,358.5,163004,0
2016-10-10,353.6,371.8,339.3,350.4,123827,0
2016-10-11,337,371.4,337,365.7,113293,0
2016-10-12,367.5,372.1,360.6,369,55070,0
2016-10-13,358.7,362.176,346.192,348.1,119177,0
2016-10-14,341.2,360.3,339.161,350,61115,0
2016-10-17,346.1,357.67,339.7,344.6,109601,0
2016-10-18,349.9,352,340.5,344.1,45900,0
2016-10-19,341.6,349.9,338.75,345.1,104743,0
2016-10-20,348,354.376,341.1,353.3,78801,0
2016-10-21,359.5,359.5,346.91,355.2,54254,0
2016-10-24,348.8,357,348.4,351.5,84390,0
2016-10-25,343.2,352.225,343.2,350,276064,0
2016-10-26,346,354.23,345.6,346.5,74134,0
2016-10-27,341.6,349,341.6,347.3,46497,0
2016-10-28,348.7,350,345.7,345.7,175453,0
2016-10-31,340,344.1,332.8,340,96236,0
2016-11-01,338.5,339.6,326.6,330,104268,0
2016-11-02,324.1,344.2,324,340.5,73585,0
2016-11-03,339.2,358,339.2,344.6,545538,0
2016-11-04,335.6,345.7,328.9,337.8,47764,0
2016-11-07,345.7,349.6,335.9,343.6,47381,0
2016-11-08,350,350,331.7,340.1,55319,0
2016-11-09,331.2,350,330.44,346.3,111198,0
2016-11-10,339.5,356.6,339.5,354.7,156331,0
2016-11-11,351.2,354.62,343.195,349.5,54519,0
2016-11-14,356.5,358.6,342.956,352.7,53650,0
2016-11-15,360.2,369.6,355.1,367.2,92746,0
2016-11-16,357.7,368.94,349.6,354,158177,0
2016-11-17,350,356.1,337.532,356.1,115393,0
2016-11-18,352.5,369.9,350.94,366.8,106423,0
2016-11-21,362.3,371.8,357.595,364.3,50255,0
2016-11-22,364.3,373.1,360.9,364.6,54716,0
2016-11-23,357.4,374.9,355.8,362.9,42719,0
2016-11-24,371.4,371.7,354.3,357.8,22762,0
2016-11-25,358.7,373.6,358,373.6,67943,0
2016-11-28,366.1,371.5,355.5,369.1,74418,0
2016-11-29,359.2,375.7,352.78,373.6,138874,0
2016-11-30,368.2,382.526,359.3,375.4,121788,0
2016-12-01,383.2,383.2,358.1,375.1,94598,0
2016-12-02,371.8,372.9,364.4,372,218896,0
2016-12-05,359.6,393.7,345,389.1,404124,0
2016-12-06,390,398.12,376.341,391,205207,0
2016-12-07,381.9,395.4,369.2,390.2,279524,0
2016-12-08,382,400,382,390,218965,0
2016-12-09,398,398.4,381.6,395.1,161307,0
2016-12-12,399.8,423,385.99,414.4,408107,0
2016-12-13,405.3,426.9,398.768,420.1,139687,0
2016-12-14,425,427.6,415.3,424.5,133759,0
2016-12-15,411.5,425,402.76,420,213376,0
2016-12-16,417,430,413.1,430,232707,0
2016-12-19,424.5,438.9,408.069,437.5,111219,0
2016-12-20,426,445.8,425.27,443.3,94494,0
2016-12-21,443.8,450,432.5,439.4,147788,0
2016-12-22,439,453.5,439,451.7,217748,0
2016-12-23,452.5,455.488,430.5,448.9,108298,0
2016-12-28,450.9,464.424,432.6,449.2,79564,0
2016-12-29,454.9,472.16,450.5,460,270005,0
2016-12-30,450,470,450,470,67380,0
2017-01-03,455,470.698,452,470,197440,0
2017-01-04,457.9,475,447.329,466.4,171278,0
2017-01-05,470,470,454.8,467,165814,0
2017-01-06,467,467,456.37,462.7,96907,0
2017-01-09,464,464,452.87,459.9,46699,0
2017-01-10,455.2,460,451.2,458.8,211573,0
2017-01-11,452.7,460,442,443.8,76534,0
2017-01-12,440,440,418.292,428,184207,0
2017-01-13,437,437,412.388,422.1,115828,0
2017-01-16,403,416.228,388.98,403,294460,0
2017-01-17,397.9,407,393.92,403.9,103324,0
2017-01-18,403.9,410,401.53,410,104702,0
2017-01-19,410.5,416.518,405,416.2,61927,0
2017-01-20,415.1,415.1,399,400,80966,0
2017-01-23,407.6,407.6,395,397.1,86413,0
2017-01-24,389.4,400.67,389.4,399.9,69414,0
2017-01-25,402.2,402.2,386.79,397.3,63848,0
2017-01-26,399.2,400,393.97,400,37175,0
2017-01-27,388.5,398.8,388.5,393.6,88570,0
2017-01-30,381.7,399.6,380,390,98054,0
2017-01-31,379.8,399.9,378.75,398.1,166375,0
2017-02-01,396.5,406,386.4,390,171940,0
2017-02-02,389,390,376.7,389.9,108784,0
2017-02-03,387.7,391.8,382,389,51259,0
2017-02-06,389.4,391.6,376.6,379.9,87476,0
2017-02-07,380.2,392.4,380.2,390.7,150182,0
2017-02-08,385.9,394.8,383.7,393.1,66287,0
2017-02-09,381.9,393,381.9,387.2,112687,0
2017-02-10,382,390,382,388.5,98166,0
2017-02-13,388.1,401.3,383.83,389.9,102202,0
2017-02-14,389.9,389.9,381.8,383.7,162961,0
2017-02-15,389.8,390,380,384.5,190429,0
2017-02-16,384,384.9,376.6,377.2,172144,0
2017-02-17,380,383.6,375,375,198109,0
2017-02-20,384.9,384.9,376,379.7,38435,0
2017-02-21,377.5,385,375.3,375.3,51658,0
2017-02-22,376.4,379.8,370.7,373.2,101421,0
2017-02-23,366.3,389.6,366.3,382,96890,0
2017-02-24,371.9,390,371.9,380.2,73707,0
2017-02-27,388,389.5,378.38,386,156889,0
2017-02-28,377.6,390,377.6,385,331785,0
2017-03-01,376.1,395,376.1,389,202730,0
2017-03-02,385.2,416.3,379.7,408,323152,0
2017-03-03,402.9,426.9,396.741,413.7,468923,0
2017-03-06,411,420.75,411,418,376534,0
2017-03-07,415,421.85,415,417,290482,0
2017-03-08,423,423,407.28,409.4,398720,0
2017-03-09,400.5,415,396.3,398,196886,0
2017-03-10,399.4,408.8,393.4,393.4,197100,0
2017-03-13,394.2,396.6,380.5,388,430007,0
2017-03-14,385,407.8,378.5,389.5,602755,0
2017-03-15,381,391.4,379.4,380.9,303238,0
2017-03-16,380,389.3,377.8,384.1,338427,0
2017-03-17,387.4,390.2,387.4,387.4,7001972,0
2017-03-20,380.9,385.7,366.9,380,481369,0
2017-03-21,371.8,375.6,359.2,359.2,794776,0
2017-03-22,360.1,361.4,344.9,347.5,371260,0
2017-03-23,340.5,345.8,330.2,332.1,553849,0
2017-03-24,328.6,331.8,316.997,317,503433,0
2017-03-27,316,326.1,298.8,299.5,512740,0
2017-03-28,301.7,317.4,293.4,307.8,428434,0
2017-03-29,301.8,311,299.88,307,199629,0
2017-03-30,300.3,321.6,300.3,321.6,402695,0
2017-03-31,308.4,314.1,294.9,304.7,817037,0
2017-04-03,298.6,304.32,270,270.4,988193,0
2017-04-04,268.9,270.044,254.3,261,991648,0
2017-04-05,220,261,185,185,3725859,0
2017-04-06,183,185.24,158.1,175,2924789,0
2017-04-07,174,182.53,165.7,168.2,1292657,0
2017-04-10,164.2,176.81,161.1,167.9,810291,0
2017-04-11,166.6,171.6,166.32,169.2,649307,0
2017-04-12,169.2,173.596,166.876,168.4,432480,0
2017-04-13,165.2,170.14,165.2,167.9,1279918,0
2017-04-18,170,170,163.004,167.1,550015,0
2017-04-19,164.1,169.91,164.1,167.5,961361,0
2017-04-20,166.4,167.54,163.38,164.7,520842,0
2017-04-21,161.4,167.1,158.228,167,613040,0
2017-04-24,170.9,170.9,156.5,161.6,673115,0
2017-04-25,167,167.4,158.4,165,306798,0
2017-04-26,167.1,167.1,157.4,157.4,661169,0
2017-04-27,158,166.9,146.08,162.9,726444,0
2017-04-28,159.3,162.5,155.7,156.7,471618,0
2017-05-02,156,158.94,151.32,155.6,425970,0
2017-05-03,152.9,155.9,149,150.3,619710,0
2017-05-04,148.4,152.03,145.7,148.4,519502,0
2017-05-05,147,150.6,143.97,149.9,509409,0
2017-05-08,150.9,154.8,147.71,153.5,397845,0
2017-05-09,151,154.1,146.4,148.1,353068,0
2017-05-10,145,146.9,143,144.9,835062,0
2017-05-11,144.3,148.41,143.6,145.6,235365,0
2017-05-12,145.6,154.7,144.8,151,329469,0
2017-05-15,151.3,154.64,143.3,144.1,442510,0
2017-05-16,145,147.9,143.5,145.4,238782,0
2017-05-17,143.8,146.1,142,142.5,397138,0
2017-05-18,141,146.1,139.1,146.1,803861,0
2017-05-19,145.4,146.9,139.55,140.8,278685,0
2017-05-22,139,143.8,139,141.3,228147,0
2017-05-23,143,153,140.1,148,419756,0
2017-05-24,145.5,152,143.1,149.8,405192,0
2017-05-25,150,150,147.5,148.3,413038,0
2017-05-26,150,154.6,146.36,152.5,226002,0
2017-05-30,157.3,157.3,150.05,152,553100,0
2017-05-31,152,152,147.6,148.4,249027,0
2017-06-01,151,151,144.7,148.9,202987,0
2017-06-02,144,149.405,144,145.6,342187,0
2017-06-05,143,143.9,140,140.9,555232,0
2017-06-06,143.2,143.2,136.1,138,607859,0
2017-06-07,139.9,140.15,135,136.4,817745,0
2017-06-08,139.5,140.37,134.1,135.5,533884,0
2017-06-09,136.6,137,127.96,135,584704,0
2017-06-12,136,138.965,133.9,136.3,440800,0
2017-06-13,140.9,142,140.9,140.9,425478,0
2017-06-14,138,146,137.476,144,1082974,0
2017-06-15,140.4,144,140,144,565414,0
2017-06-16,142,146,140.1,140.1,4168553,0
2017-06-19,141.25,143.05,130.288,142.75,217926,0
2017-06-20,135.75,143,135.75,143,157760,0
2017-06-21,138.5,151.25,138.5,151.25,86700,0
2017-06-22,155.5,155.5,148,148,132653,0
2017-06-23,146,151.25,142.5,148.75,81482,0
2017-06-26,154,154,148,148,61982,0
2017-06-27,149.5,152,146.5,148.5,102856,0
2017-06-28,149.75,153.5,148.5,152.75,207279,0
2017-06-29,154,161.75,151.75,161.75,64346,0
2017-06-30,161.5,168.45,158.25,167,280215,0
2017-07-03,169,169.5,159.5,167,125676,0
2017-07-04,168.25,169.05,160.25,162.25,116721,0
2017-07-05,162.25,164.51,160,163.5,31764,0
2017-07-06,160,165.5,160,165,229475,0
2017-07-07,165,165,164,164,78220,0
2017-07-10,164,164,159.01,160.5,95390,0
2017-07-11,150,163,150,163,131653,0
2017-07-12,160.5,165.509,160.5,164.5,635624,0
2017-07-13,161,164.03,158.85,162,57087,0
2017-07-14,163.25,163.25,159.75,162.5,31912,0
2017-07-17,160,162.75,160,162.75,47210,0
2017-07-18,166,166,158,158,80426,0
2017-07-19,164,164,158.75,161,30242,0
2017-07-20,162,162,161,161,55695,0
2017-07-21,162,162,157.6,161,44067,0
2017-07-24,163,163,162.75,162.75,233108,0
2017-07-25,163,165.25,160.25,165.25,510786,0
2017-07-26,160,161.5,156,156,171401,0
2017-07-27,163,163,157,160.5,168487,0
2017-07-28,162,162,158,161,110793,0
2017-07-31,161,162,159,162,231505,0
2017-08-01,151.75,161,151.75,159.5,188397,0
2017-08-02,161.5,165.22,159.25,160,272232,0
2017-08-03,161.25,163.25,158.75,163.25,105496,0
2017-08-04,163.25,165,161.62,165,268155,0
2017-08-07,161,162.25,159.75,161.5,274590,0
2017-08-08,161,161,159,160,226600,0
2017-08-09,161.5,162.5,159.31,162.5,133407,0
2017-08-10,162.75,162.75,161,161,97201,0
2017-08-11,161,161,159.75,161,172361,0
2017-08-14,160.5,161.2,159.813,160.25,62206,0
2017-08-15,160,160.35,159.5,160,84297,0
2017-08-16,162.75,162.75,160.25,161,89994,0
2017-08-17,161.25,163.25,148.95,160,323359,0
2017-08-18,159.5,160.75,152,155,681199,0
2017-08-21,155,158.625,140.23,151,273292,0
2017-08-22,144,149.5,115.938,127.75,505632,0
2017-08-23,130,130,119.75,119.75,438005,0
2017-08-24,120,126.92,115,116,371898,0
2017-08-25,117.5,121,116,117.5,359382,0
2017-08-29,119.5,120,119.5,120,236739,0
2017-08-30,120,120,117,119.5,369110,0
2017-08-31,120,124.75,117.938,124.75,353213,0
2017-09-01,121,123.438,118,118,158739,0
2017-09-04,124,124,118,118,73073,0
2017-09-05,118,122.75,118,121,94472,0
2017-09-06,125,125,119.75,121.5,172096,0
2017-09-07,121.5,125.9,121,121,246161,0
2017-09-08,127,127,120,120,184833,0
2017-09-11,121.25,125.75,120.1,124,92561,0
2017-09-12,123,130.75,122.25,130.75,177387,0
2017-09-13,127,150,127,148.75,393052,0
2017-09-14,150,184.75,146.25,152,1412027,0
2017-09-15,150,150.39,140,145,760792,0
2017-09-18,147.25,148.95,130.63,143.75,377892,0
2017-09-19,143,154.5,143,154.5,265170,0
2017-09-20,153,162.5,148.25,155,142250,0
2017-09-21,160,160,155,155,213433,0
2017-09-22,158,158,154,154,85584,0
2017-09-25,155.5,158,147,150.5,162013,0
2017-09-26,146.75,153.5,142.789,148,112078,0
2017-09-27,141.5,151.598,135,140,308402,0
2017-09-28,142,144.45,130,130,304711,0
2017-09-29,127,135,127,135,66954,0
2017-10-02,130,134.75,127,134.75,146204,0
2017-10-03,135,139.5,130.125,135,81885,0
2017-10-04,139.5,148.75,134.5,148.75,103796,0
2017-10-05,141.5,166,141.5,166,548938,0
2017-10-06,153,176.75,153,175,757866,0
2017-10-09,176.75,180,176.75,180,476554,0
2017-10-10,188.25,188.25,170,170,354679,0
2017-10-11,160.25,165.25,155,165,238069,0
2017-10-12,168.5,171.25,157,171.25,206519,0
2017-10-13,172.5,172.5,163.25,163.25,98382,0
2017-10-16,169.25,175,160,175,157435,0
2017-10-17,163.75,169.02,163.25,166.75,65149,0
2017-10-18,172.75,173.15,157.25,169,98649,0
2017-10-19,170,170,170,170,35217,0
2017-10-20,170,172.75,164.71,172.75,77665,0
2017-10-23,161,170.5,161,170.5,129470,0
2017-10-24,171.25,175,168.75,175,49225,0
2017-10-25,173,175,170.75,171.75,66958,0
2017-10-26,164.25,168.25,164.25,168.25,95076,0
2017-10-27,161.75,175,161.75,175,77681,0
2017-10-30,175.5,179.25,170.348,174.5,91920,0
2017-10-31,170,177.647,170,175,143402,0
2017-11-01,164.5,167,164.5,167,49717,0
2017-11-02,173,176,169.25,172,51632,0
2017-11-03,177.5,188,173.25,188,216834,0
2017-11-06,188,189.918,179,186.5,160748,0
2017-11-07,176.5,182,176.5,182,127879,0
2017-11-08,173,178,170.25,178,67270,0
2017-11-09,168,169.5,168,169.5,86088,0
2017-11-10,161.75,166.5,161.75,166.5,222764,0
2017-11-13,161.25,170,159.75,170,77672,0
2017-11-14,157.25,165.25,157.25,165.25,69074,0
2017-11-15,159.75,169.92,159.75,169.75,52892,0
2017-11-16,162.25,172,162.25,169,1787340,0
2017-11-17,165,171.75,159.5,168,195057,0
2017-11-20,161,167.5,158.5,166,106446,0
2017-11-21,160,167.5,160,165.75,154936,0
2017-11-22,160,168,160,168,105994,0
2017-11-23,162,168.75,160,161.5,72040,0
2017-11-24,156,167.75,156,163.5,59744,0
2017-11-27,156.25,167,156.25,158,140903,0
2017-11-28,154,171.25,154,166.5,188436,0
2017-11-29,168,171,163.5,168.25,91799,0
2017-11-30,162,168.75,159.25,166.75,244150,0
2017-12-01,161,162.5,149.5,156,345948,0
2017-12-04,150,163.5,149.75,160,134511,0
2017-12-05,155,162.75,154.25,162.75,82097,0
2017-12-06,155,160,145,152,269138,0
2017-12-07,157.75,157.75,138.75,143.5,195327,0
2017-12-08,140,146.5,136.5,138.25,91542,0
2017-12-11,144.5,144.75,125.25,144.75,193188,0
2017-12-12,139,146.75,134.25,141,216416,0
2017-12-13,136,149.25,136,141.5,52920,0
2017-12-14,136.25,146,135.75,138.5,40946,0
2017-12-15,135,144.5,135,138,295533,0
2017-12-18,135,140,131.75,139.75,48950,0
2017-12-19,142.25,146,140,143.5,80757,0
2017-12-20,148,148,140,140,51874,0
2017-12-21,135,150.75,135,150.75,106841,0
2017-12-22,142,160,142,159.25,129762,0
2017-12-27,155.25,169.5,150,169.5,113276,0
2017-12-28,160,167.5,158.25,165,208747,0
2017-12-29,156.5,165,156.5,165,108209,0
2018-01-02,164.8,165,160.6,165,111167,0
2018-01-03,163,165,163,163,111848,0
2018-01-04,165,169,164,169,325036,0
2018-01-05,165,170,164.4,164.6,99483,0
2018-01-08,165,167.8,160.6,161.4,192203,0
2018-01-09,163.6,165,159.6,164.6,65819,0
2018-01-10,160,165,160,162.6,72000,0
2018-01-11,157,164,157,163,98047,0
2018-01-12,164,164,161.6,161.6,83349,0
2018-01-15,155.6,164,155.6,162,128044,0
2018-01-16,155,163.6,155,158,683649,0
2018-01-17,155,163.8,155,156.4,175875,0
2018-01-18,150.4,165.6,150.4,157.2,291883,0
2018-01-19,161.4,163.6,159,163.4,159348,0
2018-01-22,168,168,162.4,162.4,87884,0
2018-01-23,159,164.8,159,163,69579,0
2018-01-24,159,164.4,159,163.8,111788,0
2018-01-25,163.8,166.4,162.8,165,122934,0
2018-01-26,162,169,159.2,160,180114,0
2018-01-29,160,162,158.4,159.6,179382,0
2018-01-30,153.2,158.4,153.2,155.2,42077,0
2018-01-31,148.2,162,148.2,161,143645,0
2018-02-01,159.2,162.2,159.2,162,286406,0
2018-02-02,158.8,162,158.8,162,84447,0
2018-02-05,162,162,154.4,159.8,129681,0
2018-02-06,154.6,154.6,145.2,148.4,129418,0
2018-02-07,144,159.6,144,153,57340,0
2018-02-08,152.6,153,147.2,149.6,1036398,0
2018-02-09,144,160,142.4,149.8,520667,0
2018-02-12,144,152,144,148,86959,0
2018-02-13,142,152,142,149.2,77971,0
2018-02-14,149.8,149.8,140,149.6,108327,0
2018-02-15,149.4,150,145.8,147,65164,0
2018-02-16,144.2,149.2,143.6,148.2,67530,0
2018-02-19,144.8,150,144.2,145,99933,0
2018-02-20,147.4,147.8,140.2,141.2,91159,0
2018-02-21,141.2,144,139.2,140.8,58148,0
2018-02-22,140,142,132,134,178140,0
2018-02-23,128.8,139.4,128.6,137,101265,0
2018-02-26,140,140,137.2,140,31941,0
2018-02-27,132.4,140,132.4,137.4,69625,0
2018-02-28,130.2,138.6,130.2,136,243325,0
2018-03-01,130.6,137.8,130.6,135,112784,0
2018-03-02,130.6,134.8,123.4,131.6,65663,0
2018-03-05,126.4,135,126.4,134.6,91902,0
2018-03-06,140,140,131,134.2,87573,0
2018-03-07,128,137.8,128,131.6,218513,0
2018-03-08,124,130,122.8,125,400273,0
2018-03-09,119.2,129.6,119.2,124.4,121378,0
2018-03-12,125.6,126.4,120,120,110841,0
2018-03-13,126.2,128.2,124.4,125,465062,0
2018-03-14,126.8,126.8,122,123,42915,0
2018-03-15,120.6,125,120.2,125,274947,0
2018-03-16,118.8,125.2,118.2,118.2,727487,0
2018-03-19,115.8,120.6,114.6,115,204847,0
2018-03-20,111,115.6,103.8,112,250508,0
2018-03-21,107.4,113.6,105.8,108,201836,0
2018-03-22,104.6,115,104.6,108,176343,0
2018-03-23,111.4,113,107.4,110,117586,0
2018-03-26,110,110,100,102.2,686292,0
2018-03-27,97.4,107,97.4,107,1964582,0
2018-03-28,102,109,102,106.4,184350,0
2018-03-29,103,108,103,105,246050,0
