Date,Open,High,Low,Close,Volume,OpenInt
2016-05-12,3.375,3.375,3.375,3.375,0,0
2016-05-13,3.375,4.125,3.375,4.125,222329,0
2016-05-16,4.125,4.125,4.125,4.125,0,0
2016-05-17,4.125,4.125,4.125,4.125,0,0
2016-05-18,4.125,4.375,4.125,4.375,504500,0
2016-05-19,4.375,4.375,4.375,4.375,0,0
2016-05-20,4.375,4.375,4.375,4.375,0,0
2016-05-23,4.375,4.375,4.375,4.375,0,0
2016-05-24,4.375,4.375,4.375,4.375,5000,0
2016-05-25,4.375,4.375,4.375,4.375,0,0
2016-05-26,4.375,5.125,4.375,5.125,582946,0
2016-05-27,5.125,5.38,4.9376,5.125,35977,0
2016-05-31,5.125,5.125,5.125,5.125,6505,0
2016-06-01,5.125,5.125,5.125,5.125,50000,0
2016-06-02,5.125,5.125,5.125,5.125,1307,0
2016-06-03,5.125,5.125,5.125,5.125,0,0
2016-06-06,5.125,5.125,5.125,5.125,2000,0
2016-06-07,5.125,5.125,5.125,5.125,0,0
2016-06-08,5.125,5.125,5.125,5.125,0,0
2016-06-09,5.125,5.125,5.125,5.125,0,0
2016-06-10,5.125,5.125,5.125,5.125,0,0
2016-06-13,5.125,5.125,5.125,5.125,0,0
2016-06-14,5.125,5.125,5.125,5.125,0,0
2016-06-15,5.125,5.125,5.125,5.125,0,0
2016-06-16,5.125,5.125,4.75,4.75,107978,0
2016-06-17,4.75,4.75,4.75,4.75,0,0
2016-06-20,4.75,4.75,4.75,4.75,107978,0
2016-06-21,4.75,4.75,4.75,4.75,531762,0
2016-06-22,4.75,4.785,4.75,4.75,1024,0
2016-06-23,4.75,4.85,4.75,4.75,3000,0
2016-06-24,4.5,5,4.2576,4.625,202661,0
2016-06-27,4.625,4.625,4.625,4.625,90000,0
2016-06-28,4.625,4.625,4.5,4.5,102800,0
2016-06-29,4.5,4.5,4.5,4.5,13247,0
2016-06-30,4.5,4.5,4.5,4.5,0,0
2016-07-01,4.5,4.5,4.5,4.5,20000,0
2016-07-04,4.5,4.5,4.5,4.5,0,0
2016-07-05,4.5,4.5,4.5,4.5,0,0
2016-07-06,4.5,4.5,4.5,4.5,1000000,0
2016-07-07,4.5,4.5,4.5,4.5,0,0
2016-07-08,4.5,4.5,4.375,4.375,25000,0
2016-07-11,4.375,4.375,4.375,4.375,0,0
2016-07-12,4.375,4.375,4.375,4.375,13000,0
2016-07-13,4.375,4.375,4.375,4.375,0,0
2016-07-14,4.375,4.375,4.375,4.375,0,0
2016-07-15,4.375,4.375,4.375,4.375,0,0
2016-07-18,4.375,4.375,4.375,4.375,0,0
2016-07-19,4.375,4.525,4.21,4.25,28629,0
2016-07-20,4.25,4.25,4.25,4.25,0,0
2016-07-21,4.25,4.25,4.25,4.25,915199,0
2016-07-22,4.25,4.35,4,4.25,62525,0
2016-07-25,4.25,4.33,4,4.25,502218,0
2016-07-26,4.75,5.107,4.75,5,204141,0
2016-07-27,5,5.075,4.8001,5,15225,0
2016-07-28,5,5.07,5,5,49073,0
2016-07-29,5,5.05,5,5,10000,0
2016-08-01,5,5.03,4.81,5,130000,0
2016-08-02,5,5.03,5,5,159234,0
2016-08-03,5,5.25,4.83333,5,605000,0
2016-08-04,5,5,5,5,0,0
2016-08-05,5,5,5,5,10000,0
2016-08-08,5,5,5,5,200000,0
2016-08-09,5,5.03,4.8001,5,31836,0
2016-08-10,5,5.03,5,5,105000,0
2016-08-11,5,5,5,5,0,0
2016-08-12,5,5,5,5,104558,0
2016-08-15,5,5,4.8,5,300000,0
2016-08-16,5,5,4.815,5,103000,0
2016-08-17,5,5,5,5,0,0
2016-08-18,5,5,5,5,533,0
2016-08-19,5,5,5,5,0,0
2016-08-22,5,5,5,5,0,0
2016-08-23,5,5,4.815,5,91024,0
2016-08-24,5,5,4.995,5,50000,0
2016-08-25,5,5,4.875,4.875,109910,0
2016-08-26,4.875,4.875,4.875,4.875,84345,0
2016-08-30,4.875,4.875,4.875,4.875,45062,0
2016-08-31,4.875,5.125,4.875,5.125,161480,0
2016-09-01,5.125,5.125,5.125,5.125,118396,0
2016-09-02,5.125,5.125,5.125,5.125,0,0
2016-09-05,5.125,5.125,5.125,5.125,0,0
2016-09-06,5.125,5.125,5,5,40000,0
2016-09-07,5,5,5,5,200000,0
2016-09-08,5.125,5.125,5.125,5.125,40838,0
2016-09-09,5.125,5.125,5.125,5.125,10000,0
2016-09-12,5.125,5.125,5.125,5.125,20000,0
2016-09-13,5.125,5.125,5.12,5.125,50756,0
2016-09-14,5.125,5.125,5.11,5.125,250000,0
2016-09-15,5.125,5.125,5.125,5.125,100000,0
2016-09-16,5.125,5.125,5.125,5.125,0,0
2016-09-19,5.125,5.125,5.125,5.125,269385,0
2016-09-20,5.125,5.125,5.125,5.125,0,0
2016-09-21,5.125,5.125,5.125,5.125,0,0
2016-09-22,5.125,5.125,5.125,5.125,533,0
2016-09-23,5.125,5.125,5,5,38803,0
2016-09-26,5,5,5,5,6026,0
2016-09-27,5,5,5,5,0,0
2016-09-28,5,5,5,5,44000,0
2016-09-29,5,5,5,5,0,0
2016-09-30,5,5,5,5,0,0
2016-10-03,5,5,5,5,5945,0
2016-10-04,5,5,5,5,0,0
2016-10-05,5,5,5,5,0,0
2016-10-06,5,5,5,5,0,0
2016-10-07,5,5,5,5,0,0
2016-10-10,5,5,4.99,5,250,0
2016-10-11,5,5,5,5,0,0
2016-10-12,5,5,5,5,0,0
2016-10-13,5,5.05,4.9375,5,754011,0
2016-10-14,5,5.125,5,5,650000,0
2016-10-17,5,5.2,4.75,5,267768,0
2016-10-18,5,5,5,5,35790,0
2016-10-19,5,5,5,5,0,0
2016-10-20,4.875,4.875,4.875,4.875,0,0
2016-10-21,4.875,4.875,4.875,4.875,0,0
2016-10-24,4.875,4.875,4.7675,4.875,5000,0
2016-10-25,4.875,4.875,4.875,4.875,2526,0
2016-10-26,4.875,4.875,4.875,4.875,0,0
2016-10-27,4.875,4.875,4.87,4.875,2101,0
2016-10-28,4.875,4.875,4.875,4.875,100000,0
2016-10-31,4.875,4.875,4.875,4.875,0,0
2016-11-01,4.875,4.875,4.625,4.625,76576,0
2016-11-02,4.625,4.65,4.5,4.5,21236,0
2016-11-03,4.5,4.5,4.5,4.5,109683,0
2016-11-04,4.5,4.5,4.375,4.375,271215,0
2016-11-07,4.375,4.375,4,4,10000,0
2016-11-08,4,4,4,4,0,0
2016-11-09,3.875,3.875,3.875,3.875,0,0
2016-11-10,3.875,3.875,3.875,3.875,26000,0
2016-11-11,3.875,3.875,3.875,3.875,99502,0
2016-11-14,3.875,3.875,3.875,3.875,25315,0
2016-11-15,3.875,4,3.875,4,247153,0
2016-11-16,4,4,4,4,75347,0
2016-11-17,4,4,4,4,0,0
2016-11-18,4,4,4,4,0,0
2016-11-21,4,4,4,4,0,0
2016-11-22,4,4,4,4,0,0
2016-11-23,4,4,4,4,0,0
2016-11-24,4,4,4,4,0,0
2016-11-25,4,4,4,4,0,0
2016-11-28,4,4,4,4,0,0
2016-11-29,4,4.13,3.9,4.125,59446,0
2016-11-30,4.125,4.125,4.125,4.125,0,0
2016-12-01,4.125,4.13,4.125,4.125,7263,0
2016-12-02,4.125,4.13,4.125,4.125,4000,0
2016-12-05,4.125,4.125,4.05,4.125,1367,0
2016-12-06,4.125,4.125,4.125,4.125,0,0
2016-12-07,4.125,4.125,4.125,4.125,0,0
2016-12-08,4.125,4.125,4.125,4.125,200000,0
2016-12-09,4,4,4,4,0,0
2016-12-12,4,4,3.625,3.625,168419,0
2016-12-13,3.625,3.625,3.5,3.5,2243,0
2016-12-14,3.5,3.5,3.375,3.375,18267,0
2016-12-15,3.5,3.5,3.5,3.5,5200,0
2016-12-16,3.25,3.25,3.25,3.25,0,0
2016-12-19,3.25,3.25,3.25,3.25,0,0
2016-12-20,3.25,3.45,3,3.125,84594,0
2016-12-21,3,3,3,3,15345,0
2016-12-22,3,3,3,3,0,0
2016-12-23,3,3.125,3,3.125,746510,0
2016-12-28,3.125,3.2017,3,3.125,210000,0
2016-12-29,3.125,3.125,3.125,3.125,0,0
2016-12-30,3.125,3.25,3,3.125,650426,0
2017-01-03,3.125,3.125,3.125,3.125,11730,0
2017-01-04,3.125,3.125,3.125,3.125,2000,0
2017-01-05,3.125,3.125,3.125,3.125,5207,0
2017-01-06,3.125,3.25,3,3.125,1034941,0
2017-01-09,3.125,3.125,2.625,2.625,853865,0
2017-01-10,2.625,2.7,2.5375,2.625,96050,0
2017-01-11,2.625,2.65,2.625,2.625,100000,0
2017-01-12,2.625,2.625,2.625,2.625,106000,0
2017-01-13,2.625,2.625,2.625,2.625,332900,0
2017-01-16,2.625,2.945,2.625,2.875,150000,0
2017-01-17,2.875,2.875,2.875,2.875,0,0
2017-01-18,2.875,2.875,2.875,2.875,50000,0
2017-01-19,2.875,2.93,2.875,2.875,30580,0
2017-01-20,2.875,2.875,2.875,2.875,0,0
2017-01-23,2.875,2.875,2.875,2.875,0,0
2017-01-24,2.875,2.875,2.875,2.875,0,0
2017-01-25,2.875,2.875,2.875,2.875,250000,0
2017-01-26,2.875,2.875,2.5626,2.625,39373,0
2017-01-27,2.625,2.625,2.625,2.625,0,0
2017-01-30,2.5,2.5,2.5,2.5,0,0
2017-01-31,2.5,2.5,2.5,2.5,0,0
2017-02-01,2.5,2.5,2.5,2.5,1858,0
2017-02-02,2.5,2.5,2.5,2.5,26190,0
2017-02-03,2.5,2.5,2.5,2.5,50000,0
2017-02-06,2.5,2.5,2.5,2.5,0,0
2017-02-07,2.5,2.5,2.25,2.25,525138,0
2017-02-08,2.25,2.25,2.0626,2.125,36090,0
2017-02-09,2.125,2.125,2.125,2.125,0,0
2017-02-10,2.125,2.125,2.125,2.125,16140,0
2017-02-13,2.125,2.125,2.125,2.125,223095,0
2017-02-14,2.125,2.125,2.125,2.125,100000,0
2017-02-15,2.125,2.125,1.875,1.875,25000,0
2017-02-16,1.875,1.875,1.875,1.875,0,0
2017-02-17,1.875,1.875,1.375,1.375,602526,0
2017-02-20,1.375,1.408,1.25,1.375,6321956,0
2017-02-21,1.375,1.375,1.375,1.375,2636,0
2017-02-22,1.375,1.375,1.375,1.375,1020211,0
2017-02-23,1.375,1.375,1.375,1.375,6015,0
2017-02-24,1.375,1.375,1.375,1.375,0,0
2017-02-27,1.375,1.375,1.375,1.375,0,0
2017-02-28,1.375,1.375,1.375,1.375,0,0
2017-03-01,1.375,1.375,1.375,1.375,0,0
2017-03-02,1.375,1.375,1.375,1.375,100000,0
2017-03-03,1.375,1.375,1.125,1.125,694403,0
2017-03-06,1.125,1.125,1.125,1.125,3517,0
2017-03-07,1.125,1.1799,1.0555,1.125,13700,0
2017-03-08,1.125,1.125,1.125,1.125,0,0
2017-03-09,1.125,1.125,1.125,1.125,355259,0
2017-03-10,1.125,1.125,1.125,1.125,3270,0
2017-03-13,1.125,1.18,1.06,1.125,228115,0
2017-03-14,1.125,1.125,1.125,1.125,164409,0
2017-03-15,1.125,1.125,1.125,1.125,0,0
2017-03-16,1.125,1.125,1.125,1.125,0,0
2017-03-17,1.125,1.125,1.125,1.125,32198,0
2017-03-20,1.125,1.178,1,1.125,475050,0
2017-03-21,1.125,1.163,1,1.125,8853,0
2017-03-22,1.125,1.16,1.0001,1.125,42000,0
2017-03-23,1.125,1.125,1.125,1.125,0,0
2017-03-24,1.125,1.125,1.125,1.125,0,0
2017-03-27,1.125,1.125,1.125,1.125,0,0
2017-03-28,1.125,1.15,1.125,1.125,13043,0
2017-03-29,1.125,1.125,1.125,1.125,0,0
2017-03-30,1.125,1.125,1.125,1.125,0,0
2017-03-31,1.125,1.125,1.125,1.125,42098,0
2017-04-03,1.125,1.125,1.125,1.125,90004,0
2017-04-04,1.125,1.2489,1,1.125,2280345,0
2017-04-05,1.125,1.25,1,1.125,3314607,0
2017-04-06,1.125,1.23,1,1.125,854194,0
2017-04-07,1.125,1.125,1.125,1.125,1224,0
2017-04-10,1.125,1.125,1.125,1.125,0,0
2017-04-11,1.125,1.22,1.01,1.125,175551,0
2017-04-12,1.1,1.1,1.1,1.1,0,0
2017-04-13,1.1,1.1,1.1,1.1,0,0
2017-04-18,1.1,1.1,1.1,1.1,2000000,0
2017-04-19,1.1,1.1,1.1,1.1,13580,0
2017-04-20,1.1,1.1,1.1,1.1,0,0
2017-04-21,1.1,1.1,1.1,1.1,0,0
2017-04-24,1.1,1.25,1.01,1.25,2865003,0
2017-04-25,1.25,1.382,1.15,1.375,697879,0
2017-04-26,1.375,2.045,1.375,1.875,2814212,0
2017-04-27,1.875,1.965,1.51,1.7,1228279,0
2017-04-28,1.7,1.8499,1.508,1.7,428326,0
2017-05-02,1.7,1.8,1.5,1.7,309000,0
2017-05-03,1.7,1.707,1.5,1.65,142935,0
2017-05-04,1.65,1.65,1.65,1.65,0,0
2017-05-05,1.65,1.65,1.65,1.65,0,0
2017-05-08,1.65,1.65,1.65,1.65,7020,0
2017-05-09,1.65,1.65,1.625,1.625,100000,0
2017-05-10,1.625,1.625,1.625,1.625,0,0
2017-05-11,1.625,1.625,1.625,1.625,193250,0
2017-05-12,1.625,1.625,1.625,1.625,392824,0
2017-05-15,1.575,1.575,1.5,1.525,52214,0
2017-05-16,1.525,1.525,1.5,1.525,100100,0
2017-05-17,1.525,1.525,1.38,1.425,154377,0
2017-05-18,1.425,1.8,1.35,1.45,3636197,0
2017-05-19,1.45,1.5,1.375,1.425,2492582,0
2017-05-22,1.425,1.47,1.3001,1.375,766250,0
2017-05-23,1.375,1.4,1.3001,1.35,2493096,0
2017-05-24,1.35,1.3749,1.3,1.35,200000,0
2017-05-25,1.35,1.38,1.25,1.325,2284292,0
2017-05-26,1.325,1.325,1.325,1.325,469366,0
2017-05-30,1.325,1.345,1.21,1.3,3081412,0
2017-05-31,1.3,1.3,1.275,1.275,212000,0
2017-06-01,1.275,1.275,1.275,1.275,59018,0
2017-06-02,1.275,1.3,1.275,1.3,1045486,0
2017-06-05,1.3,1.3,1.3,1.3,43202,0
2017-06-06,1.3,1.3,1.3,1.3,0,0
2017-06-07,1.3,1.3,1.3,1.3,75485,0
2017-06-08,1.3,1.3,1.3,1.3,0,0
2017-06-09,1.3,1.35,1.125,1.225,791251,0
2017-06-12,1.225,1.325,1.155,1.25,219029,0
2017-06-13,1.25,1.25,1.25,1.25,20036,0
2017-06-14,1.25,1.25,1.25,1.25,34690,0
2017-06-15,1.25,1.29,1.155,1.25,62074,0
2017-06-16,1.25,1.25,1.125,1.125,306957,0
2017-06-19,1.125,1.125,1.125,1.125,0,0
2017-06-20,1.125,1.125,1.125,1.125,0,0
2017-06-21,1.125,1.24,1.0126,1.125,143185,0
2017-06-22,1.125,1.229,1.0255,1.125,975487,0
2017-06-23,1.125,1.125,1.075,1.075,200901,0
2017-06-26,1.075,1.075,1.075,1.075,8500,0
2017-06-27,1.075,1.075,1.05,1.05,60000,0
2017-06-28,1.05,1.05,1.05,1.05,0,0
2017-06-29,1.05,1.0999,0.96,1.025,412629,0
2017-06-30,1.025,1.025,1.025,1.025,87505,0
2017-07-03,1.025,1.025,1.025,1.025,45791,0
2017-07-04,1.025,1.045,1.025,1.025,80388,0
2017-07-05,1.025,1.025,0.975,0.975,600000,0
2017-07-06,0.975,0.98,0.97,0.975,5500000,0
2017-07-07,1.025,1.025,0.97,0.975,3745276,0
2017-07-10,0.975,0.9999,0.965,0.975,280158,0
2017-07-11,0.975,0.975,0.975,0.975,590000,0
2017-07-12,0.975,1.05,0.975,1.05,280600,0
2017-07-13,1.05,1.125,1.05,1.125,98001,0
2017-07-14,1.125,1.125,1.125,1.125,0,0
2017-07-17,1.125,1.125,1.125,1.125,39435,0
2017-07-18,1.125,1.125,1.125,1.125,10000,0
2017-07-19,1.125,1.2,1.125,1.2,279509,0
2017-07-20,1.2,1.2,1.2,1.2,50000,0
2017-07-21,1.2,1.2499,1.15,1.2,46701,0
2017-07-24,1.2,1.2499,1.2,1.2,927200,0
2017-07-25,1.2,1.2,1.2,1.2,8016,0
2017-07-26,1.2,1.2,1.2,1.2,41954,0
2017-07-27,1.2,1.2,1.2,1.2,7280,0
2017-07-28,1.2,1.2,1.2,1.2,14250,0
2017-07-31,1.275,1.3,1.15,1.275,2680000,0
2017-08-01,1.275,1.275,1.275,1.275,0,0
2017-08-02,1.275,1.35,1.2,1.275,155111,0
2017-08-03,1.275,1.275,1.275,1.275,250000,0
2017-08-04,1.275,1.3,1.15,1.275,120872,0
2017-08-07,1.275,1.275,1.275,1.275,125000,0
2017-08-08,1.275,1.275,1.275,1.275,0,0
2017-08-09,1.275,1.325,1.275,1.275,1730000,0
2017-08-10,1.275,1.319,1.15,1.275,41753,0
2017-08-11,1.275,1.2975,1.15,1.275,1194990,0
2017-08-14,1.3,1.4,1.2,1.275,1439522,0
2017-08-15,1.275,1.275,1.275,1.275,0,0
2017-08-16,1.275,1.275,1.275,1.275,0,0
2017-08-17,1.275,1.275,1.275,1.275,0,0
2017-08-18,1.275,1.275,1.275,1.275,0,0
2017-08-21,1.275,1.275,1.275,1.275,0,0
2017-08-22,1.275,1.275,1.25,1.25,546116,0
2017-08-23,1.25,1.25,1.25,1.25,0,0
2017-08-24,1.25,1.25,1.25,1.25,0,0
2017-08-25,1.25,1.25,1.25,1.25,0,0
2017-08-29,1.25,1.25,1.15,1.25,762281,0
2017-08-30,1.25,1.25,1.25,1.25,2000,0
2017-08-31,1.25,1.25,1.24,1.25,40800,0
2017-09-01,1.25,1.25,1.25,1.25,288283,0
2017-09-04,1.25,1.25,1.25,1.25,27674,0
2017-09-05,1.25,1.25,1.25,1.25,0,0
2017-09-06,1.25,1.25,1.175,1.175,1117869,0
2017-09-07,1.175,1.175,1.15,1.175,69502,0
2017-09-08,1.175,1.175,1.1615,1.175,172191,0
2017-09-11,1.175,1.175,1.16,1.175,109117,0
2017-09-12,1.175,1.175,1.15,1.175,205111,0
2017-09-13,1.175,1.175,1.175,1.175,2198115,0
2017-09-14,1.175,1.175,1.158,1.175,100000,0
2017-09-15,1.175,1.175,1.125,1.125,250000,0
2017-09-18,1.125,1.125,1.125,1.125,0,0
2017-09-19,1.125,1.125,1.1,1.125,300000,0
2017-09-20,1.125,1.38,1.1,1.325,3400354,0
2017-09-21,1.325,1.37,1.25,1.325,554741,0
2017-09-22,1.325,1.325,1.325,1.325,116716,0
2017-09-25,1.325,1.325,1.325,1.325,0,0
2017-09-26,1.325,1.325,1.325,1.325,70000,0
2017-09-27,1.3,1.3,1.3,1.3,0,0
2017-09-28,1.3,1.3,1.3,1.3,416322,0
2017-09-29,1.3,1.3,1.2,1.225,10500,0
2017-10-02,1.225,1.225,1.1,1.125,3339778,0
2017-10-03,1.125,1.125,1.1125,1.125,50000,0
2017-10-04,1.125,1.125,1.075,1.075,351514,0
2017-10-05,1.075,1.075,1.07,1.075,23364,0
2017-10-06,1.075,1.075,1.051,1.075,196776,0
2017-10-09,1.075,1.075,1.075,1.075,0,0
2017-10-10,1.075,1.075,1.05,1.075,199583,0
2017-10-11,1.075,1.075,1.0525,1.075,236515,0
2017-10-12,1.075,1.075,1.07,1.075,50000,0
2017-10-13,1.075,1.075,1.0695,1.075,226661,0
2017-10-16,1.075,1.075,1.05,1.075,550000,0
2017-10-17,1.075,1.075,0.975,0.975,4379340,0
2017-10-18,0.975,0.9975,0.975,0.975,445860,0
2017-10-19,0.975,0.9975,0.925,0.975,3526446,0
2017-10-20,0.975,0.9975,0.975,0.975,819205,0
2017-10-23,1.075,1.075,0.975,0.975,4302878,0
2017-10-24,0.975,0.975,0.92,0.925,657010,0
2017-10-25,0.925,0.93001,0.92,0.925,67879,0
2017-10-26,0.925,0.925,0.91,0.925,25815,0
2017-10-27,0.925,0.925,0.92,0.925,30539,0
2017-10-30,1.025,1.025,0.925,0.925,351804,0
2017-10-31,0.925,0.925,0.825,0.825,2708859,0
2017-11-01,0.825,0.85,0.825,0.85,1801124,0
2017-11-02,0.85,0.85,0.84,0.85,10000,0
2017-11-03,0.85,0.8501,0.814,0.825,3373281,0
2017-11-06,0.825,0.875,0.825,0.875,2500000,0
2017-11-07,0.875,0.94,0.875,0.925,636006,0
2017-11-08,0.925,0.94,0.925,0.925,530217,0
2017-11-09,0.925,0.925,0.875,0.875,2150000,0
2017-11-10,0.875,0.88,0.875,0.875,1600,0
2017-11-13,0.875,0.88,0.875,0.875,25000,0
2017-11-14,0.875,0.875,0.8,0.815,3388555,0
2017-11-15,0.815,0.83,0.81,0.815,23000,0
2017-11-16,0.815,0.815,0.815,0.815,0,0
2017-11-17,0.815,0.83,0.81,0.815,136626,0
2017-11-20,0.815,0.815,0.815,0.815,465662,0
2017-11-21,0.815,0.815,0.815,0.815,325764,0
2017-11-22,0.815,0.815,0.815,0.815,279841,0
2017-11-23,0.815,0.815,0.815,0.815,276506,0
2017-11-24,0.815,0.815,0.815,0.815,205261,0
2017-11-27,0.815,0.815,0.815,0.815,402000,0
2017-11-28,0.815,0.825,0.815,0.825,5366667,0
2017-11-29,0.825,0.875,0.825,0.875,2089149,0
2017-11-30,0.875,0.875,0.875,0.875,16759,0
2017-12-01,0.875,0.925,0.875,0.925,3289750,0
2017-12-04,0.925,0.925,0.9,0.9,794947,0
2017-12-05,0.9,0.948,0.9,0.948,591760,0
2017-12-06,0.925,0.925,0.925,0.925,135774,0
2017-12-07,1,1,0.925,0.925,1487440,0
2017-12-08,0.925,0.925,0.925,0.925,53486,0
2017-12-11,0.925,0.925,0.925,0.925,29710,0
2017-12-12,0.925,0.925,0.925,0.925,213912,0
2017-12-13,0.925,0.925,0.925,0.925,106010,0
2017-12-14,1,1,0.95,0.95,629898,0
2017-12-15,0.95,0.95,0.948,0.95,8800,0
2017-12-18,0.95,0.95,0.95,0.95,11730,0
2017-12-19,0.95,0.95,0.95,0.95,0,0
2017-12-20,0.95,0.95,0.95,0.95,25000,0
2017-12-21,0.95,0.95,0.95,0.95,100000,0
2017-12-22,0.95,0.95,0.95,0.95,5449,0
2017-12-27,0.95,0.95,0.925,0.925,25000,0
2017-12-28,0.9,0.9,0.9,0.9,0,0
2017-12-29,0.9,0.9,0.9,0.9,30000,0
2018-01-02,0.9,0.9,0.9,0.9,40269,0
2018-01-03,0.9,0.9,0.9,0.9,0,0
2018-01-04,0.9,0.9,0.875,0.875,48659,0
2018-01-05,0.875,0.875,0.875,0.875,0,0
2018-01-08,0.875,0.875,0.825,0.825,5713016,0
2018-01-09,0.825,0.825,0.825,0.825,430498,0
2018-01-10,0.825,0.825,0.825,0.825,425000,0
2018-01-11,0.825,0.825,0.825,0.825,200000,0
2018-01-12,0.825,0.825,0.825,0.825,0,0
2018-01-15,0.825,0.825,0.775,0.775,905000,0
2018-01-16,0.775,0.775,0.725,0.725,360034,0
2018-01-17,0.725,0.725,0.725,0.725,181960,0
2018-01-18,0.725,0.775,0.725,0.775,5756385,0
2018-01-19,0.8,0.825,0.8,0.825,2426355,0
2018-01-22,0.825,0.825,0.825,0.825,6119714,0
2018-01-23,0.825,0.825,0.825,0.825,454568,0
2018-01-24,0.825,0.825,0.825,0.825,1218432,0
2018-01-25,0.825,0.825,0.8,0.8,10365859,0
2018-01-26,0.8,0.8,0.775,0.775,1223921,0
2018-01-29,0.775,0.775,0.775,0.775,1158386,0
2018-01-30,0.775,0.775,0.775,0.775,249357,0
2018-01-31,0.775,0.775,0.775,0.775,133361,0
2018-02-01,0.775,0.775,0.775,0.775,62477,0
2018-02-02,0.775,0.775,0.775,0.775,0,0
2018-02-05,0.775,0.775,0.775,0.775,262478,0
2018-02-06,0.725,0.725,0.725,0.725,200000,0
2018-02-07,0.725,0.725,0.725,0.725,289145,0
2018-02-08,0.725,0.725,0.725,0.725,122574,0
2018-02-09,0.725,0.775,0.725,0.775,536439,0
2018-02-12,0.775,0.775,0.775,0.775,185567,0
2018-02-13,0.775,0.775,0.775,0.775,28218,0
2018-02-14,0.775,0.85,0.775,0.85,1409719,0
2018-02-15,0.85,0.85,0.85,0.85,531837,0
2018-02-16,0.85,0.85,0.85,0.85,200235,0
2018-02-19,0.85,0.85,0.825,0.825,917167,0
2018-02-20,0.85,0.85,0.775,0.775,626182,0
2018-02-21,0.775,0.775,0.775,0.775,150000,0
2018-02-22,0.775,0.775,0.775,0.775,0,0
2018-02-23,0.775,0.775,0.775,0.775,211797,0
2018-02-26,0.775,0.775,0.775,0.775,0,0
2018-02-27,0.775,0.775,0.775,0.775,215419,0
2018-02-28,0.775,0.775,0.775,0.775,0,0
2018-03-01,0.775,0.825,0.775,0.825,150000,0
2018-03-02,0.825,0.825,0.825,0.825,0,0
2018-03-05,0.825,0.825,0.8,0.8,59880,0
2018-03-06,0.8,0.8,0.8,0.8,105596,0
2018-03-07,0.8,0.8,0.8,0.8,0,0
2018-03-08,0.8,0.8,0.8,0.8,150000,0
2018-03-09,0.8,0.8,0.8,0.8,34638,0
2018-03-12,0.825,0.825,0.825,0.825,445000,0
2018-03-13,0.825,0.825,0.825,0.825,116667,0
2018-03-14,0.825,0.825,0.825,0.825,295223,0
2018-03-15,0.825,0.85,0.825,0.85,750540,0
2018-03-16,0.85,0.85,0.85,0.85,200000,0
2018-03-19,0.85,0.85,0.85,0.85,290178,0
2018-03-20,0.85,0.85,0.85,0.85,55351,0
2018-03-21,0.825,0.825,0.775,0.775,165108,0
2018-03-22,0.775,0.775,0.775,0.775,180147,0
2018-03-23,0.775,0.775,0.775,0.775,450539,0
2018-03-26,0.775,0.775,0.7,0.7,2651265,0
2018-03-27,0.7,0.7,0.7,0.7,121529,0
2018-03-28,0.7,0.7,0.7,0.7,374923,0
2018-03-29,0.7,0.7,0.7,0.7,212216,0
