Date,Open,High,Low,Close,Volume,OpenInt
2015-03-04,366.56,373.58,366.56,369.61,352908,0
2015-03-05,369.01,369.1,360.45,362.16,233246,0
2015-03-06,363.25,366.39,359.36,360.8,277396,0
2015-03-09,362.16,362.16,351.9,353.11,242515,0
2015-03-10,355.13,356.49,344.38,345.9,256353,0
2015-03-11,314.07,314.07,286.56,286.89,1517524,0
2015-03-12,287.75,290.29,277.16,280.99,717050,0
2015-03-13,279.36,281.47,278.19,281.39,547046,0
2015-03-16,279.53,292.16,279.53,292.16,463422,0
2015-03-17,293.51,300.53,290.29,300.53,571737,0
2015-03-18,300.61,305.27,295.62,302.05,439800,0
2015-03-19,310.53,310.53,300.1,305.36,268254,0
2015-03-20,304.26,307.8,297.83,303.58,411501,0
2015-03-23,308.32,308.32,296.21,297.99,260872,0
2015-03-24,301.28,301.28,283.43,283.76,418478,0
2015-03-25,281.05,289.18,281.05,283.76,424839,0
2015-03-26,278.52,282.91,274.03,276.98,363514,0
2015-03-27,278.6,282.24,268.29,271.32,366906,0
2015-03-30,264.54,275.14,264.54,270.13,528153,0
2015-03-31,271.66,273.27,266.59,269.37,397340,0
2015-04-01,267,272.84,267,268.78,314657,0
2015-04-02,272.34,273.61,268.95,273.61,292362,0
2015-04-07,277.16,278.43,273.94,277.76,330787,0
2015-04-08,277.92,278.86,270.9,272.5,285155,0
2015-04-09,277.76,277.76,268.78,271.66,286781,0
2015-04-10,273.27,279.36,271.58,278.6,301664,0
2015-04-13,282.07,282.07,274.36,275.73,245647,0
2015-04-14,278.95,280.71,275.14,279.45,275203,0
2015-04-15,285.04,285.04,273.44,274.71,597458,0
2015-04-16,278.95,280.89,274.2,279.2,582788,0
2015-04-17,280.21,285.54,274.53,277.16,546959,0
2015-04-20,274.2,279.7,270.39,271.23,553395,0
2015-04-21,268.88,275.04,267.09,271.66,407505,0
2015-04-22,266.66,272.01,265.82,268.29,458036,0
2015-04-23,269.21,278.86,265.15,271.58,1092970,0
2015-04-24,271.32,277.59,270.04,270.31,438440,0
2015-04-27,270.31,271.58,266.32,270.31,291849,0
2015-04-28,272.34,273.11,268.69,272.43,258887,0
2015-04-29,272.16,297.22,272.09,296.21,1160672,0
2015-04-30,295.86,302.72,287.75,290.11,928656,0
2015-05-01,292.49,293.67,284.61,291.98,187428,0
2015-05-05,295.43,296.46,283.6,283.6,353628,0
2015-05-06,286.05,286.64,267.34,272.67,615328,0
2015-05-07,269.21,279.36,269.21,277.66,755133,0
2015-05-08,284.36,296.72,281.91,283.69,648632,0
2015-05-11,288.34,296.72,281.91,285.37,521299,0
2015-05-12,280.71,294.68,280.71,292.82,493563,0
2015-05-13,290.46,296.13,290.46,291.05,537088,0
2015-05-14,293.93,293.93,283.69,286.39,361682,0
2015-05-15,288.68,292.66,284.78,288.5,298084,0
2015-05-18,290.88,292.57,288.59,290.11,300939,0
2015-05-19,289.53,293.24,287.2,291.31,484528,0
2015-05-20,293.24,293.24,283.09,286.64,529126,0
2015-05-21,287.83,289.18,284.45,287.83,455987,0
2015-05-22,285.62,289.69,285.03,287.83,271627,0
2015-05-26,284.26,285.88,274.96,276.65,340214,0
2015-05-27,272.67,286.64,272.67,284.19,342955,0
2015-05-28,287.75,292.31,282.83,285.04,443299,0
2015-05-29,284.45,285.88,281.57,283.6,427102,0
2015-06-01,283.6,289.36,280.64,288,485983,0
2015-06-02,291.05,291.05,285.04,290.29,664811,0
2015-06-03,287.57,292.06,283.84,287.24,396728,0
2015-06-04,289.36,294.85,284.45,288.68,474995,0
2015-06-05,289.95,289.95,283.18,285.13,357133,0
2015-06-08,283.51,288.25,283.51,284.26,191805,0
2015-06-09,286.64,289.53,283.6,283.93,346825,0
2015-06-10,286.98,292.82,285.2,290.8,313504,0
2015-06-11,298.16,298.16,291.48,291.48,358642,0
2015-06-12,292.99,297.06,290.37,291.13,257773,0
2015-06-15,292.4,297.14,285.47,294.43,446579,0
2015-06-16,293.74,295.43,289.6,292.16,394902,0
2015-06-17,291.88,294.68,284.61,291.98,339014,0
2015-06-18,293.74,300.35,290.03,298.5,357443,0
2015-06-19,297.99,309.92,296.04,305.19,1832915,0
2015-06-22,306.71,308.48,301.2,302.72,333692,0
2015-06-23,302.48,307.9,301.13,305.19,473879,0
2015-06-24,308.83,309.75,303.25,305.87,354214,0
2015-06-25,306.79,309.33,303.41,305.36,386804,0
2015-06-26,306.28,306.28,291.55,294.51,661409,0
2015-06-29,287.32,296.46,285.54,290.71,466620,0
2015-06-30,289.69,292.82,285.29,289.69,343324,0
2015-07-01,290.46,301.89,290.46,300.1,489928,0
2015-07-02,300.08,308.91,299.1,307.27,399343,0
2015-07-03,299.12,307.99,294.78,294.78,250933,0
2015-07-06,295.31,295.31,288.53,290.27,216314,0
2015-07-07,298.34,298.34,282.72,284.46,388462,0
2015-07-08,284.97,286.19,273.86,277.08,307420,0
2015-07-09,275.95,286.81,275.95,284.89,313950,0
2015-07-10,286.71,289.49,285.06,289.49,192712,0
2015-07-13,290.44,294.27,287.4,292.61,152428,0
2015-07-14,292.61,292.61,287.08,292.35,141017,0
2015-07-15,293.13,301.46,292.01,299.82,208140,0
2015-07-16,300.08,301.55,290.09,290.09,279673,0
2015-07-17,292.25,293.57,285.67,287.93,382267,0
2015-07-20,288.45,294.17,287.23,293.73,131592,0
2015-07-21,295.03,300.76,293.22,300.76,392762,0
2015-07-22,299.02,301.46,280.38,283.32,599537,0
2015-07-23,281.94,289.31,281.94,286.19,362603,0
2015-07-24,286.97,289.93,283.68,285.5,253175,0
2015-07-27,286.1,287.75,277.94,282.54,259955,0
2015-07-28,282.03,290,282.03,284.11,184027,0
2015-07-29,288.45,288.45,278.81,279.25,314214,0
2015-07-30,281.24,281.94,272.82,275.79,293083,0
2015-07-31,276.73,277.51,273.79,276.21,611560,0
2015-08-03,276.64,281,266.59,269.88,456765,0
2015-08-04,274.05,277.08,268.41,276.04,197285,0
2015-08-05,274.21,278.53,272.12,277.17,438588,0
2015-08-06,279.16,281.34,276.38,278.81,195953,0
2015-08-07,272.31,281.77,268.85,271.02,174614,0
2015-08-10,274.74,275.6,267.28,273.61,139586,0
2015-08-11,270.23,279.33,270.23,277.13,530348,0
2015-08-12,277.43,277.43,273.44,275.25,309780,0
2015-08-13,279.68,279.68,275.34,278.46,270305,0
2015-08-14,276.73,286.97,276.73,285.67,886681,0
2015-08-17,284.72,287.75,282.46,286.28,358095,0
2015-08-18,288.19,288.19,284.8,284.8,303224,0
2015-08-19,283.84,283.84,277.51,277.6,289513,0
2015-08-20,279.42,281.34,275.19,279.07,262827,0
2015-08-21,279.07,279.07,257.47,258.77,459957,0
2015-08-24,257.22,269.98,248.13,264.93,651542,0
2015-08-25,265.28,270.57,251.84,257.83,687148,0
2015-08-26,256.7,260.16,249.15,251.57,728048,0
2015-08-27,251.23,263.89,251.23,260.42,470667,0
2015-08-28,260.68,261.9,253.74,260.5,289235,0
2015-09-01,256.79,261.79,251.23,260.26,664049,0
2015-09-02,257.9,263.72,257.73,261.73,468679,0
2015-09-03,265.02,267.62,260.68,264.23,398960,0
2015-09-04,260.34,264.5,257.22,258.35,331599,0
2015-09-07,259.12,260.07,254.01,255.75,200951,0
2015-09-08,254.35,257.13,252.53,256.95,490752,0
2015-09-09,260.5,263.38,255.99,263.28,365160,0
2015-09-10,263.19,263.19,258.25,258.35,329434,0
2015-09-11,258.42,259.04,249.66,252.79,222464,0
2015-09-14,253.16,255.75,251.75,255.04,186615,0
2015-09-15,255.83,260.42,254.1,256.7,458338,0
2015-09-16,259.73,260.5,255.91,259.12,316172,0
2015-09-17,260.68,261.99,255.91,257.73,197116,0
2015-09-18,259.47,262.42,255.91,258.59,410349,0
2015-09-21,252.01,262.24,252.01,259.73,687987,0
2015-09-22,261.64,261.64,257.56,260.34,224602,0
2015-09-23,256.61,262.68,256.61,262.08,323985,0
2015-09-24,261.11,263.54,261.02,262.85,261219,0
2015-09-25,262.68,265.63,261.99,264.42,199240,0
2015-09-28,265.88,266.41,262.6,263.98,256163,0
2015-09-29,263.72,266.93,260.77,265.72,263063,0
2015-09-30,268.41,268.41,263.04,265.63,647541,0
2015-10-01,268.24,269.53,267.01,269.09,195755,0
2015-10-02,270.23,275,269.7,275,190340,0
2015-10-05,275.19,277.6,274.66,275.95,190655,0
2015-10-06,277.78,277.78,273.57,276.73,290813,0
2015-10-07,277.78,277.78,272.31,275.87,303942,0
2015-10-08,278.91,278.91,273.61,275.19,254300,0
2015-10-09,278.91,278.91,273.86,275.87,303531,0
2015-10-12,277.51,279.33,275.81,278.38,211843,0
2015-10-13,278.91,278.91,273.36,274.14,320675,0
2015-10-14,280.2,299.12,280.2,294.95,2175486,0
2015-10-15,296.7,308.91,294.27,302.59,995879,0
2015-10-16,302.41,312.23,301.9,308.83,854276,0
2015-10-19,305.88,317.49,305.88,316.45,355431,0
2015-10-20,320.11,331.66,316.73,329.64,1085437,0
2015-10-21,336.59,346.99,330.52,337.47,726244,0
2015-10-22,339.98,339.98,335.55,337.55,500788,0
2015-10-23,335.46,342.67,333.2,333.38,327324,0
2015-10-26,331.82,334.16,328.09,332.78,390610,0
2015-10-27,333.54,337.28,331.22,333.98,382109,0
2015-10-28,332.78,333.47,327.92,329.99,300147,0
2015-10-29,330.43,330.43,324.43,326.27,572586,0
2015-10-30,329.12,329.12,323.59,325.23,376433,0
2015-11-02,325.02,328.53,324.09,324.09,332516,0
2015-11-03,323.06,325.84,320.71,322.35,340095,0
2015-11-04,325.31,326.44,322.63,324.37,316567,0
2015-11-05,325.31,326.7,318.38,320.71,731203,0
2015-11-06,323.24,323.49,318.8,320.81,423425,0
2015-11-09,323.4,323.4,318.72,320.97,360479,0
2015-11-10,322.2,322.2,316.81,319.08,324885,0
2015-11-11,317.49,319.59,310.21,311.09,316789,0
2015-11-12,314.3,314.3,305.19,306.93,191757,0
2015-11-13,305.02,311.52,223.56,299.72,1759183,0
2015-11-16,303.63,304.05,300.42,303.63,1213946,0
2015-11-17,304.93,309.07,301.8,303.63,530425,0
2015-11-18,303.63,304.39,300.51,303.36,347210,0
2015-11-19,300.91,304.24,300.91,303.63,907924,0
2015-11-20,300.23,305.28,300.23,303.63,330733,0
2015-11-23,303.63,303.63,300.08,302.41,203543,0
2015-11-24,302.59,302.59,298.07,300.85,208545,0
2015-11-25,305.36,305.36,300.59,300.59,129412,0
2015-11-26,304.05,305.05,299.29,304.24,240939,0
2015-11-27,306.23,306.23,301.97,302.51,83611,0
2015-11-30,310.56,310.56,301.8,308.66,592151,0
2015-12-01,302.75,312.82,302.75,312.13,190077,0
2015-12-02,306.75,316.54,306.75,316.11,199542,0
2015-12-03,310.74,316.03,307.96,307.96,325463,0
2015-12-04,316.3,317.84,306.75,308.48,422353,0
2015-12-07,315.86,315.86,299.47,300.32,220391,0
2015-12-08,307.27,307.27,298.43,301.02,666675,0
2015-12-09,307.71,307.71,295.9,299.29,511157,0
2015-12-10,301.02,301.47,284.54,286.65,498623,0
2015-12-11,282.69,285.86,280.47,282.06,276770,0
2015-12-14,286.65,286.65,276.33,281.53,205143,0
2015-12-15,278.28,286.83,278.28,283.21,531424,0
2015-12-16,276.42,281.71,260.28,266.1,515624,0
2015-12-17,264.51,268.48,263.53,267.25,1140258,0
2015-12-18,261.96,264.42,256.66,257.1,759832,0
2015-12-21,256.22,268.84,256.22,263.89,472066,0
2015-12-22,265.04,269.81,258.42,268.12,260445,0
2015-12-23,264.59,271.83,261.34,271.83,340998,0
2015-12-24,272.53,276.95,270.95,275.26,37412,0
2015-12-29,276.95,281.18,274.09,278.71,266396,0
2015-12-30,274.29,278.71,269.99,272.89,479358,0
2015-12-31,272.18,275.54,271.48,272.8,55551,0
2016-01-04,269,277.12,259.49,259.49,416887,0
2016-01-05,260.99,261.42,254.63,260.89,236494,0
2016-01-06,253.92,261.6,253.31,260.37,460134,0
2016-01-07,264.59,264.59,254.37,260.89,313030,0
2016-01-08,264.59,264.59,256.66,258.34,309909,0
2016-01-11,264.59,264.59,249.52,249.61,189734,0
2016-01-12,249.17,264.59,249.08,252.61,493472,0
2016-01-13,248.02,262.05,248.02,261.07,905931,0
2016-01-14,267.25,267.25,257.01,258.77,579153,0
2016-01-15,261.07,261.51,258.34,258.77,499457,0
2016-01-18,264.16,264.16,253.05,253.05,410493,0
2016-01-19,260.01,260.01,249.87,249.87,355718,0
2016-01-20,257.1,257.1,245.64,247.84,510184,0
2016-01-21,259.31,284.89,259.31,269,2180664,0
2016-01-22,275.19,275.19,266.26,271.83,1426495,0
2016-01-25,277.65,277.65,263.27,263.53,638551,0
2016-01-26,266.81,267.77,259.39,266.71,520550,0
2016-01-27,265.49,268.57,260.37,266.26,326686,0
2016-01-28,263.72,268.12,261.07,266.1,320064,0
2016-01-29,266.71,275.1,265.22,273.94,217986,0
2016-02-01,274.04,275.7,268.03,272.37,345823,0
2016-02-02,274.84,278.19,272.09,276.95,379231,0
2016-02-03,277.22,281.45,274.04,275.19,496268,0
2016-02-04,279.33,279.33,271.66,274.91,689168,0
2016-02-05,271.48,281.71,271.48,280.12,366833,0
2016-02-08,281.8,281.8,275.1,279.41,379872,0
2016-02-09,276.77,280.74,273.34,276.33,559930,0
2016-02-10,275.8,283.12,274.66,276.87,255789,0
2016-02-11,276.07,277.39,271.57,274.29,363994,0
2016-02-12,270.25,283.21,270.25,281.53,460201,0
2016-02-15,286.65,286.65,281.71,282.06,170621,0
2016-02-16,281.62,285.68,277.03,277.84,716466,0
2016-02-17,279.6,287.97,279.24,284.89,257977,0
2016-02-18,286.91,289.36,278.19,279.76,287713,0
2016-02-19,284.61,284.94,279.76,282.24,180583,0
2016-02-22,281.53,286.44,281.53,283.91,463519,0
2016-02-23,285.06,285.06,280.21,281.09,108315,0
2016-02-24,279.68,283.74,277.03,282.15,283599,0
2016-02-25,281.8,288.9,281.8,288.59,596309,0
2016-02-26,291.59,294.06,289.47,292.56,408712,0
2016-02-29,286.83,293.72,286.83,293.61,202987,0
2016-03-01,297.5,302.79,293.16,300.06,247969,0
2016-03-02,296.09,305.97,296.09,302.79,310513,0
2016-03-03,305.52,305.52,300.85,301.82,206182,0
2016-03-04,305.97,316.73,302.54,316.64,587338,0
2016-03-07,309.23,320.95,309.23,316.99,320181,0
2016-03-08,314.78,316.42,310.82,311.79,178459,0
2016-03-09,310.91,310.91,305.62,307.38,127364,0
2016-03-10,306.49,311.6,305.17,305.35,219840,0
2016-03-11,303.05,308.35,302.97,308.35,243091,0
2016-03-14,311.44,323.34,308.77,318.67,568760,0
2016-03-15,318.22,321.66,314.67,318.22,308687,0
2016-03-16,313.36,320.87,313.36,318.05,380744,0
2016-03-17,321.93,321.93,316.29,319.37,141821,0
2016-03-18,325.54,325.54,315.22,317.51,896590,0
2016-03-21,312.85,313.99,297.76,298.03,481606,0
2016-03-22,297.76,301.69,293.36,301.12,537403,0
2016-03-23,305.17,305.17,298.56,299.96,193015,0
2016-03-24,294.24,298.52,282.41,282.41,760162,0
2016-03-29,285.86,291.06,281.97,289.99,639000,0
2016-03-30,293.71,293.71,288.41,288.41,696130,0
2016-03-31,289.29,289.99,286.21,288.23,650202,0
2016-04-01,288.15,288.15,282.38,286.3,323554,0
2016-04-04,288.59,289.6,283.78,285.06,276143,0
2016-04-05,281.45,285.32,280.92,282.06,285888,0
2016-04-06,287.88,287.88,280.3,282.33,372532,0
2016-04-07,286.21,286.21,282.01,282.33,331909,0
2016-04-08,281.37,283.65,277.65,277.65,219001,0
2016-04-11,278.89,278.89,273.94,275.1,264491,0
2016-04-12,275.19,278.09,274.66,275.1,350276,0
2016-04-13,275.19,277.84,271.88,276.07,773614,0
2016-04-14,280.47,282.24,271.62,277.92,421122,0
2016-04-15,282.15,282.15,274.74,277.03,274950,0
2016-04-18,274.29,277.39,272.27,275.01,483573,0
2016-04-19,281.27,281.37,276.77,278.35,355935,0
2016-04-20,251.37,253.92,233.47,242.55,10875230,0
2016-04-21,239.47,242.12,235.23,238.05,1680722,0
2016-04-22,235.94,239.78,235.94,239.12,1135772,0
2016-04-25,240.25,241.52,236.91,238.22,1002172,0
2016-04-26,234.79,236.38,230.2,232.95,632380,0
2016-04-27,232.14,237.79,231.87,237.79,580180,0
2016-04-28,233.73,240.61,233.73,239.73,2043537,0
2016-04-29,238.14,240.17,234.52,236.81,1302024,0
2016-05-03,236.81,238.41,231.53,233.3,682720,0
2016-05-04,231.61,233.2,228.26,229.77,372765,0
2016-05-05,229.32,231.44,225.7,227.12,319704,0
2016-05-06,225.27,229.06,223.06,226.84,450946,0
2016-05-09,227.74,229.06,219.94,222.7,552299,0
2016-05-10,224.92,224.92,216.17,218.65,728712,0
2016-05-11,216.44,217.94,209.47,210.98,2169150,0
2016-05-12,211.86,211.86,207.54,208.41,907783,0
2016-05-13,210.79,210.79,204.01,206.21,899868,0
2016-05-16,208.69,208.69,204.89,206.21,707285,0
2016-05-17,207.27,213.09,205.51,213.09,911286,0
2016-05-18,212.12,213.36,208.15,212.74,676764,0
2016-05-19,211.32,212.47,205.51,206.64,361988,0
2016-05-20,210,212.21,206.74,212.03,324622,0
2016-05-23,212.56,213.24,206.92,212.83,805870,0
2016-05-24,212.83,224.38,212.62,222.62,1106779,0
2016-05-25,221.29,224.03,219,220.85,771800,0
2016-05-26,219.1,222.09,218.91,219.26,551004,0
2016-05-27,222.34,223.67,219.61,222.26,294944,0
2016-05-31,219.71,222.62,219.26,219.61,467387,0
2016-06-01,222.44,222.44,210.89,211.67,338458,0
2016-06-02,209.47,210,202.24,208.77,713828,0
2016-06-03,209.12,211.06,207.62,209.12,454942,0
2016-06-06,212.39,212.39,206.83,207.54,284392,0
2016-06-07,209.92,209.92,207.19,207.27,372424,0
2016-06-08,209.29,209.29,204.01,204.01,331876,0
2016-06-09,206.39,206.39,201.58,204.54,457169,0
2016-06-10,202.86,202.86,195.54,199.6,754080,0
2016-06-13,200.66,203.75,195.89,196.24,491084,0
2016-06-14,199.51,199.51,188.84,188.84,1100974,0
2016-06-15,194.56,194.56,188.84,190.25,254928,0
2016-06-16,196.17,207.64,193.95,199.15,3465934,0
2016-06-17,199.69,201.54,187.6,197.39,2319767,0
2016-06-20,193.34,206.64,193.34,206.04,879516,0
2016-06-21,202.86,207.19,202.86,205.51,534008,0
2016-06-22,205.51,210.89,205.51,210.62,752875,0
2016-06-23,213.54,214.85,208.06,209.65,840619,0
2016-06-24,202.42,202.42,176.93,179.84,1938003,0
2016-06-27,183.81,183.81,160.7,160.8,1095482,0
2016-06-28,165.02,167.24,162.12,163.26,1385429,0
2016-06-29,167.57,167.57,159.47,159.99,1960668,0
2016-06-30,160.7,163.03,157.72,161.26,2875512,0
2016-07-01,163.85,167.89,158.84,166.07,1074882,0
2016-07-04,169.58,169.58,159.41,159.49,562086,0
2016-07-05,163.85,163.85,153.65,155.14,1730728,0
2016-07-06,154.22,154.22,148.02,148.48,1613941,0
2016-07-07,150.15,157.18,150.15,155.79,1731435,0
2016-07-08,155.14,162.92,154.97,159.78,1977537,0
2016-07-11,162.92,163.31,158.56,162.18,886535,0
2016-07-12,160.15,175.88,160.15,175.42,1465415,0
2016-07-13,173.29,179.3,173.29,175.51,1068123,0
2016-07-14,174.4,176.71,171.71,174.12,2113487,0
2016-07-15,174.22,175.51,167.92,171.07,365967,0
2016-07-18,166.71,172.18,161.9,164.31,1538534,0
2016-07-19,162.27,167.09,162.27,165.88,957039,0
2016-07-20,169.31,170.9,165.05,165.14,958286,0
2016-07-21,166.63,167.92,164.68,165.41,621141,0
2016-07-22,165.88,168.63,159.83,159.95,721179,0
2016-07-25,162.18,164.12,158.4,162.83,678990,0
2016-07-26,162.92,163.2,159.03,159.03,344832,0
2016-07-27,161.99,166.64,159.31,165.32,883446,0
2016-07-28,164.86,167.37,163.01,163.57,1068608,0
2016-07-29,163.57,163.66,160.87,160.97,463902,0
2016-08-01,164.22,164.22,158.56,159.13,403029,0
2016-08-02,160.97,160.97,152.36,156.63,812902,0
2016-08-03,158.56,162.09,157.37,160.42,992629,0
2016-08-04,163.75,163.75,156.73,157.74,590789,0
2016-08-05,160.8,160.8,156.26,157.45,504847,0
2016-08-08,157.65,161.54,156.9,160.42,1136455,0
2016-08-09,161.71,161.71,159.21,160.05,763490,0
2016-08-10,159.21,164.96,157.53,164.96,1521953,0
2016-08-11,164.96,167.4,162.64,166.53,492462,0
2016-08-12,165.78,177.73,165.4,176.25,1189951,0
2016-08-15,175.79,176.62,169.86,173.1,681993,0
2016-08-16,171.53,174.73,170.88,171.25,377313,0
2016-08-17,170.05,172.06,168.29,169.31,292791,0
2016-08-18,169.86,176.25,169.86,175.69,526897,0
2016-08-19,176.34,180.73,175.3,178.93,640112,0
2016-08-22,176.62,181.35,176.62,181.35,906077,0
2016-08-23,180.78,188.37,180.78,186.25,807820,0
2016-08-24,182.27,196.16,182.27,196.16,1039769,0
2016-08-25,193.83,195.51,190.13,192.17,772061,0
2016-08-26,194.02,194.2,188.24,191.15,326440,0
2016-08-30,191.62,192.89,186.34,186.98,525177,0
2016-08-31,187.82,190.14,186.16,188.74,406243,0
2016-09-01,192.64,199.21,190.7,195.96,738574,0
2016-09-02,195.14,202.17,192.17,200.23,937596,0
2016-09-05,200.5,201.4,194.67,196.7,448502,0
2016-09-06,196.61,198,194.02,196.06,623279,0
2016-09-07,194.77,198.74,193.38,195.32,670967,0
2016-09-08,194.2,197.82,192.48,195.79,871111,0
2016-09-09,197.92,197.92,189.31,189.76,469659,0
2016-09-12,186.98,187.72,180.47,185.23,577463,0
2016-09-13,184.2,186.25,181.11,183.75,642656,0
2016-09-14,182.91,183.84,177.54,177.73,753003,0
2016-09-15,176.06,176.55,169.95,174.22,627813,0
2016-09-16,172.08,178.66,172.08,178.66,813893,0
2016-09-19,181.99,181.99,172.83,176.15,516611,0
2016-09-20,172.08,177.27,171.81,175.88,547885,0
2016-09-21,175.97,176.71,171.25,174.4,1945827,0
2016-09-22,174.76,176.34,171.88,175.42,875053,0
2016-09-23,174.68,176.06,170.97,173.37,720947,0
2016-09-26,169.68,172,167.64,171.07,816257,0
2016-09-27,171.25,172.36,164.59,166.44,543161,0
2016-09-28,166.63,175.51,166.63,173.1,1226366,0
2016-09-29,173.93,174.22,171.07,173.56,971090,0
2016-09-30,169.68,176.84,168.85,175.79,1080686,0
2016-10-03,172.18,178.1,172.18,175.05,842938,0
2016-10-04,170.61,185.04,170.61,179.86,1663739,0
2016-10-05,179.86,183.75,179.86,181.44,919759,0
2016-10-06,180.51,181.89,179.86,180.78,873159,0
2016-10-07,184.77,184.77,171.47,171.62,1296660,0
2016-10-10,172,172.54,162.69,162.83,1038976,0
2016-10-11,178.2,195.07,175.88,189.76,3208422,0
2016-10-12,190.41,191.23,183.19,185.5,986752,0
2016-10-13,181.44,181.66,173.37,173.47,807059,0
2016-10-14,174.4,177.45,171.81,176.81,1067760,0
2016-10-17,176.81,177.63,172.36,174.49,1002202,0
2016-10-18,177.64,183.47,175.35,179.59,621609,0
2016-10-19,176.62,179.03,171.71,177.36,635630,0
2016-10-20,175.42,179.76,175.42,177.27,384667,0
2016-10-21,178.01,178.66,175.69,177.45,381644,0
2016-10-24,178.2,179.32,176.06,176.52,558011,0
2016-10-25,174.76,176.89,171.71,172.18,500740,0
2016-10-26,174.3,174.68,169.86,173.47,560443,0
2016-10-27,173.1,179.3,172.08,178.84,871678,0
2016-10-28,180.13,181.52,175.32,179.86,396174,0
2016-10-31,179.21,179.3,175.32,176.52,333061,0
2016-11-01,176.44,181.15,176.44,178.2,368232,0
2016-11-02,178.29,180.34,174.76,175.42,328826,0
2016-11-03,179.39,186.53,175.32,181.62,498303,0
2016-11-04,184.77,184.77,175.51,176.62,539496,0
2016-11-07,176.98,177.79,174.68,177.36,445688,0
2016-11-08,179.03,179.12,174.12,174.59,322315,0
2016-11-09,173.56,177.45,165.88,176.15,500673,0
2016-11-10,175.88,179.59,175.82,177.73,613988,0
2016-11-11,179.59,180.23,175.88,180.23,524048,0
2016-11-14,182.91,183.93,180.76,182.17,496710,0
2016-11-15,183.28,184.2,182.27,183.19,818691,0
2016-11-16,184.77,184.77,180.89,182.17,470186,0
2016-11-17,183.84,185.88,180.13,184.67,323718,0
2016-11-18,187.82,188,182.74,187.08,529621,0
2016-11-21,190.41,190.41,181.89,183.01,511063,0
2016-11-22,184.58,185.88,183.36,185.14,461470,0
2016-11-23,187.18,188.42,183.19,184.77,464729,0
2016-11-24,183.75,186.43,183.19,185.23,1739618,0
2016-11-25,186.53,186.53,182.45,183.01,257582,0
2016-11-28,184.2,184.93,181.89,183.84,831051,0
2016-11-29,180.51,186.16,180.51,184.2,456984,0
2016-11-30,184.58,185.04,183.28,184.67,669917,0
2016-12-01,188.74,188.74,181.27,184.86,315745,0
2016-12-02,180.51,185.04,180.51,184.77,464532,0
2016-12-05,184.4,185.56,176.85,185.23,599968,0
2016-12-06,189.39,189.76,185.5,188.94,305631,0
2016-12-07,186.53,194.05,184.96,193.1,510562,0
2016-12-08,196.33,196.33,189.67,191.34,353513,0
2016-12-09,196.06,196.06,190.13,192.26,285118,0
2016-12-12,191.42,194.12,188.84,189.39,531548,0
2016-12-13,192.81,195.41,190.41,195.32,458869,0
2016-12-14,196.24,196.58,192.81,194.67,455192,0
2016-12-15,194.64,200.16,190.84,198.35,755920,0
2016-12-16,201.87,209.39,197.68,209.39,1081605,0
2016-12-19,210.15,213.17,203.96,206.54,330651,0
2016-12-20,206.92,207.77,205.87,207.2,209180,0
2016-12-21,206.54,207.39,205.01,207.39,276349,0
2016-12-22,207.39,212.79,205.79,209.58,331718,0
2016-12-23,210.24,213.17,208.81,210.81,154356,0
2016-12-28,217.67,217.76,209.76,214.15,415873,0
2016-12-29,209.48,214.43,207.58,208.63,285401,0
2016-12-30,213.38,213.38,208.63,211.67,108878,0
2017-01-03,210.24,210.24,200.54,201.68,382244,0
2017-01-04,206.34,206.34,192.55,194.07,662281,0
2017-01-05,195.5,200.73,194.07,196.64,376849,0
2017-01-06,199.01,199.01,194.84,196.93,278840,0
2017-01-09,199.78,200.73,195.4,199.31,214978,0
2017-01-10,200.06,200.76,198.35,199.59,379404,0
2017-01-11,204.06,204.06,198.26,200.73,475659,0
2017-01-12,205.11,205.11,198.54,199.31,555326,0
2017-01-13,201.3,201.3,197.45,199.59,265087,0
2017-01-16,204.06,204.06,197.88,199.11,277868,0
2017-01-17,194.92,200.25,194.92,199.39,315931,0
2017-01-18,198.54,199.39,192.36,193.31,457159,0
2017-01-19,198.83,212.82,198.83,206.44,1174636,0
2017-01-20,208.91,213.38,204.44,210.34,1701246,0
2017-01-23,212.15,212.44,207.39,207.39,314278,0
2017-01-24,207.01,210.06,204.91,205.67,378901,0
2017-01-25,207.96,209.48,206.92,208.35,2951464,0
2017-01-26,209.29,218.25,208.35,214.81,847517,0
2017-01-27,213.95,217.67,213.19,214.15,412131,0
2017-01-30,216.9,216.9,207.1,207.1,249879,0
2017-01-31,206.72,210.15,206.54,207.96,366298,0
2017-02-01,212.05,217.47,205.96,216.62,526309,0
2017-02-02,219.66,220.04,214.18,215.57,521712,0
2017-02-03,211.86,215.43,210.81,215,266006,0
2017-02-06,212.52,213.95,209.58,210.34,181246,0
2017-02-07,212.72,215.9,208.05,209.1,387509,0
2017-02-08,210.72,212.52,208.72,209.96,326695,0
2017-02-09,209.68,211.67,208.53,209.1,323218,0
2017-02-10,206.25,215.96,206.25,210.81,231750,0
2017-02-13,209.58,214.53,209.1,212.62,352236,0
2017-02-14,214.15,214.43,210.24,210.44,206316,0
2017-02-15,206.82,211.1,206.82,209.1,381258,0
2017-02-16,209.68,210.81,207.08,207.1,253228,0
2017-02-17,206.63,211.01,205.89,209.29,403811,0
2017-02-20,209.29,214.05,209.29,211.39,149200,0
2017-02-21,215.48,215.48,207.1,208.53,372434,0
2017-02-22,208.43,210.25,206.25,207.77,268121,0
2017-02-23,207.48,208.25,201.87,205.49,552292,0
2017-02-24,202.92,205.87,199.11,200.35,437709,0
2017-02-27,200.64,203.4,198.35,198.54,371723,0
2017-02-28,199.11,199.11,191.5,192.45,793274,0
2017-03-01,193.12,194.84,187.41,191.4,1633331,0
2017-03-02,188.64,192.92,188.64,190.84,471216,0
2017-03-03,186.46,198.64,186.46,196.55,575697,0
2017-03-06,193.41,198.06,193.31,198.06,473920,0
2017-03-07,192.65,197.5,192.65,194.07,444727,0
2017-03-08,194.26,195.21,192.26,193.79,315286,0
2017-03-09,197.59,197.78,192.9,196.93,261636,0
2017-03-10,194.54,198.45,193.03,197.88,405821,0
2017-03-13,194.54,199.69,193.61,199.69,377984,0
2017-03-14,197.88,198.36,191.88,192.83,845197,0
2017-03-15,194.16,194.16,191.12,192.74,327206,0
2017-03-16,189.6,198.16,189.6,197.4,421032,0
2017-03-17,197.21,205.21,197.21,204.34,2676266,0
2017-03-20,204.3,204.54,199.54,200.97,334462,0
2017-03-21,203.35,205.25,198.35,199.31,264741,0
2017-03-22,196.45,198.04,192.88,196.45,224363,0
2017-03-23,191.22,201.92,191.22,201.92,851747,0
2017-03-24,201.2,204.3,198.8,203.11,280259,0
2017-03-27,202.15,206,201.69,205.25,283752,0
2017-03-28,205.96,212.39,204.77,206.67,322930,0
2017-03-29,209.29,209.56,204.54,205.96,276284,0
2017-03-30,199.78,205.74,195.26,197.88,612760,0
2017-03-31,203.35,203.35,192.35,199.54,758758,0
2017-04-03,204.54,204.54,198.35,200.26,507054,0
2017-04-04,203.35,203.58,199.54,199.78,280987,0
2017-04-05,204.3,204.3,199.96,200.02,276662,0
2017-04-06,200.97,204.13,199.54,201.44,346010,0
2017-04-07,197.16,203.83,197.16,201.92,475344,0
2017-04-10,202.4,204.66,199.54,199.78,595989,0
2017-04-11,197.4,204.3,185.27,200.26,1140140,0
2017-04-12,196.45,203.58,195.02,202.63,414036,0
2017-04-13,199.06,205.72,199.06,204.3,538865,0
2017-04-18,203.58,209.4,203.11,206.2,508220,0
2017-04-19,206.67,214.08,206.67,214.05,558866,0
2017-04-20,213.1,215.48,210.24,214.28,363524,0
2017-04-21,216.67,220.23,213.81,214.05,489471,0
2017-04-24,214.05,218.8,214.05,215,284081,0
2017-04-25,220.47,220.47,212.86,215.24,486609,0
2017-04-26,216.9,217.76,212.86,215.48,375552,0
2017-04-27,214.53,229.5,214.53,228.32,1800138,0
2017-04-28,228.32,230.7,224.75,226.89,691218,0
2017-05-02,236.16,254.01,231.79,253.29,1659074,0
2017-05-03,247.83,254.24,246.79,251.15,3172182,0
2017-05-04,254.24,257.33,248.77,255.67,3423281,0
2017-05-05,256.86,257.1,248.54,249.72,643901,0
2017-05-08,249.49,253.53,246.75,252.1,734100,0
2017-05-09,248.54,256.86,248.54,251.39,514693,0
2017-05-10,253.06,256.15,249.72,256.15,1549593,0
2017-05-11,256.86,256.86,247.11,250.92,1265384,0
2017-05-12,249.49,254.48,249.24,251.15,510725,0
2017-05-15,256.38,256.38,248.54,249.96,525269,0
2017-05-16,247.83,253.53,247.35,251.15,486191,0
2017-05-17,247.35,249.24,245.44,249.24,867431,0
2017-05-18,249.01,253.06,247.23,252.34,446481,0
2017-05-19,252.1,255.67,249.49,252.34,207015,0
2017-05-22,250.92,256.86,249.77,254.01,360898,0
2017-05-23,254.24,256.62,252.81,254.72,379626,0
2017-05-24,252.1,261.85,252.1,260.67,1859675,0
2017-05-25,259.48,267.32,257.57,265.18,3208251,0
2017-05-26,264.94,272.8,263.52,264.71,910483,0
2017-05-30,275.18,275.18,261.85,267.8,775308,0
2017-05-31,270.66,273.75,268.99,273.03,959833,0
2017-06-01,275.89,276.12,268.75,270.18,1088408,0
2017-06-02,270.18,275.89,270.18,274.46,646470,0
2017-06-05,278.5,278.5,270.61,274.22,764676,0
2017-06-06,274.7,274.7,269.94,272.8,794514,0
2017-06-07,275.18,276.6,272.8,273.98,685222,0
2017-06-08,278.02,278.02,273.03,274.7,494444,0
2017-06-09,276.12,276.12,268.28,273.98,542496,0
2017-06-12,274.22,274.93,269.7,272.55,414084,0
2017-06-13,276.6,276.6,271.13,271.13,412876,0
2017-06-14,269.23,277.31,269.23,273.03,343310,0
2017-06-15,267.56,272.26,255.44,258.76,562573,0
2017-06-16,259.95,262.57,257.57,260.9,1018206,0
2017-06-19,260.19,271.33,260.19,270.89,300493,0
2017-06-20,281.11,291.11,281.11,291.11,428523,0
2017-06-21,300.38,300.38,287.77,290.15,188702,0
2017-06-22,292.29,293.49,286.59,291.11,57493,0
2017-06-23,293.01,295.58,290.92,294.2,101985,0
2017-06-26,294.44,299.49,292.77,297.29,77828,0
2017-06-27,295.86,301.57,293.96,297.05,211704,0
2017-06-28,303,303,294.86,300.86,196648,0
2017-06-29,308.23,308.23,297.29,298.24,361622,0
2017-06-30,301.57,301.57,292.54,294.92,111781,0
2017-07-03,294.92,303.29,293.77,296.91,732465,0
2017-07-04,290.15,299.39,290.15,293.39,162263,0
2017-07-05,293.2,296.53,290.8,296.53,112378,0
2017-07-06,302.55,302.55,291.7,295.41,384314,0
2017-07-07,288.66,298.46,288.66,297.37,37861,0
2017-07-10,300.6,300.6,293.46,297.66,20854,0
2017-07-11,294.34,304.9,292.28,292.87,63168,0
2017-07-12,291.01,298.23,291.01,297.86,45340,0
2017-07-13,282.8,292.58,268.71,278.59,461388,0
2017-07-14,277.61,279.68,270.47,271.35,221477,0
2017-07-17,269.3,280.64,269.3,280.55,48493,0
2017-07-18,277.81,283.77,276.34,278.69,70955,0
2017-07-19,284.36,291.6,282.7,286.81,135518,0
2017-07-20,285.93,293.02,285.93,289.54,132756,0
2017-07-21,291.4,294.92,285.93,290.13,78850,0
2017-07-24,289.74,290.28,285.53,285.93,370008,0
2017-07-25,284.46,289.54,284.46,288.47,326551,0
2017-07-26,291.11,295.61,288.76,293.16,532142,0
2017-07-27,294.73,300.5,292.48,299.23,359265,0
2017-07-28,298.84,305.2,297.32,303.14,449978,0
2017-07-31,301.58,306.66,301.58,305.59,455639,0
2017-08-01,306.27,306.27,301.48,303.24,535265,0
2017-08-02,305.88,307.93,303.01,307.15,835591,0
2017-08-03,309.7,312.26,308.03,310.48,629616,0
2017-08-04,311.65,317.81,308.23,314.59,318685,0
2017-08-07,315.17,317.42,310.87,312.83,344421,0
2017-08-08,312.24,320.03,310.8,319.18,455059,0
2017-08-09,318.5,321.43,317.03,318.21,239031,0
2017-08-10,317.42,320.16,312.68,312.83,296923,0
2017-08-11,319.97,319.97,304.8,312.04,251775,0
2017-08-14,319.38,322.31,312.92,319.38,357049,0
2017-08-15,314.68,318.5,312.42,313.9,248257,0
2017-08-16,320.46,322.33,318.6,320.36,283987,0
2017-08-17,314.1,323.97,314.1,320.16,307707,0
2017-08-18,321.63,321.63,315.66,320.94,308494,0
2017-08-21,312.43,323.95,312.43,322.41,442049,0
2017-08-22,319.18,323.59,310.97,314.68,387250,0
2017-08-23,316.64,317.81,311.26,313.31,241334,0
2017-08-24,312.83,317.81,309.3,312.34,345847,0
2017-08-25,312.73,313.27,309.75,312.73,207779,0
2017-08-29,314,314,309.6,312.04,220912,0
2017-08-30,312.83,317.06,312.83,315.08,144069,0
2017-08-31,309.99,320.3,309.99,319.87,283941,0
2017-09-01,315.08,327.69,315.08,327.69,288383,0
2017-09-04,327.11,330.14,327.11,329.75,154608,0
2017-09-05,330.14,336.56,330.14,331.8,281304,0
2017-09-06,328.57,332.68,328.57,332,318914,0
2017-09-07,328.77,340.51,328.77,339.43,190765,0
2017-09-08,333.56,334.35,305.39,312.53,1177042,0
2017-09-11,312.04,323.78,311.55,321.04,445900,0
2017-09-12,327.6,340.61,322.48,338.36,765486,0
2017-09-13,336.6,348.82,336.6,342.66,631979,0
2017-09-14,345.89,349.12,342.69,342.86,266075,0
2017-09-15,338.45,348.97,337.87,348.92,919552,0
2017-09-18,351.17,352.7,347.55,349.02,460583,0
2017-09-19,349.02,350.68,345.2,347.65,554104,0
2017-09-20,344.42,347.36,344.42,347.36,506045,0
2017-09-21,337.48,346.87,333.37,336.2,672417,0
2017-09-22,336.4,341.29,333.95,340.41,634807,0
2017-09-25,342.37,345.4,340.7,345.2,503694,0
2017-09-26,343.35,344.81,330.24,332.59,591987,0
2017-09-27,335.91,336.2,328.67,333.95,643460,0
2017-09-28,332.68,335.32,330.34,335.32,620127,0
2017-09-29,332.68,345.6,332.68,343.54,27705,0
2017-10-02,343.44,350.19,343.25,347.55,374698,0
2017-10-03,343.83,350.68,343.83,350,297057,0
2017-10-04,351.27,351.42,342.76,344.71,331757,0
2017-10-05,342.66,348.53,342.66,346.48,454373,0
2017-10-06,345.79,349.61,345.6,346.96,557284,0
2017-10-09,346.77,350.68,343.15,344.03,396701,0
2017-10-10,340.41,345.4,340.41,342.66,292813,0
2017-10-11,346.67,349.61,341.92,342.37,545227,0
2017-10-12,342.37,347.26,322.71,323.49,1187022,0
2017-10-13,327.69,340.61,322.47,339.53,1596919,0
2017-10-16,335.81,340.61,310.58,310.58,1150915,0
2017-10-17,309.4,314.1,290.68,301.48,1187562,0
2017-10-18,303.04,304.12,298.54,302.55,488646,0
2017-10-19,310.18,327.67,305.98,318.6,1527702,0
2017-10-20,319.48,319.48,300.4,305.29,845327,0
2017-10-23,305.29,309.28,298.15,306.27,610082,0
2017-10-24,298.64,307.05,298.64,307.05,252744,0
2017-10-25,304.8,304.8,300.25,301.77,341197,0
2017-10-26,301.77,302.46,298.74,299.52,412989,0
2017-10-27,310.97,311.07,296.98,297.08,476194,0
2017-10-30,294.73,300.89,292.53,297.66,360672,0
2017-10-31,296.98,298.99,294.63,294.63,281477,0
2017-11-01,291.4,302.26,285.35,294.63,455347,0
2017-11-02,304.8,304.8,293.85,298.25,512733,0
2017-11-03,297.27,299.33,295.9,297.76,572263,0
2017-11-06,303.34,303.34,296.29,297.66,327160,0
2017-11-07,296.29,296.88,289.94,289.94,327855,0
2017-11-08,289.54,292.2,284.56,286.61,450296,0
2017-11-09,287.69,287.69,279.37,279.37,384050,0
2017-11-10,280.45,281.94,278.1,280.15,374535,0
2017-11-13,278.78,278.78,270.96,275.65,441402,0
2017-11-14,270.08,281.28,270.08,274.87,535312,0
2017-11-15,275.65,275.65,264.41,264.41,470628,0
2017-11-16,264.21,266.9,262.35,264.11,513133,0
2017-11-17,263.92,270.96,263.23,270.96,636444,0
2017-11-20,269.49,276.83,269.49,274.48,284231,0
2017-11-21,272.13,277.42,270.67,276.53,349872,0
2017-11-22,272.72,278.59,272.13,275.85,490411,0
2017-11-23,270.37,273.89,267.24,268.51,125406,0
2017-11-24,274.19,274.19,260.59,262.35,543662,0
2017-11-27,263.04,267.54,259.42,265.97,326278,0
2017-11-28,260.49,267.73,260.49,265.19,248903,0
2017-11-29,268.51,278.59,267.44,275.85,425772,0
2017-11-30,276.14,278.78,270.76,275.85,547176,0
2017-12-01,275.07,275.07,269,274.09,400201,0
2017-12-04,275.17,279.76,272.23,275.95,359730,0
2017-12-05,277.32,277.32,269.2,270.08,375795,0
2017-12-06,270.18,273.5,244.84,253.35,1163093,0
2017-12-07,254.04,257.26,249.93,255.31,611919,0
2017-12-08,252.37,260,249.63,251.4,553580,0
2017-12-11,254.13,263.53,251.69,263.13,519807,0
2017-12-12,262.74,266.85,259.03,259.81,390765,0
2017-12-13,261.37,262.35,253.84,254.33,696487,0
2017-12-14,259.9,262.6,253.8,259.7,696433,0
2017-12-15,265,265,253.5,255.4,615371,0
2017-12-18,261.6,262.5,255.3,256,330722,0
2017-12-19,256,260.1,251,257,365629,0
2017-12-20,263.3,267.3,255.5,265.2,255806,0
2017-12-21,264.4,269.3,259.6,265.7,194525,0
2017-12-22,265,273.6,262.1,270.4,152662,0
2017-12-27,266.5,269.3,265.3,268,158201,0
2017-12-28,269.7,269.7,264.9,266.1,133611,0
2017-12-29,266.8,271.4,266.8,270.7,71710,0
2018-01-02,277,277,264,266.6,160568,0
2018-01-03,270,286.2,270,285.8,967859,0
2018-01-04,284.6,288.6,280,284.6,749644,0
2018-01-05,284,285.2,279,284.2,647550,0
2018-01-08,287.2,287.2,278.2,283,284927,0
2018-01-09,285,287.4,283.2,286,346194,0
2018-01-10,290.8,290.8,282,283.2,473455,0
2018-01-11,282.6,290,278.2,281.8,518760,0
2018-01-12,278.2,290.2,278.2,287.4,404336,0
2018-01-15,289.2,297.8,283,291,527901,0
2018-01-16,290.4,292.2,283.6,284.4,362365,0
2018-01-17,284.8,285.2,275.2,276.2,257063,0
2018-01-18,276.6,278.2,270,272,396659,0
2018-01-19,272.8,273.4,265.4,269.4,474696,0
2018-01-22,272.8,282.4,272,278.8,510281,0
2018-01-23,268,268,227.8,231.4,5159560,0
2018-01-24,230.6,236.8,222.2,225.2,1759678,0
2018-01-25,225.2,225.2,219.6,223,1626786,0
2018-01-26,222.8,226.4,213.4,213.6,1524394,0
2018-01-29,214.6,214.6,202.8,207,1344854,0
2018-01-30,206.6,215,205.4,209.2,1457896,0
2018-01-31,209.2,211.4,201,201.2,881272,0
2018-02-01,200,207.4,199.5,201.4,803048,0
2018-02-02,201.2,205,201,202.6,1087682,0
2018-02-05,199.6,202.8,197.6,200,1160283,0
2018-02-06,197.6,204,191.8,201.4,908160,0
2018-02-07,202,208.6,199.7,202.8,1366228,0
2018-02-08,202.8,206.2,197.6,198.1,742134,0
2018-02-09,198.5,202,195.7,200,686481,0
2018-02-12,199.9,202,196.2,199.7,563458,0
2018-02-13,200,205.8,196.2,205.2,669084,0
2018-02-14,205.4,209.8,205.2,205.4,689860,0
2018-02-15,206.2,209.2,191,193,1600516,0
2018-02-16,193.2,195.4,188.2,189,996878,0
2018-02-19,190.7,200.2,189.3,199,3274499,0
2018-02-20,199.3,202.4,194.6,197.3,725210,0
2018-02-21,197.1,203,196.3,200.8,742461,0
2018-02-22,200.8,202,196.4,200,839466,0
2018-02-23,200.8,203.4,199.5,202.6,383970,0
2018-02-26,200.2,206.8,200.2,202,622872,0
2018-02-27,203,206,201,201.8,1090396,0
2018-02-28,202.2,202.2,190.4,190.5,1131716,0
2018-03-01,190.9,194.6,187.3,190,911184,0
2018-03-02,190.1,190.8,185.6,188.2,702466,0
2018-03-05,189.3,201.2,187.4,199.9,795530,0
2018-03-06,199.3,202.2,196,198.2,705987,0
2018-03-07,198.4,202.6,196.6,202.6,479590,0
2018-03-08,203,203.8,199.2,200,422217,0
2018-03-09,198.8,200.2,192.7,193,204469,0
2018-03-12,192.6,196,191.9,194,527991,0
2018-03-13,194.3,194.8,188.9,190.2,355869,0
2018-03-14,190.4,193.7,189.6,190.3,416530,0
2018-03-15,190.3,191.4,188.6,189.9,421147,0
2018-03-16,189.6,190.1,181.2,182.4,3881037,0
2018-03-19,182.7,186.5,182.7,184.4,398326,0
2018-03-20,184.7,191.3,184.4,188.2,813483,0
2018-03-21,187.3,187.4,175,175.8,419383,0
2018-03-22,175.2,176.4,164.7,168,915545,0
2018-03-23,167.7,175.6,163.8,172,1371004,0
2018-03-26,174.8,175.7,170.9,171.1,419943,0
2018-03-27,173,174.6,170.1,171,303934,0
2018-03-28,170.5,173.4,169,172.6,634080,0
2018-03-29,172.5,179,172.5,176.5,728489,0
