Date,Open,High,Low,Close,Volume,OpenInt
2015-03-27,415.22,415.22,411.48,411.48,6775,0
2015-03-30,415.22,415.22,405.57,405.57,2238,0
2015-03-31,415.22,415.22,405.57,405.57,1291,0
2015-04-01,414.97,414.97,391.08,405.57,5760,0
2015-04-02,404.86,404.86,395.91,395.91,1634,0
2015-04-08,404.61,404.61,397.07,397.07,1479,0
2015-04-10,397.07,397.07,397.07,397.07,1036,0
2015-04-13,400.74,404.61,400.74,404.61,1720,0
2015-04-14,404.61,404.61,391.31,391.31,3887,0
2015-04-15,396.11,396.11,395.91,395.91,5099,0
2015-04-16,409.43,409.43,409.43,409.43,467,0
2015-04-17,409.43,409.43,409.43,409.43,1527,0
2015-04-20,395.91,409.43,395.91,409.43,1783,0
2015-04-21,409.43,409.43,409.43,409.43,673,0
2015-04-23,395.91,409.43,395.91,409.43,2074,0
2015-04-24,409.43,409.43,395.91,409.19,4193,0
2015-04-27,409.19,409.19,409.19,409.19,414,0
2015-04-28,396.16,396.16,396.16,396.16,518,0
2015-04-29,397.36,397.36,397.36,397.36,1740,0
2015-04-30,409.19,409.19,409.19,409.19,241,0
2015-05-01,403.15,403.15,396.71,396.71,1048,0
2015-05-05,409.19,409.19,396.64,396.64,2431,0
2015-05-06,408.21,410.4,408.21,410.4,1647,0
2015-05-08,410.4,415.22,410.4,415.22,795,0
2015-05-11,405.57,415.22,405.57,405.57,1224,0
2015-05-12,415.22,415.22,401.22,401.22,1657,0
2015-05-14,415.22,415.22,406.53,406.53,2009,0
2015-05-15,407.11,407.11,407.11,407.11,134,0
2015-05-18,415.22,415.22,415.22,415.22,695,0
2015-05-19,415.22,434.53,415.22,434.53,3998,0
2015-05-20,435.5,435.5,425.83,425.83,1243,0
2015-05-21,435.5,435.5,435.5,435.5,258,0
2015-05-27,415.22,416.66,415.22,416.66,4143,0
2015-05-29,435.5,435.5,435.5,435.5,1067,0
2015-06-01,419.09,419.09,418.27,418.27,2808,0
2015-06-02,418.12,418.22,418.12,418.22,2540,0
2015-06-03,418.25,425.36,418.25,425.36,3013,0
2015-06-05,415.22,422.95,415.22,422.95,642,0
2015-06-09,430.33,430.33,430.33,430.33,20,0
2015-06-10,435.5,435.5,434.53,434.53,2422,0
2015-06-12,419.28,419.38,415.22,415.22,3007,0
2015-06-15,430.43,430.43,430.43,430.43,1553,0
2015-06-16,429.7,429.7,429.7,429.7,1140,0
2015-06-17,415.22,415.22,415.22,415.22,1036,0
2015-06-18,429.7,431.44,429.7,431.44,1968,0
2015-06-22,431.44,431.44,431.44,431.44,462,0
2015-06-23,444.2,444.2,425.36,444.2,2337,0
2015-06-25,434.53,444.2,434.53,444.2,11910,0
2015-06-26,449.02,458.67,449.02,449.02,3458,0
2015-06-29,477.99,477.99,466.51,477.99,4903,0
2015-06-30,488.61,488.61,482.82,482.82,1336,0
2015-07-01,485.79,495.77,482.82,495.35,5322,0
2015-07-02,495.35,495.35,495.35,495.35,547,0
2015-07-03,487.65,487.65,487.65,487.65,316,0
2015-07-06,496.09,496.09,483.79,483.79,2484,0
2015-07-08,486.38,486.38,486.38,486.38,554,0
2015-07-09,503.59,503.59,503.59,503.59,1533,0
2015-07-10,502.61,502.61,502.61,502.61,487,0
2015-07-13,495.77,502.61,490.39,490.39,4203,0
2015-07-14,501.32,501.32,501.32,501.32,953,0
2015-07-15,503.59,503.59,490.89,491.21,387,0
2015-07-16,503.49,503.49,503.49,503.49,81,0
2015-07-17,503.49,503.49,485.02,485.02,924,0
2015-07-20,508.49,508.49,498.7,498.7,4090,0
2015-07-21,504.82,504.82,504.82,504.82,307,0
2015-07-23,504.82,504.82,504.57,504.57,1694,0
2015-07-27,495.77,510.94,495.77,501.65,1979,0
2015-07-28,498.7,501.65,498.7,501.65,168984,0
2015-07-29,508.49,508.49,508.49,508.49,102,0
2015-07-30,498.7,508.49,498.7,508.49,93826,0
2015-07-31,513.38,523.15,513.38,523.15,2280,0
2015-08-03,523.15,523.15,505.56,505.56,1459,0
2015-08-04,505.56,507.27,505.56,507.27,1145,0
2015-08-05,523.15,523.15,523.15,523.15,188,0
2015-08-06,520.7,520.7,502.22,519.25,4985,0
2015-08-07,502.61,523.15,502.61,513.62,6809,0
2015-08-10,509.46,536.86,509.46,536.86,3350,0
2015-08-11,542.71,557.37,542.71,557.37,3032,0
2015-08-12,548.58,552.49,539.79,552.49,2944,0
2015-08-13,552.49,554.45,546.62,552.49,4346,0
2015-08-14,552.49,552.49,542.71,542.71,4741,0
2015-08-17,537.82,537.82,524.14,524.14,2106,0
2015-08-18,523.15,535.87,523.15,535.87,523,0
2015-08-19,530.98,530.98,518.27,524.62,2687,0
2015-08-20,524.47,524.47,523.15,523.45,1324,0
2015-08-24,508.49,508.49,488.94,488.94,2875,0
2015-08-25,480.48,493.82,480.48,493.82,3084,0
2015-08-26,495.87,495.87,488.94,488.94,2284,0
2015-08-27,493.74,493.74,493.74,493.74,204,0
2015-08-28,500.96,502.92,488.94,502.92,1903,0
2015-09-01,500.66,500.66,500.66,500.66,196,0
2015-09-02,500.66,503.59,489.9,489.9,2194,0
2015-09-03,488.94,497.74,488.94,496.76,2202,0
2015-09-04,496.76,496.76,496.76,496.76,59,0
2015-09-07,479.15,496.76,479.15,496.76,2997,0
2015-09-08,493.82,493.82,493.82,493.82,1022,0
2015-09-09,493.82,494.8,493.82,494.8,2234,0
2015-09-10,498.22,508.49,489.9,508.49,1121,0
2015-09-11,500.55,500.55,500.55,500.55,707,0
2015-09-15,508.88,508.88,508.88,508.88,1126,0
2015-09-17,518.27,518.27,518.27,518.27,613,0
2015-09-18,503.59,503.59,503.59,503.59,204,0
2015-09-21,518.27,537.82,514.37,537.82,4132,0
2015-09-22,528.05,542.71,528.05,542.71,1389,0
2015-09-23,547.61,557.37,537.82,557.37,2639,0
2015-09-24,567.17,586.71,567.17,586.71,3373,0
2015-09-25,586.71,591.62,576.94,576.94,2623,0
2015-09-28,590.63,590.63,590.63,590.63,1352,0
2015-09-29,595.52,596.5,581.83,596.5,2275,0
2015-09-30,596.5,596.5,596.5,596.5,82,0
2015-10-01,584.29,611.16,584.29,606.27,3127,0
2015-10-02,606.67,616.05,606.67,616.05,1469,0
2015-10-05,620.94,620.94,620.94,620.94,654,0
2015-10-06,625.84,625.84,625.84,625.84,102,0
2015-10-07,623.89,640.5,623.89,638.06,3336,0
2015-10-08,643.44,643.92,625.84,625.84,3700,0
2015-10-09,645.4,669.84,645.4,669.84,2520,0
2015-10-12,669.84,669.84,652.72,669.84,2577,0
2015-10-13,669.84,684.51,658.35,682.06,3936,0
2015-10-14,701.13,701.13,645.4,645.4,5349,0
2015-10-15,650.28,650.28,650.28,650.28,1540,0
2015-10-16,649.79,649.79,640.5,640.5,2362,0
2015-10-19,640.5,640.5,640.5,640.5,225,0
2015-10-20,640.5,647.34,635.6,635.6,2752,0
2015-10-21,630.72,647.34,630.72,630.72,1726,0
2015-10-22,630.72,630.72,620.94,620.94,527,0
2015-10-23,617.27,617.27,606.57,606.57,1153,0
2015-10-26,606.27,623.89,606.27,617.97,1793,0
2015-10-27,617.35,617.35,607.24,614.09,2373,0
2015-10-28,606.27,606.27,596.5,596.5,2982,0
2015-10-29,606.27,606.27,591.62,591.62,1311,0
2015-10-30,598.46,598.46,598.46,598.46,12,0
2015-11-02,596.5,596.5,596.5,596.5,82,0
2015-11-03,586.71,596.5,586.71,596.49,2463,0
2015-11-04,586.71,586.71,586.71,586.71,99,0
2015-11-05,595.52,595.52,595.52,595.52,1126,0
2015-11-06,597.97,609.21,597.97,608.97,1893,0
2015-11-09,601.49,601.49,601.49,601.49,413,0
2015-11-10,597.48,609.21,597.48,609.21,1533,0
2015-11-11,614.29,623.39,614.29,623.29,1728,0
2015-11-12,623.29,623.29,613.11,613.6,1014,0
2015-11-13,633.17,633.17,633.17,633.17,159,0
2015-11-16,633.17,633.17,609.21,620.94,2201,0
2015-11-17,609.21,609.21,596.5,596.5,578,0
2015-11-18,596.5,610.18,596.5,610.18,537,0
2015-11-19,609.2,612.14,609.2,612.14,398,0
2015-11-20,596.5,596.5,596.5,596.5,742,0
2015-11-24,607.24,607.24,586.71,586.71,1546,0
2015-11-25,603.34,603.34,603.34,603.34,613,0
2015-11-26,605.51,605.51,596.5,596.5,2086,0
2015-11-27,610.18,610.18,608.22,608.22,1074,0
2015-11-30,607.05,608.22,607.05,607.05,1035,0
2015-12-01,601.39,608.22,594.54,608.22,12502,0
2015-12-02,608.22,611.75,608.22,611.75,1447,0
2015-12-03,600.99,616.05,600.99,616.05,1871,0
2015-12-04,630.72,630.72,630.72,630.72,1022,0
2015-12-07,635.6,655.16,635.6,635.61,4122,0
2015-12-08,611.16,625.84,601.39,617.04,2120,0
2015-12-09,617.04,623.39,617.04,617.04,2110,0
2015-12-10,627.04,627.04,627.04,627.04,157,0
2015-12-14,610.36,610.36,610.36,610.36,30,0
2015-12-15,610.36,610.36,610.36,610.36,958,0
2015-12-16,628.03,628.03,615.75,615.75,1860,0
2015-12-17,605.21,613.79,603.49,613.79,1662,0
2015-12-18,615.27,615.27,615.27,615.27,13,0
2015-12-21,615.27,615.27,608.39,608.39,343,0
2015-12-22,603.49,612.32,603.49,612.32,1335,0
2015-12-23,609.38,609.38,609.38,609.38,154,0
2015-12-24,608.39,608.39,608.39,608.39,152,0
2015-12-29,608.39,625.57,608.39,625.57,1053,0
2015-12-30,625.57,642.74,623.12,635.39,855,0
2015-12-31,635.39,635.39,635.39,635.39,75,0
2016-01-04,635.39,647.64,623.12,635.39,1224,0
2016-01-05,635.39,635.39,632.93,632.93,985,0
2016-01-06,632.93,632.93,623.12,632.93,1754,0
2016-01-07,632.93,632.93,630.47,630.47,917,0
2016-01-08,630.47,642.74,630.47,635.39,1651,0
2016-01-11,635.39,655.5,628.03,642.74,3029,0
2016-01-12,642.74,657.46,642.74,642.74,8,0
2016-01-13,642.74,642.74,628.03,637.83,2323,0
2016-01-14,637.83,642.74,615.5,632.93,8276,0
2016-01-15,632.93,647.64,629.98,637.83,4425,0
2016-01-18,637.83,647.64,618.21,632.93,7873,0
2016-01-19,632.93,642.74,625.57,630.47,8699,0
2016-01-20,630.47,632.93,619.55,632.93,15058,0
2016-01-21,632.93,632.93,623.12,630.47,1686,0
2016-01-22,630.47,634.89,608.39,625.57,2198,0
2016-01-25,625.57,626.07,613.3,625.57,5224,0
2016-01-26,623.12,623.12,613.3,620.66,9968,0
2016-01-27,615.75,617.22,588.77,602.51,7300,0
2016-01-28,602.51,602.51,586.31,586.31,4402,0
2016-01-29,586.31,591.23,586.31,586.31,337,0
2016-02-01,586.31,588.77,559.32,566.69,3123,0
2016-02-02,566.69,568.16,549.53,559.32,1923,0
2016-02-03,559.32,559.32,549.53,559.32,2349,0
2016-02-04,559.32,568.16,559.32,564.24,1559,0
2016-02-05,564.24,574.05,559.32,569.15,4373,0
2016-02-08,569.15,578.95,569.15,578.95,3566,0
2016-02-09,578.95,578.95,569.15,578.95,458,0
2016-02-10,578.95,578.95,578.95,578.95,0,0
2016-02-11,578.95,584.84,569.15,578.95,1528,0
2016-02-12,578.95,592.7,578.95,578.95,893,0
2016-02-15,578.95,592.7,574.05,581.41,1609,0
2016-02-16,581.41,593.68,574.05,581.41,3225,0
2016-02-17,583.87,608.39,583.87,596.13,3627,0
2016-02-18,596.13,605.95,596.13,605.95,1494,0
2016-02-19,605.95,618.21,603.49,610.86,936,0
2016-02-22,610.86,620.58,609.38,615.75,1530,0
2016-02-23,615.75,632.93,615.75,620.66,1400,0
2016-02-24,620.66,620.66,618.21,620.66,408,0
2016-02-25,620.66,635.82,620.66,628.03,1099,0
2016-02-26,628.03,646.66,623.12,635.39,4217,0
2016-02-29,635.39,635.39,635.39,635.39,0,0
2016-03-01,635.39,647.64,635.39,635.39,815,0
2016-03-02,635.39,646.66,623.12,635.39,1595,0
2016-03-03,635.39,647.64,623.12,635.39,2724,0
2016-03-04,635.39,652.56,623.12,635.39,3913,0
2016-03-07,637.83,646.66,635.39,635.39,3582,0
2016-03-08,635.39,635.39,626.07,635.39,3057,0
2016-03-09,635.39,635.39,623.12,630.47,1814,0
2016-03-10,630.47,630.47,623.12,630.47,1954,0
2016-03-11,630.47,630.47,623.12,630.47,1019,0
2016-03-14,630.47,635.87,618.21,625.57,7738,0
2016-03-15,625.57,636.86,620.16,625.57,720,0
2016-03-16,625.57,637.83,621.15,625.57,3440,0
2016-03-17,625.57,631.95,623.12,623.12,5155,0
2016-03-18,623.12,623.12,623.12,623.12,0,0
2016-03-21,623.12,647.64,622.92,625.57,7507,0
2016-03-22,625.57,637.83,625.57,625.57,7619,0
2016-03-23,628.03,628.03,628.03,628.03,1470,0
2016-03-24,628.03,632.93,628.03,630.47,1020,0
2016-03-29,630.47,632.93,628.03,632.93,1392,0
2016-03-30,632.93,637.83,632.93,632.93,2000,0
2016-03-31,632.93,632.93,632.93,632.93,0,0
2016-04-01,632.93,647.64,632.93,632.93,770,0
2016-04-04,632.93,632.93,632.93,632.93,6726,0
2016-04-05,632.93,647.64,632.93,647.64,3363,0
2016-04-06,647.64,647.64,642.74,647.64,3795,0
2016-04-07,647.64,647.64,647.64,647.64,478,0
2016-04-08,647.64,652.56,637.83,647.64,1748,0
2016-04-11,696.71,750.68,691.81,748.23,25828,0
2016-04-12,748.23,767.37,731.05,743.32,32847,0
2016-04-13,743.32,745.78,731.05,740.88,6710,0
2016-04-14,740.88,743.82,740.88,740.88,1342,0
2016-04-15,740.88,747.74,740.88,743.32,1284,0
2016-04-18,743.32,749.21,743.32,748.23,131,0
2016-04-19,748.23,754.61,735.97,748.23,2722,0
2016-04-20,748.23,760.49,748.23,755.59,5043,0
2016-04-21,755.59,768.35,755.59,758.04,4344,0
2016-04-22,758.04,768.35,735.97,743.32,5435,0
2016-04-25,743.32,752.64,743.32,743.32,2303,0
2016-04-26,743.32,752.64,731.05,743.32,3190,0
2016-04-27,743.32,747.74,731.05,743.32,1887,0
2016-04-28,743.32,743.32,722.59,733.51,2387,0
2016-04-29,733.51,733.51,717.32,721.24,1544,0
2016-05-03,721.24,731.05,721.24,721.24,578,0
2016-05-04,721.24,721.24,711.43,721.24,3668,0
2016-05-05,721.24,735.97,716.33,723.7,3470,0
2016-05-06,723.7,734.98,713.88,723.7,1316,0
2016-05-09,723.7,723.7,723.7,723.7,0,0
2016-05-10,723.7,723.7,714.38,723.7,254,0
2016-05-11,723.7,734.98,716.33,723.7,1891,0
2016-05-12,723.7,731.05,723.7,723.7,1019,0
2016-05-13,723.7,723.7,723.7,723.7,0,0
2016-05-16,723.7,723.7,711.43,718.79,6036,0
2016-05-17,718.79,724.68,712.61,718.79,2553,0
2016-05-18,718.79,724.68,712.41,718.79,336,0
2016-05-19,718.79,718.79,712.41,718.79,2134,0
2016-05-20,718.79,721.24,712.9,718.79,2105,0
2016-05-23,718.79,721.24,711.43,718.79,1569,0
2016-05-24,718.79,721.24,718.79,718.79,3001,0
2016-05-25,718.79,726.15,712.41,723.7,1857,0
2016-05-26,723.7,723.7,723.7,723.7,0,0
2016-05-27,723.7,723.7,712.41,723.7,2762,0
2016-05-31,723.7,760.49,723.7,748.23,9945,0
2016-06-01,748.23,775.22,746.75,758.04,11434,0
2016-06-02,758.04,758.04,750.68,755.59,5357,0
2016-06-03,755.59,765.4,751.66,758.04,8772,0
2016-06-06,758.04,762.46,750.68,758.04,5076,0
2016-06-07,758.04,762.46,750.68,758.04,2266,0
2016-06-08,758.04,762.46,751.66,758.04,451,0
2016-06-09,758.04,762.46,751.91,758.04,63495,0
2016-06-10,758.04,762.46,750.68,758.04,663,0
2016-06-13,758.04,758.04,735.97,748.23,1398,0
2016-06-14,748.23,754.61,733.56,743.32,3155,0
2016-06-15,743.32,743.32,726.15,738.41,2578,0
2016-06-16,738.41,745.78,721.24,733.51,1701,0
2016-06-17,733.51,733.51,733.51,733.51,0,0
2016-06-20,733.51,734.98,716.33,726.15,1017,0
2016-06-21,726.15,726.15,716.33,723.7,510,0
2016-06-22,721.24,721.24,706.53,718.79,2039,0
2016-06-23,718.79,721.24,718.79,718.79,246,0
2016-06-24,711.43,714.38,711.43,711.43,103,0
2016-06-27,711.43,714.38,696.71,704.07,2367,0
2016-06-28,713.88,724.91,692.79,713.88,9827,0
2016-06-29,713.88,721.24,705.54,715.37,8303,0
2016-06-30,714.38,725.16,705.05,714.38,1092,0
2016-07-01,714.38,725.16,703.57,714.38,1223,0
2016-07-04,714.38,714.38,703.08,714.38,2446,0
2016-07-05,714.38,724.09,701.62,708.98,4549,0
2016-07-06,708.98,715.37,691.81,704.07,10321,0
2016-07-07,704.07,708.98,704.07,708.98,2333,0
2016-07-08,708.98,708.98,702.69,708.98,1427,0
2016-07-11,708.98,716.33,702.59,711.43,4107,0
2016-07-12,711.43,726.15,702.59,716.33,3337,0
2016-07-13,716.33,735.97,711.43,721.24,2490,0
2016-07-14,725.8,737.2,714.41,725.8,3085,0
2016-07-15,725.8,748.1,723.32,735.72,9844,0
2016-07-18,735.72,747.1,728.29,735.72,4083,0
2016-07-19,735.72,752.06,735.72,743.14,2524,0
2016-07-20,743.14,781.78,740.17,767.91,8271,0
2016-07-21,767.91,771.88,755.53,762.97,3129,0
2016-07-22,762.97,815.48,762.97,805.07,8903,0
2016-07-25,805.07,880.87,795.16,867.01,16299,0
2016-07-26,867.01,901.68,867.01,889.29,4970,0
2016-07-27,886.82,900.69,857.09,879.39,11257,0
2016-07-28,879.39,925.45,879.39,914.07,6595,0
2016-07-29,914.07,926.45,884.73,886.82,8580,0
2016-08-01,886.82,890.77,878.39,881.86,2204,0
2016-08-02,881.86,891.77,872.94,881.86,361,0
2016-08-03,881.86,900.69,867.99,879.39,5911,0
2016-08-04,879.39,891.77,878.14,879.39,2267,0
2016-08-05,879.39,891.77,859.57,867.01,2513,0
2016-08-08,867.01,875.92,855.1,864.52,12357,0
2016-08-09,864.52,881.86,857.09,867.01,4501,0
2016-08-10,867.01,889.78,862.04,876.9,5360,0
2016-08-11,876.9,889.78,868.97,875.92,2657,0
2016-08-12,875.92,889.78,875.92,875.92,2385,0
2016-08-15,875.92,889.78,873.94,879.39,103479,0
2016-08-16,879.39,889.78,867.99,879.39,2533,0
2016-08-17,879.39,879.39,865.91,876.9,608,0
2016-08-18,876.9,889.78,862.54,875.92,2512,0
2016-08-19,875.92,886.82,862.04,875.92,5329,0
2016-08-22,876.9,890.77,864.02,879.39,2947,0
2016-08-23,879.39,896.47,869.97,884.34,6387,0
2016-08-24,884.34,884.34,884.34,884.34,0,0
2016-08-25,884.34,884.34,875.67,884.34,815,0
2016-08-26,886.82,901.68,886.82,887.81,1443,0
2016-08-30,887.81,900.69,875.92,887.81,1695,0
2016-08-31,887.81,900.69,874.93,887.81,4402,0
2016-09-01,887.81,908.62,873.94,896.72,81495,0
2016-09-02,896.72,910.6,888.81,896.72,1515,0
2016-09-05,896.72,918.52,889.34,911.58,2898,0
2016-09-06,916.54,990.86,916.54,978.47,16702,0
2016-09-07,978.47,990.86,966.08,978.47,10122,0
2016-09-08,978.47,985.9,961.13,976,61679,0
2016-09-09,976,976,941.32,948.75,5705,0
2016-09-12,948.75,948.75,926.45,941.32,6133,0
2016-09-13,941.32,951.22,931.4,943.79,13524,0
2016-09-14,943.79,971.04,936.36,956.18,4179,0
2016-09-15,956.18,956.18,941.32,946.26,2310,0
2016-09-16,946.26,950.24,943.3,947.25,1334,0
2016-09-19,947.25,956.18,947.25,952.21,7127,0
2016-09-20,952.21,958.41,952.21,953.7,1521,0
2016-09-21,953.7,967.08,951.22,959.64,1772,0
2016-09-22,959.64,971.34,944.29,959.64,5042,0
2016-09-23,959.64,964.1,946.26,958.65,3207,0
2016-09-26,958.65,960.13,946.26,953.7,10614,0
2016-09-27,953.7,961.13,941.32,953.7,13020,0
2016-09-28,953.7,961.13,946.26,953.7,4934,0
2016-09-29,953.7,959.64,947.25,953.7,368,0
2016-09-30,953.7,959.64,946.26,951.22,5280,0
2016-10-03,951.22,953.49,946.26,951.22,2841,0
2016-10-04,951.22,970.05,947.25,963.61,10834,0
2016-10-05,963.61,969.55,956.18,963.61,9351,0
2016-10-06,963.61,969.55,957.67,963.61,3222,0
2016-10-07,963.61,979.96,963.61,971.04,4571,0
2016-10-10,971.04,1020.58,971.04,1013.15,5702,0
2016-10-11,1013.15,1057.74,1006.72,1057.74,6774,0
2016-10-12,1062.69,1119.67,1062.69,1119.67,19420,0
2016-10-13,1117.19,1144.44,1094.9,1119.67,18348,0
2016-10-14,1119.67,1141.96,1094.9,1119.67,981,0
2016-10-17,1119.67,1138.49,1094.9,1119.67,3308,0
2016-10-18,1119.67,1139.48,1094.9,1117.19,9182,0
2016-10-19,1117.19,1134.53,1099.35,1117.19,2227,0
2016-10-20,1117.19,1119.67,1098.84,1112.23,848,0
2016-10-21,1112.23,1112.23,1060.22,1084.99,4806,0
2016-10-24,1080.04,1094.9,1040.4,1065.17,6742,0
2016-10-25,1065.17,1078.05,1065.17,1065.17,464,0
2016-10-26,1065.17,1065.17,1020.58,1042.87,2737,0
2016-10-27,1042.87,1042.87,990.86,1005.72,6269,0
2016-10-28,1005.72,1005.72,990.86,1005.72,1358,0
2016-10-31,1005.72,1011.66,961.13,988.38,3737,0
2016-11-01,988.38,1000.76,976,988.38,4964,0
2016-11-02,988.38,997.05,971.04,978.47,4362,0
2016-11-03,978.47,978.47,961.13,976,1504,0
2016-11-04,976,980.94,930.9,936.36,10718,0
2016-11-07,936.36,953.2,931.4,951.22,2453,0
2016-11-08,951.22,968.06,951.22,963.61,6203,0
2016-11-09,963.61,971.04,951.22,963.61,2030,0
2016-11-10,963.61,1014.64,963.61,1008.19,12698,0
2016-11-11,1010.68,1040.4,1010.68,1023.06,1798,0
2016-11-14,1023.06,1050.31,1012.86,1037.92,1868,0
2016-11-15,1052.79,1089.93,1039.41,1070.12,15887,0
2016-11-16,1070.12,1089.55,1060.22,1070.12,1758,0
2016-11-17,1070.12,1109.76,1055.26,1080.04,4962,0
2016-11-18,1080.04,1080.04,1055.26,1080.04,2099,0
2016-11-21,1080.04,1099.85,1055.26,1077.55,2920,0
2016-11-22,1077.55,1079.04,1038.42,1050.31,3764,0
2016-11-23,1045.36,1059.92,1045.36,1045.36,564,0
2016-11-24,1045.36,1064.82,1045.36,1047.83,1894,0
2016-11-25,1047.83,1064.82,1045.36,1047.83,1565,0
2016-11-28,1047.83,1065.17,1040.4,1047.83,4131,0
2016-11-29,1047.83,1064.17,1030.49,1047.83,5314,0
2016-11-30,1047.83,1104.8,1042.87,1080.04,7840,0
2016-12-01,1080.04,1109.76,1070.12,1089.93,4824,0
2016-12-02,1092.42,1134.53,1092.42,1112.23,6254,0
2016-12-05,1112.23,1126.6,1084.99,1107.28,6107,0
2016-12-06,1107.28,1113.72,1084.99,1099.85,2949,0
2016-12-07,1099.85,1112.08,1080.04,1099.85,3470,0
2016-12-08,1099.85,1111.73,1084.99,1092.42,2336,0
2016-12-09,1092.42,1098.36,1084.99,1092.42,2014,0
2016-12-12,1092.42,1098.36,1084.99,1092.42,2277,0
2016-12-13,1092.42,1097.87,1080.04,1087.47,4884,0
2016-12-14,1087.47,1089.69,1080.04,1087.47,2924,0
2016-12-15,1089.94,1091.43,1087.47,1089.94,605,0
2016-12-16,1089.94,1092.43,1087.47,1089.94,1286,0
2016-12-19,1089.94,1142.09,1087.47,1127.19,4290,0
2016-12-20,1127.19,1142.09,1102.36,1127.19,2071,0
2016-12-21,1127.19,1141.09,1092.43,1127.19,3945,0
2016-12-22,1127.19,1141.09,1102.36,1127.19,3806,0
2016-12-23,1127.19,1141.09,1102.36,1127.19,477,0
2016-12-28,1127.19,1141.09,1127.19,1127.19,135,0
2016-12-29,1127.19,1141.09,1102.36,1127.19,1423,0
2016-12-30,1127.19,1142.09,1127.19,1127.19,1667,0
2017-01-03,1127.19,1152.02,1102.36,1127.19,3079,0
2017-01-04,1127.19,1152.02,1108.32,1132.15,5321,0
2017-01-05,1132.15,1201.67,1132.15,1181.81,19182,0
2017-01-06,1181.81,1263.74,1161.95,1256.29,7300,0
2017-01-09,1258.78,1310.92,1246.36,1286.09,15676,0
2017-01-10,1286.09,1360.57,1261.26,1330.78,12207,0
2017-01-11,1330.78,1339.71,1300.99,1333.26,52266,0
2017-01-12,1323.33,1355.61,1312.9,1328.3,3470,0
2017-01-13,1328.3,1344.69,1300.99,1323.33,12834,0
2017-01-16,1323.33,1345.68,1300.99,1320.85,4281,0
2017-01-17,1320.85,1347.66,1300.99,1325.81,10664,0
2017-01-18,1325.81,1350.64,1296.02,1320.85,10106,0
2017-01-19,1320.85,1334.75,1301.98,1320.85,4136,0
2017-01-20,1320.85,1334.14,1300.99,1320.85,2490,0
2017-01-23,1320.85,1340.71,1291.05,1315.88,8005,0
2017-01-24,1310.92,1310.92,1291.05,1303.47,2137,0
2017-01-25,1303.47,1315.88,1286.09,1298.5,2928,0
2017-01-26,1298.5,1315.88,1284.59,1303.47,2248,0
2017-01-27,1303.47,1330.78,1300.99,1315.88,2150,0
2017-01-30,1315.88,1400.3,1305.95,1372.99,11434,0
2017-01-31,1372.99,1440.02,1367.52,1422.64,15157,0
2017-02-01,1422.64,1437.04,1380.44,1382.92,15959,0
2017-02-02,1382.92,1410.23,1360.57,1400.3,13759,0
2017-02-03,1400.3,1449.95,1400.3,1427.61,7294,0
2017-02-06,1430.09,1454.92,1405.26,1430.09,5050,0
2017-02-07,1430.09,1447.97,1395.33,1415.19,4893,0
2017-02-08,1415.19,1427.61,1385.4,1400.3,7373,0
2017-02-09,1400.3,1409.23,1375.47,1392.85,5384,0
2017-02-10,1392.85,1413.46,1391.36,1397.81,1129,0
2017-02-13,1397.81,1435.06,1391.36,1410.23,6371,0
2017-02-14,1410.23,1439.03,1405.26,1427.61,4578,0
2017-02-15,1415.19,1440.02,1406.26,1430.09,2473,0
2017-02-16,1422.64,1444.99,1405.26,1422.64,2011,0
2017-02-17,1422.64,1444.99,1408.97,1422.64,2324,0
2017-02-20,1422.64,1444.99,1397.32,1417.68,7151,0
2017-02-21,1417.68,1435.06,1398.31,1410.23,4820,0
2017-02-22,1410.23,1435.06,1390.36,1410.23,758,0
2017-02-23,1410.23,1435.06,1382.72,1402.78,2831,0
2017-02-24,1400.3,1409.9,1375.47,1395.33,2582,0
2017-02-27,1395.33,1413.21,1375.47,1382.92,5218,0
2017-02-28,1382.92,1400.3,1370.5,1395.33,3765,0
2017-03-01,1395.33,1399.31,1355.61,1363.05,5862,0
2017-03-02,1363.05,1363.05,1325.81,1333.26,6789,0
2017-03-03,1333.26,1335.74,1320.85,1330.78,1896,0
2017-03-06,1330.78,1340.71,1320.85,1330.78,2391,0
2017-03-07,1330.78,1333.44,1320.85,1330.78,1891,0
2017-03-08,1328.3,1328.3,1305.95,1320.85,2709,0
2017-03-09,1320.85,1320.85,1296.02,1296.02,5045,0
2017-03-10,1296.02,1298.5,1274.17,1298.5,4227,0
2017-03-13,1298.5,1310.92,1296.02,1298.5,2668,0
2017-03-14,1298.5,1320.85,1281.03,1300.99,2988,0
2017-03-15,1300.99,1310.92,1276.16,1298.5,859,0
2017-03-16,1298.5,1315.88,1281.12,1298.5,6182,0
2017-03-17,1298.5,1315.88,1281.12,1298.5,9371,0
2017-03-20,1298.5,1315.88,1281.12,1298.5,4528,0
2017-03-21,1298.5,1325.81,1289.82,1315.88,3066,0
2017-03-22,1355.61,1407.1,1355.61,1380.44,29611,0
2017-03-23,1380.44,1405.26,1356.6,1380.44,1601,0
2017-03-24,1380.44,1405.26,1360.57,1380.44,3056,0
2017-03-27,1380.44,1405.26,1370.5,1380.44,1090,0
2017-03-28,1380.44,1440.02,1380.44,1415.19,8836,0
2017-03-29,1415.19,1444.99,1410.23,1422.64,7347,0
2017-03-30,1422.64,1454.92,1410.23,1432.57,8046,0
2017-03-31,1432.57,1454.92,1423.63,1432.57,3959,0
2017-04-03,1432.57,1454.92,1410.23,1432.57,6345,0
2017-04-04,1432.57,1449.95,1400.3,1425.12,7224,0
2017-04-05,1425.12,1444.99,1407.25,1425.12,13173,0
2017-04-06,1425.12,1448.96,1408.24,1430.09,9130,0
2017-04-07,1430.09,1430.09,1400.3,1417.68,10518,0
2017-04-10,1417.68,1429.09,1400.3,1417.68,207810,0
2017-04-11,1417.68,1435.06,1400.3,1417.68,3918,0
2017-04-12,1417.68,1454.92,1410.23,1437.54,10283,0
2017-04-13,1437.54,1464.85,1416.18,1442.51,3712,0
2017-04-18,1442.51,1464.85,1429.09,1442.51,9503,0
2017-04-19,1442.51,1461.87,1415.19,1430.09,4341,0
2017-04-20,1430.09,1450.39,1405.26,1425.12,1397,0
2017-04-21,1425.12,1449.95,1405.26,1425.12,7480,0
2017-04-24,1425.12,1449.95,1410.23,1425.12,1270,0
2017-04-25,1425.12,1449.95,1411.22,1425.12,1328,0
2017-04-26,1425.12,1445.42,1414.2,1425.12,1227,0
2017-04-27,1425.12,1449.95,1415.19,1425.12,3440,0
2017-04-28,1425.12,1449.95,1415.19,1427.61,2683,0
2017-05-02,1427.61,1449.95,1415.19,1425.12,2836,0
2017-05-03,1425.12,1425.12,1415.19,1425.12,506,0
2017-05-04,1425.12,1459.88,1425.12,1435.06,163920,0
2017-05-05,1435.06,1461.87,1427.61,1442.51,4614,0
2017-05-08,1447.47,1469.82,1430.09,1454.92,5486,0
2017-05-09,1454.92,1489.68,1450.94,1477.27,2990,0
2017-05-10,1477.27,1504.58,1469.82,1489.68,6369,0
2017-05-11,1489.68,1514.5,1489.68,1499.61,389,0
2017-05-12,1499.61,1524.44,1479.74,1499.61,2907,0
2017-05-15,1499.61,1524.44,1484.71,1507.05,3037,0
2017-05-16,1507.05,1524.44,1494.64,1507.05,2106,0
2017-05-17,1507.05,1524.44,1493.15,1507.05,2582,0
2017-05-18,1507.05,1507.05,1489.68,1507.05,69,0
2017-05-19,1507.05,1524.44,1489.68,1507.05,1771,0
2017-05-22,1507.05,1524.44,1489.68,1507.05,3347,0
2017-05-23,1507.05,1518.48,1490.67,1494.64,1086,0
2017-05-24,1494.64,1494.64,1474.78,1494.64,30,0
2017-05-25,1494.64,1518.48,1469.82,1494.64,2226,0
2017-05-26,1494.64,1518.48,1469.82,1494.64,1907,0
2017-05-30,1494.64,1518.48,1469.82,1494.64,973,0
2017-05-31,1494.64,1519.47,1470.8,1494.64,2185,0
2017-06-01,1494.64,1518.48,1469.82,1494.64,3262,0
2017-06-02,1494.64,1522.45,1479.74,1499.61,1084,0
2017-06-05,1499.61,1509.54,1469.82,1494.64,1885,0
2017-06-06,1494.64,1504.58,1469.82,1489.68,1532,0
2017-06-07,1489.68,1504.58,1469.82,1489.68,3181,0
2017-06-08,1489.68,1509.54,1469.82,1489.68,2239,0
2017-06-09,1489.68,1509.54,1469.82,1489.68,2942,0
2017-06-12,1489.68,1509.54,1469.82,1489.68,3524,0
2017-06-13,1489.68,1489.68,1469.82,1479.74,497,0
2017-06-14,1479.74,1509.54,1473.29,1499.61,3604,0
2017-06-15,1499.61,1523.44,1469.82,1479.74,1637,0
2017-06-16,1479.74,1524.44,1469.82,1502.09,646,0
2017-06-19,1502.09,1524.44,1474.78,1499.61,567,0
2017-06-20,1499.61,1574.1,1499.61,1551.75,6629,0
2017-06-21,1551.75,1598.92,1529.4,1566.65,6876,0
2017-06-22,1566.65,1588.99,1539.34,1564.16,1842,0
2017-06-23,1564.16,1593.96,1549.26,1569.12,597,0
2017-06-26,1569.12,1633.68,1544.3,1623.74,3150,0
2017-06-27,1633.68,1663.48,1603.88,1648.58,20093,0
2017-06-28,1648.58,1718.1,1643.61,1690.79,9787,0
2017-06-29,1690.79,1771.72,1678.37,1747.88,10285,0
2017-06-30,1745.41,1771.23,1688.67,1737.96,6346,0
2017-07-03,1737.96,1749.24,1698.24,1718.1,4170,0
2017-07-04,1718.1,1718.1,1663.48,1678.37,5937,0
2017-07-05,1678.37,1683.34,1668.44,1678.37,1788,0
2017-07-06,1678.37,1688.3,1668.44,1678.37,5881,0
2017-07-07,1678.37,1688.3,1668.44,1688.3,2582,0
2017-07-10,1688.3,1708.16,1668.44,1695.75,3759,0
2017-07-11,1695.75,1723.06,1668.44,1695.75,2934,0
2017-07-12,1695.75,1723.06,1668.44,1695.75,2215,0
2017-07-13,1702.54,1727.5,1672.58,1702.54,1017,0
2017-07-14,1702.54,1719.52,1667.59,1697.55,1336,0
2017-07-17,1697.55,1722.51,1667.59,1690.06,2145,0
2017-07-18,1690.06,1711.53,1657.6,1677.58,4150,0
2017-07-19,1677.58,1691.56,1657.6,1677.58,3115,0
2017-07-20,1677.58,1697.55,1657.6,1677.58,2288,0
2017-07-21,1677.58,1692.55,1657.6,1677.58,1137,0
2017-07-24,1675.08,1687.56,1652.61,1675.08,1689,0
2017-07-25,1675.08,1686.31,1652.61,1675.08,3033,0
2017-07-26,1675.08,1717.52,1657.11,1685.06,3699,0
2017-07-27,1685.06,1717.52,1677.58,1697.55,2726,0
2017-07-28,1697.55,1717.52,1677.58,1705.04,3678,0
2017-07-31,1705.04,1747.47,1695.55,1732.5,5151,0
2017-08-01,1732.5,1747.37,1708.53,1722.51,3663,0
2017-08-02,1722.51,1772.44,1708.53,1744.98,4521,0
2017-08-03,1744.98,1772.34,1719.52,1744.98,1649,0
2017-08-04,1744.98,1782.32,1744.98,1752.47,857,0
2017-08-07,1752.47,1792.31,1744.48,1764.95,7300,0
2017-08-08,1764.95,1788.42,1742.48,1764.95,3565,0
2017-08-09,1764.95,1787.42,1744.48,1764.95,2236,0
2017-08-10,1764.95,1786.42,1744.48,1764.95,781,0
2017-08-11,1764.95,1792.31,1737.49,1752.47,4221,0
2017-08-14,1752.47,1782.42,1733.49,1754.96,3893,0
2017-08-15,1754.96,1787.42,1749.97,1762.45,3003,0
2017-08-16,1762.45,1809.39,1757.46,1779.93,3736,0
2017-08-17,1779.93,1817.37,1779.93,1789.91,3829,0
2017-08-18,1789.91,1807.39,1776.18,1779.93,1629,0
2017-08-21,1779.93,1800.4,1759.46,1779.93,3958,0
2017-08-22,1779.93,1799.4,1752.47,1779.93,1705,0
2017-08-23,1779.93,1796.4,1752.47,1777.43,3561,0
2017-08-24,1777.43,1805.39,1757.46,1782.42,1072,0
2017-08-25,1782.42,1837.34,1770.24,1812.38,5094,0
2017-08-29,1812.38,1862.31,1803.39,1839.84,7053,0
2017-08-30,1839.84,1882.28,1817.37,1849.83,4755,0
2017-08-31,1849.83,1882.28,1828.36,1849.83,562,0
2017-09-01,1849.83,1882.28,1837.34,1849.83,4237,0
2017-09-04,1849.83,1881.28,1833.6,1847.33,6414,0
2017-09-05,1847.33,1877.29,1844.83,1844.83,445,0
2017-09-06,1844.83,1877.29,1844.83,1849.83,3068,0
2017-09-07,1849.83,1886.27,1849.83,1857.32,2831,0
2017-09-08,1857.32,1892.27,1832.35,1862.31,2438,0
2017-09-11,1862.31,1907.24,1862.31,1879.78,2150,0
2017-09-12,1879.78,1917.23,1879.78,1917.23,7551,0
2017-09-13,1917.23,1942.19,1890.27,1909.74,3078,0
2017-09-14,1909.74,1967.16,1897.26,1944.69,9586,0
2017-09-15,1944.69,1971.15,1907.24,1932.21,4583,0
2017-09-18,1932.21,1972.15,1914.73,1944.69,5607,0
2017-09-19,1944.69,1972.15,1918.23,1942.19,3175,0
2017-09-20,1942.19,1962.16,1902.25,1929.71,2742,0
2017-09-21,1929.71,1946.19,1892.27,1919.73,3374,0
2017-09-22,1919.73,1937.2,1892.27,1919.73,5576,0
2017-09-25,1919.73,1942.19,1892.27,1919.73,5236,0
2017-09-26,1919.73,1921.22,1892.27,1919.73,3483,0
2017-09-27,1919.73,1919.73,1812.38,1839.84,9734,0
2017-09-28,1839.84,1839.84,1817.37,1832.35,3458,0
2017-09-29,1832.35,1832.35,1762.45,1762.45,6506,0
2017-10-02,1762.45,1762.45,1700.04,1700.04,25008,0
2017-10-03,1705.04,1727.5,1633.24,1645.12,12667,0
2017-10-04,1645.12,1645.12,1537.78,1572.73,29839,0
2017-10-05,1572.73,1572.73,1472.87,1485.35,29816,0
2017-10-06,1485.35,1566.24,1472.87,1512.81,20892,0
2017-10-09,1512.81,1558.75,1497.84,1530.29,9395,0
2017-10-10,1530.29,1530.29,1465.38,1465.38,19852,0
2017-10-11,1465.38,1587.71,1427.94,1567.73,24598,0
2017-10-12,1572.73,1665.62,1572.73,1652.61,11189,0
2017-10-13,1652.61,1656.61,1632.64,1652.61,2186,0
2017-10-16,1652.61,1667.59,1632.64,1647.62,2517,0
2017-10-17,1647.62,1647.62,1632.64,1635.14,447,0
2017-10-18,1635.14,1635.14,1552.76,1560.25,6997,0
2017-10-19,1560.25,1567.73,1553.75,1560.25,4892,0
2017-10-20,1560.25,1566.24,1477.86,1505.32,4675,0
2017-10-23,1505.32,1514.06,1487.85,1505.32,1023,0
2017-10-24,1505.32,1522.8,1434.17,1517.81,14487,0
2017-10-25,1517.81,1537.78,1488.85,1527.79,2701,0
2017-10-26,1527.79,1535.28,1497.84,1535.28,3884,0
2017-10-27,1535.28,1577.72,1522.8,1547.76,3150,0
2017-10-30,1547.76,1577.72,1522.8,1542.77,4921,0
2017-10-31,1542.77,1559.75,1512.81,1537.78,912,0
2017-11-01,1537.78,1562.74,1487.85,1502.83,2843,0
2017-11-02,1497.84,1507.82,1447.91,1482.86,5146,0
2017-11-03,1482.86,1487.85,1407.97,1437.92,14777,0
2017-11-06,1437.92,1492.84,1427.94,1442.91,6544,0
2017-11-07,1442.91,1452.9,1397.98,1452.9,12245,0
2017-11-08,1452.9,1467.88,1437.92,1452.9,2521,0
2017-11-09,1452.9,1467.88,1437.92,1457.89,1518,0
2017-11-10,1457.89,1467.88,1448.91,1465.38,12882,0
2017-11-13,1477.86,1490.85,1465.88,1487.85,4370,0
2017-11-14,1522.8,1587.71,1522.8,1577.72,4101,0
2017-11-15,1577.72,1602.68,1558.75,1602.68,10877,0
2017-11-16,1602.68,1632.64,1592.7,1625.15,6980,0
2017-11-17,1625.15,1631.59,1618.66,1625.15,524,0
2017-11-20,1625.15,1645.12,1625.15,1645.12,8027,0
2017-11-21,1645.12,1645.12,1625.15,1625.15,4975,0
2017-11-22,1625.15,1667.59,1625.15,1667.59,7726,0
2017-11-23,1667.59,1675.08,1667.59,1675.08,3312,0
2017-11-24,1675.08,1690.06,1675.08,1690.06,5820,0
2017-11-27,1685.06,1730,1685.06,1730,2825,0
2017-11-28,1737.49,1737.49,1730,1730,8171,0
2017-11-29,1730,1730,1730,1730,1149,0
2017-11-30,1732.5,1732.5,1715,1715,7534,0
2017-12-01,1712.5,1712.5,1712.5,1712.5,691,0
2017-12-04,1710,1710,1710,1710,3775,0
2017-12-05,1710,1710,1710,1710,3088,0
2017-12-06,1710,1710,1697.5,1697.5,2138,0
2017-12-07,1697.5,1697.5,1697.5,1697.5,3764,0
2017-12-08,1697.5,1697.5,1697.5,1697.5,217,0
2017-12-11,1697.5,1697.5,1697.5,1697.5,4278,0
2017-12-12,1697.5,1697.5,1697.5,1697.5,370,0
2017-12-13,1697.5,1697.5,1697.5,1697.5,691,0
2017-12-14,1697.5,1697.5,1697.5,1697.5,103693,0
2017-12-15,1697.5,1697.5,1697.5,1697.5,5790,0
2017-12-18,1697.5,1697.5,1697.5,1697.5,3169,0
2017-12-19,1697.5,1697.5,1697.5,1697.5,641,0
2017-12-20,1697.5,1697.5,1697.5,1697.5,77189,0
2017-12-21,1697.5,1697.5,1697.5,1697.5,3060,0
2017-12-22,1697.5,1697.5,1697.5,1697.5,344,0
2017-12-27,1697.5,1697.5,1697.5,1697.5,70,0
2017-12-28,1697.5,1697.5,1690,1690,1758,0
2017-12-29,1690,1695,1690,1695,1033,0
2018-01-02,1695,1695,1667.5,1667.5,4698,0
2018-01-03,1667.5,1667.5,1657.5,1657.5,4761,0
2018-01-04,1652.5,1652.5,1615,1615,6701,0
2018-01-05,1617.5,1670,1617.5,1670,14019,0
2018-01-08,1670,1705,1670,1705,4638,0
2018-01-09,1705,1710,1705,1710,4267,0
2018-01-10,1710,1745,1710,1745,8547,0
2018-01-11,1745,1745,1745,1745,1941,0
2018-01-12,1742.5,1755,1742.5,1755,5878,0
2018-01-15,1755,1755,1727.5,1727.5,7073,0
2018-01-16,1727.5,1740,1727.5,1740,5072,0
2018-01-17,1740,1740,1730,1730,2699,0
2018-01-18,1730,1735,1730,1735,1653,0
2018-01-19,1735,1767.5,1735,1767.5,3095,0
2018-01-22,1767.5,1772.5,1767.5,1772.5,475,0
2018-01-23,1772.5,1797.5,1772.5,1797.5,3082,0
2018-01-24,1630,1685,1630,1685,14636,0
2018-01-25,1685,1732.5,1685,1732.5,4232,0
2018-01-26,1732.5,1732.5,1732.5,1732.5,2179,0
2018-01-29,1732.5,1732.5,1732.5,1732.5,3327,0
2018-01-30,1732.5,1735,1732.5,1735,4787,0
2018-01-31,1735,1815,1735,1815,12654,0
2018-02-01,1815,1832.5,1815,1832.5,9276,0
2018-02-02,1832.5,1832.5,1820,1820,784,0
2018-02-05,1820,1820,1780,1780,3828,0
2018-02-06,1720,1762.5,1720,1762.5,8093,0
2018-02-07,1762.5,1790,1762.5,1790,4502,0
2018-02-08,1790,1790,1775,1775,6682,0
2018-02-09,1775,1775,1760,1760,4021,0
2018-02-12,1760,1760,1760,1760,2824,0
2018-02-13,1760,1792.5,1760,1792.5,5717,0
2018-02-14,1792.5,1815,1792.5,1815,5064,0
2018-02-15,1815,1815,1807.5,1807.5,598,0
2018-02-16,1807.5,1807.5,1790,1790,2038,0
2018-02-19,1790,1790,1762.5,1762.5,2050,0
2018-02-20,1762.5,1762.5,1762.5,1762.5,301,0
2018-02-21,1762.5,1762.5,1762.5,1762.5,1214,0
2018-02-22,1762.5,1762.5,1745,1745,1642,0
2018-02-23,1745,1745,1732.5,1732.5,2314,0
2018-02-26,1732.5,1732.5,1720,1720,2378,0
2018-02-27,1720,1720,1712.5,1712.5,2802,0
2018-02-28,1712.5,1712.5,1712.5,1712.5,2946,0
2018-03-01,1712.5,1712.5,1712.5,1712.5,820,0
2018-03-02,1712.5,1712.5,1712.5,1712.5,289,0
2018-03-05,1712.5,1712.5,1687.5,1687.5,1359,0
2018-03-06,1687.5,1687.5,1687.5,1687.5,1575,0
2018-03-07,1687.5,1687.5,1650,1650,3648,0
2018-03-08,1650,1650,1550,1550,3954,0
2018-03-09,1550,1550,1455,1455,8821,0
2018-03-12,1455,1492.5,1455,1492.5,13920,0
2018-03-13,1492.5,1492.5,1492.5,1492.5,1870,0
2018-03-14,1492.5,1522.5,1492.5,1522.5,2539,0
2018-03-15,1522.5,1555,1522.5,1555,2842,0
2018-03-16,1555,1555,1555,1555,434,0
2018-03-19,1555,1555,1555,1555,640,0
2018-03-20,1555,1557.5,1555,1557.5,1243,0
2018-03-21,1557.5,1557.5,1550,1550,1724,0
2018-03-22,1550,1550,1550,1550,1194,0
2018-03-23,1542.5,1542.5,1542.5,1542.5,487,0
2018-03-26,1542.5,1542.5,1485,1485,5848,0
2018-03-27,1485,1517.5,1485,1517.5,3739,0
2018-03-28,1505,1512.5,1505,1512.5,3218,0
2018-03-29,1512.5,1512.5,1512.5,1512.5,3263,0
