Date,Open,High,Low,Close,Volume,OpenInt
2015-07-20,73.228,73.228,73.228,73.228,0,0
2015-11-16,73.228,73.228,73.228,73.228,0,0
2015-12-24,73.228,73.228,73.228,73.228,0,0
2015-12-29,73.228,73.228,73.228,73.228,0,0
2015-12-30,73.228,73.228,73.228,73.228,0,0
2015-12-31,73.228,73.228,73.228,73.228,0,0
2016-01-04,73.228,73.228,73.228,73.228,0,0
2016-01-05,73.228,73.228,73.228,73.228,0,0
2016-01-06,73.228,73.228,73.228,73.228,0,0
2016-01-07,73.228,73.228,73.228,73.228,0,0
2016-01-08,73.228,73.228,73.228,73.228,0,0
2016-01-11,73.228,73.228,73.228,73.228,0,0
2016-01-12,73.228,73.228,73.228,73.228,430,0
2016-01-13,73.228,73.228,73.228,73.228,0,0
2016-01-14,73.228,73.228,73.228,73.228,0,0
2016-01-15,73.228,73.228,73.228,73.228,0,0
2016-01-18,73.228,73.228,73.228,73.228,0,0
2016-01-19,73.228,73.228,73.228,73.228,0,0
2016-01-20,73.228,73.228,73.228,73.228,0,0
2016-01-21,73.228,73.228,73.228,73.228,430,0
2016-01-22,73.228,73.228,73.228,73.228,0,0
2016-01-25,73.228,73.228,73.228,73.228,0,0
2016-01-26,73.228,73.228,73.228,73.228,0,0
2016-01-27,73.228,73.228,73.228,73.228,0,0
2016-01-28,73.228,73.228,73.228,73.228,0,0
2016-01-29,73.228,73.228,73.228,73.228,0,0
2016-02-01,73.228,73.228,73.228,73.228,0,0
2016-02-02,73.228,73.228,73.228,73.228,0,0
2016-02-03,73.228,73.228,73.228,73.228,0,0
2016-02-04,73.228,73.228,73.228,73.228,0,0
2016-02-05,73.228,73.228,73.228,73.228,0,0
2016-02-08,73.228,73.228,73.228,73.228,0,0
2016-02-09,73.228,73.228,73.228,73.228,0,0
2016-02-10,73.228,73.228,73.228,73.228,0,0
2016-02-11,73.228,73.228,73.228,73.228,0,0
2016-02-12,73.228,73.228,73.228,73.228,0,0
2016-02-15,73.228,73.228,73.228,73.228,0,0
2016-02-16,73.228,73.228,73.228,73.228,0,0
2016-02-17,73.228,73.228,73.228,73.228,0,0
2016-02-18,73.228,73.228,73.228,73.228,0,0
2016-02-19,73.228,73.228,73.228,73.228,0,0
2016-02-22,73.228,73.228,73.228,73.228,0,0
2016-02-23,73.228,73.228,73.228,73.228,0,0
2016-02-24,73.228,73.228,73.228,73.228,0,0
2016-02-25,73.228,73.228,73.228,73.228,0,0
2016-02-26,73.228,73.228,73.228,73.228,0,0
2016-02-29,73.228,73.228,73.228,73.228,0,0
2016-03-01,73.228,73.228,73.228,73.228,0,0
2016-03-02,73.228,73.228,73.228,73.228,0,0
2016-03-03,73.228,73.228,73.228,73.228,0,0
2016-03-04,73.228,73.228,73.228,73.228,0,0
2016-03-07,73.228,73.228,73.228,73.228,0,0
2016-03-08,73.228,73.228,73.228,73.228,0,0
2016-03-09,73.228,73.228,73.228,73.228,0,0
2016-03-10,73.228,73.228,73.228,73.228,0,0
2016-03-11,73.228,73.228,73.228,73.228,0,0
2016-03-14,73.228,73.228,73.228,73.228,0,0
2016-03-15,73.228,73.228,73.228,73.228,0,0
2016-03-16,73.228,73.228,73.228,73.228,0,0
2016-03-17,73.228,73.228,73.228,73.228,0,0
2016-03-18,73.228,73.228,73.228,73.228,0,0
2016-03-21,73.228,73.228,73.228,73.228,0,0
2016-03-22,73.228,73.228,73.228,73.228,0,0
2016-03-23,73.228,73.228,73.228,73.228,0,0
2016-03-24,73.228,73.228,73.228,73.228,0,0
2016-03-29,73.228,73.228,73.228,73.228,0,0
2016-03-30,73.228,73.228,73.228,73.228,0,0
2016-03-31,73.228,73.228,73.228,73.228,0,0
2016-04-01,73.228,73.228,73.228,73.228,0,0
2016-04-04,73.228,73.228,73.228,73.228,0,0
2016-04-05,73.228,73.228,73.228,73.228,0,0
2016-04-06,73.228,73.228,73.228,73.228,0,0
2016-04-07,73.228,73.228,73.228,73.228,0,0
2016-04-08,73.228,73.228,73.228,73.228,0,0
2016-04-11,73.228,73.228,73.228,73.228,0,0
2016-04-12,73.228,73.228,73.228,73.228,0,0
2016-04-13,73.228,73.228,73.228,73.228,0,0
2016-04-14,73.228,73.228,73.228,73.228,0,0
2016-04-15,73.228,73.228,73.228,73.228,0,0
2016-04-18,73.228,73.228,73.228,73.228,0,0
2016-04-19,73.228,73.228,73.228,73.228,0,0
2016-04-20,73.228,73.228,73.228,73.228,0,0
2016-04-21,73.228,73.228,73.228,73.228,0,0
2016-04-22,73.228,73.228,73.228,73.228,0,0
2016-04-25,73.228,73.228,73.228,73.228,0,0
2016-04-26,73.228,73.228,73.228,73.228,0,0
2016-04-27,73.228,73.228,73.228,73.228,0,0
2016-04-28,73.228,73.228,73.228,73.228,0,0
2016-04-29,73.228,73.228,73.228,73.228,0,0
2016-05-03,73.228,73.228,73.228,73.228,0,0
2016-05-04,73.228,73.228,73.228,73.228,0,0
2016-05-05,73.228,73.228,73.228,73.228,0,0
2016-05-06,73.228,73.228,73.228,73.228,0,0
2016-05-09,73.228,73.228,73.228,73.228,0,0
2016-05-10,73.228,73.228,73.228,73.228,0,0
2016-05-11,73.228,73.228,73.228,73.228,0,0
2016-05-12,73.228,73.228,73.228,73.228,0,0
2016-05-13,73.228,73.228,73.228,73.228,0,0
2016-05-16,73.228,73.228,73.228,73.228,0,0
2016-05-17,73.228,73.228,73.228,73.228,0,0
2016-05-18,73.228,73.228,73.228,73.228,0,0
2016-05-19,73.228,73.228,73.228,73.228,0,0
2016-05-20,73.228,73.228,73.228,73.228,0,0
2016-05-23,73.228,73.228,69.921,71.339,5530,0
2016-05-24,71.339,71.339,71.339,71.339,0,0
2016-05-25,71.339,71.339,71.339,71.339,0,0
2016-05-26,71.339,71.339,71.339,71.339,0,0
2016-05-27,71.339,71.339,71.339,71.339,0,0
2016-05-31,71.339,71.339,71.339,71.339,0,0
2016-06-01,71.339,71.339,71.339,71.339,0,0
2016-06-02,71.339,71.339,71.339,71.339,0,0
2016-06-03,71.339,71.339,71.339,71.339,0,0
2016-06-06,71.339,71.339,71.339,71.339,0,0
2016-06-07,71.339,71.339,69.921,71.339,5530,0
2016-06-08,71.339,71.339,71.339,71.339,0,0
2016-06-09,71.339,71.339,71.339,71.339,0,0
2016-06-10,71.339,71.339,71.339,71.339,0,0
2016-06-13,71.339,71.339,71.339,71.339,0,0
2016-06-14,71.339,71.339,71.339,71.339,0,0
2016-06-15,71.339,71.339,71.339,71.339,0,0
2016-06-16,71.339,71.339,69.921,71.339,5530,0
2016-06-17,71.339,71.339,71.339,71.339,0,0
2016-06-20,71.339,71.339,69.921,71.339,5530,0
2016-06-21,71.339,71.339,71.339,71.339,0,0
2016-06-22,71.339,71.339,71.339,71.339,0,0
2016-06-23,71.339,71.339,71.339,71.339,0,0
2016-06-24,71.339,71.339,71.339,71.339,0,0
2016-06-27,71.339,71.339,71.339,71.339,0,0
2016-06-28,71.339,71.339,71.339,71.339,0,0
2016-06-29,71.339,71.339,71.339,71.339,0,0
2016-06-30,71.339,71.339,71.339,71.339,0,0
2016-07-01,71.339,71.339,71.339,71.339,0,0
2016-07-04,60,60,60,60,0,0
2016-07-05,60,60,60,60,0,0
2016-07-06,60,60,60,60,0,0
2016-07-07,60,60,60,60,0,0
2016-07-08,60,61.417,60,60,704,0
2016-07-11,60,60,60,60,0,0
2016-07-12,60,61.417,60,60,3221,0
2016-07-13,60,60,60,60,0,0
2016-07-14,60,60,60,60,0,0
2016-07-15,60,60,60,60,0,0
2016-07-18,60,60,60,60,0,0
2016-07-19,60,60,60,60,0,0
2016-07-20,60,60,60,60,0,0
2016-07-21,60,60,60,60,0,0
2016-07-22,60,60,60,60,0,0
2016-07-25,60,60,60,60,0,0
2016-07-26,60,60,58.5,58.5,665,0
2016-07-27,58.5,58.5,58.5,58.5,0,0
2016-07-28,58.5,58.5,58.5,58.5,0,0
2016-07-29,58.5,58.5,58.5,58.5,0,0
2016-08-01,58.5,58.5,58.5,58.5,1000,0
2016-08-02,58.5,58.5,58.5,58.5,0,0
2016-08-03,58.5,58.5,58.5,58.5,0,0
2016-08-04,58.5,58.5,58.5,58.5,0,0
2016-08-05,58.5,58.5,58.5,58.5,0,0
2016-08-08,58.5,58.5,58.5,58.5,0,0
2016-08-09,58.5,58.5,58.5,58.5,0,0
2016-08-10,58.5,58.5,58.5,58.5,0,0
2016-08-11,58.5,58.5,58.5,58.5,0,0
2016-08-12,58.5,58.5,58.5,58.5,0,0
2016-08-15,58.5,58.5,58.5,58.5,0,0
2016-08-16,58.5,58.5,58.5,58.5,0,0
2016-08-17,58.5,58.5,58.5,58.5,0,0
2016-08-18,58.5,58.5,58.5,58.5,0,0
2016-08-19,58.5,58.5,58.5,58.5,0,0
2016-08-22,58.5,58.5,58.5,58.5,0,0
2016-08-23,58.5,58.5,58.5,58.5,0,0
2016-08-24,58.5,58.5,58.5,58.5,0,0
2016-08-25,58.5,58.5,58.5,58.5,0,0
2016-08-26,58.5,58.5,58.5,58.5,0,0
2016-08-30,58.5,58.5,58.5,58.5,0,0
2016-08-31,58.5,58.5,58.5,58.5,0,0
2016-09-01,58.5,58.5,51.5,51.5,5100,0
2016-09-02,51.5,51.5,51.5,51.5,0,0
2016-09-05,51.5,51.5,51.5,51.5,0,0
2016-09-06,51.5,51.5,51.5,51.5,0,0
2016-09-07,51.5,51.5,51.5,51.5,0,0
2016-09-08,51.5,51.5,51.5,51.5,0,0
2016-09-09,51.5,51.5,51.5,51.5,0,0
2016-09-12,51.5,51.5,51.5,51.5,0,0
2016-09-13,51.5,51.5,51.5,51.5,0,0
2016-09-14,51.5,51.5,51.5,51.5,0,0
2016-09-15,51.5,51.5,51.5,51.5,0,0
2016-09-16,51.5,51.5,51.5,51.5,0,0
2016-09-19,51.5,51.5,51.5,51.5,0,0
2016-09-20,51.5,51.5,51.5,51.5,0,0
2016-09-21,51.5,51.5,51.5,51.5,0,0
2016-09-22,51.5,51.5,51.5,51.5,0,0
2016-09-23,51.5,51.5,51.5,51.5,0,0
2016-09-26,51.5,51.5,51.5,51.5,0,0
2016-09-27,51.5,51.5,51.5,51.5,0,0
2016-09-28,51.5,51.5,51.5,51.5,0,0
2016-09-29,51.5,51.5,51.5,51.5,0,0
2016-09-30,51.5,51.5,51.5,51.5,0,0
2016-10-03,51.5,51.5,51.5,51.5,0,0
2016-10-04,51.5,51.5,51.5,51.5,0,0
2016-10-05,51.5,51.5,51.5,51.5,0,0
2016-10-06,51.5,51.5,51.5,51.5,0,0
2016-10-07,51.5,51.5,51.5,51.5,0,0
2016-10-10,51.5,51.5,51.5,51.5,0,0
2016-10-11,51.5,51.5,51.5,51.5,0,0
2016-10-12,51.5,51.5,49.5,49.5,5225,0
2016-10-13,49.5,49.5,49.5,49.5,0,0
2016-10-14,49.5,49.5,49.5,49.5,0,0
2016-10-17,49.5,49.5,49.5,49.5,0,0
2016-10-18,49.5,49.5,49.5,49.5,0,0
2016-10-19,49.5,49.5,49.5,49.5,0,0
2016-10-20,49.5,49.5,49.5,49.5,0,0
2016-10-21,49.5,49.5,49.5,49.5,0,0
2016-10-24,49.5,49.5,49.5,49.5,5225,0
2016-10-25,49.5,49.5,49.5,49.5,0,0
2016-10-26,49.5,49.5,49.5,49.5,0,0
2016-10-27,49.5,49.5,49.5,49.5,0,0
2016-10-28,49.5,49.5,49.5,49.5,0,0
2016-10-31,49.5,49.5,49.5,49.5,0,0
2016-11-01,49.5,49.5,49.5,49.5,0,0
2016-11-02,49.5,49.5,49.5,49.5,0,0
2016-11-03,49.5,49.5,49.5,49.5,0,0
2016-11-04,49.5,49.5,49.5,49.5,0,0
2016-11-07,49.5,49.5,49.5,49.5,0,0
2016-11-08,49.5,49.5,49.5,49.5,0,0
2016-11-09,49.5,49.5,49.5,49.5,0,0
2016-11-10,49.5,49.5,49.5,49.5,0,0
2016-11-11,49.5,49.5,49.5,49.5,0,0
2016-11-14,49.5,49.5,49.5,49.5,0,0
2016-11-15,49.5,49.5,49.5,49.5,0,0
2016-11-16,49.5,49.5,49.5,49.5,0,0
2016-11-17,49.5,49.5,49.5,49.5,0,0
2016-11-18,49.5,49.5,49.5,49.5,0,0
2016-11-21,49.5,49.5,49.5,49.5,0,0
2016-11-22,49.5,49.5,49.5,49.5,0,0
2016-11-23,49.5,49.5,49.5,49.5,0,0
2016-11-24,49.5,49.5,49.5,49.5,0,0
2016-11-25,49.5,49.5,49.5,49.5,0,0
2016-11-28,49.5,49.5,49.5,49.5,0,0
2016-11-29,49.5,49.5,49.5,49.5,0,0
2016-11-30,49.5,49.5,49.5,49.5,0,0
2016-12-01,49.5,49.5,49.5,49.5,0,0
2016-12-02,49.5,49.5,49.5,49.5,0,0
2016-12-05,49.5,49.5,49.5,49.5,0,0
2016-12-06,49.5,49.5,49.5,49.5,0,0
2016-12-07,49.5,49.5,49.5,49.5,0,0
2016-12-08,49.5,49.5,49.5,49.5,0,0
2016-12-09,49.5,49.5,49.5,49.5,0,0
2016-12-12,49.5,49.5,49.5,49.5,0,0
2016-12-13,49.5,49.5,49.5,49.5,0,0
2016-12-14,49.5,49.5,49.5,49.5,0,0
2016-12-15,49.5,49.5,49.5,49.5,0,0
2016-12-16,49.5,49.5,49.5,49.5,0,0
2016-12-19,49.5,49.5,49.5,49.5,0,0
2016-12-20,49.5,49.5,49.5,49.5,0,0
2016-12-21,49.5,49.5,49.5,49.5,0,0
2016-12-22,49.5,49.5,49.5,49.5,0,0
2016-12-23,49.5,49.5,49.5,49.5,0,0
2016-12-28,49.5,49.5,49.5,49.5,0,0
2016-12-29,49.5,49.5,49.5,49.5,0,0
2016-12-30,49.5,49.5,49.5,49.5,0,0
2017-01-03,49.5,49.5,49.5,49.5,0,0
2017-01-04,49.5,49.5,49.5,49.5,0,0
2017-01-05,49.5,49.5,49.5,49.5,0,0
2017-01-06,49.5,49.5,49.5,49.5,0,0
2017-01-09,49.5,49.5,49.5,49.5,0,0
2017-01-10,49.5,49.5,49.5,49.5,0,0
2017-01-11,49.5,49.5,49.5,49.5,0,0
2017-01-12,49.5,49.5,49.5,49.5,0,0
2017-01-13,49.5,49.5,49.5,49.5,0,0
2017-01-16,49.5,49.5,49.5,49.5,0,0
2017-01-17,49.5,49.5,49.5,49.5,0,0
2017-01-18,49.5,49.5,49.5,49.5,0,0
2017-01-19,49.5,49.5,49.5,49.5,0,0
2017-01-20,49.5,49.5,48.5,48.5,5428,0
2017-01-23,48.5,48.5,48.5,48.5,0,0
2017-01-24,48.5,48.5,48.5,48.5,0,0
2017-01-25,48.5,48.5,48.5,48.5,0,0
2017-01-26,48.5,48.5,48.5,48.5,0,0
2017-01-27,48.5,48.5,48.5,48.5,0,0
2017-01-30,48.5,48.5,48.5,48.5,0,0
2017-01-31,48.5,48.5,48.5,48.5,0,0
2017-02-01,48.5,48.5,48.5,48.5,0,0
2017-02-02,48.5,48.5,48.5,48.5,0,0
2017-02-03,48.5,48.5,48.5,48.5,0,0
2017-02-06,48.5,48.5,48.5,48.5,0,0
2017-02-07,48.5,48.5,48.5,48.5,5428,0
2017-02-08,48.5,48.5,48.5,48.5,0,0
2017-02-09,48.5,48.5,48.5,48.5,0,0
2017-02-10,48.5,48.5,48.5,48.5,0,0
2017-02-13,48.5,48.5,48.5,48.5,0,0
2017-02-14,48.5,48.5,48.5,48.5,0,0
2017-02-15,48.5,48.5,48.5,48.5,0,0
2017-02-16,48.5,48.5,48.5,48.5,0,0
2017-02-17,48.5,48.5,48.5,48.5,0,0
2017-02-20,48.5,48.5,48.5,48.5,0,0
2017-02-21,48.5,48.5,48.5,48.5,0,0
2017-02-22,48.5,48.5,48.5,48.5,0,0
2017-02-23,48.5,48.5,48.5,48.5,0,0
2017-02-24,48.5,48.5,48.5,48.5,0,0
2017-02-27,48.5,48.5,48.5,48.5,0,0
2017-02-28,48.5,48.5,48.5,48.5,0,0
2017-03-01,48.5,48.5,48.5,48.5,0,0
2017-03-02,48.5,48.5,48.5,48.5,0,0
2017-03-03,48.5,48.5,48.5,48.5,0,0
2017-03-06,48.5,48.5,48.5,48.5,0,0
2017-03-07,48.5,48.5,48.5,48.5,0,0
2017-03-08,48.5,48.5,48.5,48.5,0,0
2017-03-09,48.5,48.5,48.5,48.5,0,0
2017-03-10,48.5,48.5,48.5,48.5,0,0
2017-03-13,48.5,48.5,48.5,48.5,0,0
2017-03-14,48.5,48.5,48.5,48.5,0,0
2017-03-15,48.5,48.5,48.5,48.5,0,0
2017-03-16,48.5,48.5,48.5,48.5,0,0
2017-03-17,48.5,48.5,48.5,48.5,0,0
2017-03-20,48.5,48.5,48.5,48.5,0,0
2017-03-21,48.5,48.5,48.5,48.5,0,0
2017-03-22,48.5,48.5,48.5,48.5,0,0
2017-03-23,48.5,48.5,46.5,46.5,10425,0
2017-03-24,46.5,46.5,46.5,46.5,0,0
2017-03-27,46.5,46.5,46.5,46.5,0,0
2017-03-28,46.5,46.5,46.5,46.5,10425,0
2017-03-29,46.5,46.5,46.5,46.5,0,0
2017-03-30,46.5,46.5,46.5,46.5,0,0
2017-03-31,46.5,46.5,46.5,46.5,0,0
2017-04-03,46.5,46.5,46.5,46.5,0,0
2017-04-04,46.5,46.5,46.5,46.5,0,0
2017-04-05,46.5,46.5,46.5,46.5,0,0
2017-04-06,46.5,46.5,46.5,46.5,0,0
2017-04-07,46.5,46.5,46.5,46.5,0,0
2017-04-10,46.5,46.5,46.5,46.5,0,0
2017-04-11,46.5,46.5,46.5,46.5,0,0
2017-04-12,46.5,46.5,46.5,46.5,0,0
2017-04-13,46.5,46.5,46.5,46.5,0,0
2017-04-18,46.5,46.5,46.5,46.5,0,0
2017-04-19,46.5,46.5,46.5,46.5,0,0
2017-04-20,46.5,46.5,46.5,46.5,0,0
2017-04-21,46.5,46.5,46.5,46.5,0,0
2017-04-24,46.5,46.5,46.5,46.5,0,0
2017-04-25,46.5,46.5,46.5,46.5,0,0
2017-04-26,46.5,46.5,46.5,46.5,0,0
2017-04-27,46.5,46.5,46.5,46.5,0,0
2017-04-28,46.5,46.5,46.5,46.5,10425,0
2017-05-02,46.5,46.5,46.5,46.5,10425,0
2017-05-03,46.5,46.5,46.5,46.5,0,0
2017-05-04,46.5,46.5,46.5,46.5,0,0
2017-05-05,46.5,46.5,46.5,46.5,0,0
2017-05-08,46.5,46.5,46.5,46.5,0,0
2017-05-09,46.5,46.5,46.5,46.5,0,0
2017-05-10,46.5,46.5,46.5,46.5,0,0
2017-05-11,46.5,46.5,46.5,46.5,0,0
2017-05-12,46.5,46.5,46.5,46.5,0,0
2017-05-15,46.5,46.5,46.5,46.5,0,0
2017-05-16,46.5,46.5,46.5,46.5,0,0
2017-05-17,46.5,46.5,46.5,46.5,0,0
2017-05-18,46.5,46.5,46.5,46.5,0,0
2017-05-19,46.5,46.5,46.5,46.5,0,0
2017-05-22,46.5,46.5,46.5,46.5,10425,0
2017-05-23,46.5,46.5,46.5,46.5,0,0
2017-05-24,46.5,46.5,46.5,46.5,0,0
2017-05-25,46.5,46.5,46.5,46.5,0,0
2017-05-26,46.5,46.5,46.5,46.5,0,0
2017-05-30,46.5,46.5,46.5,46.5,10425,0
2017-05-31,46.5,46.5,46.5,46.5,0,0
2017-06-01,46.5,46.5,46.5,46.5,0,0
2017-06-02,46.5,46.5,46.5,46.5,0,0
2017-06-05,46.5,46.5,46.5,46.5,0,0
2017-06-06,46.5,46.5,46.5,46.5,0,0
2017-06-07,46.5,46.5,46.5,46.5,0,0
2017-06-08,46.5,46.5,46.5,46.5,0,0
2017-06-09,46.5,46.5,46.5,46.5,0,0
2017-06-12,46.5,46.5,46.5,46.5,0,0
2017-06-13,46.5,46.5,46.5,46.5,0,0
2017-06-14,46.5,46.5,46.5,46.5,0,0
2017-06-15,46.5,46.5,46.5,46.5,0,0
2017-06-16,46.5,46.5,46.5,46.5,0,0
2017-06-19,46.5,46.5,46.5,46.5,0,0
2017-06-20,46.5,46.5,46.5,46.5,0,0
2017-06-21,46.5,46.5,45,45,10177,0
2017-06-22,45,45,45,45,0,0
2017-06-23,45,45,45,45,0,0
2017-06-26,45,45,45,45,0,0
2017-06-27,45,45,45,45,0,0
2017-06-28,45,45,45,45,0,0
2017-06-29,45,45,45,45,0,0
2017-06-30,45,45,45,45,0,0
2017-07-03,45,45,45,45,0,0
2017-07-04,45,45,45,45,0,0
2017-07-05,45,45,45,45,0,0
2017-07-06,45,45,45,45,0,0
2017-07-07,45,45,45,45,0,0
2017-07-10,45,45,45,45,0,0
2017-07-11,45,45,45,45,0,0
2017-07-12,45,45,45,45,0,0
2017-07-13,45,45,45,45,0,0
2017-07-14,45,45,45,45,0,0
2017-07-17,45,45,45,45,0,0
2017-07-18,45,45,45,45,0,0
2017-07-19,45,45,45,45,0,0
2017-07-20,45,45,45,45,0,0
2017-07-21,45,45,45,45,0,0
2017-07-24,45,45,45,45,0,0
2017-07-25,45,45,45,45,0,0
2017-07-26,45,45,45,45,0,0
2017-07-27,45,45,45,45,0,0
2017-07-28,45,45,45,45,0,0
2017-07-31,45,45,45,45,0,0
2017-08-01,45,45,45,45,0,0
2017-08-02,45,45,45,45,0,0
2017-08-03,45,45,45,45,0,0
2017-08-04,45,45,45,45,0,0
2017-08-07,45,45,45,45,0,0
2017-08-08,45,45,45,45,0,0
2017-08-09,45,45,45,45,0,0
2017-08-10,45,45,45,45,0,0
2017-08-11,45,45,45,45,0,0
2017-08-14,45,45,45,45,0,0
2017-08-15,45,45,45,45,0,0
2017-08-16,45,45,45,45,0,0
2017-08-17,45,45,45,45,0,0
2017-08-18,45,45,45,45,0,0
2017-08-21,45,45,45,45,0,0
2017-08-22,45,45,45,45,0,0
2017-08-23,45,45,45,45,0,0
2017-08-24,45,45,45,45,0,0
2017-08-25,45,45,45,45,0,0
2017-08-29,45,45,45,45,0,0
2017-08-30,45,45,45,45,0,0
2017-08-31,45,45,45,45,0,0
2017-09-01,45,45,45,45,0,0
2017-09-04,45,45,45,45,0,0
2017-09-05,45,45,45,45,0,0
2017-09-06,45,45,45,45,0,0
2017-09-07,45,45,45,45,0,0
2017-09-08,45,45,45,45,0,0
2017-09-11,45,45,45,45,0,0
2017-09-12,45,45,45,45,0,0
2017-09-13,45,45,45,45,0,0
2017-09-14,45,45,45,45,0,0
2017-09-15,45,45,45,45,0,0
2017-09-18,45,45,45,45,0,0
2017-09-19,45,45,45,45,0,0
2017-09-20,45,45,45,45,0,0
2017-09-21,45,45,45,45,0,0
2017-09-22,45,45,45,45,0,0
2017-09-25,45,45,45,45,0,0
2017-09-26,45,45,45,45,0,0
2017-09-27,45,45,45,45,0,0
2017-09-28,45,45,45,45,0,0
2017-09-29,45,45,45,45,0,0
2017-10-02,45,45,45,45,0,0
2017-10-03,45,45,45,45,0,0
2017-10-04,45,45,45,45,0,0
2017-10-05,45,45,45,45,0,0
2017-10-06,45,45,45,45,0,0
2017-10-09,45,45,44,44,5162,0
2017-10-10,44,44,44,44,0,0
2017-10-11,44,44,44,44,0,0
2017-10-12,44,44,43.5,43.5,5429,0
2017-10-13,43.5,43.5,43.5,43.5,0,0
2017-10-16,43.5,43.5,43.5,43.5,0,0
2017-10-17,43.5,43.5,43.5,43.5,15073,0
2017-10-18,43.5,43.5,43.5,43.5,0,0
2017-10-19,43.5,43.5,43.5,43.5,0,0
2017-10-20,43.5,43.5,43.5,43.5,0,0
2017-10-23,43.5,43.5,43.5,43.5,0,0
2017-10-24,43.5,43.5,43.5,43.5,0,0
2017-10-25,43.5,43.5,43.5,43.5,0,0
2017-10-26,43.5,43.5,43.5,43.5,0,0
2017-10-27,43.5,43.5,43.5,43.5,0,0
2017-10-30,43.5,43.5,42.5,42.5,5215,0
2017-10-31,42.5,42.5,41.5,41.5,5290,0
2017-11-01,41.5,41.5,41.5,41.5,0,0
2017-11-02,41.5,41.5,41.5,41.5,0,0
2017-11-03,41.5,41.5,41.5,41.5,0,0
2017-11-06,41.5,41.5,41.5,41.5,0,0
2017-11-07,41.5,41.5,41.5,41.5,0,0
2017-11-08,41.5,41.5,41.5,41.5,0,0
2017-11-09,41.5,41.5,41.5,41.5,0,0
2017-11-10,41.5,41.5,41.5,41.5,0,0
2017-11-13,41.5,41.5,41.5,41.5,0,0
2017-11-14,41.5,41.5,41.5,41.5,0,0
2017-11-15,41.5,41.5,41.5,41.5,0,0
2017-11-16,41.5,41.5,41.5,41.5,0,0
2017-11-17,41.5,41.5,41.5,41.5,0,0
2017-11-20,41.5,41.5,41.5,41.5,0,0
2017-11-21,41.5,41.5,41.5,41.5,0,0
2017-11-22,41.5,41.5,41.5,41.5,0,0
2017-11-23,41.5,41.5,41.5,41.5,0,0
2017-11-24,41.5,41.5,41.5,41.5,0,0
2017-11-27,41.5,41.5,41.5,41.5,0,0
2017-11-28,41.5,41.5,41.5,41.5,0,0
2017-11-29,41.5,41.5,41.5,41.5,0,0
2017-11-30,41.5,41.5,41.5,41.5,0,0
2017-12-01,41.5,41.5,41.5,41.5,0,0
2017-12-04,41.5,41.5,41.5,41.5,0,0
2017-12-05,41.5,41.5,41.5,41.5,0,0
2017-12-06,41.5,41.5,41.5,41.5,0,0
2017-12-07,41.5,41.5,41.5,41.5,0,0
2017-12-08,41.5,41.5,41.5,41.5,0,0
2017-12-11,41.5,41.5,41.5,41.5,0,0
2017-12-12,41.5,41.5,41.5,41.5,0,0
2017-12-13,41.5,41.5,41.5,41.5,0,0
2017-12-14,41.5,41.5,41.5,41.5,0,0
2017-12-15,41.5,41.5,41.5,41.5,5290,0
2017-12-18,41.5,41.5,41.5,41.5,0,0
2017-12-19,41.5,41.5,41.5,41.5,0,0
2017-12-20,41.5,41.5,41.5,41.5,0,0
2017-12-21,41.5,41.5,41.5,41.5,0,0
2017-12-22,41.5,41.5,41.5,41.5,0,0
2017-12-27,41.5,41.5,41.5,41.5,0,0
2017-12-28,41.5,41.5,41.5,41.5,0,0
2017-12-29,41.5,41.5,41.5,41.5,0,0
2018-01-02,41.5,41.5,41.5,41.5,0,0
2018-01-03,41.5,41.5,41.5,41.5,0,0
2018-01-04,41.5,41.5,40.5,40.5,9432,0
2018-01-05,40.5,40.5,40.5,40.5,0,0
2018-01-08,40.5,40.5,40.5,40.5,0,0
2018-01-09,40.5,40.5,40.5,40.5,0,0
2018-01-10,40.5,40.5,40.5,40.5,0,0
2018-01-11,40.5,40.5,40.5,40.5,0,0
2018-01-12,40.5,40.5,40.5,40.5,0,0
2018-01-15,40.5,40.5,40.5,40.5,0,0
2018-01-16,40.5,40.5,40.5,40.5,0,0
2018-01-17,40.5,40.5,40.5,40.5,0,0
2018-01-18,40.5,40.5,40.5,40.5,0,0
2018-01-19,40.5,40.5,40.5,40.5,0,0
2018-01-22,40.5,40.5,40.5,40.5,0,0
2018-01-23,40.5,40.5,40.5,40.5,0,0
2018-01-24,40.5,40.5,40.5,40.5,0,0
2018-01-25,40.5,40.5,40.5,40.5,0,0
2018-01-26,40.5,40.5,40.5,40.5,0,0
2018-01-29,40.5,40.5,40.5,40.5,0,0
2018-01-30,40.5,40.5,40.5,40.5,0,0
2018-01-31,40.5,40.5,40.5,40.5,0,0
2018-02-01,40.5,40.5,40.5,40.5,0,0
2018-02-02,40.5,40.5,40.5,40.5,0,0
2018-02-05,40.5,40.5,40.5,40.5,0,0
2018-02-06,40.5,40.5,40.5,40.5,0,0
2018-02-07,40.5,40.5,40.5,40.5,0,0
2018-02-08,40.5,40.5,40.5,40.5,0,0
2018-02-09,40.5,40.5,40.5,40.5,0,0
2018-02-12,40.5,40.5,40.5,40.5,0,0
2018-02-13,40.5,40.5,40.5,40.5,0,0
2018-02-14,40.5,40.5,40.5,40.5,0,0
2018-02-15,40.5,40.5,40.5,40.5,0,0
2018-02-16,40.5,40.5,40.5,40.5,0,0
2018-02-19,40.5,40.5,40.5,40.5,0,0
2018-02-20,40.5,40.5,40.5,40.5,0,0
2018-02-21,40.5,40.5,40.5,40.5,0,0
2018-02-22,40.5,40.5,40.5,40.5,0,0
2018-02-23,40.5,40.5,40.5,40.5,0,0
2018-02-26,40.5,40.5,40.5,40.5,0,0
2018-02-27,40.5,40.5,40.5,40.5,0,0
2018-02-28,40.5,40.5,40.5,40.5,0,0
2018-03-01,40.5,40.5,40.5,40.5,0,0
2018-03-02,40.5,40.5,40.5,40.5,0,0
2018-03-05,40.5,40.5,40.5,40.5,0,0
2018-03-06,40.5,40.5,40.5,40.5,0,0
2018-03-07,40.5,40.5,40.5,40.5,0,0
2018-03-08,40.5,40.5,40.5,40.5,0,0
2018-03-09,40.5,40.5,40.5,40.5,0,0
2018-03-12,40.5,40.5,40.5,40.5,0,0
2018-03-13,40.5,40.5,40.5,40.5,0,0
2018-03-14,40.5,40.5,40.5,40.5,0,0
2018-03-15,40.5,40.5,40.5,40.5,0,0
2018-03-16,40.5,40.5,40.5,40.5,0,0
2018-03-19,40.5,40.5,40.5,40.5,0,0
2018-03-20,40.5,40.5,40.5,40.5,0,0
2018-03-21,40.5,40.5,40.5,40.5,0,0
2018-03-22,40.5,40.5,40.5,40.5,0,0
2018-03-23,40.5,40.5,40.5,40.5,0,0
2018-03-26,40.5,40.5,40.5,40.5,0,0
2018-03-27,40.5,40.5,40.5,40.5,0,0
2018-03-28,40.5,40.5,40.5,40.5,0,0
2018-03-29,40.5,40.5,40.5,40.5,0,0
