Date,Open,High,Low,Close,Volume,OpenInt
2016-02-16,872.27,894.09,861.02,871.78,2786407,0
2016-02-17,910.92,929.51,867.87,883.53,3070594,0
2016-02-18,890.37,890.37,844.87,852.22,3449185,0
2016-02-19,845.37,845.37,803.78,830.69,3180884,0
2016-02-22,837.04,839.49,813.07,833.13,2035606,0
2016-02-23,838.51,839.01,797.91,799.86,1929675,0
2016-02-24,807.21,823.84,777.36,806.22,2252562,0
2016-02-25,802.31,825.31,793.5,813.07,1895829,0
2016-02-26,816.98,835.08,801.33,828.23,1055919,0
2016-02-29,815.02,869.33,810.13,869.33,4953834,0
2016-03-01,861.02,879.62,842.92,863.47,2096228,0
2016-03-02,857.59,876.19,857.59,876.19,1730642,0
2016-03-03,884.01,902.11,855.63,863.47,1231366,0
2016-03-04,892.33,892.33,848.79,881.08,919860,0
2016-03-07,877.16,903.57,877.16,886.94,947901,0
2016-03-08,901.63,913.85,884.99,912.39,1012842,0
2016-03-09,920.7,928.53,896.24,921.67,732412,0
2016-03-10,930.98,941.25,911.89,914.34,804045,0
2016-03-11,916.78,929.51,894.77,905.04,745999,0
2016-03-14,909.93,912.39,880.09,889.88,816467,0
2016-03-15,870.8,870.8,827.27,837.53,3124969,0
2016-03-16,848.29,849.77,824.82,832.64,1064408,0
2016-03-17,849.27,865.43,831.66,836.07,1589725,0
2016-03-18,841.94,841.94,817.97,841.46,10003631,0
2016-03-21,835.08,845.85,834.61,838.51,840029,0
2016-03-22,839.01,849.27,834.61,846.34,1917056,0
2016-03-23,844.38,871.78,844.38,865.43,1710602,0
2016-03-24,860.04,862.48,834.61,836.07,877721,0
2016-03-29,840.47,864.44,840.47,864.44,661316,0
2016-03-30,885.97,888.9,872.27,883.53,1060282,0
2016-03-31,883.04,896.91,871.29,876.67,914543,0
2016-04-01,871.78,880.58,862.98,878.62,931882,0
2016-04-04,884.99,924.63,881.36,908.47,1114106,0
2016-04-05,903.57,904.07,888.9,900.14,827512,0
2016-04-06,898.68,907,890.86,901.14,731013,0
2016-04-07,907.99,918.24,892.82,899.18,633495,0
2016-04-08,899.18,905.53,890.37,902.11,496877,0
2016-04-11,899.68,922.17,896.18,914.34,829715,0
2016-04-12,916.78,919.73,909.45,917.78,453876,0
2016-04-13,920.21,931.46,914.82,931.46,569871,0
2016-04-14,936.84,948.09,932.94,945.15,1744259,0
2016-04-15,946.14,946.14,918.24,922.17,951402,0
2016-04-18,919.73,921.2,908.93,913.36,596066,0
2016-04-19,911.4,918.24,878.62,881.08,1373863,0
2016-04-20,881.57,901.63,879.62,900.64,736623,0
2016-04-21,899.18,902.51,884.01,899.18,898479,0
2016-04-22,896.24,896.72,886.94,889.39,710509,0
2016-04-25,890.86,899.68,884.01,890.37,706256,0
2016-04-26,888.42,895.26,886.94,890.37,534813,0
2016-04-27,885.97,891.35,883.04,887.93,352040,0
2016-04-28,881.57,892.33,876.19,888.9,552602,0
2016-04-29,884.99,895.75,882.04,885.47,819654,0
2016-05-03,885.97,887.93,864.44,868.84,814161,0
2016-05-04,865.91,866.89,856.13,861.02,666890,0
2016-05-05,862.98,864.93,850.26,852.22,675854,0
2016-05-06,851.72,857.59,841.46,854.17,766412,0
2016-05-09,856.61,863.47,841.46,846.83,454674,0
2016-05-10,853.18,858.09,843.41,855.14,643218,0
2016-05-11,855.14,867.37,847.81,857.59,482392,0
2016-05-12,858.57,864.44,847.81,858.57,1014489,0
2016-05-13,856.13,857.59,812.1,817.48,1155904,0
2016-05-16,812.59,816.98,796.44,811.6,1150220,0
2016-05-17,813.56,816.02,802.81,812.1,1446319,0
2016-05-18,810.63,812.1,798.4,812.1,1308716,0
2016-05-19,809.17,815.02,800.85,807.21,1004243,0
2016-05-20,808.67,829.22,808.67,828.23,892617,0
2016-05-23,830.2,834.61,826.77,833.62,623442,0
2016-05-24,828.23,846.83,820.91,838.51,785163,0
2016-05-25,839.01,857.11,834.12,837.04,979077,0
2016-05-26,837.04,856.13,837.04,849.27,880487,0
2016-05-27,848.79,854.17,842.42,851.72,762927,0
2016-05-31,840.47,859.55,840.47,847.81,1247361,0
2016-06-01,851.23,868.84,851.23,864.44,935129,0
2016-06-02,861.99,868.84,860.04,860.52,669862,0
2016-06-03,861.99,877.16,861.99,869.82,562705,0
2016-06-06,874.72,900.14,871.78,895.75,2390985,0
2016-06-07,894.77,902.11,883.04,885.47,982627,0
2016-06-08,881.57,898.19,879.12,893.3,709144,0
2016-06-09,891.35,892.33,874.23,875.21,487167,0
2016-06-10,878.62,879.62,855.63,863.47,544578,0
2016-06-13,863.95,871.78,856.61,857.11,706505,0
2016-06-14,859.06,859.06,844.38,847.32,1042525,0
2016-06-15,847.32,874.23,847.32,872.27,639597,0
2016-06-16,836.58,863.66,836.09,839.53,1005159,0
2016-06-17,849.37,855.77,830.19,836.58,2687097,0
2016-06-20,857.74,883.34,851.34,878.41,1358228,0
2016-06-21,876.94,911.38,875.95,908.43,1817886,0
2016-06-22,916.3,930.08,909.9,923.68,995902,0
2016-06-23,938.44,939.44,923.19,937.47,868640,0
2016-06-24,925.16,976.34,895.14,970.43,2050863,0
2016-06-27,963.06,1011.78,963.06,966.99,1399876,0
2016-06-28,984.21,1028.49,981.25,1028.49,1414720,0
2016-06-29,1042.28,1066.88,1034.41,1066.88,1213858,0
2016-06-30,1071.8,1090.51,1051.14,1077.72,1340511,0
2016-07-01,1082.63,1085.59,1052.12,1077.72,1186538,0
2016-07-04,1083.62,1083.62,1059.02,1069.84,647478,0
2016-07-05,1064.91,1086.57,1057.05,1082.63,1563594,0
2016-07-06,1085.59,1101.33,1079.68,1088.54,1186065,0
2016-07-07,1096.41,1107.25,1072.8,1082.63,1180887,0
2016-07-08,1084.6,1092.48,1065.91,1091.5,1132689,0
2016-07-11,1077.72,1102.33,1077.72,1098.38,996585,0
2016-07-12,1092.48,1095.43,1037.36,1043.27,1660586,0
2016-07-13,1032.44,1061.97,1030.47,1056.06,1222260,0
2016-07-14,1057.05,1063.94,1040.31,1049.17,1408625,0
2016-07-15,1052.12,1053.12,1027.52,1052.12,803709,0
2016-07-18,1046.23,1053.12,1040.31,1049.17,825329,0
2016-07-19,1051.14,1061.97,1036.38,1057.05,722926,0
2016-07-20,1053.12,1074.76,1053.12,1059.02,760847,0
2016-07-21,1055.08,1075.75,1049.61,1069.84,932063,0
2016-07-22,1061.97,1085.59,1060.98,1079.68,975463,0
2016-07-25,1071.8,1074.76,1062.95,1065.91,649731,0
2016-07-26,1071.8,1077.72,1064.91,1069.84,1032088,0
2016-07-27,1075.75,1076.73,1049.17,1051.14,5013115,0
2016-07-28,1058.03,1058.03,1046.23,1046.23,903497,0
2016-07-29,1049.17,1057.05,1039.33,1057.05,926421,0
2016-08-01,1057.05,1063.94,1030.47,1042.28,1071359,0
2016-08-02,1035.39,1039.33,1017.67,1028.49,1490755,0
2016-08-03,1024.57,1053.12,1024.57,1042.28,945258,0
2016-08-04,1042.28,1060,1031.46,1055.08,995340,0
2016-08-05,1050.15,1071.8,1049.17,1062.95,556340,0
2016-08-08,1068.86,1069.84,1053.12,1059.02,514757,0
2016-08-09,1063.94,1077.72,1052.12,1076.73,497592,0
2016-08-10,1073.77,1083.62,1071.8,1083.62,697515,0
2016-08-11,1078.7,1086.57,1073.77,1086.57,652235,0
2016-08-12,1082.63,1088.54,1073.77,1080.67,693034,0
2016-08-15,1086.57,1106.25,1085.59,1101.33,664173,0
2016-08-16,1093.46,1104.28,1091.5,1092.48,699085,0
2016-08-17,1083.62,1090.51,1066.88,1073.77,1197134,0
2016-08-18,1078.7,1084.6,1067.88,1072.8,660836,0
2016-08-19,1076.73,1085.59,1064.91,1079.68,623831,0
2016-08-22,1078.7,1078.7,1058.03,1068.86,806758,0
2016-08-23,1066.88,1070.83,1047.2,1051.14,893033,0
2016-08-24,1044.25,1045.23,997.01,1008.81,1485114,0
2016-08-25,1003.89,1024.57,1003.89,1012.75,802121,0
2016-08-26,1012.75,1028.49,1009.81,1023.58,770512,0
2016-08-30,1018.66,1029.49,1015.7,1015.7,681704,0
2016-08-31,1016.7,1024.57,1005.87,1005.87,937987,0
2016-09-01,1012.75,1012.75,980.28,984.21,916175,0
2016-09-02,985.2,1020.63,983.23,1019.64,1406812,0
2016-09-05,1022.6,1030.47,1008.81,1012.75,561424,0
2016-09-06,1036.38,1036.38,997.99,1000.95,2992464,0
2016-09-07,1007.84,1025.55,980.77,981.75,3722463,0
2016-09-08,992.1,997.99,943.36,949.28,3660609,0
2016-09-09,920.24,976.83,915.32,964.04,5967544,0
2016-09-12,929.1,948.29,921.71,937.95,1983227,0
2016-09-13,950.26,950.26,920.73,921.23,2269706,0
2016-09-14,924.18,932.54,921.23,925.16,1105485,0
2016-09-15,921.23,934.51,908.92,926.64,1504542,0
2016-09-16,924.18,924.68,904.04,904.5,4796200,0
2016-09-19,907.44,920.24,897.61,918.26,1551713,0
2016-09-20,918.26,936.97,918.26,925.65,1858372,0
2016-09-21,932.54,934.02,909.9,910.4,1379614,0
2016-09-22,915.82,927.62,910.4,914.82,975697,0
2016-09-23,914.33,942.87,912.37,933.03,1939047,0
2016-09-26,939.92,945.83,914.82,915.82,1123793,0
2016-09-27,929.1,936.97,912.37,921.23,1269109,0
2016-09-28,922.21,929.59,918.26,926.64,1025200,0
2016-09-29,926.15,933.03,913.35,919.75,1406751,0
2016-09-30,914.33,914.33,899.58,911.87,1460507,0
2016-10-03,912.37,922.7,903.5,909.41,1243747,0
2016-10-04,905.97,919.75,896.13,898.58,3033444,0
2016-10-05,899.58,899.58,881.86,885.79,1330652,0
2016-10-06,888.26,888.26,873.98,874.97,1189485,0
2016-10-07,878.41,904.5,870.05,894.65,1306617,0
2016-10-10,900.55,907.94,896.13,903.5,1220415,0
2016-10-11,901.55,902.03,881.54,884.31,1290506,0
2016-10-12,880.87,885.79,872.01,879.89,1279160,0
2016-10-13,878.41,881.37,864.63,871.52,1140154,0
2016-10-14,868.57,912.37,868.57,900.05,1515871,0
2016-10-17,906.95,906.95,881.86,882.34,1181389,0
2016-10-18,882.84,893.66,880.87,883.82,837204,0
2016-10-19,880.87,891.2,878.63,881.86,959902,0
2016-10-20,880.87,887.26,873.49,878.9,662248,0
2016-10-21,876.94,909.41,875.95,904.5,1681670,0
2016-10-24,905.47,912.29,896.13,896.13,910478,0
2016-10-25,897.11,908.43,887.96,889.23,1165176,0
2016-10-26,885.79,896.62,865.61,872.51,1246826,0
2016-10-27,868.08,881.37,866.11,873.98,1027541,0
2016-10-28,870.54,878.41,863.16,873,1395279,0
2016-10-31,873.49,894.16,863.16,892.19,1828681,0
2016-11-01,895.14,910.89,887.26,898.58,1630444,0
2016-11-02,893.18,905.97,888.75,896.62,1540978,0
2016-11-03,895.14,901.05,881.37,883.34,1335513,0
2016-11-04,873.98,873.98,854.56,864.13,1774224,0
2016-11-07,873,892.68,870.54,892.68,1701237,0
2016-11-08,895.63,920.24,895.63,917.29,1585089,0
2016-11-09,894.65,926.64,889.73,905.47,1736548,0
2016-11-10,885.79,899.58,756.37,763.75,5771681,0
2016-11-11,782.45,782.45,719.95,748.99,4245727,0
2016-11-14,758.34,758.34,717.49,728.32,2644420,0
2016-11-15,734.22,745.54,731.27,737.17,2587202,0
2016-11-16,735.22,741.61,726.35,735.69,1742642,0
2016-11-17,742.58,748.49,737.67,745.05,1506408,0
2016-11-18,748,755.87,731.76,742.58,2316700,0
2016-11-21,741.61,747.01,729.3,735.22,1489596,0
2016-11-22,744.56,744.56,717.49,718.97,1461665,0
2016-11-23,717.01,728.32,711.59,720.93,1063946,0
2016-11-24,718.17,721.13,713.23,715.69,1120035,0
2016-11-25,731.02,733.49,714.71,724.1,1372701,0
2016-11-28,727.56,731.02,713.72,714.21,1098081,0
2016-11-29,718.17,721.63,690.98,694.44,2179034,0
2016-11-30,698.9,709.77,695.92,701.36,1951627,0
2016-12-01,699.38,705.81,680.61,682.59,1493064,0
2016-12-02,674.67,684.07,667.76,677.15,1696175,0
2016-12-05,679.13,684.07,675.17,683.57,1132506,0
2016-12-06,687.03,694.94,681.11,690,1453459,0
2016-12-07,690,701.86,687.53,700.87,1432630,0
2016-12-08,702.36,706.8,689.41,696.42,1357098,0
2016-12-09,698.9,734.48,698.9,728.55,1653265,0
2016-12-12,725.58,736.46,720.15,720.64,1378187,0
2016-12-13,724.1,735.46,720.93,735.46,1371619,0
2016-12-14,736.46,747.33,730.03,735.96,1842432,0
2016-12-15,719.65,723.11,709.77,715.69,1937942,0
2016-12-16,718.67,723.61,707.3,716.69,1242421,0
2016-12-19,723.11,734.48,723.11,730.03,903160,0
2016-12-20,737.44,754.75,733.98,744.36,889816,0
2016-12-21,750.79,755.73,739.92,742.88,1091017,0
2016-12-22,741.9,744.36,736.96,738.44,634273,0
2016-12-23,739.92,745.85,738.44,743.38,255663,0
2016-12-28,758.21,758.21,750.29,753.75,908189,0
2016-12-29,757.71,770.56,756.23,764.14,665835,0
2016-12-30,765.62,770.9,756.73,762.16,431052,0
2017-01-03,766.11,769.58,757.71,759.69,799935,0
2017-01-04,761.67,764.63,756.73,763.15,494184,0
2017-01-05,764.14,773.04,764.14,770.06,839255,0
2017-01-06,767.6,777.48,766.11,777.48,840978,0
2017-01-09,773.52,778.47,761.17,772.54,833562,0
2017-01-10,772.54,781.93,772.54,777.48,1046335,0
2017-01-11,776.49,779.46,771.55,776.49,1376726,0
2017-01-12,777.98,782.42,762.65,781.93,1543854,0
2017-01-13,781.43,787.37,769.19,782.92,689240,0
2017-01-16,785.39,802.19,785.39,796.75,608118,0
2017-01-17,799.23,805.16,787.37,787.37,989481,0
2017-01-18,789.35,791.32,780.45,788.35,678700,0
2017-01-19,783.91,784.4,775.5,783.91,688784,0
2017-01-20,780.94,784.4,772.04,780.45,839214,0
2017-01-23,775.5,778.47,771.06,776.98,559298,0
2017-01-24,781.93,791.32,776,788.35,896739,0
2017-01-25,790.83,798.24,788.35,792.81,997018,0
2017-01-26,792.31,803.68,789.83,797.75,635617,0
2017-01-27,801.7,814.55,791.81,801.2,728797,0
2017-01-30,784.4,785.89,774.02,778.96,781144,0
2017-01-31,785.39,787.37,774.02,776,1414743,0
2017-02-01,776,776,752.77,752.77,1573810,0
2017-02-02,751.29,759.69,750.29,756.23,1145961,0
2017-02-03,761.67,783.41,756.73,779.46,1314778,0
2017-02-06,791.81,807.63,786.37,794.78,999883,0
2017-02-07,793.79,801.2,791.32,792.31,1283937,0
2017-02-08,779.46,796.26,778.96,796.26,1368707,0
2017-02-09,793.79,817.02,788.39,816.03,903982,0
2017-02-10,819.99,830.86,815.06,825.91,1693317,0
2017-02-13,824.43,832.35,818.5,819,1158261,0
2017-02-14,822.46,829.87,809.12,810.6,1006906,0
2017-02-15,817.52,824.43,812.58,815.04,1012864,0
2017-02-16,813.06,827.41,813.06,818.01,754434,0
2017-02-17,821.97,824.43,816.53,818.5,715537,0
2017-02-20,807.63,818.5,787.86,792.81,1445742,0
2017-02-21,746.34,760.67,736.96,745.35,5232379,0
2017-02-22,742.88,742.88,728.55,735.96,3177179,0
2017-02-23,734.98,751.78,733.98,741.9,1532614,0
2017-02-24,732.01,741.9,725.09,729.04,1896967,0
2017-02-27,735.46,735.46,729.04,732.5,1356066,0
2017-02-28,732.01,735.46,727.07,733,1223216,0
2017-03-01,730.52,735.96,724.59,735.96,1221617,0
2017-03-02,733,736.96,729.54,733.98,1131206,0
2017-03-03,732.01,737.44,728.05,737.44,937571,0
2017-03-06,733.98,736.46,719.65,726.08,1294772,0
2017-03-07,725.09,725.58,713.23,722.61,1250331,0
2017-03-08,720.15,736.46,717.18,733.98,1478960,0
2017-03-09,728.55,730.52,720.64,729.04,1577976,0
2017-03-10,728.05,738.92,720.64,736.46,998146,0
2017-03-13,740.41,747.87,728,747.83,1141363,0
2017-03-14,751.78,752.27,739.92,747.33,935479,0
2017-03-15,739.92,747.33,735.96,744.86,767557,0
2017-03-16,751.78,763.71,751.29,763.64,1937963,0
2017-03-17,762.65,763.15,750.79,758.21,1664472,0
2017-03-20,759.19,759.69,753.27,758.7,680843,0
2017-03-21,756.23,759.19,749.8,753.27,725547,0
2017-03-22,751.78,753.75,743.38,752.27,813421,0
2017-03-23,753.27,759.69,748.81,756.73,680570,0
2017-03-24,756.23,760.67,748.81,754.25,781907,0
2017-03-27,756.73,758.7,746.84,756.23,889931,0
2017-03-28,757.71,767.1,750.29,763.15,1767740,0
2017-03-29,763.15,775.5,759.69,773.52,1558235,0
2017-03-30,769.58,782.42,749.31,750.29,1343985,0
2017-03-31,747.83,749.31,703.84,703.84,2330989,0
2017-04-03,703.34,724.35,695.44,702.36,1855309,0
2017-04-04,696.92,704.37,681.84,683.07,2682774,0
2017-04-05,684.56,684.56,667.01,671.21,3827416,0
2017-04-06,667.76,675.66,658.86,675.66,1944028,0
2017-04-07,672.7,695.92,672.2,691.48,1481831,0
2017-04-10,698.4,725.09,692.96,716.19,2319585,0
2017-04-11,717.67,721.98,714.21,715.21,1736559,0
2017-04-12,716.19,731.52,716.19,728.05,1428205,0
2017-04-13,730.03,763.15,730.03,750.79,1880892,0
2017-04-18,744.86,755.51,729.04,730.52,1579021,0
2017-04-19,730.03,732.92,714.71,719.65,1352770,0
2017-04-20,713.72,723.11,713.72,720.64,847323,0
2017-04-21,718.67,720.64,711.25,716.19,1076406,0
2017-04-24,729.54,742.39,726.57,735.96,1038291,0
2017-04-25,739.92,739.92,728.05,733.98,847240,0
2017-04-26,735.96,741.4,722.13,722.61,947183,0
2017-04-27,746.34,877.82,732.5,849.15,4991163,0
2017-04-28,848.66,850.83,800.71,811.58,4273076,0
2017-05-02,815.04,842.97,814.06,824.43,2441476,0
2017-05-03,829.87,829.87,806.64,810.6,1654491,0
2017-05-04,805.16,809.6,790.33,804.66,1895295,0
2017-05-05,800.22,805.66,783.41,798.24,1634781,0
2017-05-08,797.25,806.14,792.81,799.23,1237183,0
2017-05-09,794.78,811.09,788.85,811.09,1086706,0
2017-05-10,805.16,824.43,805.16,820.48,1187777,0
2017-05-11,819,832.35,819,829.87,1217706,0
2017-05-12,831.85,845.68,828.39,837.78,1074276,0
2017-05-15,835.8,848.16,834.81,844.2,1146939,0
2017-05-16,842.23,857.06,842.23,846.68,1121071,0
2017-05-17,840.74,852.12,838.77,848.66,1108012,0
2017-05-18,847.66,861.51,842.23,861.01,1776290,0
2017-05-19,856.56,870.4,854.59,866.45,1755594,0
2017-05-22,863.97,879.97,863.97,876.83,1174187,0
2017-05-23,872.38,872.38,852.61,859.03,1988032,0
2017-05-24,837.78,853.6,803.18,803.68,2033722,0
2017-05-25,810.6,814.55,787.37,799.23,2029871,0
2017-05-26,799.23,808.12,789.83,806.64,1791446,0
2017-05-30,786.87,786.87,772.54,780.45,1736533,0
2017-05-31,786.37,799.72,782.42,799.23,2297071,0
2017-06-01,782.92,782.92,763.64,772.04,2659014,0
2017-06-02,771.55,789.83,767.1,788.35,1919542,0
2017-06-05,788.35,792.31,776,786.87,1169610,0
2017-06-06,787.37,788.85,769.08,774.02,1766623,0
2017-06-07,766.11,780.45,766.11,780.45,2006532,0
2017-06-08,783.41,783.41,770.06,772.54,1639698,0
2017-06-09,774.02,786.37,772.54,786.37,1026947,0
2017-06-12,780.94,800.71,776,794.78,954909,0
2017-06-13,803.18,809.6,803.18,803.18,1041242,0
2017-06-14,807.14,809.12,794.29,799.72,1670365,0
2017-06-15,799.72,800.22,769.08,770.56,1778581,0
2017-06-16,775.01,788.85,773.52,785.39,1920602,0
2017-06-19,790.33,790.33,769.22,783.91,877024,0
2017-06-20,778.96,782.92,778.96,778.96,7803,0
2017-06-21,777.48,777.48,769.98,774.02,1361856,0
2017-06-22,777.2,779.19,770.24,770.24,66617,0
2017-06-23,765.27,768.75,751.87,752.84,22801,0
2017-06-26,747.87,756.89,733.94,752.84,50367,0
2017-06-27,755.32,755.32,736.43,738.42,104918,0
2017-06-28,736.43,752.84,736.43,744.88,10260,0
2017-06-29,737.42,744.88,729.47,729.47,26007,0
2017-06-30,727.48,746.87,727.48,737.42,8346,0
2017-07-03,737.42,737.42,733.94,733.94,41182,0
2017-07-04,729.96,743.89,729.96,735.93,37896,0
2017-07-05,733.45,739.41,733.45,734.94,18719,0
2017-07-06,736.43,737.92,729.96,734.44,69171,0
2017-07-07,731.95,734.44,724.49,726.98,123460,0
2017-07-10,724.99,726.65,715.54,717.04,361708,0
2017-07-11,715.54,715.54,701.12,705.1,62440,0
2017-07-12,709.08,740.41,709.08,738.42,113351,0
2017-07-13,729.47,739.91,729.47,736.93,135549,0
2017-07-14,737.42,752.34,737.42,746.37,63233,0
2017-07-17,744.38,749.29,742.89,747.87,14475,0
2017-07-18,746.87,746.87,740.9,740.9,77612,0
2017-07-19,743.89,743.89,724.74,728.97,38414,0
2017-07-20,727.48,736.93,727.48,735.93,41644,0
2017-07-21,736.43,739.53,726.48,727.98,39924,0
2017-07-24,732.45,732.57,724,725.49,1200576,0
2017-07-25,727.98,746.37,727.98,733.94,1097442,0
2017-07-26,733.94,742.89,730.96,742.89,1166199,0
2017-07-27,743.39,759.8,743.39,757.31,1061995,0
2017-07-28,758.31,758.31,748.71,755.82,1893738,0
2017-07-31,756.82,756.82,734.94,735.93,1389292,0
2017-08-01,739.91,741.75,720.52,721.01,1312314,0
2017-08-02,724.99,728.97,721.73,726.48,890143,0
2017-08-03,724,726.89,717.41,722.51,1286593,0
2017-08-04,723.5,752.84,722.59,751.84,1960572,0
2017-08-07,752.84,752.84,727.98,733.45,1247474,0
2017-08-08,734.94,734.94,721.51,724,1289495,0
2017-08-09,719.52,739.41,719.52,731.95,1025649,0
2017-08-10,737.42,737.42,729.47,734.44,881618,0
2017-08-11,735.43,738.23,728.47,731.95,960474,0
2017-08-14,738.91,743.39,731.83,740.41,1241974,0
2017-08-15,743.39,745.38,729.47,733.94,1051056,0
2017-08-16,737.42,743.01,737.42,737.42,945180,0
2017-08-17,739.41,744.88,726.98,726.98,876758,0
2017-08-18,724.99,724.99,710.07,716.54,1284104,0
2017-08-21,712.06,721.89,712.06,716.54,726906,0
2017-08-22,718.53,728.47,718.53,726.98,791090,0
2017-08-23,725.99,739.91,725.99,731.95,935573,0
2017-08-24,728.97,753.22,728.97,750.35,1567877,0
2017-08-25,748.36,756.7,748.36,748.86,591154,0
2017-08-29,744.88,751.35,744.88,750.35,708739,0
2017-08-30,755.82,756.32,733.94,738.91,777374,0
2017-08-31,734.94,761.29,734.94,760.3,1146876,0
2017-09-01,765.77,767.26,758.31,758.31,856636,0
2017-09-04,754.33,759.8,750.85,753.83,556355,0
2017-09-05,755.82,755.82,749.36,751.84,570549,0
2017-09-06,747.37,747.37,731.95,742.4,1141989,0
2017-09-07,739.91,751.84,739.91,748.86,773355,0
2017-09-08,744.38,749.36,738.67,744.88,962095,0
2017-09-11,744.38,759.42,744.38,746.87,1084229,0
2017-09-12,746.37,746.37,739.41,744.38,836128,0
2017-09-13,744.38,744.38,729.35,730.46,1454640,0
2017-09-14,724.99,730.46,702.42,707.09,2622071,0
2017-09-15,709.08,709.08,697.52,703.11,2598961,0
2017-09-18,703.61,708.09,690.18,691.68,1347606,0
2017-09-19,692.67,698.64,685.21,687.7,1342646,0
2017-09-20,690.68,690.68,679.24,681.23,1004951,0
2017-09-21,682.73,682.73,666.93,667.81,1384359,0
2017-09-22,662.34,678.61,662.34,676.76,1110577,0
2017-09-25,670.79,670.79,639.96,641.95,1209198,0
2017-09-26,651.4,656.38,642.95,644.93,2501482,0
2017-09-27,641.95,641.95,631.51,638.97,1101817,0
2017-09-28,635.98,640.96,631.51,637.48,1175648,0
2017-09-29,638.97,650.45,638.97,646.43,16692,0
2017-10-02,643.94,643.94,633.99,639.46,2278128,0
2017-10-03,641.95,644.44,637.85,642.95,1649773,0
2017-10-04,638.97,649.91,638.97,649.91,1522186,0
2017-10-05,658.36,667.31,657.48,660.35,1324025,0
2017-10-06,657.37,682.6,657.37,682.23,1976114,0
2017-10-09,680.24,685.52,673.28,676.26,2500057,0
2017-10-10,672.28,678.25,670.79,676.26,1521659,0
2017-10-11,674.77,679.74,674.77,679.74,954094,0
2017-10-12,682.23,687.01,674.77,676.26,834470,0
2017-10-13,675.27,676.26,671.97,675.27,1011776,0
2017-10-16,678.75,678.75,671.29,671.29,1342059,0
2017-10-17,673.28,673.28,629.22,641.95,5013753,0
2017-10-18,645.93,645.93,628.4,635.98,3396844,0
2017-10-19,633,643.94,629.14,640.46,1199686,0
2017-10-20,641.95,651.9,636.98,636.98,1537861,0
2017-10-23,630.51,643.44,619.57,620.07,2348709,0
2017-10-24,617.09,622.56,605.15,606.15,3021008,0
2017-10-25,604.66,612.61,591.23,591.23,2225330,0
2017-10-26,590.24,601.93,586.26,589.24,2181059,0
2017-10-27,587.75,593.72,584.77,588.25,1538634,0
2017-10-30,582.28,591.23,582.28,582.78,1056938,0
2017-10-31,581.29,583.71,574.94,578.8,1208904,0
2017-11-01,581.78,584.37,573.83,573.83,1993861,0
2017-11-02,579.3,599.19,579.3,597.2,2402709,0
2017-11-03,599.68,605.05,590.24,591.73,1211816,0
2017-11-06,590.24,597.7,590.21,597.7,1214267,0
2017-11-07,591.23,594.71,588.75,590.73,1634402,0
2017-11-08,593.22,605.46,593.22,603.17,1322665,0
2017-11-09,604.16,608.14,597.2,607.64,1381664,0
2017-11-10,608.14,608.14,600.18,600.18,1787089,0
2017-11-13,602.17,603.17,589.74,589.74,1256186,0
2017-11-14,592.23,597.2,588.75,594.21,1246690,0
2017-11-15,594.71,595.33,586.26,591.23,2132509,0
2017-11-16,598.69,598.69,575.32,575.32,4423619,0
2017-11-17,571.34,571.34,552.45,552.45,3212741,0
2017-11-20,555.43,556.92,530.57,535.54,5088884,0
2017-11-21,517.14,537.03,503.72,504.71,4125929,0
2017-11-22,500.23,511.17,492.68,505.7,2857720,0
2017-11-23,500.73,522.61,499.24,522.11,3390826,0
2017-11-24,517.14,518.14,504.71,517.64,3280753,0
2017-11-27,513.16,524.6,498.25,523.61,2996007,0
2017-11-28,521.12,536.04,517.64,536.04,4249013,0
2017-11-29,533.55,539.52,529.07,537.03,5582624,0
2017-11-30,549.96,562.89,546.48,562.39,5363026,0
2017-12-01,556.92,561.89,550.46,555.43,2531737,0
2017-12-04,559.41,568.85,556.42,568.85,1978823,0
2017-12-05,571.34,579.79,567.86,576.31,2656225,0
2017-12-06,578.3,585.76,570.84,578.8,1709429,0
2017-12-07,578,594,576,590.5,1975124,0
2017-12-08,584.5,599,577,595,1684942,0
2017-12-11,597,601,581.5,601,1468387,0
2017-12-12,603.5,603.5,589.5,602.5,2117125,0
2017-12-13,607.5,609,594,606,2026498,0
2017-12-14,604,621.5,602.5,621.5,1389714,0
2017-12-15,615.5,616,597.5,609,2601714,0
2017-12-18,606,610.5,592,608,1364793,0
2017-12-19,602.5,602.5,563,579,2900174,0
2017-12-20,573,592.5,570,587,1612847,0
2017-12-21,584,631,576.5,630,2470630,0
2017-12-22,625.5,628,607.5,622.5,389183,0
2017-12-27,626,643,618,638,1196678,0
2017-12-28,644,652,638.5,643.5,731545,0
2017-12-29,641.5,649.5,635.5,649.5,497388,0
2018-01-02,659.6,659.6,647,649,1170764,0
2018-01-03,652.6,653,631.6,638,1200909,0
2018-01-04,638,641,624.6,632.4,1090705,0
2018-01-05,631,638,618,626,2782143,0
2018-01-08,623.6,640.4,622.6,638.4,1343041,0
2018-01-09,639.2,640.6,629,636,1813786,0
2018-01-10,638,638,616,616,1692463,0
2018-01-11,621.2,630.6,602.4,602.4,1523869,0
2018-01-12,606.2,613.6,602.4,605,1439623,0
2018-01-15,603.6,609.8,599.2,599.2,924644,0
2018-01-16,599,605,596.4,600.2,1113128,0
2018-01-17,611,622,598.4,619,1359305,0
2018-01-18,623,623.6,600.8,606.2,1942926,0
2018-01-19,607.2,608.2,598,607,1648182,0
2018-01-22,606,618.6,602,609.6,1550346,0
2018-01-23,614,629.2,612.2,625.8,1766585,0
2018-01-24,624.4,634,615.8,616.8,1214152,0
2018-01-25,614.4,634.8,614.4,629.2,1372126,0
2018-01-26,630.8,630.8,609.2,611,2752357,0
2018-01-29,614,618.2,604.2,610,1397350,0
2018-01-30,600,604,594.2,598.8,1859211,0
2018-01-31,603.6,603.6,589.8,597.2,1576684,0
2018-02-01,595.6,597.4,589.6,592,1905785,0
2018-02-02,593.6,601.8,581.8,585.6,2446304,0
2018-02-05,583.4,592.2,572.4,584.4,3286529,0
2018-02-06,570,576,555.6,556.6,3058293,0
2018-02-07,556.6,575.2,554,571.4,2218806,0
2018-02-08,566.2,574.6,560.4,570.6,1967190,0
2018-02-09,565,569,557,567,2773803,0
2018-02-12,568.4,575.4,566.2,567.4,1429362,0
2018-02-13,566.2,578.2,565,565.4,1416877,0
2018-02-14,573.4,575,563,572,1470532,0
2018-02-15,574.4,580,567.4,577.4,1673056,0
2018-02-16,579.2,584.6,574.2,583,1215214,0
2018-02-19,581,588.4,577.4,578.8,1659249,0
2018-02-20,581.8,589.8,579.6,588,1450176,0
2018-02-21,587.8,608,585.8,598.874,2139543,0
2018-02-22,600.2,606.8,592.2,606,1907496,0
2018-02-23,606.2,609.6,602.4,608.4,1172385,0
2018-02-26,606.8,609.2,599.6,600,1158090,0
2018-02-27,600,611,599.6,607.2,1185163,0
2018-02-28,600.8,604.6,591.8,591.8,2433681,0
2018-03-01,593,597.6,582,587.6,1744740,0
2018-03-02,581.2,581.6,573,574.4,1973293,0
2018-03-05,578,578.6,566.2,570,2051886,0
2018-03-06,573.2,576,569,575,1648905,0
2018-03-07,573.8,579.2,568.4,578.4,1752670,0
2018-03-08,578,608.8,577.8,607,1610720,0
2018-03-09,606.6,618,606,617.4,1388165,0
2018-03-12,617.6,620,612,616.4,1007668,0
2018-03-13,614.4,620.6,607.4,609.2,1156678,0
2018-03-14,606.6,610.6,597.8,598.2,1071068,0
2018-03-15,599.8,603.8,591.8,599.4,1131286,0
2018-03-16,590.2,603.8,588.8,601.8,1937073,0
2018-03-19,603,603,577.6,579,901540,0
2018-03-20,584.6,584.6,567.6,570.8,1467862,0
2018-03-21,570.8,578.8,568.8,577.2,815289,0
2018-03-22,570.6,578.2,565.4,567.6,1424956,0
2018-03-23,561.2,566.4,552.2,560.2,1448252,0
2018-03-26,564.8,564.8,545,553,1931861,0
2018-03-27,558,566.6,556,564.2,1555086,0
2018-03-28,557.6,571.8,549.8,571.8,1610028,0
2018-03-29,566,606.8,566,601,2092249,0
