Date,Open,High,Low,Close,Volume,OpenInt
2015-03-30,23.602,23.602,23.602,23.602,1773,0
2015-04-01,25.351,26.225,25.351,26.225,22879,0
2015-04-07,23.602,26.223,23.602,26.223,29535,0
2015-04-08,26.223,26.223,26.223,26.223,10242,0
2015-04-09,26.006,26.225,25.351,25.351,51476,0
2015-04-13,26.225,26.225,26.225,26.225,17160,0
2015-04-15,26.225,26.225,25.787,25.787,26676,0
2015-04-17,27.973,27.973,26.488,26.662,61916,0
2015-04-20,26.496,27.973,26.496,27.973,9413,0
2015-04-22,30.028,30.028,30.028,30.028,9,0
2015-04-29,27.099,27.099,27.099,27.099,1705,0
2015-05-01,27.099,28.847,27.099,28.847,12808,0
2015-05-06,26.225,28.411,26.225,28.411,9240,0
2015-05-08,28.411,28.411,28.411,28.411,11440,0
2015-05-12,28.847,28.847,28.847,28.847,1697,0
2015-05-15,26.225,27.973,26.225,27.973,20561,0
2015-05-19,28.411,28.411,28.411,28.411,3518,0
2015-05-20,25.787,27.099,25.787,27.099,22879,0
2015-05-22,25.438,27.204,25.438,27.204,5314,0
2015-05-27,25.001,25.001,24.564,24.564,11865,0
2015-05-28,26.575,27.973,25.875,25.875,46850,0
2015-06-01,27.099,27.099,27.099,27.099,28599,0
2015-06-02,27.396,27.396,27.396,27.396,2259,0
2015-06-03,27.553,27.553,27.553,27.553,4576,0
2015-06-04,25.875,25.875,25.875,25.875,3363,0
2015-06-09,27.712,27.712,27.712,27.712,3563,0
2015-06-10,27.712,27.712,27.712,27.712,13478,0
2015-06-11,25.686,25.686,25.686,25.686,6864,0
2015-06-15,25.351,25.351,25.351,25.351,11900,0
2015-06-17,27.099,27.099,27.099,27.099,10111,0
2015-06-19,27.973,27.973,27.798,27.798,17757,0
2015-06-22,27.798,27.798,26.225,26.225,30558,0
2015-06-23,25.351,26.924,24.476,26.924,24023,0
2015-06-25,27.099,27.099,27.099,27.099,5535,0
2015-07-09,27.536,27.973,27.536,27.973,12869,0
2015-07-10,27.973,27.973,27.973,27.973,3638,0
2015-07-13,27.973,28.411,26.225,26.225,43141,0
2015-07-17,25.787,25.787,25.787,25.787,1429,0
2015-07-20,27.973,27.973,27.099,27.099,1768,0
2015-07-21,27.973,27.973,27.973,27.973,2860,0
2015-07-22,27.973,27.973,27.973,27.973,10,0
2015-07-27,27.973,27.973,25.787,25.787,36417,0
2015-07-29,27.624,27.624,27.624,27.624,34794,0
2015-07-31,25.525,25.525,25.525,25.525,1768,0
2015-08-03,28.847,28.847,26.225,26.225,35463,0
2015-08-04,28.716,28.716,28.716,28.716,3450,0
2015-08-05,25.657,25.657,22.008,24.356,56625,0
2015-08-06,25.351,25.351,22.291,24.476,31019,0
2015-08-07,24.451,24.451,24.433,24.433,3254,0
2015-08-10,24.433,25.787,24.433,25.787,21289,0
2015-08-11,25.787,25.787,25.787,25.787,1144,0
2015-08-12,23.253,25.787,23.253,25.787,2558,0
2015-08-13,25.787,25.787,25.787,25.787,14,0
2015-08-14,26.225,26.225,24.869,24.869,49142,0
2015-08-17,24.738,24.738,24.738,24.738,1697,0
2015-08-18,26.225,27.973,26.225,27.973,53306,0
2015-08-20,25.863,26.827,23.846,26.598,39530,0
2015-08-26,24.305,24.305,24.305,24.305,3288,0
2015-08-27,27.239,27.239,27.239,27.239,2929,0
2015-09-01,24.488,24.488,24.488,24.488,27213,0
2015-09-02,26.964,26.964,24.305,24.305,12430,0
2015-09-04,26.964,26.964,26.964,26.964,1090,0
2015-09-07,25.038,25.038,22.47,23.388,40069,0
2015-09-09,24.075,24.075,24.066,24.066,15547,0
2015-09-10,24.066,24.066,21.902,24.03,9542,0
2015-09-11,21.92,21.92,21.92,21.92,20928,0
2015-09-14,21.938,21.938,21.938,21.938,5452,0
2015-09-15,23.846,23.846,23.846,23.846,14,0
2015-09-21,21.278,21.278,21.278,21.278,2181,0
2015-09-23,23.846,23.846,20.544,20.544,38413,0
2015-09-24,20.223,20.223,20.178,20.178,4531,0
2015-09-29,22.012,22.012,22.012,22.012,6133,0
2015-10-01,20.178,20.178,20.178,20.178,3545,0
2015-10-02,21.553,22.488,21.553,22.488,2831,0
2015-10-06,22.488,22.488,20.315,20.315,23926,0
2015-10-07,22.379,22.929,20.59,20.59,27146,0
2015-10-09,22.874,22.874,22.874,22.874,6505,0
2015-10-12,20.682,20.682,20.682,20.682,3475,0
2015-10-13,22.644,22.929,22.644,22.929,8627,0
2015-10-15,24.121,24.121,24.121,24.121,14,0
2015-10-20,24.121,24.121,20.728,20.728,9667,0
2015-10-22,20.728,20.728,20.728,20.728,4362,0
2015-10-23,24.763,24.763,24.763,24.763,5,0
2015-10-26,20.728,20.728,20.728,20.728,2181,0
2015-10-28,20.728,20.728,20.728,20.728,14155,0
2015-11-05,23.388,23.388,21.094,21.094,40996,0
2015-11-10,21.094,21.094,21.094,21.094,4362,0
2015-11-11,20.347,20.347,20.347,20.347,10356,0
2015-11-12,22.47,22.47,22.47,22.47,6622,0
2015-11-13,22.47,22.47,22.47,22.47,15,0
2015-11-16,22.47,22.47,22.012,22.012,2203,0
2015-11-23,22.47,22.47,22.47,22.47,1103,0
2015-11-25,22.47,22.47,22.47,22.47,3313,0
2015-12-03,22.929,23.388,22.929,23.388,19190,0
2015-12-04,23.388,23.388,19.277,21.69,67568,0
2015-12-10,20.178,20.178,20.178,20.178,3167,0
2015-12-11,20.178,20.178,20.178,20.178,545,0
2015-12-15,22.791,22.791,22.791,22.791,15,0
2015-12-16,20.178,20.178,20.178,20.178,2809,0
2015-12-22,22.012,22.012,22.012,22.012,4543,0
2015-12-24,21.553,21.553,21.553,21.553,0,0
2015-12-29,21.553,21.553,21.553,21.553,0,0
2015-12-30,21.553,21.553,21.553,21.553,4579,0
2015-12-31,21.553,21.553,20.637,20.637,8620,0
2016-01-04,20.637,20.637,20.637,20.637,0,0
2016-01-05,20.637,20.637,20.637,20.637,16186,0
2016-01-06,20.637,22.7,20.637,22.47,26211,0
2016-01-07,22.47,24.721,21.278,22.47,2222,0
2016-01-08,22.47,22.47,22.47,22.47,0,0
2016-01-11,22.47,22.47,22.47,22.47,0,0
2016-01-12,22.47,24.763,21.69,22.929,8702,0
2016-01-13,22.929,22.929,22.929,22.929,0,0
2016-01-14,22.929,22.929,21.094,21.094,60820,0
2016-01-15,21.094,21.094,20.637,20.637,4464,0
2016-01-18,20.637,21.81,20.361,21.094,10503,0
2016-01-19,21.094,21.094,21.094,21.094,0,0
2016-01-20,21.094,21.094,21.094,21.094,0,0
2016-01-21,21.094,21.094,19.719,19.719,51235,0
2016-01-22,19.719,20.16,19.261,19.719,13089,0
2016-01-25,19.719,19.719,19.719,19.719,0,0
2016-01-26,19.719,20.14,19.261,19.261,9518,0
2016-01-27,19.261,20.178,19.261,20.178,29449,0
2016-01-28,20.178,20.178,20.178,20.178,0,0
2016-01-29,20.178,20.178,20.178,20.178,0,0
2016-02-01,20.178,20.178,20.178,20.178,0,0
2016-02-02,20.178,21.094,20.178,21.094,10903,0
2016-02-03,21.094,21.094,21.094,21.094,0,0
2016-02-04,21.094,21.094,20.178,21.094,19626,0
2016-02-05,21.094,21.094,21.094,21.094,0,0
2016-02-08,21.094,21.094,21.094,21.094,0,0
2016-02-09,21.094,22.012,21.094,21.553,22519,0
2016-02-10,21.553,22.012,21.278,22.012,27258,0
2016-02-11,22.012,22.012,21.094,21.094,16355,0
2016-02-12,21.094,21.094,21.094,21.094,978,0
2016-02-15,21.094,21.094,21.094,21.094,10903,0
2016-02-16,21.094,21.553,21.094,21.553,22207,0
2016-02-17,21.553,22.012,21.553,22.012,16355,0
2016-02-18,22.012,22.012,21.599,22.012,2181,0
2016-02-19,21.094,22.012,21.094,22.012,7315,0
2016-02-22,22.012,23.846,22.012,23.388,10903,0
2016-02-23,23.388,23.388,23.388,23.388,0,0
2016-02-24,23.388,23.388,23.388,23.388,0,0
2016-02-25,23.388,23.388,23.388,23.388,0,0
2016-02-26,23.388,23.388,23.388,23.388,0,0
2016-02-29,23.388,23.388,23.388,23.388,0,0
2016-03-01,23.388,23.388,23.388,23.388,0,0
2016-03-02,23.388,23.388,22.47,22.47,16936,0
2016-03-03,22.47,22.47,22.47,22.47,0,0
2016-03-04,22.47,22.47,21.599,22.012,2726,0
2016-03-07,22.012,22.012,22.012,22.012,0,0
2016-03-08,22.012,22.012,22.012,22.012,0,0
2016-03-09,22.012,22.012,22.012,22.012,0,0
2016-03-10,22.012,22.012,22.012,22.012,0,0
2016-03-11,22.012,22.012,22.012,22.012,0,0
2016-03-14,22.012,22.012,22.012,22.012,545,0
2016-03-15,22.012,22.012,22.012,22.012,0,0
2016-03-16,22.012,22.012,22.012,22.012,2312,0
2016-03-17,22.012,22.929,22.012,22.47,3265,0
2016-03-18,22.47,22.929,22.47,22.929,5833,0
2016-03-21,22.929,22.929,22.929,22.929,0,0
2016-03-22,22.929,22.929,22.929,22.929,0,0
2016-03-23,22.929,22.929,22.929,22.929,1095,0
2016-03-24,22.929,22.929,22.929,22.929,0,0
2016-03-29,22.929,22.929,22.929,22.929,0,0
2016-03-30,22.929,22.929,22.012,22.012,20411,0
2016-03-31,22.012,23.388,21.438,22.012,55456,0
2016-04-01,22.012,22.012,22.012,22.012,0,0
2016-04-04,22.012,22.47,22.012,22.47,11277,0
2016-04-05,22.47,22.47,22.47,22.47,0,0
2016-04-06,22.47,22.47,22.47,22.47,0,0
2016-04-07,22.47,22.47,22.47,22.47,2181,0
2016-04-08,22.47,22.929,22.47,22.929,8178,0
2016-04-11,22.929,23.846,22.929,23.846,6542,0
2016-04-12,23.846,23.846,23.846,23.846,0,0
2016-04-13,23.846,23.846,23.846,23.846,0,0
2016-04-14,23.846,23.846,23.846,23.846,0,0
2016-04-15,23.846,23.846,23.846,23.846,0,0
2016-04-18,23.846,23.846,23.846,23.846,0,0
2016-04-19,23.846,23.846,23.846,23.846,0,0
2016-04-20,23.846,23.846,23.846,23.846,0,0
2016-04-21,23.846,23.846,23.846,23.846,0,0
2016-04-22,23.846,24.305,23.846,24.305,4282,0
2016-04-25,24.305,24.305,24.305,24.305,0,0
2016-04-26,24.305,24.305,24.305,24.305,0,0
2016-04-27,24.305,24.305,24.305,24.305,4362,0
2016-04-28,24.305,24.305,24.305,24.305,1583,0
2016-04-29,24.305,24.305,24.305,24.305,2181,0
2016-05-03,24.305,24.305,24.305,24.305,0,0
2016-05-04,24.305,24.305,24.305,24.305,0,0
2016-05-05,24.305,24.305,24.305,24.305,0,0
2016-05-06,24.305,24.305,24.305,24.305,1784,0
2016-05-09,24.305,24.305,24.305,24.305,0,0
2016-05-10,24.305,24.305,24.305,24.305,0,0
2016-05-11,24.305,24.305,23.273,23.846,5452,0
2016-05-12,23.846,23.846,23.846,23.846,0,0
2016-05-13,23.846,23.846,23.846,23.846,0,0
2016-05-16,23.846,23.846,23.846,23.846,0,0
2016-05-17,23.846,23.846,23.846,23.846,0,0
2016-05-18,23.846,23.846,23.846,23.846,0,0
2016-05-19,23.846,23.846,23.846,23.846,0,0
2016-05-20,23.846,23.846,23.846,23.846,0,0
2016-05-23,23.846,24.305,23.846,24.305,7889,0
2016-05-24,24.305,24.305,24.305,24.305,0,0
2016-05-25,24.305,24.305,24.305,24.305,0,0
2016-05-26,24.305,24.305,24.305,24.305,0,0
2016-05-27,24.305,24.305,24.305,24.305,0,0
2016-05-31,24.305,24.305,24.305,24.305,7498,0
2016-06-01,24.305,24.305,24.305,24.305,0,0
2016-06-02,24.305,24.305,24.305,24.305,0,0
2016-06-03,24.305,24.305,24.305,24.305,3924,0
2016-06-06,24.305,24.305,24.305,24.305,0,0
2016-06-07,24.305,24.305,24.305,24.305,3924,0
2016-06-08,24.305,25.681,23.9,25.681,45793,0
2016-06-09,25.681,25.681,25.681,25.681,3271,0
2016-06-10,25.681,25.681,24.763,24.763,3907,0
2016-06-13,24.763,24.763,24.763,24.763,0,0
2016-06-14,24.763,25.681,24.763,25.681,5665,0
2016-06-15,25.681,25.681,25.681,25.681,0,0
2016-06-16,21.553,22.838,20.178,21.553,45237,0
2016-06-17,21.553,21.553,21.553,21.553,13008,0
2016-06-20,21.553,22.012,21.553,22.012,13008,0
2016-06-21,22.012,22.012,22.012,22.012,0,0
2016-06-22,22.012,22.012,22.012,22.012,8178,0
2016-06-23,22.012,22.012,22.012,22.012,2149,0
2016-06-24,20.637,22.47,19.261,20.637,8817,0
2016-06-27,20.637,21.553,19.261,20.637,20972,0
2016-06-28,20.637,21.094,20.637,21.094,3313,0
2016-06-29,21.094,21.094,21.094,21.094,0,0
2016-06-30,21.094,21.094,21.094,21.094,249,0
2016-07-01,21.094,21.553,21.094,21.553,5452,0
2016-07-04,21.553,21.553,21.553,21.553,0,0
2016-07-05,21.553,21.553,21.553,21.553,0,0
2016-07-06,21.553,21.553,21.553,21.553,0,0
2016-07-07,21.553,21.553,21.553,21.553,0,0
2016-07-08,21.553,21.553,21.553,21.553,0,0
2016-07-11,21.553,21.553,21.553,21.553,0,0
2016-07-12,21.553,21.553,21.553,21.553,0,0
2016-07-13,21.553,21.553,21.553,21.553,0,0
2016-07-14,21.553,22.585,21.553,22.47,26400,0
2016-07-15,22.47,22.516,22.47,22.47,1090,0
2016-07-18,22.47,22.47,22.47,22.47,0,0
2016-07-19,22.47,23.388,22.47,23.388,13077,0
2016-07-20,23.388,23.388,23.388,23.388,9922,0
2016-07-21,23.388,23.388,23.388,23.388,0,0
2016-07-22,23.388,24.419,23.388,23.846,10903,0
2016-07-25,23.846,24.167,22.149,23.388,39747,0
2016-07-26,23.388,23.388,22.929,22.929,5452,0
2016-07-27,22.929,22.929,22.929,22.929,0,0
2016-07-28,22.929,22.929,22.929,22.929,0,0
2016-07-29,22.929,22.929,22.929,22.929,0,0
2016-08-01,22.929,22.929,22.929,22.929,0,0
2016-08-02,22.929,22.929,22.929,22.929,0,0
2016-08-03,22.929,22.929,21.094,21.094,27658,0
2016-08-04,21.094,21.094,21.094,21.094,0,0
2016-08-05,18.343,20.178,17.885,18.802,65474,0
2016-08-08,18.802,20.453,17.335,18.802,3074,0
2016-08-09,18.802,19.489,18.802,19.489,11465,0
2016-08-10,19.489,21.094,18.802,19.948,29791,0
2016-08-11,19.948,23.846,19.261,23.388,171764,0
2016-08-12,23.388,27.514,22.356,24.305,335412,0
2016-08-15,24.305,25.222,24.305,25.222,254332,0
2016-08-16,25.222,28.902,22.7,25.681,232068,0
2016-08-17,25.681,29.808,25.108,29.808,1423680,0
2016-08-18,30.769,30.769,25.962,25.962,109924,0
2016-08-19,23.558,25.865,22.692,24.038,1184888,0
2016-08-22,24.038,24.038,23.558,23.558,192296,0
2016-08-23,23.558,24.904,22.692,23.558,55566,0
2016-08-24,23.558,23.558,23.558,23.558,16206,0
2016-08-25,23.558,23.558,23.558,23.558,28912,0
2016-08-26,23.077,23.077,23.077,23.077,0,0
2016-08-30,23.077,24.904,22.115,23.077,90740,0
2016-08-31,23.077,24.904,21.154,22.837,17576,0
2016-09-01,22.837,22.837,22.596,22.596,104409,0
2016-09-02,22.596,22.596,22.596,22.596,15080,0
2016-09-05,22.596,24.038,21.635,23.077,9881,0
2016-09-06,23.077,24.423,22.596,23.558,25248,0
2016-09-07,23.558,23.558,23.558,23.558,3015,0
2016-09-08,22.596,23.942,21.154,22.115,73929,0
2016-09-09,22.115,22.115,22.115,22.115,19032,0
2016-09-12,22.115,22.115,22.115,22.115,2170,0
2016-09-13,22.115,22.115,22.115,22.115,0,0
2016-09-14,22.115,22.115,22.115,22.115,6836,0
2016-09-15,22.115,22.115,22.115,22.115,847,0
2016-09-16,22.115,22.115,21.154,21.154,96174,0
2016-09-19,21.154,21.154,21.154,21.154,0,0
2016-09-20,21.154,21.154,21.154,21.154,0,0
2016-09-21,21.154,21.154,21.154,21.154,0,0
2016-09-22,21.154,21.154,21.154,21.154,2080,0
2016-09-23,21.154,21.154,21.154,21.154,0,0
2016-09-26,21.154,21.154,21.154,21.154,0,0
2016-09-27,21.154,21.154,21.154,21.154,0,0
2016-09-28,21.154,21.154,21.154,21.154,9,0
2016-09-29,21.154,21.154,21.154,21.154,0,0
2016-09-30,21.154,21.827,19.712,21.154,11440,0
2016-10-03,21.154,22.067,21.154,21.635,1500,0
2016-10-04,21.635,21.635,20.192,20.192,28092,0
2016-10-05,20.192,20.673,19.231,19.231,29692,0
2016-10-06,19.231,19.231,19.231,19.231,2050,0
2016-10-07,19.231,19.231,17.885,19.231,43160,0
2016-10-10,19.231,19.231,19.231,19.231,967,0
2016-10-11,19.712,19.712,19.712,19.712,0,0
2016-10-12,19.712,19.712,17.788,17.788,44875,0
2016-10-13,17.788,17.788,17.788,17.788,690662,0
2016-10-14,17.788,19.471,16.707,18.75,24288,0
2016-10-17,18.75,18.75,18.75,18.75,0,0
2016-10-18,18.75,18.75,18.75,18.75,4322,0
2016-10-19,18.75,18.75,18.75,18.75,0,0
2016-10-20,18.75,18.75,18.75,18.75,0,0
2016-10-21,18.75,18.75,18.75,18.75,0,0
2016-10-24,18.75,18.75,18.75,18.75,4322,0
2016-10-25,18.75,18.75,18.75,18.75,0,0
2016-10-26,18.75,18.75,18.75,18.75,0,0
2016-10-27,18.75,18.75,18.75,18.75,0,0
2016-10-28,18.75,18.75,18.75,18.75,0,0
2016-10-31,18.75,18.75,18.75,18.75,0,0
2016-11-01,18.75,18.75,18.75,18.75,0,0
2016-11-02,18.75,18.75,18.75,18.75,0,0
2016-11-03,18.75,18.75,17.788,17.788,31200,0
2016-11-04,17.788,17.788,17.788,17.788,0,0
2016-11-07,17.788,17.788,17.788,17.788,307,0
2016-11-08,17.788,17.788,17.788,17.788,0,0
2016-11-09,17.788,17.788,17.788,17.788,0,0
2016-11-10,17.788,17.788,17.788,17.788,4160,0
2016-11-11,17.788,17.788,17.788,17.788,0,0
2016-11-14,17.788,17.788,15.865,15.865,78116,0
2016-11-15,15.385,18.269,15.144,17.308,92788,0
2016-11-16,17.308,17.308,17.308,17.308,0,0
2016-11-17,17.308,17.308,17.308,17.308,0,0
2016-11-18,17.308,17.308,17.308,17.308,0,0
2016-11-21,17.308,17.308,17.308,17.308,0,0
2016-11-22,17.308,17.308,17.308,17.308,0,0
2016-11-23,17.308,17.308,17.308,17.308,1072,0
2016-11-24,17.308,17.308,17.308,17.308,0,0
2016-11-25,17.308,18.269,17.067,17.788,14778,0
2016-11-28,17.788,17.788,17.788,17.788,5474,0
2016-11-29,17.788,17.788,17.788,17.788,0,0
2016-11-30,17.788,17.788,17.788,17.788,11440,0
2016-12-01,18.269,18.269,18.269,18.269,8273,0
2016-12-02,18.269,19.231,18.269,19.231,5200,0
2016-12-05,19.231,19.231,19.231,19.231,10920,0
2016-12-06,19.231,19.231,17.788,17.788,10400,0
2016-12-07,17.788,17.788,17.788,17.788,0,0
2016-12-08,17.788,17.788,17.788,17.788,0,0
2016-12-09,17.788,18.12,17.788,17.788,520,0
2016-12-12,17.788,17.788,16.346,16.346,26000,0
2016-12-13,16.346,16.346,15.865,15.865,18720,0
2016-12-14,15.865,16.587,14.748,15.865,9701,0
2016-12-15,15.865,15.865,15.865,15.865,0,0
2016-12-16,15.865,15.865,15.865,15.865,0,0
2016-12-19,15.865,15.865,15.865,15.865,0,0
2016-12-20,15.865,15.865,15.865,15.865,0,0
2016-12-21,15.865,15.865,15.865,15.865,0,0
2016-12-22,15.865,15.865,15.865,15.865,0,0
2016-12-23,15.865,15.865,15.865,15.865,0,0
2016-12-28,15.865,15.865,15.865,15.865,0,0
2016-12-29,15.865,15.865,15.865,15.865,0,0
2016-12-30,15.865,15.865,15.865,15.865,0,0
2017-01-03,15.865,15.865,15.865,15.865,5200,0
2017-01-04,15.865,15.865,15.865,15.865,0,0
2017-01-05,15.865,16.202,14.423,15.385,12746,0
2017-01-06,14.904,15.385,12.32,14.423,129128,0
2017-01-09,14.423,14.423,14.423,14.423,0,0
2017-01-10,14.423,14.423,14.423,14.423,3273,0
2017-01-11,14.423,14.615,12.5,14.423,38247,0
2017-01-12,14.423,14.615,13.178,14.423,27133,0
2017-01-13,14.423,14.519,14.423,14.423,7254,0
2017-01-16,14.423,14.423,14.423,14.423,0,0
2017-01-17,14.423,14.423,14.423,14.423,770,0
2017-01-18,14.423,14.615,14.423,14.423,23536,0
2017-01-19,14.423,14.423,14.423,14.423,0,0
2017-01-20,14.423,14.423,14.423,14.423,0,0
2017-01-23,14.423,14.423,14.423,14.423,0,0
2017-01-24,14.423,14.423,14.423,14.423,0,0
2017-01-25,14.423,14.423,14.423,14.423,37144,0
2017-01-26,14.423,14.423,14.423,14.423,0,0
2017-01-27,14.423,14.423,13.462,14.423,110557,0
2017-01-30,14.423,14.423,14.423,14.423,83200,0
2017-01-31,14.423,14.904,14.423,14.904,10400,0
2017-02-01,14.904,14.904,14.904,14.904,3178,0
2017-02-02,14.904,14.904,14.904,14.904,0,0
2017-02-03,14.904,14.904,14.904,14.904,3201,0
2017-02-06,14.904,14.904,14.904,14.904,0,0
2017-02-07,14.904,14.904,14.904,14.904,151,0
2017-02-08,14.904,14.904,14.635,14.904,3510,0
2017-02-09,14.904,14.904,14.904,14.904,0,0
2017-02-10,14.904,14.904,14.904,14.904,0,0
2017-02-13,14.904,14.904,14.904,14.904,0,0
2017-02-14,14.904,15.865,14.904,15.865,5200,0
2017-02-15,15.865,15.865,15.865,15.865,0,0
2017-02-16,15.865,15.865,15.865,15.865,6240,0
2017-02-17,15.865,15.865,15.865,15.865,0,0
2017-02-20,15.865,15.865,15.865,15.865,0,0
2017-02-21,15.865,15.865,15.865,15.865,0,0
2017-02-22,15.865,15.865,15.865,15.865,0,0
2017-02-23,15.865,15.865,15.865,15.865,26000,0
2017-02-24,15.865,15.865,15.865,15.865,0,0
2017-02-27,15.865,15.865,15.865,15.865,0,0
2017-02-28,15.865,15.865,15.865,15.865,0,0
2017-03-01,15.865,15.865,15.865,15.865,0,0
2017-03-02,15.865,15.865,15.385,15.385,10400,0
2017-03-03,15.385,15.385,15.385,15.385,0,0
2017-03-06,14.904,14.904,14.904,14.904,0,0
2017-03-07,14.904,15.385,13.621,14.904,6923,0
2017-03-08,14.904,14.904,14.904,14.904,0,0
2017-03-09,14.904,14.904,14.904,14.904,0,0
2017-03-10,14.904,14.904,14.904,14.904,0,0
2017-03-13,14.904,14.904,14.904,14.904,0,0
2017-03-14,14.904,14.904,14.904,14.904,11440,0
2017-03-15,14.904,14.904,14.904,14.904,0,0
2017-03-16,14.904,14.904,14.904,14.904,0,0
2017-03-17,14.904,14.904,14.904,14.904,3250,0
2017-03-20,14.904,14.904,14.904,14.904,0,0
2017-03-21,14.904,14.904,14.904,14.904,0,0
2017-03-22,14.904,14.904,14.904,14.904,0,0
2017-03-23,14.904,14.904,14.904,14.904,0,0
2017-03-24,14.904,14.904,14.904,14.904,2080,0
2017-03-27,14.904,14.904,14.904,14.904,0,0
2017-03-28,14.904,14.904,14.904,14.904,2080,0
2017-03-29,14.904,14.904,14.904,14.904,7372,0
2017-03-30,14.904,14.904,14.423,14.423,46041,0
2017-03-31,14.423,14.904,14.423,14.904,26000,0
2017-04-03,14.904,14.904,14.904,14.904,0,0
2017-04-04,14.904,14.904,13.942,13.942,10400,0
2017-04-05,13.942,19.231,12.5,14.423,394501,0
2017-04-06,14.423,14.423,14.423,14.423,5386,0
2017-04-07,14.423,14.423,14.183,14.183,5096,0
2017-04-10,14.183,14.183,14.183,14.183,4461,0
2017-04-11,14.183,14.183,14.183,14.183,0,0
2017-04-12,14.183,14.183,14.183,14.183,0,0
2017-04-13,14.183,14.423,14.183,14.423,6801,0
2017-04-18,14.423,14.423,13.702,13.942,37440,0
2017-04-19,13.942,13.942,13.702,13.702,10400,0
2017-04-20,13.702,13.702,13.702,13.702,0,0
2017-04-21,13.702,13.702,13.702,13.702,0,0
2017-04-24,13.702,13.702,13.702,13.702,0,0
2017-04-25,13.702,13.702,13.702,13.702,0,0
2017-04-26,13.702,13.702,13.702,13.702,0,0
2017-04-27,13.702,14.423,12.74,13.462,33886,0
2017-04-28,13.462,13.462,13.462,13.462,15600,0
2017-05-02,13.462,13.462,13.221,13.221,17206,0
2017-05-03,13.221,13.221,13.221,13.221,0,0
2017-05-04,13.221,13.221,13.221,13.221,0,0
2017-05-05,13.221,13.221,13.221,13.221,160,0
2017-05-08,13.221,13.221,13.221,13.221,3478,0
2017-05-09,13.221,13.221,13.221,13.221,0,0
2017-05-10,13.221,13.221,13.221,13.221,0,0
2017-05-11,13.221,13.221,13.221,13.221,0,0
2017-05-12,13.221,13.221,13.221,13.221,0,0
2017-05-15,13.221,13.308,12.26,12.74,14144,0
2017-05-16,12.74,12.74,12.5,12.5,31200,0
2017-05-17,12.5,12.5,12.019,12.26,13520,0
2017-05-18,12.26,12.26,12.26,12.26,0,0
2017-05-19,12.26,15.385,12.26,15.385,93750,0
2017-05-22,15.385,15.385,13.702,13.702,25798,0
2017-05-23,13.702,13.702,13.702,13.702,0,0
2017-05-24,13.702,13.702,13.702,13.702,10400,0
2017-05-25,13.702,13.702,13.702,13.702,0,0
2017-05-26,13.702,16.154,12.26,15.385,8213,0
2017-05-30,15.385,16.154,12.26,15.385,8213,0
2017-05-31,15.385,15.385,14.904,14.904,6442,0
2017-06-01,14.904,14.904,14.904,14.904,0,0
2017-06-02,14.904,15.144,13.287,13.942,15357,0
2017-06-05,13.942,13.942,13.942,13.942,0,0
2017-06-06,13.942,13.942,13.942,13.942,0,0
2017-06-07,13.942,13.942,13.942,13.942,0,0
2017-06-08,13.942,13.942,13.942,13.942,0,0
2017-06-09,13.942,13.942,13.942,13.942,4160,0
2017-06-12,13.942,13.942,12.26,12.26,59484,0
2017-06-13,12.26,12.26,12.019,12.019,7571,0
2017-06-14,12.019,12.5,10.721,12.019,56591,0
2017-06-15,12.019,12.26,12.019,12.26,10400,0
2017-06-16,12.26,12.26,12.26,12.26,0,0
2017-06-19,12.26,12.26,12.26,12.26,0,0
2017-06-20,12.26,12.26,12.26,12.26,0,0
2017-06-21,12.26,12.26,12.26,12.26,10400,0
2017-06-22,12.26,12.26,12.26,12.26,0,0
2017-06-23,12.26,12.26,12.26,12.26,2496,0
2017-06-26,12.26,12.788,12.26,12.5,1273,0
2017-06-27,12.5,12.5,12.5,12.5,0,0
2017-06-28,12.5,12.5,12.5,12.5,10400,0
2017-06-29,12.5,12.5,12.5,12.5,12382,0
2017-06-30,12.5,12.5,12.5,12.5,0,0
2017-07-03,12.5,12.5,12.26,12.26,6933,0
2017-07-04,12.26,12.26,12.26,12.26,0,0
2017-07-05,12.26,12.26,12.26,12.26,0,0
2017-07-06,12.26,12.26,12.26,12.26,0,0
2017-07-07,12.26,12.26,12.26,12.26,0,0
2017-07-10,12.26,12.26,12.26,12.26,0,0
2017-07-11,12.26,12.26,12.26,12.26,0,0
2017-07-12,12.26,12.26,12.26,12.26,0,0
2017-07-13,12.26,12.26,12.26,12.26,0,0
2017-07-14,12.26,12.26,12.26,12.26,456968,0
2017-07-17,12.26,12.26,12.26,12.26,0,0
2017-07-18,12.26,12.26,12.26,12.26,0,0
2017-07-19,12.26,12.26,12.26,12.26,0,0
2017-07-20,12.26,12.26,12.019,12.019,5928,0
2017-07-21,12.019,12.019,12.019,12.019,0,0
2017-07-24,12.019,12.019,12.019,12.019,21840,0
2017-07-25,12.019,12.019,12.019,12.019,0,0
2017-07-26,12.019,12.019,12.019,12.019,0,0
2017-07-27,12.019,12.019,12.019,12.019,0,0
2017-07-28,12.019,12.019,12.019,12.019,0,0
2017-07-31,12.019,12.019,12.019,12.019,0,0
2017-08-01,12.019,12.5,10.577,12.019,109200,0
2017-08-02,12.019,12.019,12.019,12.019,10084,0
2017-08-03,12.019,12.019,11.538,11.538,10400,0
2017-08-04,11.538,12.019,11.538,12.019,24800,0
2017-08-07,12.019,12.5,10.889,11.538,20800,0
2017-08-08,11.538,11.538,10.577,10.577,46800,0
2017-08-09,11.058,12.486,10.721,12.019,23320,0
2017-08-10,12.019,12.019,12.019,12.019,0,0
2017-08-11,12.019,12.837,9.76,12.74,146645,0
2017-08-14,12.74,13.365,12.091,12.5,57134,0
2017-08-15,12.5,13.173,11.058,12.74,71524,0
2017-08-16,12.74,12.74,12.74,12.74,0,0
2017-08-17,12.74,12.74,12.5,12.5,15600,0
2017-08-18,12.5,12.5,12.5,12.5,0,0
2017-08-21,12.5,12.5,12.5,12.5,0,0
2017-08-22,12.5,12.5,12.5,12.5,0,0
2017-08-23,12.5,12.5,12.5,12.5,0,0
2017-08-24,12.5,12.5,9.615,9.615,272905,0
2017-08-25,9.615,11.058,9.615,11.058,462999,0
2017-08-29,11.058,11.538,10.577,11.058,72800,0
2017-08-30,11.058,11.058,11.058,11.058,3640,0
2017-08-31,11.058,11.058,10.577,10.577,14124,0
2017-09-01,10.577,11.812,10.337,10.577,40882,0
2017-09-04,10.577,11.779,10.577,11.779,150825,0
2017-09-05,11.779,11.865,11.058,11.538,66620,0
2017-09-06,11.538,11.731,10.577,11.538,23915,0
2017-09-07,11.538,11.611,11.202,11.538,24105,0
2017-09-08,11.538,11.538,11.538,11.538,0,0
2017-09-11,11.538,12.019,11.538,12.019,112636,0
2017-09-12,12.019,12.5,11.664,12.5,47585,0
2017-09-13,12.5,12.5,12.5,12.5,42120,0
2017-09-14,12.5,12.5,12.019,12.26,8505,0
2017-09-15,12.26,12.26,12.26,12.26,0,0
2017-09-18,12.26,12.26,12.26,12.26,0,0
2017-09-19,12.26,12.26,12.26,12.26,0,0
2017-09-20,12.26,12.26,12.26,12.26,0,0
2017-09-21,12.26,12.26,12.26,12.26,0,0
2017-09-22,12.26,12.26,12.26,12.26,7800,0
2017-09-25,12.26,12.26,11.058,11.058,59280,0
2017-09-26,11.058,11.058,11.058,11.058,0,0
2017-09-27,11.058,11.058,11.058,11.058,0,0
2017-09-28,11.058,11.058,11.058,11.058,7800,0
2017-09-29,11.058,11.058,11.058,11.058,0,0
2017-10-02,11.058,11.058,11.058,11.058,0,0
2017-10-03,11.058,11.538,11.058,11.538,34320,0
2017-10-04,11.538,11.538,11.538,11.538,0,0
2017-10-05,11.538,11.538,11.538,11.538,0,0
2017-10-06,11.538,11.538,11.538,11.538,0,0
2017-10-09,11.538,11.538,11.538,11.538,0,0
2017-10-10,11.538,12.428,11.207,11.779,37816,0
2017-10-11,11.779,11.779,11.779,11.779,0,0
2017-10-12,11.779,11.779,11.779,11.779,15600,0
2017-10-13,11.779,11.779,11.779,11.779,0,0
2017-10-16,11.779,11.779,11.779,11.779,520,0
2017-10-17,11.779,11.779,11.779,11.779,0,0
2017-10-18,11.779,11.779,11.538,11.538,10400,0
2017-10-19,11.538,11.538,11.538,11.538,0,0
2017-10-20,11.538,11.538,11.538,11.538,0,0
2017-10-23,11.538,11.538,11.058,11.298,2122,0
2017-10-24,11.298,11.298,11.058,11.058,27830,0
2017-10-25,11.058,11.058,10.337,10.337,80080,0
2017-10-26,10.337,10.337,10.337,10.337,0,0
2017-10-27,10.337,10.337,10.337,10.337,0,0
2017-10-30,10.337,10.337,10.337,10.337,0,0
2017-10-31,10.337,10.337,10.337,10.337,0,0
2017-11-01,10.337,10.337,10.337,10.337,0,0
2017-11-02,10.337,10.337,10.337,10.337,0,0
2017-11-03,10.337,10.337,10.337,10.337,0,0
2017-11-06,10.337,10.337,9.856,9.856,66645,0
2017-11-07,9.856,9.856,9.856,9.856,0,0
2017-11-08,9.856,9.904,9.856,9.856,31200,0
2017-11-09,9.856,9.856,9.856,9.856,23816,0
2017-11-10,9.856,9.856,9.615,9.615,29096,0
2017-11-13,9.615,9.615,9.615,9.615,0,0
2017-11-14,9.615,9.615,9.615,9.615,0,0
2017-11-15,9.615,9.615,9.615,9.615,0,0
2017-11-16,9.615,9.856,9.615,9.856,28080,0
2017-11-17,9.856,9.856,9.639,9.856,15080,0
2017-11-20,9.856,9.856,9.615,9.615,16640,0
2017-11-21,9.615,10.096,9.615,10.096,19259,0
2017-11-22,10.096,10.096,10.096,10.096,0,0
2017-11-23,10.096,10.096,10.096,10.096,0,0
2017-11-24,10.096,10.096,10.096,10.096,0,0
2017-11-27,10.096,10.096,10.096,10.096,0,0
2017-11-28,10.096,10.096,10.096,10.096,0,0
2017-11-29,10.096,10.096,10.096,10.096,0,0
2017-11-30,10.096,10.577,10.096,10.577,55224,0
2017-12-01,10.577,10.577,10.577,10.577,4545,0
2017-12-04,10.577,10.577,10.577,10.577,3674,0
2017-12-05,10.817,10.817,9.615,9.615,216672,0
2017-12-06,9.615,10.577,9.615,10.577,88588,0
2017-12-07,10.577,11.298,10.577,11.298,31200,0
2017-12-08,11.298,12.5,11.298,12.5,232263,0
2017-12-11,12.5,12.5,12.5,12.5,0,0
2017-12-12,12.5,12.5,12.5,12.5,0,0
2017-12-13,12.5,12.5,12.5,12.5,0,0
2017-12-14,12.5,12.5,12.5,12.5,27300,0
2017-12-15,12.5,12.5,12.5,12.5,27300,0
2017-12-18,12.981,12.981,12.5,12.5,2191,0
2017-12-19,12.5,12.5,12.5,12.5,1379,0
2017-12-20,12.5,12.5,12.5,12.5,41600,0
2017-12-21,12.5,12.5,12.5,12.5,6699,0
2017-12-22,12.5,12.5,12.5,12.5,0,0
2017-12-27,12.5,12.5,12.5,12.5,3201,0
2017-12-28,12.5,12.5,12.5,12.5,10400,0
2017-12-29,12.5,12.5,12.5,12.5,0,0
2018-01-02,12.5,12.5,12.5,12.5,0,0
2018-01-03,12.5,12.5,12.5,12.5,25256,0
2018-01-04,12.75,12.75,12.75,12.75,17485,0
2018-01-05,12.75,12.75,12.75,12.75,22397,0
2018-01-08,12.75,12.75,12.75,12.75,0,0
2018-01-09,12.75,12.75,12.25,12.25,97443,0
2018-01-10,12.25,12.25,12.25,12.25,0,0
2018-01-11,12.25,12.25,12.25,12.25,43300,0
2018-01-12,12.25,12.25,12.25,12.25,0,0
2018-01-15,12.25,12.25,12.25,12.25,0,0
2018-01-16,12.25,12.25,12.25,12.25,0,0
2018-01-17,12.25,12.25,12.25,12.25,0,0
2018-01-18,12.25,12.25,12.25,12.25,0,0
2018-01-19,12.25,12.25,12.25,12.25,0,0
2018-01-22,12.25,12.25,12.25,12.25,0,0
2018-01-23,12.25,12.25,12.25,12.25,0,0
2018-01-24,12.25,12.25,12.25,12.25,3500,0
2018-01-25,12.25,12.25,12.25,12.25,0,0
2018-01-26,12.25,12.25,11.5,11.5,5000,0
2018-01-29,11.5,11.5,11.5,11.5,0,0
2018-01-30,11.5,11.5,11.5,11.5,600,0
2018-01-31,11.5,11.5,11.5,11.5,0,0
2018-02-01,11.5,11.5,11.5,11.5,0,0
2018-02-02,11.5,11.5,11.5,11.5,0,0
2018-02-05,11.5,11.5,11.5,11.5,0,0
2018-02-06,11,11,11,11,0,0
2018-02-07,11,11,11,11,0,0
2018-02-08,11,11,11,11,0,0
2018-02-09,11,11,11,11,0,0
2018-02-12,11,11,11,11,8,0
2018-02-13,11,11,11,11,0,0
2018-02-14,11,11,11,11,3861,0
2018-02-15,11,11,11,11,0,0
2018-02-16,11,11,11,11,0,0
2018-02-19,11,11.75,11,11.75,30156,0
2018-02-20,11.75,11.75,11.5,11.5,5000,0
2018-02-21,11.5,11.5,11.5,11.5,0,0
2018-02-22,11.5,11.75,11.5,11.75,5506,0
2018-02-23,11.75,11.75,11.75,11.75,900,0
2018-02-26,11.75,11.75,11.75,11.75,1500,0
2018-02-27,11.75,11.75,11.75,11.75,0,0
2018-02-28,11.75,11.75,11.75,11.75,0,0
2018-03-01,11.75,11.75,11.75,11.75,600,0
2018-03-02,11.75,11.75,11.5,11.5,28095,0
2018-03-05,11.5,11.5,11.25,11.25,6500,0
2018-03-06,11.25,11.25,11.25,11.25,0,0
2018-03-07,11.25,11.25,11.25,11.25,0,0
2018-03-08,11.25,11.25,11.25,11.25,0,0
2018-03-09,11.25,11.25,11.25,11.25,0,0
2018-03-12,11.25,11.25,11.25,11.25,0,0
2018-03-13,11.25,11.25,11.25,11.25,0,0
2018-03-14,11.25,11.5,11.25,11.5,7932,0
2018-03-15,11.5,11.5,11.5,11.5,0,0
2018-03-16,11.75,11.75,11.75,11.75,0,0
2018-03-19,11.75,11.75,11.75,11.75,0,0
2018-03-20,11.75,11.75,11.75,11.75,0,0
2018-03-21,11.75,11.75,11.75,11.75,666,0
2018-03-22,11.75,11.75,11.75,11.75,0,0
2018-03-23,11.75,11.75,11.5,11.5,20000,0
2018-03-26,11.5,11.5,11.5,11.5,0,0
2018-03-27,11.5,11.5,11.5,11.5,0,0
2018-03-28,11.5,11.5,11.5,11.5,18693,0
2018-03-29,11.5,11.5,11.5,11.5,0,0
