Date,Open,High,Low,Close,Volume,OpenInt
2015-03-04,97,97,97,97,24000,0
2015-03-30,50,50,50,50,770,0
2015-04-08,50,50,50,50,3000,0
2015-04-09,47,47,47,47,214,0
2015-04-10,47,49.7,47,49.7,1120,0
2015-04-16,48,48,48,48,3000,0
2015-04-17,48,48,48,48,2114,0
2015-04-23,47.45,47.45,47.45,47.45,1500,0
2015-04-24,47,47,47,47,635,0
2015-05-01,47,47,47,47,2000,0
2015-05-07,44.159,47,44.159,47,3012,0
2015-05-12,45,45,45,45,2100,0
2015-05-13,45,45,45,45,1000,0
2015-05-15,45,45,45,45,2151,0
2015-05-20,46,46,41,45.5,44000,0
2015-05-21,46.6,47,46.6,47,2203,0
2015-05-22,48,48,48,48,1000,0
2015-05-26,49,49,49,49,10000,0
2015-05-28,49.2,49.2,49.2,49.2,134,0
2015-06-02,49.2,49.2,49.2,49.2,3500,0
2015-06-03,49.4,49.4,49.4,49.4,2000,0
2015-06-15,54,67,50,65,79742,0
2015-06-16,64.5,64.5,62,62.5,14458,0
2015-06-17,64.5,64.5,62,62,12802,0
2015-06-18,64.5,67,64.5,67,43496,0
2015-06-19,67,67,63.5,63.5,9825,0
2015-06-22,65.95,65.95,63.5,65.6,7045,0
2015-06-23,65.95,65.95,65.95,65.95,360,0
2015-06-24,65.95,65.95,64.2,64.2,7000,0
2015-06-25,64.2,64.2,64.2,64.2,119,0
2015-06-26,65.9,65.9,65.9,65.9,3775,0
2015-06-29,63,64.25,60.25,64,7413,0
2015-06-30,64,64,64,64,664,0
2015-07-02,60.25,60.25,60.25,60.25,1494,0
2015-07-03,64,64,64,64,4000,0
2015-07-06,64,64.25,64,64.25,8895,0
2015-07-15,60.25,60.25,60.25,60.25,151,0
2015-07-17,64.25,64.25,64.25,64.25,1500,0
2015-07-20,62.5,64.25,62.5,62.5,1500,0
2015-07-21,60,60,60,60,3072,0
2015-07-22,65,65,65,65,279,0
2015-07-27,65,65,65,65,769,0
2015-07-31,66,66,66,66,291,0
2015-08-03,66.25,66.25,66.25,66.25,2000,0
2015-08-04,66.25,66.25,62,62,3573,0
2015-08-05,62.1,67,62.1,67,11521,0
2015-08-10,62.15,62.15,62.15,62.15,360,0
2015-08-11,62.15,62.15,62.15,62.15,7699,0
2015-08-17,67.75,67.75,67.75,67.75,7307,0
2015-08-18,62.9,62.9,62.9,62.9,1000,0
2015-08-19,72,72,71.2,72,10897,0
2015-08-20,70.8,72,70.8,72,18715,0
2015-08-21,72,72,70.8,70.8,13394,0
2015-08-24,70,70,68,68,3537,0
2015-08-25,71.2,71.2,71.2,71.2,2000,0
2015-08-28,70,71.2,70,71.2,15268,0
2015-09-01,70.65,70.65,70.65,70.65,559,0
2015-09-03,71.2,71.2,70.65,70.65,2850,0
2015-09-10,70.65,70.65,70.65,70.65,2500,0
2015-09-17,70.6,70.6,70.6,70.6,362,0
2015-09-18,70.6,70.6,68.5,68.5,12988,0
2015-09-21,70.6,70.6,70.6,70.6,1450,0
2015-09-22,70.6,70.6,68.5,68.5,3942,0
2015-09-28,65,65,65,65,3775,0
2015-10-02,63,63,63,63,2000,0
2015-10-05,63,63,63,63,2409,0
2015-10-12,60,60,60,60,5500,0
2015-10-14,60,60,60,60,1531,0
2015-10-22,64,64,64,64,79,0
2015-10-28,60,60,60,60,2700,0
2015-11-05,60,64,60,60,13080,0
2015-11-12,63.75,63.75,63.75,63.75,5000,0
2015-11-16,63.7,63.7,63.5,63.5,1393,0
2015-11-17,60,60,60,60,1300,0
2015-11-20,60,60,59.4,59.4,982,0
2015-11-25,59.75,59.75,59.75,59.75,1663,0
2015-12-14,59.75,59.75,59.7,59.7,515,0
2015-12-15,59,59,59,59,2500,0
2015-12-16,59.5,59.5,59.5,59.5,1600,0
2015-12-22,59.5,59.5,59.5,59.5,85,0
2015-12-24,58.5,58.5,58.5,58.5,0,0
2015-12-29,58.5,58.5,58.5,58.5,0,0
2015-12-30,58.5,58.5,58.5,58.5,0,0
2015-12-31,58.5,58.5,58.5,58.5,0,0
2016-01-04,58.5,58.5,58.5,58.5,0,0
2016-01-05,58.5,58.5,58.5,58.5,0,0
2016-01-06,58.5,58.5,58.5,58.5,0,0
2016-01-07,56.5,56.5,56.5,56.5,0,0
2016-01-08,56.5,56.5,56.5,56.5,0,0
2016-01-11,57,57,57,57,0,0
2016-01-12,57,57.2,57,57,1180,0
2016-01-13,57,57,57,57,0,0
2016-01-14,57,57,57,57,0,0
2016-01-15,57,57.1,54,55.5,19702,0
2016-01-18,55.5,55.5,55.4,55.5,4512,0
2016-01-19,55.5,55.5,55,55,1057,0
2016-01-20,55,55,55,55,0,0
2016-01-21,55,55,54.0001,55,184,0
2016-01-22,55,55,54.5999,55,1813,0
2016-01-25,55,55,54,54.5,3000,0
2016-01-26,54.5,54.5,54.5,54.5,0,0
2016-01-27,54.5,54.5,54.2,54.5,7016,0
2016-01-28,54.5,54.5,54.5,54.5,0,0
2016-01-29,54.5,54.5,54.5,54.5,0,0
2016-02-01,54.5,54.5,54.5,54.5,0,0
2016-02-02,54.5,54.5,54.5,54.5,0,0
2016-02-03,54.5,54.5,54.5,54.5,0,0
2016-02-04,54.5,54.5,54.5,54.5,0,0
2016-02-05,54.5,54.5,54.5,54.5,83860,0
2016-02-08,54.5,54.5,54.5,54.5,0,0
2016-02-09,54.5,54.5,53.5,53.5,2100,0
2016-02-10,53.5,53.5,53.5,53.5,0,0
2016-02-11,53.5,53.5,53.5,53.5,0,0
2016-02-12,53.5,54,53.5,53.5,273,0
2016-02-15,53.5,53.5,53.5,53.5,2000,0
2016-02-16,53.5,53.5,53.5,53.5,0,0
2016-02-17,53.5,53.5,53.5,53.5,560,0
2016-02-18,53.5,53.5,53.5,53.5,0,0
2016-02-19,53.5,53.5,53.5,53.5,0,0
2016-02-22,53.5,53.99,53.5,53.5,93,0
2016-02-23,52.5,52.5,52.5,52.5,0,0
2016-02-24,52.5,52.5,52.5,52.5,0,0
2016-02-25,52.5,52.5,52.5,52.5,0,0
2016-02-26,52.5,52.5,52.5,52.5,0,0
2016-02-29,52.5,52.5,52.5,52.5,0,0
2016-03-01,52.5,53.5,50,52.5,22004,0
2016-03-02,52.5,52.7499,50,52.5,757,0
2016-03-03,52.5,52.7499,50,52.5,400,0
2016-03-04,52.5,52.5,52.5,52.5,0,0
2016-03-07,52.5,52.5,51.5,51.5,5000,0
2016-03-08,51.5,51.5,51.5,51.5,0,0
2016-03-09,51.5,52,50.5,51.5,8300,0
2016-03-10,51.5,51.5,51.5,51.5,0,0
2016-03-11,51.5,51.5,51.5,51.5,3620,0
2016-03-14,51.5,51.5,51.5,51.5,0,0
2016-03-15,51.5,51.5,51.5,51.5,0,0
2016-03-16,51.5,51.5,51.5,51.5,0,0
2016-03-17,51.5,51.5,51.5,51.5,0,0
2016-03-18,51.5,51.5,51.5,51.5,1400,0
2016-03-21,51.5,52.5,50.8999,52.5,3929,0
2016-03-22,52.5,52.9,52.5,52.5,10095,0
2016-03-23,54.5,61,54.5,61,63660,0
2016-03-24,61,62.5,60.375,61.5,5156,0
2016-03-29,61.5,61.5,60,60,5148,0
2016-03-30,60,60,57,60,16024,0
2016-03-31,58.5,59,55,57.5,5180,0
2016-04-01,57.5,59,55,57.5,72780,0
2016-04-04,57.5,57.5,57.5,57.5,0,0
2016-04-05,57.5,57.5,57.5,57.5,2445,0
2016-04-06,57.5,57.5,57.5,57.5,82,0
2016-04-07,57.5,59,57.5,58.5,1000,0
2016-04-08,58.5,58.5,58.5,58.5,0,0
2016-04-11,71,79.9,65,78.5,1098587,0
2016-04-12,78.5,78.95,75.1001,76,51907,0
2016-04-13,76,76.5,74.15,75.5,15802,0
2016-04-14,75.5,79,75.5,79,19321,0
2016-04-15,79,83,79,82,9200,0
2016-04-18,83,92,83,90,15901,0
2016-04-19,90,93,88,91.5,6907,0
2016-04-20,91.5,94,91.5,91.5,27331,0
2016-04-21,91.5,94.5,91.5,94.5,2115,0
2016-04-22,94.5,94.5,94.5,94.5,3055,0
2016-04-25,94.5,99.5,93,99.5,17621,0
2016-04-26,99.5,103,99,101,39407,0
2016-04-27,101.5,104.23,99.1,101.5,491449,0
2016-04-28,101.5,105,98,105,20215,0
2016-04-29,101.5,101.5,98,100,12187,0
2016-05-03,100,100,95.5,95.5,20916,0
2016-05-04,94,94,91.04,93,4032,0
2016-05-05,93,93,91,93,1770,0
2016-05-06,93,93,92.5,92.5,773270,0
2016-05-09,92.5,96.75,92.5,94.5,7330,0
2016-05-10,94.5,95,94.5,95,40000,0
2016-05-11,95,97,95,95.5,22446,0
2016-05-12,95.5,100,95.5,98.5,52000,0
2016-05-13,98.5,98.5,98.5,98.5,5000,0
2016-05-16,98.5,99,98.5,99,24049,0
2016-05-17,99,99,99,99,0,0
2016-05-18,99,99,99,99,10000,0
2016-05-19,99,100,98.1,99,4969,0
2016-05-20,99,99,99,99,50,0
2016-05-23,99,101,96,98.5,36337,0
2016-05-24,97.5,98.75,97.5,97.5,10000,0
2016-05-25,97.5,100,96.25,97.5,27599,0
2016-05-26,97.5,99.25,97.5,97.5,3000,0
2016-05-27,97.5,97.5,97.5,97.5,0,0
2016-05-31,97.5,97.5,97.5,97.5,0,0
2016-06-01,97.5,97.5,97.5,97.5,0,0
2016-06-02,97.5,97.5,97.5,97.5,0,0
2016-06-03,97.5,99.25,97.5,97.5,896,0
2016-06-06,97.5,98.75,97.5,97.5,7300,0
2016-06-07,97.5,97.5,97.5,97.5,2992,0
2016-06-08,97.5,100,97.5,98,141814,0
2016-06-09,98,98,97,97,167306,0
2016-06-10,97,100,95.8,97,6677,0
2016-06-13,97,98.45,97,97,507,0
2016-06-14,97,98.45,94,97,1144,0
2016-06-15,97,97,94,94,100,0
2016-06-16,96.5,96.5,95.5,95.5,3500,0
2016-06-17,95.5,95.5,93.25,95.5,1000,0
2016-06-20,95.5,95.5,93.25,95.5,1000,0
2016-06-21,95.5,95.5,95.5,95.5,0,0
2016-06-22,95.5,96,95.5,95.5,53,0
2016-06-23,95.5,97.75,93,95.5,70817,0
2016-06-24,92.5,95,91.1,93.5,13129,0
2016-06-27,92.5,94.5,91.1,91.5,8713,0
2016-06-28,91.5,91.5,91.5,91.5,5000,0
2016-06-29,91.5,91.5,91.5,91.5,70,0
2016-06-30,91.5,91.5,91.5,91.5,0,0
2016-07-01,91.5,92,88,92,31192,0
2016-07-04,92,92,92,92,1700,0
2016-07-05,92,92,88.5,88.5,8768,0
2016-07-06,88.5,88.5,88.5,88.5,0,0
2016-07-07,88.5,89,88.5,88.5,300,0
2016-07-08,88.5,88.5,88.5,88.5,0,0
2016-07-11,88.5,89,88.5,88.5,2461,0
2016-07-12,88.5,88.5,88.5,88.5,0,0
2016-07-13,88.5,90.5,87,90.5,14007,0
2016-07-14,90.5,93.65,90.5,92.5,4018,0
2016-07-15,92.5,92.5,90.5,92.5,3000,0
2016-07-18,92.5,92.5,92.5,92.5,0,0
2016-07-19,92.5,92.5,91,92.5,250000,0
2016-07-20,92.5,92.5,92.5,92.5,0,0
2016-07-21,91,94.45,91,92.5,15054,0
2016-07-22,92.5,92.5,92.5,92.5,0,0
2016-07-25,92.5,92.5,92.5,92.5,0,0
2016-07-26,92.5,92.5,92.5,92.5,0,0
2016-07-27,92.5,94,92.5,92.5,679,0
2016-07-28,92.5,94.75,91.2,92.5,3640,0
2016-07-29,92.5,94.75,92.5,92.5,1000,0
2016-08-01,92.5,92.5,92.5,92.5,0,0
2016-08-02,92.5,92.5,92.5,92.5,66373,0
2016-08-03,92.5,92.5,92.5,92.5,0,0
2016-08-04,92.5,92.5,92.5,92.5,0,0
2016-08-05,92.5,92.5,91.2,92.5,134,0
2016-08-08,92.5,94,91,92.5,28774,0
2016-08-09,92.5,96.5,92.5,96.5,38471,0
2016-08-10,96.5,96.5,96.5,96.5,2548,0
2016-08-11,96.5,98,96.5,97,288111,0
2016-08-12,97,98.5,97,98.5,22989,0
2016-08-15,98.5,99.4,98,98.5,30402,0
2016-08-16,98.5,99.5,98.5,98.5,15000,0
2016-08-17,98,101,97.1,99.5,37632,0
2016-08-18,99.5,99.5,99.5,99.5,0,0
2016-08-19,99.5,99.5,99.5,99.5,0,0
2016-08-22,99.5,101.4,99.5,100,6050,0
2016-08-23,100,105,99,103.5,29491,0
2016-08-24,103.5,103.5,101,103.5,1000,0
2016-08-25,103.5,104,102,104,1322806,0
2016-08-26,104,110,102,108.5,175903,0
2016-08-30,108.5,117,108.5,114.5,50411,0
2016-08-31,114.5,120,114.5,117.5,15528,0
2016-09-01,117.5,122,116,118.5,15576,0
2016-09-02,118.5,126,118.5,124.5,23218,0
2016-09-05,124.5,126.7,124.5,125.5,9493,0
2016-09-06,125.5,125.5,125,125.5,2500,0
2016-09-07,125.5,126.7,125.5,125.5,1578,0
2016-09-08,125.5,126.5,125.05,125.5,31452,0
2016-09-09,125.5,126,125.5,125.5,8000,0
2016-09-12,125.5,125.5,125.5,125.5,0,0
2016-09-13,125.5,127,125.5,126,11000,0
2016-09-14,126,126,125.05,126,981,0
2016-09-15,126,128,126,126,5711,0
2016-09-16,126,126,125.05,126,1061,0
2016-09-19,126,126,126,126,0,0
2016-09-20,126,129.5,126,127.5,96816,0
2016-09-21,127.5,130,127.5,127.5,738,0
2016-09-22,127.5,129.5,126,127.5,14030,0
2016-09-23,127.5,129,126,127.5,7080,0
2016-09-26,127.5,127.5,124,125,24080,0
2016-09-27,125,128.04,121.4,125.5,4333,0
2016-09-28,125.5,129,125.5,127.5,5500,0
2016-09-29,127.5,135,127.5,133.5,32268,0
2016-09-30,131,139,130,134,87529,0
2016-10-03,134,137,134,134,1033,0
2016-10-04,134,137,130,134,6800,0
2016-10-05,134,137,134,134,2000,0
2016-10-06,134,137,134,134,87,0
2016-10-07,134,137,131.6,134,12886,0
2016-10-10,134,136.8,132,134,1893,0
2016-10-11,134,136.8,134,134,1822,0
2016-10-12,134,134,131.6,132.5,2722,0
2016-10-13,132.5,132.5,131.25,132.5,2000,0
2016-10-14,132.5,132.5,130,131,1000,0
2016-10-17,131.5,131.5,128.6,131,402,0
2016-10-18,131,131,125.9,127.5,17877,0
2016-10-19,127.5,127.5,125,127.5,20753,0
2016-10-20,127.5,130,127.5,127.5,102,0
2016-10-21,127.5,127.5,127.5,127.5,0,0
2016-10-24,127.5,129.25,127.5,127.5,19,0
2016-10-25,127.5,127.5,127.5,127.5,0,0
2016-10-26,127.5,127.5,127.5,127.5,0,0
2016-10-27,127.5,127.5,127.5,127.5,0,0
2016-10-28,127.5,127.5,120.5,123.5,6900,0
2016-10-31,123.5,123.5,120.5,123.5,2000,0
2016-11-01,123.5,124.5,116.5,116.5,10295,0
2016-11-02,116.5,116.5,116.5,116.5,1000,0
2016-11-03,116.5,116.5,110.5,110.5,14887,0
2016-11-04,110.5,110.5,106.5,106.5,4636,0
2016-11-07,106.5,106.5,106.5,106.5,1663,0
2016-11-08,106.5,106.5,106.5,106.5,0,0
2016-11-09,106,112,106,112,18189,0
2016-11-10,113,113,113,113,0,0
2016-11-11,113,115,113,113,5000,0
2016-11-14,113,113,113,113,0,0
2016-11-15,113,113,111.2,113,5527,0
2016-11-16,113,113,113,113,0,0
2016-11-17,113,113,113,113,0,0
2016-11-18,113,113,113,113,0,0
2016-11-21,113,113,113,113,0,0
2016-11-22,113,113,111,113,1500,0
2016-11-23,113,113,111,113,1355,0
2016-11-24,113,113,113,113,0,0
2016-11-25,113,113,113,113,0,0
2016-11-28,113,115.5,113,115.5,13635,0
2016-11-29,115.5,115.5,115.5,115.5,4005,0
2016-11-30,115.5,115.5,115.5,115.5,0,0
2016-12-01,115.5,115.5,115.5,115.5,0,0
2016-12-02,115.5,115.5,115,115,2500,0
2016-12-05,114,114,114,114,0,0
2016-12-06,114,114,114,114,0,0
2016-12-07,114,114,113,113,11855,0
2016-12-08,113,113,113,113,0,0
2016-12-09,113,113,113,113,0,0
2016-12-12,113,113,113,113,0,0
2016-12-13,113,113,113,113,0,0
2016-12-14,113,113,113,113,0,0
2016-12-15,113,113,110,111.5,5000,0
2016-12-16,111.5,111.5,111.5,111.5,0,0
2016-12-19,111.5,111.5,110,111.5,3000,0
2016-12-20,111.5,111.5,111.5,111.5,0,0
2016-12-21,111.5,111.5,111.5,111.5,0,0
2016-12-22,111.5,111.5,111.5,111.5,0,0
2016-12-23,111.5,111.5,111.5,111.5,0,0
2016-12-28,111.5,111.5,111.5,111.5,2690,0
2016-12-29,111.5,111.5,111.5,111.5,0,0
2016-12-30,111.5,111.5,111.5,111.5,0,0
2017-01-03,111.5,111.5,107,109.5,5000,0
2017-01-04,109.5,109.85,106,109.5,51270,0
2017-01-05,109.5,109.5,109.5,109.5,0,0
2017-01-06,109.5,109.5,109.5,109.5,3600,0
2017-01-09,109.5,109.5,107,109.5,16500,0
2017-01-10,109,111,107,109,20539,0
2017-01-11,109,109,107,108.5,12130,0
2017-01-12,108.5,108.5,108.5,108.5,0,0
2017-01-13,108.5,110.25,108.5,108.5,4795,0
2017-01-16,108.5,108.5,106,108.5,6282,0
2017-01-17,108.5,108.5,106,108.5,28618,0
2017-01-18,108.5,108.5,108.5,108.5,1776,0
2017-01-19,108.5,108.5,108.5,108.5,0,0
2017-01-20,108.5,112,106,108.5,5556,0
2017-01-23,108.5,108.5,108.5,108.5,0,0
2017-01-24,108.5,108.5,108.5,108.5,0,0
2017-01-25,108.5,108.5,108.5,108.5,0,0
2017-01-26,108.5,108.5,108.5,108.5,30244,0
2017-01-27,108.5,108.5,108.5,108.5,0,0
2017-01-30,108.5,108.5,108.5,108.5,0,0
2017-01-31,108.5,108.5,108.5,108.5,0,0
2017-02-01,108.5,108.5,106,108.5,50000,0
2017-02-02,108.5,108.5,108.5,108.5,0,0
2017-02-03,108.5,108.5,108.5,108.5,159,0
2017-02-06,108.5,108.5,108.5,108.5,0,0
2017-02-07,108.5,108.5,108.5,108.5,159,0
2017-02-08,108.5,108.5,108.5,108.5,0,0
2017-02-09,108.5,108.5,108.5,108.5,0,0
2017-02-10,108.5,108.5,108.5,108.5,14000,0
2017-02-13,108.5,108.5,108.5,108.5,0,0
2017-02-14,108.5,110,108.5,108.5,53100,0
2017-02-15,108.5,124.5,108.5,124.5,111500,0
2017-02-16,124.5,125.75,122,123.5,5325,0
2017-02-17,123.5,125.7,123.5,123.5,4409,0
2017-02-20,123.5,125.7,122.5,122.5,1650,0
2017-02-21,122.5,123.5,122.5,122.5,785,0
2017-02-22,122.5,125.7,122.5,122.5,24770,0
2017-02-23,122.5,122.5,122.5,122.5,0,0
2017-02-24,122.5,125.7,121,122.5,14576,0
2017-02-27,122.5,122.5,118,119,10673,0
2017-02-28,119,119.5,115,116.5,19422,0
2017-03-01,116.5,118,116.5,116.5,12400,0
2017-03-02,116.5,118,116.5,116.5,6000,0
2017-03-03,116.5,118,116.5,116.5,1864,0
2017-03-06,116.5,117,116,116.5,6000,0
2017-03-07,116.5,118,115,115,7461,0
2017-03-08,115,117,115,115,275,0
2017-03-09,115,115,112,113.5,10396,0
2017-03-10,113.5,113.5,113.5,113.5,0,0
2017-03-13,113.5,113.5,113.5,113.5,0,0
2017-03-14,113.5,115,110,112.5,3215,0
2017-03-15,112.5,113,110.412,111,10167,0
2017-03-16,111,112.4,110,111.5,18661,0
2017-03-17,111.5,111.5,108,109.5,15412,0
2017-03-20,109.5,110.2,109.5,109.5,360,0
2017-03-21,110.5,111.4,108.75,109,55976,0
2017-03-22,109,109.85,103.1,106.5,36240,0
2017-03-23,106.5,108.4,106.5,106.5,1914,0
2017-03-24,106.5,108.3,104,106.5,16917,0
2017-03-27,106.5,106.5,106.5,106.5,0,0
2017-03-28,106.5,108.3,104,105.5,16917,0
2017-03-29,105.5,107,105.5,105.5,1203,0
2017-03-30,105.5,107.5,105.5,105.5,9111,0
2017-03-31,105.5,105.5,105.5,105.5,0,0
2017-04-03,105.5,107.5,104,105.5,6349,0
2017-04-04,105.5,105.5,103,105.5,2000,0
2017-04-05,105.5,105.5,103,105.5,869,0
2017-04-06,105.5,107,101,102.5,18261,0
2017-04-07,102.5,104.5,100,102.5,14074,0
2017-04-10,102.5,102.5,100,101,4955,0
2017-04-11,101,103,100,102,3087,0
2017-04-12,102,103,102,102.5,3456,0
2017-04-13,102.5,103.5,100.25,102.5,6000,0
2017-04-18,102.5,105,100.25,102.5,7180,0
2017-04-19,102.5,102.5,102.5,102.5,0,0
2017-04-20,102.5,103.4,102.5,102.5,1000,0
2017-04-21,102.5,102.5,102.5,102.5,0,0
2017-04-24,102.5,102.5,102.5,102.5,0,0
2017-04-25,102.5,103.3,98,98.5,90468,0
2017-04-26,98.5,98.5,96,96,61943,0
2017-04-27,96,96,95,95,15261,0
2017-04-28,95,95,95,95,20611,0
2017-05-02,95,102,95,101,113332,0
2017-05-03,101,104.75,101,103,23630,0
2017-05-04,103,103,101,102,15000,0
2017-05-05,102,102,100,102,1708,0
2017-05-08,102,103,100,102,9977,0
2017-05-09,102,102,102,102,0,0
2017-05-10,102,102,100,101.5,7340,0
2017-05-11,100,100,97.1851,98.5,1057,0
2017-05-12,98.5,101,95.235,98.5,1200,0
2017-05-15,98.5,98.5,98.5,98.5,0,0
2017-05-16,98.5,98.5,98.5,98.5,0,0
2017-05-17,98.5,98.5,98.5,98.5,0,0
2017-05-18,98.5,98.5,98.5,98.5,1000,0
2017-05-19,98.5,98.5,98.5,98.5,0,0
2017-05-22,98.5,98.5,95.25,97.5,1000,0
2017-05-23,97.5,97.5,95.25,97.5,363,0
2017-05-24,97.5,97.5,97.5,97.5,0,0
2017-05-25,97.5,97.5,95,96.5,14966,0
2017-05-26,96.5,97,96,96,9487,0
2017-05-30,96,98,96,96.5,8380,0
2017-05-31,96.5,98,96,97.5,13768,0
2017-06-01,97.5,98.45,97.5,97.5,4440,0
2017-06-02,97.5,97.5,96,96.5,6000,0
2017-06-05,96.5,96.5,95,96.5,7234,0
2017-06-06,96.5,96.5,94,95.5,7055,0
2017-06-07,95.5,95.5,92.5,93.5,4396,0
2017-06-08,93.5,94,93.5,94,21500,0
2017-06-09,94,94.9,94,94,4204,0
2017-06-12,94,94,92.2,94,21877,0
2017-06-13,94.5,94.5,92.25,94.5,43685,0
2017-06-14,94.5,94.5,94.5,94.5,0,0
2017-06-15,94.5,95.9,94.5,94.5,2594,0
2017-06-16,94.5,94.5,94.5,94.5,0,0
2017-06-19,95,98,94.51,96.5,22339,0
2017-06-20,96.5,100,95,97.5,316512,0
2017-06-21,97.5,99.25,95,97.5,314537,0
2017-06-22,97.5,98,97.5,97.5,15792,0
2017-06-23,97.5,97.5,97.5,97.5,1500692,0
2017-06-26,97.5,98,97.5,97.5,500,0
2017-06-27,97.5,97.5,97.5,97.5,0,0
2017-06-28,97.5,97.5,97.5,97.5,10456,0
2017-06-29,97.5,97.95,95.3,97.5,3386,0
2017-06-30,97.5,97.5,97.5,97.5,0,0
2017-07-03,97.5,97.9,95,97.5,8535,0
2017-07-04,97.5,97.5,97.5,97.5,3492,0
2017-07-05,97.5,97.5,95,96.5,100,0
2017-07-06,96.5,96.5,96.5,96.5,0,0
2017-07-07,96.5,96.5,96.5,96.5,0,0
2017-07-10,96.5,96.5,96.5,96.5,0,0
2017-07-11,96.5,97.5,95,96.5,1104,0
2017-07-12,96.5,96.5,96.5,96.5,0,0
2017-07-13,96.5,96.5,96.5,96.5,0,0
2017-07-14,96.5,96.5,96.5,96.5,0,0
2017-07-17,96.5,96.5,96.5,96.5,0,0
2017-07-18,96.5,97.79,96.5,96.5,15000,0
2017-07-19,96.5,96.5,96.5,96.5,0,0
2017-07-20,96.5,96.5,96.5,96.5,0,0
2017-07-21,96.5,97.9,96.5,96.5,7650,0
2017-07-24,96.5,96.5,95.5555,96.5,4065,0
2017-07-25,96.5,96.5,96.5,96.5,0,0
2017-07-26,96.5,96.5,95.6,96.5,390,0
2017-07-27,96.5,96.5,95.3,96.5,8000,0
2017-07-28,96.5,96.5,96.5,96.5,0,0
2017-07-31,96.5,96.5,96.5,96.5,0,0
2017-08-01,96.5,98,96.2,97,37570,0
2017-08-02,97,97,97,97,0,0
2017-08-03,97,97.5,97,97,12505,0
2017-08-04,97,98,96.55,97,31915,0
2017-08-07,97,101,96.7,99.5,29359,0
2017-08-08,102,107,102,106,123559,0
2017-08-09,106,110,106,108,47593,0
2017-08-10,108,111,108,109.5,3781,0
2017-08-11,109.5,109.5,106,107.5,12207,0
2017-08-14,107.5,108.45,106.45,107.5,19121,0
2017-08-15,107.5,107.5,106.15,107.5,19447,0
2017-08-16,107.5,107.5,106,107.5,8910,0
2017-08-17,107.5,108,106,107.5,34329,0
2017-08-18,107.5,107.5,107.5,107.5,0,0
2017-08-21,107.5,107.5,107.5,107.5,0,0
2017-08-22,107.5,107.8,106.06,107.5,3100,0
2017-08-23,107.5,107.8,106.06,107.5,10640,0
2017-08-24,107.5,107.5,107.5,107.5,0,0
2017-08-25,107.5,107.5,107.5,107.5,0,0
2017-08-29,107.5,107.5,107.5,107.5,0,0
2017-08-30,107.5,107.5,107.5,107.5,0,0
2017-08-31,107.5,107.5,107.5,107.5,0,0
2017-09-01,107.5,107.5,107.5,107.5,0,0
2017-09-04,107.5,108,107.04,108,10200,0
2017-09-05,108,108,108,108,0,0
2017-09-06,108,108.7,107.04,107.5,9387,0
2017-09-07,107.5,107.5,107.47,107.5,5000,0
2017-09-08,107.5,107.5,105,107.5,4520,0
2017-09-11,107.5,107.5,103,105.5,5129,0
2017-09-12,105.5,105.5,105.5,105.5,0,0
2017-09-13,105.5,105.5,105.5,105.5,1025,0
2017-09-14,105.5,105.5,103.5,105.5,100,0
2017-09-15,105.5,105.5,105.5,105.5,3000,0
2017-09-18,105.5,111,103.5,109,84717,0
2017-09-19,109,110,108,109,23200,0
2017-09-20,109,109,108,109,670,0
2017-09-21,109,109.6,108,109,1538,0
2017-09-22,109,109,108,109,10558,0
2017-09-25,109,109,109,109,0,0
2017-09-26,109,109,108,109,5000,0
2017-09-27,109,110,109,109,16171,0
2017-09-28,109,109,109,109,0,0
2017-09-29,111.5,116.75,111.5,114,54126,0
2017-10-02,114,114.75,110,111.5,23655,0
2017-10-03,111,112.8,108.556,111,7000,0
2017-10-04,111,111,108,110,11400,0
2017-10-05,110,110.75,108,110,2959,0
2017-10-06,110,111,109,110,16349,0
2017-10-09,110,110,110,110,0,0
2017-10-10,110,110,110,110,0,0
2017-10-11,110,110.75,108,110,2088,0
2017-10-12,110,110,110,110,0,0
2017-10-13,110,110.75,110,110,4000,0
2017-10-16,110,110.6,108.6,110,5513,0
2017-10-17,109,109,109,109,0,0
2017-10-18,109,109,108,109,5407,0
2017-10-19,109,109,105,107,15608,0
2017-10-20,107,107,105,105,190,0
2017-10-23,105,107,105,105,2937,0
2017-10-24,105,105,105,105,0,0
2017-10-25,105,105,103.8,105,20234,0
2017-10-26,105,107.064,103,105,38275,0
2017-10-27,105,105,104,105,39,0
2017-10-30,105,105,105,105,0,0
2017-10-31,105,105,104,105,2342,0
2017-11-01,105,106,105,105,22240,0
2017-11-02,105,105,104,105,435,0
2017-11-03,105,106,104,105,4921,0
2017-11-06,105,105,104,105,20000,0
2017-11-07,105,105,105,105,0,0
2017-11-08,105,105,103,103.5,1448,0
2017-11-09,103.5,103.5,102.31,103.5,1590,0
2017-11-10,102.5,102.5,102.5,102.5,0,0
2017-11-13,102.5,102.5,98.5,98.5,80894,0
2017-11-14,98.5,98.5,97.1424,98.5,1189,0
2017-11-15,98.5,98.5,98.5,98.5,10924,0
2017-11-16,98.5,98.5,98.5,98.5,0,0
2017-11-17,98.5,98.5,97,98.5,10000,0
2017-11-20,98.5,98.5,98.5,98.5,6250,0
2017-11-21,98.5,98.5,98.5,98.5,0,0
2017-11-22,98.5,98.5,98.5,98.5,13870,0
2017-11-23,98,98,97.5,97.5,7500,0
2017-11-24,97.5,97.5,97.5,97.5,300,0
2017-11-27,97.5,97.5,97.5,97.5,0,0
2017-11-28,97.5,97.5,97.5,97.5,0,0
2017-11-29,97.5,97.5,96.5,96.5,1250,0
2017-11-30,96.5,96.5,96.5,96.5,0,0
2017-12-01,96.5,96.5,96.5,96.5,0,0
2017-12-04,96.5,96.5,96.5,96.5,0,0
2017-12-05,96.5,98.5,96.5,98.5,1935818,0
2017-12-06,99,103.5,99,103.5,34558,0
2017-12-07,103.5,103.5,103.5,103.5,7500,0
2017-12-08,103.5,103.5,103.5,103.5,0,0
2017-12-11,103.5,103.5,103.5,103.5,25195,0
2017-12-12,103.5,103.5,103.5,103.5,0,0
2017-12-13,103.5,103.5,103.5,103.5,7000,0
2017-12-14,103.5,103.5,103.5,103.5,0,0
2017-12-15,103.5,103.5,103.5,103.5,7000,0
2017-12-18,103.5,103.5,103.5,103.5,1500,0
2017-12-19,103.5,103.5,103.5,103.5,2500,0
2017-12-20,103.5,103.5,103.5,103.5,0,0
2017-12-21,103.5,104,103.5,104,804,0
2017-12-22,104,104,103.5,103.5,12500,0
2017-12-27,103.5,103.5,103.5,103.5,0,0
2017-12-28,103.5,103.5,103.5,103.5,503,0
2017-12-29,103.5,103.5,103.5,103.5,0,0
2018-01-02,103.5,103.5,103.5,103.5,0,0
2018-01-03,103.5,103.5,103.5,103.5,0,0
2018-01-04,103.5,103.5,103.5,103.5,0,0
2018-01-05,103.5,103.5,103.5,103.5,0,0
2018-01-08,103.5,103.5,103.5,103.5,142566,0
2018-01-09,103.5,103.5,103.5,103.5,6000,0
2018-01-10,103.5,103.5,103.5,103.5,384,0
2018-01-11,103.5,103.5,103.5,103.5,0,0
2018-01-12,103.5,103.5,103.5,103.5,0,0
2018-01-15,103.5,103.5,103.5,103.5,0,0
2018-01-16,103.5,103.5,103.5,103.5,1000,0
2018-01-17,103.5,103.5,103.5,103.5,0,0
2018-01-18,103.5,103.5,103.5,103.5,11220,0
2018-01-19,104.5,105.5,104.5,105.5,992,0
2018-01-22,105.5,105.5,105.5,105.5,609,0
2018-01-23,105.5,105.5,105.5,105.5,0,0
2018-01-24,105.5,106.5,105.5,106.5,110000,0
2018-01-25,106.5,106.5,106.5,106.5,15066,0
2018-01-26,106.5,106.5,106.5,106.5,1000000,0
2018-01-29,107.5,107.5,106.5,106.5,10000,0
2018-01-30,106.5,106.5,106.5,106.5,8180,0
2018-01-31,106.5,106.5,106.5,106.5,9336,0
2018-02-01,106.5,107.5,106.5,107.5,7000,0
2018-02-02,107.5,107.5,107.5,107.5,5000,0
2018-02-05,107.5,107.5,106,106,5129,0
2018-02-06,104,104,104,104,8875,0
2018-02-07,104,104,104,104,402,0
2018-02-08,104,104,104,104,0,0
2018-02-09,104,104,104,104,0,0
2018-02-12,104,104,104,104,2632,0
2018-02-13,104,104,104,104,2000,0
2018-02-14,104,104,104,104,0,0
2018-02-15,104,104,104,104,368,0
2018-02-16,104,104,104,104,0,0
2018-02-19,104,104,104,104,0,0
2018-02-20,104,104,104,104,0,0
2018-02-21,104,104,104,104,0,0
2018-02-22,104,104,104,104,0,0
2018-02-23,104,104,104,104,0,0
2018-02-26,104,104,104,104,0,0
2018-02-27,104,104,104,104,0,0
2018-02-28,104,104,104,104,470,0
2018-03-01,104,104,104,104,0,0
2018-03-02,104,104,104,104,0,0
2018-03-05,104,104,104,104,0,0
2018-03-06,104,104,104,104,3118,0
2018-03-07,104,104,104,104,4000,0
2018-03-08,104,104,104,104,0,0
2018-03-09,104,104,104,104,0,0
2018-03-12,104,104,104,104,279,0
2018-03-13,104,104,104,104,1273,0
2018-03-14,104,104,104,104,0,0
2018-03-15,104,104,104,104,0,0
2018-03-16,104,104,104,104,0,0
2018-03-19,104,104,104,104,11132,0
2018-03-20,104,104,104,104,0,0
2018-03-21,104,104,104,104,0,0
2018-03-22,104,104,104,104,3966,0
2018-03-23,104,104,104,104,0,0
2018-03-26,104,104,104,104,1900,0
2018-03-27,104,104,104,104,475,0
2018-03-28,104,104,104,104,0,0
2018-03-29,104,104,104,104,1118,0
