Date,Open,High,Low,Close,Volume,OpenInt
2016-03-31,100,100,100,100,0,0
2016-04-01,99.99,99.99,99.99,99.99,0,0
2016-04-04,100,100,100,100,0,0
2016-04-05,98.59,98.59,98.59,98.59,0,0
2016-04-06,98.28,98.28,98.28,98.28,0,0
2016-04-07,97.92,97.92,97.92,97.92,0,0
2016-04-08,98.48,98.48,98.48,98.48,0,0
2016-04-11,98.23,98.23,98.23,98.23,0,0
2016-04-12,97.98,97.98,97.98,97.98,0,0
2016-04-13,98.97,98.97,98.97,98.97,0,0
2016-04-14,99.15,99.15,99.15,99.15,0,0
2016-04-15,98.82,98.82,98.82,98.82,0,0
2016-04-18,98.91,98.91,98.91,98.91,0,0
2016-04-19,99.49,99.49,99.49,99.49,0,0
2016-04-20,99.66,99.66,99.66,99.66,0,0
2016-04-21,99.58,99.58,99.58,99.58,0,0
2016-04-22,99.51,99.51,99.51,99.51,0,0
2016-04-25,99.04,99.04,99.04,99.04,0,0
2016-04-26,98.68,98.68,98.68,98.68,0,0
2016-04-27,97.9,97.9,97.9,97.9,0,0
2016-04-28,98.16,98.16,98.16,98.16,0,0
2016-04-29,98.13,98.13,98.13,98.13,0,0
2016-05-02,98.21,98.21,98.21,98.21,0,0
2016-05-04,97.07,97.07,97.07,97.07,0,0
2016-05-05,96.06,96.06,96.06,96.06,0,0
2016-05-06,96.37,96.37,96.37,96.37,0,0
2016-05-09,96.31,96.31,96.31,96.31,0,0
2016-05-10,95.5,95.5,95.5,95.5,0,0
2016-05-11,95.34,95.34,95.34,95.34,0,0
2016-05-12,95.37,95.37,95.37,95.37,0,0
2016-05-13,95.46,95.46,95.46,95.46,0,0
2016-05-16,96.98,96.98,96.98,96.98,0,0
2016-05-17,96.81,96.81,96.81,96.81,0,0
2016-05-18,96.66,96.66,96.66,96.66,0,0
2016-05-19,95.11,95.11,95.11,95.11,0,0
2016-05-20,95.14,95.14,95.14,95.14,0,0
2016-05-23,95.56,95.56,95.56,95.56,0,0
2016-05-24,95.9,95.9,95.9,95.9,0,0
2016-05-25,96.72,96.72,96.72,96.72,0,0
2016-05-27,96.76,96.76,96.76,96.76,0,0
2016-05-30,96.52,96.52,96.52,96.52,0,0
2016-05-31,95.19,95.19,95.19,95.19,0,0
2016-06-01,92.99,92.99,92.99,92.99,0,0
2016-06-02,93.25,93.25,93.25,93.25,0,0
2016-06-03,94.79,94.79,94.79,94.79,0,0
2016-06-06,94.83,94.83,94.83,94.83,0,0
2016-06-07,96.22,96.22,96.22,96.22,0,0
2016-06-08,96.49,96.49,96.49,96.49,0,0
2016-06-09,95.43,95.43,95.43,95.43,0,0
2016-06-10,94.35,94.35,94.35,94.35,0,0
2016-06-13,93.88,93.88,93.88,93.88,0,0
2016-06-14,93.2,93.2,93.2,93.2,0,0
2016-06-15,93.52,93.52,93.52,93.52,0,0
2016-06-16,91.89,91.89,91.89,91.89,0,0
2016-06-17,93.07,93.07,93.07,93.07,0,0
2016-06-20,94.39,94.39,94.39,94.39,0,0
2016-06-21,95.15,95.15,95.15,95.15,0,0
2016-06-22,95.83,95.83,95.83,95.83,0,0
2016-06-23,97.06,97.06,97.06,97.06,0,0
2016-06-24,93.11,93.11,93.11,93.11,0,0
2016-06-27,91.74,91.74,91.74,91.74,0,0
2016-06-28,92.91,92.91,92.91,92.91,0,0
2016-06-29,93.2,93.2,93.2,93.2,0,0
2016-06-30,93.13,93.13,93.13,93.13,0,0
2016-07-01,93.24,93.24,93.24,93.24,0,0
2016-07-04,92.36,92.36,92.36,92.36,0,0
2016-07-05,92.02,92.02,92.02,92.02,0,0
2016-07-06,91.01,91.01,91.01,91.01,0,0
2016-07-07,92.03,92.03,92.03,92.03,0,0
2016-07-08,91.97,91.97,91.97,91.97,0,0
2016-07-11,93.47,93.47,93.47,93.47,0,0
2016-07-12,94.07,94.07,94.07,94.07,0,0
2016-07-13,93.93,93.93,93.93,93.93,0,0
2016-07-14,94.4,94.4,94.4,94.4,0,0
2016-07-15,95.03,95.03,95.03,95.03,0,0
2016-07-18,96.06,96.06,96.06,96.06,0,0
2016-07-19,96.33,96.33,96.33,96.33,0,0
2016-07-20,96.71,96.71,96.71,96.71,0,0
2016-07-21,97.08,97.08,97.08,97.08,0,0
2016-07-22,97.02,97.02,97.02,97.02,0,0
2016-07-25,98.01,98.01,98.01,98.01,0,0
2016-07-26,97.83,97.83,97.83,97.83,0,0
2016-07-27,97.67,97.67,97.67,97.67,0,0
2016-07-28,97.5,97.5,97.5,97.5,0,0
2016-07-29,96.49,96.49,96.49,96.49,0,0
2016-08-01,96.65,96.65,96.65,96.65,0,0
2016-08-02,98.24,98.24,98.24,98.24,0,0
2016-08-03,97.67,97.67,97.67,97.67,0,0
2016-08-04,99.14,99.14,99.14,99.14,0,0
2016-08-05,99.68,99.68,99.68,99.68,0,0
2016-08-08,100.29,100.29,100.29,100.29,0,0
2016-08-09,101.1,101.1,101.1,101.1,0,0
2016-08-10,101.53,101.53,101.53,101.53,0,0
2016-08-11,102.13,102.13,102.13,102.13,0,0
2016-08-12,102.15,102.15,102.15,102.15,0,0
2016-08-16,101.8,101.8,101.8,101.8,0,0
2016-08-17,100.98,100.98,100.98,100.98,0,0
2016-08-18,100.97,100.97,100.97,100.97,0,0
2016-08-19,100.36,100.36,100.36,100.36,0,0
2016-08-22,100.59,100.59,100.59,100.59,0,0
2016-08-23,100.45,100.45,100.45,100.45,0,0
2016-08-24,100.42,100.42,100.42,100.42,0,0
2016-08-25,100.47,100.47,100.47,100.47,0,0
2016-08-26,100.53,100.53,100.53,100.53,0,0
2016-08-29,100.27,100.27,100.27,100.27,0,0
2016-08-30,101.39,101.39,101.39,101.39,0,0
2016-08-31,101.47,101.47,101.47,101.47,0,0
2016-09-01,100.29,100.29,100.29,100.29,0,0
2016-09-02,100.65,100.65,100.65,100.65,0,0
2016-09-05,101.61,101.61,101.61,101.61,0,0
2016-09-06,101.9,101.9,101.9,101.9,0,0
2016-09-07,102.63,102.63,102.63,102.63,0,0
2016-09-08,102.1,102.1,102.1,102.1,0,0
2016-09-09,100.6,100.6,100.6,100.6,0,0
2016-09-12,99.66,99.66,99.66,99.66,0,0
2016-09-13,99.84,99.84,99.84,99.84,0,0
2016-09-14,100.31,100.31,100.31,100.31,0,0
2016-09-15,100.8,100.8,100.8,100.8,0,0
2016-09-16,101.02,101.02,101.02,101.02,0,0
2016-09-19,101.42,101.42,101.42,101.42,0,0
2016-09-20,101.6,101.6,101.6,101.6,0,0
2016-09-21,101.88,101.88,101.88,101.88,0,0
2016-09-22,103.1,103.1,103.1,103.1,0,0
2016-09-23,102.38,102.38,102.38,102.38,0,0
2016-09-26,101.65,101.65,101.65,101.65,0,0
2016-09-27,101.19,101.19,101.19,101.19,0,0
2016-09-28,101.2,101.2,101.2,101.2,0,0
2016-09-29,101.46,101.46,101.46,101.46,0,0
2016-09-30,100.79,100.79,100.79,100.79,0,0
2016-10-03,101.08,101.08,101.08,101.08,0,0
2016-10-04,101.65,101.65,101.65,101.65,0,0
2016-10-05,101.8,101.8,101.8,101.8,0,0
2016-10-06,101.93,101.93,101.93,101.93,0,0
2016-10-07,101.3,101.3,101.3,101.3,0,0
2016-10-10,101.75,101.75,101.75,101.75,0,0
2016-10-11,101.67,101.67,101.67,101.67,0,0
2016-10-12,101.65,101.65,101.65,101.65,0,0
2016-10-13,100.64,100.64,100.64,100.64,0,0
2016-10-14,100.77,100.77,100.77,100.77,0,0
2016-10-17,101,101,101,101,0,0
2016-10-18,101.28,101.28,101.28,101.28,0,0
2016-10-19,102.02,102.02,102.02,102.02,0,0
2016-10-20,101.94,101.94,101.94,101.94,0,0
2016-10-21,101.96,101.96,101.96,101.96,0,0
2016-10-24,102.81,102.81,102.81,102.81,0,0
2016-10-25,102.59,102.59,102.59,102.59,0,0
2016-10-26,102.54,102.54,102.54,102.54,0,0
2016-10-27,102.94,102.94,102.94,102.94,0,0
2016-10-28,103.58,103.58,103.58,103.58,0,0
2016-10-31,103.95,103.95,103.95,103.95,0,0
2016-11-02,101.45,101.45,101.45,101.45,0,0
2016-11-03,101.51,101.51,101.51,101.51,0,0
2016-11-04,100.94,100.94,100.94,100.94,0,0
2016-11-07,101.21,101.21,101.21,101.21,0,0
2016-11-08,101.99,101.99,101.99,101.99,0,0
2016-11-09,102.01,102.01,102.01,102.01,0,0
2016-11-10,102.89,102.89,102.89,102.89,0,0
2016-11-14,101.53,101.53,101.53,101.53,0,0
2016-11-15,101.58,101.58,101.58,101.58,0,0
2016-11-16,101.59,101.59,101.59,101.59,0,0
2016-11-17,100.86,100.86,100.86,100.86,0,0
2016-11-18,100.09,100.09,100.09,100.09,0,0
2016-11-21,101.19,101.19,101.19,101.19,0,0
2016-11-22,102.28,102.28,102.28,102.28,0,0
2016-11-23,103.25,103.25,103.25,103.25,0,0
2016-11-24,103.88,103.88,103.88,103.88,0,0
2016-11-25,103.45,103.45,103.45,103.45,0,0
2016-11-28,102.88,102.88,102.88,102.88,0,0
2016-11-29,102.69,102.69,102.69,102.69,0,0
2016-11-30,103.31,103.31,103.31,103.31,0,0
2016-12-01,103.15,103.15,103.15,103.15,0,0
2016-12-02,103.39,103.39,103.39,103.39,0,0
2016-12-05,105.14,105.14,105.14,105.14,0,0
2016-12-06,106.14,106.14,106.14,106.14,0,0
2016-12-07,106.07,106.07,106.07,106.07,0,0
2016-12-08,107.38,107.38,107.38,107.38,0,0
2016-12-09,106.8,106.8,106.8,106.8,0,0
2016-12-12,106.46,106.46,106.46,106.46,0,0
2016-12-13,107.92,107.92,107.92,107.92,0,0
2016-12-14,108.15,108.15,108.15,108.15,0,0
2016-12-15,107.26,107.26,107.26,107.26,0,0
2016-12-16,107.62,107.62,107.62,107.62,0,0
2016-12-19,107.53,107.53,107.53,107.53,0,0
2016-12-20,108.2,108.2,108.2,108.2,0,0
2016-12-21,107.58,107.58,107.58,107.58,0,0
2016-12-22,107.92,107.92,107.92,107.92,0,0
2016-12-23,107.68,107.68,107.68,107.68,0,0
2016-12-27,107.76,107.76,107.76,107.76,0,0
2016-12-28,107.72,107.72,107.72,107.72,0,0
2016-12-29,108.39,108.39,108.39,108.39,0,0
2016-12-30,108.49,108.49,108.49,108.49,0,0
2017-01-02,108.66,108.66,108.66,108.66,0,0
2017-01-03,109.85,109.85,109.85,109.85,0,0
2017-01-04,110.13,110.13,110.13,110.13,0,0
2017-01-05,110.01,110.01,110.01,110.01,0,0
2017-01-09,110.55,110.55,110.55,110.55,0,0
2017-01-10,111.47,111.47,111.47,111.47,0,0
2017-01-11,112.17,112.17,112.17,112.17,0,0
2017-01-12,111.9,111.9,111.9,111.9,0,0
2017-01-13,111.72,111.72,111.72,111.72,0,0
2017-01-16,112.27,112.27,112.27,112.27,0,0
2017-01-17,112.04,112.04,112.04,112.04,0,0
2017-01-18,111.84,111.84,111.84,111.84,0,0
2017-01-19,112.23,112.23,112.23,112.23,0,0
2017-01-20,112.26,112.26,112.26,112.26,0,0
2017-01-23,112.03,112.03,112.03,112.03,0,0
2017-01-24,112.99,112.99,112.99,112.99,0,0
2017-01-25,115.65,115.65,115.65,115.65,0,0
2017-01-26,115.63,115.63,115.63,115.63,0,0
2017-01-27,115.85,115.85,115.85,115.85,0,0
2017-01-30,114.76,114.76,114.76,114.76,0,0
2017-01-31,115.08,115.08,115.08,115.08,0,0
2017-02-01,115.76,115.76,115.76,115.76,0,0
2017-02-02,115.09,115.09,115.09,115.09,0,0
2017-02-03,115.28,115.28,115.28,115.28,0,0
2017-02-06,115.79,115.79,115.79,115.79,0,0
2017-02-07,115.6,115.6,115.6,115.6,0,0
2017-02-08,115.76,115.76,115.76,115.76,0,0
2017-02-09,117.91,117.91,117.91,117.91,0,0
2017-02-10,119.13,119.13,119.13,119.13,0,0
2017-02-13,119.83,119.83,119.83,119.83,0,0
2017-02-14,119.62,119.62,119.62,119.62,0,0
2017-02-15,119.99,119.99,119.99,119.99,0,0
2017-02-16,121.19,121.19,121.19,121.19,0,0
2017-02-17,120,120,120,120,0,0
2017-02-20,120.23,120.23,120.23,120.23,0,0
2017-02-21,122.51,122.51,122.51,122.51,0,0
2017-02-22,122.65,122.65,122.65,122.65,0,0
2017-02-23,122.76,122.76,122.76,122.76,0,0
2017-02-24,121.19,121.19,121.19,121.19,0,0
2017-02-27,121.22,121.22,121.22,121.22,0,0
2017-02-28,120.44,120.44,120.44,120.44,0,0
2017-03-01,122.71,122.71,122.71,122.71,0,0
2017-03-02,122.77,122.77,122.77,122.77,0,0
2017-03-03,121.89,121.89,121.89,121.89,0,0
2017-03-06,121.1,121.1,121.1,121.1,0,0
2017-03-07,120.34,120.34,120.34,120.34,0,0
2017-03-08,120.23,120.23,120.23,120.23,0,0
2017-03-09,119.27,119.27,119.27,119.27,0,0
2017-03-10,119.9,119.9,119.9,119.9,0,0
2017-03-13,121.65,121.65,121.65,121.65,0,0
2017-03-14,121.65,121.65,121.65,121.65,0,0
2017-03-15,121.39,121.39,121.39,121.39,0,0
2017-03-16,123.31,123.31,123.31,123.31,0,0
2017-03-17,123.53,123.53,123.53,123.53,0,0
2017-03-20,123.04,123.04,123.04,123.04,0,0
2017-03-21,121.79,121.79,121.79,121.79,0,0
2017-03-22,120.53,120.53,120.53,120.53,0,0
2017-03-23,121.12,121.12,121.12,121.12,0,0
2017-03-24,120.98,120.98,120.98,120.98,0,0
2017-03-27,119.44,119.44,119.44,119.44,0,0
2017-03-28,120.43,120.43,120.43,120.43,0,0
2017-03-29,120.14,120.14,120.14,120.14,0,0
2017-03-30,119.89,119.89,119.89,119.89,0,0
2017-03-31,118.74,118.74,118.74,118.74,0,0
2017-04-03,120.07,120.07,120.07,120.07,0,0
2017-04-04,120.85,120.85,120.85,120.85,0,0
2017-04-05,121.59,121.59,121.59,121.59,0,0
2017-04-06,121.67,121.67,121.67,121.67,0,0
2017-04-07,121.39,121.39,121.39,121.39,0,0
2017-04-10,120.98,120.98,120.98,120.98,0,0
2017-04-11,119.75,119.75,119.75,119.75,0,0
2017-04-12,119.57,119.57,119.57,119.57,0,0
2017-04-13,120.11,120.11,120.11,120.11,0,0
2017-04-18,120.24,120.24,120.24,120.24,0,0
2017-04-19,121.69,121.69,121.69,121.69,0,0
2017-04-20,121.98,121.98,121.98,121.98,0,0
2017-04-21,121.37,121.37,121.37,121.37,0,0
2017-04-24,122.83,122.83,122.83,122.83,0,0
2017-04-25,124.81,124.81,124.81,124.81,0,0
2017-04-26,125.82,125.82,125.82,125.82,0,0
2017-04-27,125.88,125.88,125.88,125.88,0,0
2017-04-28,125.72,125.72,125.72,125.72,0,0
2017-05-02,126.61,126.61,126.61,126.61,0,0
2017-05-04,126.16,126.16,126.16,126.16,0,0
2017-05-05,126.13,126.13,126.13,126.13,0,0
2017-05-08,125.89,125.89,125.89,125.89,0,0
2017-05-09,126.87,126.87,126.87,126.87,0,0
2017-05-10,126.09,126.09,126.09,126.09,0,0
2017-05-11,125.5,125.5,125.5,125.5,0,0
2017-05-12,125.51,125.51,125.51,125.51,0,0
2017-05-15,125.88,125.88,125.88,125.88,0,0
2017-05-16,124.33,124.33,124.33,124.33,0,0
2017-05-17,122.72,122.72,122.72,122.72,0,0
2017-05-18,122.37,122.37,122.37,122.37,0,0
2017-05-19,123.89,123.89,123.89,123.89,0,0
2017-05-22,124.43,124.43,124.43,124.43,0,0
2017-05-23,123.25,123.25,123.25,123.25,0,0
2017-05-24,124.06,124.06,124.06,124.06,0,0
2017-05-25,125.31,125.31,125.31,125.31,0,0
2017-05-26,124.24,124.24,124.24,124.24,0,0
2017-05-29,124.15,124.15,124.15,124.15,0,0
2017-05-30,123.3,123.3,123.3,123.3,0,0
2017-05-31,122.89,122.89,122.89,122.89,0,0
2017-06-01,123.09,123.09,123.09,123.09,0,0
2017-06-02,124.06,124.06,124.06,124.06,0,0
2017-06-05,123.04,123.04,123.04,123.04,0,0
2017-06-06,124.04,124.04,124.04,124.04,0,0
2017-06-07,124.06,124.06,124.06,124.06,0,0
2017-06-08,125.02,125.02,125.02,125.02,0,0
2017-06-09,124.76,124.76,124.76,124.76,0,0
2017-06-12,123.19,123.19,123.19,123.19,0,0
2017-06-13,123.62,123.62,123.62,123.62,0,0
2017-06-14,123.3,123.3,123.3,123.3,0,0
2017-06-16,123.41,123.41,123.41,123.41,0,0
2017-06-19,124.42,124.42,124.42,124.42,0,0
2017-06-20,124.06,124.06,124.06,124.06,0,0
2017-06-21,124.65,124.65,124.65,124.65,0,0
2017-06-22,124.33,124.33,124.33,124.33,0,0
2017-06-23,124.39,124.39,124.39,124.39,0,0
2017-06-26,125.59,125.59,125.59,125.59,0,0
2017-06-27,125.94,125.94,125.94,125.94,0,0
2017-06-28,125.03,125.03,125.03,125.03,0,0
2017-06-29,125.13,125.13,125.13,125.13,0,0
2017-06-30,124.31,124.31,124.31,124.31,0,0
2017-07-03,124.88,124.88,124.88,124.88,0,0
2017-07-04,123.75,123.75,123.75,123.75,0,0
2017-07-05,124.13,124.13,124.13,124.13,0,0
2017-07-06,124.01,124.01,124.01,124.01,0,0
2017-07-07,123.67,123.67,123.67,123.67,0,0
2017-07-10,123.82,123.82,123.82,123.82,0,0
2017-07-11,123.61,123.61,123.61,123.61,0,0
2017-07-12,125.12,125.12,125.12,125.12,0,0
2017-07-13,125.74,125.74,125.74,125.74,0,0
2017-07-14,125.98,125.98,125.98,125.98,0,0
2017-07-17,126.57,126.57,126.57,126.57,0,0
2017-07-18,126.19,126.19,126.19,126.19,0,0
2017-07-19,126.53,126.53,126.53,126.53,0,0
2017-07-20,126.15,126.15,126.15,126.15,0,0
2017-07-21,125.63,125.63,125.63,125.63,0,0
2017-07-24,125.28,125.28,125.28,125.28,0,0
2017-07-25,125.49,125.49,125.49,125.49,0,0
2017-07-26,126.13,126.13,126.13,126.13,0,0
2017-07-27,125.73,125.73,125.73,125.73,0,0
2017-07-28,126.08,126.08,126.08,126.08,0,0
2017-07-31,126.47,126.47,126.47,126.47,0,0
2017-08-01,126.85,126.85,126.85,126.85,0,0
2017-08-02,126.1,126.1,126.1,126.1,0,0
2017-08-03,125.77,125.77,125.77,125.77,0,0
2017-08-04,126.09,126.09,126.09,126.09,0,0
2017-08-07,126.47,126.47,126.47,126.47,0,0
2017-08-08,127.67,127.67,127.67,127.67,0,0
2017-08-09,126.86,126.86,126.86,126.86,0,0
2017-08-10,125.86,125.86,125.86,125.86,0,0
2017-08-11,125.36,125.36,125.36,125.36,0,0
2017-08-14,125.55,125.55,125.55,125.55,0,0
2017-08-16,125.98,125.98,125.98,125.98,0,0
2017-08-17,125.04,125.04,125.04,125.04,0,0
2017-08-18,125.25,125.25,125.25,125.25,0,0
2017-08-21,125.87,125.87,125.87,125.87,0,0
2017-08-22,126.24,126.24,126.24,126.24,0,0
2017-08-23,126.28,126.28,126.28,126.28,0,0
2017-08-24,128.42,128.42,128.42,128.42,0,0
2017-08-25,128.79,128.79,128.79,128.79,0,0
2017-08-28,130.49,130.49,130.49,130.49,0,0
2017-08-29,128.98,128.98,128.98,128.98,0,0
2017-08-30,129.97,129.97,129.97,129.97,0,0
2017-08-31,129.98,129.98,129.98,129.98,0,0
2017-09-01,130.45,130.45,130.45,130.45,0,0
2017-09-04,130.12,130.12,130.12,130.12,0,0
2017-09-05,130,130,130,130,0,0
2017-09-06,129.47,129.47,129.47,129.47,0,0
2017-09-07,128.81,128.81,128.81,128.81,0,0
2017-09-08,128.73,128.73,128.73,128.73,0,0
2017-09-11,129.75,129.75,129.75,129.75,0,0
2017-09-12,129.69,129.69,129.69,129.69,0,0
2017-09-13,129.55,129.55,129.55,129.55,0,0
2017-09-14,129.57,129.57,129.57,129.57,0,0
2017-09-15,129.23,129.23,129.23,129.23,0,0
2017-09-18,129.37,129.37,129.37,129.37,0,0
2017-09-19,129.55,129.55,129.55,129.55,0,0
2017-09-20,129.49,129.49,129.49,129.49,0,0
2017-09-21,128.57,128.57,128.57,128.57,0,0
2017-09-22,128.9,128.9,128.9,128.9,0,0
2017-09-25,128.01,128.01,128.01,128.01,0,0
2017-09-26,127.68,127.68,127.68,127.68,0,0
2017-09-27,127.39,127.39,127.39,127.39,0,0
2017-09-28,127.75,127.75,127.75,127.75,0,0
2017-09-29,128.77,128.77,128.77,128.77,0,0
2017-10-02,128.92,128.92,128.92,128.92,0,0
2017-10-03,128.76,128.76,128.76,128.76,0,0
2017-10-04,127.75,127.75,127.75,127.75,0,0
2017-10-05,128.49,128.49,128.49,128.49,0,0
2017-10-06,128.98,128.98,128.98,128.98,0,0
2017-10-09,129.32,129.32,129.32,129.32,0,0
2017-10-10,129.84,129.84,129.84,129.84,0,0
2017-10-11,131.16,131.16,131.16,131.16,0,0
2017-10-12,130.74,130.74,130.74,130.74,0,0
2017-10-13,130.37,130.37,130.37,130.37,0,0
2017-10-16,130.61,130.61,130.61,130.61,0,0
2017-10-17,129.55,129.55,129.55,129.55,0,0
2017-10-18,128.83,128.83,128.83,128.83,0,0
2017-10-19,127.62,127.62,127.62,127.62,0,0
2017-10-20,127.53,127.53,127.53,127.53,0,0
2017-10-23,127.44,127.44,127.44,127.44,0,0
2017-10-24,126.18,126.18,126.18,126.18,0,0
2017-10-25,126.48,126.48,126.48,126.48,0,0
2017-10-26,126.73,126.73,126.73,126.73,0,0
2017-10-27,127.9,127.9,127.9,127.9,0,0
2017-10-30,128.91,128.91,128.91,128.91,0,0
2017-10-31,129.41,129.41,129.41,129.41,0,0
2017-11-02,128.56,128.56,128.56,128.56,0,0
2017-11-03,128.26,128.26,128.26,128.26,0,0
2017-11-06,128.87,128.87,128.87,128.87,0,0
2017-11-07,129.9,129.9,129.9,129.9,0,0
2017-11-08,128.91,128.91,128.91,128.91,0,0
2017-11-09,127.71,127.71,127.71,127.71,0,0
2017-11-10,126.86,126.86,126.86,126.86,0,0
2017-11-13,126.25,126.25,126.25,126.25,0,0
2017-11-14,126.4,126.4,126.4,126.4,0,0
2017-11-15,124.86,124.86,124.86,124.86,0,0
2017-11-16,124.87,124.87,124.87,124.87,0,0
2017-11-17,126.14,126.14,126.14,126.14,0,0
2017-11-20,127.18,127.18,127.18,127.18,0,0
2017-11-21,127.94,127.94,127.94,127.94,0,0
2017-11-22,128,128,128,128,0,0
2017-11-23,128.36,128.36,128.36,128.36,0,0
2017-11-24,127.83,127.83,127.83,127.83,0,0
2017-11-27,128.39,128.39,128.39,128.39,0,0
2017-11-29,126.14,126.14,126.14,126.14,0,0
2017-11-30,125.2,125.2,125.2,125.2,0,0
2017-12-01,124.47,124.47,124.47,124.47,0,0
2017-12-04,125.02,125.02,125.02,125.02,0,0
2017-12-05,125.24,125.24,125.24,125.24,0,0
2017-12-06,124.63,124.63,124.63,124.63,0,0
2017-12-07,124.74,124.74,124.74,124.74,0,0
2017-12-08,125.09,125.09,125.09,125.09,0,0
2017-12-11,124.44,124.44,124.44,124.44,0,0
2017-12-12,125.36,125.36,125.36,125.36,0,0
2017-12-13,125.43,125.43,125.43,125.43,0,0
2017-12-14,126,126,126,126,0,0
2017-12-15,125.49,125.49,125.49,125.49,0,0
2017-12-18,127.14,127.14,127.14,127.14,0,0
2017-12-19,126.95,126.95,126.95,126.95,0,0
2017-12-20,126.67,126.67,126.67,126.67,0,0
2017-12-21,126.87,126.87,126.87,126.87,0,0
2017-12-22,126.52,126.52,126.52,126.52,0,0
2017-12-27,127.56,127.56,127.56,127.56,0,0
2017-12-28,128,128,128,128,0,0
2017-12-29,127.54,127.54,127.54,127.54,0,0
2018-01-03,127.8,127.8,127.8,127.8,0,0
2018-01-04,130.1,130.1,130.1,130.1,0,0
2018-01-05,130.2,130.2,130.2,130.2,0,0
2018-01-08,130.91,130.91,130.91,130.91,0,0
2018-01-09,130.25,130.25,130.25,130.25,0,0
2018-01-10,129.22,129.22,129.22,129.22,0,0
2018-01-11,130,130,130,130,0,0
2018-01-12,130.16,130.16,130.16,130.16,0,0
2018-01-15,130.17,130.17,130.17,130.17,0,0
2018-01-16,131.66,131.66,131.66,131.66,0,0
2018-01-17,132.2,132.2,132.2,132.2,0,0
2018-01-18,132.33,132.33,132.33,132.33,0,0
2018-01-19,132.59,132.59,132.59,132.59,0,0
2018-01-22,133.26,133.26,133.26,133.26,0,0
2018-01-23,133.52,133.52,133.52,133.52,0,0
2018-01-24,133.24,133.24,133.24,133.24,0,0
2018-01-25,131.93,131.93,131.93,131.93,0,0
2018-01-26,132.42,132.42,132.42,132.42,0,0
2018-01-29,132.2,132.2,132.2,132.2,0,0
2018-01-30,131.13,131.13,131.13,131.13,0,0
2018-01-31,130.99,130.99,130.99,130.99,0,0
2018-02-01,130.14,130.14,130.14,130.14,0,0
2018-02-02,129.36,129.36,129.36,129.36,0,0
2018-02-05,128.53,128.53,128.53,128.53,0,0
2018-02-06,124.69,124.69,124.69,124.69,0,0
2018-02-07,126.13,126.13,126.13,126.13,0,0
2018-02-08,125.02,125.02,125.02,125.02,0,0
2018-02-09,123.75,123.75,123.75,123.75,0,0
2018-02-12,124.86,124.86,124.86,124.86,0,0
2018-02-13,125.51,125.51,125.51,125.51,0,0
2018-02-14,126.41,126.41,126.41,126.41,0,0
2018-02-15,125.76,125.76,125.76,125.76,0,0
2018-02-16,125.26,125.26,125.26,125.26,0,0
2018-02-19,125.28,125.28,125.28,125.28,0,0
2018-02-20,125.27,125.27,125.27,125.27,0,0
2018-02-21,124.76,124.76,124.76,124.76,0,0
2018-02-22,125,125,125,125,0,0
2018-02-23,124.88,124.88,124.88,124.88,0,0
2018-02-26,124.9,124.9,124.9,124.9,0,0
2018-02-27,125.22,125.22,125.22,125.22,0,0
2018-02-28,123.05,123.05,123.05,123.05,0,0
2018-03-01,121.91,121.91,121.91,121.91,0,0
2018-03-02,120.92,120.92,120.92,120.92,0,0
2018-03-05,121.47,121.47,121.47,121.47,0,0
2018-03-06,121.96,121.96,121.96,121.96,0,0
2018-03-07,122.93,122.93,122.93,122.93,0,0
2018-03-08,121.81,121.81,121.81,121.81,0,0
2018-03-09,123.02,123.02,123.02,123.02,0,0
2018-03-12,123.9,123.9,123.9,123.9,0,0
2018-03-13,122.92,122.92,122.92,122.92,0,0
2018-03-14,122.44,122.44,122.44,122.44,0,0
2018-03-15,121.93,121.93,121.93,121.93,0,0
2018-03-16,120.64,120.64,120.64,120.64,0,0
2018-03-19,119.2,119.2,119.2,119.2,0,0
2018-03-20,119.92,119.92,119.92,119.92,0,0
2018-03-21,121.67,121.67,121.67,121.67,0,0
2018-03-22,119.59,119.59,119.59,119.59,0,0
2018-03-23,118.8,118.8,118.8,118.8,0,0
2018-03-26,117.94,117.94,117.94,117.94,0,0
2018-03-27,118.06,118.06,118.06,118.06,0,0
2018-03-28,116.34,116.34,116.34,116.34,0,0
2018-03-29,117,117,117,117,0,0
