Date,Open,High,Low,Close,Volume,OpenInt
2010-05-14,10,10,10,10,0,0
2010-05-17,9.87,9.87,9.87,9.87,0,0
2010-05-18,9.92,9.92,9.92,9.92,0,0
2010-05-19,9.67,9.67,9.67,9.67,0,0
2010-05-20,9.22,9.22,9.22,9.22,0,0
2010-05-21,9.31,9.31,9.31,9.31,0,0
2010-05-24,9.41,9.41,9.41,9.41,0,0
2010-05-25,9.29,9.29,9.29,9.29,0,0
2010-05-26,9.4,9.4,9.4,9.4,0,0
2010-05-27,9.64,9.64,9.64,9.64,0,0
2010-05-28,9.61,9.61,9.61,9.61,0,0
2010-05-31,9.62,9.62,9.62,9.62,0,0
2010-06-01,9.53,9.53,9.53,9.53,0,0
2010-06-02,9.71,9.71,9.71,9.71,0,0
2010-06-03,9.82,9.82,9.82,9.82,0,0
2010-06-04,9.72,9.72,9.72,9.72,0,0
2010-06-07,9.67,9.67,9.67,9.67,0,0
2010-06-08,9.68,9.68,9.68,9.68,0,0
2010-06-09,9.7,9.7,9.7,9.7,0,0
2010-06-10,9.83,9.83,9.83,9.83,0,0
2010-06-11,9.9,9.9,9.9,9.9,0,0
2010-06-14,9.85,9.85,9.85,9.85,0,0
2010-06-15,9.95,9.95,9.95,9.95,0,0
2010-06-16,9.96,9.96,9.96,9.96,0,0
2010-06-17,9.97,9.97,9.97,9.97,0,0
2010-06-18,9.97,9.97,9.97,9.97,0,0
2010-06-21,10.11,10.11,10.11,10.11,0,0
2010-06-22,10.08,10.08,10.08,10.08,0,0
2010-06-23,9.98,9.98,9.98,9.98,0,0
2010-06-24,9.79,9.79,9.79,9.79,0,0
2010-06-25,9.77,9.77,9.77,9.77,0,0
2010-06-28,9.83,9.83,9.83,9.83,0,0
2010-06-29,9.54,9.54,9.54,9.54,0,0
2010-06-30,9.44,9.44,9.44,9.44,0,0
2010-07-01,9.17,9.17,9.17,9.17,0,0
2010-07-02,9.11,9.11,9.11,9.11,0,0
2010-07-05,9.1,9.1,9.1,9.1,0,0
2010-07-06,9.16,9.16,9.16,9.16,0,0
2010-07-07,9.28,9.28,9.28,9.28,0,0
2010-07-08,9.35,9.35,9.35,9.35,0,0
2010-07-09,9.47,9.47,9.47,9.47,0,0
2010-07-12,9.52,9.52,9.52,9.52,0,0
2010-07-13,9.59,9.59,9.59,9.59,0,0
2010-07-14,9.63,9.63,9.63,9.63,0,0
2010-07-15,9.47,9.47,9.47,9.47,0,0
2010-07-16,9.27,9.27,9.27,9.27,0,0
2010-07-19,9.23,9.23,9.23,9.23,0,0
2010-07-20,9.31,9.31,9.31,9.31,0,0
2010-07-21,9.39,9.39,9.39,9.39,0,0
2010-07-22,9.5,9.5,9.5,9.5,0,0
2010-07-23,9.56,9.56,9.56,9.56,0,0
2010-07-26,9.59,9.59,9.59,9.59,0,0
2010-07-27,9.56,9.56,9.56,9.56,0,0
2010-07-28,9.5,9.5,9.5,9.5,0,0
2010-07-29,9.44,9.44,9.44,9.44,0,0
2010-07-30,9.46,9.46,9.46,9.46,0,0
2010-08-02,9.56,9.56,9.56,9.56,0,0
2010-08-03,9.56,9.56,9.56,9.56,0,0
2010-08-04,9.66,9.66,9.66,9.66,0,0
2010-08-05,9.65,9.65,9.65,9.65,0,0
2010-08-06,9.56,9.56,9.56,9.56,0,0
2010-08-09,9.67,9.67,9.67,9.67,0,0
2010-08-10,9.63,9.63,9.63,9.63,0,0
2010-08-11,9.57,9.57,9.57,9.57,0,0
2010-08-12,9.55,9.55,9.55,9.55,0,0
2010-08-13,9.58,9.58,9.58,9.58,0,0
2010-08-16,9.58,9.58,9.58,9.58,0,0
2010-08-17,9.66,9.66,9.66,9.66,0,0
2010-08-18,9.67,9.67,9.67,9.67,0,0
2010-08-19,9.58,9.58,9.58,9.58,0,0
2010-08-20,9.58,9.58,9.58,9.58,0,0
2010-08-23,9.59,9.59,9.59,9.59,0,0
2010-08-24,9.47,9.47,9.47,9.47,0,0
2010-08-25,9.42,9.42,9.42,9.42,0,0
2010-08-26,9.4,9.4,9.4,9.4,0,0
2010-08-27,9.48,9.48,9.48,9.48,0,0
2010-08-30,9.51,9.51,9.51,9.51,0,0
2010-08-31,9.47,9.47,9.47,9.47,0,0
2010-09-01,9.64,9.64,9.64,9.64,0,0
2010-09-02,9.7,9.7,9.7,9.7,0,0
2010-09-03,9.74,9.74,9.74,9.74,0,0
2010-09-06,9.8,9.8,9.8,9.8,0,0
2010-09-07,9.85,9.85,9.85,9.85,0,0
2010-09-08,9.89,9.89,9.89,9.89,0,0
2010-09-09,9.96,9.96,9.96,9.96,0,0
2010-09-10,9.99,9.99,9.99,9.99,0,0
2010-09-13,10,10,10,10,0,0
2010-09-14,9.93,9.93,9.93,9.93,0,0
2010-09-15,9.98,9.98,9.98,9.98,0,0
2010-09-16,9.9,9.9,9.9,9.9,0,0
2010-09-17,9.91,9.91,9.91,9.91,0,0
2010-09-20,10.01,10.01,10.01,10.01,0,0
2010-09-21,9.92,9.92,9.92,9.92,0,0
2010-09-22,9.79,9.79,9.79,9.79,0,0
2010-09-23,9.79,9.79,9.79,9.79,0,0
2010-09-24,9.8,9.8,9.8,9.8,0,0
2010-09-27,9.83,9.83,9.83,9.83,0,0
2010-09-28,9.75,9.75,9.75,9.75,0,0
2010-09-29,9.71,9.71,9.71,9.71,0,0
2010-09-30,9.65,9.65,9.65,9.65,0,0
2010-10-01,9.57,9.57,9.57,9.57,0,0
2010-10-04,9.57,9.57,9.57,9.57,0,0
2010-10-05,9.61,9.61,9.61,9.61,0,0
2010-10-06,9.59,9.59,9.59,9.59,0,0
2010-10-07,9.58,9.58,9.58,9.58,0,0
2010-10-08,9.57,9.57,9.57,9.57,0,0
2010-10-11,9.6,9.6,9.6,9.6,0,0
2010-10-12,9.58,9.58,9.58,9.58,0,0
2010-10-13,9.68,9.68,9.68,9.68,0,0
2010-10-14,9.62,9.62,9.62,9.62,0,0
2010-10-15,9.68,9.68,9.68,9.68,0,0
2010-10-18,9.67,9.67,9.67,9.67,0,0
2010-10-19,9.68,9.68,9.68,9.68,0,0
2010-10-20,9.64,9.64,9.64,9.64,0,0
2010-10-21,9.7,9.7,9.7,9.7,0,0
2010-10-22,9.69,9.69,9.69,9.69,0,0
2010-10-25,9.77,9.77,9.77,9.77,0,0
2010-10-26,9.76,9.76,9.76,9.76,0,0
2010-10-27,9.72,9.72,9.72,9.72,0,0
2010-10-28,9.67,9.67,9.67,9.67,0,0
2010-10-29,9.68,9.68,9.68,9.68,0,0
2010-11-01,9.73,9.73,9.73,9.73,0,0
2010-11-02,9.75,9.75,9.75,9.75,0,0
2010-11-03,9.71,9.71,9.71,9.71,0,0
2010-11-04,9.8,9.8,9.8,9.8,0,0
2010-11-05,9.89,9.89,9.89,9.89,0,0
2010-11-08,9.99,9.99,9.99,9.99,0,0
2010-11-09,10.01,10.01,10.01,10.01,0,0
2010-11-10,9.99,9.99,9.99,9.99,0,0
2010-11-11,10.06,10.06,10.06,10.06,0,0
2010-11-12,9.9,9.9,9.9,9.9,0,0
2010-11-15,9.99,9.99,9.99,9.99,0,0
2010-11-16,9.89,9.89,9.89,9.89,0,0
2010-11-17,9.9,9.9,9.9,9.9,0,0
2010-11-18,10,10,10,10,0,0
2010-11-19,9.97,9.97,9.97,9.97,0,0
2010-11-22,10.01,10.01,10.01,10.01,0,0
2010-11-23,9.96,9.96,9.96,9.96,0,0
2010-11-24,10.12,10.12,10.12,10.12,0,0
2010-11-25,10.13,10.13,10.13,10.13,0,0
2010-11-26,10.16,10.16,10.16,10.16,0,0
2010-11-29,10.21,10.21,10.21,10.21,0,0
2010-11-30,10.24,10.24,10.24,10.24,0,0
2010-12-01,10.31,10.31,10.31,10.31,0,0
2010-12-02,10.44,10.44,10.44,10.44,0,0
2010-12-03,10.4,10.4,10.4,10.4,0,0
2010-12-06,10.44,10.44,10.44,10.44,0,0
2010-12-07,10.47,10.47,10.47,10.47,0,0
2010-12-08,10.48,10.48,10.48,10.48,0,0
2010-12-09,10.51,10.51,10.51,10.51,0,0
2010-12-10,10.55,10.55,10.55,10.55,0,0
2010-12-13,10.49,10.49,10.49,10.49,0,0
2010-12-14,10.5,10.5,10.5,10.5,0,0
2010-12-15,10.49,10.49,10.49,10.49,0,0
2010-12-16,10.47,10.47,10.47,10.47,0,0
2010-12-17,10.51,10.51,10.51,10.51,0,0
2010-12-20,10.55,10.55,10.55,10.55,0,0
2010-12-21,10.66,10.66,10.66,10.66,0,0
2010-12-22,10.7,10.7,10.7,10.7,0,0
2010-12-23,10.68,10.68,10.68,10.68,0,0
2010-12-27,10.66,10.66,10.66,10.66,0,0
2010-12-28,10.69,10.69,10.69,10.69,0,0
2010-12-29,10.68,10.68,10.68,10.68,0,0
2010-12-30,10.6,10.6,10.6,10.6,0,0
2010-12-31,10.51,10.51,10.51,10.51,0,0
2011-01-03,10.61,10.61,10.61,10.61,0,0
2011-01-04,10.69,10.69,10.69,10.69,0,0
2011-01-05,10.82,10.82,10.82,10.82,0,0
2011-01-06,10.92,10.92,10.92,10.92,0,0
2011-01-07,11.01,11.01,11.01,11.01,0,0
2011-01-10,10.95,10.95,10.95,10.95,0,0
2011-01-11,10.97,10.97,10.97,10.97,0,0
2011-01-12,10.94,10.94,10.94,10.94,0,0
2011-01-13,10.84,10.84,10.84,10.84,0,0
2011-01-14,10.85,10.85,10.85,10.85,0,0
2011-01-17,10.88,10.88,10.88,10.88,0,0
2011-01-18,10.89,10.89,10.89,10.89,0,0
2011-01-19,10.76,10.76,10.76,10.76,0,0
2011-01-20,10.55,10.55,10.55,10.55,0,0
2011-01-21,10.47,10.47,10.47,10.47,0,0
2011-01-24,10.53,10.53,10.53,10.53,0,0
2011-01-25,10.47,10.47,10.47,10.47,0,0
2011-01-26,10.57,10.57,10.57,10.57,0,0
2011-01-27,10.56,10.56,10.56,10.56,0,0
2011-01-28,10.5,10.5,10.5,10.5,0,0
2011-01-31,10.47,10.47,10.47,10.47,0,0
2011-02-01,10.51,10.51,10.51,10.51,0,0
2011-02-02,10.56,10.56,10.56,10.56,0,0
2011-02-03,10.65,10.65,10.65,10.65,0,0
2011-02-04,10.75,10.75,10.75,10.75,0,0
2011-02-07,10.77,10.77,10.77,10.77,0,0
2011-02-08,10.73,10.73,10.73,10.73,0,0
2011-02-09,10.62,10.62,10.62,10.62,0,0
2011-02-10,10.65,10.65,10.65,10.65,0,0
2011-02-11,10.72,10.72,10.72,10.72,0,0
2011-02-14,10.83,10.83,10.83,10.83,0,0
2011-02-15,10.8,10.8,10.8,10.8,0,0
2011-02-16,10.77,10.77,10.77,10.77,0,0
2011-02-17,10.75,10.75,10.75,10.75,0,0
2011-02-18,10.72,10.72,10.72,10.72,0,0
2011-02-21,10.64,10.64,10.64,10.64,0,0
2011-02-22,10.46,10.46,10.46,10.46,0,0
2011-02-23,10.33,10.33,10.33,10.33,0,0
2011-02-24,10.29,10.29,10.29,10.29,0,0
2011-02-25,10.48,10.48,10.48,10.48,0,0
2011-02-28,10.47,10.47,10.47,10.47,0,0
2011-03-01,10.44,10.44,10.44,10.44,0,0
2011-03-02,10.37,10.37,10.37,10.37,0,0
2011-03-03,10.37,10.37,10.37,10.37,0,0
2011-03-04,10.37,10.37,10.37,10.37,0,0
2011-03-07,10.32,10.32,10.32,10.32,0,0
2011-03-08,10.4,10.4,10.4,10.4,0,0
2011-03-09,10.39,10.39,10.39,10.39,0,0
2011-03-10,10.31,10.31,10.31,10.31,0,0
2011-03-11,10.22,10.22,10.22,10.22,0,0
2011-03-14,10.09,10.09,10.09,10.09,0,0
2011-03-15,9.84,9.84,9.84,9.84,0,0
2011-03-16,9.76,9.76,9.76,9.76,0,0
2011-03-17,9.78,9.78,9.78,9.78,0,0
2011-03-18,9.76,9.76,9.76,9.76,0,0
2011-03-21,9.86,9.86,9.86,9.86,0,0
2011-03-22,9.9,9.9,9.9,9.9,0,0
2011-03-23,9.99,9.99,9.99,9.99,0,0
2011-03-24,10.1,10.1,10.1,10.1,0,0
2011-03-25,10.16,10.16,10.16,10.16,0,0
2011-03-28,10.16,10.16,10.16,10.16,0,0
2011-03-29,10.24,10.24,10.24,10.24,0,0
2011-03-30,10.34,10.34,10.34,10.34,0,0
2011-03-31,10.32,10.32,10.32,10.32,0,0
2011-04-01,10.38,10.38,10.38,10.38,0,0
2011-04-04,10.44,10.44,10.44,10.44,0,0
2011-04-05,10.45,10.45,10.45,10.45,0,0
2011-04-06,10.42,10.42,10.42,10.42,0,0
2011-04-07,10.43,10.43,10.43,10.43,0,0
2011-04-08,10.42,10.42,10.42,10.42,0,0
2011-04-11,10.39,10.39,10.39,10.39,0,0
2011-04-12,10.22,10.22,10.22,10.22,0,0
2011-04-13,10.35,10.35,10.35,10.35,0,0
2011-04-14,10.31,10.31,10.31,10.31,0,0
2011-04-15,10.39,10.39,10.39,10.39,0,0
2011-04-18,10.4,10.4,10.4,10.4,0,0
2011-04-19,10.37,10.37,10.37,10.37,0,0
2011-04-20,10.48,10.48,10.48,10.48,0,0
2011-04-21,10.54,10.54,10.54,10.54,0,0
2011-04-25,10.51,10.51,10.51,10.51,0,0
2011-04-26,10.52,10.52,10.52,10.52,0,0
2011-04-27,10.48,10.48,10.48,10.48,0,0
2011-04-28,10.5,10.5,10.5,10.5,0,0
2011-04-29,10.52,10.52,10.52,10.52,0,0
2011-05-02,10.5,10.5,10.5,10.5,0,0
2011-05-03,10.4,10.4,10.4,10.4,0,0
2011-05-04,10.3,10.3,10.3,10.3,0,0
2011-05-05,10.39,10.39,10.39,10.39,0,0
2011-05-06,10.56,10.56,10.56,10.56,0,0
2011-05-09,10.61,10.61,10.61,10.61,0,0
2011-05-10,10.63,10.63,10.63,10.63,0,0
2011-05-11,10.72,10.72,10.72,10.72,0,0
2011-05-12,10.61,10.61,10.61,10.61,0,0
2011-05-13,10.67,10.67,10.67,10.67,0,0
2011-05-16,10.56,10.56,10.56,10.56,0,0
2011-05-17,10.5,10.5,10.5,10.5,0,0
2011-05-18,10.58,10.58,10.58,10.58,0,0
2011-05-19,10.6,10.6,10.6,10.6,0,0
2011-05-20,10.66,10.66,10.66,10.66,0,0
2011-05-23,10.5,10.5,10.5,10.5,0,0
2011-05-24,10.49,10.49,10.49,10.49,0,0
2011-05-25,10.55,10.55,10.55,10.55,0,0
2011-05-26,10.6,10.6,10.6,10.6,0,0
2011-05-27,10.59,10.59,10.59,10.59,0,0
2011-05-30,10.59,10.59,10.59,10.59,0,0
2011-05-31,10.65,10.65,10.65,10.65,0,0
2011-06-01,10.54,10.54,10.54,10.54,0,0
2011-06-02,10.45,10.45,10.45,10.45,0,0
2011-06-03,10.33,10.33,10.33,10.33,0,0
2011-06-06,10.28,10.28,10.28,10.28,0,0
2011-06-07,10.21,10.21,10.21,10.21,0,0
2011-06-08,10.13,10.13,10.13,10.13,0,0
2011-06-09,10.22,10.22,10.22,10.22,0,0
2011-06-10,10.17,10.17,10.17,10.17,0,0
2011-06-13,10.13,10.13,10.13,10.13,0,0
2011-06-14,10.18,10.18,10.18,10.18,0,0
2011-06-15,10.16,10.16,10.16,10.16,0,0
2011-06-16,10.06,10.06,10.06,10.06,0,0
2011-06-17,10,10,10,10,0,0
2011-06-20,9.96,9.96,9.96,9.96,0,0
2011-06-21,10.11,10.11,10.11,10.11,0,0
2011-06-22,10.13,10.13,10.13,10.13,0,0
2011-06-23,10.12,10.12,10.12,10.12,0,0
2011-06-24,10.1,10.1,10.1,10.1,0,0
2011-06-27,10.04,10.04,10.04,10.04,0,0
2011-06-28,10.09,10.09,10.09,10.09,0,0
2011-06-29,10.21,10.21,10.21,10.21,0,0
2011-06-30,10.27,10.27,10.27,10.27,0,0
2011-07-01,10.34,10.34,10.34,10.34,0,0
2011-07-04,10.38,10.38,10.38,10.38,0,0
2011-07-05,10.47,10.47,10.47,10.47,0,0
2011-07-06,10.5,10.5,10.5,10.5,0,0
2011-07-07,10.55,10.55,10.55,10.55,0,0
2011-07-08,10.6,10.6,10.6,10.6,0,0
2011-07-11,10.54,10.54,10.54,10.54,0,0
2011-07-12,10.46,10.46,10.46,10.46,0,0
2011-07-13,10.46,10.46,10.46,10.46,0,0
2011-07-14,10.39,10.39,10.39,10.39,0,0
2011-07-15,10.36,10.36,10.36,10.36,0,0
2011-07-18,10.25,10.25,10.25,10.25,0,0
2011-07-19,10.34,10.34,10.34,10.34,0,0
2011-07-20,10.34,10.34,10.34,10.34,0,0
2011-07-21,10.32,10.32,10.32,10.32,0,0
2011-07-22,10.41,10.41,10.41,10.41,0,0
2011-07-25,10.36,10.36,10.36,10.36,0,0
2011-07-26,10.3,10.3,10.3,10.3,0,0
2011-07-27,10.23,10.23,10.23,10.23,0,0
2011-07-28,10.22,10.22,10.22,10.22,0,0
2011-07-29,10.11,10.11,10.11,10.11,0,0
2011-08-01,10.18,10.18,10.18,10.18,0,0
2011-08-02,9.91,9.91,9.91,9.91,0,0
2011-08-03,9.8,9.8,9.8,9.8,0,0
2011-08-04,9.19,9.19,9.19,9.19,0,0
2011-08-05,9.11,9.11,9.11,9.11,0,0
2011-08-08,8.55,8.55,8.55,8.55,0,0
2011-08-09,8.97,8.97,8.97,8.97,0,0
2011-08-10,8.71,8.71,8.71,8.71,0,0
2011-08-11,9,9,9,9,0,0
2011-08-12,9.13,9.13,9.13,9.13,0,0
2011-08-15,9.19,9.19,9.19,9.19,0,0
2011-08-16,9.12,9.12,9.12,9.12,0,0
2011-08-17,9.11,9.11,9.11,9.11,0,0
2011-08-18,8.71,8.71,8.71,8.71,0,0
2011-08-19,8.55,8.55,8.55,8.55,0,0
2011-08-22,8.57,8.57,8.57,8.57,0,0
2011-08-23,8.81,8.81,8.81,8.81,0,0
2011-08-24,8.87,8.87,8.87,8.87,0,0
2011-08-25,8.76,8.76,8.76,8.76,0,0
2011-08-26,8.82,8.82,8.82,8.82,0,0
2011-08-29,9.02,9.02,9.02,9.02,0,0
2011-08-30,9.1,9.1,9.1,9.1,0,0
2011-08-31,9.32,9.32,9.32,9.32,0,0
2011-09-01,9.37,9.37,9.37,9.37,0,0
2011-09-02,9.2,9.2,9.2,9.2,0,0
2011-09-05,8.96,8.96,8.96,8.96,0,0
2011-09-06,8.99,8.99,8.99,8.99,0,0
2011-09-07,9.24,9.24,9.24,9.24,0,0
2011-09-08,9.29,9.29,9.29,9.29,0,0
2011-09-09,9.18,9.18,9.18,9.18,0,0
2011-09-12,9.08,9.08,9.08,9.08,0,0
2011-09-13,9.12,9.12,9.12,9.12,0,0
2011-09-14,9.13,9.13,9.13,9.13,0,0
2011-09-15,9.21,9.21,9.21,9.21,0,0
2011-09-16,9.32,9.32,9.32,9.32,0,0
2011-09-19,9.21,9.21,9.21,9.21,0,0
2011-09-20,9.23,9.23,9.23,9.23,0,0
2011-09-21,9.13,9.13,9.13,9.13,0,0
2011-09-22,8.84,8.84,8.84,8.84,0,0
2011-09-23,8.86,8.86,8.86,8.86,0,0
2011-09-26,8.97,8.97,8.97,8.97,0,0
2011-09-27,9.16,9.16,9.16,9.16,0,0
2011-09-28,8.96,8.96,8.96,8.96,0,0
2011-09-29,8.99,8.99,8.99,8.99,0,0
2011-09-30,8.81,8.81,8.81,8.81,0,0
2011-10-03,8.72,8.72,8.72,8.72,0,0
2011-10-04,8.64,8.64,8.64,8.64,0,0
2011-10-05,8.78,8.78,8.78,8.78,0,0
2011-10-06,8.96,8.96,8.96,8.96,0,0
2011-10-07,8.97,8.97,8.97,8.97,0,0
2011-10-10,9.14,9.14,9.14,9.14,0,0
2011-10-11,9.15,9.15,9.15,9.15,0,0
2011-10-12,9.21,9.21,9.21,9.21,0,0
2011-10-13,9.2,9.2,9.2,9.2,0,0
2011-10-14,9.29,9.29,9.29,9.29,0,0
2011-10-17,9.25,9.25,9.25,9.25,0,0
2011-10-18,9.28,9.28,9.28,9.28,0,0
2011-10-19,9.13,9.13,9.13,9.13,0,0
2011-10-20,9.09,9.09,9.09,9.09,0,0
2011-10-21,9.22,9.22,9.22,9.22,0,0
2011-10-24,9.43,9.43,9.43,9.43,0,0
2011-10-25,9.32,9.32,9.32,9.32,0,0
2011-10-26,9.3,9.3,9.3,9.3,0,0
2011-10-27,9.55,9.55,9.55,9.55,0,0
2011-10-28,9.61,9.61,9.61,9.61,0,0
2011-10-31,9.48,9.48,9.48,9.48,0,0
2011-11-01,9.23,9.23,9.23,9.23,0,0
2011-11-02,9.33,9.33,9.33,9.33,0,0
2011-11-03,9.48,9.48,9.48,9.48,0,0
2011-11-04,9.52,9.52,9.52,9.52,0,0
2011-11-07,9.47,9.47,9.47,9.47,0,0
2011-11-08,9.57,9.57,9.57,9.57,0,0
2011-11-09,9.36,9.36,9.36,9.36,0,0
2011-11-10,9.28,9.28,9.28,9.28,0,0
2011-11-11,9.4,9.4,9.4,9.4,0,0
2011-11-14,9.44,9.44,9.44,9.44,0,0
2011-11-15,9.5,9.5,9.5,9.5,0,0
2011-11-16,9.46,9.46,9.46,9.46,0,0
2011-11-17,9.35,9.35,9.35,9.35,0,0
2011-11-18,9.19,9.19,9.19,9.19,0,0
2011-11-21,8.96,8.96,8.96,8.96,0,0
2011-11-22,8.98,8.98,8.98,8.98,0,0
2011-11-23,8.87,8.87,8.87,8.87,0,0
2011-11-24,8.84,8.84,8.84,8.84,0,0
2011-11-25,8.84,8.84,8.84,8.84,0,0
2011-11-28,9.12,9.12,9.12,9.12,0,0
2011-11-29,9.19,9.19,9.19,9.19,0,0
2011-11-30,9.5,9.5,9.5,9.5,0,0
2011-12-01,9.47,9.47,9.47,9.47,0,0
2011-12-02,9.53,9.53,9.53,9.53,0,0
2011-12-05,9.62,9.62,9.62,9.62,0,0
2011-12-06,9.57,9.57,9.57,9.57,0,0
2011-12-07,9.55,9.55,9.55,9.55,0,0
2011-12-08,9.4,9.4,9.4,9.4,0,0
2011-12-09,9.45,9.45,9.45,9.45,0,0
2011-12-12,9.4,9.4,9.4,9.4,0,0
2011-12-13,9.41,9.41,9.41,9.41,0,0
2011-12-14,9.3,9.3,9.3,9.3,0,0
2011-12-15,9.29,9.29,9.29,9.29,0,0
2011-12-16,9.31,9.31,9.31,9.31,0,0
2011-12-19,9.22,9.22,9.22,9.22,0,0
2011-12-20,9.46,9.46,9.46,9.46,0,0
2011-12-21,9.42,9.42,9.42,9.42,0,0
2011-12-22,9.46,9.46,9.46,9.46,0,0
2011-12-23,9.55,9.55,9.55,9.55,0,0
2011-12-27,9.52,9.52,9.52,9.52,0,0
2011-12-28,9.52,9.52,9.52,9.52,0,0
2011-12-29,9.56,9.56,9.56,9.56,0,0
2011-12-30,9.57,9.57,9.57,9.57,0,0
2012-01-02,9.59,9.59,9.59,9.59,0,0
2012-01-03,9.72,9.72,9.72,9.72,0,0
2012-01-04,9.75,9.75,9.75,9.75,0,0
2012-01-05,9.8,9.8,9.8,9.8,0,0
2012-01-06,9.79,9.79,9.79,9.79,0,0
2012-01-09,9.76,9.76,9.76,9.76,0,0
2012-01-10,9.91,9.91,9.91,9.91,0,0
2012-01-11,9.92,9.92,9.92,9.92,0,0
2012-01-12,9.89,9.89,9.89,9.89,0,0
2012-01-13,9.96,9.96,9.96,9.96,0,0
2012-01-16,9.97,9.97,9.97,9.97,0,0
2012-01-17,10.03,10.03,10.03,10.03,0,0
2012-01-18,10.11,10.11,10.11,10.11,0,0
2012-01-19,10.2,10.2,10.2,10.2,0,0
2012-01-20,10.23,10.23,10.23,10.23,0,0
2012-01-23,10.19,10.19,10.19,10.19,0,0
2012-01-24,10.19,10.19,10.19,10.19,0,0
2012-01-25,10.23,10.23,10.23,10.23,0,0
2012-01-26,10.29,10.29,10.29,10.29,0,0
2012-01-27,10.25,10.25,10.25,10.25,0,0
2012-01-30,10.21,10.21,10.21,10.21,0,0
2012-01-31,10.27,10.27,10.27,10.27,0,0
2012-02-01,10.33,10.33,10.33,10.33,0,0
2012-02-02,10.39,10.39,10.39,10.39,0,0
2012-02-03,10.53,10.53,10.53,10.53,0,0
2012-02-06,10.5,10.5,10.5,10.5,0,0
2012-02-07,10.44,10.44,10.44,10.44,0,0
2012-02-08,10.46,10.46,10.46,10.46,0,0
2012-02-09,10.49,10.49,10.49,10.49,0,0
2012-02-10,10.47,10.47,10.47,10.47,0,0
2012-02-13,10.55,10.55,10.55,10.55,0,0
2012-02-14,10.61,10.61,10.61,10.61,0,0
2012-02-15,10.69,10.69,10.69,10.69,0,0
2012-02-16,10.62,10.62,10.62,10.62,0,0
2012-02-17,10.65,10.65,10.65,10.65,0,0
2012-02-20,10.66,10.66,10.66,10.66,0,0
2012-02-21,10.66,10.66,10.66,10.66,0,0
2012-02-22,10.63,10.63,10.63,10.63,0,0
2012-02-23,10.61,10.61,10.61,10.61,0,0
2012-02-24,10.58,10.58,10.58,10.58,0,0
2012-02-27,10.58,10.58,10.58,10.58,0,0
2012-02-28,10.62,10.62,10.62,10.62,0,0
2012-02-29,10.66,10.66,10.66,10.66,0,0
2012-03-01,10.71,10.71,10.71,10.71,0,0
2012-03-02,10.74,10.74,10.74,10.74,0,0
2012-03-05,10.65,10.65,10.65,10.65,0,0
2012-03-06,10.48,10.48,10.48,10.48,0,0
2012-03-07,10.56,10.56,10.56,10.56,0,0
2012-03-08,10.68,10.68,10.68,10.68,0,0
2012-03-09,10.78,10.78,10.78,10.78,0,0
2012-03-12,10.73,10.73,10.73,10.73,0,0
2012-03-13,10.92,10.92,10.92,10.92,0,0
2012-03-14,10.97,10.97,10.97,10.97,0,0
2012-03-15,11.01,11.01,11.01,11.01,0,0
2012-03-16,11,11,11,11,0,0
2012-03-19,10.99,10.99,10.99,10.99,0,0
2012-03-20,10.91,10.91,10.91,10.91,0,0
2012-03-21,10.93,10.93,10.93,10.93,0,0
2012-03-22,10.88,10.88,10.88,10.88,0,0
2012-03-23,10.91,10.91,10.91,10.91,0,0
2012-03-26,10.98,10.98,10.98,10.98,0,0
2012-03-27,11.01,11.01,11.01,11.01,0,0
2012-03-28,10.96,10.96,10.96,10.96,0,0
2012-03-29,10.93,10.93,10.93,10.93,0,0
2012-03-30,10.97,10.97,10.97,10.97,0,0
2012-04-02,11.07,11.07,11.07,11.07,0,0
2012-04-03,11.16,11.16,11.16,11.16,0,0
2012-04-04,11.03,11.03,11.03,11.03,0,0
2012-04-05,11.1,11.1,11.1,11.1,0,0
2012-04-09,11.01,11.01,11.01,11.01,0,0
2012-04-10,10.82,10.82,10.82,10.82,0,0
2012-04-11,10.83,10.83,10.83,10.83,0,0
2012-04-12,10.97,10.97,10.97,10.97,0,0
2012-04-13,10.93,10.93,10.93,10.93,0,0
2012-04-16,10.91,10.91,10.91,10.91,0,0
2012-04-17,11.06,11.06,11.06,11.06,0,0
2012-04-18,11.03,11.03,11.03,11.03,0,0
2012-04-19,11,11,11,11,0,0
2012-04-20,10.96,10.96,10.96,10.96,0,0
2012-04-23,10.77,10.77,10.77,10.77,0,0
2012-04-24,10.75,10.75,10.75,10.75,0,0
2012-04-25,10.87,10.87,10.87,10.87,0,0
2012-04-26,10.87,10.87,10.87,10.87,0,0
2012-04-27,10.93,10.93,10.93,10.93,0,0
2012-04-30,10.92,10.92,10.92,10.92,0,0
2012-05-01,10.93,10.93,10.93,10.93,0,0
2012-05-02,11,11,11,11,0,0
2012-05-03,10.94,10.94,10.94,10.94,0,0
2012-05-04,10.79,10.79,10.79,10.79,0,0
2012-05-07,10.76,10.76,10.76,10.76,0,0
2012-05-08,10.69,10.69,10.69,10.69,0,0
2012-05-09,10.66,10.66,10.66,10.66,0,0
2012-05-10,10.65,10.65,10.65,10.65,0,0
2012-05-11,10.67,10.67,10.67,10.67,0,0
2012-05-14,10.56,10.56,10.56,10.56,0,0
2012-05-15,10.58,10.58,10.58,10.58,0,0
2012-05-16,10.48,10.48,10.48,10.48,0,0
2012-05-17,10.39,10.39,10.39,10.39,0,0
2012-05-18,10.19,10.19,10.19,10.19,0,0
2012-05-21,10.35,10.35,10.35,10.35,0,0
2012-05-22,10.51,10.51,10.51,10.51,0,0
2012-05-23,10.49,10.49,10.49,10.49,0,0
2012-05-24,10.51,10.51,10.51,10.51,0,0
2012-05-25,10.55,10.55,10.55,10.55,0,0
2012-05-29,10.71,10.71,10.71,10.71,0,0
2012-05-30,10.59,10.59,10.59,10.59,0,0
2012-05-31,10.52,10.52,10.52,10.52,0,0
2012-06-01,10.26,10.26,10.26,10.26,0,0
2012-06-04,10.17,10.17,10.17,10.17,0,0
2012-06-05,10.28,10.28,10.28,10.28,0,0
2012-06-06,10.46,10.46,10.46,10.46,0,0
2012-06-07,10.55,10.55,10.55,10.55,0,0
2012-06-08,10.54,10.54,10.54,10.54,0,0
2012-06-11,10.55,10.55,10.55,10.55,0,0
2012-06-12,10.58,10.58,10.58,10.58,0,0
2012-06-13,10.52,10.52,10.52,10.52,0,0
2012-06-14,10.47,10.47,10.47,10.47,0,0
2012-06-15,10.55,10.55,10.55,10.55,0,0
2012-06-18,10.67,10.67,10.67,10.67,0,0
2012-06-19,10.73,10.73,10.73,10.73,0,0
2012-06-20,10.72,10.72,10.72,10.72,0,0
2012-06-21,10.62,10.62,10.62,10.62,0,0
2012-06-22,10.59,10.59,10.59,10.59,0,0
2012-06-25,10.49,10.49,10.49,10.49,0,0
2012-06-26,10.53,10.53,10.53,10.53,0,0
2012-06-27,10.62,10.62,10.62,10.62,0,0
2012-06-28,10.56,10.56,10.56,10.56,0,0
2012-06-29,10.75,10.75,10.75,10.75,0,0
2012-07-02,10.85,10.85,10.85,10.85,0,0
2012-07-03,10.97,10.97,10.97,10.97,0,0
2012-07-04,11.01,11.01,11.01,11.01,0,0
2012-07-05,11.1,11.1,11.1,11.1,0,0
2012-07-06,10.95,10.95,10.95,10.95,0,0
2012-07-09,10.83,10.83,10.83,10.83,0,0
2012-07-10,10.85,10.85,10.85,10.85,0,0
2012-07-11,10.86,10.86,10.86,10.86,0,0
2012-07-12,10.81,10.81,10.81,10.81,0,0
2012-07-13,10.91,10.91,10.91,10.91,0,0
2012-07-16,10.85,10.85,10.85,10.85,0,0
2012-07-17,10.91,10.91,10.91,10.91,0,0
2012-07-18,11.02,11.02,11.02,11.02,0,0
2012-07-19,11.16,11.16,11.16,11.16,0,0
2012-07-20,11.14,11.14,11.14,11.14,0,0
2012-07-23,10.93,10.93,10.93,10.93,0,0
2012-07-24,10.88,10.88,10.88,10.88,0,0
2012-07-25,10.83,10.83,10.83,10.83,0,0
2012-07-26,10.98,10.98,10.98,10.98,0,0
2012-07-27,11.21,11.21,11.21,11.21,0,0
2012-07-30,11.25,11.25,11.25,11.25,0,0
2012-07-31,11.17,11.17,11.17,11.17,0,0
2012-08-01,11.17,11.17,11.17,11.17,0,0
2012-08-02,11.12,11.12,11.12,11.12,0,0
2012-08-03,11.26,11.26,11.26,11.26,0,0
2012-08-06,11.33,11.33,11.33,11.33,0,0
2012-08-07,11.36,11.36,11.36,11.36,0,0
2012-08-08,11.32,11.32,11.32,11.32,0,0
2012-08-09,11.4,11.4,11.4,11.4,0,0
2012-08-10,11.36,11.36,11.36,11.36,0,0
2012-08-13,11.28,11.28,11.28,11.28,0,0
2012-08-14,11.33,11.33,11.33,11.33,0,0
2012-08-15,11.35,11.35,11.35,11.35,0,0
2012-08-16,11.37,11.37,11.37,11.37,0,0
2012-08-17,11.42,11.42,11.42,11.42,0,0
2012-08-20,11.4,11.4,11.4,11.4,0,0
2012-08-21,11.37,11.37,11.37,11.37,0,0
2012-08-22,11.31,11.31,11.31,11.31,0,0
2012-08-23,11.22,11.22,11.22,11.22,0,0
2012-08-24,11.21,11.21,11.21,11.21,0,0
2012-08-27,11.24,11.24,11.24,11.24,0,0
2012-08-28,11.19,11.19,11.19,11.19,0,0
2012-08-29,11.24,11.24,11.24,11.24,0,0
2012-08-30,11.14,11.14,11.14,11.14,0,0
2012-08-31,11.17,11.17,11.17,11.17,0,0
2012-09-03,11.16,11.16,11.16,11.16,0,0
2012-09-04,11.09,11.09,11.09,11.09,0,0
2012-09-05,11.08,11.08,11.08,11.08,0,0
2012-09-06,11.24,11.24,11.24,11.24,0,0
2012-09-07,11.17,11.17,11.17,11.17,0,0
2012-09-10,11.13,11.13,11.13,11.13,0,0
2012-09-11,11.11,11.11,11.11,11.11,0,0
2012-09-12,11.13,11.13,11.13,11.13,0,0
2012-09-13,11.18,11.18,11.18,11.18,0,0
2012-09-14,11.22,11.22,11.22,11.22,0,0
2012-09-17,11.18,11.18,11.18,11.18,0,0
2012-09-18,11.2,11.2,11.2,11.2,0,0
2012-09-19,11.23,11.23,11.23,11.23,0,0
2012-09-20,11.25,11.25,11.25,11.25,0,0
2012-09-21,11.24,11.24,11.24,11.24,0,0
2012-09-24,11.23,11.23,11.23,11.23,0,0
2012-09-25,11.2,11.2,11.2,11.2,0,0
2012-09-26,11.14,11.14,11.14,11.14,0,0
2012-09-27,11.22,11.22,11.22,11.22,0,0
2012-09-28,11.23,11.23,11.23,11.23,0,0
2012-10-01,11.27,11.27,11.27,11.27,0,0
2012-10-02,11.21,11.21,11.21,11.21,0,0
2012-10-03,11.22,11.22,11.22,11.22,0,0
2012-10-04,11.13,11.13,11.13,11.13,0,0
2012-10-05,11.17,11.17,11.17,11.17,0,0
2012-10-08,11.15,11.15,11.15,11.15,0,0
2012-10-09,11.14,11.14,11.14,11.14,0,0
2012-10-10,11.07,11.07,11.07,11.07,0,0
2012-10-11,11.05,11.05,11.05,11.05,0,0
2012-10-12,10.99,10.99,10.99,10.99,0,0
2012-10-15,11.07,11.07,11.07,11.07,0,0
2012-10-16,11.13,11.13,11.13,11.13,0,0
2012-10-17,11.14,11.14,11.14,11.14,0,0
2012-10-18,11.15,11.15,11.15,11.15,0,0
2012-10-19,11.08,11.08,11.08,11.08,0,0
2012-10-22,11.04,11.04,11.04,11.04,0,0
2012-10-23,10.99,10.99,10.99,10.99,0,0
2012-10-24,11.02,11.02,11.02,11.02,0,0
2012-10-25,11.05,11.05,11.05,11.05,0,0
2012-10-26,11.07,11.07,11.07,11.07,0,0
2012-10-29,11.07,11.07,11.07,11.07,0,0
2012-10-30,11.07,11.07,11.07,11.07,0,0
2012-10-31,11.07,11.07,11.07,11.07,0,0
2012-11-01,11.17,11.17,11.17,11.17,0,0
2012-11-02,11.23,11.23,11.23,11.23,0,0
2012-11-05,11.23,11.23,11.23,11.23,0,0
2012-11-06,11.28,11.28,11.28,11.28,0,0
2012-11-07,11.15,11.15,11.15,11.15,0,0
2012-11-08,11.08,11.08,11.08,11.08,0,0
2012-11-09,11.12,11.12,11.12,11.12,0,0
2012-11-12,11.12,11.12,11.12,11.12,0,0
2012-11-13,11.12,11.12,11.12,11.12,0,0
2012-11-14,11,11,11,11,0,0
2012-11-15,10.87,10.87,10.87,10.87,0,0
2012-11-16,10.88,10.88,10.88,10.88,0,0
2012-11-19,11.04,11.04,11.04,11.04,0,0
2012-11-20,11.05,11.05,11.05,11.05,0,0
2012-11-21,11.04,11.04,11.04,11.04,0,0
2012-11-22,11.07,11.07,11.07,11.07,0,0
2012-11-23,11.1,11.1,11.1,11.1,0,0
2012-11-26,11.11,11.11,11.11,11.11,0,0
2012-11-27,11.16,11.16,11.16,11.16,0,0
2012-11-28,11.19,11.19,11.19,11.19,0,0
2012-11-29,11.26,11.26,11.26,11.26,0,0
2012-11-30,11.26,11.26,11.26,11.26,0,0
2012-12-03,11.2,11.2,11.2,11.2,0,0
2012-12-04,11.17,11.17,11.17,11.17,0,0
2012-12-05,11.16,11.16,11.16,11.16,0,0
2012-12-06,11.23,11.23,11.23,11.23,0,0
2012-12-07,11.26,11.26,11.26,11.26,0,0
2012-12-10,11.23,11.23,11.23,11.23,0,0
2012-12-11,11.26,11.26,11.26,11.26,0,0
2012-12-12,11.28,11.28,11.28,11.28,0,0
2012-12-13,11.24,11.24,11.24,11.24,0,0
2012-12-14,11.18,11.18,11.18,11.18,0,0
2012-12-17,11.24,11.24,11.24,11.24,0,0
2012-12-18,11.3,11.3,11.3,11.3,0,0
2012-12-19,11.33,11.33,11.33,11.33,0,0
2012-12-20,11.34,11.34,11.34,11.34,0,0
2012-12-21,11.3,11.3,11.3,11.3,0,0
2012-12-24,11.3,11.3,11.3,11.3,0,0
2012-12-26,11.24,11.24,11.24,11.24,0,0
2012-12-27,11.23,11.23,11.23,11.23,0,0
2012-12-28,11.18,11.18,11.18,11.18,0,0
2012-12-31,11.3,11.3,11.3,11.3,0,0
2013-01-02,11.54,11.54,11.54,11.54,0,0
2013-01-03,11.6,11.6,11.6,11.6,0,0
2013-01-04,11.59,11.59,11.59,11.59,0,0
2013-01-07,11.55,11.55,11.55,11.55,0,0
2013-01-08,11.57,11.57,11.57,11.57,0,0
2013-01-09,11.65,11.65,11.65,11.65,0,0
2013-01-10,11.56,11.56,11.56,11.56,0,0
2013-01-11,11.5,11.5,11.5,11.5,0,0
2013-01-14,11.39,11.39,11.39,11.39,0,0
2013-01-15,11.43,11.43,11.43,11.43,0,0
2013-01-16,11.43,11.43,11.43,11.43,0,0
2013-01-17,11.43,11.43,11.43,11.43,0,0
2013-01-18,11.5,11.5,11.5,11.5,0,0
2013-01-21,11.52,11.52,11.52,11.52,0,0
2013-01-22,11.53,11.53,11.53,11.53,0,0
2013-01-23,11.55,11.55,11.55,11.55,0,0
2013-01-24,11.49,11.49,11.49,11.49,0,0
2013-01-25,11.54,11.54,11.54,11.54,0,0
2013-01-28,11.51,11.51,11.51,11.51,0,0
2013-01-29,11.49,11.49,11.49,11.49,0,0
2013-01-30,11.32,11.32,11.32,11.32,0,0
2013-01-31,11.24,11.24,11.24,11.24,0,0
2013-02-01,11.27,11.27,11.27,11.27,0,0
2013-02-04,11.29,11.29,11.29,11.29,0,0
2013-02-05,11.31,11.31,11.31,11.31,0,0
2013-02-06,11.34,11.34,11.34,11.34,0,0
2013-02-07,11.38,11.38,11.38,11.38,0,0
2013-02-08,11.47,11.47,11.47,11.47,0,0
2013-02-11,11.37,11.37,11.37,11.37,0,0
2013-02-12,11.36,11.36,11.36,11.36,0,0
2013-02-13,11.42,11.42,11.42,11.42,0,0
2013-02-14,11.5,11.5,11.5,11.5,0,0
2013-02-15,11.5,11.5,11.5,11.5,0,0
2013-02-18,11.46,11.46,11.46,11.46,0,0
2013-02-19,11.52,11.52,11.52,11.52,0,0
2013-02-20,11.55,11.55,11.55,11.55,0,0
2013-02-21,11.46,11.46,11.46,11.46,0,0
2013-02-22,11.58,11.58,11.58,11.58,0,0
2013-02-25,11.47,11.47,11.47,11.47,0,0
2013-02-26,11.53,11.53,11.53,11.53,0,0
2013-02-27,11.56,11.56,11.56,11.56,0,0
2013-02-28,11.65,11.65,11.65,11.65,0,0
2013-03-01,11.68,11.68,11.68,11.68,0,0
2013-03-04,11.71,11.71,11.71,11.71,0,0
2013-03-05,11.8,11.8,11.8,11.8,0,0
2013-03-06,11.85,11.85,11.85,11.85,0,0
2013-03-07,11.8,11.8,11.8,11.8,0,0
2013-03-08,11.89,11.89,11.89,11.89,0,0
2013-03-11,11.92,11.92,11.92,11.92,0,0
2013-03-12,11.9,11.9,11.9,11.9,0,0
2013-03-13,11.95,11.95,11.95,11.95,0,0
2013-03-14,11.94,11.94,11.94,11.94,0,0
2013-03-18,11.93,11.93,11.93,11.93,0,0
2013-03-19,11.89,11.89,11.89,11.89,0,0
2013-03-20,11.88,11.88,11.88,11.88,0,0
2013-03-21,11.85,11.85,11.85,11.85,0,0
2013-03-22,11.79,11.79,11.79,11.79,0,0
2013-03-25,11.88,11.88,11.88,11.88,0,0
2013-03-26,11.93,11.93,11.93,11.93,0,0
2013-03-27,12.03,12.03,12.03,12.03,0,0
2013-03-28,12.01,12.01,12.01,12.01,0,0
2013-04-01,11.95,11.95,11.95,11.95,0,0
2013-04-02,12.02,12.02,12.02,12.02,0,0
2013-04-03,11.92,11.92,11.92,11.92,0,0
2013-04-04,11.78,11.78,11.78,11.78,0,0
2013-04-05,11.6,11.6,11.6,11.6,0,0
2013-04-08,11.65,11.65,11.65,11.65,0,0
2013-04-09,11.61,11.61,11.61,11.61,0,0
2013-04-10,11.78,11.78,11.78,11.78,0,0
2013-04-11,11.82,11.82,11.82,11.82,0,0
2013-04-12,11.74,11.74,11.74,11.74,0,0
2013-04-15,11.54,11.54,11.54,11.54,0,0
2013-04-16,11.51,11.51,11.51,11.51,0,0
2013-04-17,11.46,11.46,11.46,11.46,0,0
2013-04-18,11.39,11.39,11.39,11.39,0,0
2013-04-19,11.45,11.45,11.45,11.45,0,0
2013-04-22,11.47,11.47,11.47,11.47,0,0
2013-04-23,11.64,11.64,11.64,11.64,0,0
2013-04-24,11.72,11.72,11.72,11.72,0,0
2013-04-25,11.8,11.8,11.8,11.8,0,0
2013-04-26,11.77,11.77,11.77,11.77,0,0
2013-04-29,11.82,11.82,11.82,11.82,0,0
2013-04-30,11.81,11.81,11.81,11.81,0,0
2013-05-01,11.75,11.75,11.75,11.75,0,0
2013-05-02,11.88,11.88,11.88,11.88,0,0
2013-05-03,11.94,11.94,11.94,11.94,0,0
2013-05-06,11.98,11.98,11.98,11.98,0,0
2013-05-07,12.06,12.06,12.06,12.06,0,0
2013-05-08,12.06,12.06,12.06,12.06,0,0
2013-05-09,12.14,12.14,12.14,12.14,0,0
2013-05-10,12.21,12.21,12.21,12.21,0,0
2013-05-13,12.21,12.21,12.21,12.21,0,0
2013-05-14,12.27,12.27,12.27,12.27,0,0
2013-05-15,12.33,12.33,12.33,12.33,0,0
2013-05-16,12.25,12.25,12.25,12.25,0,0
2013-05-17,12.26,12.26,12.26,12.26,0,0
2013-05-20,12.29,12.29,12.29,12.29,0,0
2013-05-21,12.28,12.28,12.28,12.28,0,0
2013-05-22,12.23,12.23,12.23,12.23,0,0
2013-05-23,12.07,12.07,12.07,12.07,0,0
2013-05-24,12.03,12.03,12.03,12.03,0,0
2013-05-27,12.03,12.03,12.03,12.03,0,0
2013-05-28,12.15,12.15,12.15,12.15,0,0
2013-05-29,12.01,12.01,12.01,12.01,0,0
2013-05-30,12.01,12.01,12.01,12.01,0,0
2013-05-31,11.91,11.91,11.91,11.91,0,0
2013-06-03,11.81,11.81,11.81,11.81,0,0
2013-06-04,11.75,11.75,11.75,11.75,0,0
2013-06-05,11.63,11.63,11.63,11.63,0,0
2013-06-06,11.53,11.53,11.53,11.53,0,0
2013-06-07,11.56,11.56,11.56,11.56,0,0
2013-06-10,11.56,11.56,11.56,11.56,0,0
2013-06-11,11.42,11.42,11.42,11.42,0,0
2013-06-12,11.38,11.38,11.38,11.38,0,0
2013-06-13,11.45,11.45,11.45,11.45,0,0
2013-06-14,11.44,11.44,11.44,11.44,0,0
2013-06-17,11.43,11.43,11.43,11.43,0,0
2013-06-18,11.46,11.46,11.46,11.46,0,0
2013-06-19,11.45,11.45,11.45,11.45,0,0
2013-06-20,11.18,11.18,11.18,11.18,0,0
2013-06-21,11.19,11.19,11.19,11.19,0,0
2013-06-24,11.02,11.02,11.02,11.02,0,0
2013-06-25,11.18,11.18,11.18,11.18,0,0
2013-06-26,11.33,11.33,11.33,11.33,0,0
2013-06-27,11.39,11.39,11.39,11.39,0,0
2013-06-28,11.35,11.35,11.35,11.35,0,0
2013-07-01,11.39,11.39,11.39,11.39,0,0
2013-07-02,11.45,11.45,11.45,11.45,0,0
2013-07-03,11.4,11.4,11.4,11.4,0,0
2013-07-04,11.58,11.58,11.58,11.58,0,0
2013-07-05,11.63,11.63,11.63,11.63,0,0
2013-07-08,11.67,11.67,11.67,11.67,0,0
2013-07-09,11.83,11.83,11.83,11.83,0,0
2013-07-10,11.82,11.82,11.82,11.82,0,0
2013-07-11,11.83,11.83,11.83,11.83,0,0
2013-07-12,11.93,11.93,11.93,11.93,0,0
2013-07-15,11.92,11.92,11.92,11.92,0,0
2013-07-16,11.83,11.83,11.83,11.83,0,0
2013-07-17,11.88,11.88,11.88,11.88,0,0
2013-07-18,11.93,11.93,11.93,11.93,0,0
2013-07-19,11.89,11.89,11.89,11.89,0,0
2013-07-22,11.87,11.87,11.87,11.87,0,0
2013-07-23,11.82,11.82,11.82,11.82,0,0
2013-07-24,11.79,11.79,11.79,11.79,0,0
2013-07-25,11.77,11.77,11.77,11.77,0,0
2013-07-26,11.73,11.73,11.73,11.73,0,0
2013-07-29,11.7,11.7,11.7,11.7,0,0
2013-07-30,11.72,11.72,11.72,11.72,0,0
2013-07-31,11.66,11.66,11.66,11.66,0,0
2013-08-01,11.81,11.81,11.81,11.81,0,0
2013-08-02,11.84,11.84,11.84,11.84,0,0
2013-08-05,11.88,11.88,11.88,11.88,0,0
2013-08-06,11.81,11.81,11.81,11.81,0,0
2013-08-07,11.72,11.72,11.72,11.72,0,0
2013-08-08,11.74,11.74,11.74,11.74,0,0
2013-08-09,11.78,11.78,11.78,11.78,0,0
2013-08-12,11.79,11.79,11.79,11.79,0,0
2013-08-13,11.89,11.89,11.89,11.89,0,0
2013-08-14,11.89,11.89,11.89,11.89,0,0
2013-08-15,11.71,11.71,11.71,11.71,0,0
2013-08-16,11.72,11.72,11.72,11.72,0,0
2013-08-19,11.71,11.71,11.71,11.71,0,0
2013-08-20,11.62,11.62,11.62,11.62,0,0
2013-08-21,11.63,11.63,11.63,11.63,0,0
2013-08-22,11.69,11.69,11.69,11.69,0,0
2013-08-23,11.72,11.72,11.72,11.72,0,0
2013-08-26,11.7,11.7,11.7,11.7,0,0
2013-08-27,11.48,11.48,11.48,11.48,0,0
2013-08-28,11.47,11.47,11.47,11.47,0,0
2013-08-29,11.56,11.56,11.56,11.56,0,0
2013-08-30,11.52,11.52,11.52,11.52,0,0
2013-09-02,11.65,11.65,11.65,11.65,0,0
2013-09-03,11.68,11.68,11.68,11.68,0,0
2013-09-04,11.69,11.69,11.69,11.69,0,0
2013-09-05,11.8,11.8,11.8,11.8,0,0
2013-09-06,11.79,11.79,11.79,11.79,0,0
2013-09-09,11.89,11.89,11.89,11.89,0,0
2013-09-10,11.99,11.99,11.99,11.99,0,0
2013-09-11,11.95,11.95,11.95,11.95,0,0
2013-09-12,11.97,11.97,11.97,11.97,0,0
2013-09-13,11.96,11.96,11.96,11.96,0,0
2013-09-16,12.02,12.02,12.02,12.02,0,0
2013-09-17,12.05,12.05,12.05,12.05,0,0
2013-09-18,12.12,12.12,12.12,12.12,0,0
2013-09-19,12.11,12.11,12.11,12.11,0,0
2013-09-20,12.09,12.09,12.09,12.09,0,0
2013-09-23,12.07,12.07,12.07,12.07,0,0
2013-09-24,12.07,12.07,12.07,12.07,0,0
2013-09-25,12.02,12.02,12.02,12.02,0,0
2013-09-26,12.1,12.1,12.1,12.1,0,0
2013-09-27,12.1,12.1,12.1,12.1,0,0
2013-09-30,12.02,12.02,12.02,12.02,0,0
2013-10-01,12.08,12.08,12.08,12.08,0,0
2013-10-02,12.01,12.01,12.01,12.01,0,0
2013-10-03,11.94,11.94,11.94,11.94,0,0
2013-10-04,12.01,12.01,12.01,12.01,0,0
2013-10-07,11.88,11.88,11.88,11.88,0,0
2013-10-08,11.74,11.74,11.74,11.74,0,0
2013-10-09,11.7,11.7,11.7,11.7,0,0
2013-10-10,11.95,11.95,11.95,11.95,0,0
2013-10-11,12,12,12,12,0,0
2013-10-14,11.97,11.97,11.97,11.97,0,0
2013-10-15,11.93,11.93,11.93,11.93,0,0
2013-10-16,12.01,12.01,12.01,12.01,0,0
2013-10-17,12,12,12,12,0,0
2013-10-18,12.17,12.17,12.17,12.17,0,0
2013-10-21,12.23,12.23,12.23,12.23,0,0
2013-10-22,12.21,12.21,12.21,12.21,0,0
2013-10-23,12.11,12.11,12.11,12.11,0,0
2013-10-24,12.18,12.18,12.18,12.18,0,0
2013-10-25,12.16,12.16,12.16,12.16,0,0
2013-10-28,12.16,12.16,12.16,12.16,0,0
2013-10-29,12.21,12.21,12.21,12.21,0,0
2013-10-30,12.18,12.18,12.18,12.18,0,0
2013-10-31,12.28,12.28,12.28,12.28,0,0
2013-11-01,12.29,12.29,12.29,12.29,0,0
2013-11-04,12.29,12.29,12.29,12.29,0,0
2013-11-05,12.29,12.29,12.29,12.29,0,0
2013-11-06,12.24,12.24,12.24,12.24,0,0
2013-11-07,12.2,12.2,12.2,12.2,0,0
2013-11-08,12.26,12.26,12.26,12.26,0,0
2013-11-11,12.28,12.28,12.28,12.28,0,0
2013-11-12,12.18,12.18,12.18,12.18,0,0
2013-11-13,12.21,12.21,12.21,12.21,0,0
2013-11-14,12.28,12.28,12.28,12.28,0,0
2013-11-15,12.33,12.33,12.33,12.33,0,0
2013-11-18,12.37,12.37,12.37,12.37,0,0
2013-11-19,12.29,12.29,12.29,12.29,0,0
2013-11-20,12.37,12.37,12.37,12.37,0,0
2013-11-21,12.38,12.38,12.38,12.38,0,0
2013-11-22,12.36,12.36,12.36,12.36,0,0
2013-11-25,12.39,12.39,12.39,12.39,0,0
2013-11-26,12.35,12.35,12.35,12.35,0,0
2013-11-27,12.37,12.37,12.37,12.37,0,0
2013-11-28,12.39,12.39,12.39,12.39,0,0
2013-11-29,12.41,12.41,12.41,12.41,0,0
2013-12-02,12.39,12.39,12.39,12.39,0,0
2013-12-03,12.25,12.25,12.25,12.25,0,0
2013-12-04,12.19,12.19,12.19,12.19,0,0
2013-12-05,12.11,12.11,12.11,12.11,0,0
2013-12-06,12.2,12.2,12.2,12.2,0,0
2013-12-09,12.21,12.21,12.21,12.21,0,0
2013-12-10,12.17,12.17,12.17,12.17,0,0
2013-12-11,12.05,12.05,12.05,12.05,0,0
2013-12-12,11.98,11.98,11.98,11.98,0,0
2013-12-13,12.02,12.02,12.02,12.02,0,0
2013-12-16,12.05,12.05,12.05,12.05,0,0
2013-12-17,12.03,12.03,12.03,12.03,0,0
2013-12-18,12.24,12.24,12.24,12.24,0,0
2013-12-19,12.28,12.28,12.28,12.28,0,0
2013-12-20,12.38,12.38,12.38,12.38,0,0
2013-12-23,12.47,12.47,12.47,12.47,0,0
2013-12-24,12.51,12.51,12.51,12.51,0,0
2013-12-26,12.53,12.53,12.53,12.53,0,0
2013-12-27,12.52,12.52,12.52,12.52,0,0
2013-12-30,12.51,12.51,12.51,12.51,0,0
2013-12-31,12.6,12.6,12.6,12.6,0,0
2014-01-02,12.55,12.55,12.55,12.55,0,0
2014-01-03,12.61,12.61,12.61,12.61,0,0
2014-01-06,12.51,12.51,12.51,12.51,0,0
2014-01-07,12.51,12.51,12.51,12.51,0,0
2014-01-08,12.56,12.56,12.56,12.56,0,0
2014-01-09,12.48,12.48,12.48,12.48,0,0
2014-01-10,12.48,12.48,12.48,12.48,0,0
2014-01-13,12.35,12.35,12.35,12.35,0,0
2014-01-14,12.44,12.44,12.44,12.44,0,0
2014-01-15,12.5,12.5,12.5,12.5,0,0
2014-01-16,12.48,12.48,12.48,12.48,0,0
2014-01-17,12.5,12.5,12.5,12.5,0,0
2014-01-20,12.49,12.49,12.49,12.49,0,0
2014-01-21,12.55,12.55,12.55,12.55,0,0
2014-01-22,12.62,12.62,12.62,12.62,0,0
2014-01-23,12.39,12.39,12.39,12.39,0,0
2014-01-24,12.11,12.11,12.11,12.11,0,0
2014-01-27,11.99,11.99,11.99,11.99,0,0
2014-01-28,12.08,12.08,12.08,12.08,0,0
2014-01-29,12.01,12.01,12.01,12.01,0,0
2014-01-30,12.19,12.19,12.19,12.19,0,0
2014-01-31,12.13,12.13,12.13,12.13,0,0
2014-02-03,11.87,11.87,11.87,11.87,0,0
2014-02-04,11.93,11.93,11.93,11.93,0,0
2014-02-05,11.9,11.9,11.9,11.9,0,0
2014-02-06,11.99,11.99,11.99,11.99,0,0
2014-02-07,12.15,12.15,12.15,12.15,0,0
2014-02-10,12.19,12.19,12.19,12.19,0,0
2014-02-11,12.3,12.3,12.3,12.3,0,0
2014-02-12,12.38,12.38,12.38,12.38,0,0
2014-02-13,12.35,12.35,12.35,12.35,0,0
2014-02-14,12.38,12.38,12.38,12.38,0,0
2014-02-17,12.41,12.41,12.41,12.41,0,0
2014-02-18,12.4,12.4,12.4,12.4,0,0
2014-02-19,12.36,12.36,12.36,12.36,0,0
2014-02-20,12.42,12.42,12.42,12.42,0,0
2014-02-21,12.37,12.37,12.37,12.37,0,0
2014-02-24,12.47,12.47,12.47,12.47,0,0
2014-02-25,12.45,12.45,12.45,12.45,0,0
2014-02-26,12.48,12.48,12.48,12.48,0,0
2014-02-27,12.46,12.46,12.46,12.46,0,0
2014-02-28,12.42,12.42,12.42,12.42,0,0
2014-03-03,12.32,12.32,12.32,12.32,0,0
2014-03-04,12.53,12.53,12.53,12.53,0,0
2014-03-05,12.52,12.52,12.52,12.52,0,0
2014-03-06,12.48,12.48,12.48,12.48,0,0
2014-03-07,12.42,12.42,12.42,12.42,0,0
2014-03-10,12.38,12.38,12.38,12.38,0,0
2014-03-11,12.37,12.37,12.37,12.37,0,0
2014-03-12,12.29,12.29,12.29,12.29,0,0
2014-03-13,12.17,12.17,12.17,12.17,0,0
2014-03-14,12.11,12.11,12.11,12.11,0,0
2014-03-17,12.19,12.19,12.19,12.19,0,0
2014-03-18,12.29,12.29,12.29,12.29,0,0
2014-03-19,12.29,12.29,12.29,12.29,0,0
2014-03-20,12.33,12.33,12.33,12.33,0,0
2014-03-21,12.29,12.29,12.29,12.29,0,0
2014-03-24,12.14,12.14,12.14,12.14,0,0
2014-03-25,12.2,12.2,12.2,12.2,0,0
2014-03-26,12.25,12.25,12.25,12.25,0,0
2014-03-27,12.28,12.28,12.28,12.28,0,0
2014-03-28,12.31,12.31,12.31,12.31,0,0
2014-03-31,12.36,12.36,12.36,12.36,0,0
2014-04-01,12.45,12.45,12.45,12.45,0,0
2014-04-02,12.51,12.51,12.51,12.51,0,0
2014-04-03,12.5,12.5,12.5,12.5,0,0
2014-04-04,12.37,12.37,12.37,12.37,0,0
2014-04-07,12.14,12.14,12.14,12.14,0,0
2014-04-08,12.18,12.18,12.18,12.18,0,0
2014-04-09,12.3,12.3,12.3,12.3,0,0
2014-04-10,12.03,12.03,12.03,12.03,0,0
2014-04-11,11.88,11.88,11.88,11.88,0,0
2014-04-14,11.97,11.97,11.97,11.97,0,0
2014-04-15,11.97,11.97,11.97,11.97,0,0
2014-04-16,12.13,12.13,12.13,12.13,0,0
2014-04-17,12.13,12.13,12.13,12.13,0,0
2014-04-21,12.17,12.17,12.17,12.17,0,0
2014-04-22,12.23,12.23,12.23,12.23,0,0
2014-04-23,12.17,12.17,12.17,12.17,0,0
2014-04-24,12.19,12.19,12.19,12.19,0,0
2014-04-25,12.01,12.01,12.01,12.01,0,0
2014-04-28,11.94,11.94,11.94,11.94,0,0
2014-04-29,11.98,11.98,11.98,11.98,0,0
2014-04-30,12.06,12.06,12.06,12.06,0,0
2014-05-01,12.15,12.15,12.15,12.15,0,0
2014-05-02,12.14,12.14,12.14,12.14,0,0
2014-05-05,12.16,12.16,12.16,12.16,0,0
2014-05-06,11.97,11.97,11.97,11.97,0,0
2014-05-07,11.92,11.92,11.92,11.92,0,0
2014-05-08,11.98,11.98,11.98,11.98,0,0
2014-05-09,12.09,12.09,12.09,12.09,0,0
2014-05-12,12.22,12.22,12.22,12.22,0,0
2014-05-13,12.25,12.25,12.25,12.25,0,0
2014-05-14,12.21,12.21,12.21,12.21,0,0
2014-05-15,12.1,12.1,12.1,12.1,0,0
2014-05-16,12.14,12.14,12.14,12.14,0,0
2014-05-19,12.18,12.18,12.18,12.18,0,0
2014-05-20,12.11,12.11,12.11,12.11,0,0
2014-05-21,12.2,12.2,12.2,12.2,0,0
2014-05-22,12.33,12.33,12.33,12.33,0,0
2014-05-23,12.4,12.4,12.4,12.4,0,0
2014-05-26,12.41,12.41,12.41,12.41,0,0
2014-05-27,12.55,12.55,12.55,12.55,0,0
2014-05-28,12.57,12.57,12.57,12.57,0,0
2014-05-29,12.66,12.66,12.66,12.66,0,0
2014-05-30,12.6,12.6,12.6,12.6,0,0
2014-06-02,12.65,12.65,12.65,12.65,0,0
2014-06-03,12.63,12.63,12.63,12.63,0,0
2014-06-04,12.67,12.67,12.67,12.67,0,0
2014-06-05,12.72,12.72,12.72,12.72,0,0
2014-06-06,12.82,12.82,12.82,12.82,0,0
2014-06-09,12.88,12.88,12.88,12.88,0,0
2014-06-10,12.88,12.88,12.88,12.88,0,0
2014-06-11,12.85,12.85,12.85,12.85,0,0
2014-06-12,12.8,12.8,12.8,12.8,0,0
2014-06-13,12.78,12.78,12.78,12.78,0,0
2014-06-16,12.78,12.78,12.78,12.78,0,0
2014-06-17,12.84,12.84,12.84,12.84,0,0
2014-06-18,12.87,12.87,12.87,12.87,0,0
2014-06-19,12.86,12.86,12.86,12.86,0,0
2014-06-20,12.88,12.88,12.88,12.88,0,0
2014-06-23,12.87,12.87,12.87,12.87,0,0
2014-06-24,12.81,12.81,12.81,12.81,0,0
2014-06-25,12.79,12.79,12.79,12.79,0,0
2014-06-26,12.8,12.8,12.8,12.8,0,0
2014-06-27,12.81,12.81,12.81,12.81,0,0
2014-06-30,12.79,12.79,12.79,12.79,0,0
2014-07-01,12.92,12.92,12.92,12.92,0,0
2014-07-02,12.94,12.94,12.94,12.94,0,0
2014-07-03,13.08,13.08,13.08,13.08,0,0
2014-07-04,13.11,13.11,13.11,13.11,0,0
2014-07-07,13.01,13.01,13.01,13.01,0,0
2014-07-08,12.87,12.87,12.87,12.87,0,0
2014-07-09,12.87,12.87,12.87,12.87,0,0
2014-07-10,12.82,12.82,12.82,12.82,0,0
2014-07-11,12.86,12.86,12.86,12.86,0,0
2014-07-14,12.95,12.95,12.95,12.95,0,0
2014-07-15,12.93,12.93,12.93,12.93,0,0
2014-07-16,13.03,13.03,13.03,13.03,0,0
2014-07-17,12.93,12.93,12.93,12.93,0,0
2014-07-18,12.99,12.99,12.99,12.99,0,0
2014-07-21,12.97,12.97,12.97,12.97,0,0
2014-07-22,13.14,13.14,13.14,13.14,0,0
2014-07-23,13.17,13.17,13.17,13.17,0,0
2014-07-24,13.22,13.22,13.22,13.22,0,0
2014-07-25,13.15,13.15,13.15,13.15,0,0
2014-07-28,13.12,13.12,13.12,13.12,0,0
2014-07-29,13.11,13.11,13.11,13.11,0,0
2014-07-30,13.15,13.15,13.15,13.15,0,0
2014-07-31,12.99,12.99,12.99,12.99,0,0
2014-08-01,12.87,12.87,12.87,12.87,0,0
2014-08-04,12.87,12.87,12.87,12.87,0,0
2014-08-05,12.89,12.89,12.89,12.89,0,0
2014-08-06,12.9,12.9,12.9,12.9,0,0
2014-08-07,12.83,12.83,12.83,12.83,0,0
2014-08-08,12.89,12.89,12.89,12.89,0,0
2014-08-11,13.01,13.01,13.01,13.01,0,0
2014-08-12,12.99,12.99,12.99,12.99,0,0
2014-08-13,13.08,13.08,13.08,13.08,0,0
2014-08-14,13.13,13.13,13.13,13.13,0,0
2014-08-15,13.1,13.1,13.1,13.1,0,0
2014-08-18,13.27,13.27,13.27,13.27,0,0
2014-08-19,13.35,13.35,13.35,13.35,0,0
2014-08-20,13.4,13.4,13.4,13.4,0,0
2014-08-21,13.4,13.4,13.4,13.4,0,0
2014-08-22,13.43,13.43,13.43,13.43,0,0
2014-08-25,13.53,13.53,13.53,13.53,0,0
2014-08-26,13.6,13.6,13.6,13.6,0,0
2014-08-27,13.61,13.61,13.61,13.61,0,0
2014-08-28,13.58,13.58,13.58,13.58,0,0
2014-08-29,13.65,13.65,13.65,13.65,0,0
2014-09-01,13.67,13.67,13.67,13.67,0,0
2014-09-02,13.72,13.72,13.72,13.72,0,0
2014-09-03,13.68,13.68,13.68,13.68,0,0
2014-09-04,13.81,13.81,13.81,13.81,0,0
2014-09-05,13.78,13.78,13.78,13.78,0,0
2014-09-08,13.78,13.78,13.78,13.78,0,0
2014-09-09,13.67,13.67,13.67,13.67,0,0
2014-09-10,13.73,13.73,13.73,13.73,0,0
2014-09-11,13.72,13.72,13.72,13.72,0,0
2014-09-12,13.67,13.67,13.67,13.67,0,0
2014-09-15,13.61,13.61,13.61,13.61,0,0
2014-09-16,13.62,13.62,13.62,13.62,0,0
2014-09-17,13.7,13.7,13.7,13.7,0,0
2014-09-18,13.78,13.78,13.78,13.78,0,0
2014-09-19,13.81,13.81,13.81,13.81,0,0
2014-09-22,13.64,13.64,13.64,13.64,0,0
2014-09-23,13.54,13.54,13.54,13.54,0,0
2014-09-24,13.64,13.64,13.64,13.64,0,0
2014-09-25,13.48,13.48,13.48,13.48,0,0
2014-09-26,13.62,13.62,13.62,13.62,0,0
2014-09-29,13.59,13.59,13.59,13.59,0,0
2014-09-30,13.59,13.59,13.59,13.59,0,0
2014-10-01,13.42,13.42,13.42,13.42,0,0
2014-10-03,13.5,13.5,13.5,13.5,0,0
2014-10-06,13.38,13.38,13.38,13.38,0,0
2014-10-07,13.19,13.19,13.19,13.19,0,0
2014-10-08,13.29,13.29,13.29,13.29,0,0
2014-10-09,13.07,13.07,13.07,13.07,0,0
2014-10-10,12.94,12.94,12.94,12.94,0,0
2014-10-13,12.76,12.76,12.76,12.76,0,0
2014-10-14,12.84,12.84,12.84,12.84,0,0
2014-10-15,12.66,12.66,12.66,12.66,0,0
2014-10-16,12.71,12.71,12.71,12.71,0,0
2014-10-17,12.86,12.86,12.86,12.86,0,0
2014-10-20,12.87,12.87,12.87,12.87,0,0
2014-10-21,13.15,13.15,13.15,13.15,0,0
2014-10-22,13.11,13.11,13.11,13.11,0,0
2014-10-23,13.28,13.28,13.28,13.28,0,0
2014-10-24,13.33,13.33,13.33,13.33,0,0
2014-10-27,13.28,13.28,13.28,13.28,0,0
2014-10-28,13.44,13.44,13.44,13.44,0,0
2014-10-29,13.51,13.51,13.51,13.51,0,0
2014-10-30,13.68,13.68,13.68,13.68,0,0
2014-10-31,13.98,13.98,13.98,13.98,0,0
2014-11-03,13.97,13.97,13.97,13.97,0,0
2014-11-04,13.85,13.85,13.85,13.85,0,0
2014-11-05,14.01,14.01,14.01,14.01,0,0
2014-11-06,14.17,14.17,14.17,14.17,0,0
2014-11-07,14.09,14.09,14.09,14.09,0,0
2014-11-10,14.18,14.18,14.18,14.18,0,0
2014-11-11,14.17,14.17,14.17,14.17,0,0
2014-11-12,14.18,14.18,14.18,14.18,0,0
2014-11-13,14.16,14.16,14.16,14.16,0,0
2014-11-14,14.12,14.12,14.12,14.12,0,0
2014-11-17,14.14,14.14,14.14,14.14,0,0
2014-11-18,14.14,14.14,14.14,14.14,0,0
2014-11-19,14.12,14.12,14.12,14.12,0,0
2014-11-20,14.15,14.15,14.15,14.15,0,0
2014-11-21,14.39,14.39,14.39,14.39,0,0
2014-11-24,14.38,14.38,14.38,14.38,0,0
2014-11-25,14.31,14.31,14.31,14.31,0,0
2014-11-26,14.3,14.3,14.3,14.3,0,0
2014-11-27,14.36,14.36,14.36,14.36,0,0
2014-11-28,14.32,14.32,14.32,14.32,0,0
2014-12-01,14.21,14.21,14.21,14.21,0,0
2014-12-02,14.31,14.31,14.31,14.31,0,0
2014-12-03,14.44,14.44,14.44,14.44,0,0
2014-12-04,14.34,14.34,14.34,14.34,0,0
2014-12-05,14.45,14.45,14.45,14.45,0,0
2014-12-08,14.37,14.37,14.37,14.37,0,0
2014-12-09,14.28,14.28,14.28,14.28,0,0
2014-12-10,13.99,13.99,13.99,13.99,0,0
2014-12-11,14.09,14.09,14.09,14.09,0,0
2014-12-12,13.84,13.84,13.84,13.84,0,0
2014-12-15,13.72,13.72,13.72,13.72,0,0
2014-12-16,13.65,13.65,13.65,13.65,0,0
2014-12-17,14,14,14,14,0,0
2014-12-18,14.32,14.32,14.32,14.32,0,0
2014-12-19,14.44,14.44,14.44,14.44,0,0
2014-12-22,14.54,14.54,14.54,14.54,0,0
2014-12-23,14.66,14.66,14.66,14.66,0,0
2014-12-24,14.64,14.64,14.64,14.64,0,0
2014-12-26,14.7,14.7,14.7,14.7,0,0
2014-12-29,14.77,14.77,14.77,14.77,0,0
2014-12-30,14.68,14.68,14.68,14.68,0,0
2014-12-31,14.67,14.67,14.67,14.67,0,0
2015-01-02,14.72,14.72,14.72,14.72,0,0
2015-01-05,14.55,14.55,14.55,14.55,0,0
2015-01-06,14.4,14.4,14.4,14.4,0,0
2015-01-07,14.57,14.57,14.57,14.57,0,0
2015-01-08,14.87,14.87,14.87,14.87,0,0
2015-01-09,14.64,14.64,14.64,14.64,0,0
2015-01-12,14.6,14.6,14.6,14.6,0,0
2015-01-13,14.59,14.59,14.59,14.59,0,0
2015-01-14,14.47,14.47,14.47,14.47,0,0
2015-01-15,14.68,14.68,14.68,14.68,0,0
2015-01-16,14.74,14.74,14.74,14.74,0,0
2015-01-19,14.72,14.72,14.72,14.72,0,0
2015-01-20,14.81,14.81,14.81,14.81,0,0
2015-01-21,14.87,14.87,14.87,14.87,0,0
2015-01-22,15.28,15.28,15.28,15.28,0,0
2015-01-23,15.44,15.44,15.44,15.44,0,0
2015-01-26,15.42,15.42,15.42,15.42,0,0
2015-01-27,15.24,15.24,15.24,15.24,0,0
2015-01-28,15.2,15.2,15.2,15.2,0,0
2015-01-29,15.22,15.22,15.22,15.22,0,0
2015-01-30,15.15,15.15,15.15,15.15,0,0
2015-02-02,15.23,15.23,15.23,15.23,0,0
2015-02-03,15.2,15.2,15.2,15.2,0,0
2015-02-04,15.36,15.36,15.36,15.36,0,0
2015-02-05,15.48,15.48,15.48,15.48,0,0
2015-02-06,15.66,15.66,15.66,15.66,0,0
2015-02-09,15.59,15.59,15.59,15.59,0,0
2015-02-10,15.71,15.71,15.71,15.71,0,0
2015-02-11,15.74,15.74,15.74,15.74,0,0
2015-02-12,15.74,15.74,15.74,15.74,0,0
2015-02-13,15.87,15.87,15.87,15.87,0,0
2015-02-16,15.91,15.91,15.91,15.91,0,0
2015-02-17,15.82,15.82,15.82,15.82,0,0
2015-02-18,15.91,15.91,15.91,15.91,0,0
2015-02-19,15.97,15.97,15.97,15.97,0,0
2015-02-20,16.04,16.04,16.04,16.04,0,0
2015-02-23,16.13,16.13,16.13,16.13,0,0
2015-02-24,16.12,16.12,16.12,16.12,0,0
2015-02-25,16.18,16.18,16.18,16.18,0,0
2015-02-26,16.36,16.36,16.36,16.36,0,0
2015-02-27,16.26,16.26,16.26,16.26,0,0
2015-03-02,16.33,16.33,16.33,16.33,0,0
2015-03-03,16.29,16.29,16.29,16.29,0,0
2015-03-04,16.32,16.32,16.32,16.32,0,0
2015-03-05,16.4,16.4,16.4,16.4,0,0
2015-03-06,16.51,16.51,16.51,16.51,0,0
2015-03-09,16.46,16.46,16.46,16.46,0,0
2015-03-10,16.41,16.41,16.41,16.41,0,0
2015-03-11,16.65,16.65,16.65,16.65,0,0
2015-03-12,16.65,16.65,16.65,16.65,0,0
2015-03-13,16.81,16.81,16.81,16.81,0,0
2015-03-16,16.82,16.82,16.82,16.82,0,0
2015-03-17,16.68,16.68,16.68,16.68,0,0
2015-03-18,16.36,16.36,16.36,16.36,0,0
2015-03-19,16.72,16.72,16.72,16.72,0,0
2015-03-20,16.62,16.62,16.62,16.62,0,0
2015-03-23,16.41,16.41,16.41,16.41,0,0
2015-03-24,16.38,16.38,16.38,16.38,0,0
2015-03-25,16.06,16.06,16.06,16.06,0,0
2015-03-26,16.1,16.1,16.1,16.1,0,0
2015-03-27,16.11,16.11,16.11,16.11,0,0
2015-03-30,16.39,16.39,16.39,16.39,0,0
2015-03-31,16.39,16.39,16.39,16.39,0,0
2015-04-01,16.37,16.37,16.37,16.37,0,0
2015-04-02,16.27,16.27,16.27,16.27,0,0
2015-04-06,16.15,16.15,16.15,16.15,0,0
2015-04-07,16.35,16.35,16.35,16.35,0,0
2015-04-08,16.43,16.43,16.43,16.43,0,0
2015-04-09,16.7,16.7,16.7,16.7,0,0
2015-04-10,16.9,16.9,16.9,16.9,0,0
2015-04-13,16.92,16.92,16.92,16.92,0,0
2015-04-14,16.8,16.8,16.8,16.8,0,0
2015-04-15,16.88,16.88,16.88,16.88,0,0
2015-04-16,16.76,16.76,16.76,16.76,0,0
2015-04-17,16.51,16.51,16.51,16.51,0,0
2015-04-20,16.69,16.69,16.69,16.69,0,0
2015-04-21,16.78,16.78,16.78,16.78,0,0
2015-04-22,16.76,16.76,16.76,16.76,0,0
2015-04-23,16.77,16.77,16.77,16.77,0,0
2015-04-24,16.65,16.65,16.65,16.65,0,0
2015-04-27,16.64,16.64,16.64,16.64,0,0
2015-04-28,16.44,16.44,16.44,16.44,0,0
2015-04-29,16.28,16.28,16.28,16.28,0,0
2015-04-30,16.01,16.01,16.01,16.01,0,0
2015-05-01,16.1,16.1,16.1,16.1,0,0
2015-05-04,16.21,16.21,16.21,16.21,0,0
2015-05-05,16.04,16.04,16.04,16.04,0,0
2015-05-06,15.77,15.77,15.77,15.77,0,0
2015-05-07,15.84,15.84,15.84,15.84,0,0
2015-05-08,16.24,16.24,16.24,16.24,0,0
2015-05-11,16.32,16.32,16.32,16.32,0,0
2015-05-12,16.21,16.21,16.21,16.21,0,0
2015-05-13,16.09,16.09,16.09,16.09,0,0
2015-05-14,16.13,16.13,16.13,16.13,0,0
2015-05-15,16.03,16.03,16.03,16.03,0,0
2015-05-18,16.25,16.25,16.25,16.25,0,0
2015-05-19,16.46,16.46,16.46,16.46,0,0
2015-05-20,16.55,16.55,16.55,16.55,0,0
2015-05-21,16.59,16.59,16.59,16.59,0,0
2015-05-22,16.67,16.67,16.67,16.67,0,0
2015-05-26,16.67,16.67,16.67,16.67,0,0
2015-05-27,16.73,16.73,16.73,16.73,0,0
2015-05-28,16.69,16.69,16.69,16.69,0,0
2015-05-29,16.52,16.52,16.52,16.52,0,0
2015-06-01,16.57,16.57,16.57,16.57,0,0
2015-06-02,16.26,16.26,16.26,16.26,0,0
2015-06-03,16.15,16.15,16.15,16.15,0,0
2015-06-04,16.03,16.03,16.03,16.03,0,0
2015-06-05,16.17,16.17,16.17,16.17,0,0
2015-06-08,15.86,15.86,15.86,15.86,0,0
2015-06-09,15.83,15.83,15.83,15.83,0,0
2015-06-10,15.95,15.95,15.95,15.95,0,0
2015-06-11,16.07,16.07,16.07,16.07,0,0
2015-06-12,16,16,16,16,0,0
2015-06-15,15.83,15.83,15.83,15.83,0,0
2015-06-16,15.96,15.96,15.96,15.96,0,0
2015-06-17,15.85,15.85,15.85,15.85,0,0
2015-06-18,15.84,15.84,15.84,15.84,0,0
2015-06-19,15.9,15.9,15.9,15.9,0,0
2015-06-22,16.01,16.01,16.01,16.01,0,0
2015-06-23,16.27,16.27,16.27,16.27,0,0
2015-06-24,16.15,16.15,16.15,16.15,0,0
2015-06-25,16.11,16.11,16.11,16.11,0,0
2015-06-26,16.1,16.1,16.1,16.1,0,0
2015-06-29,15.68,15.68,15.68,15.68,0,0
2015-06-30,15.85,15.85,15.85,15.85,0,0
2015-07-01,16.03,16.03,16.03,16.03,0,0
2015-07-02,15.95,15.95,15.95,15.95,0,0
2015-07-03,15.9,15.9,15.9,15.9,0,0
2015-07-06,15.84,15.84,15.84,15.84,0,0
2015-07-07,15.86,15.86,15.86,15.86,0,0
2015-07-08,15.54,15.54,15.54,15.54,0,0
2015-07-09,15.76,15.76,15.76,15.76,0,0
2015-07-10,15.85,15.85,15.85,15.85,0,0
2015-07-13,16.19,16.19,16.19,16.19,0,0
2015-07-14,16.31,16.31,16.31,16.31,0,0
2015-07-15,16.35,16.35,16.35,16.35,0,0
2015-07-16,16.57,16.57,16.57,16.57,0,0
2015-07-17,16.59,16.59,16.59,16.59,0,0
2015-07-20,16.67,16.67,16.67,16.67,0,0
2015-07-21,16.39,16.39,16.39,16.39,0,0
2015-07-22,16.4,16.4,16.4,16.4,0,0
2015-07-23,16.24,16.24,16.24,16.24,0,0
2015-07-24,16.14,16.14,16.14,16.14,0,0
2015-07-27,15.84,15.84,15.84,15.84,0,0
2015-07-28,16.06,16.06,16.06,16.06,0,0
2015-07-29,16.24,16.24,16.24,16.24,0,0
2015-07-30,16.26,16.26,16.26,16.26,0,0
2015-07-31,16.18,16.18,16.18,16.18,0,0
2015-08-03,16.16,16.16,16.16,16.16,0,0
2015-08-04,16.3,16.3,16.3,16.3,0,0
2015-08-05,16.37,16.37,16.37,16.37,0,0
2015-08-06,16.16,16.16,16.16,16.16,0,0
2015-08-07,16.03,16.03,16.03,16.03,0,0
2015-08-10,16.12,16.12,16.12,16.12,0,0
2015-08-11,15.83,15.83,15.83,15.83,0,0
2015-08-12,15.54,15.54,15.54,15.54,0,0
2015-08-13,15.57,15.57,15.57,15.57,0,0
2015-08-14,15.65,15.65,15.65,15.65,0,0
2015-08-17,15.76,15.76,15.76,15.76,0,0
2015-08-18,15.74,15.74,15.74,15.74,0,0
2015-08-19,15.47,15.47,15.47,15.47,0,0
2015-08-20,15.03,15.03,15.03,15.03,0,0
2015-08-21,14.53,14.53,14.53,14.53,0,0
2015-08-24,13.76,13.76,13.76,13.76,0,0
2015-08-25,13.93,13.93,13.93,13.93,0,0
2015-08-26,14.37,14.37,14.37,14.37,0,0
2015-08-27,14.82,14.82,14.82,14.82,0,0
2015-08-28,14.95,14.95,14.95,14.95,0,0
2015-08-31,14.88,14.88,14.88,14.88,0,0
2015-09-01,14.39,14.39,14.39,14.39,0,0
2015-09-02,14.66,14.66,14.66,14.66,0,0
2015-09-03,14.92,14.92,14.92,14.92,0,0
2015-09-04,14.7,14.7,14.7,14.7,0,0
2015-09-07,14.7,14.7,14.7,14.7,0,0
2015-09-08,14.97,14.97,14.97,14.97,0,0
2015-09-09,14.85,14.85,14.85,14.85,0,0
2015-09-10,14.82,14.82,14.82,14.82,0,0
2015-09-11,14.74,14.74,14.74,14.74,0,0
2015-09-14,14.68,14.68,14.68,14.68,0,0
2015-09-15,14.86,14.86,14.86,14.86,0,0
2015-09-16,14.97,14.97,14.97,14.97,0,0
2015-09-17,14.83,14.83,14.83,14.83,0,0
2015-09-18,14.79,14.79,14.79,14.79,0,0
2015-09-21,14.9,14.9,14.9,14.9,0,0
2015-09-22,14.75,14.75,14.75,14.75,0,0
2015-09-23,14.59,14.59,14.59,14.59,0,0
2015-09-24,14.46,14.46,14.46,14.46,0,0
2015-09-25,14.5,14.5,14.5,14.5,0,0
2015-09-28,14.09,14.09,14.09,14.09,0,0
2015-09-29,13.95,13.95,13.95,13.95,0,0
2015-09-30,14.36,14.36,14.36,14.36,0,0
2015-10-01,14.36,14.36,14.36,14.36,0,0
2015-10-02,14.49,14.49,14.49,14.49,0,0
2015-10-05,14.79,14.79,14.79,14.79,0,0
2015-10-06,14.68,14.68,14.68,14.68,0,0
2015-10-07,14.79,14.79,14.79,14.79,0,0
2015-10-08,14.84,14.84,14.84,14.84,0,0
2015-10-09,14.82,14.82,14.82,14.82,0,0
2015-10-12,14.82,14.82,14.82,14.82,0,0
2015-10-13,14.66,14.66,14.66,14.66,0,0
2015-10-14,14.53,14.53,14.53,14.53,0,0
2015-10-15,14.83,14.83,14.83,14.83,0,0
2015-10-16,14.84,14.84,14.84,14.84,0,0
2015-10-19,14.9,14.9,14.9,14.9,0,0
2015-10-20,14.87,14.87,14.87,14.87,0,0
2015-10-21,14.72,14.72,14.72,14.72,0,0
2015-10-22,15.17,15.17,15.17,15.17,0,0
2015-10-23,15.59,15.59,15.59,15.59,0,0
2015-10-26,15.52,15.52,15.52,15.52,0,0
2015-10-27,15.45,15.45,15.45,15.45,0,0
2015-10-28,15.86,15.86,15.86,15.86,0,0
2015-10-29,15.76,15.76,15.76,15.76,0,0
2015-10-30,15.74,15.74,15.74,15.74,0,0
2015-11-02,15.9,15.9,15.9,15.9,0,0
2015-11-03,16.05,16.05,16.05,16.05,0,0
2015-11-04,16.19,16.19,16.19,16.19,0,0
2015-11-05,16.14,16.14,16.14,16.14,0,0
2015-11-06,16.35,16.35,16.35,16.35,0,0
2015-11-09,16.23,16.23,16.23,16.23,0,0
2015-11-10,16.24,16.24,16.24,16.24,0,0
2015-11-11,16.23,16.23,16.23,16.23,0,0
2015-11-12,15.96,15.96,15.96,15.96,0,0
2015-11-13,15.81,15.81,15.81,15.81,0,0
2015-11-16,16,16,16,16,0,0
2015-11-17,16.04,16.04,16.04,16.04,0,0
2015-11-18,16.24,16.24,16.24,16.24,0,0
2015-11-19,16.18,16.18,16.18,16.18,0,0
2015-11-20,16.34,16.34,16.34,16.34,0,0
2015-11-23,16.36,16.36,16.36,16.36,0,0
2015-11-24,16.29,16.29,16.29,16.29,0,0
2015-11-25,16.45,16.45,16.45,16.45,0,0
2015-11-26,16.57,16.57,16.57,16.57,0,0
2015-11-27,16.63,16.63,16.63,16.63,0,0
2015-11-30,16.68,16.68,16.68,16.68,0,0
2015-12-01,16.68,16.68,16.68,16.68,0,0
2015-12-02,16.59,16.59,16.59,16.59,0,0
2015-12-03,15.94,15.94,15.94,15.94,0,0
2015-12-04,16.17,16.17,16.17,16.17,0,0
2015-12-07,16.11,16.11,16.11,16.11,0,0
2015-12-08,15.97,15.97,15.97,15.97,0,0
2015-12-09,15.69,15.69,15.69,15.69,0,0
2015-12-10,15.78,15.78,15.78,15.78,0,0
2015-12-11,15.47,15.47,15.47,15.47,0,0
2015-12-14,15.46,15.46,15.46,15.46,0,0
2015-12-15,15.78,15.78,15.78,15.78,0,0
2015-12-16,16.01,16.01,16.01,16.01,0,0
2015-12-17,15.85,15.85,15.85,15.85,0,0
2015-12-18,15.63,15.63,15.63,15.63,0,0
2015-12-21,15.58,15.58,15.58,15.58,0,0
2015-12-22,15.63,15.63,15.63,15.63,0,0
2015-12-23,15.9,15.9,15.9,15.9,0,0
2015-12-24,15.85,15.85,15.85,15.85,0,0
2015-12-28,15.81,15.81,15.81,15.81,0,0
2015-12-29,16.01,16.01,16.01,16.01,0,0
2015-12-30,15.87,15.87,15.87,15.87,0,0
2015-12-31,15.85,15.85,15.85,15.85,0,0
2016-01-04,15.54,15.54,15.54,15.54,0,0
2016-01-05,15.62,15.62,15.62,15.62,0,0
2016-01-06,15.28,15.28,15.28,15.28,0,0
2016-01-07,14.7,14.7,14.7,14.7,0,0
2016-01-08,14.54,14.54,14.54,14.54,0,0
2016-01-11,14.53,14.53,14.53,14.53,0,0
2016-01-12,14.67,14.67,14.67,14.67,0,0
2016-01-13,14.32,14.32,14.32,14.32,0,0
2016-01-14,14.5,14.5,14.5,14.5,0,0
2016-01-15,14.06,14.06,14.06,14.06,0,0
2016-01-18,14.06,14.06,14.06,14.06,0,0
2016-01-19,14.1,14.1,14.1,14.1,0,0
2016-01-20,13.96,13.96,13.96,13.96,0,0
2016-01-21,13.93,13.93,13.93,13.93,0,0
2016-01-22,14.33,14.33,14.33,14.33,0,0
2016-01-25,14.07,14.07,14.07,14.07,0,0
2016-01-26,14.14,14.14,14.14,14.14,0,0
2016-01-27,13.94,13.94,13.94,13.94,0,0
2016-01-28,13.74,13.74,13.74,13.74,0,0
2016-01-29,14.27,14.27,14.27,14.27,0,0
2016-02-01,14.25,14.25,14.25,14.25,0,0
2016-02-02,13.94,13.94,13.94,13.94,0,0
2016-02-03,13.78,13.78,13.78,13.78,0,0
2016-02-04,13.75,13.75,13.75,13.75,0,0
2016-02-05,13.47,13.47,13.47,13.47,0,0
2016-02-08,13.03,13.03,13.03,13.03,0,0
2016-02-09,12.87,12.87,12.87,12.87,0,0
2016-02-10,12.96,12.96,12.96,12.96,0,0
2016-02-11,12.79,12.79,12.79,12.79,0,0
2016-02-12,13.15,13.15,13.15,13.15,0,0
2016-02-15,13.37,13.37,13.37,13.37,0,0
2016-02-16,13.62,13.62,13.62,13.62,0,0
2016-02-17,13.94,13.94,13.94,13.94,0,0
2016-02-18,13.9,13.9,13.9,13.9,0,0
2016-02-19,13.9,13.9,13.9,13.9,0,0
2016-02-22,14.21,14.21,14.21,14.21,0,0
2016-02-23,13.99,13.99,13.99,13.99,0,0
2016-02-24,13.98,13.98,13.98,13.98,0,0
2016-02-25,14.07,14.07,14.07,14.07,0,0
2016-02-26,14.28,14.28,14.28,14.28,0,0
2016-02-29,14.29,14.29,14.29,14.29,0,0
2016-03-01,14.67,14.67,14.67,14.67,0,0
2016-03-02,14.73,14.73,14.73,14.73,0,0
2016-03-03,14.7,14.7,14.7,14.7,0,0
2016-03-04,14.74,14.74,14.74,14.74,0,0
2016-03-07,14.76,14.76,14.76,14.76,0,0
2016-03-08,14.59,14.59,14.59,14.59,0,0
2016-03-09,14.58,14.58,14.58,14.58,0,0
2016-03-10,14.31,14.31,14.31,14.31,0,0
2016-03-11,14.66,14.66,14.66,14.66,0,0
2016-03-14,14.66,14.66,14.66,14.66,0,0
2016-03-15,14.46,14.46,14.46,14.46,0,0
2016-03-16,14.46,14.46,14.46,14.46,0,0
2016-03-17,14.46,14.46,14.46,14.46,0,0
2016-03-18,14.57,14.57,14.57,14.57,0,0
2016-03-21,14.65,14.65,14.65,14.65,0,0
2016-03-22,14.74,14.74,14.74,14.74,0,0
2016-03-23,14.65,14.65,14.65,14.65,0,0
2016-03-24,14.59,14.59,14.59,14.59,0,0
2016-03-28,14.58,14.58,14.58,14.58,0,0
2016-03-29,14.62,14.62,14.62,14.62,0,0
2016-03-30,14.74,14.74,14.74,14.74,0,0
2016-03-31,14.69,14.69,14.69,14.69,0,0
2016-04-01,14.69,14.69,14.69,14.69,0,0
2016-04-04,14.63,14.63,14.63,14.63,0,0
2016-04-05,14.48,14.48,14.48,14.48,0,0
2016-04-06,14.66,14.66,14.66,14.66,0,0
2016-04-07,14.51,14.51,14.51,14.51,0,0
2016-04-08,14.55,14.55,14.55,14.55,0,0
2016-04-11,14.5,14.5,14.5,14.5,0,0
2016-04-12,14.67,14.67,14.67,14.67,0,0
2016-04-13,15.09,15.09,15.09,15.09,0,0
2016-04-14,15.1,15.1,15.1,15.1,0,0
2016-04-15,15.08,15.08,15.08,15.08,0,0
2016-04-18,15.15,15.15,15.15,15.15,0,0
2016-04-19,15.19,15.19,15.19,15.19,0,0
2016-04-20,15.23,15.23,15.23,15.23,0,0
2016-04-21,15.18,15.18,15.18,15.18,0,0
2016-04-22,15.26,15.26,15.26,15.26,0,0
2016-04-25,15.2,15.2,15.2,15.2,0,0
2016-04-26,15.21,15.21,15.21,15.21,0,0
2016-04-27,15.14,15.14,15.14,15.14,0,0
2016-04-28,15.04,15.04,15.04,15.04,0,0
2016-04-29,14.79,14.79,14.79,14.79,0,0
2016-05-02,14.77,14.77,14.77,14.77,0,0
2016-05-03,14.54,14.54,14.54,14.54,0,0
2016-05-04,14.41,14.41,14.41,14.41,0,0
2016-05-05,14.47,14.47,14.47,14.47,0,0
2016-05-06,14.47,14.47,14.47,14.47,0,0
2016-05-09,14.48,14.48,14.48,14.48,0,0
2016-05-10,14.66,14.66,14.66,14.66,0,0
2016-05-11,14.45,14.45,14.45,14.45,0,0
2016-05-12,14.45,14.45,14.45,14.45,0,0
2016-05-13,14.44,14.44,14.44,14.44,0,0
2016-05-16,14.61,14.61,14.61,14.61,0,0
2016-05-17,14.59,14.59,14.59,14.59,0,0
2016-05-18,14.7,14.7,14.7,14.7,0,0
2016-05-19,14.6,14.6,14.6,14.6,0,0
2016-05-20,14.72,14.72,14.72,14.72,0,0
2016-05-23,14.73,14.73,14.73,14.73,0,0
2016-05-24,15.1,15.1,15.1,15.1,0,0
2016-05-25,15.17,15.17,15.17,15.17,0,0
2016-05-26,15.12,15.12,15.12,15.12,0,0
2016-05-27,15.3,15.3,15.3,15.3,0,0
2016-05-30,15.24,15.24,15.24,15.24,0,0
2016-05-31,15.24,15.24,15.24,15.24,0,0
2016-06-01,15.11,15.11,15.11,15.11,0,0
2016-06-02,15.22,15.22,15.22,15.22,0,0
2016-06-03,14.9,14.9,14.9,14.9,0,0
2016-06-06,15.03,15.03,15.03,15.03,0,0
2016-06-07,15.15,15.15,15.15,15.15,0,0
2016-06-08,15.14,15.14,15.14,15.14,0,0
2016-06-09,15.11,15.11,15.11,15.11,0,0
2016-06-10,14.89,14.89,14.89,14.89,0,0
2016-06-13,14.64,14.64,14.64,14.64,0,0
2016-06-14,14.6,14.6,14.6,14.6,0,0
2016-06-15,14.58,14.58,14.58,14.58,0,0
2016-06-16,14.53,14.53,14.53,14.53,0,0
2016-06-17,14.52,14.52,14.52,14.52,0,0
2016-06-20,14.75,14.75,14.75,14.75,0,0
2016-06-21,14.82,14.82,14.82,14.82,0,0
2016-06-22,14.79,14.79,14.79,14.79,0,0
2016-06-23,14.95,14.95,14.95,14.95,0,0
2016-06-24,14.42,14.42,14.42,14.42,0,0
2016-06-27,13.95,13.95,13.95,13.95,0,0
2016-06-28,14.25,14.25,14.25,14.25,0,0
2016-06-29,14.56,14.56,14.56,14.56,0,0
2016-06-30,14.77,14.77,14.77,14.77,0,0
2016-07-01,14.87,14.87,14.87,14.87,0,0
2016-07-04,14.78,14.78,14.78,14.78,0,0
2016-07-05,14.71,14.71,14.71,14.71,0,0
2016-07-06,14.66,14.66,14.66,14.66,0,0
2016-07-07,14.78,14.78,14.78,14.78,0,0
2016-07-08,15.03,15.03,15.03,15.03,0,0
2016-07-11,15.17,15.17,15.17,15.17,0,0
2016-07-12,15.35,15.35,15.35,15.35,0,0
2016-07-13,15.24,15.24,15.24,15.24,0,0
2016-07-14,15.34,15.34,15.34,15.34,0,0
2016-07-15,15.39,15.39,15.39,15.39,0,0
2016-07-18,15.43,15.43,15.43,15.43,0,0
2016-07-19,15.43,15.43,15.43,15.43,0,0
2016-07-20,15.61,15.61,15.61,15.61,0,0
2016-07-21,15.58,15.58,15.58,15.58,0,0
2016-07-22,15.64,15.64,15.64,15.64,0,0
2016-07-26,15.69,15.69,15.69,15.69,0,0
2016-07-27,15.66,15.66,15.66,15.66,0,0
2016-07-28,15.53,15.53,15.53,15.53,0,0
2016-07-29,15.52,15.52,15.52,15.52,0,0
2016-08-01,15.45,15.45,15.45,15.45,0,0
2016-08-02,15.16,15.16,15.16,15.16,0,0
2016-08-03,15.27,15.27,15.27,15.27,0,0
2016-08-04,15.35,15.35,15.35,15.35,0,0
2016-08-05,15.61,15.61,15.61,15.61,0,0
2016-08-08,15.59,15.59,15.59,15.59,0,0
2016-08-09,15.6,15.6,15.6,15.6,0,0
2016-08-10,15.49,15.49,15.49,15.49,0,0
2016-08-11,15.67,15.67,15.67,15.67,0,0
2016-08-12,15.62,15.62,15.62,15.62,0,0
2016-08-15,15.69,15.69,15.69,15.69,0,0
2016-08-16,15.51,15.51,15.51,15.51,0,0
2016-08-17,15.4,15.4,15.4,15.4,0,0
2016-08-18,15.38,15.38,15.38,15.38,0,0
2016-08-19,15.38,15.38,15.38,15.38,0,0
2016-08-22,15.38,15.38,15.38,15.38,0,0
2016-08-23,15.53,15.53,15.53,15.53,0,0
2016-08-24,15.47,15.47,15.47,15.47,0,0
2016-08-25,15.4,15.4,15.4,15.4,0,0
2016-08-26,15.52,15.52,15.52,15.52,0,0
2016-08-29,15.51,15.51,15.51,15.51,0,0
2016-08-30,15.55,15.55,15.55,15.55,0,0
2016-08-31,15.47,15.47,15.47,15.47,0,0
2016-09-01,15.45,15.45,15.45,15.45,0,0
2016-09-02,15.62,15.62,15.62,15.62,0,0
2016-09-05,15.65,15.65,15.65,15.65,0,0
2016-09-06,15.57,15.57,15.57,15.57,0,0
2016-09-07,15.59,15.59,15.59,15.59,0,0
2016-09-09,15.21,15.21,15.21,15.21,0,0
2016-09-12,15.34,15.34,15.34,15.34,0,0
2016-09-13,15.2,15.2,15.2,15.2,0,0
2016-09-14,15.14,15.14,15.14,15.14,0,0
2016-09-15,15.3,15.3,15.3,15.3,0,0
2016-09-16,15.34,15.34,15.34,15.34,0,0
2016-09-19,15.4,15.4,15.4,15.4,0,0
2016-09-20,15.45,15.45,15.45,15.45,0,0
2016-09-21,15.57,15.57,15.57,15.57,0,0
2016-09-22,15.71,15.71,15.71,15.71,0,0
2016-09-23,15.57,15.57,15.57,15.57,0,0
2016-09-26,15.4,15.4,15.4,15.4,0,0
2016-09-27,15.54,15.54,15.54,15.54,0,0
2016-09-28,15.64,15.64,15.64,15.64,0,0
2016-09-29,15.42,15.42,15.42,15.42,0,0
2016-09-30,15.51,15.51,15.51,15.51,0,0
2016-10-03,15.52,15.52,15.52,15.52,0,0
2016-10-04,15.58,15.58,15.58,15.58,0,0
2016-10-05,15.64,15.64,15.64,15.64,0,0
2016-10-06,15.63,15.63,15.63,15.63,0,0
2016-10-07,15.53,15.53,15.53,15.53,0,0
2016-10-10,15.7,15.7,15.7,15.7,0,0
2016-10-11,15.54,15.54,15.54,15.54,0,0
2016-10-12,15.54,15.54,15.54,15.54,0,0
2016-10-13,15.34,15.34,15.34,15.34,0,0
2016-10-14,15.46,15.46,15.46,15.46,0,0
2016-10-17,15.38,15.38,15.38,15.38,0,0
2016-10-18,15.49,15.49,15.49,15.49,0,0
2016-10-19,15.56,15.56,15.56,15.56,0,0
2016-10-20,15.55,15.55,15.55,15.55,0,0
2016-10-21,15.67,15.67,15.67,15.67,0,0
2016-10-24,15.69,15.69,15.69,15.69,0,0
2016-10-25,15.57,15.57,15.57,15.57,0,0
2016-10-26,15.45,15.45,15.45,15.45,0,0
2016-10-27,15.37,15.37,15.37,15.37,0,0
2016-10-28,15.25,15.25,15.25,15.25,0,0
2016-10-31,15.26,15.26,15.26,15.26,0,0
2016-11-01,15.1,15.1,15.1,15.1,0,0
2016-11-02,14.95,14.95,14.95,14.95,0,0
2016-11-03,14.92,14.92,14.92,14.92,0,0
2016-11-04,14.83,14.83,14.83,14.83,0,0
2016-11-07,15.21,15.21,15.21,15.21,0,0
2016-11-08,15.3,15.3,15.3,15.3,0,0
2016-11-09,15.62,15.62,15.62,15.62,0,0
2016-11-10,15.67,15.67,15.67,15.67,0,0
2016-11-11,15.62,15.62,15.62,15.62,0,0
2016-11-14,15.75,15.75,15.75,15.75,0,0
2016-11-15,15.77,15.77,15.77,15.77,0,0
2016-11-16,15.81,15.81,15.81,15.81,0,0
2016-11-17,15.97,15.97,15.97,15.97,0,0
2016-11-18,15.94,15.94,15.94,15.94,0,0
2016-11-21,16.01,16.01,16.01,16.01,0,0
2016-11-22,15.92,15.92,15.92,15.92,0,0
2016-11-23,16.05,16.05,16.05,16.05,0,0
2016-11-24,16.02,16.02,16.02,16.02,0,0
2016-11-25,15.99,15.99,15.99,15.99,0,0
2016-11-28,15.8,15.8,15.8,15.8,0,0
2016-11-29,15.71,15.71,15.71,15.71,0,0
2016-11-30,15.71,15.71,15.71,15.71,0,0
2016-12-01,15.58,15.58,15.58,15.58,0,0
2016-12-02,15.57,15.57,15.57,15.57,0,0
2016-12-05,15.58,15.58,15.58,15.58,0,0
2016-12-06,15.69,15.69,15.69,15.69,0,0
2016-12-07,15.68,15.68,15.68,15.68,0,0
2016-12-08,15.94,15.94,15.94,15.94,0,0
2016-12-09,16.04,16.04,16.04,16.04,0,0
2016-12-12,15.84,15.84,15.84,15.84,0,0
2016-12-13,15.98,15.98,15.98,15.98,0,0
2016-12-14,15.96,15.96,15.96,15.96,0,0
2016-12-15,16.23,16.23,16.23,16.23,0,0
2016-12-16,16.14,16.14,16.14,16.14,0,0
2016-12-19,16.16,16.16,16.16,16.16,0,0
2016-12-20,16.25,16.25,16.25,16.25,0,0
2016-12-21,16.17,16.17,16.17,16.17,0,0
2016-12-22,16.12,16.12,16.12,16.12,0,0
2016-12-23,16.14,16.14,16.14,16.14,0,0
2016-12-27,16.16,16.16,16.16,16.16,0,0
2016-12-28,16.17,16.17,16.17,16.17,0,0
2016-12-29,16.08,16.08,16.08,16.08,0,0
2016-12-30,16.03,16.03,16.03,16.03,0,0
2017-01-02,16.11,16.11,16.11,16.11,0,0
2017-01-03,16.29,16.29,16.29,16.29,0,0
2017-01-04,16.4,16.4,16.4,16.4,0,0
2017-01-05,16.33,16.33,16.33,16.33,0,0
2017-01-06,16.46,16.46,16.46,16.46,0,0
2017-01-09,16.44,16.44,16.44,16.44,0,0
2017-01-10,16.48,16.48,16.48,16.48,0,0
2017-01-11,16.46,16.46,16.46,16.46,0,0
2017-01-12,16.37,16.37,16.37,16.37,0,0
2017-01-13,16.47,16.47,16.47,16.47,0,0
2017-01-16,16.46,16.46,16.46,16.46,0,0
2017-01-17,16.29,16.29,16.29,16.29,0,0
2017-01-18,16.43,16.43,16.43,16.43,0,0
2017-01-19,16.46,16.46,16.46,16.46,0,0
2017-01-20,16.42,16.42,16.42,16.42,0,0
2017-01-23,16.31,16.31,16.31,16.31,0,0
2017-01-24,16.43,16.43,16.43,16.43,0,0
2017-01-25,16.55,16.55,16.55,16.55,0,0
2017-01-26,16.59,16.59,16.59,16.59,0,0
2017-01-27,16.56,16.56,16.56,16.56,0,0
2017-01-30,16.43,16.43,16.43,16.43,0,0
2017-01-31,16.44,16.44,16.44,16.44,0,0
2017-02-01,16.58,16.58,16.58,16.58,0,0
2017-02-02,16.63,16.63,16.63,16.63,0,0
2017-02-03,16.73,16.73,16.73,16.73,0,0
2017-02-06,16.75,16.75,16.75,16.75,0,0
2017-02-07,16.86,16.86,16.86,16.86,0,0
2017-02-08,16.86,16.86,16.86,16.86,0,0
2017-02-09,16.98,16.98,16.98,16.98,0,0
2017-02-10,17.04,17.04,17.04,17.04,0,0
2017-02-13,17.19,17.19,17.19,17.19,0,0
2017-02-14,17.3,17.3,17.3,17.3,0,0
2017-02-15,17.36,17.36,17.36,17.36,0,0
2017-02-16,17.3,17.3,17.3,17.3,0,0
2017-02-17,17.33,17.33,17.33,17.33,0,0
2017-02-20,17.35,17.35,17.35,17.35,0,0
2017-02-21,17.48,17.48,17.48,17.48,0,0
2017-02-22,17.46,17.46,17.46,17.46,0,0
2017-02-23,17.44,17.44,17.44,17.44,0,0
2017-02-24,17.39,17.39,17.39,17.39,0,0
2017-02-27,17.45,17.45,17.45,17.45,0,0
2017-02-28,17.42,17.42,17.42,17.42,0,0
2017-03-01,17.66,17.66,17.66,17.66,0,0
2017-03-02,17.63,17.63,17.63,17.63,0,0
2017-03-03,17.51,17.51,17.51,17.51,0,0
2017-03-06,17.47,17.47,17.47,17.47,0,0
2017-03-07,17.46,17.46,17.46,17.46,0,0
2017-03-08,17.52,17.52,17.52,17.52,0,0
2017-03-09,17.5,17.5,17.5,17.5,0,0
2017-03-10,17.45,17.45,17.45,17.45,0,0
2017-03-13,17.56,17.56,17.56,17.56,0,0
2017-03-14,17.61,17.61,17.61,17.61,0,0
2017-03-15,17.62,17.62,17.62,17.62,0,0
2017-03-16,17.61,17.61,17.61,17.61,0,0
2017-03-17,17.59,17.59,17.59,17.59,0,0
2017-03-20,17.59,17.59,17.59,17.59,0,0
2017-03-21,17.23,17.23,17.23,17.23,0,0
2017-03-22,17.24,17.24,17.24,17.24,0,0
2017-03-23,17.28,17.28,17.28,17.28,0,0
2017-03-24,17.33,17.33,17.33,17.33,0,0
2017-03-27,17.28,17.28,17.28,17.28,0,0
2017-03-28,17.43,17.43,17.43,17.43,0,0
2017-03-29,17.56,17.56,17.56,17.56,0,0
2017-03-30,17.66,17.66,17.66,17.66,0,0
2017-03-31,17.67,17.67,17.67,17.67,0,0
2017-04-03,17.63,17.63,17.63,17.63,0,0
2017-04-04,17.57,17.57,17.57,17.57,0,0
2017-04-05,17.51,17.51,17.51,17.51,0,0
2017-04-06,17.63,17.63,17.63,17.63,0,0
2017-04-07,17.7,17.7,17.7,17.7,0,0
2017-04-10,17.73,17.73,17.73,17.73,0,0
2017-04-11,17.73,17.73,17.73,17.73,0,0
2017-04-12,17.6,17.6,17.6,17.6,0,0
2017-04-13,17.6,17.6,17.6,17.6,0,0
2017-04-17,17.68,17.68,17.68,17.68,0,0
2017-04-18,17.49,17.49,17.49,17.49,0,0
2017-04-19,17.52,17.52,17.52,17.52,0,0
2017-04-20,17.65,17.65,17.65,17.65,0,0
2017-04-21,17.61,17.61,17.61,17.61,0,0
2017-04-24,17.62,17.62,17.62,17.62,0,0
2017-04-25,17.61,17.61,17.61,17.61,0,0
2017-04-26,17.65,17.65,17.65,17.65,0,0
2017-04-27,17.69,17.69,17.69,17.69,0,0
2017-04-28,17.65,17.65,17.65,17.65,0,0
2017-05-01,17.69,17.69,17.69,17.69,0,0
2017-05-02,17.78,17.78,17.78,17.78,0,0
2017-05-03,17.78,17.78,17.78,17.78,0,0
2017-05-04,17.74,17.74,17.74,17.74,0,0
2017-05-05,17.88,17.88,17.88,17.88,0,0
2017-05-08,17.89,17.89,17.89,17.89,0,0
2017-05-09,18.04,18.04,18.04,18.04,0,0
2017-05-10,18.06,18.06,18.06,18.06,0,0
2017-05-11,18.02,18.02,18.02,18.02,0,0
2017-05-12,18.01,18.01,18.01,18.01,0,0
2017-05-15,18.08,18.08,18.08,18.08,0,0
2017-05-16,17.91,17.91,17.91,17.91,0,0
2017-05-17,17.47,17.47,17.47,17.47,0,0
2017-05-18,17.59,17.59,17.59,17.59,0,0
2017-05-19,17.62,17.62,17.62,17.62,0,0
2017-05-22,17.64,17.64,17.64,17.64,0,0
2017-05-23,17.72,17.72,17.72,17.72,0,0
2017-05-24,17.76,17.76,17.76,17.76,0,0
2017-05-25,17.77,17.77,17.77,17.77,0,0
2017-05-26,17.81,17.81,17.81,17.81,0,0
2017-05-29,17.8,17.8,17.8,17.8,0,0
2017-05-30,17.74,17.74,17.74,17.74,0,0
2017-05-31,17.74,17.74,17.74,17.74,0,0
2017-06-01,17.92,17.92,17.92,17.92,0,0
2017-06-02,17.95,17.95,17.95,17.95,0,0
2017-06-05,17.94,17.94,17.94,17.94,0,0
2017-06-06,17.81,17.81,17.81,17.81,0,0
2017-06-07,17.88,17.88,17.88,17.88,0,0
2017-06-08,17.95,17.95,17.95,17.95,0,0
2017-06-09,17.92,17.92,17.92,17.92,0,0
2017-06-12,17.72,17.72,17.72,17.72,0,0
2017-06-13,17.83,17.83,17.83,17.83,0,0
2017-06-14,17.8,17.8,17.8,17.8,0,0
2017-06-15,17.74,17.74,17.74,17.74,0,0
2017-06-16,17.8,17.8,17.8,17.8,0,0
2017-06-19,18.03,18.03,18.03,18.03,0,0
2017-06-20,17.94,17.94,17.94,17.94,0,0
2017-06-21,17.96,17.96,17.96,17.96,0,0
2017-06-22,17.92,17.92,17.92,17.92,0,0
2017-06-23,17.92,17.92,17.92,17.92,0,0
2017-06-26,17.91,17.91,17.91,17.91,0,0
2017-06-27,17.58,17.58,17.58,17.58,0,0
2017-06-28,17.61,17.61,17.61,17.61,0,0
2017-06-29,17.41,17.41,17.41,17.41,0,0
2017-06-30,17.38,17.38,17.38,17.38,0,0
2017-07-03,17.46,17.46,17.46,17.46,0,0
2017-07-04,17.45,17.45,17.45,17.45,0,0
2017-07-05,17.52,17.52,17.52,17.52,0,0
2017-07-06,17.29,17.29,17.29,17.29,0,0
2017-07-07,17.39,17.39,17.39,17.39,0,0
2017-07-10,17.45,17.45,17.45,17.45,0,0
2017-07-11,17.36,17.36,17.36,17.36,0,0
2017-07-12,17.57,17.57,17.57,17.57,0,0
2017-07-13,17.71,17.71,17.71,17.71,0,0
2017-07-14,17.73,17.73,17.73,17.73,0,0
2017-07-17,17.69,17.69,17.69,17.69,0,0
2017-07-18,17.62,17.62,17.62,17.62,0,0
2017-07-19,17.77,17.77,17.77,17.77,0,0
2017-07-20,17.62,17.62,17.62,17.62,0,0
2017-07-21,17.48,17.48,17.48,17.48,0,0
2017-07-24,17.53,17.53,17.53,17.53,0,0
2017-07-25,17.49,17.49,17.49,17.49,0,0
2017-07-26,17.49,17.49,17.49,17.49,0,0
2017-07-27,17.37,17.37,17.37,17.37,0,0
2017-07-28,17.21,17.21,17.21,17.21,0,0
2017-07-31,17.14,17.14,17.14,17.14,0,0
2017-08-01,17.26,17.26,17.26,17.26,0,0
2017-08-02,17.14,17.14,17.14,17.14,0,0
2017-08-03,17.07,17.07,17.07,17.07,0,0
2017-08-04,17.23,17.23,17.23,17.23,0,0
2017-08-07,17.23,17.23,17.23,17.23,0,0
2017-08-08,17.2,17.2,17.2,17.2,0,0
2017-08-09,17.18,17.18,17.18,17.18,0,0
2017-08-10,16.82,16.82,16.82,16.82,0,0
2017-08-11,16.82,16.82,16.82,16.82,0,0
2017-08-14,17.02,17.02,17.02,17.02,0,0
2017-08-15,17.04,17.04,17.04,17.04,0,0
2017-08-16,17.13,17.13,17.13,17.13,0,0
2017-08-17,17.02,17.02,17.02,17.02,0,0
2017-08-18,16.95,16.95,16.95,16.95,0,0
2017-08-21,16.87,16.87,16.87,16.87,0,0
2017-08-22,17.04,17.04,17.04,17.04,0,0
2017-08-23,16.93,16.93,16.93,16.93,0,0
2017-08-24,16.96,16.96,16.96,16.96,0,0
2017-08-25,16.86,16.86,16.86,16.86,0,0
2017-08-28,16.75,16.75,16.75,16.75,0,0
2017-08-29,16.67,16.67,16.67,16.67,0,0
2017-08-30,16.83,16.83,16.83,16.83,0,0
2017-08-31,16.99,16.99,16.99,16.99,0,0
2017-09-01,17.1,17.1,17.1,17.1,0,0
2017-09-04,17.03,17.03,17.03,17.03,0,0
2017-09-05,17,17,17,17,0,0
2017-09-06,17.01,17.01,17.01,17.01,0,0
2017-09-07,16.93,16.93,16.93,16.93,0,0
2017-09-08,16.99,16.99,16.99,16.99,0,0
2017-09-11,17.23,17.23,17.23,17.23,0,0
2017-09-12,17.34,17.34,17.34,17.34,0,0
2017-09-13,17.37,17.37,17.37,17.37,0,0
2017-09-14,17.38,17.38,17.38,17.38,0,0
2017-09-15,17.32,17.32,17.32,17.32,0,0
2017-09-18,17.38,17.38,17.38,17.38,0,0
2017-09-19,17.36,17.36,17.36,17.36,0,0
2017-09-20,17.48,17.48,17.48,17.48,0,0
2017-09-21,17.36,17.36,17.36,17.36,0,0
2017-09-22,17.39,17.39,17.39,17.39,0,0
2017-09-25,17.43,17.43,17.43,17.43,0,0
2017-09-26,17.42,17.42,17.42,17.42,0,0
2017-09-27,17.52,17.52,17.52,17.52,0,0
2017-09-28,17.61,17.61,17.61,17.61,0,0
2017-09-29,17.65,17.65,17.65,17.65,0,0
2017-10-02,17.85,17.85,17.85,17.85,0,0
2017-10-03,17.87,17.87,17.87,17.87,0,0
2017-10-04,17.83,17.83,17.83,17.83,0,0
2017-10-05,17.87,17.87,17.87,17.87,0,0
2017-10-06,17.78,17.78,17.78,17.78,0,0
2017-10-09,17.76,17.76,17.76,17.76,0,0
2017-10-10,17.73,17.73,17.73,17.73,0,0
2017-10-11,17.7,17.7,17.7,17.7,0,0
2017-10-12,17.77,17.77,17.77,17.77,0,0
2017-10-13,17.77,17.77,17.77,17.77,0,0
2017-10-16,17.76,17.76,17.76,17.76,0,0
2017-10-17,17.74,17.74,17.74,17.74,0,0
2017-10-18,17.75,17.75,17.75,17.75,0,0
2017-10-19,17.67,17.67,17.67,17.67,0,0
2017-10-20,17.76,17.76,17.76,17.76,0,0
2017-10-23,17.77,17.77,17.77,17.77,0,0
2017-10-24,17.77,17.77,17.77,17.77,0,0
2017-10-25,17.71,17.71,17.71,17.71,0,0
2017-10-26,18.11,18.11,18.11,18.11,0,0
2017-10-27,18.23,18.23,18.23,18.23,0,0
2017-10-30,18.13,18.13,18.13,18.13,0,0
2017-10-31,18.19,18.19,18.19,18.19,0,0
2017-11-01,18.26,18.26,18.26,18.26,0,0
2017-11-02,18.25,18.25,18.25,18.25,0,0
2017-11-03,18.46,18.46,18.46,18.46,0,0
2017-11-06,18.54,18.54,18.54,18.54,0,0
2017-11-07,18.54,18.54,18.54,18.54,0,0
2017-11-08,18.56,18.56,18.56,18.56,0,0
2017-11-09,18.35,18.35,18.35,18.35,0,0
2017-11-10,18.28,18.28,18.28,18.28,0,0
2017-11-13,18.2,18.2,18.2,18.2,0,0
2017-11-14,18.04,18.04,18.04,18.04,0,0
2017-11-15,17.93,17.93,17.93,17.93,0,0
2017-11-16,18.16,18.16,18.16,18.16,0,0
2017-11-17,18.17,18.17,18.17,18.17,0,0
2017-11-20,18.32,18.32,18.32,18.32,0,0
2017-11-21,18.46,18.46,18.46,18.46,0,0
2017-11-22,18.37,18.37,18.37,18.37,0,0
2017-11-23,18.34,18.34,18.34,18.34,0,0
2017-11-24,18.3,18.3,18.3,18.3,0,0
2017-11-27,18.32,18.32,18.32,18.32,0,0
2017-11-28,18.45,18.45,18.45,18.45,0,0
2017-11-29,18.25,18.25,18.25,18.25,0,0
2017-11-30,18.29,18.29,18.29,18.29,0,0
2017-12-01,18.28,18.28,18.28,18.28,0,0
2017-12-04,18.27,18.27,18.27,18.27,0,0
2017-12-05,18.24,18.24,18.24,18.24,0,0
2017-12-06,18.24,18.24,18.24,18.24,0,0
2017-12-07,18.3,18.3,18.3,18.3,0,0
2017-12-08,18.36,18.36,18.36,18.36,0,0
2017-12-11,18.35,18.35,18.35,18.35,0,0
2017-12-12,18.37,18.37,18.37,18.37,0,0
2017-12-13,18.36,18.36,18.36,18.36,0,0
2017-12-14,18.4,18.4,18.4,18.4,0,0
2017-12-15,18.5,18.5,18.5,18.5,0,0
2017-12-18,18.61,18.61,18.61,18.61,0,0
2017-12-19,18.51,18.51,18.51,18.51,0,0
2017-12-20,18.36,18.36,18.36,18.36,0,0
2017-12-21,18.46,18.46,18.46,18.46,0,0
2017-12-22,18.47,18.47,18.47,18.47,0,0
2017-12-26,18.48,18.48,18.48,18.48,0,0
2017-12-27,18.51,18.51,18.51,18.51,0,0
2017-12-28,18.47,18.47,18.47,18.47,0,0
2017-12-29,18.39,18.39,18.39,18.39,0,0
2018-01-02,18.43,18.43,18.43,18.43,0,0
2018-01-03,18.75,18.75,18.75,18.75,0,0
2018-01-04,18.87,18.87,18.87,18.87,0,0
2018-01-05,19.04,19.04,19.04,19.04,0,0
2018-01-08,19.11,19.11,19.11,19.11,0,0
2018-01-09,19.33,19.33,19.33,19.33,0,0
2018-01-10,19.27,19.27,19.27,19.27,0,0
2018-01-11,19.23,19.23,19.23,19.23,0,0
2018-01-12,19.12,19.12,19.12,19.12,0,0
2018-01-15,19.01,19.01,19.01,19.01,0,0
2018-01-16,18.88,18.88,18.88,18.88,0,0
2018-01-17,19.1,19.1,19.1,19.1,0,0
2018-01-18,19.08,19.08,19.08,19.08,0,0
2018-01-19,19.11,19.11,19.11,19.11,0,0
