Date,Open,High,Low,Close,Volume,OpenInt
2014-12-08,152.86,152.86,152.86,152.86,0,0
2014-12-09,149.05,149.05,149.05,149.05,0,0
2014-12-10,148.4,148.4,148.4,148.4,0,0
2014-12-11,148.23,148.23,148.23,148.23,0,0
2014-12-12,144.62,144.62,144.62,144.62,0,0
2014-12-15,141.42,141.42,141.42,141.42,0,0
2014-12-16,143.97,143.97,143.97,143.97,0,0
2014-12-17,144.27,144.27,144.27,144.27,0,0
2014-12-18,148.64,148.64,148.64,148.64,0,0
2014-12-19,149.09,149.09,149.09,149.09,0,0
2014-12-22,149.79,149.79,149.79,149.79,0,0
2014-12-23,151.03,151.03,151.03,151.03,0,0
2014-12-29,151.23,151.23,151.23,151.23,0,0
2014-12-30,149.99,149.99,149.99,149.99,0,0
2015-01-02,150.19,150.19,150.19,150.19,0,0
2015-01-05,145.96,145.96,145.96,145.96,0,0
2015-01-07,145.73,145.73,145.73,145.73,0,0
2015-01-08,149.66,149.66,149.66,149.66,0,0
2015-01-09,147.19,147.19,147.19,147.19,0,0
2015-01-12,147.7,147.7,147.7,147.7,0,0
2015-01-13,149.63,149.63,149.63,149.63,0,0
2015-01-14,147.14,147.14,147.14,147.14,0,0
2015-01-15,150.66,150.66,150.66,150.66,0,0
2015-01-16,152.35,152.35,152.35,152.35,0,0
2015-01-19,152.58,152.58,152.58,152.58,0,0
2015-01-20,153.94,153.94,153.94,153.94,0,0
2015-01-21,154.98,154.98,154.98,154.98,0,0
2015-01-22,157.7,157.7,157.7,157.7,0,0
2015-01-23,159.4,159.4,159.4,159.4,0,0
2015-01-26,160.11,160.11,160.11,160.11,0,0
2015-01-27,158.67,158.67,158.67,158.67,0,0
2015-01-28,158.32,158.32,158.32,158.32,0,0
2015-01-29,158.12,158.12,158.12,158.12,0,0
2015-01-30,157.78,157.78,157.78,157.78,0,0
2015-02-02,158.37,158.37,158.37,158.37,0,0
2015-02-03,160.14,160.14,160.14,160.14,0,0
2015-02-04,160.59,160.59,160.59,160.59,0,0
2015-02-05,161.1,161.1,161.1,161.1,0,0
2015-02-06,161.73,161.73,161.73,161.73,0,0
2015-02-09,160.91,160.91,160.91,160.91,0,0
2015-02-10,161.04,161.04,161.04,161.04,0,0
2015-02-11,160.18,160.18,160.18,160.18,0,0
2015-02-12,161.95,161.95,161.95,161.95,0,0
2015-02-13,163.96,163.96,163.96,163.96,0,0
2015-02-16,164.21,164.21,164.21,164.21,0,0
2015-02-17,164.03,164.03,164.03,164.03,0,0
2015-02-18,165.96,165.96,165.96,165.96,0,0
2015-02-19,166.21,166.21,166.21,166.21,0,0
2015-02-20,166.6,166.6,166.6,166.6,0,0
2015-02-23,166.94,166.94,166.94,166.94,0,0
2015-02-24,168.08,168.08,168.08,168.08,0,0
2015-02-25,168.26,168.26,168.26,168.26,0,0
2015-02-26,169.79,169.79,169.79,169.79,0,0
2015-02-27,170.56,170.56,170.56,170.56,0,0
2015-03-02,169.96,169.96,169.96,169.96,0,0
2015-03-03,168.66,168.66,168.66,168.66,0,0
2015-03-04,169.87,169.87,169.87,169.87,0,0
2015-03-05,171.24,171.24,171.24,171.24,0,0
2015-03-06,171.57,171.57,171.57,171.57,0,0
2015-03-09,171.42,171.42,171.42,171.42,0,0
2015-03-10,169.88,169.88,169.88,169.88,0,0
2015-03-11,171.92,171.92,171.92,171.92,0,0
2015-03-12,171.52,171.52,171.52,171.52,0,0
2015-03-13,171.55,171.55,171.55,171.55,0,0
2015-03-16,172.29,172.29,172.29,172.29,0,0
2015-03-17,171.53,171.53,171.53,171.53,0,0
2015-03-18,172.29,172.29,172.29,172.29,0,0
2015-03-19,173.6,173.6,173.6,173.6,0,0
2015-03-20,175.67,175.67,175.67,175.67,0,0
2015-03-23,174.92,174.92,174.92,174.92,0,0
2015-03-24,175.54,175.54,175.54,175.54,0,0
2015-03-25,173.93,173.93,173.93,173.93,0,0
2015-03-26,172.43,172.43,172.43,172.43,0,0
2015-03-27,172.71,172.71,172.71,172.71,0,0
2015-03-30,174.23,174.23,174.23,174.23,0,0
2015-03-31,173.42,173.42,173.42,173.42,0,0
2015-04-01,173.98,173.98,173.98,173.98,0,0
2015-04-02,173.54,173.54,173.54,173.54,0,0
2015-04-07,176.39,176.39,176.39,176.39,0,0
2015-04-08,176.66,176.66,176.66,176.66,0,0
2015-04-09,178.1,178.1,178.1,178.1,0,0
2015-04-10,179.01,179.01,179.01,179.01,0,0
2015-04-13,179.38,179.38,179.38,179.38,0,0
2015-04-14,178.81,178.81,178.81,178.81,0,0
2015-04-15,180.6,180.6,180.6,180.6,0,0
2015-04-16,179.12,179.12,179.12,179.12,0,0
2015-04-17,176.12,176.12,176.12,176.12,0,0
2015-04-20,177.36,177.36,177.36,177.36,0,0
2015-04-21,177.3,177.3,177.3,177.3,0,0
2015-04-22,177.81,177.81,177.81,177.81,0,0
2015-04-23,178.01,178.01,178.01,178.01,0,0
2015-04-24,179.3,179.3,179.3,179.3,0,0
2015-04-27,181.03,181.03,181.03,181.03,0,0
2015-04-28,178.89,178.89,178.89,178.89,0,0
2015-04-29,176.08,176.08,176.08,176.08,0,0
2015-04-30,175.62,175.62,175.62,175.62,0,0
2015-05-04,176.38,176.38,176.38,176.38,0,0
2015-05-05,174.48,174.48,174.48,174.48,0,0
2015-05-06,173.83,173.83,173.83,173.83,0,0
2015-05-07,173.71,173.71,173.71,173.71,0,0
2015-05-08,178.77,178.77,178.77,178.77,0,0
2015-05-11,179.56,179.56,179.56,179.56,0,0
2015-05-12,177.69,177.69,177.69,177.69,0,0
2015-05-13,177.28,177.28,177.28,177.28,0,0
2015-05-14,178.17,178.17,178.17,178.17,0,0
2015-05-15,177.36,177.36,177.36,177.36,0,0
2015-05-18,178.04,178.04,178.04,178.04,0,0
2015-05-19,180.94,180.94,180.94,180.94,0,0
2015-05-20,181.94,181.94,181.94,181.94,0,0
2015-05-21,182.56,182.56,182.56,182.56,0,0
2015-05-22,182.6,182.6,182.6,182.6,0,0
2015-05-25,182.59,182.59,182.59,182.59,0,0
2015-05-26,180.6,180.6,180.6,180.6,0,0
2015-05-27,182.97,182.97,182.97,182.97,0,0
2015-05-28,182.03,182.03,182.03,182.03,0,0
2015-05-29,179.16,179.16,179.16,179.16,0,0
2015-06-01,178.89,178.89,178.89,178.89,0,0
2015-06-02,178.01,178.01,178.01,178.01,0,0
2015-06-03,178.16,178.16,178.16,178.16,0,0
2015-06-05,175.45,175.45,175.45,175.45,0,0
2015-06-08,174.08,174.08,174.08,174.08,0,0
2015-06-09,173.32,173.32,173.32,173.32,0,0
2015-06-10,176.61,176.61,176.61,176.61,0,0
2015-06-11,177.12,177.12,177.12,177.12,0,0
2015-06-12,175.72,175.72,175.72,175.72,0,0
2015-06-15,172.98,172.98,172.98,172.98,0,0
2015-06-16,173.62,173.62,173.62,173.62,0,0
2015-06-17,172.73,172.73,172.73,172.73,0,0
2015-06-18,172.75,172.75,172.75,172.75,0,0
2015-06-19,173.63,173.63,173.63,173.63,0,0
2015-06-22,177.25,177.25,177.25,177.25,0,0
2015-06-23,178.96,178.96,178.96,178.96,0,0
2015-06-24,178.57,178.57,178.57,178.57,0,0
2015-06-25,178.06,178.06,178.06,178.06,0,0
2015-06-26,178.37,178.37,178.37,178.37,0,0
2015-06-29,173.52,173.52,173.52,173.52,0,0
2015-06-30,171.38,171.38,171.38,171.38,0,0
2015-07-01,173.83,173.83,173.83,173.83,0,0
2015-07-02,173.56,173.56,173.56,173.56,0,0
2015-07-03,172.4,172.4,172.4,172.4,0,0
2015-07-06,169.66,169.66,169.66,169.66,0,0
2015-07-07,166.62,166.62,166.62,166.62,0,0
2015-07-08,166.58,166.58,166.58,166.58,0,0
2015-07-09,169.91,169.91,169.91,169.91,0,0
2015-07-10,173.15,173.15,173.15,173.15,0,0
2015-07-13,176.39,176.39,176.39,176.39,0,0
2015-07-14,177.15,177.15,177.15,177.15,0,0
2015-07-15,177.87,177.87,177.87,177.87,0,0
2015-07-16,180.4,180.4,180.4,180.4,0,0
2015-07-17,180.04,180.04,180.04,180.04,0,0
2015-07-20,180.41,180.41,180.41,180.41,0,0
2015-07-21,179.44,179.44,179.44,179.44,0,0
2015-07-22,178.6,178.6,178.6,178.6,0,0
2015-07-23,177.5,177.5,177.5,177.5,0,0
2015-07-24,175.73,175.73,175.73,175.73,0,0
2015-07-27,172.38,172.38,172.38,172.38,0,0
2015-07-28,174.23,174.23,174.23,174.23,0,0
2015-07-29,175.57,175.57,175.57,175.57,0,0
2015-07-30,177.07,177.07,177.07,177.07,0,0
2015-07-31,176.83,176.83,176.83,176.83,0,0
2015-08-03,177.9,177.9,177.9,177.9,0,0
2015-08-04,177.63,177.63,177.63,177.63,0,0
2015-08-06,178.59,178.59,178.59,178.59,0,0
2015-08-07,177.52,177.52,177.52,177.52,0,0
2015-08-10,178.42,178.42,178.42,178.42,0,0
2015-08-11,175.71,175.71,175.71,175.71,0,0
2015-08-12,171.37,171.37,171.37,171.37,0,0
2015-08-13,172.86,172.86,172.86,172.86,0,0
2015-08-14,172.3,172.3,172.3,172.3,0,0
2015-08-17,172.67,172.67,172.67,172.67,0,0
2015-08-18,172.71,172.71,172.71,172.71,0,0
2015-08-19,169.6,169.6,169.6,169.6,0,0
2015-08-20,166.66,166.66,166.66,166.66,0,0
2015-08-21,161.76,161.76,161.76,161.76,0,0
2015-08-24,153.1,153.1,153.1,153.1,0,0
2015-08-25,159.53,159.53,159.53,159.53,0,0
2015-08-26,156.18,156.18,156.18,156.18,0,0
2015-08-27,161.76,161.76,161.76,161.76,0,0
2015-08-28,162.41,162.41,162.41,162.41,0,0
2015-08-31,162.01,162.01,162.01,162.01,0,0
2015-09-01,157.75,157.75,157.75,157.75,0,0
2015-09-02,157.96,157.96,157.96,157.96,0,0
2015-09-03,161.46,161.46,161.46,161.46,0,0
2015-09-04,157.21,157.21,157.21,157.21,0,0
2015-09-07,157.91,157.91,157.91,157.91,0,0
2015-09-08,159.94,159.94,159.94,159.94,0,0
2015-09-09,162.31,162.31,162.31,162.31,0,0
2015-09-10,159.97,159.97,159.97,159.97,0,0
2015-09-11,158.48,158.48,158.48,158.48,0,0
2015-09-14,157.49,157.49,157.49,157.49,0,0
2015-09-15,158.84,158.84,158.84,158.84,0,0
2015-09-16,160.73,160.73,160.73,160.73,0,0
2015-09-17,160,160,160,160,0,0
2015-09-18,156.77,156.77,156.77,156.77,0,0
2015-09-21,157.02,157.02,157.02,157.02,0,0
2015-09-22,151.93,151.93,151.93,151.93,0,0
2015-09-23,151.91,151.91,151.91,151.91,0,0
2015-09-24,148.64,148.64,148.64,148.64,0,0
2015-09-25,152.57,152.57,152.57,152.57,0,0
2015-09-28,148.75,148.75,148.75,148.75,0,0
2015-09-29,148.4,148.4,148.4,148.4,0,0
2015-09-30,152.38,152.38,152.38,152.38,0,0
2015-10-01,151.54,151.54,151.54,151.54,0,0
2015-10-02,152.17,152.17,152.17,152.17,0,0
2015-10-05,156.85,156.85,156.85,156.85,0,0
2015-10-06,157.88,157.88,157.88,157.88,0,0
2015-10-07,158.74,158.74,158.74,158.74,0,0
2015-10-08,158.77,158.77,158.77,158.77,0,0
2015-10-09,159.47,159.47,159.47,159.47,0,0
2015-10-12,159.12,159.12,159.12,159.12,0,0
2015-10-13,157.36,157.36,157.36,157.36,0,0
2015-10-14,156.47,156.47,156.47,156.47,0,0
2015-10-15,158.26,158.26,158.26,158.26,0,0
2015-10-16,159.34,159.34,159.34,159.34,0,0
2015-10-19,159.5,159.5,159.5,159.5,0,0
2015-10-20,159.12,159.12,159.12,159.12,0,0
2015-10-21,159.51,159.51,159.51,159.51,0,0
2015-10-22,162.74,162.74,162.74,162.74,0,0
2015-10-23,165.98,165.98,165.98,165.98,0,0
2015-10-26,165.21,165.21,165.21,165.21,0,0
2015-10-27,163.21,163.21,163.21,163.21,0,0
2015-10-28,164.79,164.79,164.79,164.79,0,0
2015-10-29,163.77,163.77,163.77,163.77,0,0
2015-10-30,163.75,163.75,163.75,163.75,0,0
2015-11-02,164.54,164.54,164.54,164.54,0,0
2015-11-03,164.69,164.69,164.69,164.69,0,0
2015-11-04,165.34,165.34,165.34,165.34,0,0
2015-11-05,164.54,164.54,164.54,164.54,0,0
2015-11-06,165.47,165.47,165.47,165.47,0,0
2015-11-09,163.85,163.85,163.85,163.85,0,0
2015-11-10,163.95,163.95,163.95,163.95,0,0
2015-11-12,161.74,161.74,161.74,161.74,0,0
2015-11-13,160.94,160.94,160.94,160.94,0,0
2015-11-16,160.89,160.89,160.89,160.89,0,0
2015-11-17,164.73,164.73,164.73,164.73,0,0
2015-11-18,165.04,165.04,165.04,165.04,0,0
2015-11-19,165.69,165.69,165.69,165.69,0,0
2015-11-20,165.88,165.88,165.88,165.88,0,0
2015-11-23,164.71,164.71,164.71,164.71,0,0
2015-11-24,163.26,163.26,163.26,163.26,0,0
2015-11-25,165.27,165.27,165.27,165.27,0,0
2015-11-26,166.84,166.84,166.84,166.84,0,0
2015-11-27,166.38,166.38,166.38,166.38,0,0
2015-11-30,167.14,167.14,167.14,167.14,0,0
2015-12-01,166.71,166.71,166.71,166.71,0,0
2015-12-02,166.39,166.39,166.39,166.39,0,0
2015-12-03,161.34,161.34,161.34,161.34,0,0
2015-12-04,160.83,160.83,160.83,160.83,0,0
2015-12-07,161,161,161,161,0,0
2015-12-08,158.11,158.11,158.11,158.11,0,0
2015-12-09,157.95,157.95,157.95,157.95,0,0
2015-12-10,157.57,157.57,157.57,157.57,0,0
2015-12-11,154.5,154.5,154.5,154.5,0,0
2015-12-14,151.59,151.59,151.59,151.59,0,0
2015-12-15,155.46,155.46,155.46,155.46,0,0
2015-12-16,156.16,156.16,156.16,156.16,0,0
2015-12-17,157.94,157.94,157.94,157.94,0,0
2015-12-18,156.95,156.95,156.95,156.95,0,0
2015-12-21,155.42,155.42,155.42,155.42,0,0
2015-12-22,155.64,155.64,155.64,155.64,0,0
2015-12-23,159.9,159.9,159.9,159.9,0,0
2015-12-28,159.01,159.01,159.01,159.01,0,0
2015-12-29,160.8,160.8,160.8,160.8,0,0
2015-12-30,159.95,159.95,159.95,159.95,0,0
2016-01-04,155.2,155.2,155.2,155.2,0,0
2016-01-05,156.11,156.11,156.11,156.11,0,0
2016-01-07,150.54,150.54,150.54,150.54,0,0
2016-01-08,148.2,148.2,148.2,148.2,0,0
2016-01-11,147.58,147.58,147.58,147.58,0,0
2016-01-12,148.41,148.41,148.41,148.41,0,0
2016-01-13,149.13,149.13,149.13,149.13,0,0
2016-01-14,147.34,147.34,147.34,147.34,0,0
2016-01-15,143.24,143.24,143.24,143.24,0,0
2016-01-18,141.51,141.51,141.51,141.51,0,0
2016-01-19,142.83,142.83,142.83,142.83,0,0
2016-01-20,138.21,138.21,138.21,138.21,0,0
2016-01-21,141.1,141.1,141.1,141.1,0,0
2016-01-22,145.67,145.67,145.67,145.67,0,0
2016-01-25,143.7,143.7,143.7,143.7,0,0
2016-01-26,144.75,144.75,144.75,144.75,0,0
2016-01-27,145.43,145.43,145.43,145.43,0,0
2016-01-28,143.77,143.77,143.77,143.77,0,0
2016-01-29,146.73,146.73,146.73,146.73,0,0
2016-02-01,145.85,145.85,145.85,145.85,0,0
2016-02-02,142.23,142.23,142.23,142.23,0,0
2016-02-03,139.98,139.98,139.98,139.98,0,0
2016-02-04,141.26,141.26,141.26,141.26,0,0
2016-02-05,140.48,140.48,140.48,140.48,0,0
2016-02-08,135.76,135.76,135.76,135.76,0,0
2016-02-09,133.22,133.22,133.22,133.22,0,0
2016-02-10,136.04,136.04,136.04,136.04,0,0
2016-02-11,130.46,130.46,130.46,130.46,0,0
2016-02-12,134.93,134.93,134.93,134.93,0,0
2016-02-15,138.85,138.85,138.85,138.85,0,0
2016-02-16,138.51,138.51,138.51,138.51,0,0
2016-02-17,142.05,142.05,142.05,142.05,0,0
2016-02-18,141.95,141.95,141.95,141.95,0,0
2016-02-19,140.77,140.77,140.77,140.77,0,0
2016-02-22,143.15,143.15,143.15,143.15,0,0
2016-02-23,140.92,140.92,140.92,140.92,0,0
2016-02-24,137.59,137.59,137.59,137.59,0,0
2016-02-25,141.07,141.07,141.07,141.07,0,0
2016-02-26,143.46,143.46,143.46,143.46,0,0
2016-02-29,144.5,144.5,144.5,144.5,0,0
2016-03-01,146.02,146.02,146.02,146.02,0,0
2016-03-02,147.66,147.66,147.66,147.66,0,0
2016-03-03,147.52,147.52,147.52,147.52,0,0
2016-03-04,148.54,148.54,148.54,148.54,0,0
2016-03-07,147.86,147.86,147.86,147.86,0,0
2016-03-08,146.55,146.55,146.55,146.55,0,0
2016-03-09,147.15,147.15,147.15,147.15,0,0
2016-03-10,145.39,145.39,145.39,145.39,0,0
2016-03-11,149.23,149.23,149.23,149.23,0,0
2016-03-14,149.9,149.9,149.9,149.9,0,0
2016-03-15,148.38,148.38,148.38,148.38,0,0
2016-03-16,148.14,148.14,148.14,148.14,0,0
2016-03-17,148.21,148.21,148.21,148.21,0,0
2016-03-18,148.39,148.39,148.39,148.39,0,0
2016-03-21,147.94,147.94,147.94,147.94,0,0
2016-03-22,147.64,147.64,147.64,147.64,0,0
2016-03-23,147.31,147.31,147.31,147.31,0,0
2016-03-24,145.27,145.27,145.27,145.27,0,0
2016-03-29,145.79,145.79,145.79,145.79,0,0
2016-03-30,147.74,147.74,147.74,147.74,0,0
2016-03-31,146.18,146.18,146.18,146.18,0,0
2016-04-01,144.26,144.26,144.26,144.26,0,0
2016-04-04,144.72,144.72,144.72,144.72,0,0
2016-04-05,141.77,141.77,141.77,141.77,0,0
2016-04-06,142.92,142.92,142.92,142.92,0,0
2016-04-07,142.1,142.1,142.1,142.1,0,0
2016-04-08,144.19,144.19,144.19,144.19,0,0
2016-04-11,145.2,145.2,145.2,145.2,0,0
2016-04-12,146.01,146.01,146.01,146.01,0,0
2016-04-13,150.15,150.15,150.15,150.15,0,0
2016-04-14,150.53,150.53,150.53,150.53,0,0
2016-04-15,150.02,150.02,150.02,150.02,0,0
2016-04-18,150.59,150.59,150.59,150.59,0,0
2016-04-19,152.42,152.42,152.42,152.42,0,0
2016-04-20,153.42,153.42,153.42,153.42,0,0
2016-04-21,153.78,153.78,153.78,153.78,0,0
2016-04-22,153.53,153.53,153.53,153.53,0,0
2016-04-25,152.34,152.34,152.34,152.34,0,0
2016-04-26,153.49,153.49,153.49,153.49,0,0
2016-04-27,153.81,153.81,153.81,153.81,0,0
2016-04-28,154.09,154.09,154.09,154.09,0,0
2016-04-29,150.65,150.65,150.65,150.65,0,0
2016-05-02,150.61,150.61,150.61,150.61,0,0
2016-05-04,145.95,145.95,145.95,145.95,0,0
2016-05-05,146.59,146.59,146.59,146.59,0,0
2016-05-06,146.14,146.14,146.14,146.14,0,0
2016-05-09,146.53,146.53,146.53,146.53,0,0
2016-05-10,147.89,147.89,147.89,147.89,0,0
2016-05-11,147.25,147.25,147.25,147.25,0,0
2016-05-12,146.7,146.7,146.7,146.7,0,0
2016-05-13,147.46,147.46,147.46,147.46,0,0
2016-05-16,147.43,147.43,147.43,147.43,0,0
2016-05-17,147.52,147.52,147.52,147.52,0,0
2016-05-18,149.13,149.13,149.13,149.13,0,0
2016-05-19,147.88,147.88,147.88,147.88,0,0
2016-05-20,149.53,149.53,149.53,149.53,0,0
2016-05-23,149.22,149.22,149.22,149.22,0,0
2016-05-24,152.62,152.62,152.62,152.62,0,0
2016-05-25,154.72,154.72,154.72,154.72,0,0
2016-05-27,155.21,155.21,155.21,155.21,0,0
2016-05-30,155.5,155.5,155.5,155.5,0,0
2016-05-31,154.22,154.22,154.22,154.22,0,0
2016-06-01,152.25,152.25,152.25,152.25,0,0
2016-06-02,152.55,152.55,152.55,152.55,0,0
2016-06-03,150.8,150.8,150.8,150.8,0,0
2016-06-06,151.28,151.28,151.28,151.28,0,0
2016-06-07,152.96,152.96,152.96,152.96,0,0
2016-06-08,152.49,152.49,152.49,152.49,0,0
2016-06-09,151.14,151.14,151.14,151.14,0,0
2016-06-10,147.36,147.36,147.36,147.36,0,0
2016-06-13,144.61,144.61,144.61,144.61,0,0
2016-06-14,141.86,141.86,141.86,141.86,0,0
2016-06-15,142.84,142.84,142.84,142.84,0,0
2016-06-16,142.07,142.07,142.07,142.07,0,0
2016-06-17,144.53,144.53,144.53,144.53,0,0
2016-06-20,149.71,149.71,149.71,149.71,0,0
2016-06-21,150.86,150.86,150.86,150.86,0,0
2016-06-22,151.67,151.67,151.67,151.67,0,0
2016-06-23,154.36,154.36,154.36,154.36,0,0
2016-06-24,140.91,140.91,140.91,140.91,0,0
2016-06-27,134.64,134.64,134.64,134.64,0,0
2016-06-28,138.16,138.16,138.16,138.16,0,0
2016-06-29,142.57,142.57,142.57,142.57,0,0
2016-06-30,143.8,143.8,143.8,143.8,0,0
2016-07-01,144.54,144.54,144.54,144.54,0,0
2016-07-04,143.31,143.31,143.31,143.31,0,0
2016-07-05,140.51,140.51,140.51,140.51,0,0
2016-07-06,137.66,137.66,137.66,137.66,0,0
2016-07-07,139.14,139.14,139.14,139.14,0,0
2016-07-08,141.79,141.79,141.79,141.79,0,0
2016-07-11,143.78,143.78,143.78,143.78,0,0
2016-07-12,146.03,146.03,146.03,146.03,0,0
2016-07-13,145.64,145.64,145.64,145.64,0,0
2016-07-14,147.34,147.34,147.34,147.34,0,0
2016-07-15,147.17,147.17,147.17,147.17,0,0
2016-07-18,146.88,146.88,146.88,146.88,0,0
2016-07-19,146.16,146.16,146.16,146.16,0,0
2016-07-20,147.5,147.5,147.5,147.5,0,0
2016-07-21,147.44,147.44,147.44,147.44,0,0
2016-07-22,147.25,147.25,147.25,147.25,0,0
2016-07-25,147.23,147.23,147.23,147.23,0,0
2016-07-26,146.92,146.92,146.92,146.92,0,0
2016-07-27,147.98,147.98,147.98,147.98,0,0
2016-07-28,145.92,145.92,145.92,145.92,0,0
2016-07-29,146.99,146.99,146.99,146.99,0,0
2016-08-01,145.88,145.88,145.88,145.88,0,0
2016-08-02,143.65,143.65,143.65,143.65,0,0
2016-08-03,144.26,144.26,144.26,144.26,0,0
2016-08-04,145.37,145.37,145.37,145.37,0,0
2016-08-05,147.36,147.36,147.36,147.36,0,0
2016-08-08,147.9,147.9,147.9,147.9,0,0
2016-08-09,149.23,149.23,149.23,149.23,0,0
2016-08-10,148.46,148.46,148.46,148.46,0,0
2016-08-11,149.68,149.68,149.68,149.68,0,0
2016-08-12,149.84,149.84,149.84,149.84,0,0
2016-08-16,148.71,148.71,148.71,148.71,0,0
2016-08-17,147.35,147.35,147.35,147.35,0,0
2016-08-18,148.57,148.57,148.57,148.57,0,0
2016-08-19,147.35,147.35,147.35,147.35,0,0
2016-08-22,147.6,147.6,147.6,147.6,0,0
2016-08-23,149.33,149.33,149.33,149.33,0,0
2016-08-24,150.29,150.29,150.29,150.29,0,0
2016-08-25,149.05,149.05,149.05,149.05,0,0
2016-08-26,149.8,149.8,149.8,149.8,0,0
2016-08-29,149.48,149.48,149.48,149.48,0,0
2016-08-30,150.35,150.35,150.35,150.35,0,0
2016-08-31,150.3,150.3,150.3,150.3,0,0
2016-09-01,150.44,150.44,150.44,150.44,0,0
2016-09-02,153.27,153.27,153.27,153.27,0,0
2016-09-05,153.47,153.47,153.47,153.47,0,0
2016-09-06,152.71,152.71,152.71,152.71,0,0
2016-09-07,153.38,153.38,153.38,153.38,0,0
2016-09-08,153.48,153.48,153.48,153.48,0,0
2016-09-09,152.24,152.24,152.24,152.24,0,0
2016-09-12,150.34,150.34,150.34,150.34,0,0
2016-09-13,148.57,148.57,148.57,148.57,0,0
2016-09-14,147.96,147.96,147.96,147.96,0,0
2016-09-15,148.5,148.5,148.5,148.5,0,0
2016-09-16,147.29,147.29,147.29,147.29,0,0
2016-09-19,148.69,148.69,148.69,148.69,0,0
2016-09-20,148.21,148.21,148.21,148.21,0,0
2016-09-21,149.29,149.29,149.29,149.29,0,0
2016-09-22,151.78,151.78,151.78,151.78,0,0
2016-09-23,150.82,150.82,150.82,150.82,0,0
2016-09-26,148.04,148.04,148.04,148.04,0,0
2016-09-27,147.95,147.95,147.95,147.95,0,0
2016-09-28,148.97,148.97,148.97,148.97,0,0
2016-09-29,149.25,149.25,149.25,149.25,0,0
2016-09-30,149.17,149.17,149.17,149.17,0,0
2016-10-03,148.92,148.92,148.92,148.92,0,0
2016-10-04,150.08,150.08,150.08,150.08,0,0
2016-10-05,149.85,149.85,149.85,149.85,0,0
2016-10-06,149.24,149.24,149.24,149.24,0,0
2016-10-07,147.5,147.5,147.5,147.5,0,0
2016-10-10,148.6,148.6,148.6,148.6,0,0
2016-10-11,148.23,148.23,148.23,148.23,0,0
2016-10-12,147.84,147.84,147.84,147.84,0,0
2016-10-13,146.23,146.23,146.23,146.23,0,0
2016-10-14,148.26,148.26,148.26,148.26,0,0
2016-10-17,147.17,147.17,147.17,147.17,0,0
2016-10-18,149.44,149.44,149.44,149.44,0,0
2016-10-19,150.19,150.19,150.19,150.19,0,0
2016-10-20,150.72,150.72,150.72,150.72,0,0
2016-10-21,150.82,150.82,150.82,150.82,0,0
2016-10-24,151.35,151.35,151.35,151.35,0,0
2016-10-25,151.2,151.2,151.2,151.2,0,0
2016-10-26,150.89,150.89,150.89,150.89,0,0
2016-10-27,151.03,151.03,151.03,151.03,0,0
2016-10-28,151.57,151.57,151.57,151.57,0,0
2016-10-31,150.69,150.69,150.69,150.69,0,0
2016-11-02,147.38,147.38,147.38,147.38,0,0
2016-11-03,147.96,147.96,147.96,147.96,0,0
2016-11-04,146.71,146.71,146.71,146.71,0,0
2016-11-07,148.99,148.99,148.99,148.99,0,0
2016-11-08,149.52,149.52,149.52,149.52,0,0
2016-11-09,151.64,151.64,151.64,151.64,0,0
2016-11-10,151.65,151.65,151.65,151.65,0,0
2016-11-14,151.53,151.53,151.53,151.53,0,0
2016-11-15,151.79,151.79,151.79,151.79,0,0
2016-11-16,151.42,151.42,151.42,151.42,0,0
2016-11-17,152.3,152.3,152.3,152.3,0,0
2016-11-18,151.51,151.51,151.51,151.51,0,0
2016-11-21,151.64,151.64,151.64,151.64,0,0
2016-11-22,152.47,152.47,152.47,152.47,0,0
2016-11-23,152.16,152.16,152.16,152.16,0,0
2016-11-24,152.43,152.43,152.43,152.43,0,0
2016-11-25,152.45,152.45,152.45,152.45,0,0
2016-11-28,150.96,150.96,150.96,150.96,0,0
2016-11-29,151.31,151.31,151.31,151.31,0,0
2016-11-30,152.41,152.41,152.41,152.41,0,0
2016-12-01,152.37,152.37,152.37,152.37,0,0
2016-12-02,151.58,151.58,151.58,151.58,0,0
2016-12-05,152.38,152.38,152.38,152.38,0,0
2016-12-06,154.51,154.51,154.51,154.51,0,0
2016-12-07,155.73,155.73,155.73,155.73,0,0
2016-12-08,157.89,157.89,157.89,157.89,0,0
2016-12-09,159.01,159.01,159.01,159.01,0,0
2016-12-12,158.58,158.58,158.58,158.58,0,0
2016-12-13,160.3,160.3,160.3,160.3,0,0
2016-12-14,159.5,159.5,159.5,159.5,0,0
2016-12-15,160.99,160.99,160.99,160.99,0,0
2016-12-16,161.51,161.51,161.51,161.51,0,0
2016-12-19,161.33,161.33,161.33,161.33,0,0
2016-12-20,162.18,162.18,162.18,162.18,0,0
2016-12-21,161.7,161.7,161.7,161.7,0,0
2016-12-22,161.34,161.34,161.34,161.34,0,0
2016-12-23,161.28,161.28,161.28,161.28,0,0
2016-12-27,161.51,161.51,161.51,161.51,0,0
2016-12-28,161.6,161.6,161.6,161.6,0,0
2016-12-29,161.32,161.32,161.32,161.32,0,0
2016-12-30,161.68,161.68,161.68,161.68,0,0
2017-01-02,162.47,162.47,162.47,162.47,0,0
2017-01-03,163.97,163.97,163.97,163.97,0,0
2017-01-04,163.91,163.91,163.91,163.91,0,0
2017-01-05,164.21,164.21,164.21,164.21,0,0
2017-01-09,162.66,162.66,162.66,162.66,0,0
2017-01-10,162.78,162.78,162.78,162.78,0,0
2017-01-11,162.78,162.78,162.78,162.78,0,0
2017-01-12,161.72,161.72,161.72,161.72,0,0
2017-01-13,163.36,163.36,163.36,163.36,0,0
2017-01-16,161.75,161.75,161.75,161.75,0,0
2017-01-17,162.18,162.18,162.18,162.18,0,0
2017-01-18,162.02,162.02,162.02,162.02,0,0
2017-01-19,161.7,161.7,161.7,161.7,0,0
2017-01-20,161.72,161.72,161.72,161.72,0,0
2017-01-23,161.19,161.19,161.19,161.19,0,0
2017-01-24,161.32,161.32,161.32,161.32,0,0
2017-01-25,163.26,163.26,163.26,163.26,0,0
2017-01-26,163.33,163.33,163.33,163.33,0,0
2017-01-27,162.34,162.34,162.34,162.34,0,0
2017-01-30,160.91,160.91,160.91,160.91,0,0
2017-01-31,159.91,159.91,159.91,159.91,0,0
2017-02-01,161.16,161.16,161.16,161.16,0,0
2017-02-02,160.52,160.52,160.52,160.52,0,0
2017-02-03,161.79,161.79,161.79,161.79,0,0
2017-02-06,160.55,160.55,160.55,160.55,0,0
2017-02-07,160.62,160.62,160.62,160.62,0,0
2017-02-08,161.55,161.55,161.55,161.55,0,0
2017-02-09,163.09,163.09,163.09,163.09,0,0
2017-02-10,163.15,163.15,163.15,163.15,0,0
2017-02-13,164.06,164.06,164.06,164.06,0,0
2017-02-14,164.18,164.18,164.18,164.18,0,0
2017-02-15,164.51,164.51,164.51,164.51,0,0
2017-02-16,164.32,164.32,164.32,164.32,0,0
2017-02-17,163.61,163.61,163.61,163.61,0,0
2017-02-20,163.91,163.91,163.91,163.91,0,0
2017-02-21,164.88,164.88,164.88,164.88,0,0
2017-02-22,164.82,164.82,164.82,164.82,0,0
2017-02-23,164.7,164.7,164.7,164.7,0,0
2017-02-24,163.74,163.74,163.74,163.74,0,0
2017-02-27,163.49,163.49,163.49,163.49,0,0
2017-02-28,163.98,163.98,163.98,163.98,0,0
2017-03-01,165.96,165.96,165.96,165.96,0,0
2017-03-02,166.55,166.55,166.55,166.55,0,0
2017-03-03,166.29,166.29,166.29,166.29,0,0
2017-03-06,165.66,165.66,165.66,165.66,0,0
2017-03-07,165.21,165.21,165.21,165.21,0,0
2017-03-08,165.38,165.38,165.38,165.38,0,0
2017-03-09,166,166,166,166,0,0
2017-03-10,166.35,166.35,166.35,166.35,0,0
2017-03-13,166.49,166.49,166.49,166.49,0,0
2017-03-14,165.63,165.63,165.63,165.63,0,0
2017-03-15,166.26,166.26,166.26,166.26,0,0
2017-03-16,167.29,167.29,167.29,167.29,0,0
2017-03-17,167.6,167.6,167.6,167.6,0,0
2017-03-20,167.15,167.15,167.15,167.15,0,0
2017-03-21,166.84,166.84,166.84,166.84,0,0
2017-03-22,165.36,165.36,165.36,165.36,0,0
2017-03-23,167.06,167.06,167.06,167.06,0,0
2017-03-24,166.65,166.65,166.65,166.65,0,0
2017-03-27,166.44,166.44,166.44,166.44,0,0
2017-03-28,167.39,167.39,167.39,167.39,0,0
2017-03-29,168.07,168.07,168.07,168.07,0,0
2017-03-30,169.25,169.25,169.25,169.25,0,0
2017-03-31,169.9,169.9,169.9,169.9,0,0
2017-04-03,169.19,169.19,169.19,169.19,0,0
2017-04-04,169.02,169.02,169.02,169.02,0,0
2017-04-05,169.13,169.13,169.13,169.13,0,0
2017-04-06,169.5,169.5,169.5,169.5,0,0
2017-04-07,169.44,169.44,169.44,169.44,0,0
2017-04-10,169.57,169.57,169.57,169.57,0,0
2017-04-11,169.75,169.75,169.75,169.75,0,0
2017-04-12,177.7,177.7,177.7,177.7,0,0
2017-04-13,168.99,168.99,168.99,168.99,0,0
2017-04-18,167.1,167.1,167.1,167.1,0,0
2017-04-19,168.26,168.26,168.26,168.26,0,0
2017-04-20,168.58,168.58,168.58,168.58,0,0
2017-04-21,168.43,168.43,168.43,168.43,0,0
2017-04-24,172.27,172.27,172.27,172.27,0,0
2017-04-25,172.5,172.5,172.5,172.5,0,0
2017-04-26,172.95,172.95,172.95,172.95,0,0
2017-04-27,172.48,172.48,172.48,172.48,0,0
2017-04-28,172.49,172.49,172.49,172.49,0,0
2017-05-02,173.66,173.66,173.66,173.66,0,0
2017-05-04,175.12,175.12,175.12,175.12,0,0
2017-05-05,176.47,176.47,176.47,176.47,0,0
2017-05-08,176.56,176.56,176.56,176.56,0,0
2017-05-09,177.3,177.3,177.3,177.3,0,0
2017-05-10,178.04,178.04,178.04,178.04,0,0
2017-05-11,177.07,177.07,177.07,177.07,0,0
2017-05-12,178.02,178.02,178.02,178.02,0,0
2017-05-15,178.24,178.24,178.24,178.24,0,0
2017-05-16,178.29,178.29,178.29,178.29,0,0
2017-05-17,176.64,176.64,176.64,176.64,0,0
2017-05-18,176.11,176.11,176.11,176.11,0,0
2017-05-19,177.09,177.09,177.09,177.09,0,0
2017-05-22,177.81,177.81,177.81,177.81,0,0
2017-05-23,178,178,178,178,0,0
2017-05-24,177.68,177.68,177.68,177.68,0,0
2017-05-25,177.29,177.29,177.29,177.29,0,0
2017-05-29,177.19,177.19,177.19,177.19,0,0
2017-05-30,177,177,177,177,0,0
2017-05-31,176.85,176.85,176.85,176.85,0,0
2017-06-01,177.44,177.44,177.44,177.44,0,0
2017-06-02,177.36,177.36,177.36,177.36,0,0
2017-06-05,177.08,177.08,177.08,177.08,0,0
2017-06-06,175.7,175.7,175.7,175.7,0,0
2017-06-07,175.7,175.7,175.7,175.7,0,0
2017-06-08,176.15,176.15,176.15,176.15,0,0
2017-06-09,176.6,176.6,176.6,176.6,0,0
2017-06-12,177.21,177.21,177.21,177.21,0,0
2017-06-13,176.42,176.42,176.42,176.42,0,0
2017-06-14,175.97,175.97,175.97,175.97,0,0
2017-06-16,175.3,175.3,175.3,175.3,0,0
2017-06-19,176.41,176.41,176.41,176.41,0,0
2017-06-20,175.01,175.01,175.01,175.01,0,0
2017-06-21,174.89,174.89,174.89,174.89,0,0
2017-06-22,175,175,175,175,0,0
2017-06-23,175.08,175.08,175.08,175.08,0,0
2017-06-26,175.57,175.57,175.57,175.57,0,0
2017-06-27,174.7,174.7,174.7,174.7,0,0
2017-06-28,175.09,175.09,175.09,175.09,0,0
2017-06-29,173.58,173.58,173.58,173.58,0,0
2017-06-30,172.96,172.96,172.96,172.96,0,0
2017-07-03,174.77,174.77,174.77,174.77,0,0
2017-07-04,174.25,174.25,174.25,174.25,0,0
2017-07-05,174.61,174.61,174.61,174.61,0,0
2017-07-06,173.67,173.67,173.67,173.67,0,0
2017-07-07,172.93,172.93,172.93,172.93,0,0
2017-07-10,173.85,173.85,173.85,173.85,0,0
2017-07-11,172.91,172.91,172.91,172.91,0,0
2017-07-12,175.14,175.14,175.14,175.14,0,0
2017-07-13,176,176,176,176,0,0
2017-07-14,176.02,176.02,176.02,176.02,0,0
2017-07-17,175.99,175.99,175.99,175.99,0,0
2017-07-18,174.26,174.26,174.26,174.26,0,0
2017-07-19,175.64,175.64,175.64,175.64,0,0
2017-07-20,174.99,174.99,174.99,174.99,0,0
2017-07-21,173.3,173.3,173.3,173.3,0,0
2017-07-24,173.16,173.16,173.16,173.16,0,0
2017-07-25,174.08,174.08,174.08,174.08,0,0
2017-07-26,174.69,174.69,174.69,174.69,0,0
2017-07-27,174.76,174.76,174.76,174.76,0,0
2017-07-28,173.27,173.27,173.27,173.27,0,0
2017-07-31,173.2,173.2,173.2,173.2,0,0
2017-08-01,174.25,174.25,174.25,174.25,0,0
2017-08-02,173.64,173.64,173.64,173.64,0,0
2017-08-03,173.63,173.63,173.63,173.63,0,0
2017-08-04,175.11,175.11,175.11,175.11,0,0
2017-08-07,174.94,174.94,174.94,174.94,0,0
2017-08-08,175.25,175.25,175.25,175.25,0,0
2017-08-09,173.81,173.81,173.81,173.81,0,0
2017-08-10,172.63,172.63,172.63,172.63,0,0
2017-08-11,170.64,170.64,170.64,170.64,0,0
2017-08-14,172.44,172.44,172.44,172.44,0,0
2017-08-16,173.73,173.73,173.73,173.73,0,0
2017-08-17,172.63,172.63,172.63,172.63,0,0
2017-08-18,171.59,171.59,171.59,171.59,0,0
2017-08-21,170.78,170.78,170.78,170.78,0,0
2017-08-22,172.09,172.09,172.09,172.09,0,0
2017-08-23,170.89,170.89,170.89,170.89,0,0
2017-08-24,171.37,171.37,171.37,171.37,0,0
2017-08-25,171,171,171,171,0,0
2017-08-28,170.22,170.22,170.22,170.22,0,0
2017-08-29,168.08,168.08,168.08,168.08,0,0
2017-08-30,169.31,169.31,169.31,169.31,0,0
2017-08-31,170.44,170.44,170.44,170.44,0,0
2017-09-01,171.58,171.58,171.58,171.58,0,0
2017-09-04,170.65,170.65,170.65,170.65,0,0
2017-09-05,170.19,170.19,170.19,170.19,0,0
2017-09-06,170.78,170.78,170.78,170.78,0,0
2017-09-07,170.85,170.85,170.85,170.85,0,0
2017-09-08,170.91,170.91,170.91,170.91,0,0
2017-09-11,172.47,172.47,172.47,172.47,0,0
2017-09-12,173.68,173.68,173.68,173.68,0,0
2017-09-13,173.81,173.81,173.81,173.81,0,0
2017-09-14,174.17,174.17,174.17,174.17,0,0
2017-09-15,173.83,173.83,173.83,173.83,0,0
2017-09-18,174.49,174.49,174.49,174.49,0,0
2017-09-19,174.65,174.65,174.65,174.65,0,0
2017-09-20,174.72,174.72,174.72,174.72,0,0
2017-09-21,175.76,175.76,175.76,175.76,0,0
2017-09-22,175.83,175.83,175.83,175.83,0,0
2017-09-25,175.93,175.93,175.93,175.93,0,0
2017-09-26,175.71,175.71,175.71,175.71,0,0
2017-09-27,176.67,176.67,176.67,176.67,0,0
2017-09-28,176.76,176.76,176.76,176.76,0,0
2017-09-29,177.79,177.79,177.79,177.79,0,0
2017-10-02,178.61,178.61,178.61,178.61,0,0
2017-10-03,178.65,178.65,178.65,178.65,0,0
2017-10-04,177.87,177.87,177.87,177.87,0,0
2017-10-05,178.42,178.42,178.42,178.42,0,0
2017-10-06,177.73,177.73,177.73,177.73,0,0
2017-10-09,177.83,177.83,177.83,177.83,0,0
2017-10-10,177.46,177.46,177.46,177.46,0,0
2017-10-11,177.78,177.78,177.78,177.78,0,0
2017-10-12,177.86,177.86,177.86,177.86,0,0
2017-10-13,178.37,178.37,178.37,178.37,0,0
2017-10-16,178.37,178.37,178.37,178.37,0,0
2017-10-17,178,178,178,178,0,0
2017-10-18,178.43,178.43,178.43,178.43,0,0
2017-10-19,177.82,177.82,177.82,177.82,0,0
2017-10-20,178.52,178.52,178.52,178.52,0,0
2017-10-23,178.71,178.71,178.71,178.71,0,0
2017-10-24,178.24,178.24,178.24,178.24,0,0
2017-10-25,176.36,176.36,176.36,176.36,0,0
2017-10-26,177.42,177.42,177.42,177.42,0,0
2017-10-27,178.07,178.07,178.07,178.07,0,0
2017-10-30,178.6,178.6,178.6,178.6,0,0
2017-10-31,179.11,179.11,179.11,179.11,0,0
2017-11-02,178.96,178.96,178.96,178.96,0,0
2017-11-03,179.1,179.1,179.1,179.1,0,0
2017-11-06,179.3,179.3,179.3,179.3,0,0
2017-11-07,178.61,178.61,178.61,178.61,0,0
2017-11-08,178.9,178.9,178.9,178.9,0,0
2017-11-09,177.57,177.57,177.57,177.57,0,0
2017-11-10,177.02,177.02,177.02,177.02,0,0
2017-11-12,179.13,179.13,179.13,179.13,0,0
2017-11-13,175.84,175.84,175.84,175.84,0,0
2017-11-16,175.6,175.6,175.6,175.6,0,0
2017-11-17,174.83,174.83,174.83,174.83,0,0
2017-11-20,175.66,175.66,175.66,175.66,0,0
2017-11-21,175.99,175.99,175.99,175.99,0,0
2017-11-22,176.27,176.27,176.27,176.27,0,0
2017-11-23,176.3,176.3,176.3,176.3,0,0
2017-11-24,176.08,176.08,176.08,176.08,0,0
2017-11-27,175.5,175.5,175.5,175.5,0,0
2017-11-28,176.71,176.71,176.71,176.71,0,0
2017-11-29,177.75,177.75,177.75,177.75,0,0
2017-11-30,177.36,177.36,177.36,177.36,0,0
2017-12-01,176.03,176.03,176.03,176.03,0,0
2017-12-05,177.39,177.39,177.39,177.39,0,0
2017-12-07,177.76,177.76,177.76,177.76,0,0
2017-12-08,179.12,179.12,179.12,179.12,0,0
2017-12-12,179.91,179.91,179.91,179.91,0,0
2017-12-13,178.89,178.89,178.89,178.89,0,0
2017-12-14,178.06,178.06,178.06,178.06,0,0
2017-12-15,177.89,177.89,177.89,177.89,0,0
2017-12-18,179.87,179.87,179.87,179.87,0,0
2017-12-19,179.53,179.53,179.53,179.53,0,0
2017-12-20,178.18,178.18,178.18,178.18,0,0
2017-12-21,179.11,179.11,179.11,179.11,0,0
2017-12-22,178.72,178.72,178.72,178.72,0,0
2017-12-27,178.66,178.66,178.66,178.66,0,0
2017-12-28,178.44,178.44,178.44,178.44,0,0
2017-12-29,178.3,178.3,178.3,178.3,0,0
2018-01-03,178.64,178.64,178.64,178.64,0,0
2018-01-04,180.55,180.55,180.55,180.55,0,0
2018-01-05,181.99,181.99,181.99,181.99,0,0
2018-01-08,182.44,182.44,182.44,182.44,0,0
2018-01-09,182.98,182.98,182.98,182.98,0,0
2018-01-10,182.56,182.56,182.56,182.56,0,0
2018-01-11,182.07,182.07,182.07,182.07,0,0
2018-01-12,182.85,182.85,182.85,182.85,0,0
2018-01-15,182.45,182.45,182.45,182.45,0,0
2018-01-16,182.75,182.75,182.75,182.75,0,0
2018-01-17,182.51,182.51,182.51,182.51,0,0
2018-01-18,182.8,182.8,182.8,182.8,0,0
2018-01-19,183.52,183.52,183.52,183.52,0,0
2018-01-22,184.7,184.7,184.7,184.7,0,0
2018-01-23,185,185,185,185,0,0
2018-01-24,183.99,183.99,183.99,183.99,0,0
2018-01-25,183.15,183.15,183.15,183.15,0,0
2018-01-26,183.68,183.68,183.68,183.68,0,0
2018-01-29,183.52,183.52,183.52,183.52,0,0
2018-01-30,181.83,181.83,181.83,181.83,0,0
2018-01-31,181.64,181.64,181.64,181.64,0,0
2018-02-01,180.8,180.8,180.8,180.8,0,0
2018-02-02,178.8,178.8,178.8,178.8,0,0
2018-02-05,176.21,176.21,176.21,176.21,0,0
2018-02-06,171.7,171.7,171.7,171.7,0,0
2018-02-07,174.48,174.48,174.48,174.48,0,0
2018-02-08,172.14,172.14,172.14,172.14,0,0
2018-02-09,169.41,169.41,169.41,169.41,0,0
2018-02-12,171.11,171.11,171.11,171.11,0,0
2018-02-13,170.08,170.08,170.08,170.08,0,0
2018-02-14,171.28,171.28,171.28,171.28,0,0
2018-02-15,172.33,172.33,172.33,172.33,0,0
2018-02-16,173.79,173.79,173.79,173.79,0,0
2018-02-19,172.51,172.51,172.51,172.51,0,0
2018-02-20,173.53,173.53,173.53,173.53,0,0
2018-02-21,173.64,173.64,173.64,173.64,0,0
2018-02-22,173.09,173.09,173.09,173.09,0,0
2018-02-23,173.69,173.69,173.69,173.69,0,0
2018-02-26,174.15,174.15,174.15,174.15,0,0
2018-02-27,174.07,174.07,174.07,174.07,0,0
2018-02-28,173.33,173.33,173.33,173.33,0,0
2018-03-01,171.82,171.82,171.82,171.82,0,0
2018-03-02,168.43,168.43,168.43,168.43,0,0
2018-03-05,169.8,169.8,169.8,169.8,0,0
2018-03-06,170.13,170.13,170.13,170.13,0,0
2018-03-07,170.68,170.68,170.68,170.68,0,0
2018-03-08,172.57,172.57,172.57,172.57,0,0
2018-03-09,173.13,173.13,173.13,173.13,0,0
2018-03-12,173.25,173.25,173.25,173.25,0,0
2018-03-13,171.6,171.6,171.6,171.6,0,0
2018-03-14,171.58,171.58,171.58,171.58,0,0
2018-03-15,172.44,172.44,172.44,172.44,0,0
2018-03-16,173.08,173.08,173.08,173.08,0,0
2018-03-19,171.46,171.46,171.46,171.46,0,0
2018-03-20,172.16,172.16,172.16,172.16,0,0
2018-03-21,171.66,171.66,171.66,171.66,0,0
2018-03-22,169.62,169.62,169.62,169.62,0,0
2018-03-23,168.59,168.59,168.59,168.59,0,0
2018-03-26,167.21,167.21,167.21,167.21,0,0
2018-03-27,169.39,169.39,169.39,169.39,0,0
2018-03-28,171.14,171.14,171.14,171.14,0,0
2018-03-29,171.52,171.52,171.52,171.52,0,0
