Date,Open,High,Low,Close,Volume,OpenInt
2015-03-10,62.121,62.121,62.121,62.121,25,0
2015-03-24,64.894,64.894,64.894,64.894,2335,0
2015-04-09,65.846,65.846,65.846,65.846,3,0
2015-04-13,64.37,64.37,64.37,64.37,450,0
2015-05-05,65.135,65.135,64.362,64.671,94,0
2015-05-08,65.082,65.082,65.082,65.082,25,0
2015-05-11,65.589,65.589,64.748,64.748,45,0
2015-05-14,65.598,66.456,65.598,66.456,9392,0
2015-06-04,64.276,64.276,64.276,64.276,10,0
2015-06-05,64.19,64.19,63.632,63.632,70,0
2015-06-08,63.546,63.546,63.151,63.151,35,0
2015-06-10,64.508,64.508,64.225,64.225,2513,0
2015-06-22,64.74,64.74,64.74,64.74,5,0
2015-07-02,62.895,63.254,62.534,63.254,7009,0
2015-07-20,63.161,63.431,63.015,63.431,222,0
2015-07-24,62.869,62.869,62.301,62.301,60,0
2015-07-27,62.216,62.216,62.045,62.045,16,0
2015-07-30,61.959,61.959,61.874,61.874,10,0
2015-08-03,59.814,59.814,59.617,59.617,1166,0
2015-08-05,59.471,59.471,59.299,59.299,16,0
2015-08-06,59.213,59.213,59.041,59.041,16,0
2015-08-07,58.869,58.869,58.526,58.526,30,0
2015-08-12,58.706,58.706,58.706,58.706,25,0
2015-08-27,56.226,56.226,56.124,56.124,9334,0
2015-08-28,56.184,56.184,56.184,56.184,1287,0
2015-09-16,54.836,54.836,54.836,54.836,2335,0
2015-09-18,55.711,56.124,55.711,56.124,4674,0
2015-09-25,55.035,55.035,55.035,55.035,2335,0
2015-11-16,55.035,56.828,55.035,56.828,2335,0
2015-11-17,57.402,57.402,57.402,57.402,582,0
2015-11-24,58.338,58.338,58.338,58.338,2335,0
2015-12-24,55.646,55.646,55.646,55.646,0,0
2015-12-29,55.883,55.883,55.883,55.883,0,0
2015-12-30,55.197,55.197,55.197,55.197,0,0
2015-12-31,55.183,55.183,55.183,55.183,0,0
2016-01-04,54.773,54.773,54.773,54.773,0,0
2016-01-05,54.789,54.789,54.789,54.789,0,0
2016-01-06,54.485,54.485,54.485,54.485,0,0
2016-01-07,54.42,54.42,54.42,54.42,0,0
2016-01-08,53.991,53.991,53.991,53.991,0,0
2016-01-11,53.695,53.695,53.695,53.695,0,0
2016-01-12,58.338,58.338,53.661,53.661,2335,0
2016-01-13,54.141,54.141,54.141,54.141,0,0
2016-01-14,54.017,54.017,54.017,54.017,0,0
2016-01-15,53.468,53.468,53.468,53.468,0,0
2016-01-18,53.477,53.477,53.477,53.477,0,0
2016-01-19,53.45,53.45,53.45,53.45,0,0
2016-01-20,52.961,52.961,52.961,52.961,0,0
2016-01-21,58.338,58.338,53.103,53.103,2335,0
2016-01-22,53.344,53.344,53.344,53.344,0,0
2016-01-25,53.507,53.507,53.507,53.507,0,0
2016-01-26,53.704,53.704,53.704,53.704,0,0
2016-01-27,53.913,53.913,53.913,53.913,0,0
2016-01-28,54.137,54.137,54.137,54.137,0,0
2016-01-29,54.493,54.493,54.493,54.493,0,0
2016-02-01,54.769,54.769,54.769,54.769,0,0
2016-02-02,54.618,54.618,54.618,54.618,0,0
2016-02-03,54.862,54.862,54.862,54.862,0,0
2016-02-04,55.68,55.68,55.68,55.68,0,0
2016-02-05,55.357,55.357,55.357,55.357,0,0
2016-02-08,55.127,55.127,55.127,55.127,0,0
2016-02-09,54.879,55.41,54.879,55.149,502,0
2016-02-10,54.968,54.968,54.968,54.968,0,0
2016-02-11,54.754,54.754,54.754,54.754,0,0
2016-02-12,54.738,54.738,54.738,54.738,0,0
2016-02-15,54.785,54.785,54.785,54.785,0,0
2016-02-16,54.649,54.649,54.649,54.649,0,0
2016-02-17,55.438,55.438,55.438,55.438,0,0
2016-02-18,55.46,55.46,55.46,55.46,0,0
2016-02-19,55.305,55.305,55.305,55.305,0,0
2016-02-22,55.903,55.903,55.903,55.903,0,0
2016-02-23,55.592,55.592,55.592,55.592,0,0
2016-02-24,55.305,55.305,55.305,55.305,0,0
2016-02-25,55.711,55.711,55.711,55.711,0,0
2016-02-26,55.207,55.207,55.207,55.207,0,0
2016-02-29,55.618,55.618,55.618,55.618,0,0
2016-03-01,56.035,56.035,56.035,56.035,0,0
2016-03-02,56.261,56.261,56.261,56.261,0,0
2016-03-03,56.63,56.63,56.63,56.63,0,0
2016-03-04,57.244,57.244,57.244,57.244,0,0
2016-03-07,57.337,57.337,57.337,57.337,0,0
2016-03-08,57.111,57.111,57.111,57.111,0,0
2016-03-09,57.922,57.922,57.922,57.922,0,0
2016-03-10,57.825,57.825,57.825,57.825,0,0
2016-03-11,58.68,58.68,58.68,58.68,0,0
2016-03-14,58.45,58.45,58.45,58.45,0,0
2016-03-15,57.52,57.52,57.52,57.52,0,0
2016-03-16,57.04,57.04,57.04,57.04,0,0
2016-03-17,58.773,58.773,58.773,58.773,0,0
2016-03-18,59.008,59.274,59.008,59.274,10,0
2016-03-21,59.371,60.019,59.371,59.837,8976,0
2016-03-22,59.903,59.965,59.78,59.965,4525,0
2016-03-23,60.072,60.08,59.526,59.526,3854,0
2016-03-24,59.261,59.261,59.261,59.261,0,0
2016-03-29,59.345,59.482,59.345,59.482,1443,0
2016-03-30,60.108,60.108,59.744,59.744,8103,0
2016-03-31,59.505,60.01,59.505,60.01,113,0
2016-04-01,59.678,59.678,59.678,59.678,0,0
2016-04-04,59.749,59.749,59.749,59.749,0,0
2016-04-05,59.186,59.186,59.186,59.186,0,0
2016-04-06,58.795,58.795,58.795,58.795,0,0
2016-04-07,58.618,58.618,58.618,58.618,0,0
2016-04-08,59.186,59.203,59.07,59.07,4525,0
2016-04-11,59.459,59.979,59.459,59.979,2262,0
2016-04-12,60.258,60.612,60.258,60.275,16,0
2016-04-13,59.983,60.249,59.983,60.249,39,0
2016-04-14,60.781,60.781,60.568,60.568,11017,0
2016-04-15,60.789,61.278,60.559,60.767,2531,0
2016-04-18,61.126,61.134,60.86,60.86,248,0
2016-04-19,61.011,61.676,61.011,61.512,63,0
2016-04-20,61.41,61.41,61.41,61.41,0,0
2016-04-21,61.289,61.289,61.289,61.289,0,0
2016-04-22,60.612,60.833,60.612,60.639,8632,0
2016-04-25,60.833,60.833,60.674,60.674,50,0
2016-04-26,61.077,61.077,61.077,61.077,0,0
2016-04-27,60.966,60.966,60.966,60.966,0,0
2016-04-28,61.508,61.68,61.436,61.68,6552,0
2016-04-29,61.852,62.207,61.852,62.137,243,0
2016-05-03,61.002,61.002,61.002,61.002,5879,0
2016-05-04,60.692,60.692,60.692,60.692,0,0
2016-05-05,60.541,60.541,60.541,60.541,0,0
2016-05-06,60.347,60.453,60.347,60.453,5,0
2016-05-09,60.17,60.17,59.965,59.965,10,0
2016-05-10,60.258,60.258,60.258,60.258,0,0
2016-05-11,60.7,60.7,60.7,60.7,0,0
2016-05-12,60.515,60.515,60.515,60.515,0,0
2016-05-13,60.904,60.904,59.991,60.271,1657,0
2016-05-16,60.05,60.05,60.05,60.05,0,0
2016-05-17,60.072,60.089,59.97,59.97,70,0
2016-05-18,59.815,59.815,59.283,59.558,24,0
2016-05-19,58.928,58.928,58.575,58.592,2281,0
2016-05-20,58.991,58.991,58.991,58.991,0,0
2016-05-23,58.858,58.858,58.858,58.858,0,0
2016-05-24,58.906,58.906,58.906,58.906,0,0
2016-05-25,58.69,58.69,58.69,58.69,0,0
2016-05-26,58.898,58.898,58.898,58.898,0,0
2016-05-27,58.733,58.733,58.733,58.733,0,0
2016-05-31,58.69,58.69,58.69,58.69,0,0
2016-06-01,58.733,58.733,58.733,58.733,0,0
2016-06-02,58.675,58.675,58.675,58.675,0,0
2016-06-03,59.593,59.637,59.487,59.487,4525,0
2016-06-06,60.174,60.174,60.174,60.174,0,0
2016-06-07,59.593,60.448,59.593,60.448,4525,0
2016-06-08,60.612,61.144,60.612,61.091,24,0
2016-06-09,61.073,61.073,61.073,61.073,0,0
2016-06-10,60.568,60.568,60.568,60.568,0,0
2016-06-13,60.35,60.35,60.35,60.35,0,0
2016-06-14,59.523,59.523,59.425,59.425,2262,0
2016-06-15,59.694,59.694,59.694,59.694,0,0
2016-06-16,59.523,59.523,59.391,59.391,2262,0
2016-06-17,59.827,59.827,59.827,59.827,0,0
2016-06-20,59.523,60.683,59.523,60.683,2262,0
2016-06-21,60.745,60.745,60.745,60.745,0,0
2016-06-22,61.028,61.028,61.028,61.028,0,0
2016-06-23,61.32,61.369,61.32,61.369,5,0
2016-06-24,60.364,60.364,60.24,60.24,2262,0
2016-06-27,60.32,60.32,59.761,59.766,3724,0
2016-06-28,60.408,60.95,60.4,60.95,4525,0
2016-06-29,61.232,61.973,61.232,61.973,43,0
2016-06-30,61.941,62.189,61.941,62.189,10,0
2016-07-01,62.296,62.65,62.278,62.278,16,0
2016-07-04,62.349,62.349,62.349,62.349,0,0
2016-07-05,61.622,61.622,61.622,61.622,0,0
2016-07-06,61.139,61.139,61.139,61.139,0,0
2016-07-07,61.467,61.467,61.467,61.467,0,0
2016-07-08,62.016,62.016,62.016,62.016,0,0
2016-07-11,62.438,62.438,62.438,62.438,0,0
2016-07-12,62.642,62.642,62.642,62.642,0,0
2016-07-13,62.611,62.611,62.611,62.611,0,0
2016-07-14,63.204,63.204,63.204,63.204,0,0
2016-07-15,62.925,62.925,62.925,62.925,0,0
2016-07-18,62.739,62.739,62.739,62.739,0,0
2016-07-19,62.074,62.074,62.074,62.074,0,0
2016-07-20,62.606,62.606,62.242,62.242,11,0
2016-07-21,62.132,62.132,62.132,62.132,0,0
2016-07-22,61.884,61.884,61.884,61.884,0,0
2016-07-25,61.857,61.857,61.857,61.857,0,0
2016-07-26,61.746,61.746,61.746,61.746,0,0
2016-07-27,61.892,61.892,61.892,61.892,0,0
2016-07-28,62.07,62.07,62.07,62.07,0,0
2016-07-29,62.788,62.788,62.788,62.788,0,0
2016-08-01,62.614,62.614,62.614,62.614,0,0
2016-08-02,62.604,62.604,62.604,62.604,0,0
2016-08-03,62.257,62.257,62.257,62.257,0,0
2016-08-04,62.755,62.755,62.755,62.755,0,0
2016-08-05,62.759,62.759,62.759,62.759,0,0
2016-08-08,63.347,63.347,63.347,63.347,0,0
2016-08-09,63.828,63.828,63.777,63.777,5,0
2016-08-10,64.009,64.193,64.009,64.17,10,0
2016-08-11,64.27,64.27,64.27,64.27,0,0
2016-08-12,64.376,64.376,64.348,64.348,5,0
2016-08-15,64.718,64.718,64.718,64.718,0,0
2016-08-16,64.558,64.741,64.558,64.654,10,0
2016-08-17,64.138,64.138,64.138,64.138,0,0
2016-08-18,64.923,64.923,64.586,64.586,5,0
2016-08-19,64.321,64.321,64.321,64.321,0,0
2016-08-22,64.093,64.093,64.093,64.093,0,0
2016-08-23,64.257,64.257,64.257,64.257,0,0
2016-08-24,63.183,63.183,63.183,63.183,0,0
2016-08-25,63.308,63.308,63.308,63.308,0,0
2016-08-26,63.659,63.659,63.033,63.659,124,0
2016-08-30,62.823,62.823,62.736,62.736,5,0
2016-08-31,62.677,62.677,62.677,62.677,0,0
2016-09-01,62.585,62.585,62.585,62.585,0,0
2016-09-02,62.709,62.709,62.709,62.709,0,0
2016-09-05,62.85,62.85,62.85,62.85,0,0
2016-09-06,63.494,63.494,63.494,63.494,0,0
2016-09-07,63.7,63.7,63.7,63.7,0,0
2016-09-08,63.745,63.745,63.745,63.745,0,0
2016-09-09,63.023,63.023,62.85,62.85,99,0
2016-09-12,62.458,62.458,62.092,62.257,16,0
2016-09-13,62.124,62.124,62.124,62.124,0,0
2016-09-14,62.275,62.275,62.275,62.275,0,0
2016-09-15,61.91,62.235,61.91,62.235,5,0
2016-09-16,61.883,61.883,61.883,61.883,0,0
2016-09-19,62.175,62.175,62.175,62.175,0,0
2016-09-20,62.403,62.403,62.015,62.015,547,0
2016-09-21,62.179,62.179,62.179,62.179,0,0
2016-09-22,62.905,62.905,62.905,62.905,0,0
2016-09-23,62.928,62.928,62.928,62.928,0,0
2016-09-26,62.704,62.704,62.704,62.704,0,0
2016-09-27,62.96,62.96,62.96,62.96,0,0
2016-09-28,62.923,62.923,62.923,62.923,0,0
2016-09-29,63.006,63.115,63.006,63.115,165,0
2016-09-30,63.065,63.065,63.065,63.065,0,0
2016-10-03,63.143,63.143,63.143,63.143,0,0
2016-10-04,63.107,63.107,63.107,63.107,0,0
2016-10-05,63.033,63.033,63.033,63.033,5,0
2016-10-06,62.641,62.641,62.641,62.641,0,0
2016-10-07,62.905,62.905,62.723,62.723,394,0
2016-10-10,63.325,63.325,63.115,63.115,12,0
2016-10-11,62.549,62.549,62.549,62.549,0,0
2016-10-12,62.522,62.522,62.522,62.522,0,0
2016-10-13,62.412,62.412,62.412,62.412,0,0
2016-10-14,62.485,62.485,62.485,62.485,0,0
2016-10-17,62.53,62.53,62.53,62.53,0,0
2016-10-18,62.905,62.905,62.905,62.905,0,0
2016-10-19,63.175,63.175,63.175,63.175,0,0
2016-10-20,63.303,63.303,63.303,63.303,0,0
2016-10-21,63.102,63.102,63.102,63.102,0,0
2016-10-24,63.325,63.403,63.325,63.403,12,0
2016-10-25,63.677,63.677,63.677,63.677,0,0
2016-10-26,63.357,63.357,63.357,63.357,0,0
2016-10-27,62.832,62.832,62.832,62.832,0,0
2016-10-28,62.969,63.134,62.969,63.023,222916,0
2016-10-31,63.216,63.216,63.175,63.175,76,0
2016-11-01,62.818,62.818,62.818,62.818,0,0
2016-11-02,62.649,62.649,62.649,62.649,0,0
2016-11-03,62.759,62.759,62.759,62.759,0,0
2016-11-04,62.649,62.649,62.649,62.649,0,0
2016-11-07,63.553,63.553,63.276,63.276,274,0
2016-11-08,63.526,63.526,63.485,63.485,547,0
2016-11-09,61.727,62.056,61.727,62.056,5,0
2016-11-10,61.545,61.545,59.901,60.307,2251,0
2016-11-11,59.719,59.719,57.892,58.937,61,0
2016-11-14,58.38,58.38,58.38,58.38,0,0
2016-11-15,58.705,58.705,58.705,58.705,0,0
2016-11-16,59.089,59.089,58.732,58.732,438,0
2016-11-17,59.143,59.143,59.143,59.143,0,0
2016-11-18,58.687,58.687,58.687,58.687,0,0
2016-11-21,58.96,58.96,58.96,58.96,0,0
2016-11-22,59.143,59.143,59.143,59.143,0,0
2016-11-23,58.581,58.581,58.581,58.581,0,0
2016-11-24,58.536,58.536,58.536,58.536,0,0
2016-11-25,58.412,58.412,58.412,58.412,0,0
2016-11-28,58.865,58.865,58.865,58.865,0,0
2016-11-29,58.764,58.764,58.764,58.764,0,0
2016-11-30,58.824,58.824,58.824,58.824,0,0
2016-12-01,58.372,58.372,58.372,58.372,0,0
2016-12-02,58.249,58.249,58.249,58.249,0,0
2016-12-05,58.412,58.412,58.412,58.412,0,0
2016-12-06,58.997,58.997,58.997,58.997,0,0
2016-12-07,59.558,59.558,59.558,59.558,0,0
2016-12-08,59.49,59.49,59.307,59.307,43,0
2016-12-09,59.294,59.294,59.294,59.294,0,0
2016-12-12,59.614,59.614,59.614,59.614,0,0
2016-12-13,59.855,59.859,59.855,59.859,2196,0
2016-12-14,59.741,59.741,59.741,59.741,0,0
2016-12-15,58.778,58.778,58.778,58.778,0,0
2016-12-16,58.782,58.782,58.782,58.782,0,0
2016-12-19,58.915,58.915,58.915,58.915,0,0
2016-12-20,59.207,59.207,58.974,58.974,353,0
2016-12-21,59.285,59.285,59.285,59.285,0,0
2016-12-22,59.508,59.508,59.234,59.234,1314,0
2016-12-23,59.33,59.33,59.33,59.33,0,0
2016-12-28,59.371,59.371,59.371,59.371,0,0
2016-12-29,59.759,59.759,59.759,59.759,0,0
2016-12-30,59.992,59.992,59.933,59.933,5,0
2017-01-03,59.974,59.974,59.631,59.631,547,0
2017-01-04,59.965,59.965,59.623,59.623,2634,0
2017-01-05,59.791,59.791,59.791,59.791,0,0
2017-01-06,59.773,59.773,59.773,59.773,0,0
2017-01-09,59.769,59.769,59.769,59.769,0,0
2017-01-10,59.398,59.398,59.398,59.398,0,0
2017-01-11,58.581,58.581,58.581,58.581,0,0
2017-01-12,59.558,59.558,59.558,59.558,0,0
2017-01-13,59.805,59.805,59.805,59.805,0,0
2017-01-16,59.599,59.599,59.294,59.294,1643,0
2017-01-17,59.824,59.824,59.824,59.824,0,0
2017-01-18,59.901,59.901,59.759,59.759,767,0
2017-01-19,59.403,59.403,59.403,59.403,0,0
2017-01-20,59.796,59.796,59.796,59.796,0,0
2017-01-23,60.176,60.207,60.047,60.207,10,0
2017-01-24,60.481,60.481,60.481,60.481,0,0
2017-01-25,60.436,60.436,60.436,60.436,0,0
2017-01-26,60.303,60.303,60.303,60.303,0,0
2017-01-27,60.385,60.385,60.385,60.385,0,0
2017-01-30,60.723,60.778,60.723,60.778,5,0
2017-01-31,60.837,60.837,60.837,60.837,0,0
2017-02-01,61.124,61.763,60.796,60.796,210,0
2017-02-02,61.204,61.204,61.204,61.204,0,0
2017-02-03,61.687,61.96,61.687,61.73,2146,0
2017-02-06,62.063,62.063,61.655,61.655,5,0
2017-02-07,62.063,62.063,61.378,61.378,5,0
2017-02-08,61.655,61.655,61.655,61.655,0,0
2017-02-09,61.518,61.894,61.518,61.894,315,0
2017-02-10,62.101,62.101,62.101,62.101,0,0
2017-02-13,62.167,62.167,62.167,62.167,0,0
2017-02-14,62.251,62.439,62.251,62.382,10,0
2017-02-15,62.721,62.721,62.721,62.721,0,0
2017-02-16,62.777,62.777,62.777,62.777,0,0
2017-02-17,62.622,62.622,62.622,62.622,0,0
2017-02-20,62.805,62.805,62.805,62.805,0,0
2017-02-21,63.002,63.002,62.843,62.843,463,0
2017-02-22,63.19,63.378,63.19,63.275,10,0
2017-02-23,63.566,64.044,63.566,63.758,202,0
2017-02-24,63.645,63.645,63.645,63.645,0,0
2017-02-27,63.678,63.678,63.678,63.678,0,0
2017-02-28,63.392,63.392,63.392,63.392,0,0
2017-03-01,63.181,63.181,63.181,63.181,0,0
2017-03-02,62.885,62.885,62.885,62.885,0,0
2017-03-03,62.815,62.815,62.815,62.815,0,0
2017-03-06,63.326,63.326,63.326,63.326,0,0
2017-03-07,63.64,63.64,63.382,63.382,1269,0
2017-03-08,62.932,62.932,62.932,62.932,0,0
2017-03-09,62.373,62.373,62.373,62.373,0,0
2017-03-10,62.622,62.622,62.622,62.622,0,0
2017-03-13,62.974,62.974,62.974,62.974,0,0
2017-03-14,63.073,63.073,63.073,63.073,0,0
2017-03-15,63.425,63.425,63.425,63.425,0,0
2017-03-16,64.129,64.504,64.129,64.383,16,0
2017-03-17,64.495,64.495,64.495,64.495,0,0
2017-03-20,64.692,65.068,64.692,64.889,13,0
2017-03-21,65.068,65.443,64.993,64.993,41,0
2017-03-22,64.979,64.979,64.979,64.979,0,0
2017-03-23,64.937,64.937,64.937,64.937,0,0
2017-03-24,65.298,65.298,65.298,65.298,0,0
2017-03-27,65.242,65.242,65.096,65.096,585,0
2017-03-28,65.242,65.242,65.016,65.016,585,0
2017-03-29,64.861,64.861,64.861,64.861,0,0
2017-03-30,65.106,65.106,65.106,65.106,0,0
2017-03-31,64.363,64.363,64.363,64.363,0,0
2017-04-03,65.106,65.106,64.523,64.523,106,0
2017-04-04,64.223,64.223,64.223,64.223,0,0
2017-04-05,64.157,64.157,64.157,64.157,0,0
2017-04-06,64.096,64.096,64.096,64.096,0,0
2017-04-07,64.195,64.195,63.913,63.913,94,0
2017-04-10,63.711,63.711,63.711,63.711,0,0
2017-04-11,64.054,64.054,64.054,64.054,0,0
2017-04-12,64.096,64.096,64.096,64.096,0,0
2017-04-13,64.514,64.514,64.514,64.514,0,0
2017-04-18,64.73,64.73,64.73,64.73,0,0
2017-04-19,64.327,64.327,64.327,64.327,0,0
2017-04-20,64.392,64.392,64.392,64.392,0,0
2017-04-21,64.457,64.457,64.345,64.345,1065,0
2017-04-24,64.95,64.95,64.95,64.95,0,0
2017-04-25,64.654,64.654,64.654,64.654,0,0
2017-04-26,64.646,64.646,64.317,64.33,213,0
2017-04-27,64.401,64.401,64.401,64.401,0,0
2017-04-28,64.646,64.646,64.317,64.532,213,0
2017-05-02,64.646,65.073,64.317,65.073,213,0
2017-05-03,65.016,65.016,65.016,65.016,0,0
2017-05-04,64.58,64.58,64.58,64.58,0,0
2017-05-05,64.664,64.664,64.664,64.664,0,0
2017-05-08,64.335,64.335,64.327,64.327,20,0
2017-05-09,64.279,64.279,64.279,64.279,0,0
2017-05-10,64.758,64.758,64.758,64.758,0,0
2017-05-11,64.598,64.913,64.598,64.913,18,0
2017-05-12,65.518,65.518,65.157,65.157,48,0
2017-05-15,65.632,65.632,65.518,65.518,5,0
2017-05-16,65.73,65.73,65.73,65.73,0,0
2017-05-17,65.913,65.913,65.913,65.913,0,0
2017-05-18,65.819,65.819,64.064,64.307,10208,0
2017-05-19,63.659,64.457,63.472,64.457,10,0
2017-05-22,63.659,64.251,63.472,64.251,10,0
2017-05-23,64.434,64.434,64.434,64.434,0,0
2017-05-24,64.631,64.631,64.631,64.631,0,0
2017-05-25,65.035,65.035,65.035,65.035,0,0
2017-05-26,65.518,65.518,65.27,65.27,513,0
2017-05-30,65.518,65.518,65.03,65.03,513,0
2017-05-31,64.988,64.988,64.988,64.988,0,0
2017-06-01,65.246,65.246,65.246,65.246,0,0
2017-06-02,65.349,65.349,65.349,65.349,0,0
2017-06-05,65.632,65.632,65.434,65.434,5,0
2017-06-06,65.819,65.819,65.04,65.622,592,0
2017-06-07,65.369,66.232,65.349,65.734,564,0
2017-06-08,65.772,65.772,65.772,65.772,0,0
2017-06-09,65.852,65.852,65.852,65.852,0,0
2017-06-12,65.819,66.035,65.819,66.035,227,0
2017-06-13,66.026,66.026,66.026,66.026,0,0
2017-06-14,66.383,66.391,66.383,66.391,165,0
2017-06-15,66.161,66.161,66.161,66.161,0,0
2017-06-16,66.194,66.194,66.194,66.194,0,0
2017-06-19,66.209,66.209,66.209,66.209,0,0
2017-06-20,65.862,65.862,65.862,65.862,0,0
2017-06-21,66.383,66.383,65.716,65.716,165,0
2017-06-22,65.725,65.725,65.725,65.725,0,0
2017-06-23,65.927,65.927,65.927,65.927,0,0
2017-06-26,66.317,66.317,66.317,66.317,0,0
2017-06-27,65.829,66.189,65.829,66.189,247,0
2017-06-28,66.214,66.214,66.214,66.214,0,0
2017-06-29,66.189,66.189,66.189,66.189,0,0
2017-06-30,65.546,65.805,65.546,65.805,553,0
2017-07-03,65.467,65.467,65.467,65.467,0,0
2017-07-04,65.359,65.359,65.359,65.359,0,0
2017-07-05,64.908,64.908,64.908,64.908,0,0
2017-07-06,64.843,64.843,64.843,64.843,0,0
2017-07-07,64.917,64.917,64.917,64.917,0,0
2017-07-10,65.171,65.171,65.171,65.171,0,0
2017-07-11,65.134,65.134,65.134,65.134,0,0
2017-07-12,65.781,65.781,65.781,65.781,0,0
2017-07-13,66.021,66.021,66.021,66.021,0,0
2017-07-14,66.556,66.556,66.556,66.556,0,0
2017-07-17,66.692,66.692,66.692,66.692,0,0
2017-07-18,66.917,66.917,66.917,66.917,0,0
2017-07-19,67.068,67.068,67.068,67.068,0,0
2017-07-20,67.171,67.171,67.171,67.171,0,0
2017-07-21,67.232,67.232,67.232,67.232,0,0
2017-07-24,67.114,67.114,67.114,67.114,0,0
2017-07-25,67.086,67.086,66.894,66.894,96,0
2017-07-26,66.941,66.941,66.941,66.941,0,0
2017-07-27,66.993,67.213,66.993,67.213,466,0
2017-07-28,66.861,67.091,66.682,67.091,1316,0
2017-07-31,67.213,67.213,67.213,67.213,0,0
2017-08-01,67.145,67.145,67.145,67.145,0,0
2017-08-02,66.932,66.932,66.932,66.932,0,0
2017-08-03,67.024,67.024,67.024,67.024,0,0
2017-08-04,66.874,66.874,66.874,66.874,0,0
2017-08-07,67.106,67.106,67.106,67.106,0,0
2017-08-08,67.145,67.145,67.145,67.145,0,0
2017-08-09,66.786,66.786,66.786,66.786,0,0
2017-08-10,67.15,67.15,67.15,67.15,0,0
2017-08-11,67.043,67.043,67.043,67.043,0,0
2017-08-14,67.189,67.189,67.189,67.189,0,0
2017-08-15,66.801,66.801,66.801,66.801,0,0
2017-08-16,67.126,67.126,67.126,67.126,0,0
2017-08-17,67.223,67.223,67.223,67.223,0,0
2017-08-18,67.058,67.058,67.058,67.058,0,0
2017-08-21,67.495,67.495,67.495,67.495,0,0
2017-08-22,67.446,67.446,67.446,67.446,0,0
2017-08-23,67.456,67.456,67.456,67.456,0,0
2017-08-24,67.616,67.616,67.616,67.616,0,0
2017-08-25,67.994,67.994,67.994,67.994,0,0
2017-08-29,67.926,67.926,67.926,67.926,0,0
2017-08-30,67.907,67.907,67.907,67.907,0,0
2017-08-31,67.951,67.951,67.951,67.951,0,0
2017-09-01,68.698,68.698,68.019,68.019,562,0
2017-09-04,68.028,68.028,68.028,68.028,0,0
2017-09-05,68.179,68.179,68.179,68.179,0,0
2017-09-06,68.348,68.348,68.348,68.348,0,0
2017-09-07,68.824,68.824,68.824,68.824,0,0
2017-09-08,68.712,68.712,68.712,68.712,0,0
2017-09-11,68.955,68.955,68.955,68.955,0,0
2017-09-12,68.484,68.484,68.484,68.484,0,0
2017-09-13,68.14,68.14,68.14,68.14,0,0
2017-09-14,68.334,68.334,68.334,68.334,0,0
2017-09-15,68.348,68.348,68.348,68.348,0,0
2017-09-18,68.023,68.023,68.023,68.023,0,0
2017-09-19,68.091,68.091,68.091,68.091,0,0
2017-09-20,68.29,68.29,68.29,68.29,0,0
2017-09-21,68.004,68.004,68.004,68.004,0,0
2017-09-22,68.373,68.373,68.373,68.373,0,0
2017-09-25,67.834,67.834,67.834,67.834,0,0
2017-09-26,68.213,68.213,67.495,67.495,1443,0
2017-09-27,67.145,67.145,67.126,67.126,5,0
2017-09-28,66.951,67.136,66.951,67.136,10,0
2017-09-29,67.233,67.233,67.233,67.233,0,0
2017-10-02,67.179,67.179,67.179,67.179,0,0
2017-10-03,67.349,67.349,67.349,67.349,0,0
2017-10-04,67.538,67.538,67.538,67.538,0,0
2017-10-05,67.427,67.427,67.427,67.427,0,0
2017-10-06,66.781,66.781,66.781,66.781,0,0
2017-10-09,66.563,66.563,66.369,66.379,21,0
2017-10-10,67.029,67.029,66.5,66.5,309,0
2017-10-11,66.68,66.68,66.68,66.68,0,0
2017-10-12,67.116,67.116,66.587,66.587,474,0
2017-10-13,66.966,66.966,66.966,66.966,0,0
2017-10-16,66.791,66.791,66.791,66.791,0,0
2017-10-17,66.5,66.5,66.5,66.5,0,0
2017-10-18,66.544,66.544,66.544,66.544,0,0
2017-10-19,66.743,66.743,66.743,66.743,0,0
2017-10-20,66.476,66.476,66.476,66.476,0,0
2017-10-23,66.306,66.306,66.306,66.306,0,0
2017-10-24,66.175,66.175,65.714,65.714,76,0
2017-10-25,66.029,66.029,65.559,65.559,124,0
2017-10-26,65.399,65.399,65.355,65.355,10,0
2017-10-27,65.205,65.205,64.622,65.04,41,0
2017-10-30,65.209,65.209,65.209,65.209,0,0
2017-10-31,65.161,65.161,65.161,65.161,0,0
2017-11-01,65.248,65.248,65.248,65.248,0,0
2017-11-02,65.408,65.408,65.408,65.408,0,0
2017-11-03,64.846,64.846,64.846,64.846,0,0
2017-11-06,64.918,64.918,64.918,64.918,0,0
2017-11-07,64.792,64.792,64.792,64.792,0,0
2017-11-08,65.015,65.015,65.015,65.015,0,0
2017-11-09,64.87,64.87,64.87,64.87,0,0
2017-11-10,64.642,64.821,64.642,64.821,307,0
2017-11-13,64.428,64.559,64.04,64.559,31,0
2017-11-14,64.53,64.53,64.53,64.53,0,0
2017-11-15,64.283,64.283,64.254,64.254,961,0
2017-11-16,64.448,64.724,64.448,64.724,36,0
2017-11-17,65.18,65.18,65.18,65.18,0,0
2017-11-20,65.108,65.108,65.108,65.108,0,0
2017-11-21,65.219,65.219,65.219,65.219,0,0
2017-11-22,65.544,65.544,65.544,65.544,0,0
2017-11-23,65.447,65.447,65.447,65.447,0,0
2017-11-24,65.496,65.738,65.471,65.471,675,0
2017-11-27,66.034,66.034,66.034,66.034,0,0
2017-11-28,65.957,65.957,65.957,65.957,0,0
2017-11-29,65.622,65.646,65.622,65.646,41,0
2017-11-30,65.729,65.729,65.729,65.729,0,0
2017-12-01,65.801,65.801,65.801,65.801,0,0
2017-12-04,66.063,66.063,66.063,66.063,0,0
2017-12-05,65.913,66.034,65.913,66.034,68,0
2017-12-06,65.719,65.753,65.719,65.753,29,0
2017-12-07,65.627,65.627,65.627,65.627,0,0
2017-12-08,65.554,65.554,65.554,65.554,0,0
2017-12-11,66.063,66.063,66.063,66.063,0,0
2017-12-12,65.515,65.515,65.156,65.326,2155,0
2017-12-13,65.311,65.636,65.311,65.636,1870,0
2017-12-14,65.573,65.593,65.486,65.486,1132,0
2017-12-15,65.593,65.811,65.593,65.811,396,0
2017-12-18,66.723,66.723,66.723,66.723,0,0
2017-12-19,66.131,66.131,66.131,66.131,0,0
2017-12-20,66.238,66.238,66.238,66.238,0,0
2017-12-21,66.17,66.17,66.17,66.17,0,0
2017-12-22,66.063,66.063,66.063,66.063,0,0
2017-12-27,66.466,66.466,66.466,66.466,0,0
2017-12-28,66.631,66.631,66.631,66.631,0,0
2017-12-29,66.83,66.83,66.83,66.83,0,0
2018-01-02,67.126,67.417,67.126,67.417,1134,0
2018-01-03,67.926,67.926,67.926,67.926,0,0
2018-01-04,68.285,68.285,68.285,68.285,0,0
2018-01-05,67.921,68.203,67.921,68.203,9,0
2018-01-08,68.373,68.373,68.373,68.373,0,0
2018-01-09,68.247,68.247,68.247,68.247,0,0
2018-01-10,68.12,68.12,68.12,68.12,0,0
2018-01-11,68.159,68.159,68.159,68.159,0,0
2018-01-12,68.673,68.673,68.673,68.673,0,0
2018-01-15,68.911,68.911,68.911,68.911,6441,0
2018-01-16,68.79,68.79,68.79,68.79,0,0
2018-01-17,69.037,69.037,69.037,69.037,0,0
2018-01-18,69.328,69.328,69.328,69.328,0,0
2018-01-19,69.61,69.61,68.872,68.872,120,0
2018-01-22,69.324,69.324,69.324,69.324,0,0
2018-01-23,69.183,69.183,69.183,69.183,0,0
2018-01-24,69.799,69.799,69.799,69.799,0,0
2018-01-25,70.386,70.386,70.386,70.386,0,0
2018-01-26,70.444,70.444,70.08,70.08,93,0
2018-01-29,69.954,69.954,69.954,69.954,0,0
2018-01-30,69.673,69.673,69.673,69.673,0,0
2018-01-31,69.993,69.993,69.993,69.993,0,0
2018-02-01,70.125,70.125,70.125,70.125,0,0
2018-02-02,69.38,69.38,69.38,69.38,0,0
2018-02-05,69.04,69.04,69.04,69.04,0,0
2018-02-06,68.71,68.71,68.71,68.71,0,0
2018-02-07,68.765,68.765,68.765,68.765,0,0
2018-02-08,67.955,67.955,67.955,67.955,0,0
2018-02-09,68,68,68,68,0,0
2018-02-12,68.49,68.49,68.49,68.49,0,0
2018-02-13,67.91,68.12,67.91,68.12,180,0
2018-02-14,68.11,68.815,68.11,68.815,35,0
2018-02-15,69.13,69.13,69.13,69.13,0,0
2018-02-16,69.515,69.515,69.515,69.515,0,0
2018-02-19,69.97,69.97,69.56,69.56,100,0
2018-02-20,69.15,69.15,69.15,69.15,0,0
2018-02-21,69.49,69.49,69.255,69.255,200,0
2018-02-22,69.25,69.25,69.25,69.25,0,0
2018-02-23,69.47,69.47,69.47,69.47,0,0
2018-02-26,69.85,69.85,69.36,69.36,461,0
2018-02-27,69.85,69.85,69.06,69.06,39,0
2018-02-28,69.315,69.315,69.315,69.315,0,0
2018-03-01,69.3,69.3,69.11,69.135,3000,0
2018-03-02,69.34,69.34,68.87,68.87,141,0
2018-03-05,69.06,69.06,69.06,69.06,0,0
2018-03-06,69.405,69.405,69.405,69.405,0,0
2018-03-07,69.5,69.5,69.29,69.29,108,0
2018-03-08,69.05,69.05,69.05,69.05,0,0
2018-03-09,69.425,69.425,69.425,69.425,0,0
2018-03-12,69.155,69.155,69.155,69.155,0,0
2018-03-13,69.34,69.34,69.34,69.34,0,0
2018-03-14,69.55,69.55,69.15,69.15,380,0
2018-03-15,68.88,68.88,68.88,68.88,0,0
2018-03-16,68.705,68.705,68.705,68.705,0,0
2018-03-19,68.525,68.525,68.525,68.525,0,0
2018-03-20,68.55,68.55,68.55,68.55,0,0
2018-03-21,68.785,68.785,68.785,68.785,0,0
2018-03-22,69.1,69.1,68.87,68.87,729,0
2018-03-23,69.08,69.08,69.08,69.08,0,0
2018-03-26,69.435,69.435,69.435,69.435,0,0
2018-03-27,69.455,69.455,69.455,69.455,0,0
2018-03-28,69.4,69.4,69.4,69.4,0,0
2018-03-29,69.51,69.51,69.51,69.51,0,0
