Date,Open,High,Low,Close,Volume,OpenInt
2015-03-04,15.85,15.945,15.845,15.945,3941,0
2015-03-05,16.081,16.125,16.031,16.125,10205,0
2015-03-06,16.324,16.352,16.302,16.302,10546,0
2015-03-09,16.191,16.191,16.15,16.15,4800,0
2015-03-10,15.936,15.969,15.936,15.936,12739,0
2015-03-11,16.031,16.229,16.031,16.229,2899,0
2015-03-12,16.381,16.615,16.381,16.572,9960,0
2015-03-13,16.72,16.775,16.72,16.775,17157,0
2015-03-16,16.818,16.933,16.818,16.933,4094,0
2015-03-17,16.942,16.942,16.899,16.923,10110,0
2015-03-18,17.117,17.146,17.099,17.099,52728,0
2015-03-19,16.809,16.999,16.809,16.999,11616,0
2015-03-20,17.136,17.136,17.008,17.008,9672,0
2015-03-23,17.131,17.146,17.09,17.122,9176,0
2015-03-24,17.09,17.212,17.09,17.212,56068,0
2015-03-25,17.19,17.19,17.085,17.104,8016,0
2015-03-26,16.848,17.027,16.739,17.027,13863,0
2015-03-27,17.013,17.013,16.899,16.938,26059,0
2015-03-30,17.046,17.149,17.046,17.146,15853,0
2015-03-31,16.859,16.918,16.775,16.775,40732,0
2015-04-01,16.639,16.829,16.201,16.79,35705,0
2015-04-02,16.923,17.026,16.908,16.972,13119,0
2015-04-07,17.071,17.256,17.071,17.256,25735,0
2015-04-08,17.242,17.295,17.208,17.246,45272,0
2015-04-09,17.233,17.36,17.233,17.355,29254,0
2015-04-10,17.41,17.523,17.393,17.522,20988,0
2015-04-13,17.474,17.484,17.418,17.418,6334,0
2015-04-14,17.504,17.623,17.335,17.365,59486,0
2015-04-15,17.438,17.498,17.429,17.473,326057,0
2015-04-16,17.428,17.449,17.291,17.33,892181,0
2015-04-17,17.203,17.322,17.078,17.123,881235,0
2015-04-20,17.338,17.338,17.213,17.23,12777,0
2015-04-21,17.623,17.623,17.522,17.522,40029,0
2015-04-22,17.623,17.632,17.408,17.508,29555,0
2015-04-23,17.573,17.573,17.393,17.44,13095,0
2015-04-24,17.41,17.449,17.375,17.394,8715,0
2015-04-27,17.389,17.443,17.317,17.35,17323,0
2015-04-28,17.289,17.358,17.247,17.253,6603,0
2015-04-29,17.161,17.161,16.874,16.956,52425,0
2015-04-30,16.794,16.794,16.626,16.753,18968,0
2015-05-01,16.638,16.946,16.638,16.946,32253,0
2015-05-05,17.102,17.102,16.839,16.869,24212,0
2015-05-06,16.712,16.807,16.616,16.69,50107,0
2015-05-07,16.7,16.726,16.537,16.705,16221,0
2015-05-08,16.543,16.913,16.543,16.887,7004,0
2015-05-11,16.725,16.735,16.533,16.536,29231,0
2015-05-12,16.564,16.564,16.322,16.418,15335,0
2015-05-13,16.541,16.597,16.491,16.491,17708,0
2015-05-14,16.329,16.433,16.305,16.433,30625,0
2015-05-15,16.553,16.633,16.52,16.553,17813,0
2015-05-18,16.762,16.81,16.733,16.781,18979,0
2015-05-19,17.018,17.068,16.992,17.037,10875,0
2015-05-20,16.952,16.953,16.9,16.933,13656,0
2015-05-21,16.913,16.913,16.733,16.848,113207,0
2015-05-22,16.879,17.057,16.842,17.042,25655,0
2015-05-26,17.19,17.19,16.908,16.908,14145,0
2015-05-27,17.018,17.117,16.98,17.117,44289,0
2015-05-28,17.03,17.076,17.001,17.076,8244,0
2015-05-29,17.013,17.04,16.942,16.946,17251,0
2015-06-01,17.141,17.216,17.134,17.192,23035,0
2015-06-02,17.074,17.074,16.927,16.967,29463,0
2015-06-03,16.996,17.042,16.959,17.042,13603,0
2015-06-04,17.004,17.006,16.822,16.889,18982,0
2015-06-05,16.893,16.949,16.841,16.913,20504,0
2015-06-08,16.752,16.804,16.695,16.761,22092,0
2015-06-09,16.615,16.615,16.495,16.538,13785,0
2015-06-10,16.61,16.633,16.543,16.615,138177,0
2015-06-11,16.783,16.806,16.658,16.716,28679,0
2015-06-12,16.633,16.641,16.496,16.529,24013,0
2015-06-15,16.638,16.638,16.543,16.548,41401,0
2015-06-16,16.357,16.423,16.309,16.423,21600,0
2015-06-17,16.347,16.347,16.13,16.173,26485,0
2015-06-18,15.927,15.978,15.811,15.974,29232,0
2015-06-19,16.03,16.07,16.029,16.059,10576,0
2015-06-22,16.239,16.376,16.239,16.376,14003,0
2015-06-23,16.526,16.581,16.488,16.581,7552,0
2015-06-24,16.476,16.476,16.418,16.433,7062,0
2015-06-25,16.501,16.58,16.472,16.472,5573,0
2015-06-26,16.497,16.548,16.471,16.533,29347,0
2015-06-29,16.302,16.302,16.191,16.191,123240,0
2015-06-30,16.263,16.325,16.191,16.297,51748,0
2015-07-01,16.332,16.529,16.332,16.472,79222,0
2015-07-02,16.417,16.454,16.417,16.438,30704,0
2015-07-03,16.483,16.511,16.471,16.503,11227,0
2015-07-06,16.424,16.43,16.362,16.371,66341,0
2015-07-07,16.464,16.618,16.462,16.463,10407,0
2015-07-08,16.114,16.216,16.016,16.11,118793,0
2015-07-09,16.209,16.255,16.133,16.183,8647,0
2015-07-10,16.189,16.2,16.099,16.173,40403,0
2015-07-13,16.357,16.436,16.296,16.419,30788,0
2015-07-14,16.511,16.52,16.393,16.476,39139,0
2015-07-15,16.415,16.491,16.389,16.483,115431,0
2015-07-16,16.449,16.572,16.449,16.543,8318,0
2015-07-17,16.453,16.616,16.453,16.533,221212,0
2015-07-20,16.558,16.644,16.557,16.605,23638,0
2015-07-21,16.595,16.613,16.532,16.543,12657,0
2015-07-22,16.438,16.452,16.384,16.424,35494,0
2015-07-23,16.492,16.595,16.428,16.569,7983,0
2015-07-24,16.528,16.567,16.462,16.462,13432,0
2015-07-27,16.392,16.394,16.17,16.248,17158,0
2015-07-28,16.246,16.261,16.148,16.209,19519,0
2015-07-29,16.28,16.287,16.176,16.253,18336,0
2015-07-30,16.349,16.349,16.285,16.347,67625,0
2015-07-31,16.475,16.486,16.437,16.476,4950,0
2015-08-03,16.374,16.454,16.374,16.444,36042,0
2015-08-04,16.411,16.452,16.369,16.415,14961,0
2015-08-05,16.492,16.567,16.492,16.541,31403,0
2015-08-06,16.469,16.595,16.426,16.586,110593,0
2015-08-07,16.585,16.695,16.585,16.673,32022,0
2015-08-10,16.816,16.857,16.78,16.857,9978,0
2015-08-11,16.654,16.655,16.481,16.491,10717,0
2015-08-12,16.299,16.312,16.117,16.191,24567,0
2015-08-13,16.449,16.467,16.396,16.462,8060,0
2015-08-14,16.433,16.467,16.381,16.467,6683,0
2015-08-17,16.427,16.515,16.401,16.508,16871,0
2015-08-18,16.533,16.533,16.302,16.387,6816,0
2015-08-19,16.182,16.253,16.182,16.195,24381,0
2015-08-20,15.972,15.972,15.761,15.816,16183,0
2015-08-21,15.628,15.722,15.353,15.374,20785,0
2015-08-24,14.711,14.93,14.077,14.349,81638,0
2015-08-25,14.753,15.158,14.674,15.099,48673,0
2015-08-26,15.024,15.302,14.962,15.246,81741,0
2015-08-27,15.587,15.897,15.522,15.883,483291,0
2015-08-28,15.879,15.955,15.815,15.955,152398,0
2015-09-01,15.273,15.285,15.052,15.152,57386,0
2015-09-02,15.316,15.38,15.202,15.271,51566,0
2015-09-03,15.39,15.603,15.33,15.603,12006,0
2015-09-04,15.242,15.242,15.085,15.167,31554,0
2015-09-07,15.305,15.305,15.099,15.099,6490,0
2015-09-08,14.932,15.13,14.914,15.122,29125,0
2015-09-09,15.518,15.518,15.364,15.369,26067,0
2015-09-10,15.247,15.247,15.065,15.065,3458,0
2015-09-11,15.168,15.168,15.056,15.075,25411,0
2015-09-14,15.061,15.157,15.049,15.132,10176,0
2015-09-15,15.125,15.261,15.02,15.261,7211,0
2015-09-16,15.388,15.388,15.226,15.251,28905,0
2015-09-17,15.172,15.217,15.143,15.217,29300,0
2015-09-18,15.037,15.048,14.687,14.846,11415,0
2015-09-21,14.829,14.937,14.803,14.932,20610,0
2015-09-22,14.823,14.823,14.689,14.747,33036,0
2015-09-23,14.835,14.948,14.835,14.914,65352,0
2015-09-24,14.913,14.924,14.544,14.633,60840,0
2015-09-25,15.181,15.32,15.181,15.32,19218,0
2015-09-28,15.202,15.226,14.971,14.971,32327,0
2015-09-29,14.748,14.766,14.628,14.737,12274,0
2015-09-30,14.88,15.004,14.851,14.986,36921,0
2015-10-01,15.219,15.236,15.075,15.099,27577,0
2015-10-02,15.232,15.283,14.893,15.052,216682,0
2015-10-05,15.521,15.702,15.506,15.663,41769,0
2015-10-06,15.603,15.603,15.509,15.509,6542,0
2015-10-07,15.698,15.773,15.6,15.603,458118,0
2015-10-08,15.474,15.644,15.474,15.644,511478,0
2015-10-09,15.741,15.79,15.66,15.783,36361,0
2015-10-12,15.779,15.779,15.678,15.731,12026,0
2015-10-13,15.783,15.803,15.632,15.773,16077,0
2015-10-14,15.54,15.54,15.32,15.335,30376,0
2015-10-15,15.56,15.613,15.544,15.588,18580,0
2015-10-16,15.707,15.73,15.658,15.716,28676,0
2015-10-19,15.633,15.637,15.561,15.583,41054,0
2015-10-20,15.583,15.593,15.539,15.588,25092,0
2015-10-21,15.779,15.878,15.779,15.826,14707,0
2015-10-22,15.797,16.077,15.797,16.059,12839,0
2015-10-23,15.998,16.219,15.998,16.219,95834,0
2015-10-26,16.328,16.328,16.158,16.199,6342,0
2015-10-27,16.078,16.158,16.078,16.11,10027,0
2015-10-28,16.159,16.248,16.127,16.248,203420,0
2015-10-29,16.157,16.209,16.072,16.108,37905,0
2015-10-30,16.161,16.168,15.945,15.945,13922,0
2015-11-02,15.864,15.969,15.821,15.927,16219,0
2015-11-03,16.001,16.067,15.975,16.012,7730,0
2015-11-04,15.903,15.992,15.9,15.978,13821,0
2015-11-05,16.055,16.324,16.024,16.243,33672,0
2015-11-06,16.275,16.462,16.275,16.365,45716,0
2015-11-09,16.448,16.456,16.335,16.335,27562,0
2015-11-10,16.475,16.479,16.391,16.411,9360,0
2015-11-11,16.515,16.541,16.475,16.501,20325,0
2015-11-12,16.446,16.446,16.306,16.342,15745,0
2015-11-13,16.342,16.342,16.237,16.248,17678,0
2015-11-16,16.319,16.346,16.251,16.263,12810,0
2015-11-17,16.332,16.428,16.332,16.401,14021,0
2015-11-18,16.309,16.411,16.307,16.411,48018,0
2015-11-19,16.443,16.453,16.386,16.411,16046,0
2015-11-20,16.429,16.581,16.429,16.581,10630,0
2015-11-23,16.635,16.648,16.533,16.605,11213,0
2015-11-24,16.666,16.671,16.639,16.663,389541,0
2015-11-25,16.616,16.654,16.567,16.61,24556,0
2015-11-26,16.648,16.739,16.648,16.7,297537,0
2015-11-27,16.543,16.639,16.533,16.595,10529,0
2015-11-30,16.461,16.548,16.423,16.438,47682,0
2015-12-01,16.604,16.677,16.543,16.663,33180,0
2015-12-02,16.658,16.761,16.643,16.761,35095,0
2015-12-03,16.734,16.761,16.428,16.428,24811,0
2015-12-04,16.352,16.352,16.203,16.312,12690,0
2015-12-07,16.413,16.471,16.367,16.367,16545,0
2015-12-08,16.229,16.292,16.199,16.282,44209,0
2015-12-09,16.314,16.314,16.062,16.095,29692,0
2015-12-10,16.027,16.157,15.986,16.095,186754,0
2015-12-11,16.095,16.095,15.763,15.802,342294,0
2015-12-14,15.854,16.025,15.854,15.883,28368,0
2015-12-15,15.752,15.992,15.752,15.992,24230,0
2015-12-16,16.2,16.332,16.2,16.287,70515,0
2015-12-17,16.51,16.606,16.505,16.544,13472,0
2015-12-18,16.184,16.275,16.179,16.266,38205,0
2015-12-21,16.304,16.331,16.256,16.256,60316,0
2015-12-22,16.365,16.385,16.31,16.375,1583,0
2015-12-23,16.472,16.631,16.472,16.625,46431,0
2015-12-24,16.375,16.375,16.312,16.312,6335,0
2015-12-29,16.591,16.783,16.505,16.783,11945,0
2015-12-30,16.675,16.826,16.633,16.652,49071,0
2015-12-31,16.616,16.65,16.565,16.575,13447,0
2016-01-04,16.525,16.525,16.237,16.316,44980,0
2016-01-05,16.433,16.641,16.376,16.623,88651,0
2016-01-06,16.414,16.461,16.314,16.395,253697,0
2016-01-07,16.156,16.256,16.156,16.256,13876,0
2016-01-08,16.175,16.181,15.967,15.967,10105,0
2016-01-11,16.003,16.024,15.912,15.924,499474,0
2016-01-12,15.873,16.128,15.761,15.99,28862,0
2016-01-13,16.207,16.234,16.073,16.073,10132,0
2016-01-14,16.008,16.109,15.858,16.01,22723,0
2016-01-15,15.854,15.96,15.724,15.806,1009040,0
2016-01-18,15.849,15.871,15.767,15.795,18450,0
2016-01-19,15.96,16.175,15.939,16.097,190641,0
2016-01-20,15.5,15.592,15.245,15.279,59757,0
2016-01-21,15.27,15.436,15.051,15.371,88240,0
2016-01-22,15.671,15.829,15.561,15.765,259267,0
2016-01-25,15.888,15.888,15.717,15.767,50849,0
2016-01-26,15.631,15.7,15.526,15.671,52661,0
2016-01-27,15.878,15.995,15.842,15.995,34119,0
2016-01-28,15.815,15.863,15.69,15.714,5653,0
2016-01-29,16.017,16.254,15.9,16.232,6221,0
2016-02-01,16.188,16.188,16.004,16.015,30490,0
2016-02-02,16.112,16.133,15.878,15.878,10327,0
2016-02-03,15.71,15.741,15.281,15.332,36912,0
2016-02-04,15.46,15.49,15.299,15.394,34756,0
2016-02-05,15.422,15.457,15.245,15.245,77620,0
2016-02-08,15.45,15.469,15.188,15.188,453021,0
2016-02-09,15.17,15.17,14.874,14.943,43148,0
2016-02-10,14.876,14.938,14.622,14.721,109706,0
2016-02-11,14.574,14.619,14.39,14.39,58023,0
2016-02-12,14.143,14.306,14.099,14.282,342220,0
2016-02-15,14.886,14.972,14.833,14.902,50653,0
2016-02-16,15.17,15.176,14.916,15.07,38713,0
2016-02-17,15.183,15.361,15.175,15.34,30841,0
2016-02-18,15.436,15.481,15.342,15.389,82493,0
2016-02-19,15.384,15.384,15.098,15.214,319690,0
2016-02-22,15.661,15.757,15.638,15.722,184886,0
2016-02-23,15.61,15.666,15.51,15.51,28449,0
2016-02-24,15.81,15.826,15.533,15.533,14095,0
2016-02-25,15.965,15.965,15.533,15.868,10924,0
2016-02-26,16.047,16.224,16.008,16.187,37843,0
2016-02-29,15.782,15.939,15.7,15.847,32090,0
2016-03-01,15.897,16.048,15.877,16.048,31540,0
2016-03-02,16.275,16.314,16.161,16.192,45825,0
2016-03-03,16.385,16.385,16.177,16.177,120245,0
2016-03-04,16.38,16.525,16.286,16.356,8167,0
2016-03-07,16.295,16.309,16.124,16.124,20905,0
2016-03-08,15.965,16.063,15.924,16.003,13520,0
2016-03-09,15.988,16.042,15.932,15.96,33428,0
2016-03-10,15.936,15.936,15.863,15.863,31736,0
2016-03-11,16.151,16.177,16.082,16.099,17633,0
2016-03-14,16.261,16.263,16.176,16.263,13595,0
2016-03-15,16.18,16.293,16.178,16.222,67842,0
2016-03-16,16.256,16.29,16.214,16.241,98207,0
2016-03-17,16.25,16.269,15.867,15.96,151265,0
2016-03-18,15.9,15.954,15.852,15.945,12120,0
2016-03-21,15.972,16.08,15.955,16.051,50361,0
2016-03-22,16.284,16.409,16.227,16.399,27443,0
2016-03-23,16.384,16.411,16.326,16.411,310016,0
2016-03-24,16.236,16.28,16.083,16.083,40137,0
2016-03-29,16.558,16.558,16.202,16.255,18654,0
2016-03-30,16.355,16.355,16.22,16.291,29129,0
2016-03-31,16.049,16.116,15.988,16.058,66842,0
2016-04-01,15.612,15.833,15.578,15.821,91472,0
2016-04-04,15.78,15.824,15.679,15.717,32616,0
2016-04-05,15.443,15.538,15.357,15.492,77658,0
2016-04-06,15.622,15.722,15.607,15.659,16182,0
2016-04-07,15.925,15.997,15.745,15.757,12968,0
2016-04-08,16.196,16.284,16.183,16.183,19851,0
2016-04-11,16.105,16.153,16.015,16.045,138062,0
2016-04-12,16.201,16.33,16.151,16.319,628831,0
2016-04-13,16.615,16.765,16.606,16.73,83291,0
2016-04-14,16.994,17.064,16.915,16.986,18196,0
2016-04-15,16.802,16.869,16.764,16.776,20859,0
2016-04-18,16.669,16.757,16.572,16.691,15332,0
2016-04-19,16.97,17.019,16.782,16.922,43188,0
2016-04-20,16.878,17.008,16.823,17.004,49477,0
2016-04-21,16.984,17.125,16.95,17.088,9449,0
2016-04-22,17.147,17.227,17.045,17.067,21577,0
2016-04-25,16.893,16.922,16.762,16.786,9360,0
2016-04-26,16.63,16.723,16.529,16.625,15889,0
2016-04-27,16.514,16.764,16.458,16.654,495851,0
2016-04-28,16.158,16.245,15.988,16.173,160537,0
2016-04-29,15.886,16.014,15.727,15.727,19076,0
2016-05-03,15.925,15.989,15.735,15.923,38826,0
2016-05-04,15.948,15.969,15.876,15.876,23473,0
2016-05-05,15.972,16.062,15.939,15.944,17364,0
2016-05-06,16.058,16.107,15.896,16.076,71670,0
2016-05-09,16.26,16.306,16.147,16.147,17039,0
2016-05-10,16.404,16.453,16.235,16.406,9324,0
2016-05-11,16.33,16.362,16.272,16.272,22158,0
2016-05-12,16.294,16.449,16.223,16.24,4360,0
2016-05-13,16.187,16.274,16.126,16.264,1831302,0
2016-05-16,16.33,16.355,16.284,16.33,21413,0
2016-05-17,16.317,16.335,16.259,16.269,18385,0
2016-05-18,16.304,16.35,16.071,16.154,36709,0
2016-05-19,15.972,15.99,15.846,15.944,13347,0
2016-05-20,16.11,16.187,16.062,16.171,28986,0
2016-05-23,16.211,16.223,16.152,16.181,11321,0
2016-05-24,16.053,16.12,15.986,16.085,244500,0
2016-05-25,16.071,16.199,16.071,16.103,19082,0
2016-05-26,16.02,16.125,15.91,16.117,245972,0
2016-05-27,16.12,16.175,16.116,16.147,9573,0
2016-05-31,16.269,16.399,16.265,16.384,23457,0
2016-06-01,16.475,16.538,16.387,16.485,49556,0
2016-06-02,16.35,16.35,16.245,16.31,41898,0
2016-06-03,16.409,16.43,16.168,16.258,40954,0
2016-06-06,16.678,16.678,16.533,16.548,15808,0
2016-06-07,16.572,16.615,16.524,16.598,72885,0
2016-06-08,16.701,16.73,16.629,16.681,1538588,0
2016-06-09,16.615,16.681,16.529,16.529,1566179,0
2016-06-10,16.422,16.62,16.411,16.416,334626,0
2016-06-13,16.446,16.511,16.26,16.299,100744,0
2016-06-14,16.33,16.33,15.008,16.201,75740,0
2016-06-15,16.35,16.421,16.326,16.413,58750,0
2016-06-16,16.305,16.356,16.226,16.3,24702,0
2016-06-17,16.206,16.265,16.099,16.134,29224,0
2016-06-20,16.178,16.321,16.178,16.231,27995,0
2016-06-21,16.28,16.383,16.272,16.365,19418,0
2016-06-22,16.192,16.241,16.11,16.218,9382,0
2016-06-23,16.251,16.323,16.177,16.256,97895,0
2016-06-24,16.63,17.124,16.425,17.081,67928,0
2016-06-27,17.265,17.547,17.23,17.342,139255,0
2016-06-28,17.402,17.545,17.374,17.422,211129,0
2016-06-29,17.668,17.688,17.453,17.488,83460,0
2016-06-30,17.387,17.65,17.364,17.622,33796,0
2016-07-01,17.668,17.754,17.568,17.711,157364,0
2016-07-04,17.848,17.906,17.774,17.784,15559,0
2016-07-05,17.882,18.037,17.809,18.037,45457,0
2016-07-06,18.076,18.137,17.935,18.035,218419,0
2016-07-07,18.114,18.187,17.966,18.147,12084,0
2016-07-08,18.017,18.195,17.93,18.195,781940,0
2016-07-11,18.493,18.641,18.453,18.641,151152,0
2016-07-12,18.342,18.602,18.342,18.428,31761,0
2016-07-13,18.163,18.377,18.158,18.372,31659,0
2016-07-14,18.279,18.367,18.112,18.255,22876,0
2016-07-15,18.124,18.349,17.968,18.349,351501,0
2016-07-18,18.411,18.411,18.225,18.225,23446,0
2016-07-19,18.284,18.442,18.284,18.372,26534,0
2016-07-20,18.493,18.544,18.454,18.484,71567,0
2016-07-21,18.245,18.355,18.208,18.268,20784,0
2016-07-22,18.26,18.515,18.255,18.495,24069,0
2016-07-25,18.436,18.474,18.337,18.347,27504,0
2016-07-26,18.441,18.514,18.406,18.406,31225,0
2016-07-27,18.552,18.593,18.464,18.464,16174,0
2016-07-28,18.396,18.396,18.27,18.289,9707,0
2016-07-29,18.639,18.737,18.576,18.576,25979,0
2016-08-01,18.804,18.844,18.711,18.748,29835,0
2016-08-02,18.639,18.639,18.198,18.312,28924,0
2016-08-03,18.187,18.72,18.119,18.163,77420,0
2016-08-04,18.396,18.716,18.333,18.674,53604,0
2016-08-05,18.599,18.922,18.582,18.847,139761,0
2016-08-08,18.954,19.063,18.954,18.983,36596,0
2016-08-09,19.198,19.265,19.166,19.227,10197,0
2016-08-10,19.371,19.373,19.295,19.297,18080,0
2016-08-11,19.347,19.485,19.334,19.485,19015,0
2016-08-12,19.356,19.532,19.342,19.527,20543,0
2016-08-15,19.677,19.678,19.513,19.672,8098,0
2016-08-16,19.386,19.434,19.297,19.305,29523,0
2016-08-17,19.381,19.381,19.282,19.325,55523,0
2016-08-18,19.26,19.29,19.041,19.09,32822,0
2016-08-19,19.076,19.205,19.046,19.153,7356,0
2016-08-22,19.217,19.236,19.12,19.12,16683,0
2016-08-23,19.173,19.185,19.085,19.128,38568,0
2016-08-24,19.143,19.168,19.031,19.061,27343,0
2016-08-25,19.056,19.098,19.041,19.081,10284,0
2016-08-26,18.905,19.046,18.848,19.003,35369,0
2016-08-30,19.143,19.188,19.078,19.093,26297,0
2016-08-31,19.178,19.178,19.017,19.024,14770,0
2016-09-01,19.178,19.199,18.958,18.963,57121,0
2016-09-02,19.008,19.095,18.993,19.093,28985,0
2016-09-05,19.026,19.037,18.968,19.011,28863,0
2016-09-06,18.963,19.079,18.963,18.991,11711,0
2016-09-07,19.305,19.32,19.236,19.257,54341,0
2016-09-08,19.222,19.304,19.202,19.24,8311,0
2016-09-09,19.217,19.231,19.041,19.079,80003,0
2016-09-12,18.861,18.931,18.851,18.924,26159,0
2016-09-13,18.929,19.027,18.905,18.944,4545,0
2016-09-14,18.725,18.901,18.72,18.778,31323,0
2016-09-15,18.698,18.826,18.653,18.826,12220,0
2016-09-16,18.799,18.929,18.799,18.899,19173,0
2016-09-19,19.021,19.114,19.021,19.081,7012,0
2016-09-20,19.46,19.467,19.29,19.406,13423,0
2016-09-21,19.935,20.009,19.805,19.916,67741,0
2016-09-22,20.057,20.114,19.906,19.99,7647,0
2016-09-23,19.838,20.014,19.823,19.955,27578,0
2016-09-26,19.745,19.858,19.711,19.728,13560,0
2016-09-27,19.988,20.003,19.886,19.918,4832,0
2016-09-28,19.965,19.965,15.868,19.864,10184,0
2016-09-29,19.838,19.907,19.813,19.855,65805,0
2016-09-30,19.687,19.706,19.582,19.706,3476,0
2016-10-03,19.866,19.945,19.86,19.896,807491,0
2016-10-04,20.077,20.115,19.955,20.065,29242,0
2016-10-05,20.062,20.095,20.041,20.05,11916,0
2016-10-06,20.047,20.13,19.955,20.095,140075,0
2016-10-07,20.381,20.649,20.306,20.442,13316,0
2016-10-10,20.537,20.713,20.455,20.617,260717,0
2016-10-11,20.664,20.789,20.64,20.72,230982,0
2016-10-12,20.629,20.741,20.627,20.686,15715,0
2016-10-13,20.731,20.731,20.566,20.579,23372,0
2016-10-14,20.624,20.761,20.624,20.729,11356,0
2016-10-17,20.704,20.828,20.674,20.726,20073,0
2016-10-18,20.801,20.816,20.669,20.684,15911,0
2016-10-19,20.751,20.829,20.69,20.82,182566,0
2016-10-20,20.82,21.009,20.82,20.956,9040,0
2016-10-21,20.971,21.056,20.93,21.037,14250,0
2016-10-24,21.081,21.103,21.01,21.089,17466,0
2016-10-25,20.998,21.247,20.998,21.163,20413,0
2016-10-26,21.144,21.196,21.046,21.076,13733,0
2016-10-27,21.076,21.198,21.039,21.198,20425,0
2016-10-28,21.066,21.237,21.06,21.22,11678,0
2016-10-31,21.28,21.29,21.168,21.171,9178,0
2016-11-01,21.135,21.168,21.046,21.064,3769,0
2016-11-02,20.868,20.918,20.781,20.837,196897,0
2016-11-03,20.839,20.839,20.582,20.609,57305,0
2016-11-04,20.347,20.371,20.222,20.311,18582,0
2016-11-07,20.587,20.611,20.537,20.559,51402,0
2016-11-08,20.547,20.599,20.512,20.562,16313,0
2016-11-09,20.236,20.414,20.12,20.325,21921,0
2016-11-10,20.512,20.622,20.159,20.19,23443,0
2016-11-11,20.231,20.233,19.947,20.127,14351,0
2016-11-14,20.357,20.389,20.224,20.335,19033,0
2016-11-15,20.391,20.492,20.343,20.481,19067,0
2016-11-16,20.405,20.503,20.375,20.425,31739,0
2016-11-17,20.502,20.599,20.401,20.579,145099,0
2016-11-18,20.357,20.605,20.298,20.562,20471,0
2016-11-21,20.587,20.629,20.371,20.413,19410,0
2016-11-22,20.507,20.614,20.479,20.53,21244,0
2016-11-23,20.624,20.652,20.432,20.45,20702,0
2016-11-24,20.343,20.41,20.303,20.318,22357,0
2016-11-25,20.255,20.367,20.255,20.367,19315,0
2016-11-28,20.474,20.587,20.376,20.537,106445,0
2016-11-29,20.609,20.633,20.381,20.465,42268,0
2016-11-30,20.542,20.6,20.467,20.467,8327,0
2016-12-01,20.275,20.297,20.018,20.166,50444,0
2016-12-02,19.955,20.058,19.952,19.995,11774,0
2016-12-05,19.925,20.035,19.876,20.025,14559,0
2016-12-06,19.916,20.023,19.862,20.015,24371,0
2016-12-07,20.376,20.415,20.275,20.394,14799,0
2016-12-08,20.537,20.788,20.445,20.788,66796,0
2016-12-09,20.684,20.858,20.655,20.858,33549,0
2016-12-12,20.674,20.715,20.532,20.532,13685,0
2016-12-13,20.577,20.684,20.53,20.656,35913,0
2016-12-14,20.592,20.659,20.507,20.537,14013,0
2016-12-15,20.603,20.839,20.558,20.826,40696,0
2016-12-16,20.735,20.747,20.622,20.622,42848,0
2016-12-19,20.716,20.976,20.713,20.908,10505,0
2016-12-20,20.908,21.063,20.859,21.014,27870,0
2016-12-21,20.81,20.923,20.77,20.918,51066,0
2016-12-22,20.824,20.923,20.824,20.923,51273,0
2016-12-23,20.999,21.101,20.999,21.058,6490,0
2016-12-28,20.785,21.076,20.785,21.022,96908,0
2016-12-29,20.755,20.854,20.712,20.752,16526,0
2016-12-30,20.632,20.721,20.617,20.664,7489,0
2017-01-03,20.81,20.883,20.542,20.752,143578,0
2017-01-04,21.093,21.184,21.038,21.154,16450,0
2017-01-05,21.244,21.381,21.069,21.1,15988,0
2017-01-06,21.136,21.306,21.117,21.269,18759,0
2017-01-09,21.51,21.613,21.456,21.532,29485,0
2017-01-10,21.535,21.584,21.422,21.537,23060,0
2017-01-11,21.525,21.74,21.456,21.584,30076,0
2017-01-12,21.349,21.452,21.27,21.452,12418,0
2017-01-13,21.633,21.716,21.377,21.615,60973,0
2017-01-16,21.707,21.847,21.667,21.726,29175,0
2017-01-17,21.49,21.49,21.052,21.11,38845,0
2017-01-18,21.136,21.26,21.102,21.194,33447,0
2017-01-19,21.24,21.314,21.141,21.181,18629,0
2017-01-20,21.206,21.372,21.206,21.259,12916,0
2017-01-23,20.927,21.076,20.927,20.939,47012,0
2017-01-24,20.903,20.99,20.71,20.9,20416,0
2017-01-25,21.004,21.024,20.872,20.985,25525,0
2017-01-26,21.112,21.274,21.112,21.181,23291,0
2017-01-27,21.112,21.115,21.003,21.073,20740,0
2017-01-30,20.976,21.06,20.913,20.937,26682,0
2017-01-31,21.078,21.085,20.797,20.797,44471,0
2017-02-01,20.962,21.023,20.865,20.89,144258,0
2017-02-02,20.76,21.004,20.679,21.004,14074,0
2017-02-03,21.068,21.221,20.987,21.201,19682,0
2017-02-06,21.23,21.24,21.148,21.191,21938,0
2017-02-07,21.452,21.452,21.235,21.235,14977,0
2017-02-08,21.24,21.3,21.141,21.154,8999,0
2017-02-09,21.033,21.161,20.993,21.161,39877,0
2017-02-10,21.422,21.427,21.326,21.387,33936,0
2017-02-13,21.349,21.476,21.332,21.476,19807,0
2017-02-14,21.216,21.385,21.216,21.349,37201,0
2017-02-15,21.372,21.431,21.324,21.339,37337,0
2017-02-16,21.319,21.344,21.239,21.289,16740,0
2017-02-17,21.289,21.417,21.261,21.412,11399,0
2017-02-20,21.452,21.526,21.408,21.471,17483,0
2017-02-21,21.505,21.64,21.505,21.574,59189,0
2017-02-22,21.569,21.604,21.497,21.603,19020,0
2017-02-23,21.505,21.562,21.377,21.447,224242,0
2017-02-24,21.329,21.452,21.296,21.452,36094,0
2017-02-27,21.608,21.608,21.442,21.452,26153,0
2017-02-28,21.452,21.521,21.349,21.52,24885,0
2017-03-01,21.677,21.941,21.677,21.941,20354,0
2017-03-02,21.886,21.909,21.808,21.813,34989,0
2017-03-03,21.726,21.87,21.726,21.789,39708,0
2017-03-06,21.687,22.001,21.679,21.779,21640,0
2017-03-07,21.848,21.901,21.81,21.881,31925,0
2017-03-08,21.823,21.918,21.573,21.862,24435,0
2017-03-09,21.784,21.857,21.745,21.857,18678,0
2017-03-10,21.926,22.026,21.901,21.994,48101,0
2017-03-13,22.132,22.132,21.946,21.984,37756,0
2017-03-14,22.089,22.089,21.94,21.951,87488,0
2017-03-15,21.951,21.985,21.842,21.926,64259,0
2017-03-16,22.059,22.154,21.846,21.867,12691,0
2017-03-17,21.804,21.903,21.75,21.804,204657,0
2017-03-20,21.784,21.926,21.751,21.926,31675,0
2017-03-21,21.921,21.921,21.532,21.54,31841,0
2017-03-22,21.392,21.55,21.392,21.495,81064,0
2017-03-23,21.402,21.515,21.227,21.515,235005,0
2017-03-24,21.658,21.721,21.589,21.697,196666,0
2017-03-27,21.461,21.466,21.319,21.466,386558,0
2017-03-28,21.687,21.775,21.574,21.775,104320,0
2017-03-29,21.985,22.047,21.854,21.912,32729,0
2017-03-30,21.712,21.858,21.623,21.727,28691,0
2017-03-31,21.427,21.47,21.193,21.37,32581,0
2017-04-03,21.471,21.547,21.435,21.54,22572,0
2017-04-04,21.594,21.594,21.461,21.562,92022,0
2017-04-05,21.505,21.54,21.375,21.48,20484,0
2017-04-06,21.196,21.319,21.083,21.232,28150,0
2017-04-07,21.289,21.503,21.289,21.456,60720,0
2017-04-10,21.362,21.4,21.339,21.349,21723,0
2017-04-11,21.412,21.436,21.259,21.314,86776,0
2017-04-12,21.249,21.382,21.213,21.213,22537,0
2017-04-13,21.107,21.113,20.996,21.088,47830,0
2017-04-18,21.078,21.153,20.745,20.794,26390,0
2017-04-19,20.715,20.805,20.691,20.754,77280,0
2017-04-20,20.784,20.838,20.764,20.799,24645,0
2017-04-21,20.966,21.024,20.921,20.98,24227,0
2017-04-24,21.024,21.161,20.994,21.117,26140,0
2017-04-25,21.171,21.39,21.122,21.122,54973,0
2017-04-26,21.161,21.231,21.141,21.166,21161,0
2017-04-27,21.122,21.138,21.063,21.073,19884,0
2017-04-28,20.989,20.989,20.727,20.917,33279,0
2017-05-02,21.196,21.206,21.063,21.083,47370,0
2017-05-03,21.063,21.102,21.027,21.102,39084,0
2017-05-04,21.186,21.41,21.101,21.139,32350,0
2017-05-05,21.053,21.201,21.053,21.171,21519,0
2017-05-08,21.254,21.352,21.235,21.334,23038,0
2017-05-09,21.235,21.268,21.215,21.254,29167,0
2017-05-10,21.068,21.181,21.068,21.156,64307,0
2017-05-11,21.136,21.241,21.093,21.174,28272,0
2017-05-12,21.225,21.259,21.151,21.259,40616,0
2017-05-15,21.186,21.254,21.145,21.227,18143,0
2017-05-16,21.235,21.329,21.156,21.244,21735,0
2017-05-17,21.294,21.305,21.122,21.154,19681,0
2017-05-18,21.029,21.217,20.936,21.117,36053,0
2017-05-19,21.244,21.259,21.146,21.24,46210,0
2017-05-22,21.279,21.314,21.215,21.314,51616,0
2017-05-23,21.392,21.398,21.289,21.289,15633,0
2017-05-24,21.309,21.372,21.263,21.357,165226,0
2017-05-25,21.362,21.5,21.328,21.414,39150,0
2017-05-26,21.53,21.697,21.49,21.697,34316,0
2017-05-30,21.687,21.687,21.583,21.63,33008,0
2017-05-31,21.731,21.765,21.555,21.564,35302,0
2017-06-01,21.839,21.898,21.697,21.731,201158,0
2017-06-02,22.055,22.191,22.038,22.18,28078,0
2017-06-05,22.168,22.179,22.064,22.092,82383,0
2017-06-06,22.128,22.202,22.108,22.202,31256,0
2017-06-07,22.168,22.226,22.057,22.057,64755,0
2017-06-08,21.995,22.075,21.981,22.005,8943,0
2017-06-09,22.325,22.334,22.168,22.251,15088,0
2017-06-12,22.075,22.404,22.075,22.404,38035,0
2017-06-13,22.359,22.359,22.334,22.359,433782,0
2017-06-14,22.266,22.35,22.217,22.291,73489,0
2017-06-15,22.286,22.32,22.014,22.045,18541,0
2017-06-16,22.08,22.139,22.04,22.108,21520,0
2017-06-19,22.217,22.32,22.188,22.301,10390,0
2017-06-20,22.296,22.548,22.294,22.529,35915,0
2017-06-21,22.492,22.541,22.335,22.409,49806,0
2017-06-22,22.47,22.504,22.445,22.475,13063,0
2017-06-23,22.321,22.37,22.321,22.341,8155,0
2017-06-26,22.351,22.41,22.341,22.38,21757,0
2017-06-27,22.311,22.346,22.177,22.177,14644,0
2017-06-28,22.058,22.122,21.855,21.974,25271,0
2017-06-29,21.944,21.944,21.766,21.766,12070,0
2017-06-30,21.697,21.83,21.697,21.722,59655,0
2017-07-03,21.682,21.791,21.682,21.771,7453,0
2017-07-04,21.622,21.697,21.622,21.697,9926,0
2017-07-05,21.746,21.766,21.711,21.719,11448,0
2017-07-06,21.632,21.632,21.528,21.528,362257,0
2017-07-07,21.563,21.652,21.523,21.652,222814,0
2017-07-10,21.578,21.657,21.578,21.652,18392,0
2017-07-11,21.677,21.771,21.642,21.751,7479,0
2017-07-12,21.815,21.909,21.786,21.899,51626,0
2017-07-13,21.761,21.859,21.761,21.761,17008,0
2017-07-14,21.776,21.776,21.57,21.57,11384,0
2017-07-17,21.612,21.687,21.603,21.672,72948,0
2017-07-18,21.637,21.82,21.617,21.781,13904,0
2017-07-19,21.81,21.88,21.79,21.85,89617,0
2017-07-20,21.894,22.103,21.894,22.023,26330,0
2017-07-21,21.998,22.063,21.983,22.063,20144,0
2017-07-24,21.979,21.989,21.866,21.904,28111,0
2017-07-25,21.934,21.959,21.814,21.877,36357,0
2017-07-26,21.859,21.889,21.796,21.801,60092,0
2017-07-27,21.825,21.889,21.82,21.889,18881,0
2017-07-28,21.939,21.939,21.855,21.869,133890,0
2017-07-31,21.909,21.957,21.824,21.845,96464,0
2017-08-01,21.969,22.013,21.947,22.001,41427,0
2017-08-02,21.904,21.951,21.886,21.929,366942,0
2017-08-03,21.869,22.142,21.81,22.11,27469,0
2017-08-04,22.122,22.296,22.122,22.276,44113,0
2017-08-07,22.261,22.286,22.182,22.276,111753,0
2017-08-08,22.281,22.39,22.239,22.39,133819,0
2017-08-09,22.202,22.227,22.177,22.18,44902,0
2017-08-10,22.227,22.246,22.101,22.101,15918,0
2017-08-11,21.993,22.043,21.979,21.998,104187,0
2017-08-14,22.043,22.152,22.016,22.117,643634,0
2017-08-15,22.187,22.372,22.172,22.306,74109,0
2017-08-16,22.271,22.321,22.217,22.291,73422,0
2017-08-17,22.36,22.365,22.261,22.261,124205,0
2017-08-18,22.187,22.341,22.187,22.341,13108,0
2017-08-21,22.227,22.227,22.172,22.185,15650,0
2017-08-22,22.246,22.382,22.246,22.36,43030,0
2017-08-23,22.316,22.45,22.316,22.437,23563,0
2017-08-24,22.365,22.365,22.286,22.318,16408,0
2017-08-25,22.296,22.316,22.247,22.251,14456,0
2017-08-29,22.162,22.187,22.107,22.167,30288,0
2017-08-30,22.167,22.215,22.068,22.107,178934,0
2017-08-31,22.217,22.351,22.217,22.336,583249,0
2017-09-01,22.306,22.308,22.183,22.185,75724,0
2017-09-04,22.083,22.098,22.036,22.081,53535,0
2017-09-05,22.083,22.121,21.943,21.952,154980,0
2017-09-06,22.018,22.038,21.949,21.977,216427,0
2017-09-07,22.028,22.084,22.028,22.081,12467,0
2017-09-08,22.038,22.07,21.941,21.974,24593,0
2017-09-11,22.098,22.166,22.098,22.127,75949,0
2017-09-12,22.078,22.078,21.969,21.969,30862,0
2017-09-13,21.869,21.969,21.869,21.967,8913,0
2017-09-14,21.959,21.996,21.667,21.704,907203,0
2017-09-15,21.632,21.64,21.34,21.354,55512,0
2017-09-18,21.449,21.568,21.449,21.543,51604,0
2017-09-19,21.622,21.692,21.603,21.627,61273,0
2017-09-20,21.687,21.698,21.583,21.642,72749,0
2017-09-21,21.549,21.648,21.541,21.541,13984,0
2017-09-22,21.524,21.628,21.509,21.594,8756,0
2017-09-25,21.648,21.72,21.628,21.698,27689,0
2017-09-26,21.767,21.814,21.762,21.807,83803,0
2017-09-27,21.896,21.896,21.799,21.827,137616,0
2017-09-28,21.916,21.946,21.804,21.804,64107,0
2017-09-29,21.856,21.959,21.856,21.896,48425,0
2017-10-02,21.856,22.109,21.856,22.1,12483,0
2017-10-03,22.124,22.231,22.112,22.226,359413,0
2017-10-04,22.273,22.274,22.209,22.263,24159,0
2017-10-05,22.372,22.482,22.343,22.474,83571,0
2017-10-06,22.546,22.64,22.535,22.615,68046,0
2017-10-09,22.561,22.561,22.442,22.534,37797,0
2017-10-10,22.571,22.596,22.526,22.534,67738,0
2017-10-11,22.611,22.71,22.591,22.66,55089,0
2017-10-12,22.546,22.799,22.546,22.759,126561,0
2017-10-13,22.665,22.784,22.635,22.725,23274,0
2017-10-16,22.883,22.948,22.878,22.933,41067,0
2017-10-17,22.839,23.047,22.839,23.025,377065,0
2017-10-18,23.027,23.044,22.958,22.965,47490,0
2017-10-19,22.913,22.97,22.852,22.881,44374,0
2017-10-20,23.072,23.072,22.911,22.911,107774,0
2017-10-23,23.107,23.166,23.037,23.112,431235,0
2017-10-24,23.156,23.31,23.154,23.31,70326,0
2017-10-25,23.126,23.126,22.925,22.93,25185,0
2017-10-26,23.052,23.245,23.052,23.226,29276,0
2017-10-27,23.399,23.523,23.399,23.474,29186,0
2017-10-30,23.414,23.414,23.322,23.322,23583,0
2017-10-31,23.355,23.379,23.275,23.293,79702,0
2017-11-01,23.394,23.503,23.382,23.501,52575,0
2017-11-02,23.464,23.801,23.441,23.799,39741,0
2017-11-03,23.856,23.915,23.798,23.856,62479,0
2017-11-06,23.732,23.776,23.712,23.712,45033,0
2017-11-07,23.999,23.999,23.846,23.915,516041,0
2017-11-08,24.109,24.248,24.108,24.228,66710,0
2017-11-09,24.019,24.095,23.821,23.821,60772,0
2017-11-10,23.722,23.722,23.569,23.585,29291,0
2017-11-13,23.647,23.682,23.519,23.682,59954,0
2017-11-14,23.627,23.667,23.523,23.593,27137,0
2017-11-15,23.097,23.255,23.035,23.238,75098,0
2017-11-16,23.493,23.548,23.452,23.548,73905,0
2017-11-17,23.355,23.503,23.355,23.464,59034,0
2017-11-20,23.365,23.548,23.36,23.516,84400,0
2017-11-21,23.568,23.751,23.558,23.727,62372,0
2017-11-22,23.672,23.791,23.622,23.622,35984,0
2017-11-23,23.598,23.697,23.598,23.645,47902,0
2017-11-24,23.727,23.816,23.722,23.722,71016,0
2017-11-27,23.687,23.722,23.613,23.667,45152,0
2017-11-28,23.667,23.856,23.667,23.833,21046,0
2017-11-29,23.613,23.687,23.518,23.518,86261,0
2017-11-30,23.508,23.608,23.474,23.474,119429,0
2017-12-01,23.315,23.414,23.25,23.27,70723,0
2017-12-04,23.285,23.31,23.146,23.265,56990,0
2017-12-05,23.399,23.479,23.255,23.327,80371,0
2017-12-06,23.067,23.335,23.067,23.307,75319,0
2017-12-07,23.484,23.523,23.36,23.399,77013,0
2017-12-08,23.29,23.498,23.29,23.493,69166,0
2017-12-11,23.578,23.627,23.558,23.622,46467,0
2017-12-12,23.702,23.771,23.642,23.766,26997,0
2017-12-13,23.702,23.776,23.642,23.776,40208,0
2017-12-14,23.588,23.652,23.533,23.575,223448,0
2017-12-15,23.498,23.766,23.498,23.766,123604,0
2017-12-18,23.9,23.935,23.831,23.925,98704,0
2017-12-19,23.811,23.871,23.751,23.784,51028,0
2017-12-20,23.811,23.811,23.662,23.707,135257,0
2017-12-21,23.78,23.94,23.75,23.8825,75622,0
2017-12-22,23.82,23.91,23.82,23.8725,87576,0
2017-12-27,23.895,23.92,23.815,23.9125,47775,0
2017-12-28,23.71,23.96,23.71,23.7325,12164,0
2017-12-29,23.67,23.72,23.67,23.7025,16000,0
2018-01-02,23.49,23.72,23.49,23.645,75515,0
2018-01-03,23.755,24.04,23.755,24.04,128798,0
2018-01-04,24.215,24.345,24.21,24.3325,126480,0
2018-01-05,24.36,24.365,24.31,24.3225,64089,0
2018-01-08,24.48,24.525,24.465,24.4975,82286,0
2018-01-09,24.54,24.61,24.53,24.5975,218902,0
2018-01-10,24.805,24.81,24.67,24.7575,346789,0
2018-01-11,24.79,24.845,24.72,24.73,25592,0
2018-01-12,24.7,24.72,24.525,24.6475,29445,0
2018-01-15,24.585,24.585,24.475,24.5075,134260,0
2018-01-16,24.63,24.735,24.595,24.615,52106,0
2018-01-17,24.625,24.64,24.54,24.5575,60890,0
2018-01-18,24.34,24.34,24.2425,24.2425,54116,0
2018-01-19,24.35,24.55,24.35,24.48,153086,0
2018-01-22,24.43,24.435,24.315,24.37,71580,0
2018-01-23,24.54,24.61,24.465,24.57,115500,0
2018-01-24,24.4,24.4,24.14,24.14,54198,0
2018-01-25,24.105,24.16,23.88,23.98,1984604,0
2018-01-26,24.02,24.255,23.93,24.255,45470,0
2018-01-29,24.225,24.33,24.17,24.32,146691,0
2018-01-30,24.195,24.2,23.84,23.895,80945,0
2018-01-31,23.685,23.785,23.5625,23.5625,75468,0
2018-02-01,23.835,23.835,23.63,23.6425,252011,0
2018-02-02,23.665,23.7,23.6,23.685,65836,0
2018-02-05,23.295,23.34,23.105,23.25,285479,0
2018-02-06,22.97,23.25,22.765,22.83,421782,0
2018-02-07,22.82,23.415,22.77,23.39,198689,0
2018-02-08,23.12,23.205,22.7,22.74,1205041,0
2018-02-09,22.535,22.915,22.535,22.625,640996,0
2018-02-12,22.845,23.105,22.845,23.0775,198431,0
2018-02-13,22.71,22.805,22.495,22.74,115482,0
2018-02-14,22.87,22.885,22.64,22.6725,153775,0
2018-02-15,22.945,23.06,22.845,22.845,87525,0
2018-02-16,23.175,23.35,23.15,23.3375,140610,0
2018-02-19,23.555,23.59,23.435,23.435,35136,0
2018-02-20,23.42,23.43,23.265,23.3925,35719,0
2018-02-21,23.2,23.37,23.19,23.34,67200,0
2018-02-22,23.155,23.355,23.13,23.33,21473,0
2018-02-23,23.39,23.4,23.28,23.375,27264,0
2018-02-26,23.53,23.72,23.53,23.715,53791,0
2018-02-27,23.745,23.875,23.71,23.74,79143,0
2018-02-28,23.605,23.85,23.585,23.7275,122915,0
2018-03-01,23.48,23.48,23.265,23.32,25350,0
2018-03-02,23.045,23.15,22.825,22.91,85746,0
2018-03-05,23,23.1,22.965,23.0925,27548,0
2018-03-06,23.2,23.34,23.2,23.2375,140822,0
2018-03-07,23.065,23.18,23.0375,23.0375,59135,0
2018-03-08,22.96,23.34,22.955,23.33,46522,0
2018-03-09,23.09,23.23,23.08,23.22,72345,0
2018-03-12,23.355,23.45,23.29,23.33,47975,0
2018-03-13,23.375,23.44,23.17,23.19,2230741,0
2018-03-14,23.28,23.35,23.175,23.2125,43605,0
2018-03-15,23.31,23.41,23.305,23.38,37505,0
2018-03-16,23.265,23.34,23.185,23.24,74649,0
2018-03-19,23.13,23.13,22.715,22.75,43807,0
2018-03-20,22.74,22.9,22.705,22.9,2212020,0
2018-03-21,22.81,22.8175,22.685,22.8175,31699,0
2018-03-22,22.77,22.77,22.575,22.64,73174,0
2018-03-23,22.235,22.54,22.13,22.13,104076,0
2018-03-26,22.16,22.205,21.9,21.955,91310,0
2018-03-27,22.59,22.8,22.58,22.6025,331275,0
2018-03-28,22.71,22.735,22.555,22.5775,141605,0
2018-03-29,22.775,23.02,22.71,22.9975,192645,0
