Date,Open,High,Low,Close,Volume,OpenInt
2015-03-04,1784.5,1784.5,1784.5,1784.5,2561,0
2015-03-05,1788.5,1788.5,1784,1784,53120,0
2015-03-06,1750,1750,1750,1750,200,0
2015-03-09,1714,1714,1714,1714,90,0
2015-03-10,1721,1721,1721,1721,2000,0
2015-03-11,1704,1707,1704,1707,198,0
2015-03-13,1729,1729,1729,1729,63,0
2015-03-16,1745.5,1745.5,1745.5,1745.5,356,0
2015-03-18,1771,1771,1771,1771,216,0
2015-03-19,1779.5,1779.5,1777.5,1777.5,3931,0
2015-03-20,1798,1798,1798,1798,2033,0
2015-03-23,1804.5,1809.5,1804.5,1809.5,4087,0
2015-03-24,1834,1834,1834,1834,325,0
2015-03-25,1812,1812,1812,1812,2619,0
2015-03-26,1794.5,1797,1786,1797,469,0
2015-03-31,1800,1800,1785,1785,22500,0
2015-04-01,1779,1793.18,1779,1787.5,18462,0
2015-04-07,1809.8,1819.48,1809.5,1809.5,3284,0
2015-04-08,1810.7,1810.7,1806.5,1806.5,110,0
2015-04-09,1824.18,1824.18,1819,1819,3229,0
2015-04-13,1830.5,1830.5,1825.5,1825.5,2339,0
2015-04-15,1829.5,1829.5,1817.75,1822.5,3383,0
2015-04-16,1806.68,1806.68,1798,1801,15793,0
2015-04-17,1785.85,1789,1783.5,1784,5200,0
2015-04-20,1792.18,1798,1788.33,1798,1434,0
2015-04-21,1806,1806,1806,1806,1860,0
2015-04-22,1786.5,1787,1775,1784,8796,0
2015-04-23,1773,1773,1773,1773,7264,0
2015-04-24,1777,1777,1777,1777,680,0
2015-04-27,1768,1786,1768,1786,12420,0
2015-04-29,1774.05,1774.05,1755.5,1755.5,780,0
2015-04-30,1740,1760.2,1739,1759.5,23836,0
2015-05-01,1758.5,1760,1758.5,1760,2534,0
2015-05-05,1781,1781,1744.5,1744.5,1335,0
2015-05-06,1728.25,1728.25,1728.25,1728.25,304000,0
2015-05-08,1736.5,1745.5,1736.5,1745.5,2543,0
2015-05-12,1692.2,1703.5,1692,1703.5,173286,0
2015-05-13,1713,1724,1713,1724,1400,0
2015-05-15,1759.88,1765,1756.5,1765,144564,0
2015-05-18,1770,1774,1759.68,1762.5,27316,0
2015-05-19,1765,1773,1765,1773,144340,0
2015-05-20,1799.85,1799.85,1766,1766,2496,0
2015-05-21,1754.1,1754.1,1729,1736,2058,0
2015-05-22,1749,1749,1738.5,1738.5,856,0
2015-05-27,1720,1737.5,1719.8,1737.5,141724,0
2015-06-02,1728,1728,1728,1728,800,0
2015-06-08,1666.7,1669.5,1666.7,1669.5,598,0
2015-06-09,1661.78,1680.33,1661.78,1673,7894,0
2015-06-10,1674.6,1677.5,1673.18,1677.5,804,0
2015-06-11,1714.23,1714.23,1703,1703,991,0
2015-06-15,1671,1671,1662,1662,3690,0
2015-06-17,1672.35,1675,1629,1629,57650,0
2015-06-18,1616,1618,1616,1618,10400,0
2015-06-30,1625,1625,1625,1625,115,0
2015-07-01,1641.18,1646.5,1641.18,1646.5,26764,0
2015-07-03,1644.18,1647,1644.18,1647,120,0
2015-07-07,1624.83,1630,1621,1621,29269,0
2015-07-08,1631,1631,1631,1631,26400,0
2015-07-15,1710.1,1722.28,1710.1,1713.5,26687,0
2015-07-16,1733.5,1738,1733.5,1736,223985,0
2015-07-20,1738,1738,1733.5,1737.5,223985,0
2015-07-22,1725,1725,1725,1725,310,0
2015-07-27,1724.28,1724.28,1708,1708,408,0
2015-08-05,1748.25,1748.25,1743,1743,174,0
2015-08-06,1758.65,1761.5,1758.65,1761.5,1048,0
2015-08-07,1769.5,1769.5,1762,1762,7480,0
2015-08-10,1772,1772,1772,1772,46,0
2015-08-13,1769.5,1775,1769.5,1775,3546,0
2015-08-17,1793.68,1794.5,1789,1794.5,11452,0
2015-08-20,1782.2,1782.2,1772,1772,1098,0
2015-08-21,1764,1764,1756,1756,3621,0
2015-08-26,1697.2,1699,1697.2,1699,240,0
2015-09-02,1714.33,1714.33,1711.5,1711.5,118,0
2015-09-08,1713,1713,1713,1713,8000,0
2015-09-15,1693.68,1700,1693.68,1700,200,0
2015-09-18,1711.18,1718.5,1701.75,1718.5,314,0
2015-09-21,1710,1718,1709.18,1718,377,0
2015-09-23,1678.65,1724,1678.65,1724,2821,0
2015-09-28,1740.35,1740.35,1735,1735,661,0
2015-09-29,1735.5,1735.5,1735.5,1735.5,319,0
2015-10-01,1748,1748,1748,1748,915,0
2015-10-08,1765.65,1765.65,1765,1765,34,0
2015-10-12,1764.8,1773,1764.8,1773,2390,0
2015-10-15,1768.5,1768.5,1760.33,1764,11132,0
2015-10-16,1770.65,1770.65,1767,1767,1350,0
2015-10-20,1784.68,1788,1783,1783,2706,0
2015-10-22,1797.23,1814.5,1797.23,1814.5,1924,0
2015-10-23,1818.68,1819.7,1816,1816,598,0
2015-10-26,1832.28,1832.28,1817.3,1820.5,62,0
2015-10-27,1827.65,1830,1822.75,1822.75,3482,0
2015-10-29,1830,1830,1829,1829,12425,0
2015-10-30,1830.78,1830.78,1830.5,1830.5,5504,0
2015-11-02,1824,1824,1824,1824,74028,0
2015-11-03,1820,1820,1793.78,1800,272,0
2015-11-09,1782.5,1782.5,1763.5,1763.5,156047,0
2015-11-10,1731.8,1734,1731.8,1734,1626,0
2015-11-11,1745.8,1746,1745.8,1746,570,0
2015-11-12,1736.7,1736.7,1733.5,1733.5,308,0
2015-11-13,1712.5,1715,1711.5,1715,48893,0
2015-11-16,1718.5,1720.75,1716,1720.75,9805,0
2015-11-17,1745.73,1750,1745.73,1750,748,0
2015-11-18,1745,1746.73,1740.83,1745,2562,0
2015-11-19,1762.2,1764.5,1761,1764.5,11927,0
2015-11-20,1762,1775.5,1762,1774.5,8200,0
2015-11-23,1768,1768,1760.33,1763.5,754,0
2015-11-24,1723,1726,1720.5,1723,5578,0
2015-11-26,1749.9,1760,1749.9,1757,41920,0
2015-11-27,1765.5,1767.75,1765.5,1767.75,18324,0
2015-11-30,1770,1770,1765,1765,6144,0
2015-12-01,1775.3,1793.5,1775.3,1793.5,150535,0
2015-12-02,1781.63,1783.5,1781.63,1783.5,130,0
2015-12-03,1789.75,1789.75,1769,1769,922,0
2015-12-08,1781,1781,1774,1774,9944,0
2015-12-09,1759,1759,1756,1756,4682,0
2015-12-10,1743.5,1745.38,1743.5,1744.5,84115,0
2015-12-11,1723.13,1723.13,1712.5,1712.5,170,0
2015-12-15,1720,1734,1720,1734,983,0
2015-12-16,1746.15,1746.15,1746,1746,28,0
2015-12-17,1765.23,1767,1765.23,1767,28,0
2015-12-18,1767.23,1767.23,1760,1766,2523,0
2015-12-21,1769.28,1769.28,1759,1759,6786,0
2015-12-24,1775,1775,1775,1775,0,0
2015-12-29,1802,1802,1802,1802,0,0
2015-12-30,1794,1794,1792.25,1792.25,13128,0
2015-12-31,1783.5,1783.5,1783.5,1783.5,0,0
2016-01-04,1762,1762,1755.25,1755.25,2816,0
2016-01-05,1760,1765.73,1760,1763,270,0
2016-01-06,1753,1755.25,1752.28,1755,3490,0
2016-01-07,1743.5,1743.5,1738.25,1738.25,858,0
2016-01-08,1723,1738,1723,1726.25,23946,0
2016-01-11,1722.5,1722.5,1720.5,1720.5,1356,0
2016-01-12,1745.5,1747.25,1739.5,1739.5,50,0
2016-01-13,1737.5,1751.2,1734.25,1734.25,318,0
2016-01-14,1717,1717,1717,1717,292,0
2016-01-15,1695,1695,1695,1695,0,0
2016-01-18,1681,1685.25,1675,1675,3011,0
2016-01-19,1702.25,1702.25,1702.25,1702.25,0,0
2016-01-20,1658,1676.73,1658,1658,8,0
2016-01-21,1660,1672.23,1660,1665.75,10334,0
2016-01-22,1710,1710.25,1695.78,1710.25,820,0
2016-01-25,1719,1729.33,1711.38,1725,3521,0
2016-01-26,1712,1720,1709,1720,23594,0
2016-01-27,1711,1717.25,1709.25,1709.25,422,0
2016-01-28,1703.5,1719.25,1702.25,1702.25,632,0
2016-01-29,1748,1748.75,1733.7,1748.75,474,0
2016-02-01,1741.5,1755.53,1738.83,1747,1342,0
2016-02-02,1726.25,1726.25,1726.25,1726.25,0,0
2016-02-03,1720.5,1738.28,1720.5,1725.5,294,0
2016-02-04,1731,1735.25,1729.25,1729.25,194,0
2016-02-05,1738,1744.69,1712.5,1712.5,7790,0
2016-02-08,1710.5,1711.5,1663.25,1663.25,64480,0
2016-02-09,1639,1650.33,1638,1645,109496,0
2016-02-10,1676,1681.78,1649.74,1673,698,0
2016-02-11,1650,1663.75,1650,1650,2200,0
2016-02-12,1648.5,1649.25,1641.23,1649.25,556,0
2016-02-15,1678,1684,1678,1684,935,0
2016-02-16,1688.5,1688.5,1686.5,1687,9644,0
2016-02-17,1718,1721,1702.25,1717.5,107598,0
2016-02-18,1718,1718,1715.23,1718,970,0
2016-02-19,1726.5,1731,1724.23,1731,168,0
2016-02-22,1744.5,1749.8,1744.5,1744.5,4,0
2016-02-23,1725.75,1725.75,1725.75,1725.75,0,0
2016-02-24,1709,1709,1709,1709,0,0
2016-02-25,1738.25,1738.25,1738.25,1738.25,0,0
2016-02-26,1743,1747,1741.75,1741.75,603,0
2016-02-29,1732,1732,1731.5,1731.5,66,0
2016-03-01,1749,1752.25,1737.23,1752.25,78,0
2016-03-02,1758,1758,1738.19,1742,304528,0
2016-03-03,1752.5,1754.68,1746.75,1746.75,87553,0
2016-03-04,1762,1762,1755.25,1755.25,72517,0
2016-03-07,1739,1749,1739,1742.25,87657,0
2016-03-08,1729,1731.5,1729,1731.5,72459,0
2016-03-09,1726.5,1726.5,1726.5,1726.5,0,0
2016-03-10,1727,1760,1726.75,1747.75,115410,0
2016-03-11,1779,1780.75,1779,1780.75,57377,0
2016-03-14,1806.5,1806.5,1806.5,1806.5,0,0
2016-03-15,1820,1822.5,1817.23,1822.5,18,0
2016-03-16,1835.25,1835.25,1835.25,1835.25,0,0
2016-03-17,1852.5,1852.5,1841.25,1841.25,10500,0
2016-03-18,1836.5,1836.5,1836.5,1836.5,0,0
2016-03-21,1846,1851.25,1844.25,1844.25,32,0
2016-03-22,1830,1842.5,1825.8,1842.5,3134,0
2016-03-23,1854.25,1854.25,1854.25,1854.25,0,0
2016-03-24,1825.5,1825.5,1825.5,1825.5,0,0
2016-03-29,1836,1836,1836,1836,0,0
2016-03-30,1861,1861,1861,1861,0,0
2016-03-31,1863.25,1863.25,1863.25,1863.25,0,0
2016-04-01,1867.25,1867.25,1857.5,1867.25,39636,0
2016-04-04,1860.5,1863.25,1860.5,1863.25,3761,0
2016-04-05,1867.5,1874.75,1858.23,1874.75,168,0
2016-04-06,1891,1891,1891,1891,0,0
2016-04-07,1879.75,1879.75,1879.75,1879.75,0,0
2016-04-08,1903,1903,1887.7,1900,39072,0
2016-04-11,1902.5,1907.85,1899.25,1899.25,589,0
2016-04-12,1882.75,1882.75,1882.75,1882.75,0,0
2016-04-13,1892,1892,1884.73,1888.75,664,0
2016-04-14,1878.25,1878.25,1878.25,1878.25,0,0
2016-04-15,1877,1877,1869.5,1869.5,1690,0
2016-04-18,1859.5,1859.5,1859.5,1859.5,0,0
2016-04-19,1864.5,1864.5,1864.5,1864.5,0,0
2016-04-20,1862.75,1862.75,1862.75,1862.75,0,0
2016-04-21,1838.75,1838.75,1838.75,1838.75,0,0
2016-04-22,1809,1809,1809,1809,0,0
2016-04-25,1822,1822,1822,1822,0,0
2016-04-26,1841.75,1841.75,1841.75,1841.75,0,0
2016-04-27,1846,1848.75,1846,1848.75,10,0
2016-04-28,1846,1846,1846,1846,0,0
2016-04-29,1845.75,1845.75,1845.75,1845.75,0,0
2016-05-03,1858,1861.5,1856.25,1861.5,555,0
2016-05-04,1853.5,1853.5,1853.5,1853.5,0,0
2016-05-05,1851,1864.18,1849,1849,12,0
2016-05-06,1862.5,1865.28,1862.5,1864,200,0
2016-05-09,1886.75,1886.75,1886.75,1886.75,0,0
2016-05-10,1882,1897,1879,1879,459104,0
2016-05-11,1865.25,1865.25,1865.25,1865.25,0,0
2016-05-12,1851,1853.83,1847.5,1847.5,320,0
2016-05-13,1853,1862.75,1850.23,1862.75,742,0
2016-05-16,1867.5,1867.5,1867.5,1867.5,250,0
2016-05-17,1867.25,1867.25,1867.25,1867.25,0,0
2016-05-18,1841.5,1853.2,1841.5,1845.5,2398,0
2016-05-19,1823,1823,1822.75,1822.75,54,0
2016-05-20,1832,1845.5,1832,1845.5,369,0
2016-05-23,1857,1859,1852.18,1859,691,0
2016-05-24,1858,1864.5,1858,1864.5,10092,0
2016-05-25,1850,1850,1850,1850,0,0
2016-05-26,1865,1865,1865,1865,0,0
2016-05-27,1871.5,1871.5,1871.5,1871.5,0,0
2016-05-31,1871.5,1872,1868.75,1868.75,816,0
2016-06-01,1874,1874,1874,1874,7834,0
2016-06-02,1864.5,1865.88,1864.5,1865.75,2286,0
2016-06-03,1895,1895,1885.3,1892.75,10,0
2016-06-06,1909,1912.73,1905.75,1905.75,3228,0
2016-06-07,1901.5,1907.25,1900.68,1907.25,3519,0
2016-06-08,1918.5,1918.5,1918.5,1918.5,0,0
2016-06-09,1922.25,1922.25,1922.25,1922.25,0,0
2016-06-10,1902,1902,1894,1895.5,2622,0
2016-06-13,1883,1883,1878.75,1878.75,750,0
2016-06-14,1858.5,1859.3,1843,1845,2031,0
2016-06-15,1846.5,1855.5,1838.6,1855.5,805,0
2016-06-16,1840,1840,1821.75,1821.75,1705,0
2016-06-17,1825,1828,1824.5,1826.25,56439,0
2016-06-20,1857,1858.25,1857,1858.25,922,0
2016-06-21,1875.5,1875.5,1875.5,1875.5,0,0
2016-06-22,1892,1892,1881.25,1883.5,19505,0
2016-06-23,1897,1900.5,1894.7,1900.5,262,0
2016-06-24,1808,1827.25,1808,1827.25,40627,0
2016-06-27,1836.75,1836.75,1800.5,1800.5,10498,0
2016-06-28,1840,1840,1832,1838.5,570,0
2016-06-29,1871,1871,1866.8,1868.75,2088,0
2016-06-30,1910.75,1910.75,1910.75,1910.75,0,0
2016-07-01,1930,1930,1930,1930,0,0
2016-07-04,1908,1908,1899,1899,27379,0
2016-07-05,1890.5,1890.5,1882.2,1885,1944,0
2016-07-06,1857,1860.7,1857,1858.5,12406,0
2016-07-07,1877.5,1877.5,1861.75,1872.5,186,0
2016-07-08,1908.5,1913,1901.23,1913,4,0
2016-07-11,1958,1959.5,1958,1959.5,4370,0
2016-07-12,1941.5,1941.5,1929.5,1929.5,450,0
2016-07-13,1930,1947,1930,1947,558,0
2016-07-14,1936.75,1936.75,1936.75,1936.75,0,0
2016-07-15,1927,1937.5,1927,1937.5,2374,0
2016-07-18,1939,1939,1939,1939,0,0
2016-07-19,1960.25,1960.25,1960.25,1960.25,0,0
2016-07-20,1977.25,1977.25,1977.25,1977.25,0,0
2016-07-21,1957,1962.25,1957,1962.25,698570,0
2016-07-22,1960.5,1984.75,1960.5,1984.75,29,0
2016-07-25,2000,2002.33,1996.75,1996.75,498,0
2016-07-26,2005.25,2005.25,2005.25,2005.25,0,0
2016-07-27,2011,2011,2011,2011,0,0
2016-07-28,2032,2032,2032,2032,0,0
2016-07-29,2040.5,2040.5,2040.5,2040.5,0,0
2016-08-01,2071.5,2071.5,2049,2051.25,60649,0
2016-08-02,2028.75,2028.75,2028.75,2028.75,0,0
2016-08-03,2012,2013.33,2003.5,2003.5,348,0
2016-08-04,2044.25,2044.25,2044.25,2044.25,0,0
2016-08-05,2055.5,2055.5,2055.5,2055.5,0,0
2016-08-08,2052,2052,2052,2052,0,0
2016-08-09,2072,2072,2072,2072,0,0
2016-08-10,2083.5,2083.5,2083.5,2083.5,0,0
2016-08-11,2087.75,2087.75,2087.75,2087.75,0,0
2016-08-12,2108.75,2108.75,2108.75,2108.75,0,0
2016-08-15,2117.25,2117.25,2117.25,2117.25,0,0
2016-08-16,2092.25,2092.25,2092.25,2092.25,0,0
2016-08-17,2072.5,2072.5,2072.5,2072.5,0,0
2016-08-18,2080.5,2080.5,2080.5,2080.5,0,0
2016-08-19,2085.5,2085.5,2085.5,2085.5,0,0
2016-08-22,2074,2077.75,2072.15,2077.75,262,0
2016-08-23,2092.5,2092.5,2092.5,2092.5,0,0
2016-08-24,2073.5,2073.5,2073.5,2073.5,0,0
2016-08-25,2073.5,2073.5,2073.5,2073.5,0,0
2016-08-26,2070.5,2070.5,2070.5,2070.5,0,0
2016-08-30,2065.5,2065.5,2065.5,2065.5,0,0
2016-08-31,2068,2072,2067.5,2069,13524,0
2016-09-01,2067.5,2068.18,2059.5,2062.25,1745,0
2016-09-02,2070,2070,2070,2070,0,0
2016-09-05,2070,2072.5,2061.38,2062.75,14282,0
2016-09-06,2064,2064,2059.65,2062.25,130,0
2016-09-07,2075,2079.5,2074,2079.5,17431,0
2016-09-08,2079.5,2079.5,2079.5,2079.5,0,0
2016-09-09,2029,2029,2029,2029,0,0
2016-09-12,2018,2018,2009.5,2010,565,0
2016-09-13,2005.5,2005.5,2005.5,2005.5,0,0
2016-09-14,2007.5,2007.5,2007.5,2007.5,0,0
2016-09-15,1999,1999,1999,1999,0,0
2016-09-16,2003.5,2003.5,2003.5,2003.5,0,0
2016-09-19,2017.5,2017.5,2017.5,2017.5,0,0
2016-09-20,2046,2047.33,2039.25,2039.25,1464,0
2016-09-21,2025,2025,2025,2025,0,0
2016-09-22,2046,2058.49,2046,2054.75,7628,0
2016-09-23,2072.5,2072.5,2063.7,2068.25,4,0
2016-09-26,2059.75,2059.75,2059.75,2059.75,0,0
2016-09-27,2058.75,2058.75,2058.75,2058.75,0,0
2016-09-28,2056.75,2056.75,2056.75,2056.75,0,0
2016-09-29,2051.5,2051.5,2051.5,2051.5,0,0
2016-09-30,2030,2049.75,2030,2049.75,8610,0
2016-10-03,2069,2069,2069,2069,0,0
2016-10-04,2063,2063,2063,2063,0,0
2016-10-05,2022,2040.2,2013.5,2013.5,722,0
2016-10-06,1987.5,1987.5,1987.5,1987.5,0,0
2016-10-07,1994,1996.5,1994,1996.5,1212,0
2016-10-10,2003.75,2003.75,2003.75,2003.75,0,0
2016-10-11,1999,1999,1999,1999,0,0
2016-10-12,1981.5,1981.5,1981.5,1981.5,0,0
2016-10-13,2006.5,2006.5,2006.5,2006.5,0,0
2016-10-14,2012,2012,2012,2012,0,0
2016-10-17,1997.5,1997.5,1997.5,1997.5,0,0
2016-10-18,2006,2010.5,2006,2007,4420,0
2016-10-19,2003,2009,2001.2,2008.5,17676,0
2016-10-20,2025.25,2025.25,2025.25,2025.25,0,0
2016-10-21,2021.5,2021.68,2021.25,2021.25,496,0
2016-10-24,2026.5,2031.5,2026.5,2031.5,490,0
2016-10-25,2037,2046.5,2037,2042,8502,0
2016-10-26,1998.25,1998.25,1998.25,1998.25,0,0
2016-10-27,1974,1986.75,1972.75,1974.5,384,0
2016-10-28,1952,1986,1950.78,1983.5,2803,0
2016-10-31,1984.25,1984.25,1984.25,1984.25,0,0
2016-11-01,1959.5,1959.5,1959.5,1959.5,0,0
2016-11-02,1968,1968.78,1967.5,1967.5,150,0
2016-11-03,1960,1971.73,1952.75,1952.75,16,0
2016-11-04,1927,1927,1927,1927,0,0
2016-11-07,1947.75,1947.75,1947.75,1947.75,0,0
2016-11-08,1956.25,1956.25,1956.25,1956.25,0,0
2016-11-09,1920,1941.3,1917.5,1917.5,891,0
2016-11-10,1846.5,1909.73,1846.5,1852,1126,0
2016-11-11,1852,1852,1852,1852,0,0
2016-11-14,1830.75,1830.75,1830.75,1830.75,0,0
2016-11-15,1862.25,1862.25,1862.25,1862.25,0,0
2016-11-16,1840.4,1840.4,1838.75,1838.75,2711,0
2016-11-17,1853.5,1853.5,1853.5,1853.5,0,0
2016-11-18,1859,1859,1858.5,1858.5,1517,0
2016-11-21,1831.25,1831.25,1831.25,1831.25,0,0
2016-11-22,1849,1850,1848.7,1850,200,0
2016-11-23,1845.5,1864.18,1845.5,1846.25,4,0
2016-11-24,1844.5,1844.75,1841.63,1844.75,500,0
2016-11-25,1857.25,1857.25,1857.25,1857.25,0,0
2016-11-28,1873.5,1873.5,1866.5,1868.5,1225,0
2016-11-29,1865.75,1865.75,1865.75,1865.75,0,0
2016-11-30,1874.5,1877.5,1847,1847,2265,0
2016-12-01,1837.5,1837.5,1814.5,1814.5,29895,0
2016-12-02,1814,1822.5,1814,1816,1826,0
2016-12-05,1817,1817,1811.8,1812.25,16,0
2016-12-06,1822.5,1828.5,1822.5,1828.5,467,0
2016-12-07,1862.25,1862.25,1862.25,1862.25,0,0
2016-12-08,1854.25,1854.25,1854.25,1854.25,0,0
2016-12-09,1870,1875.25,1870,1875.25,10686,0
2016-12-12,1851.75,1851.75,1851.75,1851.75,0,0
2016-12-13,1858,1882,1858,1882,1317,0
2016-12-14,1875,1875,1871.75,1871.75,3478,0
2016-12-15,1850,1854.75,1842.5,1854.75,9353,0
2016-12-16,1871,1871,1865.25,1865.25,42,0
2016-12-19,1897,1897,1897,1897,0,0
2016-12-20,1903,1903.5,1899.35,1900,2396,0
2016-12-21,1908.5,1914.75,1890.72,1914.75,5279,0
2016-12-22,1921.5,1921.5,1921.5,1921.5,0,0
2016-12-23,1944.5,1944.5,1943.5,1943.5,2100,0
2016-12-28,1924,1924,1924,1924,0,0
2016-12-29,1941,1948.25,1941,1948.25,6548,0
2016-12-30,1964,1965.75,1963.4,1965.75,2,0
2017-01-03,1937.5,1937.5,1937.5,1937.5,0,0
2017-01-04,1947.75,1947.75,1947.75,1947.75,0,0
2017-01-05,1962,1962,1954.28,1960.5,24,0
2017-01-06,1976,1976,1976,1976,0,0
2017-01-09,1969,1973,1969,1973,2634,0
2017-01-10,1975.25,1975.25,1975.25,1975.25,0,0
2017-01-11,1972.5,1972.5,1968.25,1968.25,886,0
2017-01-12,1970,1970,1970,1970,0,0
2017-01-13,1959.75,1959.75,1959.75,1959.75,0,0
2017-01-16,1976.5,1977,1972,1972,2005,0
2017-01-17,1964.5,1972.03,1938,1938,5810,0
2017-01-18,1949.98,1949.98,1944.5,1944.5,57436,0
2017-01-19,1910.5,1924.15,1910.5,1913.25,1142,0
2017-01-20,1912.75,1912.75,1912.75,1912.75,0,0
2017-01-23,1909.5,1913.75,1909.5,1913.75,45978,0
2017-01-24,1912,1912,1903,1903,2824,0
2017-01-25,1900,1900,1888.5,1888.5,333,0
2017-01-26,1887.5,1890.25,1887.5,1890.25,8,0
2017-01-27,1894.5,1895,1894.5,1895,3176,0
2017-01-30,1892,1892,1889,1889,3629,0
2017-01-31,1894.5,1911,1894.5,1909.75,868,0
2017-02-01,1921,1921,1908.75,1908.75,361,0
2017-02-02,1922.5,1922.5,1922.5,1922.5,0,0
2017-02-03,1922.5,1933.25,1922.5,1933.25,1604,0
2017-02-06,1925.5,1931,1925.25,1925.25,4473,0
2017-02-07,1946,1946,1928.02,1939.25,545,0
2017-02-08,1962,1962,1962,1962,0,0
2017-02-09,1965,1965,1962.25,1962.25,8145,0
2017-02-10,1965.5,1965.5,1957,1957,406,0
2017-02-13,1951,1953.23,1948.5,1948.5,1696,0
2017-02-14,1943.5,1959,1943.5,1959,112508,0
2017-02-15,1975,1977.75,1975,1977.75,654,0
2017-02-16,1980.25,1980.25,1980.25,1980.25,0,0
2017-02-17,1978,1987.75,1978,1987.75,1,0
2017-02-20,1991.5,1992.68,1989.75,1989.75,180,0
2017-02-21,1973.5,1985.78,1970.25,1970.25,1556,0
2017-02-22,1977,1977,1977,1977,0,0
2017-02-23,1981,1981,1973.75,1973.75,1,0
2017-02-24,1971.5,1974,1971.5,1974,100,0
2017-02-27,1975,1975,1967.5,1971,3752,0
2017-02-28,1972.49,1979.25,1972.49,1979.25,52000,0
2017-03-01,1985,1993.25,1975,1993.25,51180,0
2017-03-02,1988.5,1993.25,1983,1983.75,7571,0
2017-03-03,1987.25,1987.25,1987.25,1987.25,0,0
2017-03-06,1992.5,1995.23,1991.25,1993,5486,0
2017-03-07,1980.75,1980.75,1980.75,1980.75,0,0
2017-03-08,1974.5,1974.5,1974.5,1974.5,0,0
2017-03-09,1990,1990,1989,1989,842,0
2017-03-10,1976.5,1977.75,1976.5,1977.75,137,0
2017-03-13,1970,1973.5,1968.67,1973.5,8726,0
2017-03-14,1977,1977,1977,1977,0,0
2017-03-15,1965,1965.49,1962.5,1962.5,2864,0
2017-03-16,1992,1992,1992,1992,0,0
2017-03-17,1996,2000.5,1996,1999.25,2757,0
2017-03-20,2008.25,2008.25,2008.25,2008.25,0,0
2017-03-21,2005,2005,1993.5,1993.5,23,0
2017-03-22,1975.75,1975.75,1975.75,1975.75,0,0
2017-03-23,1979.5,1979.5,1979.5,1979.5,0,0
2017-03-24,1988,1988,1986.25,1986.25,277,0
2017-03-27,1979,1987,1978,1978,400,0
2017-03-28,1972,1975,1967.68,1975,1318,0
2017-03-29,1986,1986,1986,1986,28,0
2017-03-30,1967.5,1982.75,1961.5,1963.75,1672,0
2017-03-31,1986.5,1986.5,1986.5,1986.5,0,0
2017-04-03,1980.5,1980.5,1980.5,1980.5,0,0
2017-04-04,1998,1998,1993.06,1994.5,35984,0
2017-04-05,2004.5,2004.5,1996.3,2002.75,16,0
2017-04-06,2019.5,2019.5,2012.78,2019,300338,0
2017-04-07,2040.5,2040.5,2028.28,2039.75,310,0
2017-04-10,2038.56,2038.56,2034.5,2034.5,1000,0
2017-04-11,2040,2042,2040,2040.75,39675,0
2017-04-12,2048,2050,2045.5,2049.25,3781,0
2017-04-13,2047.5,2047.5,2046.75,2046.75,398,0
2017-04-18,2020.5,2036.89,2020.5,2034.75,11454,0
2017-04-19,2022.5,2025.25,2021.75,2021.75,62,0
2017-04-20,2022.5,2022.5,2015.25,2015.25,33899,0
2017-04-21,1999.5,2004.5,1997.25,2004.5,8640,0
2017-04-24,2041,2041.5,2035.5,2039,12449,0
2017-04-25,2057,2069.5,2057,2069.5,36284,0
2017-04-26,2063.5,2067.5,2062.75,2062.75,54099,0
2017-04-27,2058,2060,2054.75,2054.75,44424,0
2017-04-28,2046.5,2047,2033,2033,52791,0
2017-05-02,2059.5,2060,2059.5,2060,240,0
2017-05-03,2056.5,2068.5,2056.5,2065.75,82554,0
2017-05-04,2070.5,2070.5,2066,2066,5772,0
2017-05-05,2076,2077.25,2071.23,2077.25,11026,0
2017-05-08,2083.5,2096.18,2083.5,2089,198,0
2017-05-09,2100,2102,2097.25,2097.25,2920,0
2017-05-10,2091.5,2091.78,2089.5,2089.5,2515,0
2017-05-11,2110.25,2110.25,2110.25,2110.25,0,0
2017-05-12,2120,2123.25,2118.5,2123.25,13618,0
2017-05-15,2122.5,2140.08,2117.5,2124,548,0
2017-05-16,2122.5,2139.5,2122.5,2135,3797,0
2017-05-17,2134.24,2134.24,2125.75,2125.75,48512,0
2017-05-18,2093.5,2093.5,2088.5,2092.5,9162,0
2017-05-19,2099,2099,2099,2099,0,0
2017-05-22,2130,2135.2,2130,2133.25,3502,0
2017-05-23,2126,2128.3,2119,2119,202,0
2017-05-24,2118.6,2124.75,2118.6,2124.75,117,0
2017-05-25,2137.06,2137.06,2131,2131,139,0
2017-05-26,2146.24,2153.5,2146.24,2153.5,1859,0
2017-05-30,2145.5,2150.5,2137.75,2148.5,689,0
2017-05-31,2152.5,2163.83,2148.25,2148.25,2472,0
2017-06-01,2165,2165,2165,2165,0,0
2017-06-02,2185,2185,2185,2185,0,0
2017-06-05,2171,2182.65,2167,2167,14,0
2017-06-06,2172,2173,2171.15,2173,240,0
2017-06-07,2173.5,2179.5,2169.75,2169.75,33302,0
2017-06-08,2179,2179.5,2163.25,2163.25,30615,0
2017-06-09,2166.5,2189.75,2166.5,2189.75,7600,0
2017-06-12,2192,2192,2184.5,2189.25,1444,0
2017-06-13,2203.5,2204,2197.75,2197.75,1624,0
2017-06-14,2209,2220,2208,2220,23495,0
2017-06-15,2212,2212,2180,2182.75,6527,0
2017-06-16,2195,2198.5,2191.73,2198.5,289607,0
2017-06-19,2194.7,2194.75,2194.7,2194.75,646,0
2017-06-20,2187.5,2198,2186,2186,10000,0
2017-06-21,2184.5,2184.5,2172.95,2173,10063,0
2017-06-22,2166,2166.25,2164.5,2166.25,10720,0
2017-06-23,2177.5,2177.5,2175.5,2175.5,183,0
2017-06-26,2174.5,2177.25,2174.5,2177.25,732,0
2017-06-27,2163.5,2163.5,2157.5,2160.5,1110,0
2017-06-28,2130.5,2130.5,2130.5,2130.5,0,0
2017-06-29,2134,2134,2117.25,2117.25,1117,0
2017-06-30,2118.25,2118.25,2118.25,2118.25,0,0
2017-07-03,2131,2131,2109.5,2109.5,5100,0
2017-07-04,2108,2113,2108,2113,1467,0
2017-07-05,2113,2113,2112.25,2112.25,7,0
2017-07-06,2092.5,2096.75,2091.5,2096.75,18045,0
2017-07-07,2108,2108,2108,2108,0,0
2017-07-10,2122.5,2131.5,2122.5,2124.5,1570,0
2017-07-11,2111.75,2111.75,2111.75,2111.75,0,0
2017-07-12,2133.5,2139,2115.19,2134,2388,0
2017-07-13,2132,2132,2132,2132,0,0
2017-07-14,2129,2140.5,2129,2135.75,1979,0
2017-07-17,2129,2137,2129,2135,499,0
2017-07-18,2163,2163,2163,2163,0,0
2017-07-19,2155.63,2156,2155.63,2156,4990,0
2017-07-20,2167.42,2183,2167.42,2183,2500,0
2017-07-21,2173,2180.25,2173,2180.25,1120,0
2017-07-24,2178,2184.38,2161.5,2161.5,548,0
2017-07-25,2168,2168,2165.5,2165.5,458,0
2017-07-26,2163.76,2163.76,2163.25,2163.25,4000,0
2017-07-27,2177,2177,2177,2177,0,0
2017-07-28,2158,2158,2158,2158,0,0
2017-07-31,2154.5,2154.5,2154.5,2154.5,0,0
2017-08-01,2167.5,2167.5,2167.5,2167.5,0,0
2017-08-02,2182,2182,2182,2182,0,0
2017-08-03,2204,2204,2200.75,2200.75,5014,0
2017-08-04,2202,2202.25,2202,2202.25,1170,0
2017-08-07,2203.25,2203.25,2203.25,2203.25,0,0
2017-08-08,2204.5,2204.5,2202.5,2202.5,250,0
2017-08-09,2190.5,2197,2189.83,2197,190,0
2017-08-10,2186.5,2187.75,2185.5,2187.75,906,0
2017-08-11,2173,2173,2164,2165.25,644,0
2017-08-14,2201.25,2201.25,2201.25,2201.25,0,0
2017-08-15,2206.25,2206.25,2206.25,2206.25,0,0
2017-08-16,2213,2213,2211.75,2211.75,1117,0
2017-08-17,2216.5,2216.5,2214.25,2214.25,584,0
2017-08-18,2192,2194.75,2192,2194.75,3862,0
2017-08-21,2194.75,2194.75,2194.75,2194.75,0,0
2017-08-22,2209.24,2209.24,2205.25,2205.25,6000,0
2017-08-23,2204.5,2210.25,2204.5,2210.25,1224,0
2017-08-24,2209.25,2209.25,2209.25,2209.25,0,0
2017-08-25,2197.5,2197.5,2197.5,2197.5,0,0
2017-08-29,2206,2206,2197,2205.75,9534,0
2017-08-30,2208.75,2208.75,2208.75,2208.75,0,0
2017-08-31,2221,2231.5,2219.5,2231.5,4096,0
2017-09-01,2210.5,2210.5,2206,2206,16,0
2017-09-04,2213.5,2213.5,2210.25,2210.25,543,0
2017-09-05,2187,2187,2187,2187,14,0
2017-09-06,2193,2193,2193,2193,0,0
2017-09-07,2213.5,2214.75,2213.5,2214.75,8,0
2017-09-08,2209.25,2209.25,2209.25,2209.25,0,0
2017-09-11,2217,2225.5,2217,2219.5,199,0
2017-09-12,2223.5,2223.5,2200,2200,8718,0
2017-09-13,2194.25,2195.61,2189.25,2189.25,32237,0
2017-09-14,2169,2169,2163.5,2163.5,16500,0
2017-09-15,2171.5,2171.5,2147.25,2147.25,24,0
2017-09-18,2149,2151.25,2149,2151.25,8,0
2017-09-19,2144,2144,2144,2144,0,0
2017-09-20,2139.5,2139.5,2138.5,2138.5,4749,0
2017-09-21,2124,2124,2124,2124,0,0
2017-09-22,2135.5,2135.5,2135.5,2135.5,0,0
2017-09-25,2125,2134.5,2124,2134,11006,0
2017-09-26,2142,2142,2136.75,2136.75,20,0
2017-09-27,2142,2142,2120.75,2120.75,1490,0
2017-09-28,2130,2130.5,2121.75,2121.75,1929,0
2017-09-29,2149.25,2149.25,2149.25,2149.25,0,0
2017-10-02,2155,2158.5,2153,2158.5,5697,0
2017-10-03,2168,2169.25,2168,2169.25,2,0
2017-10-04,2160.5,2161.25,2160.5,2161.25,23,0
2017-10-05,2172.5,2172.5,2172,2172.5,3,0
2017-10-06,2174,2174,2174,2174,0,0
2017-10-09,2165,2165,2165,2165,0,0
2017-10-10,2169.75,2169.75,2169.75,2169.75,0,0
2017-10-11,2189,2189,2187,2187,222,0
2017-10-12,2204.25,2204.25,2204.25,2204.25,0,0
2017-10-13,2184.5,2184.5,2184.5,2184.5,0,0
2017-10-16,2180,2190.25,2171,2190.25,1780,0
2017-10-17,2191.75,2191.75,2191.75,2191.75,0,0
2017-10-18,2196.48,2210,2196.48,2210,1955,0
2017-10-19,2205.76,2205.76,2201.75,2201.75,1,0
2017-10-20,2191,2191,2180,2180,735,0
2017-10-23,2169,2170,2158.25,2158.25,5951,0
2017-10-24,2163.5,2163.5,2163.5,2163.5,0,0
2017-10-25,2135.5,2135.5,2130.5,2131,174,0
2017-10-26,2139.5,2145.5,2139.5,2145.5,4365,0
2017-10-27,2151.75,2151.75,2151.75,2151.75,0,0
2017-10-30,2152.75,2152.75,2151.77,2152.75,668,0
2017-10-31,2165,2169,2165,2169,1152,0
2017-11-01,2159,2165.65,2159,2161.25,3082,0
2017-11-02,2189.5,2198.5,2189.5,2197.25,1242,0
2017-11-03,2206,2207,2199.5,2199.75,4058,0
2017-11-06,2200,2200,2191.12,2192.75,2992,0
2017-11-07,2185,2185.5,2183,2185.5,1997,0
2017-11-08,2199.5,2203,2199.5,2203,134,0
2017-11-09,2202,2202,2198,2198,1113,0
2017-11-10,2183.5,2187.5,2178.75,2178.75,3176,0
2017-11-13,2191,2191.5,2184,2187.5,11852,0
2017-11-14,2196,2208.5,2196,2206,42318,0
2017-11-15,2204.75,2204.75,2204.75,2204.75,0,0
2017-11-16,2217.5,2222.5,2217.5,2221.25,1033,0
2017-11-17,2214,2215.5,2211.25,2211.25,1926,0
2017-11-20,2196,2196.5,2193,2193,742,0
2017-11-21,2210,2211,2204.25,2204.25,1471,0
2017-11-22,2210.5,2210.5,2198.25,2198.25,5890,0
2017-11-23,2209.25,2209.25,2209.25,2209.25,0,0
2017-11-24,2207.5,2214.5,2207.5,2214.5,5120,0
2017-11-27,2221,2225,2218.5,2219,40774,0
2017-11-28,2212.5,2225.5,2212.5,2224.5,2463,0
2017-11-29,2185.75,2185.75,2185.75,2185.75,0,0
2017-11-30,2192.5,2192.5,2186,2189.75,7937,0
2017-12-01,2187,2187,2182.5,2182.5,83,0
2017-12-04,2193,2197.5,2193,2196.5,1545,0
2017-12-05,2214,2216,2213,2213.75,21690,0
2017-12-06,2221,2225.5,2216,2216,3074,0
2017-12-07,2215.5,2220.75,2215,2220.75,865,0
2017-12-08,2234.5,2241,2234.5,2239.75,1542,0
2017-12-11,2241.25,2241.25,2241.25,2241.25,0,0
2017-12-12,2236,2236,2227.5,2229.25,480,0
2017-12-13,2229,2229,2225.5,2225.75,8383,0
2017-12-14,2220.25,2220.25,2220.25,2220.25,0,0
2017-12-15,2227,2246.5,2227,2246.5,815,0
2017-12-18,2256.5,2276,2256.5,2275.5,11192,0
2017-12-19,2282.36,2282.36,2280.25,2280.25,4000,0
2017-12-20,2267,2267,2267,2267,0,0
2017-12-21,2269.75,2269.75,2269.75,2269.75,188,0
2017-12-22,2260.5,2260.5,2258,2258,1282,0
2017-12-27,2268,2282,2268,2280.5,28701,0
2017-12-28,2280.5,2292,2280.5,2289.5,16047,0
2017-12-29,2284,2291.25,2284,2291.25,1622,0
2018-01-02,2283,2283,2275.25,2275.25,898,0
2018-01-03,2282.5,2301.5,2282.5,2300,4419,0
2018-01-04,2299,2299,2295,2295.25,547,0
2018-01-05,2302,2309,2301.5,2306,864,0
2018-01-08,2316.5,2320.5,2316.5,2316.75,951,0
2018-01-09,2317,2317,2308,2314.25,5276,0
2018-01-10,2283,2287.5,2283,2285.25,3319,0
2018-01-11,2278.5,2278.5,2263.25,2263.25,4371,0
2018-01-12,2262.5,2262.5,2261.75,2261.75,1314,0
2018-01-15,2254,2254,2254,2254,0,0
2018-01-16,2270,2277.5,2270,2273.5,4103,0
2018-01-17,2277,2277,2274.25,2274.25,1645,0
2018-01-18,2251.5,2255.5,2250.25,2250.25,2614,0
2018-01-19,2263.5,2266.25,2263.5,2266.25,319,0
2018-01-22,2249.5,2249.5,2249.5,2249.5,0,0
2018-01-23,2259.5,2264.75,2259.5,2264.75,4,0
2018-01-24,2243.5,2243.5,2241.25,2241.25,106,0
2018-01-25,2227.25,2227.25,2227.25,2227.25,0,0
2018-01-26,2252.25,2252.25,2252.25,2252.25,308897,0
2018-01-29,2236,2238.75,2236,2238.75,314924,0
2018-01-30,2239,2239,2228.25,2228.25,1001,0
2018-01-31,2237,2237,2232.75,2232.75,3941,0
2018-02-01,2205,2211.75,2205,2211.75,2,0
2018-02-02,2195.24,2195.24,2194.25,2194.25,4,0
2018-02-05,2161.5,2161.5,2158.75,2158.75,80,0
2018-02-06,2128,2128,2111.5,2111.5,643,0
2018-02-07,2121.5,2158,2121.5,2151.5,10476,0
2018-02-08,2099.76,2099.76,2098.25,2098.25,37,0
2018-02-09,2104.5,2104.5,2104.5,2104.5,0,0
2018-02-12,2129.5,2129.5,2129.5,2129.5,0,0
2018-02-13,2116.5,2116.5,2116.5,2116.5,0,0
2018-02-14,2127.5,2127.5,2127.5,2127.5,0,0
2018-02-15,2128,2128,2118.5,2118.5,5352,0
2018-02-16,2154.75,2154.75,2154.75,2154.75,0,0
2018-02-19,2147,2147,2138,2138,750,0
2018-02-20,2141,2141,2141,2141,0,0
2018-02-21,2142.5,2142.5,2142.5,2142.5,0,0
2018-02-22,2141,2146.25,2141,2146.25,98,0
2018-02-23,2150,2160.5,2150,2159.75,5720,0
2018-02-26,2169,2170.75,2167,2170.75,5515,0
2018-02-27,2166.5,2166.5,2142.5,2142.5,5955,0
2018-02-28,2129.5,2142.5,2129.5,2141,810,0
2018-03-01,2142,2148,2135.75,2135.75,4729,0
2018-03-02,2133,2133,2124.5,2130.5,948,0
2018-03-05,2140.5,2149.25,2140.5,2149.25,574,0
2018-03-06,2147,2154,2140.5,2149.75,2978,0
2018-03-07,2171.5,2171.5,2170.25,2170.25,2,0
2018-03-08,2187.5,2208.5,2187.5,2205.25,572,0
2018-03-09,2200,2200,2187.25,2187.25,54,0
2018-03-12,2190.5,2190.5,2189.25,2189.25,1132,0
2018-03-13,2177.25,2177.25,2177.25,2177.25,0,0
2018-03-14,2182,2183.75,2182,2183.75,2664,0
2018-03-15,2179,2186,2179,2185.75,1038,0
2018-03-16,2178,2178,2171.5,2171.5,983,0
2018-03-19,2185.5,2185.5,2181.5,2182.75,809,0
2018-03-20,2190.75,2190.75,2190.75,2190.75,0,0
2018-03-21,2173,2173,2172.75,2172.75,50,0
2018-03-22,2160.5,2165.75,2160,2165.75,4463,0
2018-03-23,2152,2152.25,2150,2152.25,68,0
2018-03-26,2143,2143,2135,2135,1704,0
2018-03-27,2160.5,2165.5,2160.5,2165.5,96,0
2018-03-28,2174.75,2174.75,2174.75,2174.75,0,0
2018-03-29,2200,2203.5,2195.5,2200.75,136,0
