Date,Open,High,Low,Close,Volume,OpenInt
2011-05-17,17.828,17.865,17.691,17.691,1792,0
2011-05-18,17.941,18.046,17.931,18.046,4061,0
2011-05-19,18.014,18.014,17.941,17.941,1122,0
2011-05-20,18.022,18.022,17.894,17.988,2276,0
2011-05-23,17.608,17.663,17.608,17.663,1737,0
2011-05-24,17.764,17.792,17.653,17.691,2235,0
2011-05-25,17.701,17.792,17.701,17.792,2343,0
2011-05-26,17.884,17.913,17.884,17.894,1631,0
2011-05-31,18.013,18.02,18.013,18.02,487,0
2011-06-02,17.673,17.792,17.673,17.792,2500,0
2011-06-03,17.553,17.553,17.553,17.553,1113,0
2011-06-06,17.378,17.378,17.378,17.378,101,0
2011-06-07,17.504,17.522,17.468,17.468,4393,0
2011-06-08,17.302,17.422,17.292,17.356,10104,0
2011-06-09,17.835,17.835,17.366,17.522,5966,0
2011-06-10,17.413,17.413,17.413,17.413,1192,0
2011-06-13,17.193,17.193,17.175,17.175,1302,0
2011-06-14,17.385,17.422,17.385,17.422,2928,0
2011-06-15,17.07,17.09,17.015,17.07,5744,0
2011-06-16,17.154,17.154,17.024,17.024,975,0
2011-06-17,17.218,17.218,17.218,17.218,651,0
2011-06-20,17.042,17.042,17.042,17.042,379,0
2011-06-21,17.274,17.458,17.246,17.449,20813,0
2011-06-22,17.468,17.495,17.458,17.495,4116,0
2011-06-23,17.09,17.312,16.988,17.312,4116,0
2011-06-28,17.292,17.486,17.292,17.486,1413,0
2011-06-29,17.551,17.561,17.551,17.561,3090,0
2011-06-30,17.635,17.829,17.635,17.829,9374,0
2011-07-01,17.755,18.02,17.755,18.02,9518,0
2011-07-06,18.054,18.054,18.054,18.054,1595,0
2011-07-07,18.27,18.288,18.27,18.27,126309,0
2011-07-08,18.123,18.123,18.113,18.113,324,0
2011-07-11,17.883,17.939,17.781,17.781,15068,0
2011-07-12,17.718,17.718,17.718,17.718,164,0
2011-07-13,17.845,17.853,17.79,17.79,14598,0
2011-07-14,17.755,17.755,17.671,17.718,19915,0
2011-07-15,17.727,17.763,17.727,17.763,815,0
2011-07-18,17.718,17.718,17.633,17.633,1883,0
2011-07-19,17.817,17.817,17.817,17.817,768,0
2011-07-20,17.949,17.986,17.949,17.968,12221,0
2011-07-21,18.038,18.133,17.995,18.113,5068,0
2011-07-22,18.074,18.113,18.074,18.113,1328,0
2011-07-25,17.939,17.968,17.939,17.968,1301,0
2011-07-26,17.995,18.004,17.995,18.004,1290,0
2011-07-27,17.763,17.763,17.606,17.615,7167,0
2011-07-28,17.661,17.661,17.661,17.661,101,0
2011-07-29,17.422,17.495,17.385,17.495,1316,0
2011-08-01,17.699,17.699,17.227,17.227,1790,0
2011-08-02,17.274,17.274,17.015,17.032,124180,0
2011-08-03,16.803,16.86,16.803,16.803,540,0
2011-08-04,16.518,16.546,16.158,16.158,5325,0
2011-08-05,16.002,16.296,15.706,16.045,291301,0
2011-08-08,15.563,15.805,15.078,15.098,83989,0
2011-08-09,15.459,15.478,15.041,15.401,11596,0
2011-08-10,15.392,15.459,15.179,15.225,4446,0
2011-08-11,15.17,15.528,15.17,15.528,880,0
2011-08-12,15.872,15.89,15.805,15.862,2894,0
2011-08-15,16.002,16.091,15.908,16.091,5438,0
2011-08-16,16.02,16.138,15.927,16.045,71527,0
2011-08-17,16.037,16.037,16.037,16.037,90307,0
2011-08-18,15.161,15.513,15.161,15.161,2343,0
2011-08-19,15.069,15.153,15.059,15.059,11834,0
2011-08-22,14.919,15.107,14.886,14.886,56232,0
2011-08-23,15.023,15.107,15.023,15.107,268,0
2011-08-24,15.335,15.411,15.335,15.411,11304,0
2011-08-25,15.326,15.373,15.326,15.373,2408,0
2011-08-26,15.197,15.601,15.17,15.536,7653,0
2011-08-29,15.762,15.908,15.762,15.908,2087,0
2011-08-30,15.842,15.842,15.842,15.842,1257,0
2011-08-31,16.228,16.238,16.005,16.031,11586,0
2011-09-01,16.073,16.073,16.073,16.073,164,0
2011-09-02,15.623,15.689,15.496,15.537,8101,0
2011-09-06,15.069,15.43,15.069,15.43,3163,0
2011-09-07,15.872,15.872,15.872,15.872,374,0
2011-09-08,15.927,15.927,15.77,15.77,11869,0
2011-09-09,15.592,15.592,15.251,15.316,7599,0
2011-09-13,15.439,15.521,15.439,15.521,273,0
2011-09-14,15.899,15.963,15.789,15.789,1364,0
2011-09-15,15.972,16.029,15.972,16.011,12713,0
2011-09-16,16.233,16.233,16.055,16.167,6250,0
2011-09-20,16.204,16.204,15.963,15.963,757,0
2011-09-22,15.051,15.125,14.699,14.919,20874,0
2011-09-23,14.819,14.955,14.819,14.955,1240,0
2011-09-26,15.023,15.197,15.023,15.197,540,0
2011-09-27,15.752,15.752,15.66,15.66,2274,0
2011-09-28,15.621,15.621,15.373,15.392,1346,0
2011-09-29,15.288,15.288,15.261,15.261,757,0
2011-09-30,15.097,15.097,15.031,15.031,417,0
2011-10-03,14.763,14.763,14.708,14.763,630,0
2011-10-04,14.229,14.41,14.229,14.41,324,0
2011-10-05,14.886,15.189,14.886,15.189,301,0
2011-10-07,15.505,15.505,15.505,15.505,221,0
2011-10-11,15.814,15.927,15.814,15.927,1410,0
2011-10-12,16.101,16.204,16.101,16.204,3252,0
2011-10-13,15.963,15.992,15.963,15.992,16459,0
2011-10-14,16.167,16.333,16.167,16.333,2039,0
2011-10-17,15.992,15.992,15.992,15.992,471,0
2011-10-18,16.11,16.11,16.101,16.101,18104,0
2011-10-19,16.082,16.082,16.082,16.082,2584,0
2011-10-20,15.927,16.11,15.927,16.11,1440,0
2011-10-21,16.377,16.377,16.315,16.324,1050,0
2011-10-24,16.639,16.639,16.639,16.639,432,0
2011-10-25,16.424,16.443,16.333,16.333,8078,0
2011-10-26,16.424,16.488,16.424,16.488,1598,0
2011-10-27,17.051,17.119,16.914,17.015,2685,0
2011-10-28,16.988,17.051,16.988,17.051,391,0
2011-10-31,16.82,16.82,16.679,16.697,17161,0
2011-11-01,16.287,16.306,16.186,16.259,3913,0
2011-11-02,16.433,16.433,16.36,16.36,2150,0
2011-11-03,16.69,16.69,16.69,16.69,101,0
2011-11-04,16.524,16.524,16.439,16.439,1074,0
2011-11-07,16.536,16.71,16.469,16.7,2429,0
2011-11-08,16.85,16.905,16.85,16.905,10883,0
2011-11-09,16.518,16.518,16.333,16.333,3000,0
2011-11-10,16.351,16.433,16.351,16.433,888,0
2011-11-11,16.7,16.7,16.7,16.7,540,0
2011-11-14,16.932,16.932,16.566,16.575,6544,0
2011-11-15,16.61,16.727,16.575,16.727,3968,0
2011-11-16,16.527,16.575,16.424,16.424,848,0
2011-11-17,16.073,16.073,16.029,16.037,598,0
2011-11-18,16.055,16.055,16.055,16.055,432,0
2011-11-22,15.697,15.697,15.582,15.592,1788,0
2011-11-23,15.459,15.459,15.354,15.354,437,0
2011-11-25,15.392,15.392,15.392,15.392,126,0
2011-11-29,15.842,15.89,15.814,15.814,15955,0
2011-11-30,16.346,16.355,16.346,16.355,399,0
2011-12-01,16.518,16.556,16.518,16.556,471,0
2011-12-02,16.593,16.719,16.498,16.498,26546,0
2011-12-05,16.746,16.756,16.61,16.61,884,0
2011-12-06,16.627,16.773,16.627,16.671,4424,0
2011-12-07,16.6,16.848,16.59,16.848,10158,0
2011-12-08,16.533,16.533,16.392,16.392,2219,0
2011-12-12,16.397,16.397,16.259,16.259,2522,0
2011-12-13,16.46,16.46,16.148,16.167,6643,0
2011-12-14,16.073,16.073,15.963,16.002,8432,0
2011-12-15,16.11,16.11,16.045,16.055,3948,0
2011-12-16,16.19,16.246,16.04,16.113,17989,0
2011-12-19,16.196,16.196,15.89,15.908,10085,0
2011-12-20,16.167,16.377,16.167,16.377,3385,0
2011-12-21,16.355,16.439,16.264,16.439,13557,0
2011-12-22,16.504,16.607,16.504,16.607,5431,0
2011-12-23,16.627,16.627,16.627,16.627,157,0
2011-12-28,16.607,16.607,16.485,16.514,2996,0
2011-12-29,16.6,16.653,16.6,16.653,4404,0
2012-01-03,16.912,16.921,16.791,16.912,92422,0
2012-01-04,16.801,16.877,16.801,16.868,2625,0
2012-01-05,16.83,16.83,16.81,16.81,1294,0
2012-01-06,16.858,16.877,16.848,16.848,1085,0
2012-01-09,16.877,16.903,16.877,16.903,1369,0
2012-01-11,17.023,17.135,17.023,17.125,12511,0
2012-01-12,17.125,17.125,17.118,17.118,4117,0
2012-01-13,16.941,16.969,16.941,16.969,477,0
2012-01-17,17.153,17.153,17.135,17.135,348,0
2012-01-18,17.089,17.265,17.089,17.265,4702,0
2012-01-19,17.339,17.396,17.339,17.366,19434,0
2012-01-20,17.293,17.319,17.293,17.319,1555,0
2012-01-23,17.432,17.432,17.303,17.386,4040,0
2012-01-24,17.237,17.396,17.237,17.329,20764,0
2012-01-25,17.283,17.487,17.283,17.487,11470,0
2012-01-26,17.533,17.533,17.386,17.386,2592,0
2012-01-30,17.246,17.357,17.209,17.357,2053,0
2012-01-31,17.508,17.508,17.33,17.387,7819,0
2012-02-01,17.543,17.626,17.506,17.506,3876,0
2012-02-02,17.589,17.599,17.487,17.589,3079,0
2012-02-03,17.838,17.886,17.829,17.886,2941,0
2012-02-06,17.811,17.915,17.811,17.915,3416,0
2012-02-07,17.915,17.943,17.915,17.933,2942,0
2012-02-08,17.943,17.981,17.886,17.981,11221,0
2012-02-09,18.024,18.033,18.024,18.033,4962,0
2012-02-10,17.848,17.857,17.82,17.82,2180,0
2012-02-13,17.971,18.007,17.933,17.963,2223,0
2012-02-14,17.923,17.933,17.848,17.915,3129,0
2012-02-15,18.017,18.017,17.915,17.915,1902,0
2012-02-16,17.886,18.049,17.886,18.049,18800,0
2012-02-17,18.156,18.156,18.146,18.146,15542,0
2012-02-21,18.222,18.259,18.184,18.24,1267,0
2012-02-22,18.137,18.137,18.069,18.118,2153,0
2012-02-23,18.098,18.118,18.069,18.118,747,0
2012-02-24,18.166,18.184,18.118,18.118,3716,0
2012-02-27,18.088,18.166,18.088,18.166,1950,0
2012-02-28,18.268,18.268,18.204,18.25,594,0
2012-02-29,18.272,18.272,18.133,18.133,11434,0
2012-03-01,18.166,18.275,18.166,18.23,5521,0
2012-03-02,18.222,18.222,18.137,18.137,2208,0
2012-03-05,18.069,18.069,18.069,18.069,1397,0
2012-03-06,17.749,17.765,17.682,17.682,1871,0
2012-03-07,17.765,17.867,17.765,17.867,2588,0
2012-03-08,17.99,18.033,17.99,18.033,2419,0
2012-03-09,18.127,18.127,18.088,18.088,1940,0
2012-03-12,18.04,18.04,17.998,18.024,2756,0
2012-03-13,18.194,18.319,18.194,18.31,761,0
2012-03-14,18.328,18.328,18.328,18.328,430,0
2012-03-15,18.338,18.348,18.275,18.348,1349,0
2012-03-16,18.386,18.386,18.376,18.376,433,0
2012-03-19,18.509,18.544,18.499,18.499,4225,0
2012-03-20,18.368,18.433,18.368,18.433,3130,0
2012-03-21,18.405,18.415,18.348,18.376,1896,0
2012-03-22,18.204,18.204,18.127,18.146,41460,0
2012-03-23,18.194,18.319,18.137,18.319,7169,0
2012-03-26,18.443,18.572,18.443,18.572,62627,0
2012-03-27,18.572,18.572,18.49,18.49,45442,0
2012-03-28,18.462,18.462,18.302,18.302,10821,0
2012-03-29,18.222,18.292,18.194,18.292,7493,0
2012-03-30,18.383,18.402,18.279,18.364,8169,0
2012-04-02,18.358,18.608,18.328,18.59,8150,0
2012-04-03,18.518,18.536,18.338,18.415,93338,0
2012-04-04,18.23,18.24,18.23,18.24,5013,0
2012-04-05,18.156,18.268,18.146,18.194,11547,0
2012-04-09,17.923,18.222,17.915,18.024,11889,0
2012-04-10,18.007,18.007,17.617,17.626,43570,0
2012-04-11,17.811,17.848,17.729,17.729,9675,0
2012-04-12,17.793,18.108,17.784,18.108,16328,0
2012-04-13,18.033,18.049,17.896,17.896,10253,0
2012-04-16,17.758,18.137,17.729,17.829,2904,0
2012-04-17,17.981,18.137,17.981,18.108,7763,0
2012-04-18,18.04,18.059,18.04,18.059,3631,0
2012-04-19,18.059,18.059,18.059,18.059,4888,0
2012-04-20,18.069,18.069,17.953,17.953,5645,0
2012-04-23,17.663,17.702,17.663,17.702,4095,0
2012-04-24,17.739,17.739,17.692,17.719,30480,0
2012-04-25,17.886,17.971,17.886,17.971,3523,0
2012-04-26,17.923,18.137,17.923,18.137,14687,0
2012-04-27,18.137,18.204,18.088,18.166,6782,0
2012-04-30,18.113,18.113,18.054,18.064,6995,0
2012-05-01,18.137,18.338,18.059,18.213,23513,0
2012-05-02,18.088,18.146,18.078,18.127,5438,0
2012-05-03,18.088,18.088,17.867,17.867,5926,0
2012-05-04,17.765,17.765,17.57,17.57,3937,0
2012-05-07,17.153,17.663,17.153,17.487,97159,0
2012-05-08,17.348,17.386,17.108,17.386,8871,0
2012-05-09,17.172,17.329,17.153,17.293,10441,0
2012-05-10,17.406,17.406,17.256,17.256,4165,0
2012-05-11,17.153,17.339,17.153,17.162,3511,0
2012-05-14,16.987,17.014,16.931,16.931,5184,0
2012-05-15,16.903,16.931,16.679,16.679,2854,0
2012-05-16,16.81,16.877,16.59,16.607,3428,0
2012-05-17,16.572,16.572,16.42,16.42,821,0
2012-05-18,16.392,16.429,16.123,16.181,103567,0
2012-05-21,16.383,16.457,16.364,16.457,20811,0
2012-05-22,16.607,16.627,16.572,16.572,8174,0
2012-05-23,16.292,16.662,16.238,16.662,262507,0
2012-05-24,16.617,16.617,16.42,16.42,140326,0
2012-05-25,16.6,16.6,16.475,16.524,2878,0
2012-05-29,16.931,16.931,16.653,16.725,863,0
2012-05-30,16.582,16.6,16.374,16.457,9463,0
2012-05-31,16.435,16.435,16.204,16.416,2679,0
2012-06-01,15.967,16.015,15.874,15.883,17816,0
2012-06-04,15.902,15.94,15.681,15.874,69959,0
2012-06-05,15.802,16.053,15.802,16.053,8129,0
2012-06-06,16.223,16.435,16.223,16.435,5779,0
2012-06-07,16.742,16.742,16.491,16.491,23570,0
2012-06-08,16.407,16.588,16.407,16.588,17235,0
2012-06-11,16.582,16.582,16.514,16.514,1940,0
2012-06-12,16.448,16.542,16.42,16.542,1012,0
2012-06-13,16.533,16.533,16.411,16.42,5639,0
2012-06-14,16.429,16.607,16.429,16.607,3419,0
2012-06-15,16.651,16.751,16.651,16.751,4888,0
2012-06-18,16.782,16.791,16.716,16.791,1681,0
2012-06-19,17.014,17.014,17.014,17.014,1565,0
2012-06-20,16.941,16.979,16.848,16.951,4675,0
2012-06-21,16.959,16.959,16.462,16.462,3015,0
2012-06-22,16.511,16.588,16.511,16.579,2548,0
2012-06-25,16.343,16.343,16.223,16.223,744,0
2012-06-26,16.213,16.213,16.213,16.213,101,0
2012-06-27,16.361,16.361,16.334,16.334,2444,0
2012-06-29,16.715,16.732,16.705,16.723,1588,0
2012-07-02,16.695,16.809,16.695,16.809,10912,0
2012-07-05,16.93,16.93,16.885,16.893,1496,0
2012-07-06,16.651,16.651,16.569,16.569,1998,0
2012-07-10,16.53,16.53,16.53,16.53,2490,0
2012-07-11,16.398,16.416,16.325,16.398,8060,0
2012-07-12,16.204,16.307,16.176,16.307,22905,0
2012-07-13,16.462,16.521,16.454,16.521,4130,0
2012-07-16,16.481,16.521,16.481,16.521,1717,0
2012-07-17,16.605,16.605,16.454,16.454,2170,0
2012-07-18,16.705,16.715,16.705,16.715,1323,0
2012-07-19,16.818,16.818,16.809,16.809,324,0
2012-07-20,16.651,16.677,16.614,16.614,1245,0
2012-07-23,16.37,16.37,16.361,16.361,725,0
2012-07-24,16.307,16.307,16.118,16.251,5684,0
2012-07-25,16.279,16.279,16.186,16.186,2034,0
2012-07-26,16.416,16.491,16.343,16.491,3278,0
2012-07-30,16.799,16.867,16.799,16.847,867,0
2012-07-31,16.857,16.857,16.857,16.857,161,0
2012-08-01,16.799,16.818,16.705,16.705,3269,0
2012-08-02,16.634,16.634,16.634,16.634,2731,0
2012-08-03,16.978,16.978,16.921,16.94,2508,0
2012-08-06,17.014,17.059,16.995,16.995,11095,0
2012-08-07,17.108,17.135,17.089,17.089,3537,0
2012-08-08,17.118,17.172,17.118,17.154,10743,0
2012-08-09,17.154,17.192,17.125,17.154,3123,0
2012-08-10,17.108,17.108,17.079,17.079,1520,0
2012-08-13,17.125,17.135,17.108,17.108,15124,0
2012-08-14,17.228,17.237,17.182,17.182,4850,0
2012-08-15,17.125,17.182,17.125,17.162,6850,0
2012-08-16,17.303,17.34,17.303,17.33,1336,0
2012-08-17,17.34,17.34,17.33,17.33,585,0
2012-08-20,16.454,17.349,16.454,17.349,1062,0
2012-08-21,17.313,17.313,17.313,17.313,101,0
2012-08-22,17.358,17.368,17.294,17.358,11261,0
2012-08-23,17.256,17.256,17.256,17.256,629,0
2012-08-28,17.284,17.294,17.266,17.274,1522,0
2012-08-29,17.256,17.313,17.237,17.294,2418,0
2012-08-30,17.154,17.162,17.154,17.162,532,0
2012-09-05,17.201,17.256,17.201,17.256,1274,0
2012-09-06,17.517,17.517,17.407,17.517,1344,0
2012-09-07,17.676,17.769,17.676,17.714,4722,0
2012-09-11,17.685,17.695,17.676,17.676,1611,0
2012-09-12,17.778,17.778,17.732,17.752,1554,0
2012-09-14,18.141,18.307,18.141,18.307,1465,0
2012-09-17,18.123,18.123,18.093,18.093,1610,0
2012-09-18,18.064,18.103,18.037,18.044,9163,0
2012-09-19,18.141,18.171,18.113,18.161,4175,0
2012-09-21,18.123,18.181,18.103,18.113,4099,0
2012-09-24,18.019,18.019,18.011,18.011,653,0
2012-09-25,18.054,18.103,17.723,17.787,2061,0
2012-09-26,17.704,17.752,17.704,17.723,1956,0
2012-09-27,17.778,17.928,17.778,17.928,6578,0
2012-09-28,17.733,17.733,17.724,17.724,637,0
2012-10-01,17.947,17.947,17.814,17.814,2643,0
2012-10-02,17.86,17.86,17.824,17.842,2089,0
2012-10-03,17.89,17.947,17.89,17.947,1180,0
2012-10-04,18.002,18.103,18.002,18.103,6635,0
2012-10-05,18.171,18.171,18.083,18.083,889,0
2012-10-08,18.002,18.029,18.002,18.029,1316,0
2012-10-09,18.029,18.029,17.89,17.89,7074,0
2012-10-10,17.851,17.851,17.842,17.842,803,0
2012-10-12,17.769,17.769,17.76,17.769,556,0
2012-10-15,17.752,17.824,17.752,17.824,219,0
2012-10-16,17.9,18.029,17.9,18.029,728,0
2012-10-17,18.093,18.103,18.093,18.103,644,0
2012-10-18,16.771,18.037,16.771,18.037,3429,0
2012-10-19,18.083,18.083,17.86,17.86,1888,0
2012-10-22,17.833,17.833,17.833,17.833,101,0
2012-10-23,17.563,17.573,17.545,17.545,559,0
2012-10-24,17.555,17.555,17.545,17.545,739,0
2012-10-25,17.591,17.591,17.489,17.555,11550,0
2012-10-26,17.555,17.563,17.451,17.499,3920,0
2012-10-31,17.591,17.591,17.508,17.508,3307,0
2012-11-01,17.638,17.769,17.192,17.769,2812,0
2012-11-02,17.86,17.86,17.638,17.647,1054,0
2012-11-05,17.489,17.573,17.489,17.573,563,0
2012-11-06,17.573,17.573,17.573,17.573,4184,0
2012-11-07,17.33,17.34,17.313,17.34,519,0
2012-11-08,17.313,17.313,17.098,17.098,586,0
2012-11-09,17.108,17.162,17.04,17.04,2703,0
2012-11-12,17.144,17.144,17.079,17.108,1650,0
2012-11-13,17.04,17.192,17.014,17.014,4687,0
2012-11-14,17.108,17.108,16.809,16.809,4775,0
2012-11-15,16.809,16.809,16.67,16.67,4961,0
2012-11-16,16.715,16.847,16.715,16.79,966,0
2012-11-19,17.05,17.05,17.05,17.05,457,0
2012-11-20,17.144,17.144,17.144,17.144,324,0
2012-11-21,16.95,17.237,16.95,17.228,9503,0
2012-11-23,17.32,17.434,17.313,17.434,1733,0
2012-11-27,17.451,17.461,17.451,17.461,644,0
2012-11-29,17.628,17.647,17.62,17.628,1727,0
2012-11-30,17.629,17.629,17.592,17.592,952,0
2012-12-03,17.628,17.628,17.628,17.628,581,0
2012-12-04,17.517,17.517,17.471,17.489,10714,0
2012-12-05,17.517,17.535,17.517,17.535,408,0
2012-12-06,17.535,17.535,17.489,17.517,2312,0
2012-12-07,17.656,17.656,17.461,17.461,867,0
2012-12-10,17.628,17.638,17.62,17.62,1242,0
2012-12-11,17.704,17.752,17.704,17.752,646,0
2012-12-12,17.814,17.814,17.814,17.814,121,0
2012-12-13,17.814,17.814,17.778,17.778,1475,0
2012-12-14,17.61,17.62,17.563,17.563,1980,0
2012-12-17,17.61,17.796,17.61,17.796,5416,0
2012-12-18,17.86,18.044,17.86,18.044,232,0
2012-12-19,18.123,18.123,18.019,18.019,436,0
2012-12-21,17.638,17.638,17.62,17.638,749,0
2012-12-24,17.647,17.666,17.647,17.666,1288,0
2012-12-27,17.638,17.638,17.442,17.62,10353,0
2012-12-28,17.545,17.545,17.499,17.499,3863,0
2012-12-31,17.476,17.634,17.476,17.634,1002,0
2013-01-02,18.093,18.246,18.083,18.246,43618,0
2013-01-03,18.246,18.298,18.218,18.218,7149,0
2013-01-04,18.083,18.354,18.083,18.354,36838,0
2013-01-07,18.133,18.307,18.133,18.218,6570,0
2013-01-08,18.103,18.264,18.103,18.264,15669,0
2013-01-09,18.307,18.383,18.181,18.335,25588,0
2013-01-11,18.468,18.516,18.459,18.516,2076,0
2013-01-14,18.44,18.44,18.421,18.421,6677,0
2013-01-15,18.44,18.552,18.44,18.552,1725,0
2013-01-16,18.506,18.569,18.506,18.569,591,0
2013-01-17,18.654,18.654,18.654,18.654,219,0
2013-01-18,18.615,18.615,18.56,18.606,1408,0
2013-01-22,18.615,18.71,18.615,18.7,2032,0
2013-01-23,18.624,18.624,18.624,18.624,106,0
2013-01-24,18.774,18.822,18.774,18.803,4736,0
2013-01-25,18.831,18.895,18.813,18.849,2969,0
2013-01-28,18.878,18.878,18.878,18.878,103,0
2013-01-31,18.854,18.854,18.807,18.817,1474,0
2013-02-01,18.905,19.037,18.895,18.989,3882,0
2013-02-04,18.839,18.839,18.839,18.839,219,0
2013-02-05,19.075,19.075,19.065,19.065,3251,0
2013-02-07,18.895,18.895,18.895,18.895,161,0
2013-02-08,19.127,19.127,19.102,19.102,471,0
2013-02-11,19.118,19.118,19.056,19.065,2467,0
2013-02-12,19.065,19.065,19.065,19.065,853,0
2013-02-15,19.146,19.146,19.11,19.11,3120,0
2013-02-19,19.094,19.094,19.094,19.094,124,0
2013-02-21,18.794,18.794,18.579,18.579,14306,0
2013-02-22,18.728,18.728,18.644,18.72,4209,0
2013-02-26,18.402,18.542,18.402,18.516,7591,0
2013-02-27,18.672,18.803,18.644,18.784,5033,0
2013-03-04,18.757,18.757,18.728,18.728,6900,0
2013-03-05,19.106,19.114,19.106,19.114,976,0
2013-03-06,19.142,19.275,19.142,19.275,8020,0
2013-03-08,19.257,19.257,19.257,19.257,677,0
2013-03-11,19.269,19.436,19.269,19.391,2902,0
2013-03-12,19.419,19.428,19.419,19.428,751,0
2013-03-14,19.445,19.502,19.445,19.463,1502,0
2013-03-18,19.298,19.343,19.298,19.298,2810,0
2013-03-19,19.106,19.188,19.106,19.188,1295,0
2013-03-20,19.295,19.295,19.295,19.295,557,0
2013-03-21,19.247,19.275,19.217,19.257,1306,0
2013-03-22,19.368,19.368,19.295,19.295,1167,0
2013-03-26,19.405,19.405,19.405,19.405,779,0
2013-03-27,19.368,19.488,19.368,19.469,10938,0
2013-03-28,19.479,19.488,19.479,19.488,916,0
2013-04-01,19.441,19.441,19.441,19.441,218,0
2013-04-02,19.479,19.479,19.479,19.479,2606,0
2013-04-03,19.488,19.488,19.257,19.275,1120,0
2013-04-04,19.275,19.275,19.275,19.275,696,0
2013-04-05,19.123,19.123,19.123,19.123,378,0
2013-04-08,19.208,19.208,19.198,19.198,395,0
2013-04-09,19.386,19.488,19.377,19.488,1385,0
2013-04-10,19.535,19.768,19.535,19.768,2579,0
2013-04-11,19.797,19.797,19.797,19.797,137,0
2013-04-12,19.797,19.797,19.797,19.797,287,0
2013-04-15,19.686,19.686,19.424,19.424,465,0
2013-04-16,19.432,19.563,19.339,19.535,2968,0
2013-04-17,19.386,19.386,19.275,19.275,824,0
2013-04-18,19.198,19.198,19.114,19.114,1186,0
2013-04-19,19.257,19.257,19.257,19.257,262,0
2013-04-22,19.451,19.582,19.451,19.582,873,0
2013-04-23,19.787,19.787,19.73,19.73,1916,0
2013-04-24,19.74,19.74,19.74,19.74,262,0
2013-04-26,19.864,19.864,19.864,19.864,101,0
2013-04-29,19.825,19.825,19.825,19.825,180,0
2013-04-30,19.948,19.948,19.948,19.948,393,0
2013-05-01,19.807,19.834,19.797,19.807,813,0
2013-05-02,19.91,19.91,19.91,19.91,291,0
2013-05-03,20.32,20.32,20.31,20.31,2099,0
2013-05-06,20.346,20.395,20.346,20.395,259,0
2013-05-07,20.425,20.425,20.425,20.425,754,0
2013-05-08,20.463,20.463,20.463,20.463,1075,0
2013-05-09,20.492,20.508,20.395,20.405,5600,0
2013-05-10,20.415,20.415,20.415,20.415,4192,0
2013-05-13,20.59,20.59,20.553,20.553,2773,0
2013-05-14,20.628,20.854,20.628,20.854,1243,0
2013-05-15,20.854,20.872,20.844,20.864,5695,0
2013-05-16,20.907,20.917,20.787,20.787,1326,0
2013-05-17,20.897,21.076,20.897,21.076,905,0
2013-05-20,21.105,21.105,21.105,21.105,144,0
2013-05-21,21.105,21.2,21.105,21.2,5560,0
2013-05-22,21.18,21.338,20.994,20.994,3713,0
2013-05-23,20.927,20.927,20.927,20.927,101,0
2013-05-24,20.854,20.872,20.854,20.864,2314,0
2013-05-28,21.228,21.228,21.228,21.228,1285,0
2013-05-29,21.091,21.1,21.091,21.1,218,0
2013-05-30,21.228,21.273,21.228,21.273,2928,0
2013-05-31,20.888,20.888,20.872,20.872,2141,0
2013-06-03,20.897,20.984,20.854,20.984,125041,0
2013-06-04,20.969,20.969,20.94,20.94,1257,0
2013-06-05,20.773,20.773,20.773,20.773,545,0
2013-06-06,20.52,20.52,20.51,20.51,439,0
2013-06-10,21.032,21.059,21.003,21.023,1358,0
2013-06-11,20.782,20.94,20.782,20.94,1046,0
2013-06-12,20.778,20.778,20.545,20.545,1694,0
2013-06-13,20.553,20.787,20.526,20.787,1996,0
2013-06-14,20.892,20.892,20.755,20.81,15697,0
2013-06-17,20.984,20.994,20.835,20.854,1840,0
2013-06-18,20.911,21.071,20.911,21.071,1022,0
2013-06-19,21.026,21.026,21.026,21.026,1367,0
2013-06-20,20.446,20.446,20.212,20.212,4218,0
2013-06-21,20.294,20.294,20.081,20.183,14627,0
2013-06-24,19.818,20.117,19.818,20.041,3972,0
2013-06-25,20.145,20.145,20.031,20.117,4010,0
2013-06-26,20.313,20.313,20.313,20.313,491,0
2013-06-27,20.52,20.555,20.493,20.51,6205,0
2013-06-28,20.456,20.456,20.456,20.456,747,0
2013-07-01,20.583,20.631,20.573,20.631,45192,0
2013-07-02,20.52,20.52,20.52,20.52,1067,0
2013-07-03,20.437,20.437,20.437,20.437,205,0
2013-07-08,20.931,20.95,20.901,20.94,1357,0
2013-07-09,21.017,21.063,20.931,21.054,1755,0
2013-07-10,21.026,21.063,20.979,21.026,9309,0
2013-07-11,21.204,21.242,21.204,21.242,218,0
2013-07-12,21.268,21.334,21.268,21.334,529,0
2013-07-17,21.297,21.362,21.297,21.362,117579,0
2013-07-18,21.398,21.448,21.398,21.448,243,0
2013-07-22,21.606,21.606,21.56,21.56,426,0
2013-07-24,21.688,21.688,21.54,21.54,3250,0
2013-07-25,21.503,21.55,21.503,21.55,1174,0
2013-07-29,21.55,21.589,21.503,21.503,1817,0
2013-07-30,21.54,21.54,21.465,21.503,2145,0
2013-07-31,21.55,21.55,21.55,21.55,342,0
2013-08-01,21.765,21.765,21.765,21.765,2349,0
2013-08-02,21.803,21.803,21.803,21.803,101,0
2013-08-05,21.698,21.698,21.698,21.698,218,0
2013-08-07,21.569,21.569,21.56,21.56,1707,0
2013-08-09,21.616,21.661,21.616,21.652,2148,0
2013-08-12,21.532,21.569,21.334,21.569,1890,0
2013-08-14,21.598,21.606,21.598,21.606,1174,0
2013-08-15,21.233,21.233,21.233,21.233,211,0
2013-08-16,21.195,21.204,21.195,21.204,1174,0
2013-08-19,21.204,21.204,21.204,21.204,1409,0
2013-08-20,21.045,21.214,21.017,21.195,3211,0
2013-08-22,21.195,21.214,21.127,21.166,6802,0
2013-08-23,21.156,21.156,21.156,21.156,101,0
2013-08-26,21.224,21.362,21.224,21.362,1663,0
2013-08-28,20.901,20.989,20.901,20.989,1788,0
2013-08-29,20.989,21.127,20.989,21.026,3239,0
2013-08-30,20.95,20.95,20.858,20.858,1555,0
2013-09-04,21.33,21.358,21.33,21.339,2414,0
2013-09-05,21.368,21.368,21.368,21.368,137,0
2013-09-06,21.49,21.49,21.247,21.312,1566,0
2013-09-09,21.438,21.55,21.438,21.55,1785,0
2013-09-10,21.675,21.675,21.675,21.675,512,0
2013-09-12,21.717,21.756,21.678,21.688,1640,0
2013-09-13,21.734,21.753,21.695,21.753,3061,0
2013-09-16,21.998,21.998,21.833,21.833,21303,0
2013-09-17,21.913,21.949,21.913,21.949,1376,0
2013-09-18,21.942,22.14,21.942,22.122,1109,0
2013-09-19,22.131,22.131,22.033,22.072,2824,0
2013-09-20,22.122,22.15,21.977,21.977,2130,0
2013-09-23,21.986,21.986,21.866,21.866,679,0
2013-09-24,21.781,21.904,21.781,21.866,1587,0
2013-09-25,21.791,21.82,21.791,21.8,901,0
2013-09-26,21.81,21.81,21.81,21.81,593,0
2013-09-27,21.675,21.685,21.666,21.675,5536,0
2013-09-30,21.612,21.612,21.612,21.612,241,0
2013-10-01,21.658,21.781,21.658,21.734,2872,0
2013-10-02,21.753,21.753,21.753,21.753,101,0
2013-10-03,21.566,21.576,21.556,21.566,5602,0
2013-10-04,21.528,21.724,21.528,21.724,6294,0
2013-10-07,21.612,21.612,21.528,21.528,1420,0
2013-10-08,21.229,21.256,21.229,21.229,1082,0
2013-10-09,21.076,21.18,21.076,21.141,1382,0
2013-10-10,21.595,21.658,21.595,21.658,909,0
2013-10-11,21.666,21.885,21.666,21.885,1193,0
2013-10-14,21.967,21.977,21.958,21.958,2984,0
2013-10-15,21.977,22.014,21.913,21.913,1031,0
2013-10-16,22.092,22.176,22.092,22.16,2741,0
2013-10-17,22.168,22.306,22.168,22.306,2664,0
2013-10-18,22.423,22.423,22.423,22.423,725,0
2013-10-21,22.385,22.423,22.385,22.423,1458,0
2013-10-22,22.53,22.53,22.465,22.465,1134,0
2013-10-23,22.438,22.438,22.306,22.306,639,0
2013-10-24,22.395,22.501,22.395,22.501,2638,0
2013-10-25,22.54,22.54,22.54,22.54,569,0
2013-10-28,22.465,22.475,22.465,22.475,554,0
2013-10-29,22.55,22.55,22.55,22.55,293,0
2013-10-30,22.55,22.55,22.55,22.55,425,0
2013-10-31,22.438,22.56,22.438,22.56,2236,0
2013-11-04,22.395,22.511,22.395,22.457,1600,0
2013-11-05,22.475,22.56,22.475,22.56,2026,0
2013-11-06,22.644,22.644,22.619,22.619,6390,0
2013-11-13,22.609,22.674,22.609,22.644,1426,0
2013-11-14,22.731,22.786,22.731,22.778,3030,0
2013-11-15,22.86,22.86,22.86,22.86,101,0
2013-11-18,22.85,22.898,22.85,22.898,1061,0
2013-11-19,22.795,22.795,22.674,22.748,2342,0
2013-11-20,22.758,22.786,22.758,22.786,1583,0
2013-11-21,22.778,22.888,22.778,22.888,677,0
2013-11-22,22.898,22.938,22.898,22.938,568,0
2013-11-25,22.928,22.928,22.928,22.928,738,0
2013-11-26,22.918,22.957,22.918,22.957,67800,0
2013-11-27,22.918,22.967,22.918,22.957,2293,0
2013-11-29,23.022,23.022,23.022,23.022,217,0
2013-12-02,22.918,23.003,22.918,23.003,552,0
2013-12-03,22.85,22.85,22.731,22.758,1361,0
2013-12-04,22.712,22.85,22.712,22.85,1488,0
2013-12-05,22.768,22.795,22.712,22.721,4389,0
2013-12-06,22.938,22.938,22.938,22.938,319,0
2013-12-09,22.947,22.947,22.947,22.947,639,0
2013-12-10,22.85,22.918,22.85,22.898,6155,0
2013-12-11,22.786,22.786,22.629,22.637,1267,0
2013-12-12,22.609,22.644,22.609,22.644,474,0
2013-12-13,22.58,22.654,22.58,22.637,8656,0
2013-12-16,22.868,22.868,22.868,22.868,636,0
2013-12-17,22.692,22.692,22.674,22.674,517,0
2013-12-18,22.737,23.011,22.596,23.011,3192,0
2013-12-19,22.993,22.993,22.993,22.993,1979,0
2013-12-20,22.993,23.236,22.993,23.159,6489,0
2013-12-23,23.283,23.283,23.283,23.283,348,0
2013-12-24,23.393,23.393,23.255,23.255,1386,0
2013-12-26,23.442,23.488,23.442,23.488,447,0
2013-12-27,23.469,23.469,23.423,23.423,1287,0
2013-12-30,23.347,23.347,23.321,23.33,9315,0
2013-12-31,23.479,23.479,23.479,23.479,904,0
2014-01-02,23.356,23.356,23.226,23.245,60800,0
2014-01-03,23.365,23.365,23.293,23.302,2027,0
2014-01-06,23.274,23.274,23.236,23.236,493,0
2014-01-07,23.311,23.442,23.311,23.384,3354,0
2014-01-08,23.413,23.413,23.384,23.413,16166,0
2014-01-10,23.384,23.413,23.365,23.413,1754,0
2014-01-13,23.442,23.479,23.283,23.283,5375,0
2014-01-14,23.283,23.339,23.283,23.339,451,0
2014-01-15,23.508,23.565,23.508,23.556,3738,0
2014-01-16,23.556,23.556,23.488,23.488,3084,0
2014-01-17,23.574,23.574,23.565,23.565,1589,0
2014-01-21,23.677,23.677,23.582,23.612,1814,0
2014-01-22,23.582,23.612,23.582,23.612,638,0
2014-01-23,23.488,23.488,23.302,23.302,2721,0
2014-01-24,23.1,23.13,22.847,22.885,2941,0
2014-01-27,22.809,22.809,22.586,22.635,7153,0
2014-01-28,22.635,22.774,22.635,22.774,2852,0
2014-01-29,22.536,22.661,22.536,22.586,1109,0
2014-01-30,22.737,22.737,22.728,22.728,2480,0
2014-01-31,22.472,22.635,22.472,22.635,1276,0
2014-02-03,22.292,22.292,22.029,22.087,1078,0
2014-02-04,22.087,22.2,22.087,22.19,4504,0
2014-02-06,22.341,22.341,22.341,22.341,1062,0
2014-02-07,22.536,22.536,22.536,22.536,536,0
2014-02-10,22.699,22.699,22.699,22.699,892,0
2014-02-11,22.828,23.021,22.809,23.001,4864,0
2014-02-12,23.037,23.055,23.037,23.055,8746,0
2014-02-13,23.021,23.179,23.021,23.179,1991,0
2014-02-14,23.188,23.188,23.188,23.188,496,0
2014-02-18,23.384,23.403,23.365,23.403,1756,0
2014-02-19,23.442,23.442,23.339,23.339,2116,0
2014-02-20,23.311,23.311,23.311,23.311,215,0
2014-02-21,23.403,23.403,23.403,23.403,245,0
2014-02-24,23.442,23.696,23.442,23.696,3416,0
2014-02-25,23.488,23.556,23.479,23.479,1720,0
2014-02-26,23.423,23.537,23.423,23.488,1600,0
2014-02-27,23.479,23.547,23.479,23.547,579,0
2014-02-28,23.631,23.631,23.631,23.631,388,0
2014-03-03,23.393,23.452,23.347,23.442,2834,0
2014-03-04,23.761,23.819,23.706,23.819,853,0
2014-03-05,23.819,23.847,23.819,23.847,1327,0
2014-03-06,23.95,23.95,23.95,23.95,269,0
2014-03-07,23.933,23.933,23.847,23.847,1755,0
2014-03-10,23.761,23.933,23.761,23.914,1375,0
2014-03-12,23.79,23.79,23.79,23.79,318,0
2014-03-14,23.413,23.498,23.413,23.498,648,0
2014-03-17,23.488,23.621,23.488,23.612,4036,0
2014-03-18,23.809,23.809,23.809,23.809,900,0
2014-03-19,23.761,23.828,23.537,23.706,5247,0
2014-03-21,23.942,23.942,23.648,23.648,3592,0
2014-03-24,23.725,23.725,23.375,23.452,67033,0
2014-03-25,23.516,23.61,23.516,23.545,899,0
2014-03-26,23.309,23.309,23.309,23.309,101,0
2014-03-27,23.271,23.271,23.242,23.242,392,0
2014-03-28,23.318,23.318,23.28,23.28,802,0
2014-04-01,23.705,23.724,23.695,23.715,7383,0
2014-04-02,23.913,23.922,23.913,23.922,270,0
2014-04-03,23.894,23.894,23.818,23.818,1150,0
2014-04-04,23.942,23.942,23.43,23.468,3836,0
2014-04-07,23.061,23.261,23.061,23.261,3110,0
2014-04-08,23.252,23.28,23.252,23.271,1864,0
2014-04-09,23.337,23.506,23.337,23.506,2012,0
2014-04-10,23.61,23.61,23.017,23.034,4639,0
2014-04-11,22.921,22.921,22.911,22.911,2119,0
2014-04-15,23.137,23.309,22.901,23.309,15182,0
2014-04-16,23.477,23.477,23.46,23.46,2296,0
2014-04-17,23.535,23.535,23.535,23.535,213,0
2014-04-22,23.629,23.77,23.629,23.77,12166,0
2014-04-23,23.647,23.715,23.647,23.695,2251,0
2014-04-24,23.629,23.724,23.629,23.656,3881,0
2014-04-25,23.468,23.468,23.411,23.411,477,0
2014-04-28,23.43,23.43,23.421,23.421,3964,0
2014-04-29,23.6,23.6,23.6,23.6,422,0
2014-04-30,23.535,23.61,23.535,23.61,1170,0
2014-05-01,23.535,23.656,23.535,23.656,5070,0
2014-05-02,23.555,23.6,23.545,23.58,2233,0
2014-05-05,23.535,23.676,23.535,23.676,1495,0
2014-05-06,23.545,23.555,23.545,23.555,1200,0
2014-05-07,23.477,23.695,23.477,23.6,1333,0
2014-05-08,23.798,23.798,23.58,23.59,634,0
2014-05-09,23.629,23.629,23.6,23.6,1207,0
2014-05-12,23.808,23.922,23.808,23.922,606,0
2014-05-14,23.856,23.856,23.856,23.856,147,0
2014-05-15,23.563,23.563,23.563,23.563,187,0
2014-05-16,23.59,23.59,23.572,23.572,2013,0
2014-05-19,23.751,23.77,23.734,23.77,3009,0
2014-05-20,23.629,23.638,23.629,23.638,584,0
2014-05-21,23.78,23.836,23.78,23.827,3113,0
2014-05-22,23.903,23.958,23.903,23.958,844,0
2014-05-23,23.977,24.014,23.977,24.014,16438,0
2014-05-27,24.13,24.139,24.13,24.139,1489,0
2014-05-28,24.249,24.269,24.224,24.233,13406,0
2014-05-29,24.338,24.395,24.318,24.395,3093,0
2014-05-30,24.405,24.405,24.405,24.405,223,0
2014-06-02,24.414,24.423,24.414,24.423,1418,0
2014-06-04,24.506,24.506,24.506,24.506,225,0
2014-06-05,24.66,24.66,24.66,24.66,817,0
2014-06-09,24.779,24.779,24.779,24.779,722,0
2014-06-10,24.769,24.769,24.76,24.76,2202,0
2014-06-11,24.769,24.769,24.733,24.742,3023,0
2014-06-12,24.799,24.799,24.64,24.64,6582,0
2014-06-13,24.742,24.752,24.742,24.752,2013,0
2014-06-16,24.809,24.809,24.698,24.769,2424,0
2014-06-17,24.717,24.717,24.707,24.717,1356,0
2014-06-18,24.809,24.971,24.733,24.933,9145,0
2014-06-19,24.951,25.026,24.951,24.989,2760,0
2014-06-20,25.093,25.093,25.093,25.093,374,0
2014-06-23,25.12,25.139,25.084,25.139,2519,0
2014-06-24,25.093,25.158,25.075,25.093,1822,0
2014-06-25,24.941,24.999,24.941,24.999,608,0
2014-06-26,25.045,25.045,25.026,25.035,2248,0
2014-06-27,24.97,24.97,24.97,24.97,237,0
2014-06-30,25.065,25.11,25.065,25.11,914,0
2014-07-01,25.226,25.226,25.226,25.226,218,0
2014-07-02,25.226,25.226,25.167,25.167,5593,0
2014-07-03,25.254,25.264,25.254,25.264,592,0
2014-07-07,25.139,25.149,25.139,25.149,11187,0
2014-07-08,24.97,24.979,24.97,24.979,4119,0
2014-07-09,25.035,25.11,25.035,25.093,907,0
2014-07-10,24.894,25.026,24.894,25.018,2183,0
2014-07-11,24.951,25.026,24.951,25.026,2343,0
2014-07-14,25.158,25.158,25.149,25.149,890,0
2014-07-15,25.149,25.149,25.13,25.13,1119,0
2014-07-16,25.329,25.329,25.319,25.319,11323,0
2014-07-17,25.405,25.405,25.186,25.186,3104,0
2014-07-18,25.176,25.339,25.176,25.339,739,0
2014-07-21,25.293,25.358,25.293,25.358,1513,0
2014-07-22,25.509,25.555,25.509,25.555,2509,0
2014-07-23,25.584,25.69,25.546,25.69,3707,0
2014-07-24,25.69,25.72,25.622,25.672,2163,0
2014-07-25,25.603,25.603,25.518,25.537,1923,0
2014-07-28,25.492,25.492,25.414,25.453,477,0
2014-07-29,25.565,25.575,25.482,25.492,4448,0
2014-07-31,25.139,25.196,24.904,24.914,2822,0
2014-08-01,24.846,24.864,24.836,24.854,2582,0
2014-08-04,24.914,24.989,24.817,24.989,15189,0
2014-08-05,24.951,24.951,24.638,24.687,5403,0
2014-08-06,24.441,24.55,24.441,24.55,1349,0
2014-08-07,24.504,24.504,24.504,24.504,317,0
2014-08-08,24.495,24.58,24.495,24.58,1076,0
2014-08-11,24.788,24.864,24.76,24.76,36015,0
2014-08-12,24.732,24.751,24.668,24.751,6548,0
2014-08-13,24.914,24.923,24.904,24.923,10527,0
2014-08-14,24.904,24.96,24.874,24.932,7329,0
2014-08-15,24.836,25.065,24.808,24.951,7766,0
2014-08-18,25.12,25.149,25.12,25.13,2379,0
2014-08-19,25.274,25.31,25.264,25.274,8253,0
2014-08-20,25.3,25.329,25.274,25.329,3900,0
2014-08-21,25.358,25.453,25.358,25.453,4057,0
2014-08-22,25.453,25.453,25.319,25.414,3767,0
2014-08-25,25.528,25.537,25.528,25.537,1218,0
2014-08-26,25.603,25.603,25.575,25.575,1503,0
2014-08-27,25.603,25.603,25.537,25.537,973,0
2014-08-28,25.482,25.518,25.482,25.518,1343,0
2014-08-29,25.528,25.603,25.528,25.584,1843,0
2014-09-02,25.593,25.593,25.482,25.555,1546,0
2014-09-03,25.632,25.632,25.632,25.632,247,0
2014-09-05,25.424,25.575,25.368,25.546,3638,0
2014-09-08,25.434,25.434,25.434,25.434,866,0
2014-09-09,25.368,25.368,25.234,25.234,1018,0
2014-09-11,25.254,25.396,25.254,25.358,5501,0
2014-09-12,25.358,25.358,25.216,25.216,3116,0
2014-09-15,25.283,25.31,25.264,25.3,912,0
2014-09-16,25.555,25.555,25.555,25.555,215,0
2014-09-17,25.518,25.642,25.518,25.528,3787,0
2014-09-18,25.613,25.672,25.603,25.642,10151,0
2014-09-19,25.603,25.603,25.575,25.575,4951,0
2014-09-22,25.329,25.378,25.3,25.339,3050,0
2014-09-23,25.271,25.298,25.223,25.223,2365,0
2014-09-24,25.203,25.442,25.203,25.442,494,0
2014-09-25,25.117,25.117,25.014,25.014,6398,0
2014-09-26,25.071,25.29,25.071,25.29,572,0
2014-09-29,24.937,25.146,24.937,25.127,1645,0
2014-09-30,25.108,25.108,25.032,25.051,14452,0
2014-10-01,25.231,25.231,24.605,24.633,5510,0
2014-10-02,24.444,24.605,24.367,24.585,3191,0
2014-10-03,24.851,24.86,24.653,24.842,4047,0
2014-10-06,24.793,24.842,24.793,24.842,732,0
2014-10-07,24.728,24.728,24.444,24.444,2083,0
2014-10-08,24.614,24.614,24.168,24.595,1088,0
2014-10-09,24.406,24.536,24.224,24.25,25152,0
2014-10-10,24.073,24.26,23.92,23.958,12075,0
2014-10-13,23.873,23.873,23.445,23.445,6850,0
2014-10-14,23.349,23.511,23.322,23.358,6148,0
2014-10-15,23.12,23.12,22.57,23.12,23602,0
2014-10-16,22.902,23.445,22.902,23.245,22682,0
2014-10-17,23.634,23.758,23.482,23.55,8398,0
2014-10-20,23.596,23.758,23.586,23.758,2819,0
2014-10-21,24.139,24.377,24.139,24.377,13812,0
2014-10-22,24.462,24.48,24.233,24.233,9252,0
2014-10-23,24.546,24.585,24.454,24.48,4547,0
2014-10-24,24.472,24.517,24.357,24.517,1227,0
2014-10-27,24.339,24.454,24.339,24.454,3221,0
2014-10-28,24.565,24.763,24.565,24.763,3729,0
2014-10-29,24.842,24.842,24.624,24.721,1842,0
2014-10-30,24.737,24.755,24.653,24.755,1407,0
2014-10-31,25.08,25.08,24.956,25.08,1157,0
2014-11-03,24.976,24.976,24.966,24.966,266,0
2014-11-04,24.832,24.832,24.663,24.773,6926,0
2014-11-06,24.985,25.099,24.937,25.099,2757,0
2014-11-07,25.136,25.183,25.108,25.127,3284,0
2014-11-10,25.155,25.203,25.155,25.174,3964,0
2014-11-11,25.193,25.203,25.183,25.203,1424,0
2014-11-12,25.193,25.203,25.164,25.164,2599,0
2014-11-13,25.08,25.08,25.08,25.08,9563,0
2014-11-14,25.213,25.223,25.203,25.223,1082,0
2014-11-17,25.183,25.241,25.183,25.203,990,0
2014-11-18,25.393,25.461,25.375,25.412,4018,0
2014-11-19,25.393,25.393,25.345,25.393,1678,0
2014-11-20,25.412,25.451,25.412,25.451,573,0
2014-11-21,25.737,25.737,25.535,25.573,4808,0
2014-11-24,25.699,25.699,25.65,25.65,3090,0
2014-11-25,25.67,25.67,25.601,25.601,1079,0
2014-11-28,25.461,25.461,25.385,25.451,737,0
2014-12-01,25.174,25.251,25.174,25.241,4281,0
2014-12-02,25.516,25.516,25.432,25.498,1122,0
2014-12-03,25.601,25.611,25.601,25.601,2270,0
2014-12-04,25.611,25.63,25.582,25.582,1182,0
2014-12-05,25.699,25.699,25.601,25.601,3896,0
2014-12-08,25.461,25.48,25.336,25.345,8519,0
2014-12-09,25.174,25.326,25.155,25.316,5583,0
2014-12-10,25.146,25.146,24.91,25.022,3382,0
2014-12-11,25.155,25.375,25.155,25.375,899,0
2014-12-12,24.956,24.956,24.956,24.956,101,0
2014-12-15,24.653,24.653,24.527,24.527,1260,0
2014-12-16,24.605,24.86,24.605,24.653,9024,0
2014-12-17,24.555,24.773,24.489,24.773,4602,0
2014-12-18,25.316,25.345,25.174,25.316,1636,0
2014-12-19,25.774,25.774,25.774,25.774,101,0
2014-12-22,25.801,25.801,25.709,25.746,2785,0
2014-12-23,25.786,25.918,25.786,25.908,989,0
2014-12-24,25.823,25.908,25.823,25.853,2036,0
2014-12-29,25.958,25.958,25.948,25.958,976,0
2014-12-30,25.853,25.853,25.843,25.853,7488,0
2014-12-31,25.823,25.862,25.691,25.691,818,0
2015-01-02,25.545,25.545,25.545,25.545,764,0
2015-01-05,25.108,25.108,24.975,25.013,3600,0
2015-01-06,25.003,25.089,24.745,24.821,4753,0
2015-01-07,25.136,25.136,25.061,25.099,2351,0
2015-01-08,25.481,25.593,25.481,25.517,11281,0
2015-01-09,25.366,25.491,25.366,25.443,49174,0
2015-01-13,25.423,25.472,24.859,25.022,8993,0
2015-01-14,24.641,24.909,24.641,24.909,419,0
2015-01-15,25.041,25.041,24.68,24.69,16146,0
2015-01-16,24.651,25.061,24.651,25.061,8617,0
2015-01-20,24.879,25.08,24.85,25.032,27272,0
2015-01-21,25.08,25.241,25.08,25.183,4980,0
2015-01-22,25.164,25.584,25.164,25.584,3252,0
2015-01-23,25.554,25.564,25.554,25.564,2508,0
2015-01-26,25.404,25.527,25.404,25.527,678,0
2015-01-27,25.261,25.346,25.223,25.327,1475,0
2015-01-28,25.164,25.164,24.762,24.782,4038,0
2015-01-29,24.534,24.841,24.497,24.782,2463,0
2015-01-30,24.841,24.841,24.632,24.735,1964,0
2015-02-02,24.487,24.7,24.487,24.69,1557,0
2015-02-03,25.251,25.356,25.127,25.356,1311,0
2015-02-04,25.299,25.423,25.299,25.404,14431,0
2015-02-05,25.554,25.554,25.554,25.554,430,0
2015-02-06,25.721,25.766,25.711,25.711,2455,0
2015-02-09,25.517,25.527,25.499,25.499,1039,0
2015-02-10,25.662,25.682,25.662,25.682,2465,0
2015-02-11,25.794,25.794,25.776,25.776,683,0
2015-02-12,25.958,25.958,25.958,25.958,129,0
2015-02-17,26.015,26.015,25.995,25.995,872,0
2015-02-18,26.054,26.062,25.985,26.035,9234,0
2015-02-19,25.938,25.938,25.938,25.938,159,0
2015-02-20,25.853,25.853,25.853,25.853,240,0
2015-02-23,26.045,26.045,26.045,26.045,229,0
2015-02-24,26.109,26.185,26.109,26.185,862,0
2015-02-25,26.109,26.178,26.099,26.168,2522,0
2015-02-26,26.015,26.035,25.975,26.035,2365,0
2015-02-27,26.015,26.08,25.985,25.995,2232,0
2015-03-02,26.07,26.07,26.07,26.07,735,0
2015-03-03,26.045,26.045,25.928,25.967,1364,0
2015-03-04,25.871,25.871,25.871,25.871,213,0
2015-03-05,25.995,25.995,25.958,25.958,2620,0
2015-03-06,25.682,25.682,25.682,25.682,101,0
2015-03-09,25.721,25.757,25.711,25.757,630,0
2015-03-10,25.443,25.443,25.413,25.413,1991,0
2015-03-12,25.564,25.642,25.564,25.613,2203,0
2015-03-13,25.622,25.622,25.394,25.394,419,0
2015-03-16,25.823,25.823,25.823,25.823,523,0
2015-03-17,25.748,25.803,25.738,25.794,2830,0
2015-03-18,25.662,26.08,25.652,26.07,3460,0
2015-03-19,25.908,25.908,25.908,25.908,1050,0
2015-03-20,26.291,26.291,26.224,26.224,419,0
2015-03-23,26.195,26.195,26.185,26.185,523,0
2015-03-24,26.035,26.035,26.035,26.035,1676,0
2015-03-25,25.892,25.892,25.751,25.78,2401,0
2015-03-26,25.483,25.557,25.483,25.557,1358,0
2015-03-27,25.606,25.635,25.606,25.625,1358,0
2015-03-30,25.902,26.02,25.902,26.01,2713,0
2015-03-31,25.875,25.912,25.866,25.875,4497,0
2015-04-01,25.694,25.694,25.577,25.616,4904,0
2015-04-02,25.685,25.685,25.685,25.685,2087,0
2015-04-06,25.596,25.99,25.596,25.952,731,0
2015-04-07,25.98,25.98,25.961,25.961,908,0
2015-04-08,25.98,25.98,25.875,25.902,1460,0
2015-04-09,26,26.104,25.912,26.104,2171,0
2015-04-10,26.058,26.221,26.058,26.221,7515,0
2015-04-13,26.201,26.201,26.075,26.134,2818,0
2015-04-14,26.173,26.173,26.075,26.153,1358,0
2015-04-15,26.354,26.382,26.354,26.373,782,0
2015-04-16,26.373,26.373,26.373,26.373,5,0
2015-04-17,25.952,26.058,25.797,25.837,1251,0
2015-04-20,26.191,26.24,26.084,26.24,741,0
2015-04-21,26.191,26.23,26.181,26.181,2837,0
2015-04-22,26.181,26.221,26.153,26.221,1063,0
2015-04-23,26.221,26.23,26.211,26.23,731,0
2015-04-24,26.316,26.401,26.316,26.401,1364,0
2015-04-27,26.43,26.43,26.43,26.43,212,0
2015-04-28,26.44,26.44,26.277,26.297,4119,0
2015-04-29,26.094,26.181,26.094,26.181,521,0
2015-04-30,26.134,26.134,25.817,25.817,313,0
2015-05-01,26.01,26.058,26.01,26.058,5217,0
2015-05-04,26.297,26.307,26.249,26.249,6990,0
2015-05-05,26.249,26.249,26.249,26.249,101,0
2015-05-06,25.912,25.942,25.875,25.942,1746,0
2015-05-07,25.961,25.961,25.902,25.902,970,0
2015-05-08,26.249,26.316,26.249,26.277,627,0
2015-05-11,26.249,26.249,26.249,26.249,101,0
2015-05-12,26.03,26.173,25.99,26.153,5921,0
2015-05-13,26.23,26.23,26.114,26.114,1311,0
2015-05-14,26.221,26.249,26.221,26.24,1148,0
2015-05-15,26.307,26.421,26.307,26.307,223,0
2015-05-18,26.44,26.498,26.44,26.498,886,0
2015-05-19,26.538,26.538,26.43,26.43,3049,0
2015-05-20,26.401,26.411,26.363,26.411,1918,0
2015-05-21,26.325,26.576,26.325,26.576,1251,0
2015-05-22,26.508,26.528,26.508,26.528,1148,0
2015-05-26,26.153,26.153,26.153,26.153,351,0
2015-05-27,26.316,26.392,26.316,26.392,835,0
2015-05-28,26.459,26.459,26.354,26.382,1669,0
2015-05-29,26.325,26.325,26.316,26.316,2296,0
2015-06-01,26.297,26.392,26.297,26.392,239,0
2015-06-02,26.287,26.287,26.277,26.277,1276,0
2015-06-03,26.392,26.392,26.392,26.392,417,0
2015-06-04,26.287,26.287,26.124,26.124,627,0
2015-06-05,26.144,26.144,26.144,26.144,212,0
2015-06-08,25.971,25.971,25.971,25.971,101,0
2015-06-09,25.952,25.952,25.942,25.942,558,0
2015-06-10,26.201,26.221,26.201,26.221,313,0
2015-06-11,26.345,26.363,26.297,26.297,3338,0
2015-06-12,26.124,26.124,26.05,26.05,4174,0
2015-06-15,25.837,26.01,25.837,26.01,2608,0
2015-06-16,26.05,26.084,26.05,26.084,1148,0
2015-06-17,26.124,26.144,26.124,26.144,627,0
2015-06-18,26.354,26.498,26.354,26.498,1045,0
2015-06-19,26.392,26.392,26.392,26.392,101,0
2015-06-22,26.508,26.557,26.508,26.518,939,0
2015-06-23,26.488,26.498,26.478,26.478,919,0
2015-06-24,26.384,26.384,26.384,26.384,312,0
2015-06-25,26.384,26.384,26.308,26.308,520,0
2015-06-26,26.241,26.241,26.231,26.231,935,0
2015-06-29,25.952,25.952,25.713,25.713,1247,0
2015-06-30,25.817,25.875,25.723,25.797,16539,0
2015-07-01,25.892,25.892,25.883,25.883,416,0
2015-07-02,25.892,25.892,25.892,25.892,211,0
2015-07-06,25.797,25.912,25.713,25.713,1145,0
2015-07-07,25.664,25.98,25.556,25.98,3537,0
2015-07-08,25.751,25.751,25.605,25.605,1873,0
2015-07-09,25.912,25.912,25.713,25.713,36932,0
2015-07-10,25.971,26.01,25.952,26.01,1042,0
2015-07-14,26.384,26.452,26.384,26.452,5338,0
2015-07-15,26.452,26.452,26.452,26.452,105,0
2015-07-16,26.5,26.54,26.48,26.53,5515,0
2015-07-17,26.403,26.461,26.403,26.452,4368,0
2015-07-20,26.48,26.549,26.48,26.54,4473,0
2015-07-21,26.432,26.432,26.432,26.432,1562,0
2015-07-22,26.413,26.413,26.354,26.394,4161,0
2015-07-23,26.403,26.403,26.192,26.202,1873,0
2015-07-24,26.364,26.51,26.076,26.085,8741,0
2015-07-27,25.922,26.01,25.912,25.971,1562,0
2015-07-28,26.164,26.164,26.164,26.164,4161,0
2015-07-29,26.442,26.47,26.442,26.47,416,0
2015-07-30,26.5,26.51,26.5,26.51,211,0
2015-07-31,26.49,26.49,26.394,26.394,625,0
2015-08-03,26.268,26.268,26.268,26.268,1042,0
2015-08-04,26.384,26.384,26.288,26.288,833,0
2015-08-05,26.288,26.288,26.288,26.288,101,0
2015-08-06,26.01,26.01,26.01,26.01,211,0
2015-08-10,26.164,26.192,26.164,26.192,1456,0
2015-08-11,25.922,25.922,25.751,25.751,6178,0
2015-08-12,25.463,25.902,25.463,25.866,2705,0
2015-08-13,25.837,25.932,25.837,25.932,625,0
2015-08-14,25.883,25.902,25.817,25.902,3745,0
2015-08-17,25.902,25.902,25.902,25.902,101,0
2015-08-18,26.01,26.01,26.01,26.01,101,0
2015-08-19,25.624,25.674,25.624,25.674,2809,0
2015-08-20,25.336,25.336,25.24,25.25,2393,0
2015-08-21,24.905,24.905,24.308,24.308,6241,0
2015-08-24,23.424,23.971,23.021,23.376,8223,0
2015-08-25,23.971,23.971,23.674,23.674,4784,0
2015-08-26,23.55,23.866,23.241,23.866,2913,0
2015-08-27,24.519,24.519,24.519,24.519,520,0
2015-08-28,24.444,24.597,24.444,24.557,3537,0
2015-08-31,24.529,24.587,24.454,24.49,2497,0
2015-09-01,23.906,23.981,23.906,23.981,2393,0
2015-09-02,24.058,24.107,23.999,24.107,6763,0
2015-09-04,23.846,23.962,23.733,23.925,23201,0
2015-09-08,24.366,24.376,24.366,24.376,729,0
2015-09-09,24.463,24.463,24.222,24.222,416,0
2015-09-10,24.193,24.222,24.193,24.222,443,0
2015-09-14,24.472,24.472,24.268,24.278,3953,0
2015-09-15,24.395,24.704,24.386,24.704,5202,0
2015-09-16,24.778,24.798,24.778,24.798,1042,0
2015-09-17,24.817,24.827,24.788,24.808,1926,0
2015-09-18,24.5,24.5,24.5,24.5,211,0
2015-09-22,24.185,24.185,24.185,24.185,312,0
2015-09-23,24.326,24.326,24.2,24.2,1564,0
2015-09-24,24.143,24.143,24.143,24.143,549,0
2015-09-25,24.143,24.143,24.143,24.143,101,0
2015-09-28,23.631,23.631,23.294,23.313,1823,0
2015-09-29,23.563,23.563,23.36,23.36,2799,0
2015-09-30,23.689,23.814,23.621,23.814,8186,0
2015-10-01,23.892,23.968,23.892,23.968,2695,0
2015-10-02,23.719,24.246,23.64,24.246,3836,0
2015-10-05,24.827,24.827,24.827,24.827,105,0
2015-10-06,24.895,24.915,24.683,24.827,40936,0
2015-10-07,25.001,25.001,24.808,24.808,3207,0
2015-10-08,25.183,25.262,25.183,25.262,932,0
2015-10-09,25.348,25.358,25.348,25.358,1658,0
2015-10-12,25.416,25.416,25.338,25.338,13933,0
2015-10-13,25.262,25.328,25.262,25.262,623,0
2015-10-14,25.108,25.193,25.108,25.193,2695,0
2015-10-15,25.193,25.193,25.193,25.193,210,0
2015-10-16,25.475,25.485,25.338,25.485,2384,0
2015-10-19,25.521,25.521,25.475,25.494,9509,0
2015-10-20,25.455,25.494,25.455,25.465,3731,0
2015-10-21,25.627,25.627,25.416,25.416,2384,0
2015-10-22,25.801,25.906,25.801,25.906,4352,0
2015-10-23,26.035,26.11,26.035,26.11,1349,0
2015-10-26,26.081,26.081,26.063,26.071,9948,0
2015-10-27,25.936,25.936,25.926,25.926,518,0
2015-10-29,26.005,26.1,26.005,26.1,1969,0
2015-10-30,26.045,26.14,26.045,26.054,104155,0
2015-11-03,26.187,26.4,26.187,26.38,3893,0
2015-11-04,26.322,26.322,26.197,26.246,7211,0
2015-11-05,26.15,26.159,26.15,26.15,1556,0
2015-11-06,26.09,26.09,25.985,25.985,518,0
2015-11-09,25.696,25.774,25.696,25.764,13478,0
2015-11-10,25.784,25.784,25.745,25.774,2695,0
2015-11-11,25.841,25.86,25.811,25.811,414,0
2015-11-16,25.039,25.232,25.039,25.232,932,0
2015-11-17,25.677,25.736,25.539,25.539,2280,0
2015-11-18,25.686,25.896,25.686,25.896,4665,0
2015-11-19,25.956,25.956,25.896,25.906,1969,0
2015-11-20,26.09,26.09,26.005,26.054,7151,0
2015-11-24,26.025,26.217,26.025,26.217,2073,0
2015-11-25,26.054,26.14,26.045,26.14,1658,0
2015-11-27,26.11,26.179,26.11,26.179,1242,0
2015-11-30,26.081,26.081,26.045,26.063,2176,0
2015-12-01,26.159,26.159,26.09,26.15,22555,0
2015-12-02,26.197,26.197,26.197,26.197,1053,0
2015-12-03,25.965,26.015,25.579,25.579,1742,0
2015-12-04,25.936,26.159,25.936,26.071,1451,0
2015-12-07,25.896,25.896,25.841,25.841,623,0
2015-12-08,25.549,25.821,25.549,25.821,1155,0
2015-12-09,25.831,25.946,25.569,25.569,518,0
2015-12-10,25.706,25.706,25.667,25.667,1242,0
2015-12-11,25.252,25.252,25.252,25.252,518,0
2015-12-14,25.174,25.213,25.049,25.174,103014,0
2015-12-15,25.579,25.657,25.503,25.503,4456,0
2015-12-16,25.569,25.946,25.503,25.946,3836,0
2015-12-17,25.87,25.87,25.598,25.618,5804,0
2015-12-18,25.272,25.272,25.116,25.116,6321,0
2015-12-21,25.146,25.146,25.146,25.146,101,0
2015-12-22,25.406,25.494,25.291,25.494,2052,0
2015-12-23,25.7,25.739,25.65,25.739,7322,0
2015-12-24,25.835,25.835,25.722,25.778,2767,0
2015-12-28,25.572,25.572,25.477,25.572,2153,0
2015-12-29,25.919,25.919,25.919,25.919,323,0
2015-12-30,25.951,25.951,25.877,25.877,1288,0
2015-12-31,25.65,25.754,25.572,25.601,5913,0
2016-01-04,24.914,25.049,24.797,25.049,10783,0
2016-01-05,25.027,25.127,25.027,25.127,1516,0
2016-01-06,24.817,24.92,24.817,24.871,3776,0
2016-01-07,24.657,24.657,24.318,24.318,1862,0
2016-01-11,23.963,23.963,23.963,23.963,562,0
2016-01-12,24.168,24.419,24.168,24.41,3846,0
2016-01-13,24.332,24.342,23.713,23.731,10868,0
2016-01-14,24.011,24.235,24.011,24.188,3470,0
2016-01-15,23.484,23.484,23.476,23.478,1022,0
2016-01-19,23.731,23.749,23.305,23.305,13406,0
2016-01-20,23.041,23.314,22.864,23.314,3107,0
2016-01-21,23.285,23.287,23.285,23.287,4692,0
2016-01-22,23.846,23.846,23.68,23.701,2971,0
2016-01-25,23.722,23.769,23.548,23.548,4182,0
2016-01-26,23.624,23.769,23.604,23.682,14372,0
2016-01-27,23.408,23.692,23.39,23.39,1520,0
2016-01-28,23.352,23.452,23.236,23.449,2847,0
2016-01-29,23.489,23.876,23.489,23.836,4368,0
2016-02-01,23.856,24.047,23.808,24.011,8111,0
2016-02-02,23.672,23.722,23.468,23.478,18161,0
2016-02-03,23.168,23.276,23.128,23.128,1931,0
2016-02-04,23.353,23.42,23.334,23.4,6268,0
2016-02-05,23.295,23.305,22.838,22.906,5863,0
2016-02-08,22.577,22.577,22.394,22.404,6129,0
2016-02-09,22.654,22.855,22.607,22.848,2063,0
2016-02-10,23.061,23.061,22.77,22.77,1622,0
2016-02-11,22.46,22.567,22.255,22.567,4350,0
2016-02-12,22.74,22.886,22.737,22.838,3679,0
2016-02-16,23.148,23.295,23.075,23.206,1724,0
2016-02-17,23.429,23.779,23.429,23.741,2511,0
2016-02-18,23.662,23.662,23.645,23.645,743,0
2016-02-19,23.361,23.468,23.361,23.468,931,0
2016-02-22,23.876,23.876,23.846,23.846,1469,0
2016-02-23,23.652,23.652,23.652,23.652,240,0
2016-02-24,23.276,23.276,23.276,23.276,115,0
2016-02-25,23.856,23.856,23.788,23.788,749,0
2016-02-26,24.109,24.109,24.027,24.06,1818,0
2016-02-29,23.982,24.06,23.819,23.819,327,0
2016-03-01,23.982,24.342,23.982,24.342,10824,0
2016-03-02,24.391,24.391,24.332,24.332,1024,0
2016-03-03,24.332,24.4,24.332,24.4,279,0
2016-03-04,24.439,24.631,24.439,24.631,511,0
2016-03-07,24.628,24.628,24.468,24.468,825,0
2016-03-08,24.515,24.525,24.515,24.525,3263,0
2016-03-09,24.439,24.509,24.439,24.509,1870,0
2016-03-10,24.367,24.486,24.367,24.486,1321,0
2016-03-11,24.758,24.806,24.749,24.749,1611,0
2016-03-14,24.876,24.904,24.876,24.904,309,0
2016-03-15,24.787,24.826,24.787,24.826,1257,0
2016-03-16,24.767,25.001,24.767,25.001,866,0
2016-03-17,24.972,25.039,24.972,25.039,550,0
2016-03-18,25.174,25.174,25.149,25.149,515,0
2016-03-21,25.204,25.204,25.204,25.204,119,0
2016-03-22,25.193,25.193,25.174,25.174,556,0
2016-03-23,25.161,25.161,25.066,25.066,1400,0
2016-03-24,24.949,25.017,24.88,24.999,6305,0
2016-03-28,25.007,25.075,25.007,25.036,2113,0
2016-03-29,24.943,25.138,24.943,25.138,882,0
2016-03-30,25.446,25.484,25.344,25.344,914,0
2016-03-31,25.282,25.282,25.28,25.28,385,0
2016-04-01,25.221,25.513,25.221,25.504,11573,0
2016-04-04,25.513,25.513,25.396,25.396,8434,0
2016-04-05,25.211,25.231,25.181,25.231,11068,0
2016-04-06,25.27,25.416,25.191,25.416,54082,0
2016-04-07,25.172,25.25,25.085,25.105,27723,0
2016-04-08,25.378,25.378,25.183,25.183,776,0
2016-04-11,25.309,25.309,25.191,25.191,3892,0
2016-04-12,25.181,25.503,25.181,25.475,2105,0
2016-04-13,25.689,25.701,25.611,25.655,4604,0
2016-04-14,25.719,25.757,25.719,25.757,1276,0
2016-04-15,25.677,25.689,25.669,25.669,13543,0
2016-04-18,25.768,25.871,25.768,25.871,689,0
2016-04-19,26.01,26.01,25.88,25.976,410,0
2016-04-20,26.02,26.02,26.01,26.01,1028,0
2016-04-21,26.03,26.03,25.944,25.944,360,0
2016-04-22,25.864,25.864,25.864,25.864,100,0
2016-04-25,25.784,25.901,25.784,25.901,628,0
2016-04-26,25.902,25.951,25.902,25.942,10349,0
2016-04-27,25.932,26.127,25.873,26.063,9018,0
2016-04-28,26.119,26.137,25.845,25.845,2595,0
2016-04-29,25.777,25.777,25.426,25.561,1336,0
2016-05-02,25.786,25.797,25.767,25.767,1035,0
2016-05-03,25.465,25.565,25.437,25.551,532,0
2016-05-04,25.368,25.368,25.368,25.368,124,0
2016-05-05,25.419,25.419,25.29,25.29,810,0
2016-05-06,25.208,25.433,25.191,25.433,639,0
2016-05-09,25.502,25.502,25.426,25.501,3089,0
2016-05-10,25.658,25.757,25.658,25.729,2727,0
2016-05-11,25.61,25.61,25.513,25.531,693,0
2016-05-12,25.416,25.455,25.328,25.446,2927,0
2016-05-13,25.388,25.455,25.388,25.416,1473,0
2016-05-16,25.328,25.449,25.328,25.436,5169,0
2016-05-17,25.388,25.441,25.124,25.201,2253,0
2016-05-18,25.426,25.426,25.426,25.426,100,0
2016-05-19,25.153,25.153,25.153,25.153,190,0
2016-05-20,25.172,25.363,25.172,25.328,703,0
2016-05-23,25.299,25.324,25.254,25.254,1231,0
2016-05-25,25.777,25.835,25.777,25.825,1951,0
2016-05-26,25.752,25.766,25.752,25.764,591,0
2016-05-27,25.835,25.835,25.835,25.835,308,0
2016-05-31,25.805,25.829,25.805,25.829,468,0
2016-06-01,25.709,25.84,25.709,25.84,674,0
2016-06-02,25.827,25.827,25.824,25.824,668,0
2016-06-03,25.699,25.825,25.699,25.805,1557,0
2016-06-06,25.818,25.818,25.818,25.818,100,0
2016-06-07,25.951,25.951,25.951,25.951,208,0
2016-06-08,25.921,26.02,25.911,25.982,3389,0
2016-06-10,25.6,25.729,25.6,25.659,2964,0
2016-06-13,25.532,25.532,25.532,25.532,123,0
2016-06-14,25.348,25.348,25.348,25.348,208,0
2016-06-15,25.474,25.474,25.474,25.474,591,0
2016-06-17,25.416,25.416,25.416,25.416,223,0
2016-06-20,25.709,25.709,25.639,25.639,3240,0
2016-06-21,25.624,25.624,25.62,25.62,241,0
2016-06-23,25.711,25.843,25.701,25.843,2491,0
2016-06-24,25.211,25.293,25.076,25.095,2671,0
2016-06-27,24.587,24.587,24.587,24.587,1026,0
2016-06-29,25.379,25.379,25.379,25.379,100,0
2016-06-30,25.709,25.709,25.681,25.681,585,0
2016-07-01,25.766,25.77,25.74,25.74,7541,0
2016-07-05,25.573,25.64,25.505,25.505,1362,0
2016-07-06,25.447,25.447,25.447,25.447,100,0
2016-07-07,25.666,25.666,25.641,25.641,285,0
2016-07-08,25.983,25.983,25.983,25.983,100,0
2016-07-11,26.18,26.239,26.18,26.239,499,0
2016-07-12,26.335,26.374,26.315,26.33,1441,0
2016-07-13,26.358,26.358,26.358,26.358,256,0
2016-07-14,26.452,26.452,26.452,26.452,100,0
2016-07-15,26.502,26.502,26.502,26.502,207,0
2016-07-18,26.571,26.571,26.461,26.502,2912,0
2016-07-19,26.502,26.502,26.502,26.502,100,0
2016-07-20,26.551,26.615,26.551,26.615,307,0
2016-07-21,26.576,26.576,26.576,26.576,212,0
2016-07-22,26.59,26.669,26.59,26.669,819,0
2016-07-25,26.551,26.608,26.551,26.608,2953,0
2016-07-26,26.462,26.462,26.462,26.462,100,0
2016-07-29,26.486,26.496,26.486,26.491,3678,0
2016-08-01,26.452,26.457,26.403,26.457,558,0
2016-08-02,26.174,26.264,26.174,26.258,767,0
2016-08-08,26.542,26.542,26.542,26.542,705,0
2016-08-09,26.663,26.666,26.59,26.59,1534,0
2016-08-10,26.542,26.542,26.542,26.542,100,0
2016-08-11,26.583,26.665,26.571,26.665,1076,0
2016-08-15,26.735,26.735,26.725,26.732,2025,0
2016-08-16,26.638,26.638,26.608,26.608,1178,0
2016-08-17,26.4,26.571,26.4,26.571,1944,0
2016-08-18,26.544,26.544,26.544,26.544,119,0
2016-08-19,26.571,26.571,26.502,26.502,351,0
2016-08-22,26.548,26.551,26.522,26.551,7166,0
2016-08-23,26.684,26.684,26.58,26.58,1162,0
2016-08-24,26.482,26.6,26.452,26.452,1217,0
2016-08-25,26.452,26.452,26.43,26.43,459,0
2016-08-26,26.561,26.561,26.306,26.413,2091,0
2016-08-29,26.522,26.542,26.522,26.532,1271,0
2016-08-30,26.522,26.551,26.502,26.551,1822,0
2016-08-31,26.542,26.542,26.542,26.542,307,0
2016-09-01,26.403,26.403,26.403,26.403,100,0
2016-09-02,26.676,26.676,26.676,26.676,100,0
2016-09-06,26.691,26.691,26.691,26.691,307,0
2016-09-07,26.715,26.715,26.639,26.639,511,0
2016-09-08,26.551,26.647,26.551,26.647,2499,0
2016-09-09,26.394,26.394,26.111,26.111,207,0
2016-09-12,26.023,26.423,26.023,26.423,511,0
2016-09-13,26.111,26.121,26.043,26.043,562,0
2016-09-14,26.082,26.082,25.974,25.974,562,0
2016-09-15,25.963,26.082,25.963,26.082,272,0
2016-09-16,26.16,26.272,26.16,26.272,429,0
2016-09-19,26.394,26.394,26.335,26.335,1024,0
2016-09-20,26.374,26.374,26.306,26.311,2765,0
2016-09-22,26.783,26.795,26.746,26.746,13390,0
2016-09-26,26.462,26.462,26.388,26.393,1546,0
2016-09-27,26.452,26.452,26.394,26.394,616,0
2016-09-28,26.472,26.602,26.472,26.602,1177,0
2016-09-29,26.609,26.609,26.452,26.452,296,0
2016-09-30,26.59,26.648,26.58,26.648,2000,0
2016-10-03,26.59,26.59,26.59,26.59,307,0
2016-10-04,26.58,26.658,26.58,26.639,2447,0
2016-10-05,26.619,26.648,26.59,26.59,613,0
2016-10-06,26.472,26.609,26.472,26.542,1222,0
2016-10-07,26.403,26.532,26.403,26.522,613,0
2016-10-10,26.629,26.629,26.561,26.561,306,0
2016-10-11,26.403,26.403,26.139,26.217,2182,0
2016-10-12,26.227,26.265,26.187,26.246,5198,0
2016-10-13,25.891,26.08,25.891,26.051,1050,0
2016-10-14,26.168,26.285,26.109,26.109,714,0
2016-10-17,26.07,26.07,26.001,26.001,1468,0
2016-10-18,26.246,26.246,26.246,26.246,206,0
2016-10-19,26.285,26.299,26.256,26.256,424,0
2016-10-20,26.209,26.324,26.178,26.324,4255,0
2016-10-21,26.393,26.408,26.387,26.408,613,0
2016-10-24,26.574,26.574,26.574,26.574,1537,0
2016-10-25,26.531,26.531,26.531,26.531,580,0
2016-10-26,26.501,26.501,26.501,26.501,206,0
2016-10-27,26.462,26.482,26.354,26.354,6097,0
2016-10-28,26.305,26.383,26.267,26.267,545,0
2016-10-31,26.246,26.275,26.246,26.275,601,0
2016-11-01,26.08,26.08,26.08,26.08,196,0
2016-11-02,25.864,25.901,25.864,25.901,491,0
2016-11-03,25.818,25.818,25.818,25.818,442,0
2016-11-04,25.77,25.77,25.77,25.77,278,0
2016-11-07,26.286,26.286,26.286,26.286,392,0
2016-11-09,26.54,26.54,26.54,26.54,614,0
2016-11-14,27.059,27.059,27.02,27.02,306,0
2016-11-15,26.915,26.915,26.915,26.915,484,0
2016-11-16,26.991,27.029,26.991,27.029,1952,0
2016-11-17,26.983,27.129,26.983,27.111,7239,0
2016-11-18,27.139,27.139,27.049,27.049,1033,0
2016-11-21,27.129,27.171,27.129,27.171,3962,0
2016-11-22,27.199,27.236,27.193,27.193,1313,0
2016-11-23,27.238,27.27,27.238,27.27,1122,0
2016-11-28,27.273,27.273,27.273,27.273,132,0
2016-11-29,27.274,27.403,27.274,27.373,1419,0
2016-11-30,27.349,27.349,27.349,27.349,1095,0
2016-12-01,27.335,27.335,27.189,27.189,5242,0
2016-12-02,27.219,27.219,27.219,27.219,100,0
2016-12-05,27.355,27.355,27.355,27.355,168,0
2016-12-06,27.286,27.304,27.286,27.304,1352,0
2016-12-07,27.423,27.761,27.423,27.761,1704,0
2016-12-08,27.767,27.823,27.759,27.823,658,0
2016-12-12,27.893,27.893,27.87,27.87,2545,0
2016-12-13,27.806,28.159,27.806,28.131,1695,0
2016-12-14,28.141,28.141,28.141,28.141,147,0
2016-12-15,27.904,28.231,27.904,28.131,363,0
2016-12-16,28.297,28.297,27.874,27.884,2840,0
2016-12-19,27.923,27.923,27.923,27.923,206,0
2016-12-20,28.052,28.121,28.052,28.082,1295,0
2016-12-22,27.945,27.945,27.885,27.885,1012,0
2016-12-23,27.905,27.925,27.905,27.925,1574,0
2016-12-27,28.084,28.084,28.084,28.084,264,0
2016-12-28,27.946,27.947,27.768,27.784,2218,0
2016-12-30,27.788,27.788,27.571,27.573,2153,0
2017-01-03,27.965,27.965,27.768,27.807,1663,0
2017-01-05,28.054,28.096,28.054,28.074,3239,0
2017-01-06,28.265,28.285,28.265,28.272,2431,0
2017-01-09,28.233,28.233,28.213,28.213,350,0
2017-01-10,28.262,28.383,28.262,28.372,15880,0
2017-01-11,28.3,28.3,28.184,28.184,552,0
2017-01-12,28.071,28.174,27.945,28.174,1776,0
2017-01-13,28.383,28.383,28.18,28.21,1341,0
2017-01-17,28.24,28.24,27.905,27.905,2041,0
2017-01-18,28,28.054,28,28.044,812,0
2017-01-19,28.064,28.069,28.035,28.035,1665,0
2017-01-20,28.133,28.133,28.025,28.025,1173,0
2017-01-23,27.963,27.972,27.836,27.875,788,0
2017-01-24,28.029,28.169,28.029,28.113,2252,0
2017-01-25,28.342,28.398,28.342,28.398,1827,0
2017-01-26,28.416,28.416,28.39,28.391,772,0
2017-01-27,28.448,28.502,28.448,28.477,4126,0
2017-01-30,28.18,28.244,28.18,28.24,1808,0
2017-01-31,28.233,28.25,28.233,28.25,1701,0
2017-02-01,28.337,28.337,28.281,28.316,1536,0
2017-02-02,28.2,28.2,28.113,28.133,405,0
2017-02-06,28.458,28.477,28.454,28.454,1333,0
2017-02-07,28.508,28.508,28.448,28.448,1502,0
2017-02-08,28.34,28.408,28.34,28.398,1839,0
2017-02-09,28.557,28.557,28.543,28.543,632,0
2017-02-10,28.579,28.579,28.579,28.579,804,0
2017-02-13,28.793,28.802,28.744,28.744,1398,0
2017-02-14,28.816,28.941,28.816,28.941,1088,0
2017-02-15,29.145,29.153,29.145,29.153,1455,0
2017-02-16,29.088,29.127,29.073,29.106,7540,0
2017-02-17,28.982,29.137,28.969,29.137,2458,0
2017-02-21,29.296,29.319,29.281,29.281,1084,0
2017-02-22,29.329,29.373,29.329,29.344,9393,0
2017-02-23,29.236,29.236,29.236,29.236,102,0
2017-02-24,29.147,29.147,29.147,29.147,405,0
2017-02-27,29.292,29.292,29.292,29.292,210,0
2017-02-28,29.291,29.306,29.246,29.246,846,0
2017-03-01,29.719,29.719,29.719,29.719,100,0
2017-03-02,29.639,29.639,29.501,29.501,1464,0
2017-03-03,29.494,29.561,29.494,29.551,932,0
2017-03-08,29.375,29.375,29.354,29.354,305,0
2017-03-09,29.314,29.314,29.276,29.276,1267,0
2017-03-10,29.354,29.354,29.354,29.354,549,0
2017-03-13,29.397,29.397,29.276,29.397,1487,0
2017-03-14,29.215,29.354,29.215,29.316,8001,0
2017-03-15,29.383,29.531,29.383,29.527,2008,0
2017-03-16,29.49,29.49,29.403,29.413,3181,0
2017-03-17,29.306,29.344,29.306,29.344,302,0
2017-03-20,29.256,29.309,29.187,29.187,3067,0
2017-03-21,28.772,28.781,28.667,28.667,14232,0
2017-03-22,28.546,28.734,28.546,28.734,1336,0
2017-03-24,28.793,28.793,28.739,28.739,366,0
2017-03-27,28.367,28.556,28.367,28.556,1661,0
2017-03-28,28.858,28.858,28.858,28.858,212,0
2017-03-30,28.923,28.923,28.888,28.917,2868,0
2017-03-31,28.904,28.904,28.904,28.904,535,0
2017-04-03,28.657,28.657,28.657,28.657,467,0
2017-04-05,28.551,28.551,28.551,28.551,102,0
2017-04-07,28.539,28.575,28.539,28.57,853,0
2017-04-10,28.526,28.596,28.526,28.596,519,0
2017-04-11,28.486,28.491,28.486,28.486,895,0
2017-04-12,28.393,28.411,28.374,28.374,2011,0
2017-04-13,28.404,28.404,28.272,28.282,798,0
2017-04-17,28.274,28.377,28.274,28.377,217,0
2017-04-18,28.284,28.364,28.284,28.364,1950,0
2017-04-19,28.373,28.373,28.314,28.314,566,0
2017-04-20,28.412,28.58,28.412,28.58,888,0
2017-04-21,28.517,28.517,28.517,28.517,100,0
2017-04-24,28.928,28.928,28.788,28.788,404,0
2017-04-26,29.185,29.185,29.185,29.185,304,0
2017-04-27,29.115,29.137,29.115,29.137,3136,0
2017-04-28,29.102,29.102,29.102,29.102,212,0
2017-05-01,29.233,29.233,29.169,29.169,1311,0
2017-05-02,29.035,29.05,29.035,29.05,688,0
2017-05-03,28.942,28.966,28.942,28.955,3157,0
2017-05-04,29.065,29.065,29.065,29.065,100,0
2017-05-05,29.005,29.086,29.005,29.086,282,0
2017-05-08,29.064,29.064,29.064,29.064,146,0
2017-05-11,28.928,28.928,28.928,28.928,120,0
2017-05-12,28.937,28.946,28.937,28.937,1429,0
2017-05-15,29.002,29.046,29.002,29.046,3389,0
2017-05-16,28.975,28.975,28.975,28.975,648,0
2017-05-17,28.612,28.617,28.612,28.617,324,0
2017-05-18,28.476,28.599,28.413,28.599,11062,0
2017-05-22,28.828,28.867,28.828,28.867,1600,0
2017-05-23,29.006,29.006,29.006,29.006,821,0
2017-05-24,29.048,29.048,28.987,28.987,1536,0
2017-05-25,29.243,29.303,29.214,29.214,3893,0
2017-05-26,29.239,29.239,29.239,29.239,314,0
2017-05-30,29.229,29.267,29.22,29.22,1121,0
2017-05-31,29.221,29.221,29.104,29.112,2549,0
2017-06-01,29.377,29.421,29.377,29.401,1685,0
2017-06-05,29.589,29.589,29.539,29.539,204,0
2017-06-06,29.483,29.483,29.483,29.483,3388,0
2017-06-07,29.451,29.451,29.451,29.451,185,0
2017-06-08,29.659,29.659,29.46,29.529,5639,0
2017-06-09,29.444,29.444,29.444,29.444,508,0
2017-06-12,29.313,29.441,29.313,29.441,507,0
2017-06-13,29.582,29.619,29.539,29.559,3588,0
2017-06-14,29.569,29.609,29.48,29.609,809,0
2017-06-15,29.492,29.558,29.492,29.558,1564,0
2017-06-19,29.699,29.815,29.699,29.815,1905,0
2017-06-23,29.719,29.719,29.719,29.719,336,0
2017-06-27,29.662,29.662,29.662,29.662,374,0
2017-06-28,29.77,29.829,29.617,29.829,9295,0
2017-06-29,29.704,29.704,29.704,29.704,284,0
2017-06-30,29.611,29.622,29.611,29.612,570,0
2017-07-03,29.702,29.702,29.682,29.682,23604,0
2017-07-05,29.701,29.74,29.672,29.672,14169,0
2017-07-06,29.551,29.612,29.512,29.513,16689,0
2017-07-07,29.53,29.672,29.53,29.672,886,0
2017-07-10,29.696,29.76,29.694,29.76,2604,0
2017-07-11,29.792,29.792,29.592,29.789,823,0
2017-07-12,29.859,30.049,29.859,30.03,3600,0
2017-07-14,30.156,30.156,30.156,30.156,465,0
2017-07-17,30.207,30.207,30.207,30.207,223,0
2017-07-18,30.165,30.251,30.165,30.251,2639,0
2017-07-19,30.358,30.388,30.358,30.388,518,0
2017-07-20,30.493,30.493,30.425,30.465,1139,0
2017-07-21,30.48,30.48,30.472,30.472,729,0
2017-07-24,30.435,30.573,30.435,30.573,1775,0
2017-07-25,30.638,30.638,30.613,30.613,244,0
2017-07-26,30.672,30.672,30.672,30.672,100,0
2017-07-28,30.631,30.762,30.573,30.722,2239,0
2017-07-31,30.762,30.762,30.722,30.742,684,0
2017-08-01,30.77,30.77,30.75,30.755,1179,0
2017-08-02,30.692,30.717,30.573,30.712,6279,0
2017-08-03,30.798,30.812,30.798,30.812,1802,0
2017-08-04,30.762,30.833,30.753,30.753,803,0
2017-08-07,30.891,30.891,30.873,30.876,6369,0
2017-08-08,30.842,31.029,30.842,30.852,2225,0
2017-08-09,30.752,30.832,30.752,30.792,650,0
2017-08-10,30.632,30.658,30.346,30.346,2817,0
2017-08-11,30.333,30.355,30.288,30.316,1636,0
2017-08-14,30.702,30.742,30.686,30.742,1997,0
2017-08-15,30.695,30.742,30.695,30.742,623,0
2017-08-16,30.762,30.762,30.722,30.722,303,0
2017-08-17,30.553,30.553,30.216,30.216,10487,0
2017-08-18,30.078,30.078,30.078,30.078,332,0
2017-08-21,30.166,30.189,30.049,30.117,2678,0
2017-08-22,30.166,30.346,30.166,30.346,3611,0
2017-08-23,30.417,30.475,30.417,30.466,868,0
2017-08-24,30.445,30.445,30.445,30.445,179,0
2017-08-25,30.533,30.533,30.435,30.435,5818,0
2017-08-28,30.415,30.459,30.405,30.459,501,0
2017-08-29,30.5,30.583,30.5,30.583,1188,0
2017-08-30,30.688,30.837,30.688,30.802,5252,0
2017-09-05,31.161,31.161,31.019,31.019,1409,0
2017-09-06,30.999,31.055,30.999,31.055,4437,0
2017-09-07,31.049,31.049,31.029,31.029,1527,0
2017-09-08,30.97,30.97,30.922,30.922,780,0
2017-09-11,31.296,31.296,31.296,31.296,402,0
2017-09-14,31.465,31.465,31.465,31.465,233,0
2017-09-18,31.637,31.637,31.572,31.605,606,0
2017-09-19,31.604,31.604,31.604,31.604,277,0
2017-09-20,31.416,31.495,31.406,31.495,3037,0
2017-09-22,31.386,31.386,31.386,31.386,795,0
2017-09-25,31.326,31.446,31.237,31.237,4445,0
2017-09-26,31.286,31.315,31.286,31.315,801,0
2017-09-27,31.316,31.396,31.316,31.396,352,0
2017-09-29,31.432,31.526,31.432,31.526,1433,0
2017-10-02,31.813,31.813,31.729,31.729,1515,0
2017-10-04,32.011,32.043,32.011,32.043,910,0
2017-10-05,32.191,32.231,32.003,32.183,1942,0
2017-10-06,32.211,32.211,32.181,32.181,1207,0
2017-10-09,32.272,32.272,32.272,32.272,708,0
2017-10-10,32.211,32.261,32.201,32.261,700,0
2017-10-11,32.301,32.36,32.301,32.32,1593,0
2017-10-12,32.31,32.31,32.191,32.191,990,0
2017-10-13,32.188,32.234,32.188,32.234,475,0
2017-10-16,32.291,32.31,32.251,32.273,2724,0
2017-10-18,32.291,32.31,32.291,32.31,209,0
2017-10-20,32.482,32.499,32.459,32.459,597,0
2017-10-23,32.578,32.608,32.531,32.608,2388,0
2017-10-24,32.718,32.718,32.539,32.566,735,0
2017-10-25,32.37,32.37,32.191,32.201,1841,0
2017-10-26,32.189,32.221,32.176,32.191,1656,0
2017-10-27,32.222,32.222,32.171,32.171,2437,0
2017-10-31,32.192,32.192,32.192,32.192,569,0
2017-11-01,32.32,32.346,32.261,32.281,1712,0
2017-11-02,32.306,32.306,32.151,32.181,3289,0
2017-11-03,32.29,32.29,32.29,32.29,281,0
2017-11-07,32.499,32.499,32.335,32.335,3168,0
2017-11-08,32.37,32.37,32.311,32.327,1509,0
2017-11-09,32.31,32.31,32.301,32.301,804,0
2017-11-10,32.35,32.35,32.324,32.34,1030,0
2017-11-13,32.399,32.409,32.37,32.409,1653,0
2017-11-14,32.459,32.459,32.281,32.281,1884,0
2017-11-15,32.182,32.211,32.182,32.211,1289,0
2017-11-16,32.631,32.638,32.628,32.628,402,0
2017-11-17,32.55,32.55,32.489,32.517,1179,0
2017-11-20,32.618,32.618,32.409,32.539,3619,0
2017-11-21,32.827,32.827,32.569,32.688,1811,0
2017-11-24,32.697,32.697,32.648,32.648,2077,0
2017-11-27,32.637,32.637,32.569,32.569,655,0
2017-11-28,32.792,32.959,32.707,32.951,6314,0
2017-11-29,32.976,32.976,32.83,32.83,1046,0
2017-11-30,32.896,33.155,32.896,33.136,2208,0
2017-12-01,32.787,32.984,32.758,32.984,3622,0
2017-12-04,32.996,33.136,32.956,32.966,5412,0
2017-12-05,32.908,32.908,32.908,32.908,289,0
2017-12-06,32.787,32.787,32.777,32.777,1400,0
2017-12-07,32.807,32.82,32.807,32.82,621,0
2017-12-08,32.986,33.036,32.936,33,5454,0
2017-12-11,33.096,33.162,33.096,33.162,1554,0
2017-12-12,33.29,33.29,33.29,33.29,243,0
2017-12-13,33.324,33.331,33.264,33.264,533,0
2017-12-14,33.284,33.284,33.244,33.245,1362,0
2017-12-18,33.622,33.672,33.592,33.619,1447,0
2017-12-19,33.662,33.662,33.542,33.542,377,0
2017-12-20,33.821,33.821,33.523,33.562,781,0
2017-12-22,33.572,33.575,33.572,33.575,332,0
2017-12-27,33.542,33.542,33.473,33.473,740,0
2017-12-28,33.552,33.582,33.513,33.582,3067,0
2017-12-29,33.508,33.508,33.403,33.41,1269,0
2018-01-02,33.662,33.732,33.662,33.732,28343,0
2018-01-03,33.902,34.008,33.902,33.961,8989,0
2018-01-04,34.178,34.181,34.131,34.141,19590,0
2018-01-05,34.332,34.373,34.332,34.373,553,0
2018-01-08,34.397,34.54,34.397,34.54,877,0
2018-01-09,34.71,34.71,34.71,34.71,234,0
2018-01-10,34.62,34.68,34.62,34.68,2042,0
2018-01-12,35.238,35.238,35.235,35.235,313,0
2018-01-16,35.547,35.547,35.188,35.205,7949,0
2018-01-17,35.412,35.627,35.412,35.614,4115,0
2018-01-18,35.557,35.581,35.54,35.581,779,0
2018-01-19,35.587,35.647,35.587,35.647,1060,0
2018-01-22,35.837,35.986,35.837,35.986,1481,0
2018-01-23,36.141,36.141,36.076,36.086,2599,0
2018-01-24,36.176,36.176,36.176,36.176,127,0
2018-01-25,36.071,36.071,36.071,36.071,123,0
2018-01-26,36.415,36.595,36.324,36.595,12021,0
2018-01-29,36.723,36.723,36.714,36.714,587,0
2018-01-30,36.18,36.18,36.18,36.18,1010,0
2018-01-31,36.285,36.285,36.12,36.14,2320,0
2018-02-01,35.886,36.08,35.81,35.81,1506,0
2018-02-02,35.62,35.622,35.178,35.188,3909,0
2018-02-05,33.896,33.896,33.896,33.896,2118,0
2018-02-06,33.971,34.33,33.542,34.33,3479,0
2018-02-07,34.58,34.699,34.557,34.699,1589,0
2018-02-08,33.313,33.313,33.313,33.313,1279,0
2018-02-09,32.445,33.542,32.445,33.542,3463,0
2018-02-12,33.859,34.091,33.836,34.091,2960,0
2018-02-13,33.988,33.988,33.914,33.914,695,0
2018-02-14,34.107,34.4,34.081,34.4,1216,0
2018-02-15,34.5,34.64,34.484,34.64,837,0
2018-02-16,34.819,34.969,34.729,34.729,9456,0
2018-02-20,34.749,34.749,34.64,34.64,424,0
2018-02-21,34.65,34.65,34.65,34.65,349,0
2018-02-22,34.303,34.303,34.303,34.303,101,0
2018-02-23,34.466,34.859,34.466,34.849,6461,0
2018-02-26,34.969,35.268,34.969,35.268,766,0
2018-02-27,35.402,35.402,35.168,35.188,3270,0
2018-02-28,34.789,34.789,34.719,34.759,1143,0
2018-03-01,33.678,33.882,33.678,33.882,1304,0
2018-03-02,33.424,33.941,33.424,33.941,1311,0
2018-03-05,34.2,34.2,34.2,34.2,317,0
2018-03-07,34.231,34.38,34.228,34.38,692,0
2018-03-08,34.37,34.37,34.368,34.368,591,0
2018-03-09,34.779,34.779,34.729,34.741,6982,0
2018-03-12,35.009,35.044,34.929,34.929,4374,0
2018-03-13,34.949,34.962,34.946,34.962,751,0
2018-03-14,34.51,34.51,34.51,34.51,251,0
2018-03-15,34.535,34.694,34.52,34.52,1523,0
2018-03-16,34.703,34.734,34.703,34.734,682,0
2018-03-19,34.301,34.354,33.842,33.842,1994,0
2018-03-20,34.261,34.261,34.191,34.191,292,0
2018-03-21,34.355,34.5,34.355,34.5,469,0
2018-03-22,33.87,33.9046,33.61,33.61,1710,0
2018-03-23,33.41,33.41,32.725,32.725,3909,0
2018-03-26,33.11,33.24,33.11,33.24,484,0
2018-03-27,33.639,33.639,33.5248,33.5248,290,0
2018-03-28,33,33,32.6799,32.68,946,0
2018-03-29,33.0092,33.273,33.0092,33.273,2837,0
