Date,Open,High,Low,Close,Volume,OpenInt
2010-05-14,4.6403,4.8766,3.7628,4.0581,236573,0
2010-05-17,4.1088,4.2775,3.9316,4.1762,49967,0
2010-05-18,4.2015,4.598,4.1762,4.2606,38774,0
2010-05-19,4.2606,4.2606,4.1341,4.2606,21637,0
2010-05-20,4.3027,4.3027,4.016,4.0497,24208,0
2010-05-21,4.1593,4.1593,3.8472,4.1004,3814,0
2010-05-24,4.0834,4.1678,4.0074,4.1678,742,0
2010-05-25,3.9737,3.9737,3.9737,3.9737,6578,0
2010-05-26,4.1593,4.1593,3.9823,3.9823,1977,0
2010-05-27,4.0581,4.0581,3.8978,4.0581,4257,0
2010-05-28,4.0581,4.1004,3.9568,4.1004,10325,0
2010-05-31,4.0974,4.0974,3.8053,4.0201,7168,0
2010-06-01,4.0918,4.1172,3.9737,4.1172,6872,0
2010-06-02,4.1004,4.1004,4.0581,4.0581,754,0
2010-06-04,4.1425,4.1762,4.0749,4.1425,9479,0
2010-06-07,4.1593,4.1593,4.0749,4.0749,3011,0
2010-06-08,4.0749,4.0749,4.0749,4.0749,2293,0
2010-06-09,4.1762,4.1847,4.1172,4.1425,9257,0
2010-06-10,4.1762,4.3027,4.1762,4.3027,18140,0
2010-06-11,4.3365,4.3365,4.2269,4.2269,2086,0
2010-06-14,4.3027,4.3112,4.2944,4.3112,4862,0
2010-06-15,4.3027,4.345,4.3027,4.3027,1227,0
2010-06-16,4.345,4.345,4.3112,4.3281,8387,0
2010-06-17,4.3027,4.4293,4.3027,4.4293,5991,0
2010-06-18,4.5558,4.5558,4.3534,4.3534,1910,0
2010-06-21,4.4208,4.4293,4.4041,4.4293,5888,0
2010-06-22,4.4293,4.4293,4.2775,4.345,4052,0
2010-06-23,4.4463,4.4463,4.2269,4.2606,1310,0
2010-06-24,4.4463,4.4463,4.3365,4.3365,129,0
2010-06-25,4.3365,4.4463,4.2606,4.4463,2740,0
2010-06-28,4.4463,4.4463,4.3027,4.3027,483,0
2010-06-29,4.3365,4.3365,4.2606,4.2606,1674,0
2010-06-30,4.3446,4.3446,4.1788,4.1788,5024,0
2010-07-01,4.4463,4.4463,4.21,4.21,486,0
2010-07-02,4.4463,4.4463,4.2858,4.2858,710,0
2010-07-05,4.4463,4.4631,4.345,4.4125,5657,0
2010-07-06,4.5137,4.598,4.4715,4.598,8706,0
2010-07-07,4.598,4.6403,4.4715,4.4715,2697,0
2010-07-08,4.6317,4.6317,4.5137,4.5137,544,0
2010-07-09,4.6403,4.6403,4.5137,4.598,5055,0
2010-07-12,4.6403,4.7162,4.5558,4.7162,8732,0
2010-07-13,4.7246,4.9776,4.7246,4.9609,23595,0
2010-07-14,4.9355,4.9776,4.9271,4.9609,7687,0
2010-07-15,4.9609,4.9609,4.8934,4.9609,8604,0
2010-07-16,5.0199,5.1887,5.0199,5.1887,6757,0
2010-07-19,5.0957,5.8213,5.062,5.737,12345,0
2010-07-20,5.737,5.737,5.5683,5.5683,4414,0
2010-07-21,5.6948,5.6948,5.4079,5.4417,3497,0
2010-07-22,5.4417,5.4755,5.4334,5.4334,1795,0
2010-07-23,5.4839,5.4839,5.3995,5.4417,4575,0
2010-07-26,5.4417,5.4417,5.3152,5.3152,2932,0
2010-07-27,5.4417,5.4417,5.1887,5.3152,2286,0
2010-07-28,5.4417,5.4417,5.3995,5.3995,2070,0
2010-07-29,5.1971,5.3827,5.1971,5.273,2470,0
2010-07-30,5.3573,5.3573,5.2308,5.3069,4042,0
2010-08-02,5.1971,5.3573,5.1887,5.3573,802,0
2010-08-03,5.349,5.4165,5.3152,5.3573,1779,0
2010-08-04,5.2308,5.3152,5.2308,5.3152,2734,0
2010-08-05,5.3911,5.3911,5.3573,5.3911,776,0
2010-08-06,5.3911,5.3911,5.3911,5.3911,1604,0
2010-08-09,5.5177,5.5177,5.3827,5.4839,3722,0
2010-08-10,5.5092,5.8635,5.5092,5.6527,8434,0
2010-08-11,5.813,5.813,5.6696,5.6696,6898,0
2010-08-12,5.6948,5.6948,5.4924,5.5683,127486,0
2010-08-13,5.7033,5.7792,5.7033,5.7792,1345,0
2010-08-16,5.9311,6.2433,5.9311,6.0576,3737,0
2010-08-17,6.0746,6.142,6.0492,6.142,4685,0
2010-08-18,6.3108,6.3108,5.9986,6.142,4181,0
2010-08-19,6.2433,6.2433,5.9986,6.142,150,0
2010-08-20,6.2433,6.2433,5.8552,6.2348,2178,0
2010-08-23,6.3192,6.3192,6.2433,6.2433,240,0
2010-08-24,6.2433,6.2433,5.9901,5.9901,1605,0
2010-08-25,5.9901,6.1251,5.9057,5.9057,1574,0
2010-08-26,6.1589,6.1589,5.8719,5.8719,4745,0
2010-08-27,5.8719,6.0746,5.8719,6.0746,1826,0
2010-08-30,6.0746,6.0746,5.737,5.8213,1923,0
2010-08-31,6.159,6.159,4.733,5.5663,7665,0
2010-09-01,5.7538,5.7538,5.5177,5.7538,651,0
2010-09-02,5.737,5.737,5.5683,5.5683,2345,0
2010-09-03,5.7538,5.7538,5.7538,5.7538,86,0
2010-09-06,5.4839,5.5683,5.4839,5.5683,22367,0
2010-09-07,5.9057,5.9057,5.6865,5.6865,522,0
2010-09-08,5.8635,5.8635,5.5683,5.5683,4092,0
2010-09-09,5.7624,5.7624,5.6948,5.737,757,0
2010-09-10,5.7538,5.7538,5.5346,5.5683,3600,0
2010-09-13,5.5683,5.6105,5.5683,5.5767,5204,0
2010-09-14,5.5683,5.7202,5.5683,5.7202,3279,0
2010-09-15,5.7202,5.7202,5.5683,5.5683,2032,0
2010-09-16,5.7202,5.7202,5.5683,5.5683,1052,0
2010-09-17,5.7202,5.7202,5.5683,5.5683,20379,0
2010-09-20,5.5683,5.6105,5.5683,5.5683,1395,0
2010-09-21,5.5683,5.737,5.5683,5.737,1239,0
2010-09-22,5.737,5.737,5.5683,5.6527,12638,0
2010-09-23,6.1672,6.1672,5.9649,5.9649,509,0
2010-09-24,5.9311,5.9311,5.9311,5.9311,6,0
2010-09-27,5.9057,5.9057,5.6948,5.9057,249,0
2010-09-28,5.9057,5.9057,5.9057,5.9057,1,0
2010-09-29,5.9311,5.9311,5.6611,5.6611,496,0
2010-09-30,5.927,5.927,5.7209,5.7209,951,0
2010-10-01,5.7792,5.7876,5.5852,5.7876,1133,0
2010-10-04,5.9311,5.9311,5.5683,5.5683,23647,0
2010-10-05,5.7876,5.7876,5.526,5.7538,2850,0
2010-10-06,5.7287,5.737,5.6527,5.737,3022,0
2010-10-07,5.7287,5.7624,5.5683,5.6611,20710,0
2010-10-08,5.737,5.737,5.737,5.737,2,0
2010-10-11,5.5177,5.6358,5.3911,5.6358,89398,0
2010-10-12,5.4839,5.5008,5.4839,5.4924,2865,0
2010-10-13,5.5008,5.5598,5.5008,5.5008,1284,0
2010-10-14,5.5008,5.5683,5.5008,5.526,2494,0
2010-10-15,5.526,5.526,5.4839,5.526,6401,0
2010-10-18,5.526,5.5683,5.526,5.5683,3815,0
2010-10-19,5.5767,5.5767,5.5683,5.5683,6347,0
2010-10-20,5.6105,5.6105,5.5683,5.5683,417,0
2010-10-21,5.5683,5.5683,5.5683,5.5683,830,0
2010-10-22,5.5683,5.6527,5.5683,5.6527,5035,0
2010-10-25,5.737,5.737,5.6527,5.6527,261,0
2010-10-26,5.6948,5.6948,5.5852,5.5852,357,0
2010-10-27,5.6527,5.6948,5.6527,5.6948,2632,0
2010-10-28,5.6866,5.6866,5.6866,5.6866,2,0
2010-10-29,5.6446,5.6446,5.6446,5.6446,1,0
2010-11-02,5.5663,5.6092,5.5663,5.6092,1778,0
2010-11-03,5.6021,5.6021,5.6021,5.6021,2,0
2010-11-04,5.5683,5.5683,5.5683,5.5683,2898,0
2010-11-05,5.6021,5.6105,5.6021,5.6105,748,0
2010-11-08,5.5683,5.6105,5.4839,5.6105,5639,0
2010-11-09,5.5683,5.6105,5.5683,5.6105,357,0
2010-11-10,5.6105,5.6948,5.3995,5.5598,39219,0
2010-11-12,5.3995,5.3995,5.1464,5.3152,39859,0
2010-11-15,5.4249,5.4249,5.062,5.1887,10421,0
2010-11-16,5.0706,5.0706,5.0199,5.0368,12202,0
2010-11-17,5.0536,5.062,5.0536,5.062,2573,0
2010-11-18,5.062,5.062,5.0536,5.0536,21351,0
2010-11-19,5.273,5.273,5.0536,5.0536,11253,0
2010-11-22,5.062,5.062,5.062,5.062,36,0
2010-11-23,5.0452,5.0452,5.0452,5.0452,2,0
2010-11-24,5.0452,5.0452,5.0452,5.0452,2,0
2010-11-25,5.0452,5.0452,4.9776,4.9776,161,0
2010-11-26,4.8934,4.9355,4.8934,4.9355,2702,0
2010-11-29,5.0114,5.0114,4.9355,4.9355,4744,0
2010-11-30,4.9735,4.9735,4.8962,4.8962,3656,0
2010-12-01,4.9271,4.9355,4.8934,4.9355,4729,0
2010-12-02,5.2224,5.2224,5.0536,5.0536,96,0
2010-12-03,5.1296,5.1296,5.1296,5.1296,145,0
2010-12-06,5.1296,5.1296,5.1296,5.1296,2,0
2010-12-07,5.1282,5.1282,5.0079,5.0079,876,0
2010-12-08,5.0199,5.0199,5.0199,5.0199,1164,0
2010-12-09,5.1296,5.1296,5.0368,5.0368,712,0
2010-12-10,5.1296,5.1296,4.9355,5.0368,6527,0
2010-12-13,5.1127,5.1127,5.1127,5.1127,3,0
2010-12-14,5.1043,5.1043,5.1043,5.1043,439,0
2010-12-15,5.0957,5.0957,5.0957,5.0957,2,0
2010-12-16,5.0508,5.0508,5.0508,5.0508,1,0
2010-12-17,5.0957,5.0957,4.9776,4.9776,3795,0
2010-12-20,5.0957,5.0957,4.9776,4.9776,145,0
2010-12-21,4.9692,4.9692,4.8934,4.9355,1187,0
2010-12-22,5.1024,5.1024,4.8962,4.8962,5729,0
2010-12-23,4.9692,4.9692,4.8934,4.8934,2704,0
2010-12-27,5.0957,5.0957,5.0957,5.0957,3,0
2010-12-28,5.0957,5.0957,4.6065,5.062,7305,0
2010-12-29,5.0949,5.0949,5.0949,5.0949,2,0
2010-12-30,5.0513,5.0513,5.0425,5.0425,73,0
2010-12-31,4.892,4.892,4.892,4.892,11852,0
2011-01-03,5.4839,5.4839,4.6149,4.6149,3238,0
2011-01-04,5.2139,5.2139,4.8005,4.8005,2918,0
2011-01-05,5.0706,5.0706,4.9776,4.9776,1616,0
2011-01-07,4.9735,4.9735,4.7245,4.7245,2923,0
2011-01-10,5.0536,5.0536,4.269,4.6234,3640,0
2011-01-11,4.7668,4.7668,4.6571,4.6571,10161,0
2011-01-12,4.9017,4.9017,4.7246,4.8427,2617,0
2011-01-13,4.8962,4.8962,4.8962,4.8962,8,0
2011-01-14,5.0165,5.0165,4.7245,4.7674,3856,0
2011-01-17,4.7674,4.7674,4.7417,4.7588,237,0
2011-01-18,4.7503,4.7503,4.7245,4.7245,16427,0
2011-01-19,4.8962,4.8962,4.8962,4.8962,58,0
2011-01-20,4.8877,4.8877,4.7073,4.7073,758,0
2011-01-21,4.8877,4.8877,4.8877,4.8877,2,0
2011-01-24,4.8962,4.8962,4.6815,4.8962,422,0
2011-01-25,4.8877,4.8877,4.6815,4.6815,631,0
2011-01-26,4.8877,4.8962,4.7245,4.733,7782,0
2011-01-27,5.0595,5.0681,5.0595,5.0681,2423,0
2011-01-28,5.0508,5.0508,5.0423,5.0423,1016,0
2011-01-31,5.0527,5.0527,4.9724,4.9724,700,0
2011-02-01,5.0508,5.0508,4.8103,4.8103,3484,0
2011-02-02,4.9307,4.9307,4.9307,4.9307,2,0
2011-02-03,4.922,4.922,4.922,4.922,101,0
2011-02-04,5.0423,5.0423,4.8962,4.9822,1828,0
2011-02-07,4.9822,4.9822,4.9392,4.9392,1166,0
2011-02-08,4.9822,4.9822,4.9822,4.9822,2096,0
2011-02-09,5.0595,5.0681,5.0337,5.0508,2304,0
2011-02-10,5.0681,5.3,4.9822,4.9822,8189,0
2011-02-11,5.0681,5.489,5.0251,5.2828,8172,0
2011-02-14,5.2828,5.2828,5.2828,5.2828,584,0
2011-02-15,5.2742,5.2742,5.1539,5.1539,213,0
2011-02-16,5.2828,5.2828,5.2828,5.2828,3,0
2011-02-17,5.2828,5.2828,5.0681,5.0681,1264,0
2011-02-18,5.2141,5.2141,4.9822,4.9822,2914,0
2011-02-21,4.9822,4.9822,4.9822,4.9822,1165,0
2011-02-22,5.0681,5.0681,4.8962,4.8962,1345,0
2011-02-23,4.8962,4.9392,4.8962,4.9392,2328,0
2011-02-24,5.0251,5.0595,4.8534,5.0595,1688,0
2011-02-25,5.0681,5.0681,4.8962,4.8962,454,0
2011-02-28,5.0688,5.0688,5.0688,5.0688,1,0
2011-03-01,5.0595,5.0595,4.9822,4.9822,1167,0
2011-03-02,4.9735,4.9735,4.8103,4.8962,2960,0
2011-03-03,4.8103,4.8534,4.8103,4.8534,2315,0
2011-03-04,4.8962,4.8962,4.7245,4.7245,315,0
2011-03-07,4.8534,4.9822,4.8534,4.9822,2337,0
2011-03-08,5.0681,5.0681,5.0681,5.0681,1,0
2011-03-09,4.9735,4.9735,4.8962,4.8962,1176,0
2011-03-10,4.9735,4.9735,4.9564,4.9564,158,0
2011-03-11,4.9392,4.9392,4.7158,4.8962,9569,0
2011-03-14,4.9392,4.9392,4.9392,4.9392,1,0
2011-03-15,4.2262,4.9392,4.2262,4.9392,5472,0
2011-03-16,4.9392,4.9392,4.819,4.9392,295,0
2011-03-17,4.8768,4.8768,4.8768,4.8768,2,0
2011-03-18,4.6901,4.7158,4.6386,4.7158,594,0
2011-03-21,4.7245,4.7245,4.7245,4.7245,1,0
2011-03-22,4.6386,4.6386,4.4753,4.6386,583,0
2011-03-23,4.5527,4.5527,4.5527,4.5527,1102,0
2011-03-24,4.6386,4.6386,4.5183,4.6386,2918,0
2011-03-25,4.6386,4.6386,4.6386,4.6386,1,0
2011-03-28,4.6386,4.7245,4.5956,4.7245,872,0
2011-03-29,4.7245,4.7245,4.7245,4.7245,192,0
2011-03-30,4.8962,4.8962,4.7761,4.7761,105,0
2011-03-31,4.8295,4.8295,4.6421,4.6421,584,0
2011-04-01,4.8275,4.8275,3.9943,4.8018,762,0
2011-04-04,4.8103,5.4546,4.8103,5.1539,3674,0
2011-04-05,5.1454,5.1454,4.819,5.1454,229,0
2011-04-06,5.1454,5.1454,4.8791,4.9307,1754,0
2011-04-07,5.0251,5.0251,4.7761,4.7761,1770,0
2011-04-08,4.7761,4.7761,4.7245,4.7245,235,0
2011-04-11,4.7245,5.1454,4.7245,4.819,278,0
2011-04-12,4.9392,4.9392,4.9392,4.9392,1,0
2011-04-13,4.9392,4.9392,4.9392,4.9392,1,0
2011-04-14,4.9392,4.9392,4.819,4.819,104,0
2011-04-15,4.9392,4.9392,4.7245,4.7245,1270,0
2011-04-18,4.8103,4.8103,4.7245,4.7245,596,0
2011-04-19,5.1454,5.403,4.8618,4.8618,740,0
2011-04-20,4.7674,4.7674,4.6815,4.6815,244,0
2011-04-21,4.7674,4.7674,4.7245,4.7674,6062,0
2011-04-26,4.9822,4.9822,4.7245,4.7245,3088,0
2011-04-27,4.8018,4.8018,4.8018,4.8018,175,0
2011-04-28,4.8103,4.8103,4.8018,4.8018,244,0
2011-04-29,4.8117,4.8117,4.8117,4.8117,978,0
2011-05-02,5.1969,5.1969,4.8103,4.8103,1964,0
2011-05-04,5.0337,5.0337,4.8018,4.8018,1245,0
2011-05-05,4.9379,4.9379,4.9117,4.9117,103,0
2011-05-06,4.8275,4.8275,4.6815,4.8275,1139,0
2011-05-09,4.8275,4.8618,4.8275,4.8618,57,0
2011-05-10,4.8705,4.8705,4.8705,4.8705,117,0
2011-05-11,4.5191,4.5191,4.5191,4.5191,233,0
2011-05-12,4.5183,4.5183,3.6163,4.3809,2770,0
2011-05-13,4.295,4.295,4.2863,4.295,5605,0
2011-05-16,3.9943,4.2863,3.9943,4.2262,777,0
2011-05-17,4.2349,4.2349,4.1662,4.1662,3865,0
2011-05-18,4.295,4.295,4.1575,4.1575,1234,0
2011-05-19,4.295,4.295,4.209,4.209,280,0
2011-05-20,3.952,4.2923,3.952,4.2923,7035,0
2011-05-23,4.3809,4.3809,4.2778,4.2778,161,0
2011-05-24,4.295,4.295,4.1232,4.1232,305,0
2011-05-25,4.1919,4.295,4.1919,4.295,5356,0
2011-05-26,4.2778,4.295,4.2005,4.2005,1784,0
2011-05-27,4.1702,4.1702,4.1265,4.1265,314,0
2011-05-30,4.0802,4.0802,4.0802,4.0802,11,0
2011-05-31,4.2923,4.2923,4.2923,4.2923,22,0
2011-06-01,4.2005,4.2005,4.2005,4.2005,475,0
2011-06-02,4.2836,4.2836,4.0829,4.0829,4667,0
2011-06-03,4.0567,4.0567,3.9084,3.9084,1872,0
2011-06-06,3.952,4.7023,3.6903,4.6413,63257,0
2011-06-07,4.6325,4.6413,4.2923,4.6413,2099,0
2011-06-08,4.6413,4.8942,4.6413,4.8942,6915,0
2011-06-09,4.8419,5.5834,4.7285,5.5834,10582,0
2011-06-10,5.5834,5.5834,4.5365,4.5802,18240,0
2011-06-13,5.2083,5.2083,4.493,4.7546,1573,0
2011-06-14,4.7546,4.7546,4.3185,4.7111,1271,0
2011-06-15,4.6238,5.1821,4.1004,4.7111,24940,0
2011-06-16,4.7983,4.7983,4.5016,4.5016,493,0
2011-06-17,4.7546,4.7546,4.5104,4.5104,342,0
2011-06-20,5.06,5.06,4.7285,4.7285,544,0
2011-06-21,4.6674,4.6674,4.6674,4.6674,11,0
2011-06-22,4.6674,4.6674,4.4318,4.6587,729,0
2011-06-24,4.3883,4.5365,4.3883,4.5365,6418,0
2011-06-27,4.5365,4.5365,4.3534,4.493,609,0
2011-06-28,4.493,4.493,4.493,4.493,10,0
2011-06-29,4.493,4.493,4.493,4.493,11,0
2011-06-30,4.4903,4.4903,4.4903,4.4903,10,0
2011-07-01,4.5365,4.5365,4.493,4.5365,360,0
2011-07-04,4.5365,4.5365,4.5365,4.5365,24,0
2011-07-05,4.5365,4.5365,4.5365,4.5365,10,0
2011-07-06,4.5365,4.5365,4.493,4.5365,1185,0
2011-07-07,4.5365,4.5365,4.5365,4.5365,10,0
2011-07-08,4.5365,4.5365,4.5365,4.5365,10,0
2011-07-11,4.5365,4.5365,4.5365,4.5365,11,0
2011-07-12,4.5365,4.5365,4.4318,4.5365,181,0
2011-07-13,4.5365,4.5365,4.4318,4.5365,181,0
2011-07-14,4.5365,4.5365,4.4318,4.5365,559,0
2011-07-15,4.5365,4.5365,4.1876,4.5365,491,0
2011-07-18,4.5365,4.5365,4.4318,4.4318,124,0
2011-07-19,4.5365,4.5365,4.4318,4.4318,169,0
2011-07-20,4.5365,4.5365,4.4318,4.4318,124,0
2011-07-21,4.3621,4.3621,4.1702,4.3534,366,0
2011-07-22,4.3534,4.3534,4.3534,4.3534,11,0
2011-07-25,4.3446,4.3446,4.3446,4.3446,4,0
2011-07-26,4.3534,4.3534,4.3534,4.3534,11,0
2011-07-27,4.3534,4.3534,4.3534,4.3534,11,0
2011-07-28,4.1876,4.3446,4.1876,4.3446,872,0
2011-07-29,4.2582,4.2582,4.2582,4.2582,11,0
2011-08-01,4.2486,4.2486,4.2225,4.2225,613,0
2011-08-02,4.2225,4.2225,4.1876,4.1876,178,0
2011-08-03,4.1876,4.1876,4.1004,4.1004,1484,0
2011-08-04,4.1004,4.1004,4.0132,4.0132,1284,0
2011-08-05,3.9957,4.0567,3.7601,4.0567,5502,0
2011-08-08,4.0393,4.0393,4.0393,4.0393,46,0
2011-08-09,4.0218,4.0218,3.8386,4.0044,80,0
2011-08-10,4.0218,4.0218,3.7253,4.0132,1116,0
2011-08-11,4.0218,4.0218,3.9258,3.9258,231,0
2011-08-12,3.9258,3.9258,3.8386,3.9258,900,0
2011-08-16,3.9258,3.9258,3.8386,3.9258,775,0
2011-08-17,3.9258,3.9258,3.9258,3.9258,46,0
2011-08-18,3.9258,3.9258,3.6554,3.7078,1699,0
2011-08-19,3.7078,3.7078,3.6205,3.7078,224,0
2011-08-22,3.7078,3.7078,3.6205,3.7078,706,0
2011-08-23,3.699,3.699,3.6641,3.6641,160,0
2011-08-24,3.7078,3.7078,3.5158,3.5769,1690,0
2011-08-25,3.5333,3.6205,3.5333,3.6205,889,0
2011-08-26,3.6205,3.6205,3.35,3.4809,7765,0
2011-08-29,3.4809,3.4809,3.4809,3.4809,52,0
2011-08-30,3.4809,3.4809,3.4722,3.4722,166,0
2011-08-31,3.4815,3.4815,3.4726,3.4726,81,0
2011-09-01,3.4809,3.4809,3.4809,3.4809,81,0
2011-09-02,3.4815,3.4815,3.4726,3.4815,1376,0
2011-09-05,3.4809,3.4809,3.3414,3.3414,114,0
2011-09-06,3.4809,3.4809,3.0971,3.0971,111392,0
2011-09-07,3.0971,3.4809,3.0535,3.2628,33259,0
2011-09-08,3.2541,3.2541,3.2541,3.2541,29,0
2011-09-09,3.2367,3.2367,3.2192,3.2192,81,0
2011-09-12,3.2279,3.2279,3.1669,3.2192,235,0
2011-09-13,3.2279,3.2279,2.8004,3.036,54304,0
2011-09-14,3.036,3.036,2.9139,3.036,224,0
2011-09-15,3.036,3.036,3.0272,3.0272,6792,0
2011-09-16,3.036,3.036,2.9226,3.036,6190,0
2011-09-19,3.036,3.036,3.0272,3.036,2613,0
2011-09-20,3.036,3.036,3.036,3.036,29,0
2011-09-21,3.036,3.036,2.9749,3.0272,2722,0
2011-09-22,3.0272,3.0272,3.0272,3.0272,16,0
2011-09-23,3.0272,3.0272,3.0272,3.0272,13,0
2011-09-26,3.036,3.036,3.036,3.036,114,0
2011-09-27,3.0272,3.036,3.0272,3.036,52,0
2011-09-28,3.036,3.036,3.036,3.036,68,0
2011-09-29,2.9662,2.9662,2.8267,2.9575,14305,0
2011-09-30,2.8834,3.0352,2.8388,3.0352,1324,0
2011-10-03,3.036,3.036,3.0186,3.0186,57,0
2011-10-04,3.036,3.036,3.036,3.036,40,0
2011-10-05,3.036,3.036,2.6783,3.0272,4046,0
2011-10-07,3.036,3.036,3.0272,3.036,883,0
2011-10-10,3.0272,3.6379,3.0272,3.6118,975,0
2011-10-11,3.6205,3.7688,3.6205,3.7514,241,0
2011-10-12,3.7514,3.952,3.7514,3.952,212,0
2011-10-13,3.9433,4.1265,3.0709,3.0709,2017,0
2011-10-14,3.4025,4.0829,3.4025,4.0567,1868,0
2011-10-17,4.1265,4.1265,4.1265,4.1265,22,0
2011-10-18,4.1091,4.1091,4.1091,4.1091,22,0
2011-10-19,3.8823,4.0306,3.8386,4.0132,90,0
2011-10-20,4.0132,4.0132,4.0132,4.0132,29,0
2011-10-24,3.9695,4.0132,3.9695,4.0132,195,0
2011-10-25,4.0172,4.3207,4.0172,4.2761,7577,0
2011-10-26,4.3185,4.3185,4.2748,4.2748,298,0
2011-10-27,4.3185,4.3185,4.1876,4.2923,482,0
2011-10-28,4.1876,4.3185,4.1788,4.3185,693,0
2011-10-31,4.3118,4.3118,4.1868,4.2761,411,0
2011-11-02,4.3185,4.3185,4.3185,4.3185,29,0
2011-11-03,4.3207,4.3207,4.3207,4.3207,29,0
2011-11-04,4.3207,4.3207,4.3207,4.3207,22,0
2011-11-07,4.2312,4.3185,4.2312,4.3185,171,0
2011-11-08,4.3185,4.3185,4.3185,4.3185,57,0
2011-11-09,4.3207,4.3207,4.0975,4.3207,395,0
2011-11-10,4.3207,4.3207,4.3207,4.3207,29,0
2011-11-14,4.2748,4.2748,4.1004,4.2661,195,0
2011-11-15,4.2486,4.2486,4.2486,4.2486,68,0
2011-11-16,4.2748,4.2748,4.1439,4.1439,109,0
2011-11-17,4.1439,4.1439,4.1439,4.1439,29,0
2011-11-18,4.1421,4.3207,4.1421,4.2761,528,0
2011-11-21,4.2314,4.2314,4.0082,4.0082,330,0
2011-11-22,4.2761,4.2761,4.1243,4.1243,206,0
2011-11-23,4.1868,4.2761,3.7494,3.794,2786,0
2011-11-24,3.7761,3.794,3.7047,3.7047,940,0
2011-11-25,3.4905,3.8386,3.4012,3.8386,12328,0
2011-11-28,3.9279,3.9279,3.4905,3.9279,1288,0
2011-11-29,3.6958,3.794,3.6958,3.794,524,0
2011-11-30,3.76,4.55,3.67,4.45,10948,0
2011-12-01,4.4457,5.3294,4.0172,5.267,8043,0
2011-12-02,5.267,5.267,4.0172,4.5974,3585,0
2011-12-05,4.5974,4.5974,4.5974,4.5974,22,0
2011-12-06,4.5974,4.5974,4.0172,4.5974,1423,0
2011-12-07,4.5885,4.5885,3.6779,3.91,4958,0
2011-12-08,3.91,4.0172,3.4905,3.4905,2319,0
2011-12-12,3.5708,3.6601,3.5708,3.6601,34,0
2011-12-13,3.7494,4.3742,3.1245,3.8386,5937,0
2011-12-14,4.0618,4.0618,3.1245,4.0172,6648,0
2011-12-15,3.794,3.794,3.303,3.303,851,0
2011-12-16,3.303,3.4815,3.303,3.4369,614,0
2011-12-19,2.9459,3.2137,2.6781,3.053,4657,0
2011-12-20,3.1691,3.8029,2.6781,3.8029,19223,0
2011-12-21,3.9636,4.285,3.9636,4.285,358,0
2011-12-22,4.0529,4.285,3.5708,3.9636,4291,0
2011-12-23,3.9636,3.9636,3.178,3.178,6964,0
2011-12-27,3.3923,3.3923,2.7138,2.7317,14144,0
2011-12-28,2.9102,2.9102,2.33,2.33,10688,0
2011-12-29,2.321,2.7585,2.1603,2.7585,5737,0
2011-12-30,2.76,2.76,2.68,2.68,3159,0
2012-01-02,2.6781,2.6781,2.4103,2.4103,4196,0
2012-01-03,2.4996,2.7763,2.4996,2.7763,2138,0
2012-01-04,2.7763,2.7763,2.6781,2.7763,1998,0
2012-01-05,2.7763,2.7763,2.6781,2.6781,570,0
2012-01-09,2.7674,2.9638,2.7674,2.9638,4346,0
2012-01-10,2.9638,2.9638,2.9638,2.9638,34,0
2012-01-12,2.812,3.0888,2.6781,3.0888,3428,0
2012-01-13,3.0798,3.4726,3.0798,3.4726,2151,0
2012-01-16,3.428,3.428,3.4101,3.4191,252,0
2012-01-17,3.4012,3.9636,3.3923,3.91,16195,0
2012-01-18,3.9011,3.9011,3.9011,3.9011,28,0
2012-01-19,3.8922,3.8922,3.8386,3.8386,56,0
2012-01-20,3.8118,3.8118,3.1245,3.7761,20258,0
2012-01-23,3.7404,3.7404,3.4994,3.6601,1938,0
2012-01-24,3.5708,3.6601,3.5173,3.6601,1434,0
2012-01-25,3.6512,3.6512,3.6512,3.6512,28,0
2012-01-26,3.6422,3.7047,3.3923,3.6601,12462,0
2012-01-27,3.6601,3.6601,3.6601,3.6601,28,0
2012-01-30,3.6512,3.6512,3.3476,3.553,4700,0
2012-01-31,3.55,3.55,3.55,3.55,45,0
2012-02-01,3.553,3.553,3.553,3.553,28,0
2012-02-02,3.553,3.553,3.553,3.553,28,0
2012-02-03,3.553,3.553,3.553,3.553,28,0
2012-02-06,3.553,3.553,3.553,3.553,22,0
2012-02-07,3.553,3.553,3.553,3.553,11,0
2012-02-08,3.553,3.553,3.544,3.553,1921,0
2012-02-09,3.544,3.544,3.5351,3.544,6777,0
2012-02-10,3.5262,3.5262,3.4012,3.4815,11807,0
2012-02-13,3.4815,3.4815,3.4815,3.4815,34,0
2012-02-14,3.5351,3.544,3.4637,3.4637,146,0
2012-02-15,3.4637,3.4637,3.2405,3.3923,3613,0
2012-02-16,3.3833,3.3833,3.3833,3.3833,28,0
2012-02-17,3.3387,3.3387,3.3387,3.3387,28,0
2012-02-20,3.3387,3.3387,3.2137,3.2137,767,0
2012-02-21,3.2941,3.2941,3.2941,3.2941,50,0
2012-02-22,3.2941,3.303,2.9548,3.303,6452,0
2012-02-23,3.303,3.3833,3.2048,3.3833,10214,0
2012-02-24,3.303,3.544,3.303,3.4815,3103,0
2012-02-27,3.4726,3.4815,3.3119,3.4815,5136,0
2012-02-28,3.4815,3.4815,3.2494,3.3923,9004,0
2012-02-29,3.35,3.48,3.21,3.26,12518,0
2012-03-01,3.2584,3.4815,3.2584,3.303,919,0
2012-03-02,3.303,3.4815,3.2673,3.4815,14243,0
2012-03-05,3.4726,3.4726,3.303,3.303,840,0
2012-03-07,3.2941,3.2941,3.2941,3.2941,28,0
2012-03-08,3.2941,3.4815,3.178,3.4815,1663,0
2012-03-12,3.4191,3.4815,3.4191,3.4726,1527,0
2012-03-13,3.4369,3.4369,3.3923,3.3923,924,0
2012-03-14,3.3923,3.4369,3.3923,3.4369,56,0
2012-03-15,3.3923,3.3923,3.3566,3.3566,335,0
2012-03-16,3.3923,3.3923,3.2227,3.3655,6298,0
2012-03-19,3.3655,3.3655,3.3655,3.3655,56,0
2012-03-20,3.3119,3.3566,3.1245,3.2137,3389,0
2012-03-23,3.1691,3.1691,3.1691,3.1691,34,0
2012-03-26,3.1691,3.2137,3.1066,3.1066,640,0
2012-03-27,3.2048,3.3476,3.2048,3.3476,789,0
2012-03-28,3.3655,3.3655,3.0263,3.0263,3452,0
2012-03-29,2.9816,3.303,2.937,3.303,3395,0
2012-03-30,3.04,3.13,2.98,3.13,3058,0
2012-04-02,3.0352,3.2941,2.6781,3.2941,5002,0
2012-04-04,2.9995,2.9995,2.6424,2.7852,17637,0
2012-04-05,2.7852,2.7852,2.6335,2.7227,6784,0
2012-04-10,2.6335,2.7227,2.6335,2.7227,17096,0
2012-04-11,2.7227,2.7227,2.5799,2.5888,11269,0
2012-04-12,2.6781,2.7227,2.6335,2.7138,11330,0
2012-04-13,2.7049,2.8031,2.5442,2.8031,2403,0
2012-04-16,2.8031,2.8031,2.7585,2.7585,80,0
2012-04-17,2.7585,2.7585,2.7585,2.7585,56,0
2012-04-18,2.7406,2.8567,2.6781,2.8567,1736,0
2012-04-19,2.8567,2.8567,2.6335,2.8388,4593,0
2012-04-20,2.8388,2.8388,2.7674,2.7674,11258,0
2012-04-23,2.7674,2.7674,2.6156,2.6424,17363,0
2012-04-24,2.6781,2.6781,2.2318,2.6245,52903,0
2012-04-25,2.6245,2.6245,2.5799,2.6245,1596,0
2012-04-26,2.6245,2.9548,2.6245,2.9548,3809,0
2012-04-27,2.9548,3.1245,2.9548,3.1245,695,0
2012-04-30,3.12,3.12,3.12,3.12,11,0
2012-05-02,3.0798,3.0798,3.0798,3.0798,11,0
2012-05-04,3.0798,3.0798,3.0798,3.0798,22,0
2012-05-07,3.0798,3.0798,2.5531,2.6335,23120,0
2012-05-08,2.6335,2.6335,2.2764,2.5799,145650,0
2012-05-09,2.53,2.53,2.06,2.35,47179,0
2012-05-10,2.34,2.34,2.1,2.14,18730,0
2012-05-11,2.1425,2.2764,1.9639,2.2764,14226,0
2012-05-14,2.2496,2.2496,2.0532,2.0532,4799,0
2012-05-15,2.0532,2.1246,1.839,2.0532,8278,0
2012-05-16,1.8747,1.9997,1.7854,1.9997,4033,0
2012-05-17,1.9997,1.9997,1.7051,1.955,6413,0
2012-05-18,1.6604,1.955,1.6069,1.7229,18294,0
2012-05-21,1.7229,2.0621,1.7229,1.9997,4034,0
2012-05-22,1.9907,1.9907,1.7765,1.9639,13100,0
2012-05-23,1.9639,1.9639,1.7854,1.9639,1351,0
2012-05-24,1.9639,1.9907,1.7854,1.9461,6108,0
2012-05-25,1.95,1.95,1.7,1.85,9950,0
2012-05-28,1.9193,1.9282,1.6426,1.8747,27473,0
2012-05-29,1.8747,1.9372,1.8747,1.9372,3246,0
2012-05-30,1.9372,2.2764,1.9372,2.2228,7038,0
2012-05-31,2.22,2.22,2.06,2.17,442,0
2012-06-01,2.14,2.14,2,2.14,3383,0
2012-06-04,2.1425,2.2318,2.0175,2.2318,6105,0
2012-06-05,2.23,2.23,1.84,2.1,4583,0
2012-06-06,2.08,2.47,2.01,2.26,8065,0
2012-06-08,2.36,2.36,2.19,2.22,2655,0
2012-06-11,2.22,2.29,2.12,2.29,35017,0
2012-06-12,2.28,2.28,2.17,2.23,26198,0
2012-06-13,2.23,2.23,2.05,2.08,14852,0
2012-06-14,2.23,2.25,2.2,2.24,6787,0
2012-06-15,2.25,2.25,2.2,2.2,3250,0
2012-06-18,2.2,2.2,2.15,2.2,1200,0
2012-06-19,2.2,2.2,2,2.14,16850,0
2012-06-20,2.1,2.1,1.9,2.1,6490,0
2012-06-21,2,2,1.84,2,9650,0
2012-06-22,2,2.1,2,2.1,1525,0
2012-06-25,2.1,2.1,1.87,1.87,2525,0
2012-06-26,1.85,1.86,1.6,1.73,2500,0
2012-06-27,1.74,1.98,1.74,1.79,111329,0
2012-06-28,1.87,1.89,1.78,1.86,9432,0
2012-06-29,1.88,2,1.87,1.93,3110,0
2012-07-02,1.99,1.99,1.85,1.85,7882,0
2012-07-03,1.85,1.85,1.73,1.73,1625,0
2012-07-04,1.9,1.9,1.52,1.6,43113,0
2012-07-05,1.64,1.64,1.51,1.64,2590,0
2012-07-06,1.55,1.59,1.4,1.4,39758,0
2012-07-09,1.45,1.59,1.35,1.54,2995,0
2012-07-10,1.44,1.55,1.37,1.54,10972,0
2012-07-11,1.54,1.54,1.4,1.4,13405,0
2012-07-12,1.37,1.53,1.37,1.53,50260,0
2012-07-13,1.53,1.6,1.53,1.6,3864,0
2012-07-16,1.58,1.58,1.57,1.57,50,0
2012-07-17,1.56,1.85,1.37,1.73,20459,0
2012-07-18,1.73,1.73,1.51,1.56,2420,0
2012-07-19,1.53,1.64,1.53,1.64,17431,0
2012-07-20,1.55,1.64,1.55,1.63,5921,0
2012-07-23,1.62,1.62,1.55,1.55,1218,0
2012-07-24,1.58,1.67,1.37,1.67,8538,0
2012-07-25,1.65,1.67,1.55,1.61,13456,0
2012-07-26,1.69,1.69,1.69,1.69,1900,0
2012-07-27,1.69,1.74,1.6,1.74,5612,0
2012-07-30,1.74,1.74,1.74,1.74,25,0
2012-07-31,1.74,1.97,1.69,1.97,10051,0
2012-08-01,1.87,2.2,1.86,2.15,7627,0
2012-08-02,2.19,2.19,2,2.14,1526,0
2012-08-03,2.07,2.17,2,2.1,10378,0
2012-08-06,2,2.2,2,2.2,9736,0
2012-08-07,2.21,2.49,2.17,2.17,4000,0
2012-08-08,2.17,2.17,2.11,2.11,75,0
2012-08-09,2.15,2.15,2,2,73615,0
2012-08-10,2,2,1.71,1.71,1700,0
2012-08-13,1.75,1.99,1.62,1.93,5275,0
2012-08-14,1.93,1.95,1.5,1.82,11646,0
2012-08-16,1.82,1.82,1.63,1.71,2846,0
2012-08-17,1.74,1.74,1.73,1.73,915,0
2012-08-20,1.74,1.74,1.74,1.74,15,0
2012-08-21,1.71,1.71,1.65,1.71,1718,0
2012-08-22,1.74,1.74,1.74,1.74,25,0
2012-08-23,1.74,1.74,1.74,1.74,15,0
2012-08-24,1.73,1.73,1.72,1.73,838,0
2012-08-27,1.74,1.74,1.74,1.74,10,0
2012-08-28,1.74,1.74,1.74,1.74,15,0
2012-08-29,1.74,1.74,1.69,1.72,346,0
2012-08-30,1.74,1.74,1.62,1.72,466,0
2012-08-31,1.74,1.74,1.74,1.74,25,0
2012-09-03,1.74,1.74,1.69,1.69,40,0
2012-09-04,1.65,1.99,1.64,1.99,5879,0
2012-09-05,1.9,1.9,1.65,1.81,13156,0
2012-09-06,1.71,1.76,1.51,1.76,18293,0
2012-09-07,1.79,1.83,1.76,1.83,5949,0
2012-09-10,1.83,2.05,1.83,2.04,6095,0
2012-09-11,2.04,2.04,1.8,2.04,4510,0
2012-09-12,2.04,2.04,1.8,1.99,1775,0
2012-09-13,2,2,1.78,1.78,9637,0
2012-09-14,1.8,1.99,1.8,1.85,12436,0
2012-09-17,1.9,2.35,1.9,2.35,12968,0
2012-09-18,2.36,2.82,2.26,2.68,8630,0
2012-09-19,2.6,2.6,2.41,2.6,2139,0
2012-09-20,2.57,2.64,2.57,2.64,620,0
2012-09-21,2.64,3.16,2.6,2.7,23725,0
2012-09-24,2.74,2.79,2.66,2.75,859,0
2012-09-25,2.7,2.7,2.58,2.7,1077,0
2012-09-26,2.65,2.8,2.65,2.8,11200,0
2012-09-27,2.75,2.75,2.62,2.75,675,0
2012-09-28,2.72,2.72,2.72,2.72,400,0
2012-10-01,2.71,3.26,1.89,1.9,29503,0
2012-10-02,1.69,1.9,1.5,1.7,136677,0
2012-10-03,1.69,1.69,1.53,1.59,37036,0
2012-10-04,1.63,1.63,1.42,1.52,66308,0
2012-10-05,1.56,1.66,1.51,1.6,61393,0
2012-10-08,1.6,1.61,1.53,1.53,15269,0
2012-10-09,1.53,1.57,1.53,1.53,2625,0
2012-10-10,1.53,1.56,1.48,1.49,10064,0
2012-10-11,1.5,1.56,1.5,1.5,6491,0
2012-10-12,1.5,1.54,1.47,1.54,3854,0
2012-10-15,1.54,1.58,1.44,1.45,16228,0
2012-10-16,1.46,1.53,1.44,1.49,3937,0
2012-10-17,1.5,1.52,1.45,1.52,10615,0
2012-10-18,1.54,1.54,1.5,1.5,100,0
2012-10-19,1.5,1.5,1.44,1.48,15849,0
2012-10-22,1.46,1.48,1.46,1.48,1500,0
2012-10-23,1.51,1.51,1.43,1.43,6990,0
2012-10-24,1.43,1.45,1.43,1.43,1650,0
2012-10-25,1.44,1.44,1.42,1.43,2405,0
2012-10-26,1.43,1.54,1.43,1.46,5092,0
2012-10-29,1.5,1.59,1.48,1.53,26383,0
2012-10-30,1.53,1.58,1.51,1.51,7641,0
2012-10-31,1.52,1.59,1.52,1.59,1611,0
2012-11-02,1.58,1.59,1.53,1.53,3237,0
2012-11-05,1.52,1.55,1.52,1.52,649,0
2012-11-06,1.52,1.52,1.52,1.52,1852,0
2012-11-07,1.52,1.52,1.4,1.4,10110,0
2012-11-08,1.42,1.52,1.39,1.41,4975,0
2012-11-09,1.41,1.5,1.41,1.42,10319,0
2012-11-12,1.41,1.45,1.41,1.44,2805,0
2012-11-13,1.42,1.43,1.39,1.4,1895,0
2012-11-14,1.4,1.48,1.39,1.4,2536,0
2012-11-15,1.4,1.47,1.4,1.45,2996,0
2012-11-16,1.43,1.43,1.42,1.42,900,0
2012-11-19,1.42,1.42,1.42,1.42,50,0
2012-11-20,1.41,1.41,1.41,1.41,282,0
2012-11-21,1.4,1.46,1.4,1.43,800,0
2012-11-22,1.45,1.45,1.43,1.43,2591,0
2012-11-23,1.41,1.48,1.41,1.41,6119,0
2012-11-26,1.41,1.41,1.4,1.4,3015,0
2012-11-27,1.4,1.4,1.4,1.4,50,0
2012-11-28,1.4,1.41,1.4,1.4,555,0
2012-11-29,1.4,1.4,1.4,1.4,30,0
2012-11-30,1.4,1.48,1.4,1.45,8707,0
2012-12-03,1.44,1.44,1.43,1.43,400,0
2012-12-04,1.42,1.42,1.3,1.33,28359,0
2012-12-05,1.33,1.43,1.33,1.43,1400,0
2012-12-06,1.45,1.53,1.45,1.53,2658,0
2012-12-07,1.53,1.53,1.5,1.51,850,0
2012-12-10,1.5,1.5,1.4,1.4,1015,0
2012-12-11,1.4,1.4,1.4,1.4,40,0
2012-12-12,1.4,1.47,1.38,1.38,6389,0
2012-12-13,1.38,1.38,1.36,1.36,3535,0
2012-12-14,1.38,1.38,1.35,1.38,3305,0
2012-12-17,1.4,1.4,1.4,1.4,100,0
2012-12-18,1.4,1.4,1.4,1.4,386,0
2012-12-19,1.4,1.42,1.39,1.42,5472,0
2012-12-20,1.42,1.42,1.4,1.4,5648,0
2012-12-21,1.41,1.42,1.41,1.42,7333,0
2012-12-27,1.42,1.45,1.42,1.45,700,0
2012-12-28,1.47,1.5,1.44,1.49,4882,0
2013-01-02,1.49,1.54,1.49,1.54,391,0
2013-01-03,1.57,1.6,1.55,1.55,1360,0
2013-01-04,1.57,1.57,1.42,1.46,51417,0
2013-01-07,1.46,1.5,1.43,1.43,13267,0
2013-01-08,1.41,1.53,1.41,1.43,4170,0
2013-01-09,1.45,1.55,1.45,1.51,14156,0
2013-01-10,1.5,1.58,1.46,1.48,1800,0
2013-01-11,1.5,1.5,1.46,1.46,450,0
2013-01-14,1.41,1.56,1.41,1.47,4050,0
2013-01-15,1.47,1.47,1.47,1.47,50,0
2013-01-16,1.47,1.47,1.45,1.45,2550,0
2013-01-17,1.45,1.45,1.45,1.45,150,0
2013-01-18,1.46,1.58,1.45,1.45,4400,0
2013-01-21,1.49,1.5,1.45,1.45,4800,0
2013-01-22,1.45,1.52,1.45,1.52,302,0
2013-01-23,1.51,1.52,1.45,1.45,3848,0
2013-01-24,1.46,1.55,1.46,1.54,9100,0
2013-01-25,1.56,1.62,1.25,1.4,25622,0
2013-01-28,1.4,1.4,1.36,1.37,4178,0
2013-01-29,1.37,1.39,1.3,1.39,7934,0
2013-01-30,1.38,1.39,1.35,1.35,8764,0
2013-01-31,1.35,1.37,1.31,1.31,7085,0
2013-02-01,1.32,1.32,1.27,1.32,3851,0
2013-02-04,1.31,1.31,1.07,1.11,238006,0
2013-02-05,1.1,1.1,0.98,1.05,376752,0
2013-02-06,1.05,1.4,1.05,1.4,44424,0
2013-02-07,1.4,1.6,1.33,1.6,67981,0
2013-02-08,1.59,1.74,1.47,1.74,20853,0
2013-02-11,1.75,1.75,1.68,1.7,21711,0
2013-02-12,1.6,1.68,1.5,1.6,22160,0
2013-02-13,1.61,1.75,1.61,1.75,22521,0
2013-02-14,1.74,1.88,1.74,1.84,46558,0
2013-02-15,1.83,1.86,1.75,1.8,6245,0
2013-02-18,1.82,1.88,1.77,1.85,13906,0
2013-02-19,1.85,2.22,1.85,2.16,16250,0
2013-02-20,2.17,2.3,2.17,2.3,12541,0
2013-02-21,2.3,2.39,2.3,2.3,9675,0
2013-02-22,2.35,2.37,2,2.37,16725,0
2013-02-25,2.37,2.37,2.25,2.37,1740,0
2013-02-26,2.35,2.35,2.15,2.29,2880,0
2013-02-27,2.29,2.32,2.13,2.25,2480,0
2013-02-28,2.31,2.31,2.29,2.3,2180,0
2013-03-01,2.3,2.34,2.3,2.34,4575,0
2013-03-04,2.34,2.34,2.34,2.34,350,0
2013-03-05,2.34,2.35,2.3,2.3,1800,0
2013-03-06,2.3,2.54,2.3,2.54,21410,0
2013-03-07,2.54,2.98,2.51,2.98,15800,0
2013-03-08,2.99,3.28,2.8,3.2,3260,0
2013-03-11,3.2,3.26,3,3.2,3480,0
2013-03-12,3.2,3.43,3.02,3.38,30750,0
2013-03-13,3.38,3.44,3,3.35,7573,0
2013-03-14,3.34,3.42,3.05,3.34,9926,0
2013-03-15,3.33,3.33,3.05,3.29,3860,0
2013-03-18,3.29,3.3,2.9,3.1,2881,0
2013-03-19,3.16,3.16,3.1,3.15,10525,0
2013-03-20,3.15,3.15,2.8,3.12,18180,0
2013-03-21,3.1,3.1,2.76,3,27283,0
2013-03-22,3.06,3.2,2.91,3,28256,0
2013-03-25,3.05,3.2,2.91,3.08,13150,0
2013-03-26,3.05,3.14,3.05,3.09,8825,0
2013-03-27,3.11,3.11,3.05,3.05,9150,0
2013-03-28,3.03,3.06,2.85,3.03,2045,0
2013-04-02,3.02,3.02,3,3,50,0
2013-04-03,3,3,3,3,50,0
2013-04-04,3,3,2.84,2.99,1755,0
2013-04-05,2.98,2.98,2.87,2.97,1604,0
2013-04-08,2.98,3,2.7,2.97,29090,0
2013-04-09,2.9,2.9,2.9,2.9,20,0
2013-04-10,2.9,2.9,2.75,2.84,1974,0
2013-04-11,2.84,2.9,2.69,2.9,19970,0
2013-04-12,2.89,2.89,2.75,2.8,773,0
2013-04-15,2.9,2.9,2.65,2.77,3354,0
2013-04-17,2.78,2.78,2.78,2.78,25,0
2013-04-18,2.75,2.75,2.73,2.73,75,0
2013-04-19,2.72,2.9,2.72,2.9,600,0
2013-04-22,2.9,2.9,2.8,2.8,125,0
2013-04-23,2.8,2.8,2.8,2.8,475,0
2013-04-24,2.8,2.8,2.6,2.73,3454,0
2013-04-25,2.6,2.72,2.6,2.72,2502,0
2013-04-26,2.73,2.73,2.5,2.7,2969,0
2013-04-29,2.69,2.69,2.65,2.69,456,0
2013-04-30,2.69,2.72,2.69,2.72,1135,0
2013-05-02,2.72,3.26,2.71,3.25,8780,0
2013-05-06,3.25,3.43,3.15,3.15,5376,0
2013-05-07,3.15,3.15,3.1,3.14,941,0
2013-05-08,3.12,3.2,3.12,3.14,13311,0
2013-05-09,3.13,3.2,2.85,3.13,2684,0
2013-05-10,3.12,3.12,3.12,3.12,25,0
2013-05-13,3.07,3.07,3.07,3.07,15,0
2013-05-14,3.05,3.15,2.94,3.13,11032,0
2013-05-15,3.15,3.15,2.9,3.12,6294,0
2013-05-16,3.08,3.08,2.47,2.47,9450,0
2013-05-17,2.5,2.5,2,2,12773,0
2013-05-20,2.2,2.2,2.2,2.2,25,0
2013-05-21,2.15,2.15,1.72,1.8,4430,0
2013-05-22,1.8,1.9,1.68,1.88,11361,0
2013-05-23,1.8,1.8,1.79,1.79,475,0
2013-05-24,1.8,1.99,1.79,1.99,1515,0
2013-05-27,2,2,1.8,2,2346,0
2013-05-28,2,2,1.99,1.99,215,0
2013-05-29,2,2,2,2,20,0
2013-05-31,2,2,1.55,1.79,23459,0
2013-06-03,1.7,1.7,1.45,1.6,25778,0
2013-06-04,1.6,1.8,1.5,1.69,11185,0
2013-06-05,1.6,1.6,1.41,1.5,14098,0
2013-06-06,1.5,1.5,1.32,1.5,6962,0
2013-06-10,1.43,1.5,1.29,1.5,15305,0
2013-06-11,1.5,1.5,1.26,1.4,19104,0
2013-06-12,1.38,1.38,1.17,1.25,3700,0
2013-06-13,1.34,1.5,1.2,1.4,20660,0
2013-06-14,1.4,1.4,1.12,1.24,23494,0
2013-06-17,1.21,1.21,1.08,1.15,15165,0
2013-06-18,1.15,1.15,1.14,1.14,2044,0
2013-06-19,1.16,1.16,1.15,1.16,2882,0
2013-06-20,1.16,1.21,1.07,1.2,11976,0
2013-06-21,1.2,1.2,1.01,1.14,18786,0
2013-06-24,1.13,1.13,0.99,1.12,17211,0
2013-06-25,1.09,1.09,1.08,1.08,520,0
2013-06-26,1.08,1.08,0.98,1.03,15421,0
2013-06-27,1.04,1.11,0.97,0.97,5575,0
2013-06-28,0.97,1.06,0.95,1.06,45500,0
2013-07-01,1.06,1.18,0.97,1.18,17822,0
2013-07-02,1.17,1.24,1.17,1.24,4094,0
2013-07-03,1.22,1.22,1.21,1.21,348,0
2013-07-04,1.21,1.34,1.12,1.25,15295,0
2013-07-05,1.3,1.3,1.3,1.3,80,0
2013-07-08,1.3,1.3,1.11,1.22,4032,0
2013-07-09,1.27,1.27,1.2,1.2,126,0
2013-07-10,1.2,1.21,1.2,1.21,187,0
2013-07-11,1.22,1.22,1.22,1.22,15,0
2013-07-12,1.22,1.22,1.05,1.05,2135,0
2013-07-15,1.05,1.19,1.05,1.15,770,0
2013-07-16,1.15,1.22,1.15,1.19,870,0
2013-07-17,1.18,1.4,1.18,1.27,8974,0
2013-07-18,1.27,1.5,1.27,1.5,9183,0
2013-07-19,1.5,1.69,1.2,1.61,16897,0
2013-07-22,1.61,1.7,1.4,1.65,9881,0
2013-07-23,1.51,1.65,1.45,1.45,10250,0
2013-07-24,1.38,1.58,1.38,1.55,1257,0
2013-07-25,1.53,1.53,1.25,1.41,15053,0
2013-07-29,1.36,1.36,1.23,1.23,618,0
2013-07-30,1.26,1.44,1.26,1.44,1900,0
2013-07-31,1.3,1.41,1.19,1.33,3052,0
2013-08-01,1.31,1.44,1.05,1.44,9800,0
2013-08-02,1.44,1.44,1.39,1.44,550,0
2013-08-05,1.44,1.44,1.44,1.44,15,0
2013-08-06,1.42,1.42,1.42,1.42,25,0
2013-08-07,1.42,1.42,1.36,1.36,100,0
2013-08-08,1.4,1.5,1.36,1.5,1850,0
2013-08-09,1.46,1.46,1.32,1.42,2545,0
2013-08-12,1.38,1.46,1.38,1.46,1531,0
2013-08-13,1.46,1.46,1.46,1.46,20,0
2013-08-14,1.46,1.46,1.46,1.46,25,0
2013-08-16,1.46,1.46,1.25,1.37,7709,0
2013-08-19,1.37,1.5,1.28,1.43,9200,0
2013-08-20,1.33,1.36,1.2,1.36,4510,0
2013-08-21,1.26,1.46,1.26,1.41,2250,0
2013-08-22,1.41,1.41,1.13,1.33,6165,0
2013-08-23,1.31,1.36,1.05,1.1,14051,0
2013-08-26,1.06,1.14,0.97,1.14,24256,0
2013-08-27,1.14,1.14,0.95,1,33275,0
2013-08-28,1,1,0.99,0.99,1800,0
2013-08-29,1,1,0.91,1,18422,0
2013-08-30,1,1,1,1,15,0
2013-09-02,0.99,0.99,0.95,0.95,1065,0
2013-09-03,0.98,1,0.86,1,5374,0
2013-09-04,0.97,1,0.87,0.95,8105,0
2013-09-05,0.99,1,0.8,1,11918,0
2013-09-06,0.91,1.09,0.91,1.03,3503,0
2013-09-09,1.04,1.08,1.04,1.05,65,0
2013-09-10,1.04,1.07,0.98,0.99,2018,0
2013-09-11,0.98,1.07,0.98,1.07,2451,0
2013-09-12,1.01,1.01,0.95,0.95,6969,0
2013-09-13,0.94,1.05,0.9,1.05,16710,0
2013-09-16,1.04,1.07,1.02,1.05,8574,0
2013-09-17,1.05,1.05,1.05,1.05,15,0
2013-09-18,1.05,1.05,1.05,1.05,25,0
2013-09-19,1.05,1.05,0.97,0.98,4715,0
2013-09-20,1,1,0.94,0.94,8310,0
2013-09-23,1.04,1.04,1.04,1.04,75,0
2013-09-24,0.93,0.98,0.93,0.98,150,0
2013-09-25,0.94,1,0.93,1,10035,0
2013-09-26,1,1,0.89,0.99,28015,0
2013-09-27,0.99,0.99,0.9,0.93,34888,0
2013-09-30,0.93,0.99,0.92,0.98,5932,0
2013-10-01,0.99,1,0.98,0.99,250,0
2013-10-02,1,1,1,1,25,0
2013-10-03,0.98,0.98,0.9,0.96,31245,0
2013-10-04,0.96,0.96,0.9,0.9,6250,0
2013-10-07,0.93,0.93,0.9,0.9,3050,0
2013-10-08,0.93,0.93,0.93,0.93,50,0
2013-10-09,0.9,0.91,0.9,0.9,4290,0
2013-10-10,0.93,0.93,0.9,0.91,1175,0
2013-10-11,0.91,0.91,0.9,0.9,14520,0
2013-10-14,0.92,0.92,0.84,0.91,45174,0
2013-10-15,0.9,0.93,0.81,0.93,35200,0
2013-10-16,0.93,0.93,0.86,0.89,1550,0
2013-10-17,0.88,0.9,0.88,0.9,350,0
2013-10-18,0.92,0.92,0.9,0.9,1130,0
2013-10-22,0.93,0.93,0.91,0.91,2150,0
2013-10-23,0.93,1.04,0.92,1.04,17358,0
2013-10-24,1.04,1.04,1,1.04,1900,0
2013-10-25,1.04,1.04,1.04,1.04,25,0
2013-10-28,1.03,1.04,0.96,0.98,2635,0
2013-10-29,0.98,1.03,0.98,0.99,2025,0
2013-10-30,1,1,0.99,1,1050,0
2013-10-31,1.01,1.01,1.01,1.01,100,0
2013-11-04,1.01,1.2,0.98,1.2,18880,0
2013-11-05,1.2,1.2,0.99,1.19,5397,0
2013-11-06,1.09,1.19,1.09,1.15,10750,0
2013-11-07,1.17,1.21,1.17,1.21,9246,0
2013-11-08,1.25,1.39,1.25,1.27,6900,0
2013-11-12,1.35,1.35,1.14,1.31,26056,0
2013-11-13,1.31,1.31,1.13,1.26,17358,0
2013-11-14,1.26,1.26,1.01,1.09,65387,0
2013-11-15,1.09,1.09,1,1.07,2431,0
2013-11-18,1.07,1.07,1.05,1.05,1025,0
2013-11-19,1.04,1.04,0.98,0.98,2239,0
2013-11-20,0.99,1,0.94,0.95,108794,0
2013-11-21,0.95,1.09,0.95,1.09,8150,0
2013-11-22,1.09,1.25,1.04,1.25,23428,0
2013-11-25,1.24,1.25,1.11,1.25,3425,0
2013-11-26,1.25,1.48,1.18,1.28,15698,0
2013-11-27,1.25,1.31,1.22,1.22,957,0
2013-11-28,1.26,1.29,1.26,1.29,150,0
2013-11-29,1.28,1.35,1.28,1.3,200,0
2013-12-02,1.26,1.26,1.01,1.11,25348,0
2013-12-03,1.12,1.12,1.01,1.11,10580,0
2013-12-04,1.11,1.11,1.01,1.1,981,0
2013-12-05,1.1,1.1,1.01,1.08,894,0
2013-12-06,1.05,1.08,1.01,1.05,21225,0
2013-12-09,1.05,1.08,1.05,1.08,4147,0
2013-12-10,1.1,1.1,1.05,1.05,3510,0
2013-12-11,1.05,1.06,1.05,1.06,2832,0
2013-12-12,1.06,1.06,1.04,1.04,8860,0
2013-12-13,1.04,1.05,1.04,1.05,150,0
2013-12-16,1.03,1.03,1.03,1.03,100,0
2013-12-17,1.03,1.04,0.94,0.94,31250,0
2013-12-18,0.95,0.95,0.95,0.95,100,0
2013-12-19,0.95,0.95,0.95,0.95,100,0
2013-12-20,0.95,0.96,0.94,0.94,6050,0
2013-12-23,0.95,0.99,0.95,0.99,3900,0
2013-12-27,1,1.11,1,1.11,2704,0
2013-12-30,1.13,1.19,1.13,1.19,2447,0
2014-01-02,1.2,1.2,1.12,1.12,1297,0
2014-01-03,1.12,1.28,1.07,1.25,5734,0
2014-01-07,1.25,1.3,1.21,1.3,7145,0
2014-01-08,1.29,1.3,1.16,1.3,7025,0
2014-01-09,1.3,1.3,1.25,1.25,7775,0
2014-01-10,1.29,1.29,1.18,1.18,6685,0
2014-01-13,1.16,1.31,1.16,1.27,10715,0
2014-01-14,1.27,1.3,1.27,1.3,2025,0
2014-01-15,1.29,1.29,1.25,1.29,22425,0
2014-01-16,1.28,1.29,1.23,1.29,31040,0
2014-01-17,1.28,1.3,1.27,1.29,17100,0
2014-01-20,1.27,1.35,1.26,1.34,16300,0
2014-01-21,1.29,1.3,1.28,1.3,8858,0
2014-01-22,1.29,1.49,1.29,1.33,6732,0
2014-01-23,1.29,1.31,1.12,1.13,7247,0
2014-01-24,1.18,1.2,1.18,1.18,7950,0
2014-01-27,1.18,1.18,1.18,1.18,100,0
2014-01-28,1.2,1.2,1.2,1.2,15,0
2014-01-29,1.18,1.18,1.14,1.14,740,0
2014-01-30,1.14,1.17,1.14,1.14,1400,0
2014-01-31,1.14,1.16,1.01,1.01,5916,0
2014-02-03,1.01,1.17,1.01,1.15,1150,0
2014-02-04,1.03,1.03,1.03,1.03,384,0
2014-02-05,1.03,1.04,1.03,1.04,1350,0
2014-02-06,1.05,1.05,1.05,1.05,50,0
2014-02-07,1.05,1.13,1.05,1.13,1452,0
2014-02-10,1.11,1.11,1.11,1.11,50,0
2014-02-13,1.11,1.11,1.11,1.11,10,0
2014-02-17,1.11,1.11,1.11,1.11,40,0
2014-02-18,1.1,1.1,1.03,1.03,3253,0
2014-02-19,1.03,1.08,1.03,1.03,1125,0
2014-02-20,1.02,1.03,1.02,1.03,55,0
2014-02-21,1.05,1.05,1.05,1.05,100,0
2014-02-24,1.02,1.02,1,1,2400,0
2014-02-25,1.01,1.04,1.01,1.04,50,0
2014-02-26,1.07,1.07,0.99,1.05,815,0
2014-02-27,1.02,1.1,1.02,1.1,772,0
2014-02-28,1.1,1.1,1.1,1.1,100,0
2014-03-03,1.06,1.1,1.06,1.1,37,0
2014-03-07,1.14,1.14,1.14,1.14,25,0
2014-03-10,1.14,1.14,1.01,1.01,336,0
2014-03-11,1.01,1.01,1.01,1.01,100,0
2014-03-12,1.01,1.01,1.01,1.01,100,0
2014-03-13,1.01,1.02,1.01,1.01,798,0
2014-03-14,1.01,1.01,1.01,1.01,25,0
2014-03-17,1.01,1.02,1.01,1.01,225,0
2014-03-18,1.01,1.01,1.01,1.01,25,0
2014-03-19,1.01,1.01,1.01,1.01,25,0
2014-03-20,1.01,1.01,1.01,1.01,15,0
2014-03-21,1.02,1.1,1.01,1.1,4200,0
2014-03-24,1.03,1.03,1.01,1.01,400,0
2014-03-25,1.01,1.01,0.98,0.98,2522,0
2014-03-26,0.98,0.98,0.98,0.98,50,0
2014-03-27,0.98,0.98,0.95,0.95,1550,0
2014-03-31,0.95,0.95,0.95,0.95,50,0
2014-04-01,0.95,0.95,0.95,0.95,15,0
2014-04-02,0.95,0.95,0.95,0.95,2535,0
2014-04-03,0.98,0.98,0.9,0.9,2300,0
2014-04-04,0.9,0.9,0.9,0.9,100,0
2014-04-07,0.9,0.9,0.9,0.9,105,0
2014-04-08,0.91,0.91,0.9,0.9,950,0
2014-04-09,0.9,0.9,0.9,0.9,150,0
2014-04-10,0.95,1.04,0.95,1.03,1423,0
2014-04-11,0.96,1.14,0.96,1.14,12963,0
2014-04-14,1.14,1.35,1.14,1.16,1946,0
2014-04-15,1.11,1.27,1.08,1.25,4253,0
2014-04-16,1.24,1.41,1.23,1.24,43335,0
2014-04-17,1.25,1.4,1.2,1.4,9202,0
2014-04-22,1.4,1.4,1.2,1.26,20989,0
2014-04-23,1.34,1.34,1.23,1.25,3750,0
2014-04-24,1.21,1.21,1.21,1.21,41,0
2014-04-25,1.2,1.3,1.15,1.3,1341,0
2014-04-28,1.25,1.25,1.25,1.25,15,0
2014-04-29,1.25,1.25,1.25,1.25,25,0
2014-04-30,1.25,1.25,1.25,1.25,25,0
2014-05-02,1.25,1.25,1.25,1.25,25,0
2014-05-05,1.25,1.25,1.04,1.13,8682,0
2014-05-06,1.07,1.23,1.07,1.07,2522,0
2014-05-07,1.07,1.22,0.99,1.22,3775,0
2014-05-08,1.23,1.23,1.23,1.23,25,0
2014-05-09,1.2,1.2,0.99,1.2,8161,0
2014-05-12,1.2,1.2,1,1,10050,0
2014-05-13,1.05,1.05,0.98,1.05,1850,0
2014-05-14,1,1,0.9,0.94,30234,0
2014-05-15,0.92,0.92,0.85,0.87,1251,0
2014-05-16,0.91,0.97,0.88,0.88,5919,0
2014-05-19,0.88,0.89,0.87,0.89,526,0
2014-05-21,0.9,0.91,0.9,0.9,535,0
2014-05-23,0.92,0.94,0.92,0.94,326,0
2014-05-26,0.93,0.93,0.93,0.93,150,0
2014-05-27,0.93,0.93,0.93,0.93,100,0
2014-05-28,0.93,0.93,0.93,0.93,100,0
2014-05-29,0.91,0.91,0.91,0.91,150,0
2014-05-30,0.93,0.93,0.9,0.9,1720,0
2014-06-02,0.93,0.93,0.93,0.93,100,0
2014-06-03,0.93,0.93,0.92,0.93,800,0
2014-06-04,0.94,0.94,0.84,0.84,1600,0
2014-06-05,0.84,0.84,0.84,0.84,150,0
2014-06-06,0.84,0.85,0.84,0.84,751,0
2014-06-09,0.84,0.9,0.84,0.9,350,0
2014-06-16,0.92,0.92,0.92,0.92,100,0
2014-06-18,0.93,0.93,0.93,0.93,100,0
2014-06-23,0.91,0.91,0.91,0.91,100,0
2014-06-24,0.91,0.91,0.91,0.91,100,0
2014-06-25,0.92,0.93,0.91,0.93,1060,0
2014-07-04,0.91,0.91,0.91,0.91,50,0
2014-07-07,0.92,0.93,0.92,0.92,235,0
2014-07-08,0.92,0.93,0.92,0.92,3015,0
2014-07-14,0.92,0.92,0.92,0.92,350,0
2014-07-15,0.92,0.92,0.92,0.92,50,0
2014-07-16,0.92,0.92,0.92,0.92,100,0
2014-07-21,0.93,0.95,0.93,0.95,2050,0
2014-07-22,0.95,0.95,0.9,0.9,550,0
2014-07-23,0.9,0.9,0.9,0.9,20,0
2014-07-24,0.94,0.99,0.94,0.99,550,0
2014-07-25,0.95,0.99,0.95,0.99,2020,0
2014-07-28,0.99,0.99,0.99,0.99,25,0
2014-07-29,0.99,0.99,0.98,0.98,51,0
2014-07-30,0.99,0.99,0.99,0.99,50,0
2014-07-31,0.99,0.99,0.99,0.99,25,0
2014-08-01,0.99,0.99,0.99,0.99,50,0
2014-08-04,0.99,0.99,0.88,0.91,1225,0
2014-08-08,0.93,0.93,0.89,0.89,150,0
2014-08-11,0.9,0.9,0.9,0.9,25,0
2014-08-12,0.9,0.9,0.82,0.85,1575,0
2014-08-21,0.86,0.86,0.86,0.86,100,0
2014-08-26,0.87,0.87,0.79,0.8,3079,0
2014-08-27,0.78,0.78,0.76,0.78,1030,0
2014-08-29,0.78,0.78,0.78,0.78,1190,0
2014-09-01,0.76,0.8,0.76,0.8,1625,0
2014-09-08,0.8,0.88,0.8,0.88,2255,0
2014-09-09,0.87,0.87,0.87,0.87,50,0
2014-09-10,0.87,0.87,0.87,0.87,50,0
2014-09-11,0.87,0.87,0.83,0.83,100,0
2014-09-12,0.87,0.87,0.84,0.84,500,0
2014-09-15,0.84,0.84,0.8,0.8,2000,0
2014-09-16,0.81,0.81,0.8,0.8,1414,0
2014-09-17,0.8,0.8,0.79,0.8,1654,0
2014-09-18,0.8,0.8,0.79,0.8,950,0
2014-09-19,0.8,0.8,0.8,0.8,225,0
2014-09-22,0.8,0.8,0.8,0.8,50,0
2014-09-23,0.8,0.8,0.8,0.8,50,0
2014-09-24,0.8,0.8,0.8,0.8,50,0
2014-09-25,0.8,0.8,0.8,0.8,100,0
2014-09-26,0.8,0.8,0.8,0.8,100,0
2014-09-29,0.8,0.8,0.8,0.8,50,0
2014-09-30,0.8,0.8,0.8,0.8,20,0
2014-10-01,0.8,0.8,0.74,0.76,46099,0
2014-10-02,0.72,0.72,0.64,0.65,45060,0
2014-10-03,0.63,0.64,0.6,0.63,33993,0
2014-10-06,0.63,0.63,0.55,0.6,7032,0
2014-10-07,0.58,0.58,0.54,0.56,22917,0
2014-10-08,0.57,0.57,0.54,0.54,12600,0
2014-10-09,0.55,0.55,0.44,0.51,37568,0
2014-10-10,0.49,0.49,0.49,0.49,4300,0
2014-10-14,0.55,0.55,0.55,0.55,400,0
2014-10-15,0.55,0.55,0.53,0.53,2950,0
2014-10-17,0.5,0.5,0.4,0.41,25582,0
2014-10-20,0.4,0.4,0.35,0.38,86222,0
2014-10-21,0.38,0.45,0.36,0.36,41561,0
2014-10-22,0.41,0.45,0.38,0.42,55775,0
2014-10-23,0.44,0.52,0.44,0.47,107266,0
2014-10-24,0.45,0.48,0.41,0.48,8074,0
2014-10-27,0.46,0.5,0.46,0.49,3942,0
2014-10-28,0.52,0.58,0.49,0.58,56100,0
2014-10-29,0.58,0.65,0.58,0.65,20810,0
2014-10-30,0.62,0.73,0.59,0.73,40527,0
2014-10-31,0.77,0.77,0.74,0.77,2023,0
2014-11-03,0.84,0.84,0.84,0.84,270,0
2014-11-04,0.84,0.96,0.8,0.91,5850,0
2014-11-05,0.93,0.96,0.78,0.92,14895,0
2014-11-06,0.8,0.94,0.8,0.94,8970,0
2014-11-07,0.94,0.94,0.94,0.94,15,0
2014-11-10,0.94,0.95,0.8,0.87,6011,0
2014-11-12,0.8,0.94,0.8,0.94,6786,0
2014-11-13,0.93,0.93,0.75,0.82,3670,0
2014-11-14,0.75,0.9,0.6,0.9,9101,0
2014-11-17,0.92,0.92,0.8,0.89,4750,0
2014-11-18,0.8,0.92,0.8,0.9,7911,0
2014-11-19,0.82,0.91,0.74,0.87,15152,0
2014-11-20,0.85,0.85,0.79,0.85,1600,0
2014-11-24,0.83,0.9,0.83,0.89,6810,0
2014-11-25,0.89,0.91,0.84,0.91,1336,0
2014-11-26,0.91,0.91,0.75,0.88,15411,0
2014-11-27,0.83,0.83,0.77,0.8,5792,0
2014-11-28,0.8,0.85,0.8,0.85,1408,0
2014-12-01,0.84,0.84,0.84,0.84,50,0
2014-12-02,0.84,0.85,0.77,0.85,17100,0
2014-12-03,0.85,0.85,0.75,0.82,11135,0
2014-12-04,0.82,0.82,0.82,0.82,15,0
2014-12-05,0.76,0.82,0.72,0.82,5350,0
2014-12-08,0.82,0.82,0.82,0.82,50,0
2014-12-09,0.82,0.83,0.73,0.83,34453,0
2014-12-10,0.81,0.96,0.81,0.96,14761,0
2014-12-11,0.95,0.95,0.76,0.81,49125,0
2014-12-12,0.77,0.79,0.62,0.71,168553,0
2014-12-15,0.71,0.8,0.7,0.8,11570,0
2014-12-17,0.78,0.79,0.78,0.79,460,0
2014-12-18,0.78,0.79,0.71,0.71,2050,0
2014-12-19,0.75,0.81,0.75,0.81,2370,0
2014-12-22,0.84,0.84,0.78,0.82,3439,0
2014-12-23,0.82,0.82,0.66,0.75,105150,0
2014-12-29,0.76,0.82,0.63,0.72,4740,0
2014-12-30,0.71,0.8,0.7,0.8,10750,0
2015-01-02,0.81,0.81,0.74,0.74,4200,0
2015-01-05,0.75,0.76,0.75,0.76,140,0
2015-01-07,0.78,0.78,0.78,0.78,5,0
2015-01-09,0.74,0.74,0.73,0.73,200,0
2015-01-12,0.72,0.75,0.7,0.75,2105,0
2015-01-14,0.7,0.73,0.69,0.73,205,0
2015-01-20,0.71,0.71,0.66,0.69,1024,0
2015-01-21,0.69,0.72,0.69,0.72,1595,0
2015-01-22,0.7,0.73,0.7,0.73,100,0
2015-01-23,0.73,0.81,0.72,0.81,4656,0
2015-01-28,0.78,0.79,0.73,0.77,5474,0
2015-01-29,0.78,0.78,0.78,0.78,200,0
2015-01-30,0.77,0.79,0.65,0.77,10793,0
2015-02-02,0.8,0.8,0.8,0.8,5,0
2015-02-03,0.76,0.79,0.75,0.79,205,0
2015-02-04,0.75,0.79,0.75,0.79,155,0
2015-02-05,0.73,0.73,0.73,0.73,150,0
2015-02-06,0.75,0.75,0.7,0.73,2065,0
2015-02-09,0.73,0.73,0.73,0.73,124,0
2015-02-12,0.73,0.8,0.73,0.8,840,0
2015-02-13,0.8,0.82,0.8,0.82,1705,0
2015-02-16,0.82,0.82,0.74,0.82,5045,0
2015-02-18,0.75,0.78,0.75,0.78,260,0
2015-02-19,0.74,0.74,0.71,0.74,1205,0
2015-02-20,0.74,0.75,0.71,0.71,1055,0
2015-02-23,0.71,0.71,0.68,0.71,395,0
2015-02-24,0.71,0.74,0.67,0.74,8520,0
2015-02-25,0.74,0.74,0.67,0.7,6604,0
2015-02-27,0.7,0.7,0.7,0.7,5,0
2015-03-02,0.7,0.7,0.7,0.7,33,0
2015-03-04,0.7,0.7,0.7,0.7,28,0
2015-03-06,0.7,0.71,0.7,0.71,159,0
2015-03-09,0.71,0.72,0.71,0.72,130,0
2015-03-10,0.72,0.73,0.69,0.71,134,0
2015-03-11,0.71,0.72,0.71,0.72,100,0
2015-03-13,0.69,0.69,0.64,0.66,5281,0
2015-03-18,0.65,0.78,0.65,0.77,11581,0
2015-03-19,0.76,0.76,0.71,0.71,1950,0
2015-03-20,0.71,0.71,0.71,0.71,15,0
2015-03-23,0.7,0.7,0.7,0.7,20,0
2015-03-24,0.68,0.68,0.68,0.68,2188,0
2015-03-25,0.66,0.66,0.65,0.65,1630,0
2015-03-26,0.65,0.66,0.62,0.66,10725,0
2015-03-27,0.66,0.66,0.66,0.66,250,0
2015-03-30,0.66,0.7,0.66,0.7,3730,0
2015-03-31,0.7,0.72,0.7,0.7,255,0
2015-04-01,0.72,0.72,0.72,0.72,75,0
2015-04-07,0.7,0.71,0.64,0.71,27942,0
2015-04-08,0.7,0.7,0.7,0.7,30,0
2015-04-09,0.7,0.72,0.7,0.72,470,0
2015-04-10,0.7,0.77,0.7,0.77,2250,0
2015-04-14,0.73,0.75,0.73,0.75,85,0
2015-04-15,0.75,0.76,0.75,0.76,200,0
2015-04-16,0.75,0.75,0.75,0.75,100,0
2015-04-17,0.75,0.75,0.69,0.69,2833,0
2015-04-20,0.69,0.7,0.64,0.7,4165,0
2015-04-21,0.68,0.68,0.66,0.68,209,0
2015-04-22,0.68,0.77,0.67,0.77,9500,0
2015-04-23,0.73,0.73,0.73,0.73,250,0
2015-04-24,0.73,0.73,0.73,0.73,250,0
2015-04-27,0.73,0.73,0.73,0.73,150,0
2015-04-28,0.72,0.73,0.71,0.72,695,0
2015-04-29,0.73,0.73,0.73,0.73,150,0
2015-04-30,0.73,0.73,0.72,0.73,800,0
2015-05-04,0.73,0.86,0.7,0.86,20900,0
2015-05-05,0.85,0.85,0.85,0.85,100,0
2015-05-06,0.82,0.95,0.82,0.9,9876,0
2015-05-07,0.9,0.9,0.9,0.9,289,0
2015-05-08,0.9,0.9,0.85,0.89,3000,0
2015-05-11,0.88,0.88,0.88,0.88,200,0
2015-05-12,0.85,0.95,0.73,0.95,22085,0
2015-05-13,0.89,0.93,0.85,0.93,2420,0
2015-05-14,0.88,1.26,0.88,1.25,25767,0
2015-05-15,1.24,1.45,1.24,1.38,30353,0
2015-05-18,1.39,1.39,1.12,1.24,3722,0
2015-05-19,1.13,1.35,1.11,1.35,2750,0
2015-05-21,1.18,1.38,1.18,1.38,2675,0
2015-05-22,1.38,1.38,1.11,1.33,12270,0
2015-05-25,1.25,1.25,1.12,1.23,3140,0
2015-05-26,1.24,1.24,1.11,1.22,4253,0
2015-05-27,1.2,1.2,1.2,1.2,250,0
2015-05-28,1.2,1.2,1.06,1.2,1500,0
2015-05-29,1.11,1.2,1.07,1.2,1445,0
2015-06-01,1.2,1.2,1.2,1.2,646,0
2015-06-02,1.19,1.19,0.97,1.08,5190,0
2015-06-03,0.95,1.08,0.93,1.08,1150,0
2015-06-05,0.96,1,0.86,1,2855,0
2015-06-08,0.95,0.95,0.77,0.87,18121,0
2015-06-09,0.8,0.84,0.77,0.84,18049,0
2015-06-11,0.81,0.88,0.81,0.88,6510,0
2015-06-15,0.81,0.81,0.76,0.76,1360,0
2015-06-16,0.76,0.79,0.75,0.79,122,0
2015-06-17,0.77,0.77,0.63,0.69,46227,0
2015-06-18,0.69,0.69,0.64,0.64,3722,0
2015-06-19,0.64,0.64,0.54,0.6,36318,0
2015-06-22,0.6,0.63,0.6,0.63,1200,0
2015-06-23,0.57,0.66,0.54,0.66,3767,0
2015-06-24,0.62,0.62,0.55,0.62,10301,0
2015-06-25,0.62,0.62,0.62,0.62,200,0
2015-06-26,0.62,0.62,0.57,0.61,301,0
2015-06-29,0.62,0.62,0.62,0.62,50,0
2015-06-30,0.62,0.7,0.6,0.7,13450,0
2015-07-01,0.69,0.69,0.59,0.69,16724,0
2015-07-02,0.69,0.8,0.57,0.72,48702,0
2015-07-03,0.78,0.78,0.63,0.75,24700,0
2015-07-06,0.7,0.77,0.7,0.77,1750,0
2015-07-07,0.75,0.75,0.68,0.68,4677,0
2015-07-08,0.66,0.72,0.54,0.6,30678,0
2015-07-09,0.57,0.6,0.46,0.53,29904,0
2015-07-10,0.52,0.54,0.45,0.5,35910,0
2015-07-13,0.5,0.54,0.5,0.54,2902,0
2015-07-14,0.54,0.55,0.54,0.55,5002,0
2015-07-15,0.55,0.56,0.55,0.56,110,0
2015-07-16,0.56,0.56,0.5,0.56,2939,0
2015-07-17,0.5,0.55,0.5,0.55,5238,0
2015-07-20,0.55,0.56,0.55,0.56,100,0
2015-07-22,0.55,0.55,0.51,0.55,601,0
2015-07-23,0.55,0.56,0.5,0.56,2502,0
2015-07-24,0.54,0.59,0.54,0.59,5046,0
2015-07-27,0.6,0.6,0.6,0.6,259,0
2015-07-28,0.56,0.56,0.52,0.55,4501,0
2015-07-29,0.5,0.55,0.43,0.44,132106,0
2015-07-30,0.45,0.45,0.43,0.45,7524,0
2015-07-31,0.44,0.44,0.4,0.44,4302,0
2015-08-03,0.45,0.45,0.42,0.45,4401,0
2015-08-04,0.45,0.45,0.42,0.45,4250,0
2015-08-05,0.45,0.45,0.45,0.45,85,0
2015-08-06,0.44,0.45,0.4,0.4,13607,0
2015-08-07,0.4,0.42,0.4,0.42,1175,0
2015-08-10,0.42,0.42,0.42,0.42,100,0
2015-08-11,0.41,0.49,0.41,0.49,27909,0
2015-08-12,0.49,0.51,0.41,0.45,5521,0
2015-08-13,0.42,0.45,0.4,0.45,20528,0
2015-08-14,0.45,0.45,0.41,0.41,700,0
2015-08-17,0.4,0.4,0.39,0.39,3975,0
2015-08-18,0.43,0.43,0.43,0.43,1,0
2015-08-20,0.41,0.43,0.41,0.43,201,0
2015-08-24,0.4,0.43,0.38,0.38,10703,0
2015-08-25,0.37,0.4,0.37,0.4,1101,0
2015-08-26,0.42,0.42,0.42,0.42,100,0
2015-08-27,0.42,0.42,0.42,0.42,100,0
2015-08-28,0.42,0.42,0.42,0.42,400,0
2015-08-31,0.42,0.42,0.42,0.42,200,0
2015-09-01,0.42,0.42,0.42,0.42,100,0
2015-09-02,0.42,0.43,0.42,0.43,2332,0
2015-09-03,0.43,0.43,0.43,0.43,200,0
2015-09-07,0.43,0.43,0.43,0.43,200,0
2015-09-08,0.43,0.43,0.39,0.42,360,0
2015-09-09,0.43,0.43,0.43,0.43,100,0
2015-09-10,0.42,0.42,0.42,0.42,100,0
2015-09-11,0.42,0.44,0.42,0.44,577,0
2015-09-14,0.44,0.44,0.44,0.44,95,0
2015-09-15,0.42,0.44,0.42,0.44,260,0
2015-09-16,0.44,0.52,0.44,0.52,23068,0
2015-09-17,0.55,0.55,0.5,0.55,3987,0
2015-09-18,0.55,0.55,0.5,0.55,4200,0
2015-09-21,0.54,0.58,0.54,0.56,1252,0
2015-09-22,0.57,0.58,0.5,0.54,8031,0
2015-09-25,0.51,0.53,0.46,0.52,12606,0
2015-09-28,0.51,0.52,0.49,0.52,1701,0
2015-09-29,0.49,0.52,0.49,0.52,451,0
2015-09-30,0.52,0.53,0.52,0.53,250,0
2015-10-01,0.52,0.52,0.5,0.52,1750,0
2015-10-02,0.52,0.52,0.51,0.52,350,0
2015-10-05,0.52,0.52,0.45,0.47,3431,0
2015-10-06,0.45,0.45,0.41,0.43,6602,0
2015-10-07,0.4,0.41,0.33,0.39,39202,0
2015-10-08,0.39,0.4,0.36,0.4,8714,0
2015-10-09,0.4,0.4,0.38,0.4,426,0
2015-10-12,0.4,0.42,0.4,0.42,77507,0
2015-10-14,0.42,0.42,0.42,0.42,3306,0
2015-10-15,0.42,0.46,0.41,0.46,7681,0
2015-10-16,0.44,0.45,0.39,0.43,9153,0
2015-10-19,0.44,0.44,0.4,0.43,3101,0
2015-10-20,0.4,0.42,0.36,0.42,8002,0
2015-10-21,0.38,0.38,0.38,0.38,500,0
2015-10-22,0.38,0.41,0.38,0.41,501,0
2015-10-27,0.41,0.41,0.38,0.4,2151,0
2015-10-28,0.4,0.42,0.38,0.41,20068,0
2015-10-29,0.4,0.4,0.4,0.4,200,0
2015-11-03,0.41,0.41,0.41,0.41,1,0
2015-11-04,0.41,0.41,0.4,0.4,400,0
2015-11-05,0.41,0.41,0.41,0.41,200,0
2015-11-06,0.39,0.39,0.38,0.38,249,0
2015-11-09,0.37,0.39,0.37,0.39,151,0
2015-11-10,0.38,0.42,0.38,0.42,656,0
2015-11-12,0.41,0.42,0.41,0.42,871,0
2015-11-13,0.41,0.42,0.4,0.41,5152,0
2015-11-16,0.41,0.45,0.4,0.45,5659,0
2015-11-17,0.45,0.45,0.45,0.45,1,0
2015-11-18,0.45,0.45,0.36,0.36,24135,0
2015-11-19,0.37,0.43,0.37,0.41,6631,0
2015-11-20,0.41,0.41,0.36,0.4,2601,0
2015-11-23,0.41,0.42,0.41,0.41,2201,0
2015-11-24,0.4,0.4,0.4,0.4,100,0
2015-11-25,0.41,0.41,0.38,0.4,200,0
2015-11-27,0.41,0.41,0.41,0.41,100,0
2015-11-30,0.41,0.41,0.41,0.41,100,0
2015-12-01,0.41,0.41,0.41,0.41,100,0
2015-12-02,0.41,0.41,0.41,0.41,50,0
2015-12-03,0.41,0.41,0.41,0.41,50,0
2015-12-04,0.41,0.41,0.41,0.41,100,0
2015-12-07,0.41,0.41,0.41,0.41,50,0
2015-12-08,0.4,0.43,0.4,0.43,10000,0
2015-12-09,0.43,0.43,0.43,0.43,100,0
2015-12-11,0.43,0.43,0.43,0.43,100,0
2015-12-14,0.43,0.43,0.42,0.42,1529,0
2015-12-15,0.42,0.42,0.38,0.41,571,0
2015-12-16,0.4,0.4,0.38,0.39,65219,0
2015-12-17,0.4,0.4,0.38,0.4,50301,0
2015-12-18,0.4,0.4,0.4,0.4,100,0
2015-12-21,0.4,0.4,0.37,0.39,311,0
2015-12-22,0.39,0.4,0.39,0.4,250,0
2015-12-23,0.4,0.41,0.4,0.4,5524,0
2015-12-28,0.41,0.41,0.41,0.41,1,0
2015-12-29,0.41,0.46,0.41,0.44,13519,0
2015-12-30,0.44,0.44,0.42,0.43,1191,0
2016-01-04,0.44,0.44,0.42,0.44,1353,0
2016-01-08,0.38,0.43,0.38,0.43,961,0
2016-01-11,0.42,0.42,0.42,0.42,30,0
2016-01-12,0.42,0.42,0.42,0.42,30,0
2016-01-13,0.42,0.42,0.42,0.42,30,0
2016-01-14,0.42,0.42,0.42,0.42,30,0
2016-01-15,0.42,0.42,0.42,0.42,25,0
2016-01-18,0.42,0.42,0.42,0.42,25,0
2016-01-19,0.42,0.42,0.42,0.42,25,0
2016-01-20,0.42,0.42,0.38,0.39,3709,0
2016-01-22,0.38,0.4,0.38,0.4,251,0
2016-01-25,0.38,0.4,0.38,0.4,3,0
2016-01-27,0.41,0.41,0.41,0.41,50,0
2016-01-28,0.41,0.41,0.41,0.41,100,0
2016-01-29,0.4,0.4,0.4,0.4,200,0
2016-02-01,0.4,0.4,0.39,0.4,235,0
2016-02-03,0.41,0.41,0.41,0.41,100,0
2016-02-04,0.41,0.41,0.41,0.41,100,0
2016-02-05,0.41,0.41,0.41,0.41,50,0
2016-02-08,0.41,0.41,0.41,0.41,100,0
2016-02-09,0.41,0.41,0.41,0.41,100,0
2016-02-10,0.41,0.41,0.41,0.41,50,0
2016-02-11,0.41,0.41,0.41,0.41,50,0
2016-02-12,0.41,0.41,0.36,0.39,12860,0
2016-02-15,0.39,0.39,0.39,0.39,50,0
2016-02-16,0.41,0.47,0.4,0.47,20734,0
2016-02-17,0.47,0.51,0.47,0.47,18877,0
2016-02-18,0.47,0.47,0.47,0.47,630,0
2016-02-19,0.47,0.47,0.46,0.47,5614,0
2016-02-22,0.47,0.47,0.47,0.47,105,0
2016-02-23,0.46,0.47,0.46,0.47,18944,0
2016-02-24,0.47,0.47,0.46,0.46,510,0
2016-02-25,0.47,0.47,0.47,0.47,100,0
2016-02-26,0.45,0.46,0.45,0.46,3673,0
2016-02-29,0.45,0.47,0.45,0.47,10161,0
2016-03-01,0.47,0.47,0.47,0.47,100,0
2016-03-02,0.45,0.47,0.45,0.47,101,0
2016-03-04,0.5,0.5,0.5,0.5,100,0
2016-03-07,0.5,0.5,0.5,0.5,100,0
2016-03-08,0.49,0.49,0.49,0.49,100,0
2016-03-09,0.49,0.49,0.49,0.49,100,0
2016-03-10,0.49,0.49,0.48,0.49,4100,0
2016-03-11,0.49,0.49,0.49,0.49,100,0
2016-03-14,0.49,0.49,0.49,0.49,100,0
2016-03-15,0.49,0.49,0.49,0.49,100,0
2016-03-16,0.49,0.49,0.49,0.49,100,0
2016-03-17,0.49,0.49,0.45,0.47,8993,0
2016-03-22,0.47,0.47,0.45,0.45,570,0
2016-03-23,0.45,0.47,0.45,0.47,1652,0
2016-03-24,0.47,0.47,0.47,0.47,1,0
2016-03-29,0.47,0.48,0.47,0.48,151,0
2016-03-30,0.49,0.49,0.49,0.49,250,0
2016-03-31,0.49,0.49,0.49,0.49,250,0
2016-04-01,0.49,0.49,0.49,0.49,150,0
2016-04-04,0.52,0.58,0.52,0.57,22992,0
2016-04-05,0.56,0.56,0.56,0.56,150,0
2016-04-06,0.56,0.56,0.56,0.56,100,0
2016-04-07,0.55,0.55,0.55,0.55,250,0
2016-04-08,0.54,0.54,0.54,0.54,250,0
2016-04-11,0.54,0.54,0.54,0.54,100,0
2016-04-12,0.54,0.54,0.51,0.53,5369,0
2016-04-13,0.53,0.54,0.52,0.54,301,0
2016-04-14,0.54,0.58,0.54,0.56,2101,0
2016-04-15,0.56,0.58,0.56,0.58,250,0
2016-04-18,0.57,0.57,0.57,0.57,250,0
2016-04-19,0.56,0.57,0.56,0.57,402,0
2016-04-20,0.57,0.57,0.55,0.56,3503,0
2016-04-21,0.56,0.56,0.56,0.56,150,0
2016-04-22,0.52,0.58,0.51,0.58,15114,0
2016-04-25,0.56,0.56,0.53,0.55,1750,0
2016-04-26,0.56,0.56,0.56,0.56,100,0
2016-04-27,0.56,0.56,0.56,0.56,100,0
2016-04-29,0.56,0.56,0.56,0.56,100,0
2016-05-02,0.56,0.56,0.55,0.56,365,0
2016-05-04,0.56,0.57,0.56,0.57,250,0
2016-05-05,0.57,0.57,0.57,0.57,4,0
2016-05-09,0.56,0.57,0.56,0.57,256,0
2016-05-10,0.56,0.56,0.56,0.56,100,0
2016-05-11,0.56,0.56,0.56,0.56,100,0
2016-05-12,0.56,0.56,0.56,0.56,100,0
2016-05-13,0.55,0.55,0.5,0.55,1446,0
2016-05-16,0.55,0.55,0.54,0.55,352,0
2016-05-17,0.55,0.55,0.52,0.52,264,0
2016-05-19,0.52,0.52,0.52,0.52,150,0
2016-05-23,0.54,0.55,0.53,0.55,251,0
2016-05-24,0.55,0.55,0.55,0.55,100,0
2016-05-25,0.55,0.55,0.52,0.53,5300,0
2016-05-27,0.55,0.55,0.55,0.55,21,0
2016-05-30,0.55,0.55,0.5,0.5,3426,0
2016-05-31,0.54,0.54,0.5,0.5,1202,0
2016-06-01,0.53,0.53,0.51,0.51,101,0
2016-06-02,0.53,0.53,0.53,0.53,1,0
2016-06-03,0.53,0.53,0.53,0.53,100,0
2016-06-06,0.53,0.53,0.5,0.52,43097,0
2016-06-07,0.5,0.51,0.49,0.5,303,0
2016-06-08,0.5,0.51,0.48,0.51,1626,0
2016-06-09,0.5,0.51,0.5,0.51,251,0
2016-06-10,0.5,0.51,0.49,0.49,551,0
2016-06-13,0.48,0.48,0.48,0.48,765,0
2016-06-14,0.49,0.5,0.49,0.5,101,0
2016-06-15,0.5,0.5,0.5,0.5,25,0
2016-06-16,0.5,0.5,0.5,0.5,25,0
2016-06-17,0.5,0.5,0.5,0.5,30,0
2016-06-20,0.49,0.5,0.49,0.5,101,0
2016-06-21,0.5,0.5,0.5,0.5,100,0
2016-06-22,0.49,0.5,0.49,0.5,101,0
2016-06-23,0.49,0.5,0.49,0.5,201,0
2016-06-24,0.49,0.5,0.49,0.5,201,0
2016-06-27,0.49,0.49,0.49,0.49,301,0
2016-06-28,0.49,0.49,0.49,0.49,100,0
2016-06-29,0.49,0.49,0.49,0.49,100,0
2016-06-30,0.49,0.49,0.49,0.49,100,0
2016-07-01,0.49,0.5,0.49,0.5,100,0
2016-07-04,0.5,0.5,0.5,0.5,100,0
2016-07-05,0.5,0.5,0.5,0.5,100,0
2016-07-06,0.5,0.5,0.5,0.5,100,0
2016-07-07,0.5,0.5,0.5,0.5,50,0
2016-07-08,0.5,0.5,0.5,0.5,100,0
2016-07-11,0.5,0.5,0.49,0.5,201,0
2016-07-12,0.5,0.51,0.5,0.51,299,0
2016-07-13,0.51,0.51,0.5,0.51,351,0
2016-07-14,0.51,0.51,0.51,0.51,30,0
2016-07-15,0.51,0.51,0.51,0.51,25,0
2016-07-18,0.51,0.51,0.51,0.51,30,0
2016-07-19,0.51,0.52,0.51,0.52,1611,0
2016-07-20,0.52,0.52,0.52,0.52,50,0
2016-07-21,0.52,0.52,0.52,0.52,15,0
2016-07-22,0.52,0.52,0.52,0.52,30,0
2016-07-25,0.52,0.52,0.52,0.52,100,0
2016-07-26,0.52,0.52,0.52,0.52,100,0
2016-07-27,0.52,0.52,0.52,0.52,150,0
2016-07-28,0.52,0.52,0.52,0.52,100,0
2016-07-29,0.52,0.52,0.52,0.52,100,0
2016-08-01,0.52,0.52,0.52,0.52,100,0
2016-08-02,0.52,0.52,0.52,0.52,200,0
2016-08-03,0.52,0.52,0.43,0.45,5111,0
2016-08-05,0.45,0.5,0.45,0.5,2705,0
2016-08-08,0.5,0.5,0.44,0.48,806,0
2016-08-10,0.48,0.48,0.42,0.48,10952,0
2016-08-11,0.48,0.48,0.48,0.48,200,0
2016-08-12,0.48,0.48,0.48,0.48,100,0
2016-08-16,0.48,0.48,0.48,0.48,200,0
2016-08-17,0.48,0.48,0.48,0.48,200,0
2016-08-18,0.48,0.48,0.48,0.48,200,0
2016-08-19,0.48,0.48,0.48,0.48,200,0
2016-08-22,0.48,0.48,0.48,0.48,100,0
2016-08-23,0.48,0.48,0.48,0.48,200,0
2016-08-24,0.47,0.47,0.47,0.47,200,0
2016-08-25,0.44,0.46,0.41,0.46,1502,0
2016-08-26,0.43,0.45,0.41,0.41,3358,0
2016-08-30,0.42,0.42,0.41,0.41,4100,0
2016-09-06,0.44,0.44,0.39,0.39,4600,0
2016-09-07,0.39,0.39,0.39,0.39,100,0
2016-09-08,0.39,0.39,0.39,0.39,100,0
2016-09-09,0.39,0.39,0.39,0.39,100,0
2016-09-15,0.42,0.43,0.42,0.43,4709,0
2016-09-23,0.43,0.43,0.42,0.42,200,0
2016-09-26,0.41,0.41,0.41,0.41,100,0
2016-09-27,0.42,0.42,0.4,0.4,6100,0
2016-09-29,0.4,0.4,0.38,0.38,4920,0
2016-10-03,0.37,0.37,0.37,0.37,180,0
2016-10-04,0.36,0.36,0.36,0.36,100,0
2016-10-05,0.36,0.41,0.36,0.41,2613,0
2016-10-06,0.4,0.4,0.4,0.4,100,0
2016-10-10,0.4,0.4,0.4,0.4,30,0
2016-10-11,0.41,0.41,0.4,0.41,12955,0
2016-10-12,0.41,0.41,0.4,0.4,2020,0
2016-10-17,0.4,0.4,0.4,0.4,100,0
2016-10-18,0.4,0.4,0.4,0.4,100,0
2016-10-19,0.4,0.4,0.4,0.4,1144,0
2016-10-20,0.4,0.47,0.4,0.41,11594,0
2016-10-21,0.41,0.45,0.41,0.43,7463,0
2016-10-24,0.45,0.5,0.45,0.5,7600,0
2016-10-25,0.5,0.5,0.5,0.5,2356,0
2016-10-27,0.5,0.5,0.5,0.5,100,0
2016-10-28,0.5,0.5,0.5,0.5,100,0
2016-11-02,0.46,0.46,0.44,0.44,1000,0
2016-11-03,0.44,0.44,0.44,0.44,250,0
2016-11-07,0.47,0.53,0.44,0.44,7380,0
2016-11-08,0.44,0.44,0.44,0.44,100,0
2016-11-09,0.44,0.44,0.41,0.42,3650,0
2016-11-10,0.44,0.44,0.44,0.44,100,0
2016-11-14,0.44,0.44,0.44,0.44,2900,0
2016-11-15,0.46,0.46,0.46,0.46,100,0
2016-11-16,0.46,0.46,0.46,0.46,100,0
2016-11-17,0.46,0.46,0.46,0.46,100,0
2016-11-18,0.46,0.46,0.44,0.44,120,0
2016-11-22,0.46,0.46,0.4,0.43,6030,0
2016-11-23,0.43,0.43,0.42,0.43,1250,0
2016-11-24,0.43,0.43,0.43,0.43,100,0
2016-11-25,0.43,0.43,0.43,0.43,100,0
2016-11-28,0.43,0.43,0.43,0.43,50,0
2016-11-29,0.43,0.43,0.43,0.43,100,0
2016-11-30,0.43,0.43,0.42,0.43,1050,0
2016-12-01,0.43,0.43,0.43,0.43,200,0
2016-12-02,0.43,0.43,0.43,0.43,100,0
2016-12-05,0.43,0.43,0.43,0.43,100,0
2016-12-06,0.43,0.43,0.42,0.43,1250,0
2016-12-08,0.42,0.42,0.42,0.42,63,0
2016-12-09,0.4,0.46,0.4,0.46,1940,0
2016-12-12,0.46,0.46,0.46,0.46,50,0
2016-12-13,0.46,0.46,0.46,0.46,50,0
2016-12-14,0.46,0.46,0.46,0.46,50,0
2016-12-15,0.46,0.48,0.45,0.48,3100,0
2016-12-16,0.49,0.49,0.49,0.49,50,0
2016-12-19,0.49,0.49,0.49,0.49,100,0
2016-12-20,0.45,0.45,0.43,0.43,2000,0
2016-12-21,0.42,0.43,0.42,0.42,1250,0
2016-12-22,0.42,0.44,0.42,0.44,1748,0
2016-12-27,0.43,0.5,0.43,0.5,16900,0
2016-12-28,0.53,0.53,0.48,0.48,8697,0
2017-01-04,0.48,0.48,0.46,0.46,1197,0
2017-01-09,0.44,0.44,0.44,0.44,100,0
2017-01-10,0.44,0.52,0.44,0.52,17792,0
2017-01-12,0.52,0.52,0.48,0.48,100,0
2017-01-13,0.52,0.52,0.52,0.52,50,0
2017-01-16,0.52,0.52,0.52,0.52,100,0
2017-01-17,0.52,0.54,0.51,0.52,5100,0
2017-01-18,0.54,0.56,0.44,0.55,33300,0
2017-01-19,0.54,0.54,0.54,0.54,25,0
2017-01-20,0.54,0.54,0.54,0.54,50,0
2017-01-23,0.54,0.54,0.48,0.48,550,0
2017-01-24,0.46,0.46,0.45,0.45,2909,0
2017-01-25,0.45,0.47,0.45,0.47,2150,0
2017-01-26,0.47,0.47,0.46,0.46,200,0
2017-01-27,0.47,0.47,0.46,0.46,200,0
2017-01-30,0.47,0.47,0.46,0.46,250,0
2017-01-31,0.47,0.47,0.47,0.47,4527,0
2017-02-06,0.48,0.52,0.48,0.52,2000,0
2017-02-07,0.52,0.52,0.51,0.51,150,0
2017-02-08,0.52,0.52,0.52,0.52,50,0
2017-02-09,0.52,0.52,0.52,0.52,50,0
2017-02-10,0.52,0.52,0.52,0.52,55,0
2017-02-14,0.53,0.53,0.53,0.53,100,0
2017-02-15,0.51,0.51,0.48,0.48,2000,0
2017-02-17,0.47,0.47,0.47,0.47,55,0
2017-02-20,0.47,0.47,0.47,0.47,50,0
2017-02-23,0.47,0.47,0.4,0.42,28685,0
2017-02-24,0.4,0.44,0.4,0.44,9007,0
2017-02-27,0.44,0.44,0.44,0.44,100,0
2017-02-28,0.44,0.44,0.44,0.44,100,0
2017-03-01,0.43,0.44,0.43,0.44,5160,0
2017-03-02,0.45,0.45,0.45,0.45,1131,0
2017-03-03,0.46,0.46,0.45,0.45,600,0
2017-03-06,0.47,0.47,0.47,0.47,50,0
2017-03-07,0.47,0.47,0.43,0.43,2950,0
2017-03-08,0.43,0.43,0.43,0.43,800,0
2017-03-09,0.43,0.43,0.43,0.43,100,0
2017-03-10,0.43,0.44,0.43,0.44,200,0
2017-03-14,0.44,0.44,0.44,0.44,100,0
2017-03-15,0.45,0.46,0.45,0.46,1000,0
2017-03-16,0.47,0.47,0.47,0.47,50,0
2017-03-17,0.47,0.47,0.46,0.47,368,0
2017-03-20,0.47,0.47,0.46,0.47,2000,0
2017-03-21,0.47,0.47,0.47,0.47,100,0
2017-03-22,0.47,0.47,0.47,0.47,100,0
2017-03-23,0.47,0.47,0.47,0.47,100,0
2017-03-24,0.47,0.47,0.47,0.47,100,0
2017-03-27,0.47,0.47,0.47,0.47,100,0
2017-03-28,0.47,0.47,0.47,0.47,100,0
2017-03-29,0.47,0.47,0.44,0.44,3631,0
2017-03-30,0.44,0.44,0.43,0.43,1000,0
2017-03-31,0.43,0.43,0.43,0.43,100,0
2017-04-03,0.43,0.43,0.43,0.43,100,0
2017-04-04,0.43,0.43,0.43,0.43,50,0
2017-04-05,0.44,0.44,0.43,0.44,1875,0
2017-04-06,0.44,0.44,0.44,0.44,300,0
2017-04-18,0.46,0.46,0.46,0.46,100,0
2017-04-19,0.44,0.44,0.44,0.44,100,0
2017-04-20,0.43,0.43,0.43,0.43,350,0
2017-04-21,0.43,0.46,0.43,0.46,330,0
2017-04-24,0.46,0.46,0.43,0.43,5779,0
2017-04-26,0.43,0.43,0.43,0.43,100,0
2017-04-27,0.43,0.43,0.43,0.43,100,0
2017-05-04,0.45,0.45,0.45,0.45,100,0
2017-05-05,0.44,0.44,0.44,0.44,100,0
2017-05-08,0.43,0.43,0.43,0.43,100,0
2017-05-09,0.43,0.43,0.43,0.43,220,0
2017-05-10,0.43,0.43,0.43,0.43,100,0
2017-05-11,0.43,0.43,0.43,0.43,100,0
2017-05-12,0.43,0.43,0.42,0.42,5207,0
2017-05-15,0.43,0.43,0.43,0.43,100,0
2017-05-16,0.42,0.42,0.4,0.41,600,0
2017-05-17,0.41,0.41,0.41,0.41,100,0
2017-05-19,0.41,0.41,0.41,0.41,100,0
2017-05-22,0.4,0.4,0.4,0.4,100,0
2017-05-23,0.38,0.38,0.38,0.38,100,0
2017-05-24,0.38,0.38,0.38,0.38,250,0
2017-05-25,0.38,0.38,0.38,0.38,100,0
2017-05-26,0.38,0.38,0.38,0.38,550,0
2017-05-29,0.39,0.39,0.39,0.39,100,0
2017-05-30,0.39,0.39,0.39,0.39,100,0
2017-05-31,0.39,0.39,0.39,0.39,100,0
2017-06-01,0.39,0.39,0.39,0.39,100,0
2017-06-02,0.38,0.38,0.38,0.38,100,0
2017-06-05,0.37,0.37,0.33,0.33,6700,0
2017-06-06,0.36,0.36,0.33,0.33,1766,0
2017-06-07,0.33,0.33,0.33,0.33,100,0
2017-06-08,0.33,0.33,0.33,0.33,100,0
2017-06-09,0.33,0.33,0.33,0.33,100,0
2017-06-12,0.33,0.33,0.33,0.33,40,0
2017-06-13,0.33,0.33,0.33,0.33,100,0
2017-06-14,0.33,0.33,0.33,0.33,2860,0
2017-06-19,0.3,0.36,0.3,0.36,10468,0
2017-06-21,0.37,0.52,0.36,0.36,86125,0
2017-06-22,0.33,0.35,0.31,0.35,27100,0
2017-06-26,0.36,0.36,0.36,0.36,100,0
2017-06-27,0.36,0.36,0.36,0.36,100,0
2017-06-28,0.36,0.36,0.36,0.36,50,0
2017-06-29,0.36,0.47,0.35,0.36,30000,0
2017-06-30,0.35,0.35,0.35,0.35,100,0
2017-07-03,0.35,0.35,0.35,0.35,87,0
2017-07-04,0.37,0.39,0.35,0.35,3052,0
2017-07-05,0.35,0.35,0.35,0.35,187,0
2017-07-06,0.35,0.35,0.35,0.35,100,0
2017-07-07,0.35,0.35,0.35,0.35,87,0
2017-07-10,0.35,0.35,0.35,0.35,100,0
2017-07-11,0.35,0.35,0.35,0.35,87,0
2017-07-12,0.35,0.35,0.35,0.35,1205,0
2017-07-14,0.34,0.34,0.34,0.34,450,0
2017-07-18,0.33,0.33,0.33,0.33,100,0
2017-07-19,0.33,0.33,0.33,0.33,100,0
2017-07-20,0.33,0.33,0.33,0.33,100,0
2017-07-21,0.33,0.33,0.33,0.33,50,0
2017-07-25,0.34,0.34,0.33,0.33,800,0
2017-07-26,0.33,0.33,0.33,0.33,40,0
2017-07-27,0.33,0.33,0.33,0.33,100,0
2017-07-28,0.33,0.33,0.33,0.33,100,0
2017-08-01,0.33,0.33,0.33,0.33,50,0
2017-08-07,0.33,0.33,0.33,0.33,100,0
2017-08-09,0.33,0.39,0.33,0.39,6748,0
2017-08-10,0.4,0.4,0.39,0.4,1252,0
2017-08-11,0.4,0.4,0.4,0.4,100,0
2017-08-14,0.4,0.41,0.4,0.4,3005,0
2017-08-16,0.4,0.41,0.4,0.41,1757,0
2017-08-17,0.41,0.41,0.41,0.41,742,0
2017-08-18,0.43,0.43,0.43,0.43,100,0
2017-08-21,0.43,0.43,0.43,0.43,220,0
2017-08-22,0.43,0.43,0.43,0.43,100,0
2017-08-23,0.42,0.42,0.39,0.41,4330,0
2017-08-28,0.41,0.41,0.41,0.41,100,0
2017-08-29,0.41,0.41,0.41,0.41,100,0
2017-08-30,0.41,0.41,0.41,0.41,100,0
2017-08-31,0.41,0.41,0.41,0.41,100,0
2017-09-01,0.41,0.41,0.41,0.41,100,0
2017-09-04,0.41,0.41,0.41,0.41,100,0
2017-09-05,0.41,0.41,0.41,0.41,100,0
2017-09-06,0.41,0.41,0.41,0.41,50,0
2017-09-07,0.41,0.41,0.41,0.41,100,0
2017-09-08,0.41,0.41,0.41,0.41,100,0
2017-09-11,0.41,0.41,0.41,0.41,100,0
2017-09-12,0.41,0.41,0.41,0.41,50,0
2017-09-13,0.41,0.41,0.41,0.41,100,0
2017-09-14,0.41,0.41,0.41,0.41,100,0
2017-09-15,0.41,0.41,0.41,0.41,40,0
2017-09-18,0.41,0.41,0.41,0.41,30,0
2017-09-19,0.4,0.4,0.37,0.37,340,0
2017-09-20,0.37,0.37,0.37,0.37,40,0
2017-09-21,0.37,0.37,0.37,0.37,40,0
2017-09-22,0.37,0.37,0.37,0.37,40,0
2017-09-25,0.37,0.37,0.37,0.37,155,0
2017-09-27,0.38,0.38,0.35,0.35,3917,0
2017-09-28,0.35,0.35,0.35,0.35,3200,0
2017-09-29,0.35,0.35,0.35,0.35,1750,0
2017-10-02,0.35,0.35,0.34,0.34,650,0
2017-10-03,0.34,0.34,0.34,0.34,300,0
2017-10-04,0.34,0.34,0.34,0.34,750,0
2017-10-05,0.33,0.33,0.33,0.33,400,0
2017-10-06,0.33,0.33,0.33,0.33,400,0
2017-10-09,0.32,0.32,0.32,0.32,300,0
2017-10-10,0.32,0.32,0.32,0.32,600,0
2017-10-11,0.32,0.36,0.32,0.36,2444,0
2017-10-12,0.36,0.36,0.36,0.36,220,0
2017-10-13,0.32,0.32,0.31,0.31,4684,0
2017-10-16,0.31,0.31,0.31,0.31,200,0
2017-10-17,0.32,0.35,0.32,0.34,2000,0
2017-10-19,0.34,0.34,0.34,0.34,90,0
2017-10-25,0.32,0.32,0.31,0.31,1288,0
2017-10-26,0.34,0.34,0.34,0.34,100,0
2017-11-02,0.34,0.34,0.34,0.34,800,0
2017-11-06,0.31,0.31,0.31,0.31,2310,0
2017-11-07,0.31,0.31,0.31,0.31,200,0
2017-11-08,0.31,0.31,0.3,0.3,200,0
2017-11-09,0.28,0.31,0.28,0.31,1050,0
2017-11-10,0.31,0.32,0.31,0.31,2100,0
2017-11-13,0.31,0.33,0.31,0.32,1750,0
2017-11-14,0.31,0.31,0.31,0.31,200,0
2017-11-15,0.31,0.31,0.31,0.31,200,0
2017-11-16,0.32,0.32,0.32,0.32,200,0
2017-11-17,0.33,0.33,0.32,0.32,860,0
2017-11-20,0.33,0.37,0.33,0.35,3759,0
2017-11-21,0.35,0.35,0.35,0.35,220,0
2017-11-28,0.3,0.3,0.25,0.25,41410,0
2017-11-29,0.26,0.29,0.26,0.28,18395,0
2017-11-30,0.26,0.26,0.24,0.24,4500,0
2017-12-01,0.27,0.27,0.24,0.25,13642,0
2017-12-04,0.25,0.25,0.2,0.23,52212,0
2017-12-05,0.23,0.23,0.19,0.2,36901,0
2017-12-06,0.23,0.23,0.16,0.17,59291,0
2017-12-07,0.2,0.23,0.19,0.23,11756,0
2017-12-08,0.23,0.24,0.22,0.24,7312,0
2017-12-11,0.24,0.25,0.24,0.25,3835,0
2017-12-12,0.24,0.25,0.24,0.25,1168,0
2017-12-13,0.28,0.28,0.22,0.22,3741,0
2017-12-14,0.21,0.21,0.21,0.21,55,0
2017-12-15,0.21,0.22,0.18,0.22,21857,0
2017-12-18,0.22,0.22,0.22,0.22,2,0
2017-12-19,0.22,0.23,0.22,0.23,3781,0
2017-12-20,0.23,0.23,0.23,0.23,2,0
2017-12-21,0.28,0.28,0.23,0.28,3601,0
2017-12-22,0.28,0.28,0.28,0.28,2,0
2017-12-27,0.28,0.28,0.26,0.26,2,0
2017-12-28,0.28,0.28,0.28,0.28,107,0
2017-12-29,0.28,0.28,0.28,0.28,2,0
2018-01-03,0.3,0.3,0.28,0.28,2,0
2018-01-04,0.28,0.28,0.28,0.28,2,0
2018-01-05,0.28,0.28,0.23,0.28,8627,0
2018-01-08,0.28,0.28,0.28,0.28,8352,0
2018-01-09,0.28,0.28,0.28,0.28,2,0
2018-01-10,0.28,0.28,0.24,0.24,9001,0
2018-01-11,0.28,0.28,0.27,0.28,8058,0
2018-01-12,0.28,0.28,0.28,0.28,2,0
2018-01-15,0.28,0.28,0.28,0.28,2,0
2018-01-16,0.28,0.28,0.28,0.28,2,0
2018-01-17,0.28,0.28,0.28,0.28,2,0
2018-01-18,0.28,0.28,0.28,0.28,2,0
2018-01-19,0.28,0.28,0.22,0.22,9148,0
2018-01-22,0.22,0.22,0.22,0.22,2,0
2018-01-23,0.22,0.22,0.22,0.22,2,0
2018-01-24,0.22,0.22,0.22,0.22,2,0
2018-01-25,0.23,0.25,0.23,0.25,205,0
2018-01-30,0.28,0.28,0.28,0.28,2,0
2018-01-31,0.28,0.28,0.28,0.28,2,0
2018-02-01,0.28,0.28,0.24,0.24,3,0
2018-02-02,0.28,0.28,0.25,0.28,1002,0
2018-02-05,0.28,0.28,0.28,0.28,2,0
2018-02-06,0.28,0.28,0.28,0.28,2,0
2018-02-07,0.28,0.28,0.28,0.28,2,0
2018-02-08,0.28,0.28,0.25,0.25,1001,0
2018-02-09,0.24,0.24,0.24,0.24,2082,0
2018-02-12,0.24,0.24,0.24,0.24,2,0
2018-02-13,0.24,0.24,0.24,0.24,890,0
2018-02-14,0.24,0.24,0.24,0.24,2,0
2018-02-15,0.24,0.24,0.24,0.24,2,0
2018-02-16,0.24,0.24,0.24,0.24,2,0
2018-02-19,0.24,0.24,0.24,0.24,2,0
2018-02-20,0.24,0.24,0.24,0.24,466,0
2018-02-21,0.24,0.24,0.24,0.24,383,0
2018-02-22,0.28,0.28,0.28,0.28,1,0
2018-02-23,0.28,0.28,0.28,0.28,2,0
2018-02-26,0.28,0.28,0.21,0.21,480,0
2018-02-27,0.22,0.22,0.22,0.22,500,0
2018-02-28,0.22,0.22,0.22,0.22,500,0
2018-03-01,0.22,0.22,0.22,0.22,500,0
2018-03-14,0.24,0.24,0.24,0.24,101,0
2018-03-15,0.24,0.24,0.24,0.24,2,0
2018-03-16,0.24,0.24,0.24,0.24,1,0
2018-03-19,0.24,0.24,0.24,0.24,2,0
2018-03-20,0.24,0.24,0.24,0.24,2,0
2018-03-21,0.24,0.24,0.24,0.24,2,0
2018-03-22,0.24,0.24,0.24,0.24,2,0
2018-03-23,0.24,0.24,0.24,0.24,102,0
2018-03-26,0.24,0.24,0.24,0.24,2,0
2018-03-27,0.24,0.24,0.24,0.24,2,0
2018-03-28,0.24,0.24,0.24,0.24,2,0
2018-03-29,0.24,0.24,0.24,0.24,2,0
