Date,Open,High,Low,Close,Volume,OpenInt
2013-10-17,0.762,1.1387,0.762,1.1387,203459,0
2013-10-18,1.3664,1.6204,1.1212,1.2876,235868,0
2013-10-21,1.2788,1.4014,1.1475,1.2876,50416,0
2013-10-22,1.3139,1.5766,1.2438,1.4365,76898,0
2013-10-23,1.4365,1.5766,1.4014,1.5678,60282,0
2013-10-24,1.5854,1.6992,1.489,1.489,51778,0
2013-10-25,1.5065,1.7868,1.419,1.7518,120618,0
2013-10-28,1.7518,2.1022,1.6642,1.997,63385,0
2013-10-29,1.9707,2.0146,1.6642,1.7343,70240,0
2013-10-30,1.8394,1.8482,1.4453,1.4453,48656,0
2013-10-31,1.5591,1.7168,1.4102,1.5416,46855,0
2013-11-04,1.5416,1.6292,1.5241,1.6204,7114,0
2013-11-05,1.5153,1.5504,1.4102,1.489,15782,0
2013-11-06,1.489,1.6204,1.4802,1.4978,7714,0
2013-11-07,1.6029,1.8744,1.4802,1.8131,32690,0
2013-11-08,1.8394,1.962,1.6292,1.7956,52143,0
2013-11-12,1.7956,1.8131,1.6204,1.6817,11878,0
2013-11-13,1.6729,1.7956,1.5854,1.6817,6928,0
2013-11-14,1.6905,1.7693,1.6642,1.6817,3365,0
2013-11-15,1.7168,1.7518,1.5153,1.5854,17408,0
2013-11-18,1.5591,1.6467,1.3839,1.4014,26545,0
2013-11-19,1.4014,1.4978,1.27,1.4978,14878,0
2013-11-20,1.4978,1.4978,1.2876,1.4277,9889,0
2013-11-21,1.3751,1.4014,1.3051,1.4014,6291,0
2013-11-22,1.3576,1.3839,1.2788,1.3576,7684,0
2013-11-25,1.3576,1.3927,1.27,1.3664,6901,0
2013-11-26,1.2525,1.2963,1.2175,1.2876,11776,0
2013-11-27,1.2876,1.2963,1.2788,1.2963,1644,0
2013-11-28,1.3314,1.4802,1.2963,1.2963,2964,0
2013-11-29,1.2963,1.3051,1.235,1.3051,6616,0
2013-12-02,1.27,1.3051,1.2,1.2963,4326,0
2013-12-03,1.3489,1.3489,1.2876,1.2963,365,0
2013-12-04,1.3051,1.3051,1.2263,1.2963,187,0
2013-12-05,1.2963,1.2963,1.2,1.27,1160,0
2013-12-06,1.2263,1.3839,1.2263,1.3839,3602,0
2013-12-09,1.3489,1.3489,1.3314,1.3402,3682,0
2013-12-10,1.3402,1.4014,1.3314,1.3576,3602,0
2013-12-11,1.3927,1.3927,1.27,1.3139,1519,0
2013-12-12,1.3314,1.3314,1.2613,1.3051,457,0
2013-12-13,1.3051,1.3489,1.2963,1.3314,5601,0
2013-12-16,1.3314,1.3402,1.2525,1.2963,1881,0
2013-12-17,1.3051,1.3139,1.3051,1.3139,491,0
2013-12-18,1.3051,1.3051,1.3051,1.3051,57,0
2013-12-19,1.3226,1.3226,1.3139,1.3139,46,0
2013-12-20,1.3139,1.3139,1.2525,1.2525,1409,0
2013-12-23,1.3139,1.3402,1.3139,1.3402,1228,0
2013-12-27,1.3402,1.454,1.3402,1.454,5569,0
2013-12-30,1.4627,1.6029,1.454,1.5591,8984,0
2014-01-02,1.5504,1.6554,1.5329,1.5941,8220,0
2014-01-03,1.6467,1.6467,1.6029,1.6029,171,0
2014-01-07,1.5766,1.5941,1.3314,1.5241,34410,0
2014-01-08,1.5153,1.6642,1.4802,1.6204,10725,0
2014-01-09,1.6204,1.6204,1.5329,1.5329,1124,0
2014-01-10,1.5591,1.638,1.5416,1.6204,1370,0
2014-01-13,1.5766,1.5766,1.5678,1.5766,2620,0
2014-01-14,1.5941,1.5941,1.5678,1.5678,1359,0
2014-01-15,1.5766,1.6029,1.4014,1.5766,7257,0
2014-01-16,1.5854,1.5854,1.489,1.5504,817,0
2014-01-20,1.5416,1.5416,1.5416,1.5416,137,0
2014-01-22,1.5416,1.5504,1.5329,1.5504,177,0
2014-01-23,1.5416,1.5504,1.5416,1.5504,900,0
2014-01-24,1.5504,1.5678,1.4453,1.5241,3091,0
2014-01-27,1.5241,1.5241,1.4014,1.4802,1394,0
2014-01-28,1.4802,1.4978,1.4802,1.4978,38,0
2014-01-29,1.4453,1.6029,1.3751,1.4102,7175,0
2014-01-30,1.4102,1.4978,1.3664,1.419,1525,0
2014-01-31,1.419,1.454,1.419,1.4453,229,0
2014-02-03,1.4453,1.4627,1.4453,1.4627,125,0
2014-02-04,1.454,1.4627,1.3927,1.3927,229,0
2014-02-05,1.454,1.454,1.4453,1.454,348,0
2014-02-06,1.454,1.454,1.3576,1.3927,3682,0
2014-02-07,1.3927,1.419,1.3402,1.419,5246,0
2014-02-10,1.3751,1.3927,1.3751,1.3927,36,0
2014-02-11,1.4014,1.4014,1.3576,1.4014,1855,0
2014-02-12,1.4277,1.4277,1.3139,1.3751,2072,0
2014-02-13,1.4365,1.4365,1.3139,1.3751,3088,0
2014-02-14,1.3226,1.3927,1.3139,1.3927,1875,0
2014-02-17,1.419,1.419,1.3051,1.3927,5842,0
2014-02-18,1.3489,1.3751,1.3139,1.3139,3613,0
2014-02-19,1.3051,1.3489,1.2613,1.3139,15110,0
2014-02-20,1.27,1.3489,1.2263,1.2613,7471,0
2014-02-21,1.2876,1.3051,1.2263,1.2788,1808,0
2014-02-24,1.3139,1.3139,1.2175,1.2788,8586,0
2014-02-25,1.2963,1.2963,1.27,1.2876,3042,0
2014-02-26,1.1912,1.2963,1.1912,1.2788,5619,0
2014-02-27,1.2788,1.2876,1.2263,1.2788,4028,0
2014-02-28,1.2876,1.2876,1.2263,1.27,4039,0
2014-03-03,1.27,1.27,1.1475,1.1649,8763,0
2014-03-04,1.1912,1.235,1.0773,1.2,21279,0
2014-03-05,1.2087,1.2175,1.1387,1.2,3044,0
2014-03-06,1.2175,1.2175,1.0949,1.2087,8888,0
2014-03-07,1.2175,1.2175,1.1387,1.1912,655,0
2014-03-10,1.2,1.2175,1.0511,1.1737,26129,0
2014-03-11,1.1387,1.1562,1.0773,1.1212,6020,0
2014-03-12,1.0949,1.1737,1.0861,1.1737,3259,0
2014-03-13,1.1387,1.1737,1.0949,1.1737,5118,0
2014-03-14,1.1737,1.2876,1.1562,1.2788,27727,0
2014-03-17,1.2788,1.3489,1.2788,1.3402,21791,0
2014-03-18,1.3402,1.3402,1.2788,1.3314,6960,0
2014-03-19,1.2963,1.3314,1.27,1.3051,6437,0
2014-03-20,1.3139,1.3927,1.2963,1.3139,2791,0
2014-03-21,1.3314,1.3314,1.2788,1.3051,614,0
2014-03-24,1.3051,1.489,1.2438,1.2438,11449,0
2014-03-25,1.3927,1.3927,1.2788,1.3402,4443,0
2014-03-26,1.3751,1.3751,1.2963,1.3489,1302,0
2014-03-27,1.3664,1.3664,1.3051,1.3051,59,0
2014-03-28,1.3489,1.3489,1.3489,1.3489,33,0
2014-03-31,1.3576,1.3576,1.2963,1.3139,1011,0
2014-04-01,1.3139,1.3139,1.3051,1.3051,23,0
2014-04-02,1.3051,1.3051,1.1737,1.2263,4369,0
2014-04-03,1.2876,1.2876,1.1824,1.2438,5633,0
2014-04-04,1.2788,1.2788,1.1824,1.2438,416,0
2014-04-07,1.1824,1.2876,1.1824,1.2876,2800,0
2014-04-08,1.3051,1.3051,1.2087,1.235,3228,0
2014-04-09,1.235,1.2613,1.2087,1.2175,1230,0
2014-04-10,1.2175,1.2175,1.2087,1.2175,249,0
2014-04-11,1.2087,1.2087,1.1737,1.1737,806,0
2014-04-14,1.2263,1.2963,1.1912,1.2788,5349,0
2014-04-15,1.2963,1.3489,1.2788,1.3489,835,0
2014-04-16,1.3839,1.3839,1.3314,1.3402,1190,0
2014-04-17,1.3402,1.3751,1.235,1.3576,10131,0
2014-04-22,1.3576,1.3576,1.2876,1.3489,3010,0
2014-04-23,1.3489,1.3489,1.27,1.27,1088,0
2014-04-24,1.3139,1.3139,1.2876,1.3139,2054,0
2014-04-25,1.3139,1.3226,1.27,1.2963,3029,0
2014-04-28,1.2963,1.3576,1.2438,1.3576,5270,0
2014-04-29,1.3576,1.4014,1.3051,1.3927,4298,0
2014-04-30,1.3664,1.3927,1.3489,1.3839,256,0
2014-05-02,1.3839,1.5766,1.3314,1.5766,1751,0
2014-05-05,1.5766,1.5941,1.4802,1.5153,8313,0
2014-05-06,1.5153,1.5591,1.5153,1.5591,223,0
2014-05-07,1.5766,1.5766,1.4453,1.4802,2769,0
2014-05-08,1.4802,1.489,1.4802,1.4802,367,0
2014-05-09,1.489,1.4978,1.4014,1.4978,3976,0
2014-05-12,1.5678,1.5678,1.3927,1.5329,11368,0
2014-05-13,1.5329,1.5854,1.489,1.5766,4015,0
2014-05-14,1.6029,1.6204,1.5766,1.6204,1990,0
2014-05-15,1.6204,1.7956,1.5241,1.7693,22243,0
2014-05-16,1.8131,1.8131,1.708,1.7956,7975,0
2014-05-19,1.7956,1.7956,1.708,1.7693,5084,0
2014-05-20,1.7693,1.7693,1.6817,1.7518,3906,0
2014-05-21,1.6817,1.7255,1.4014,1.6992,3368,0
2014-05-22,1.6642,1.708,1.4802,1.708,2662,0
2014-05-23,1.708,1.708,1.708,1.708,19,0
2014-05-26,1.708,1.7431,1.6467,1.7431,1404,0
2014-05-27,1.6642,1.7431,1.6642,1.7431,794,0
2014-05-28,1.7431,1.7431,1.7343,1.7343,238,0
2014-05-29,1.7343,1.7343,1.419,1.638,7411,0
2014-05-30,1.638,1.708,1.5065,1.708,851,0
2014-06-02,1.708,1.7431,1.6467,1.7431,4029,0
2014-06-03,1.7431,1.7431,1.6554,1.6992,247,0
2014-06-04,1.6992,1.6992,1.5854,1.6554,1419,0
2014-06-05,1.638,1.7431,1.6292,1.7431,1588,0
2014-06-06,1.7343,1.7343,1.6642,1.7255,1556,0
2014-06-09,1.7255,1.7343,1.6554,1.7343,848,0
2014-06-10,1.7343,1.7431,1.6729,1.7343,2364,0
2014-06-11,1.7343,1.7343,1.6642,1.6642,744,0
2014-06-12,1.708,1.7343,1.6992,1.7255,328,0
2014-06-13,1.7956,1.927,1.7868,1.9182,23829,0
2014-06-16,1.927,1.927,1.8307,1.8744,5146,0
2014-06-17,1.8744,1.8744,1.7956,1.8219,1236,0
2014-06-18,1.8219,1.8219,1.7518,1.778,101,0
2014-06-20,1.7868,2.1372,1.7605,2.1372,4320,0
2014-06-23,2.1285,2.1285,1.9707,2.0233,1976,0
2014-06-24,2.0496,2.0496,1.8832,1.962,3390,0
2014-06-25,1.9707,2.0233,1.8919,2.0233,15460,0
2014-06-26,1.9707,1.9707,1.8919,1.9182,4756,0
2014-06-27,1.9182,1.962,1.8919,1.962,1122,0
2014-06-30,1.962,1.9707,1.927,1.9707,607,0
2014-07-01,1.962,2.1022,1.927,2.1022,146,0
2014-07-02,2.1022,2.1022,1.927,2.1022,2036,0
2014-07-03,2.1022,2.1197,2.0934,2.1109,2919,0
2014-07-04,2.1022,2.1022,1.8394,2.0934,8888,0
2014-07-07,2.0934,2.1022,1.9883,2.1022,2919,0
2014-07-08,2.1022,2.1722,2.0496,2.1634,26645,0
2014-07-09,2.1634,2.1722,2.1285,2.1285,3761,0
2014-07-10,2.1722,2.2423,2.1372,2.1897,2846,0
2014-07-11,2.216,2.3124,2.1897,2.3124,13992,0
2014-07-14,2.3124,2.7678,2.2598,2.7678,5481,0
2014-07-15,2.8904,3.5036,2.8904,3.3284,5224,0
2014-07-16,3.2321,3.854,3.2321,3.8452,3368,0
2014-07-17,3.854,3.854,2.7591,3.2934,6008,0
2014-07-18,3.7663,3.7663,3.0219,3.3109,4623,0
2014-07-21,3.7226,3.7226,3.1795,3.5036,5376,0
2014-07-22,3.6787,3.7489,3.3722,3.4598,2024,0
2014-07-23,3.5036,3.6262,3.3284,3.3284,1830,0
2014-07-24,3.2409,3.2846,2.7153,2.8029,3509,0
2014-07-25,3.2758,3.2758,2.8379,3.2233,1583,0
2014-07-28,3.4598,3.4598,3.3109,3.3109,103,0
2014-07-29,3.7103,3.7103,3.4529,3.5417,107,0
2014-07-30,3.5417,3.5417,3.2665,3.444,244,0
2014-07-31,3.4174,3.4174,3.1422,3.2843,351,0
2014-08-01,3.2843,3.2843,3.2843,3.2843,29,0
2014-08-04,3.2843,3.2843,2.7517,3.1245,1551,0
2014-08-05,3.2665,3.2665,2.8671,2.9381,2949,0
2014-08-06,3.1067,3.1067,2.6629,2.9736,2787,0
2014-08-07,3.0624,3.2843,2.8227,2.9558,1675,0
2014-08-08,3.018,3.018,2.6629,2.9292,1966,0
2014-08-11,2.9292,2.9292,2.3345,2.7251,4238,0
2014-08-12,2.7162,2.8404,2.7162,2.8404,34,0
2014-08-13,2.8049,2.8049,2.2457,2.5742,3951,0
2014-08-14,2.5564,2.5564,2.2191,2.4943,1645,0
2014-08-18,2.9825,3.0002,2.7606,3.0002,3288,0
2014-08-19,2.9736,3.1955,2.9736,3.1866,5409,0
2014-08-20,3.3198,3.5417,3.302,3.373,2218,0
2014-08-21,3.3642,3.4618,3.1245,3.1955,1485,0
2014-08-22,3.444,3.444,3.1955,3.2843,655,0
2014-08-25,3.2399,3.2665,2.7073,2.9292,9696,0
2014-08-26,2.7961,2.7961,2.2369,2.2369,11036,0
2014-08-27,2.3966,2.3966,1.9173,2.2191,7070,0
2014-08-28,2.2102,2.2102,1.7753,1.9972,10964,0
2014-08-29,1.9883,2.2457,1.8818,2.2457,2760,0
2014-09-01,2.1303,2.1303,1.9528,2.086,1603,0
2014-09-02,1.9439,1.9528,1.7753,1.864,8585,0
2014-09-03,1.864,1.864,1.8552,1.864,3272,0
2014-09-04,1.9439,2.3256,1.9439,2.0238,1908,0
2014-09-05,2.0238,2.1126,1.9972,2.1126,626,0
2014-09-08,2.1658,2.3966,2.1126,2.2013,2641,0
2014-09-09,2.3522,2.3878,2.0238,2.299,2571,0
2014-09-10,2.2724,2.2724,2.0948,2.2013,3740,0
2014-09-11,2.2901,2.6896,2.2901,2.6629,4973,0
2014-09-12,2.654,2.7339,2.3079,2.4765,2477,0
2014-09-15,2.6008,2.7339,2.4676,2.7339,4673,0
2014-09-16,2.7339,2.9558,2.6629,2.9558,3287,0
2014-09-17,2.9736,2.9736,2.8493,2.9203,446,0
2014-09-18,2.9115,2.9115,2.7961,2.876,1118,0
2014-09-19,2.8671,2.9292,2.8316,2.8671,6262,0
2014-09-22,2.8404,2.8404,2.7961,2.8049,1237,0
2014-09-23,2.8049,2.8049,2.2546,2.3256,7491,0
2014-09-24,2.3256,2.3966,2.228,2.3966,1372,0
2014-09-25,2.3966,2.3966,2.3789,2.3966,1520,0
2014-09-26,2.3966,2.3966,2.1303,2.2191,1159,0
2014-09-29,2.2191,2.2901,2.1658,2.2901,183,0
2014-09-30,2.2901,2.7339,2.1303,2.3522,10900,0
2014-10-01,2.3522,2.3522,2.1215,2.2191,4457,0
2014-10-02,2.2369,2.2457,1.8463,2.2102,5893,0
2014-10-03,2.2013,2.2013,2.0682,2.1836,1545,0
2014-10-06,2.1925,2.2013,2.157,2.1925,189,0
2014-10-07,2.1925,2.2102,2.0682,2.1925,8420,0
2014-10-08,2.1925,2.6274,2.1392,2.5031,17625,0
2014-10-09,2.5564,2.6452,2.3256,2.3878,4091,0
2014-10-10,2.3434,2.4676,2.1925,2.1925,5871,0
2014-10-13,2.1925,2.4321,2.1925,2.3256,2518,0
2014-10-14,2.3256,2.3789,2.1658,2.1658,3824,0
2014-10-15,2.2191,2.2546,2.1037,2.1303,4539,0
2014-10-16,2.2546,2.3167,2.1658,2.1836,3358,0
2014-10-17,2.2013,2.2812,2.1126,2.2812,2587,0
2014-10-20,2.2369,2.2369,2.1126,2.1836,1914,0
2014-10-21,2.1747,2.1747,2.086,2.1658,444,0
2014-10-22,2.1747,2.1747,2.0682,2.1392,398,0
2014-10-23,2.1215,2.2369,1.9528,2.2369,5675,0
2014-10-24,2.2369,2.2369,2.0948,2.157,206,0
2014-10-27,2.086,2.157,2.0593,2.086,1762,0
2014-10-28,2.0948,2.1303,1.9528,2.0416,3282,0
2014-10-29,2.0238,2.0771,1.8996,2.0593,4876,0
2014-10-30,2.0593,2.1215,2.0593,2.1215,338,0
2014-10-31,2.1126,2.2102,2.0948,2.2102,4539,0
2014-11-03,2.2102,2.2369,2.1303,2.228,1504,0
2014-11-04,2.2369,2.2369,2.2191,2.2191,39,0
2014-11-05,2.2369,2.2369,2.0416,2.2369,2681,0
2014-11-06,2.2369,2.2369,2.1126,2.1392,35,0
2014-11-07,2.1392,2.1392,2.1392,2.1392,25,0
2014-11-10,2.2369,2.2369,2.0593,2.228,1762,0
2014-11-12,2.2191,2.2191,2.0771,2.2102,3242,0
2014-11-13,2.2191,2.3522,2.1303,2.2102,6738,0
2014-11-14,2.3522,2.3522,2.1215,2.1925,6915,0
2014-11-17,2.0416,2.086,1.8285,1.8996,14584,0
2014-11-18,1.8552,1.8552,1.4912,1.5001,24060,0
2014-11-19,1.509,1.509,1.3315,1.4291,29612,0
2014-11-20,1.4291,1.4291,1.3315,1.3936,38994,0
2014-11-21,1.4025,1.4025,1.3936,1.3936,5824,0
2014-11-24,1.3936,1.4025,1.3137,1.367,42120,0
2014-11-25,1.367,1.367,1.1983,1.3226,40561,0
2014-11-26,1.3403,1.3403,1.1983,1.2427,51734,0
2014-11-27,1.2782,1.2782,1.2072,1.2427,16263,0
2014-11-28,1.2427,1.2871,1.2072,1.2871,22163,0
2014-12-01,1.3137,1.3137,1.2427,1.2871,6503,0
2014-12-02,1.3048,1.3048,1.2161,1.2782,6005,0
2014-12-03,1.2249,1.2782,1.1806,1.2338,10466,0
2014-12-04,1.2338,1.2338,1.1273,1.1983,8737,0
2014-12-05,1.2338,1.2338,1.1806,1.2338,6508,0
2014-12-08,1.2516,1.2782,1.1451,1.1451,6647,0
2014-12-09,1.1983,1.1983,1.1007,1.1894,14079,0
2014-12-10,1.1717,1.1717,1.1007,1.1184,3673,0
2014-12-11,1.1894,1.1894,0.9587,1.1539,14395,0
2014-12-12,1.1007,1.1007,1.003,1.0918,12454,0
2014-12-15,1.0918,1.0918,1.0208,1.0208,4529,0
2014-12-16,1.0652,1.1007,0.9942,0.9942,5767,0
2014-12-17,1.0652,1.1362,1.0652,1.1362,5869,0
2014-12-18,1.1273,1.1273,1.1007,1.1273,5361,0
2014-12-19,1.1273,1.1451,1.1273,1.1451,1706,0
2014-12-22,1.1451,1.1451,1.0652,1.1096,3009,0
2014-12-23,1.1096,1.1184,1.074,1.1184,1353,0
2014-12-29,1.1096,1.1096,1.0652,1.1096,1414,0
2014-12-30,1.1007,1.1273,1.1007,1.1273,91,0
2015-01-02,1.1273,1.1273,1.1273,1.1273,9,0
2015-01-05,1.1096,1.1096,1.0652,1.0829,3596,0
2015-01-07,1.0474,1.0474,0.8433,1.0119,35208,0
2015-01-08,0.9143,0.9231,0.7989,0.8255,8348,0
2015-01-09,0.79,0.8699,0.7367,0.8521,16762,0
2015-01-12,0.7101,0.8078,0.6924,0.8078,16794,0
2015-01-13,0.7101,0.7989,0.7101,0.7989,13308,0
2015-01-14,0.7989,0.7989,0.7012,0.7545,5824,0
2015-01-15,0.7279,0.7279,0.5947,0.7279,20042,0
2015-01-16,0.7012,0.7811,0.6924,0.7811,14196,0
2015-01-19,0.7811,0.932,0.7634,0.932,17699,0
2015-01-20,0.9231,0.9231,0.7634,0.8788,2814,0
2015-01-21,0.8166,0.8699,0.7811,0.8255,5577,0
2015-01-22,0.7722,0.8344,0.7634,0.8344,1808,0
2015-01-26,0.7722,0.79,0.7012,0.7722,4557,0
2015-01-27,0.7545,0.7989,0.7012,0.7811,9328,0
2015-01-28,0.7722,0.7811,0.6924,0.7811,7304,0
2015-01-29,0.719,0.7545,0.719,0.7545,3256,0
2015-01-30,0.7545,0.8699,0.719,0.8699,5408,0
2015-02-02,0.8433,0.8433,0.7722,0.8166,1791,0
2015-02-04,0.7545,0.79,0.7545,0.7811,701,0
2015-02-05,0.8166,0.8166,0.8166,0.8166,253,0
2015-02-06,0.7634,0.7811,0.719,0.7722,9399,0
2015-02-09,0.7456,0.7634,0.7101,0.7634,3228,0
2015-02-10,0.7722,0.7722,0.6924,0.7545,4777,0
2015-02-11,0.7456,0.7545,0.7012,0.7545,1913,0
2015-02-12,0.7367,0.7634,0.7367,0.7634,6309,0
2015-02-13,0.7456,0.7545,0.7101,0.7367,5041,0
2015-02-16,0.7367,0.7634,0.6924,0.7634,8685,0
2015-02-17,0.6924,0.7634,0.648,0.6924,12556,0
2015-02-18,0.6657,0.7456,0.6302,0.7456,8295,0
2015-02-19,0.7367,0.7367,0.7012,0.7101,2309,0
2015-02-20,0.719,0.7279,0.719,0.7279,4112,0
2015-02-23,0.7279,0.7279,0.7279,0.7279,282,0
2015-02-24,0.7279,0.7367,0.7012,0.7367,1196,0
2015-02-25,0.7367,0.7367,0.6746,0.7101,5214,0
2015-02-26,0.6746,0.7101,0.648,0.7101,9914,0
2015-02-27,0.7101,0.7101,0.7101,0.7101,225,0
2015-03-02,0.7101,0.7101,0.7101,0.7101,225,0
2015-03-03,0.6657,0.7012,0.6302,0.7012,17316,0
2015-03-04,0.7012,0.7012,0.6569,0.7012,2197,0
2015-03-05,0.6746,0.7545,0.6569,0.7367,25549,0
2015-03-06,0.7367,0.7456,0.719,0.7456,2112,0
2015-03-09,0.7456,0.7545,0.719,0.7545,4824,0
2015-03-10,0.7545,0.7722,0.7279,0.7634,25577,0
2015-03-11,0.7722,0.7722,0.719,0.719,4313,0
2015-03-12,0.7456,0.7634,0.7456,0.7634,7266,0
2015-03-16,0.7634,0.7722,0.7456,0.7722,11885,0
2015-03-17,0.7722,0.7722,0.7545,0.7545,3492,0
2015-03-18,0.7722,0.8699,0.7456,0.8433,17056,0
2015-03-19,0.8521,0.8521,0.7456,0.7456,8810,0
2015-03-20,0.8433,0.8433,0.8255,0.8255,7323,0
2015-03-23,0.8344,0.8344,0.8344,0.8344,27,0
2015-03-24,0.79,0.8166,0.79,0.8166,1015,0
2015-03-26,0.8166,0.8166,0.7634,0.7634,4067,0
2015-03-27,0.7545,0.7989,0.7545,0.7989,2724,0
2015-03-30,0.7722,0.79,0.7545,0.7545,2144,0
2015-03-31,0.7545,0.7722,0.7545,0.7722,1405,0
2015-04-01,0.7722,0.932,0.7722,0.932,40710,0
2015-04-02,0.9764,1.0208,0.8433,0.9764,16153,0
2015-04-07,0.9409,0.9409,0.8344,0.8344,18982,0
2015-04-08,0.8788,0.8876,0.8078,0.8788,5063,0
2015-04-09,0.8699,0.8699,0.7989,0.7989,2952,0
2015-04-10,0.8433,0.9409,0.8166,0.8166,5438,0
2015-04-13,0.8166,0.8255,0.7989,0.7989,4664,0
2015-04-14,0.7989,0.8433,0.7811,0.8433,6107,0
2015-04-15,0.8433,0.8433,0.8344,0.8344,1386,0
2015-04-16,0.8433,0.9764,0.7722,0.9231,32821,0
2015-04-17,0.932,0.932,0.8788,0.8788,856,0
2015-04-20,0.8788,0.8788,0.8699,0.8788,1284,0
2015-04-21,0.8965,0.8965,0.8965,0.8965,225,0
2015-04-22,0.9054,0.9054,0.8965,0.9054,2028,0
2015-04-23,0.9231,0.932,0.8965,0.8965,5970,0
2015-04-24,0.8876,0.9143,0.8876,0.9143,192,0
2015-04-27,0.932,0.932,0.9231,0.932,4265,0
2015-04-28,0.932,0.932,0.9231,0.932,257,0
2015-04-29,0.8965,1.003,0.8433,0.9498,9232,0
2015-04-30,0.861,0.8788,0.8521,0.8788,8599,0
2015-05-04,0.8965,0.8965,0.8965,0.8965,56,0
2015-05-05,0.8876,0.8876,0.8433,0.8433,1127,0
2015-05-06,0.8255,0.8788,0.7989,0.8788,3718,0
2015-05-07,0.8965,0.8965,0.8965,0.8965,47,0
2015-05-08,0.8699,0.8699,0.861,0.8699,1667,0
2015-05-11,0.8699,0.8699,0.7722,0.8433,6832,0
2015-05-12,0.7811,0.8433,0.7811,0.7811,5130,0
2015-05-13,0.7811,0.7811,0.7811,0.7811,113,0
2015-05-14,0.7811,0.8344,0.7811,0.8344,1358,0
2015-05-15,0.8344,0.8344,0.8344,0.8344,17,0
2015-05-18,0.8344,0.8344,0.8344,0.8344,56,0
2015-05-19,0.8344,0.8344,0.8344,0.8344,56,0
2015-05-20,0.7989,0.7989,0.7722,0.7722,1759,0
2015-05-22,0.7811,0.8255,0.7811,0.7989,451,0
2015-05-26,0.7989,0.7989,0.7545,0.7545,225,0
2015-05-27,0.7545,0.7545,0.6835,0.7456,4337,0
2015-05-28,0.7367,0.79,0.7012,0.79,2202,0
2015-05-29,0.7989,0.7989,0.7989,0.7989,28,0
2015-06-01,0.7989,0.7989,0.6835,0.79,12280,0
2015-06-02,0.79,0.79,0.79,0.79,56,0
2015-06-03,0.7811,0.7811,0.7811,0.7811,17,0
2015-06-05,0.7811,0.8344,0.7811,0.8344,7621,0
2015-06-08,0.8255,0.8255,0.6657,0.8078,10804,0
2015-06-09,0.8078,0.8078,0.7545,0.7811,867,0
2015-06-11,0.7722,0.7722,0.7545,0.7545,169,0
2015-06-12,0.7545,0.7545,0.7101,0.7101,3436,0
2015-06-15,0.6924,0.719,0.6924,0.719,338,0
2015-06-16,0.7279,0.7279,0.7279,0.7279,169,0
2015-06-17,0.7279,0.7456,0.5858,0.7456,7075,0
2015-06-18,0.6213,0.7279,0.6213,0.7279,3661,0
2015-06-19,0.7279,0.7279,0.6302,0.7279,2591,0
2015-06-22,0.6391,0.7545,0.5947,0.7545,7268,0
2015-06-23,0.7101,0.7545,0.648,0.7545,13100,0
2015-06-24,0.7545,0.7545,0.7545,0.7545,26,0
2015-06-26,0.7545,0.7545,0.7545,0.7545,169,0
2015-06-29,0.7545,0.7545,0.7545,0.7545,56,0
2015-06-30,0.7545,0.7545,0.6213,0.7545,5717,0
2015-07-01,0.7545,0.7545,0.6213,0.6924,6213,0
2015-07-02,0.6657,0.7989,0.6213,0.7634,102377,0
2015-07-03,0.7545,0.7545,0.7456,0.7545,2084,0
2015-07-06,0.7634,0.7634,0.7101,0.7634,2242,0
2015-07-07,0.7456,0.8255,0.7456,0.7722,18902,0
2015-07-08,0.7989,0.7989,0.719,0.79,11243,0
2015-07-09,0.79,0.79,0.7367,0.7811,1240,0
2015-07-10,0.7811,0.7811,0.7722,0.7811,2825,0
2015-07-13,0.79,0.8166,0.7722,0.8166,6356,0
2015-07-14,0.79,0.79,0.7722,0.7722,3545,0
2015-07-15,0.7722,0.7811,0.7456,0.7456,6200,0
2015-07-16,0.719,0.7456,0.719,0.7456,7182,0
2015-07-17,0.7279,0.7279,0.7279,0.7279,56,0
2015-07-20,0.7279,0.7279,0.7279,0.7279,113,0
2015-07-21,0.7811,0.7989,0.7722,0.7722,5912,0
2015-07-22,0.7989,0.7989,0.7811,0.7811,14139,0
2015-07-23,0.7722,0.7722,0.7634,0.7634,6422,0
2015-07-24,0.7634,0.7634,0.7634,0.7634,225,0
2015-07-27,0.7634,0.79,0.7101,0.79,17158,0
2015-07-28,0.7989,0.7989,0.7545,0.7545,1938,0
2015-07-29,0.79,0.79,0.7811,0.79,1296,0
2015-07-30,0.91,0.91,0.87,0.87,13152,0
2015-07-31,0.86,0.86,0.78,0.78,3790,0
2015-08-03,0.81,0.81,0.71,0.71,2830,0
2015-08-04,0.72,0.8,0.72,0.8,222,0
2015-08-06,0.78,0.78,0.78,0.78,100,0
2015-08-07,0.76,0.76,0.68,0.68,5750,0
2015-08-10,0.68,0.68,0.66,0.66,4050,0
2015-08-11,0.7,0.7,0.7,0.7,5,0
2015-08-12,0.66,0.66,0.66,0.66,100,0
2015-08-13,0.65,0.65,0.59,0.59,5490,0
2015-08-14,0.59,0.59,0.56,0.58,1319,0
2015-08-17,0.59,0.66,0.59,0.66,500,0
2015-08-18,0.6,0.61,0.51,0.61,5220,0
2015-08-19,0.61,0.61,0.61,0.61,250,0
2015-08-20,0.61,0.61,0.61,0.61,50,0
2015-08-21,0.61,0.61,0.6,0.6,150,0
2015-08-24,0.6,0.6,0.53,0.53,5000,0
2015-08-25,0.51,0.61,0.42,0.61,3810,0
2015-08-26,0.59,0.65,0.59,0.65,5461,0
2015-08-27,0.64,0.65,0.64,0.65,200,0
2015-08-28,0.65,0.67,0.56,0.66,13747,0
2015-08-31,0.7,0.76,0.65,0.74,3104,0
2015-09-01,0.74,0.81,0.74,0.81,4585,0
2015-09-02,0.8,0.8,0.76,0.76,200,0
2015-09-03,0.75,0.76,0.61,0.76,2480,0
2015-09-04,0.75,0.75,0.69,0.69,1100,0
2015-09-07,0.7,0.73,0.7,0.73,1370,0
2015-09-08,0.72,0.75,0.72,0.75,1750,0
2015-09-09,0.75,0.75,0.7,0.7,1500,0
2015-09-10,0.73,0.75,0.73,0.75,450,0
2015-09-11,0.75,0.75,0.75,0.75,100,0
2015-09-15,0.76,0.83,0.73,0.78,8920,0
2015-09-16,0.78,0.78,0.77,0.78,500,0
2015-09-17,0.8,0.8,0.66,0.72,7050,0
2015-09-18,0.72,0.72,0.72,0.72,2000,0
2015-09-21,0.74,0.74,0.69,0.69,1600,0
2015-09-22,0.67,0.74,0.65,0.69,10794,0
2015-09-23,0.69,0.69,0.65,0.69,5230,0
2015-09-28,0.71,0.71,0.65,0.68,6058,0
2015-09-29,0.7,0.7,0.7,0.7,150,0
2015-09-30,0.7,0.7,0.7,0.7,150,0
2015-10-01,0.7,0.7,0.7,0.7,100,0
2015-10-02,0.7,0.7,0.7,0.7,100,0
2015-10-05,0.7,0.7,0.7,0.7,100,0
2015-10-06,0.7,0.7,0.64,0.64,450,0
2015-10-07,0.68,0.68,0.58,0.65,6765,0
2015-10-08,0.6,0.6,0.49,0.49,27405,0
2015-10-09,0.56,0.56,0.45,0.48,14555,0
2015-10-12,0.49,0.55,0.49,0.55,770,0
2015-10-13,0.52,0.52,0.45,0.45,8920,0
2015-10-14,0.45,0.47,0.44,0.47,9267,0
2015-10-16,0.48,0.5,0.45,0.46,1930,0
2015-10-19,0.46,0.48,0.37,0.37,34753,0
2015-10-20,0.39,0.43,0.35,0.35,3752,0
2015-10-21,0.4,0.43,0.4,0.43,422,0
2015-10-22,0.4,0.4,0.38,0.38,2000,0
2015-10-23,0.38,0.39,0.38,0.38,1500,0
2015-10-26,0.4,0.42,0.35,0.42,2450,0
2015-10-28,0.4,0.41,0.35,0.35,2800,0
2015-10-29,0.37,0.4,0.37,0.4,600,0
2015-10-30,0.4,0.4,0.4,0.4,150,0
2015-11-02,0.41,0.41,0.41,0.41,100,0
2015-11-03,0.41,0.41,0.41,0.41,100,0
2015-11-04,0.41,0.42,0.4,0.42,1923,0
2015-11-05,0.41,0.41,0.37,0.4,5950,0
2015-11-06,0.41,0.41,0.41,0.41,100,0
2015-11-09,0.41,0.41,0.37,0.4,5650,0
2015-11-10,0.39,0.4,0.36,0.36,1900,0
2015-11-12,0.36,0.36,0.32,0.32,2457,0
2015-11-13,0.32,0.33,0.27,0.31,10396,0
2015-11-16,0.33,0.35,0.33,0.35,1600,0
2015-11-17,0.37,0.38,0.29,0.29,6770,0
2015-11-18,0.29,0.32,0.26,0.26,12870,0
2015-11-19,0.29,0.3,0.29,0.3,1000,0
2015-11-20,0.3,0.34,0.3,0.34,600,0
2015-11-23,0.35,0.37,0.29,0.36,8960,0
2015-11-24,0.36,0.36,0.36,0.36,100,0
2015-11-25,0.36,0.36,0.3,0.3,2140,0
2015-11-26,0.3,0.3,0.26,0.3,4157,0
2015-11-30,0.3,0.3,0.3,0.3,50,0
2015-12-02,0.28,0.28,0.28,0.28,100,0
2015-12-03,0.28,0.28,0.28,0.28,100,0
2015-12-04,0.29,0.29,0.24,0.28,1200,0
2015-12-21,0.28,0.29,0.25,0.25,7025,0
2015-12-22,0.25,0.35,0.2,0.35,47562,0
2015-12-23,0.35,0.4,0.31,0.36,24238,0
2015-12-28,0.32,0.32,0.25,0.3,12298,0
2015-12-29,0.34,0.34,0.33,0.34,278,0
2015-12-30,0.35,0.35,0.31,0.34,163,0
2016-01-04,0.34,0.34,0.33,0.33,100,0
2016-01-05,0.34,0.34,0.34,0.34,50,0
2016-01-07,0.33,0.33,0.3,0.3,6200,0
2016-01-08,0.31,0.31,0.31,0.31,3530,0
2016-01-11,0.35,0.36,0.35,0.36,9611,0
2016-01-12,0.31,0.34,0.31,0.34,18453,0
2016-01-13,0.32,0.32,0.32,0.32,100,0
2016-01-14,0.34,0.34,0.34,0.34,5000,0
2016-01-15,0.34,0.37,0.34,0.37,15731,0
2016-01-18,0.31,0.31,0.31,0.31,100,0
2016-01-19,0.31,0.31,0.31,0.31,30,0
2016-01-20,0.31,0.31,0.31,0.31,1870,0
2016-01-21,0.3,0.3,0.3,0.3,200,0
2016-01-22,0.29,0.29,0.29,0.29,100,0
2016-01-25,0.24,0.25,0.24,0.25,102,0
2016-01-26,0.25,0.25,0.24,0.24,430,0
2016-01-28,0.23,0.27,0.21,0.22,5700,0
2016-01-29,0.25,0.3,0.24,0.24,6051,0
2016-02-01,0.22,0.22,0.21,0.21,300,0
2016-02-02,0.22,0.26,0.22,0.22,2050,0
2016-02-03,0.25,0.25,0.22,0.22,250,0
2016-02-04,0.22,0.23,0.22,0.22,760,0
2016-02-05,0.24,0.27,0.22,0.27,791,0
2016-02-08,0.27,0.27,0.23,0.23,2850,0
2016-02-09,0.22,0.25,0.2,0.22,12700,0
2016-02-10,0.22,0.26,0.2,0.23,29850,0
2016-02-11,0.27,0.31,0.22,0.24,48532,0
2016-02-12,0.26,0.26,0.25,0.25,3260,0
2016-02-17,0.24,0.24,0.2,0.22,29717,0
2016-02-18,0.23,0.23,0.2,0.21,5435,0
2016-02-19,0.2,0.2,0.18,0.18,9140,0
2016-02-22,0.18,0.18,0.18,0.18,500,0
2016-03-07,0.18,0.18,0.16,0.16,1900,0
2016-03-08,0.17,0.2,0.17,0.2,2510,0
2016-03-09,0.2,0.2,0.2,0.2,200,0
2016-03-10,0.19,0.19,0.19,0.19,30,0
2016-03-11,0.19,0.19,0.19,0.19,350,0
2016-03-14,0.2,0.2,0.2,0.2,100,0
2016-03-15,0.19,0.19,0.19,0.19,2160,0
2016-03-29,0.19,0.19,0.19,0.19,20,0
2016-03-30,0.19,0.21,0.19,0.21,2780,0
2016-03-31,0.2,0.2,0.2,0.2,3600,0
2016-04-01,0.2,0.2,0.2,0.2,100,0
2016-04-04,0.2,0.2,0.2,0.2,100,0
2016-04-05,0.2,0.2,0.2,0.2,150,0
2016-04-06,0.2,0.2,0.2,0.2,100,0
2016-04-07,0.2,0.2,0.2,0.2,100,0
2016-04-08,0.2,0.2,0.2,0.2,150,0
2016-04-11,0.2,0.2,0.2,0.2,150,0
2016-04-12,0.2,0.2,0.2,0.2,100,0
2016-04-13,0.2,0.2,0.2,0.2,100,0
2016-04-14,0.2,0.2,0.2,0.2,150,0
2016-04-15,0.2,0.2,0.2,0.2,10150,0
2016-04-18,0.2,0.2,0.2,0.2,250,0
2016-04-19,0.2,0.22,0.17,0.22,24250,0
2016-04-20,0.22,0.22,0.22,0.22,100,0
2016-04-21,0.21,0.24,0.2,0.24,9610,0
2016-04-22,0.24,0.24,0.24,0.24,775,0
2016-04-25,0.22,0.22,0.19,0.22,13622,0
2016-04-26,0.22,0.22,0.22,0.22,100,0
2016-04-28,0.22,0.23,0.18,0.23,20860,0
2016-04-29,0.2,0.23,0.2,0.23,19200,0
2016-05-02,0.22,0.23,0.22,0.23,750,0
2016-05-04,0.23,0.23,0.22,0.23,4200,0
2016-05-05,0.23,0.29,0.22,0.29,82015,0
2016-05-06,0.3,0.35,0.3,0.33,9600,0
2016-05-09,0.33,0.34,0.27,0.31,6805,0
2016-05-10,0.3,0.34,0.28,0.33,6835,0
2016-05-11,0.33,0.33,0.27,0.28,3350,0
2016-05-12,0.26,0.29,0.25,0.29,2554,0
2016-05-13,0.28,0.28,0.28,0.28,2100,0
2016-05-16,0.28,0.28,0.28,0.28,100,0
2016-05-17,0.28,0.28,0.27,0.28,400,0
2016-05-18,0.28,0.28,0.27,0.28,1100,0
2016-05-19,0.28,0.28,0.28,0.28,100,0
2016-05-20,0.23,0.26,0.19,0.2,54122,0
2016-05-23,0.2,0.2,0.16,0.16,27000,0
2016-05-24,0.16,0.19,0.16,0.18,24551,0
2016-05-25,0.19,0.19,0.16,0.18,32400,0
2016-05-27,0.16,0.18,0.15,0.18,2300,0
2016-05-30,0.18,0.18,0.16,0.17,5950,0
2016-05-31,0.17,0.17,0.15,0.15,1050,0
2016-06-01,0.18,0.18,0.18,0.18,200,0
2016-06-02,0.18,0.18,0.18,0.18,150,0
2016-06-03,0.17,0.18,0.17,0.18,1180,0
2016-06-06,0.18,0.18,0.18,0.18,9250,0
2016-06-07,0.18,0.19,0.18,0.19,650,0
2016-06-08,0.19,0.19,0.19,0.19,150,0
2016-06-09,0.19,0.21,0.16,0.21,14432,0
2016-06-10,0.21,0.21,0.2,0.21,800,0
2016-06-13,0.21,0.21,0.21,0.21,50,0
2016-06-14,0.2,0.2,0.18,0.18,310,0
2016-06-15,0.19,0.2,0.19,0.2,300,0
2016-06-16,0.2,0.2,0.2,0.2,60,0
2016-06-17,0.2,0.21,0.2,0.21,1100,0
2016-06-20,0.21,0.21,0.21,0.21,100,0
2016-06-21,0.21,0.21,0.21,0.21,100,0
2016-06-22,0.21,0.21,0.21,0.21,250,0
2016-06-23,0.21,0.21,0.21,0.21,200,0
2016-06-24,0.21,0.21,0.21,0.21,200,0
2016-06-27,0.21,0.21,0.21,0.21,150,0
2016-06-28,0.21,0.21,0.21,0.21,100,0
2016-06-29,0.21,0.25,0.2,0.25,15746,0
2016-06-30,0.25,0.28,0.22,0.28,13402,0
2016-07-01,0.27,0.27,0.27,0.27,100,0
2016-07-04,0.27,0.28,0.26,0.28,19000,0
2016-07-05,0.28,0.29,0.27,0.29,42250,0
2016-07-06,0.29,0.29,0.24,0.29,18876,0
2016-07-07,0.29,0.29,0.29,0.29,150,0
2016-07-08,0.28,0.28,0.23,0.26,14455,0
2016-07-11,0.27,0.27,0.27,0.27,200,0
2016-07-12,0.27,0.27,0.26,0.27,850,0
2016-07-13,0.27,0.28,0.27,0.28,3505,0
2016-07-14,0.28,0.28,0.28,0.28,100,0
2016-07-20,0.28,0.28,0.28,0.28,40,0
2016-07-21,0.28,0.28,0.28,0.28,40,0
2016-07-25,0.28,0.28,0.23,0.28,9815,0
2016-07-26,0.28,0.28,0.28,0.28,150,0
2016-07-27,0.28,0.28,0.28,0.28,150,0
2016-07-28,0.28,0.28,0.25,0.27,2297,0
2016-07-29,0.28,0.28,0.23,0.27,896,0
2016-08-01,0.26,0.27,0.22,0.27,4840,0
2016-08-02,0.27,0.27,0.27,0.27,250,0
2016-08-03,0.26,0.26,0.26,0.26,200,0
2016-08-04,0.26,0.26,0.26,0.26,100,0
2016-08-05,0.26,0.26,0.26,0.26,200,0
2016-08-08,0.25,0.25,0.25,0.25,200,0
2016-08-10,0.23,0.27,0.21,0.27,3741,0
2016-08-11,0.24,0.25,0.24,0.25,9302,0
2016-08-18,0.24,0.34,0.24,0.34,141686,0
2016-08-19,0.33,0.46,0.33,0.43,359907,0
2016-08-22,0.43,0.51,0.35,0.51,318193,0
2016-08-23,0.52,0.54,0.42,0.42,229237,0
2016-08-24,0.4,0.48,0.38,0.45,103847,0
2016-08-25,0.48,0.57,0.41,0.53,269104,0
2016-08-26,0.52,0.53,0.48,0.48,23267,0
2016-08-29,0.57,0.68,0.52,0.68,501216,0
2016-08-30,0.7,0.96,0.64,0.9,240361,0
2016-08-31,0.85,0.93,0.77,0.81,209860,0
2016-09-01,0.79,0.8,0.64,0.7,95368,0
2016-09-02,0.7,0.7,0.56,0.66,23458,0
2016-09-05,0.65,0.7,0.65,0.7,1363,0
2016-09-06,0.65,0.69,0.58,0.6,23867,0
2016-09-07,0.6,0.66,0.6,0.66,2100,0
2016-09-08,0.66,0.66,0.54,0.63,10065,0
2016-09-09,0.65,0.65,0.53,0.59,8944,0
2016-09-12,0.55,0.77,0.55,0.67,46816,0
2016-09-13,0.67,0.77,0.56,0.63,9749,0
2016-09-14,0.68,0.7,0.62,0.62,3530,0
2016-09-15,0.67,0.77,0.67,0.67,2550,0
2016-09-16,0.69,0.7,0.64,0.7,1209,0
2016-09-19,0.69,0.73,0.69,0.73,8587,0
2016-09-20,0.73,0.73,0.6,0.65,2473,0
2016-09-21,0.65,0.65,0.61,0.64,6364,0
2016-09-22,0.65,0.73,0.6,0.65,3100,0
2016-09-23,0.62,0.62,0.6,0.6,3568,0
2016-09-26,0.63,0.69,0.63,0.64,3160,0
2016-09-27,0.63,0.63,0.52,0.62,7424,0
2016-09-28,0.58,0.58,0.58,0.58,115,0
2016-09-29,0.6,0.6,0.51,0.55,9344,0
2016-10-03,0.54,0.55,0.54,0.55,600,0
2016-10-04,0.55,0.55,0.55,0.55,500,0
2016-10-05,0.55,0.55,0.55,0.55,300,0
2016-10-06,0.55,0.55,0.54,0.54,1401,0
2016-10-07,0.42,0.49,0.42,0.49,3960,0
2016-10-10,0.4,0.4,0.4,0.4,5173,0
2016-10-11,0.4,0.4,0.4,0.4,1600,0
2016-10-12,0.4,0.4,0.4,0.4,100,0
2016-10-13,0.4,0.4,0.4,0.4,100,0
2016-10-14,0.44,0.44,0.44,0.44,3000,0
2016-10-17,0.44,0.44,0.4,0.4,200,0
2016-10-18,0.43,0.43,0.43,0.43,100,0
2016-10-19,0.44,0.44,0.44,0.44,201,0
2016-10-20,0.41,0.41,0.41,0.41,86,0
2016-10-21,0.41,0.41,0.41,0.41,100,0
2016-10-24,0.4,0.4,0.4,0.4,200,0
2016-10-25,0.4,0.4,0.36,0.36,914,0
2016-10-26,0.4,0.4,0.4,0.4,200,0
2016-10-27,0.43,0.43,0.43,0.43,150,0
2016-10-28,0.48,0.48,0.48,0.48,2357,0
2016-10-31,0.48,0.49,0.48,0.49,4202,0
2016-11-02,0.55,0.55,0.55,0.55,1607,0
2016-11-03,0.54,0.54,0.54,0.54,1200,0
2016-11-04,0.49,0.53,0.49,0.53,350,0
2016-11-07,0.53,0.53,0.49,0.49,51,0
2016-11-08,0.53,0.53,0.53,0.53,50,0
2016-11-09,0.53,0.53,0.53,0.53,100,0
2016-11-10,0.53,0.53,0.53,0.53,100,0
2016-11-14,0.53,0.53,0.53,0.53,100,0
2016-11-16,0.53,0.53,0.53,0.53,100,0
2016-11-17,0.48,0.48,0.48,0.48,1399,0
2016-11-21,0.47,0.47,0.47,0.47,250,0
2016-11-22,0.47,0.47,0.47,0.47,100,0
2016-11-23,0.47,0.47,0.47,0.47,200,0
2016-11-24,0.47,0.47,0.47,0.47,100,0
2016-11-25,0.47,0.47,0.47,0.47,200,0
2016-11-28,0.47,0.47,0.47,0.47,100,0
2016-11-29,0.47,0.47,0.47,0.47,2510,0
2016-11-30,0.47,0.47,0.47,0.47,100,0
2016-12-01,0.47,0.47,0.47,0.47,150,0
2016-12-02,0.47,0.47,0.47,0.47,100,0
2016-12-05,0.45,0.45,0.45,0.45,200,0
2016-12-06,0.46,0.46,0.46,0.46,100,0
2016-12-07,0.46,0.46,0.46,0.46,100,0
2016-12-08,0.4,0.4,0.4,0.4,200,0
2016-12-13,0.33,0.36,0.33,0.36,6170,0
2016-12-14,0.47,0.47,0.47,0.47,6789,0
2016-12-15,0.46,0.46,0.46,0.46,50,0
2016-12-16,0.47,0.59,0.47,0.59,1244,0
2016-12-19,0.59,0.59,0.54,0.54,295,0
2016-12-20,0.63,0.63,0.52,0.52,1549,0
2016-12-21,0.57,0.57,0.55,0.55,1893,0
2016-12-23,0.57,0.57,0.57,0.57,25,0
2016-12-27,0.58,0.58,0.53,0.53,120,0
2016-12-28,0.52,0.52,0.52,0.52,50,0
2016-12-29,0.52,0.52,0.52,0.52,50,0
2016-12-30,0.56,0.56,0.51,0.51,200,0
2017-01-04,0.55,0.55,0.54,0.54,850,0
2017-01-05,0.55,0.55,0.52,0.52,2341,0
2017-01-09,0.52,0.52,0.52,0.52,1553,0
2017-01-13,0.5,0.5,0.5,0.5,80,0
2017-01-16,0.48,0.48,0.48,0.48,100,0
2017-01-17,0.44,0.44,0.44,0.44,100,0
2017-01-18,0.4,0.4,0.4,0.4,100,0
2017-01-19,0.45,0.5,0.45,0.5,2300,0
2017-01-20,0.45,0.45,0.45,0.45,1094,0
2017-01-24,0.48,0.48,0.48,0.48,200,0
2017-01-25,0.49,0.49,0.49,0.49,100,0
2017-01-26,0.49,0.49,0.49,0.49,2195,0
2017-01-27,0.49,0.49,0.45,0.45,51,0
2017-01-30,0.51,0.51,0.51,0.51,100,0
2017-01-31,0.54,0.54,0.54,0.54,150,0
2017-02-01,0.54,0.54,0.54,0.54,100,0
2017-02-02,0.54,0.54,0.54,0.54,253,0
2017-02-03,0.54,0.58,0.54,0.58,200,0
2017-02-06,0.6,0.63,0.6,0.63,2100,0
2017-02-07,0.63,0.64,0.63,0.64,1835,0
2017-02-08,0.62,0.62,0.62,0.62,100,0
2017-02-09,0.64,0.64,0.64,0.64,500,0
2017-02-10,0.64,0.64,0.64,0.64,50,0
2017-02-13,0.63,0.63,0.63,0.63,50,0
2017-02-14,0.64,0.64,0.64,0.64,50,0
2017-02-15,0.62,0.62,0.62,0.62,50,0
2017-02-16,0.62,0.62,0.62,0.62,50,0
2017-02-17,0.6,0.6,0.6,0.6,50,0
2017-02-20,0.61,0.61,0.61,0.61,650,0
2017-02-21,0.61,0.61,0.61,0.61,100,0
2017-02-22,0.61,0.61,0.61,0.61,150,0
2017-02-27,0.6,0.6,0.6,0.6,50,0
2017-02-28,0.62,0.62,0.55,0.55,100,0
2017-03-02,0.57,0.57,0.57,0.57,50,0
2017-03-03,0.6,0.6,0.6,0.6,50,0
2017-03-06,0.6,0.6,0.6,0.6,320,0
2017-03-07,0.62,0.62,0.62,0.62,150,0
2017-03-08,0.52,0.52,0.46,0.46,950,0
2017-03-09,0.36,0.36,0.36,0.36,2199,0
2017-03-10,0.28,0.28,0.19,0.19,45421,0
2017-03-13,0.15,0.17,0.15,0.17,72889,0
2017-03-14,0.17,0.21,0.17,0.21,10199,0
2017-03-15,0.25,0.25,0.25,0.25,19499,0
2017-03-16,0.3,0.3,0.29,0.29,1823,0
2017-03-17,0.27,0.27,0.27,0.27,100,0
2017-03-20,0.24,0.24,0.24,0.24,10304,0
2017-03-21,0.25,0.25,0.25,0.25,4250,0
2017-03-22,0.29,0.29,0.29,0.29,6342,0
2017-03-23,0.33,0.33,0.33,0.33,4000,0
2017-03-24,0.34,0.35,0.34,0.35,2000,0
2017-03-27,0.37,0.38,0.37,0.38,1235,0
2017-03-28,0.39,0.39,0.39,0.39,6579,0
2017-03-29,0.4,0.4,0.4,0.4,1300,0
2017-03-30,0.37,0.37,0.35,0.35,500,0
2017-03-31,0.3,0.3,0.3,0.3,1750,0
2017-04-03,0.29,0.3,0.29,0.3,2400,0
2017-04-04,0.3,0.31,0.3,0.31,400,0
2017-04-05,0.27,0.27,0.27,0.27,2000,0
2017-04-06,0.31,0.31,0.31,0.31,300,0
2017-04-07,0.32,0.32,0.32,0.32,300,0
2017-04-10,0.33,0.33,0.3,0.3,500,0
2017-04-18,0.3,0.3,0.26,0.26,200,0
2017-04-20,0.27,0.27,0.27,0.27,200,0
2017-04-24,0.22,0.22,0.22,0.22,300,0
2017-04-25,0.22,0.22,0.22,0.22,100,0
2017-04-26,0.22,0.22,0.22,0.22,1145,0
2017-04-27,0.19,0.19,0.19,0.19,266,0
2017-04-28,0.22,0.22,0.22,0.22,5900,0
2017-05-02,0.21,0.21,0.21,0.21,100,0
2017-05-04,0.22,0.26,0.22,0.26,2155,0
2017-05-05,0.3,0.33,0.3,0.33,5700,0
2017-05-08,0.33,0.33,0.33,0.33,100,0
2017-05-09,0.33,0.33,0.33,0.33,150,0
2017-05-10,0.33,0.33,0.33,0.33,100,0
2017-05-11,0.33,0.33,0.33,0.33,100,0
2017-05-12,0.33,0.33,0.33,0.33,100,0
2017-05-15,0.33,0.33,0.33,0.33,100,0
2017-05-16,0.33,0.33,0.33,0.33,100,0
2017-05-17,0.33,0.33,0.33,0.33,100,0
2017-05-18,0.33,0.33,0.33,0.33,100,0
2017-05-19,0.33,0.33,0.33,0.33,100,0
2017-05-22,0.33,0.33,0.33,0.33,100,0
2017-05-23,0.33,0.33,0.33,0.33,100,0
2017-05-24,0.33,0.33,0.33,0.33,100,0
2017-05-25,0.33,0.33,0.33,0.33,100,0
2017-05-26,0.33,0.33,0.33,0.33,50,0
2017-05-29,0.33,0.33,0.33,0.33,50,0
2017-05-30,0.33,0.33,0.33,0.33,50,0
2017-05-31,0.33,0.33,0.33,0.33,50,0
2017-06-01,0.33,0.33,0.33,0.33,50,0
2017-06-02,0.33,0.33,0.33,0.33,100,0
2017-06-05,0.36,0.37,0.36,0.37,3500,0
2017-06-06,0.38,0.38,0.38,0.38,550,0
2017-06-07,0.33,0.33,0.33,0.33,50,0
2017-06-09,0.35,0.35,0.35,0.35,700,0
2017-06-12,0.34,0.34,0.34,0.34,600,0
2017-06-13,0.36,0.36,0.36,0.36,380,0
2017-06-14,0.34,0.34,0.34,0.34,50,0
2017-07-05,0.36,0.36,0.36,0.36,200,0
2017-07-06,0.35,0.35,0.35,0.35,100,0
2017-07-07,0.35,0.35,0.35,0.35,100,0
2017-07-10,0.28,0.28,0.28,0.28,2000,0
2017-07-12,0.28,0.28,0.23,0.23,400,0
2017-07-13,0.18,0.18,0.18,0.18,2000,0
2017-07-14,0.18,0.19,0.18,0.19,300,0
2017-07-17,0.19,0.19,0.19,0.19,1400,0
2017-07-18,0.22,0.22,0.22,0.22,100,0
2017-07-19,0.23,0.23,0.23,0.23,200,0
2017-07-24,0.26,0.26,0.26,0.26,1500,0
2017-07-25,0.3,0.3,0.3,0.3,500,0
2017-07-26,0.3,0.3,0.3,0.3,1000,0
2017-07-27,0.3,0.32,0.3,0.32,1200,0
2017-07-28,0.3,0.3,0.3,0.3,100,0
2017-08-01,0.3,0.3,0.3,0.3,40,0
2017-08-02,0.3,0.3,0.3,0.3,40,0
2017-08-03,0.3,0.3,0.3,0.3,300,0
2017-08-04,0.25,0.25,0.25,0.25,200,0
2017-08-08,0.25,0.29,0.25,0.29,300,0
2017-08-09,0.32,0.32,0.27,0.27,750,0
2017-08-10,0.29,0.29,0.29,0.29,100,0
2017-08-11,0.29,0.29,0.29,0.29,500,0
2017-08-14,0.3,0.3,0.3,0.3,100,0
2017-08-16,0.32,0.32,0.3,0.3,200,0
2017-08-17,0.3,0.3,0.3,0.3,100,0
2017-08-18,0.3,0.3,0.3,0.3,50,0
2017-08-21,0.28,0.28,0.28,0.28,100,0
2017-08-22,0.3,0.3,0.3,0.3,50,0
2017-08-23,0.3,0.3,0.3,0.3,50,0
2017-08-24,0.28,0.28,0.28,0.28,950,0
2017-08-25,0.28,0.28,0.28,0.28,900,0
2017-08-28,0.28,0.3,0.28,0.3,1270,0
2017-08-29,0.3,0.3,0.3,0.3,2903,0
2017-08-30,0.32,0.32,0.32,0.32,100,0
2017-08-31,0.3,0.3,0.26,0.26,250,0
2017-09-01,0.3,0.3,0.3,0.3,100,0
2017-09-04,0.29,0.29,0.29,0.29,2976,0
2017-09-05,0.3,0.3,0.3,0.3,100,0
2017-09-06,0.3,0.31,0.3,0.31,3590,0
2017-09-08,0.32,0.32,0.32,0.32,100,0
2017-09-11,0.31,0.31,0.31,0.31,50,0
2017-09-12,0.32,0.32,0.3,0.3,1305,0
2017-09-13,0.32,0.32,0.32,0.32,50,0
2017-09-14,0.32,0.32,0.32,0.32,50,0
2017-09-18,0.3,0.3,0.3,0.3,45,0
2017-09-19,0.3,0.3,0.3,0.3,40,0
2017-09-20,0.3,0.3,0.3,0.3,40,0
2017-09-21,0.3,0.3,0.3,0.3,40,0
2017-09-22,0.3,0.3,0.3,0.3,40,0
2017-09-25,0.28,0.28,0.28,0.28,100,0
2017-09-26,0.28,0.28,0.28,0.28,100,0
2017-09-27,0.28,0.28,0.28,0.28,100,0
2017-09-28,0.28,0.28,0.28,0.28,100,0
2017-09-29,0.28,0.28,0.28,0.28,50,0
2017-10-02,0.28,0.28,0.28,0.28,100,0
2017-10-03,0.28,0.28,0.28,0.28,100,0
2017-10-04,0.28,0.28,0.28,0.28,100,0
2017-10-05,0.28,0.28,0.24,0.24,100,0
2017-10-06,0.28,0.28,0.28,0.28,50,0
2017-10-09,0.28,0.28,0.28,0.28,50,0
2017-10-10,0.28,0.28,0.24,0.24,150,0
2017-10-11,0.24,0.24,0.21,0.21,2100,0
2017-10-23,0.17,0.17,0.16,0.16,2501,0
2017-10-24,0.16,0.17,0.16,0.17,2530,0
2017-10-25,0.19,0.19,0.19,0.19,1000,0
2017-10-26,0.23,0.23,0.23,0.23,500,0
2017-10-27,0.22,0.22,0.22,0.22,100,0
2017-10-30,0.23,0.23,0.23,0.23,200,0
2017-10-31,0.23,0.23,0.23,0.23,300,0
2017-11-02,0.23,0.24,0.23,0.24,690,0
2017-11-08,0.2,0.2,0.2,0.2,1205,0
2017-11-09,0.2,0.2,0.2,0.2,200,0
2017-11-10,0.23,0.23,0.23,0.23,200,0
2017-11-13,0.24,0.24,0.24,0.24,100,0
2017-11-14,0.2,0.2,0.2,0.2,100,0
2017-11-15,0.14,0.14,0.14,0.14,4000,0
2017-11-20,0.14,0.15,0.14,0.15,1000,0
2017-11-21,0.16,0.16,0.16,0.16,625,0
2017-11-22,0.16,0.19,0.16,0.19,9200,0
2017-11-23,0.2,0.2,0.2,0.2,3696,0
2017-11-24,0.21,0.21,0.21,0.21,3000,0
2017-11-27,0.22,0.22,0.22,0.22,100,0
2017-11-28,0.23,0.23,0.23,0.23,2600,0
2017-11-29,0.24,0.24,0.24,0.24,1000,0
2017-12-01,0.19,0.19,0.19,0.19,21,0
2017-12-04,0.22,0.22,0.22,0.22,100,0
2017-12-05,0.23,0.23,0.23,0.23,100,0
2017-12-06,0.2,0.2,0.2,0.2,200,0
2017-12-07,0.18,0.18,0.18,0.18,1779,0
2017-12-08,0.18,0.18,0.18,0.18,1200,0
2017-12-11,0.16,0.16,0.16,0.16,300,0
2017-12-12,0.17,0.17,0.17,0.17,100,0
2017-12-13,0.16,0.16,0.16,0.16,100,0
2017-12-14,0.16,0.16,0.16,0.16,200,0
2017-12-15,0.16,0.16,0.16,0.16,100,0
2017-12-18,0.16,0.16,0.16,0.16,100,0
2017-12-19,0.16,0.16,0.16,0.16,100,0
2017-12-20,0.16,0.16,0.16,0.16,100,0
2017-12-21,0.16,0.16,0.16,0.16,100,0
2017-12-22,0.16,0.16,0.16,0.16,100,0
2017-12-28,0.16,0.16,0.16,0.16,83,0
2017-12-29,0.17,0.17,0.17,0.17,100,0
2018-01-03,0.16,0.16,0.16,0.16,100,0
2018-01-04,0.16,0.16,0.16,0.16,100,0
2018-01-05,0.17,0.18,0.17,0.18,200,0
2018-01-08,0.17,0.18,0.17,0.18,200,0
2018-01-09,0.18,0.18,0.15,0.15,2300,0
2018-01-10,0.14,0.14,0.14,0.14,7121,0
2018-01-11,0.14,0.15,0.14,0.15,4156,0
2018-01-12,0.15,0.15,0.15,0.15,100,0
2018-01-15,0.15,0.15,0.15,0.15,100,0
2018-01-16,0.15,0.15,0.15,0.15,100,0
2018-01-17,0.15,0.15,0.15,0.15,100,0
2018-01-18,0.15,0.15,0.15,0.15,50,0
2018-01-19,0.14,0.15,0.14,0.15,13200,0
2018-01-22,0.15,0.15,0.15,0.15,100,0
2018-01-23,0.15,0.15,0.15,0.15,100,0
2018-01-24,0.15,0.15,0.15,0.15,12980,0
2018-01-25,0.14,0.14,0.14,0.14,200,0
2018-01-26,0.15,0.15,0.15,0.15,100,0
2018-01-29,0.15,0.15,0.15,0.15,2034,0
2018-01-30,0.15,0.15,0.15,0.15,4500,0
2018-01-31,0.15,0.15,0.15,0.15,100,0
2018-02-01,0.15,0.15,0.15,0.15,92,0
2018-02-02,0.15,0.15,0.15,0.15,100,0
2018-02-06,0.15,0.15,0.15,0.15,50,0
2018-02-07,0.15,0.15,0.15,0.15,50,0
2018-02-08,0.15,0.15,0.15,0.15,50,0
2018-02-09,0.15,0.15,0.15,0.15,12755,0
2018-02-12,0.14,0.14,0.14,0.14,50,0
2018-02-13,0.15,0.15,0.15,0.15,2050,0
2018-02-14,0.15,0.15,0.15,0.15,100,0
2018-02-15,0.15,0.15,0.15,0.15,50,0
2018-02-16,0.15,0.15,0.15,0.15,50,0
2018-02-19,0.15,0.15,0.15,0.15,50,0
2018-02-20,0.15,0.15,0.15,0.15,100,0
2018-02-21,0.15,0.15,0.15,0.15,100,0
2018-02-22,0.15,0.15,0.15,0.15,50,0
2018-02-23,0.15,0.15,0.15,0.15,50,0
2018-02-26,0.15,0.15,0.15,0.15,50,0
2018-02-27,0.15,0.15,0.15,0.15,50,0
2018-02-28,0.15,0.15,0.15,0.15,140,0
2018-03-01,0.15,0.16,0.15,0.16,200,0
2018-03-02,0.14,0.14,0.14,0.14,100,0
2018-03-07,0.1,0.1,0.1,0.1,300,0
2018-03-08,0.1,0.1,0.1,0.1,1700,0
2018-03-09,0.11,0.11,0.11,0.11,100,0
2018-03-12,0.13,0.14,0.13,0.14,200,0
2018-03-13,0.14,0.14,0.14,0.14,5848,0
2018-03-14,0.14,0.14,0.14,0.14,100,0
2018-03-15,0.14,0.14,0.14,0.14,50,0
2018-03-16,0.14,0.14,0.14,0.14,100,0
2018-03-19,0.13,0.13,0.13,0.13,100,0
2018-03-20,0.13,0.13,0.13,0.13,100,0
2018-03-22,0.11,0.11,0.11,0.11,100,0
