Date,Open,High,Low,Close,Volume,OpenInt
2017-01-04,568,568,558,565,6900,0
2017-01-05,583,583,560,569,9100,0
2017-01-06,578,578,561,562,4700,0
2017-01-10,561,570,561,570,3600,0
2017-01-11,569,570,564,570,3400,0
2017-01-12,570,570,560,561,6600,0
2017-01-13,561,562,556,562,2500,0
2017-01-16,562,562,545,560,6800,0
2017-01-17,560,560,547,549,2500,0
2017-01-18,539,549,539,545,8900,0
2017-01-19,547,569,547,559,4400,0
2017-01-20,559,559,559,559,200,0
2017-01-23,560,580,560,572,4700,0
2017-01-24,572,572,562,562,900,0
2017-01-25,563,572,562,572,1700,0
2017-01-26,575,576,566,566,3900,0
2017-01-27,576,576,572,572,5400,0
2017-01-30,570,574,569,574,3000,0
2017-01-31,570,571,570,571,2500,0
2017-02-01,572,572,572,572,600,0
2017-02-02,572,575,572,572,2200,0
2017-02-03,570,570,568,569,900,0
2017-02-06,575,575,564,564,1200,0
2017-02-07,568,572,568,572,1400,0
2017-02-08,565,568,565,566,1700,0
2017-02-09,573,573,565,567,2300,0
2017-02-10,570,570,564,564,1300,0
2017-02-13,575,577,574,575,10300,0
2017-02-14,575,580,572,572,3600,0
2017-02-15,570,570,570,570,2000,0
2017-02-16,568,579,568,569,3100,0
2017-02-17,569,577,569,575,2100,0
2017-02-20,577,577,577,577,800,0
2017-02-21,577,577,570,570,2200,0
2017-02-22,576,576,574,575,700,0
2017-02-23,572,576,571,574,2100,0
2017-02-24,577,577,577,577,2200,0
2017-02-27,577,589,576,586,10200,0
2017-02-28,597,613,586,612,26100,0
2017-03-01,610,612,600,609,11800,0
2017-03-02,612,615,610,612,10800,0
2017-03-03,610,613,603,604,8200,0
2017-03-06,619,619,611,611,4900,0
2017-03-07,610,612,605,610,6000,0
2017-03-08,610,610,605,610,2100,0
2017-03-09,611,613,610,610,600,0
2017-03-10,610,613,603,603,1600,0
2017-03-13,605,606,604,604,3400,0
2017-03-14,603,606,603,606,500,0
2017-03-15,606,606,599,599,4000,0
2017-03-16,609,609,600,601,1100,0
2017-03-17,601,601,596,600,2000,0
2017-03-21,610,610,608,609,3400,0
2017-03-22,609,609,602,603,3200,0
2017-03-23,607,607,605,607,600,0
2017-03-24,607,707,607,707,35700,0
2017-03-27,842,857,733,857,1935100,0
2017-03-28,812,1007,769,1007,5282600,0
2017-03-29,1017,1075,921,950,6600400,0
2017-03-30,936,940,805,820,2359400,0
2017-03-31,841,855,802,821,1252800,0
2017-04-03,821,870,791,811,901400,0
2017-04-04,801,810,752,770,349000,0
2017-04-05,785,815,771,810,222100,0
2017-04-06,800,800,764,775,132900,0
2017-04-07,768,798,750,750,87900,0
2017-04-10,756,773,750,758,28900,0
2017-04-11,752,753,710,710,69800,0
2017-04-12,679,694,657,657,71000,0
2017-04-13,653,682,640,674,48100,0
2017-04-14,661,672,650,650,35100,0
2017-04-17,645,665,645,653,15100,0
2017-04-18,660,675,660,671,17000,0
2017-04-19,676,676,664,671,14000,0
2017-04-20,680,689,663,671,20800,0
2017-04-21,666,690,659,660,24200,0
2017-04-24,658,673,656,661,7100,0
2017-04-25,661,672,650,655,13000,0
2017-04-26,657,698,657,690,22700,0
2017-04-27,680,730,680,722,70400,0
2017-04-28,708,734,683,700,54000,0
2017-05-01,700,728,700,708,24800,0
2017-05-02,722,722,697,697,26400,0
2017-05-08,712,712,696,705,14400,0
2017-05-09,701,712,700,712,13400,0
2017-05-10,712,723,712,720,13600,0
2017-05-11,730,766,701,710,101300,0
2017-05-12,719,720,702,706,19500,0
2017-05-15,705,705,685,687,24000,0
2017-05-16,697,701,688,696,9000,0
2017-05-17,698,701,695,696,12500,0
2017-05-18,686,698,682,696,15700,0
2017-05-19,701,703,692,695,6500,0
2017-05-22,705,737,701,736,27900,0
2017-05-23,745,745,723,725,13400,0
2017-05-24,730,739,726,734,18300,0
2017-05-25,741,777,741,755,27300,0
2017-05-26,761,765,746,746,26300,0
2017-05-29,789,789,753,780,38200,0
2017-05-30,786,859,786,820,138900,0
2017-05-31,850,850,813,828,82800,0
2017-06-01,978,978,978,978,52200,0
2017-06-02,1008,1028,901,919,592400,0
2017-06-05,905,939,888,939,114400,0
2017-06-06,938,938,895,900,70200,0
2017-06-07,890,991,890,972,237500,0
2017-06-08,972,1122,960,1085,784500,0
2017-06-09,1133,1300,1129,1215,1907600,0
2017-06-12,1155,1245,1120,1160,401100,0
2017-06-13,1160,1190,1123,1150,165200,0
2017-06-14,1170,1218,1008,1046,349400,0
2017-06-15,1020,1102,1017,1046,179000,0
2017-06-16,1035,1059,1031,1046,64200,0
2017-06-19,1044,1096,1042,1091,78300,0
2017-06-20,1122,1142,1077,1090,92600,0
2017-06-21,1070,1089,1030,1053,139600,0
2017-06-22,1034,1067,1034,1041,38700,0
2017-06-23,1038,1041,960,978,140100,0
2017-06-26,980,1034,980,1021,78600,0
2017-06-27,1027,1035,988,1003,279900,0
2017-06-28,970,1009,969,1002,92800,0
2017-06-29,985,999,968,979,39300,0
2017-06-30,960,960,937,953,47000,0
2017-07-03,968,970,952,960,15800,0
2017-07-04,965,965,901,910,50000,0
2017-07-05,920,937,907,926,24000,0
2017-07-06,956,990,936,942,72000,0
2017-07-07,921,951,917,951,31500,0
2017-07-10,936,971,926,971,38000,0
2017-07-11,971,993,970,977,28800,0
2017-07-12,992,1022,986,1018,59200,0
2017-07-13,1001,1009,985,989,40800,0
2017-07-14,999,999,945,957,32900,0
2017-07-18,948,955,928,938,21000,0
2017-07-19,938,972,938,972,11300,0
2017-07-20,975,975,951,961,11200,0
2017-07-21,968,990,961,968,13800,0
2017-07-24,960,977,960,972,7100,0
2017-07-25,973,974,963,972,12000,0
2017-07-26,972,998,966,968,17900,0
2017-07-27,983,983,970,970,10200,0
2017-07-28,967,974,940,945,26400,0
2017-07-31,945,956,942,946,12100,0
2017-08-01,942,943,900,900,32500,0
2017-08-02,901,937,901,926,17000,0
2017-08-03,926,931,919,929,5500,0
2017-08-04,914,928,911,928,8400,0
2017-08-07,930,930,914,914,19600,0
2017-08-08,918,926,909,918,28400,0
2017-08-09,803,837,799,830,106900,0
2017-08-10,825,829,780,788,45900,0
2017-08-14,761,776,746,761,67100,0
2017-08-15,770,789,764,789,21300,0
2017-08-16,790,848,790,831,26400,0
2017-08-17,831,870,825,844,17600,0
2017-08-18,844,844,816,817,11800,0
2017-08-21,839,839,806,806,6800,0
2017-08-22,805,826,805,822,23300,0
2017-08-23,829,836,822,827,4000,0
2017-08-24,825,838,822,838,8500,0
2017-08-25,840,843,828,829,4700,0
2017-08-28,828,837,828,831,4300,0
2017-08-29,845,852,839,845,11700,0
2017-08-30,856,856,841,847,4500,0
2017-08-31,847,865,843,847,11000,0
2017-09-01,848,851,846,849,5000,0
2017-09-04,859,859,821,821,14100,0
2017-09-05,822,822,793,795,19400,0
2017-09-06,795,805,791,801,7300,0
2017-09-07,810,810,796,804,4600,0
2017-09-08,804,807,791,795,7900,0
2017-09-11,804,830,800,830,9900,0
2017-09-12,875,920,831,848,91700,0
2017-09-13,845,856,830,843,15700,0
2017-09-14,853,853,832,833,9200,0
2017-09-15,832,837,832,832,3400,0
2017-09-19,840,852,838,847,16700,0
2017-09-20,853,878,853,859,8200,0
2017-09-21,859,894,851,881,24400,0
2017-09-22,887,887,861,880,11600,0
2017-09-25,870,905,870,902,28000,0
2017-09-26,910,912,889,910,19400,0
2017-09-27,913,915,900,915,23700,0
2017-09-28,915,915,900,915,15200,0
2017-09-29,915,920,905,916,26500,0
2017-10-02,918,918,885,896,11600,0
2017-10-03,906,930,897,898,13500,0
2017-10-04,895,909,895,899,3800,0
2017-10-05,904,907,893,903,11500,0
2017-10-06,894,908,891,908,9800,0
2017-10-10,900,908,899,901,1500,0
2017-10-11,901,907,900,904,5600,0
2017-10-12,903,918,901,917,11000,0
2017-10-13,918,918,904,904,6900,0
2017-10-16,913,913,895,898,7700,0
2017-10-17,896,896,871,876,20300,0
2017-10-18,874,884,873,877,5100,0
2017-10-19,872,892,872,884,6000,0
2017-10-20,873,881,873,873,6400,0
2017-10-23,880,900,880,895,5900,0
2017-10-24,897,898,880,887,18000,0
2017-10-25,884,891,879,882,4100,0
2017-10-26,881,887,878,881,7500,0
2017-10-27,888,889,878,887,5200,0
2017-10-30,895,898,886,896,5300,0
2017-10-31,889,897,887,892,5300,0
2017-11-01,888,891,883,891,5900,0
2017-11-02,887,896,882,888,10300,0
2017-11-06,890,896,882,884,5300,0
2017-11-07,883,889,880,889,6100,0
2017-11-08,883,894,880,894,5700,0
2017-11-09,882,897,882,890,15200,0
2017-11-10,889,890,875,875,9200,0
2017-11-13,872,886,868,870,10900,0
2017-11-14,870,872,841,841,13600,0
2017-11-15,833,833,791,812,37800,0
2017-11-16,812,820,811,818,9400,0
2017-11-17,818,822,810,821,2100,0
2017-11-20,821,821,808,810,5700,0
2017-11-21,809,813,801,807,16900,0
2017-11-22,812,813,804,804,5600,0
2017-11-24,805,813,805,805,4400,0
2017-11-27,809,813,808,813,7700,0
2017-11-28,808,810,805,805,5100,0
2017-11-29,812,812,804,805,11200,0
2017-11-30,801,810,800,800,18300,0
2017-12-01,802,810,801,806,9500,0
2017-12-04,806,807,799,806,22800,0
2017-12-05,806,807,799,799,12900,0
2017-12-06,800,803,796,796,22400,0
2017-12-07,800,803,798,799,4300,0
2017-12-08,800,802,796,802,15600,0
2017-12-11,802,802,799,799,5400,0
2017-12-12,800,803,800,800,11200,0
2017-12-13,800,805,799,805,10800,0
2017-12-14,800,808,800,804,4900,0
2017-12-15,803,815,803,814,9800,0
2017-12-18,814,850,814,846,11200,0
2017-12-19,852,852,834,842,4600,0
2017-12-20,840,846,835,835,4500,0
2017-12-21,834,839,823,824,4900,0
2017-12-22,825,830,823,828,9000,0
2017-12-25,824,825,811,811,15500,0
2017-12-26,816,819,800,810,18200,0
2017-12-27,817,822,817,820,5100,0
2017-12-28,835,838,823,824,1500,0
2017-12-29,824,837,824,829,4400,0
2018-01-04,829,834,822,823,8100,0
2018-01-05,823,823,819,821,4300,0
2018-01-09,837,840,827,830,15600,0
2018-01-10,836,840,827,837,7600,0
2018-01-11,828,835,828,835,1600,0
2018-01-12,834,841,832,832,11200,0
2018-01-15,840,840,832,838,3600,0
2018-01-16,841,841,835,838,3200,0
2018-01-17,838,839,835,838,3900,0
2018-01-18,837,838,836,838,2300,0
2018-01-19,835,849,833,845,6900,0
2018-01-22,845,845,841,841,4400,0
2018-01-23,843,848,841,846,4800,0
2018-01-24,846,848,837,848,5100,0
2018-01-25,846,846,840,840,1600,0
2018-01-26,841,842,838,842,2100,0
2018-01-29,840,840,838,838,3400,0
2018-01-30,835,836,832,832,4100,0
2018-01-31,829,841,828,836,13100,0
2018-02-01,836,840,836,839,2900,0
2018-02-02,839,839,830,833,5100,0
2018-02-05,832,832,826,826,3900,0
2018-02-06,802,810,767,791,22800,0
2018-02-07,832,833,803,832,4100,0
2018-02-08,810,820,810,815,3600,0
2018-02-09,800,801,788,789,16000,0
2018-02-13,795,812,786,810,15500,0
2018-02-14,793,805,784,788,9200,0
2018-02-15,790,803,789,790,12600,0
2018-02-16,791,802,789,802,4700,0
2018-02-19,804,805,800,802,6600,0
2018-02-20,806,809,804,807,2000,0
2018-02-21,820,820,810,810,2900,0
2018-02-22,812,822,812,821,3900,0
2018-02-23,821,839,819,839,8900,0
2018-02-26,843,843,824,828,4500,0
2018-02-27,829,836,829,830,600,0
2018-02-28,820,837,820,829,4600,0
2018-03-01,833,833,806,825,1900,0
2018-03-02,822,823,804,810,13200,0
2018-03-05,810,818,808,808,1200,0
2018-03-06,809,819,809,815,3100,0
2018-03-07,809,818,809,818,6700,0
2018-03-08,815,818,815,818,300,0
2018-03-09,820,820,812,817,2700,0
2018-03-12,818,820,816,817,3500,0
2018-03-13,816,819,815,819,1700,0
2018-03-14,819,820,811,820,2800,0
2018-03-15,819,822,819,822,1100,0
2018-03-16,823,824,814,816,1500,0
2018-03-19,812,822,805,806,6300,0
2018-03-20,805,805,800,802,4300,0
2018-03-22,800,802,798,802,2900,0
2018-03-23,791,806,790,790,15200,0
2018-03-26,775,789,767,789,3900,0
2018-03-27,784,798,780,798,15000,0
2018-03-28,806,808,800,808,2200,0
2018-03-29,813,813,803,805,3300,0
