Date,Open,High,Low,Close,Volume,OpenInt
2007-07-30,3900,3900,3900,3900,300,0
2007-07-31,3850,3850,3850,3850,100,0
2007-08-01,3950,3950,3950,3950,100,0
2007-08-02,3910,3910,3900,3900,400,0
2007-08-03,3900,3910,3900,3910,900,0
2007-08-06,3900,3950,3900,3950,400,0
2007-08-07,3950,4000,3950,4000,700,0
2007-08-09,3910,3910,3910,3910,300,0
2007-08-10,3900,3900,3900,3900,100,0
2007-08-13,3900,3900,3900,3900,300,0
2007-08-14,3960,3960,3940,3940,200,0
2007-08-15,3910,3910,3900,3900,200,0
2007-08-16,3860,3860,3860,3860,100,0
2007-08-17,3850,3880,3830,3870,1700,0
2007-08-20,3820,3820,3720,3820,700,0
2007-08-21,3790,3800,3790,3800,200,0
2007-08-22,3800,3800,3800,3800,300,0
2007-08-23,3790,3790,3770,3720,300,0
2007-08-24,3720,3720,3720,3720,500,0
2007-08-27,3780,3780,3780,3780,100,0
2007-08-29,3680,3780,3680,3780,300,0
2007-08-30,3790,3870,3790,3850,1500,0
2007-08-31,3870,3870,3800,3850,1600,0
2007-09-03,3870,3870,3870,3870,100,0
2007-09-04,3820,3820,3820,3820,100,0
2007-09-05,3830,3830,3830,3830,100,0
2007-09-06,3830,3830,3800,3820,2000,0
2007-09-07,3800,3800,3800,3800,500,0
2007-09-10,3850,3850,3850,3850,100,0
2007-09-14,3800,3800,3580,3750,1500,0
2007-09-18,3780,3780,3780,3780,300,0
2007-09-19,3770,3770,3770,3770,100,0
2007-09-20,3720,3720,3720,3720,500,0
2007-09-21,3670,3670,3620,3620,600,0
2007-09-25,3700,3700,3700,3700,300,0
2007-09-26,3720,3720,3720,3720,400,0
2007-09-27,3750,3750,3730,3730,500,0
2007-10-02,3800,3800,3800,3800,100,0
2007-10-04,3800,3800,3800,3800,400,0
2007-10-11,3800,3800,3800,3800,200,0
2007-10-18,3650,3650,3650,3650,100,0
2007-10-22,3650,3650,3650,3650,100,0
2007-10-23,3650,3650,3450,3450,300,0
2007-10-24,3350,3850,3350,3840,1500,0
2007-10-25,3790,3790,3690,3790,700,0
2007-10-26,3790,3800,3790,3800,300,0
2007-10-29,3750,3750,3750,3750,100,0
2007-11-01,3750,3750,3750,3750,100,0
2007-11-02,3750,3750,3600,3740,400,0
2007-11-05,3740,3750,3740,3750,400,0
2007-11-07,3740,3740,3740,3740,100,0
2007-11-08,3540,3750,3540,3750,800,0
2007-11-09,3700,3750,3700,3750,500,0
2007-11-12,3650,3790,3600,3790,1900,0
2007-11-13,3780,3780,3780,3780,100,0
2007-11-14,3750,3750,3750,3750,400,0
2007-11-22,3750,3750,3750,3750,300,0
2007-11-26,3700,3750,3700,3750,400,0
2007-11-28,3690,3750,3690,3750,200,0
2007-11-29,3750,3750,3750,3750,100,0
2007-11-30,3760,3760,3760,3760,300,0
2007-12-04,3770,3770,3770,3770,100,0
2007-12-05,3730,3730,3720,3720,200,0
2007-12-07,3720,3720,3720,3720,100,0
2007-12-11,3720,3720,3720,3720,200,0
2007-12-12,3710,3710,3710,3710,100,0
2007-12-13,3700,3700,3650,3700,600,0
2007-12-14,3700,3860,3700,3850,1400,0
2007-12-17,3660,3820,3660,3820,600,0
2007-12-18,3670,3800,3670,3800,500,0
2007-12-19,3800,3800,3730,3770,1300,0
2007-12-20,3650,3740,3650,3740,700,0
2007-12-21,3840,3840,3700,3730,1700,0
2007-12-25,3690,3690,3690,3690,100,0
2007-12-26,3820,3820,3720,3780,500,0
2007-12-28,3830,3830,3830,3830,100,0
2008-01-04,3830,3830,3830,3830,600,0
2008-01-07,3820,3820,3820,3820,100,0
2008-01-08,3800,3820,3800,3800,1100,0
2008-01-09,3710,3790,3710,3790,500,0
2008-01-11,3750,3750,3750,3750,100,0
2008-01-16,3660,3660,3650,3650,200,0
2008-01-17,3540,3620,3540,3620,200,0
2008-01-18,3600,3620,3520,3620,700,0
2008-01-22,3520,3620,3520,3620,200,0
2008-01-24,3640,3640,3640,3640,200,0
2008-01-25,3650,3650,3560,3640,400,0
2008-01-28,3640,3650,3640,3650,200,0
2008-01-31,3690,3700,3600,3700,400,0
2008-02-01,3730,3730,3630,3630,300,0
2008-02-04,3580,3680,3580,3680,200,0
2008-02-05,3640,3640,3640,3640,100,0
2008-02-15,3600,3600,3600,3600,100,0
2008-02-18,3560,3590,3310,3590,600,0
2008-02-21,3440,3700,3440,3700,1200,0
2008-02-22,3700,3830,3650,3830,900,0
2008-02-25,3830,3830,3830,3780,200,0
2008-02-26,3820,3820,3670,3810,3100,0
2008-02-28,3820,3820,3810,3810,600,0
2008-03-03,3800,3800,3800,3800,100,0
2008-03-05,3800,3800,3800,3800,300,0
2008-03-07,3800,3800,3800,3800,300,0
2008-03-14,3600,3800,3410,3800,2700,0
2008-03-17,3650,3780,3650,3780,200,0
2008-03-18,3700,3760,3700,3760,200,0
2008-03-19,3700,3700,3700,3700,500,0
2008-03-25,3700,3700,3680,3680,400,0
2008-03-26,3700,3800,3700,3800,3200,0
2008-03-27,3950,4150,3920,4150,2900,0
2008-03-28,4010,4010,3990,3990,500,0
2008-03-31,3890,3970,3890,3970,200,0
2008-04-01,3960,3960,3890,3890,300,0
2008-04-03,3890,3890,3890,3890,100,0
2008-04-07,3890,3890,3890,3890,100,0
2008-04-09,3850,3850,3850,3850,300,0
2008-04-14,3800,3910,3800,3910,3500,0
2008-04-15,3610,3620,3570,3570,700,0
2008-04-17,3540,3590,3400,3450,700,0
2008-04-18,3500,3550,3480,3480,300,0
2008-04-22,3400,3450,3400,3450,400,0
2008-04-23,3310,3310,3310,3310,100,0
2008-04-24,3350,3350,3350,3350,200,0
2008-04-25,3450,3450,3450,3450,600,0
2008-04-28,3700,3700,3700,3700,200,0
2008-04-30,3810,3810,3810,3810,2000,0
2008-05-02,3600,3600,3600,3600,100,0
2008-05-07,3600,3600,3600,3600,100,0
2008-05-13,3400,3400,3400,3400,100,0
2008-05-14,3300,3400,3300,3400,300,0
2008-05-19,3400,3400,3400,3400,100,0
2008-05-20,3360,3360,3360,3360,100,0
2008-05-22,3460,3460,3460,3460,100,0
2008-05-23,3490,3490,3490,3490,300,0
2008-05-26,3500,3500,3500,3500,100,0
2008-05-29,3300,3450,3300,3450,400,0
2008-05-30,3470,3470,3310,3320,300,0
2008-06-02,3270,3290,3270,3290,300,0
2008-06-03,3290,3290,3130,3280,600,0
2008-06-12,3330,3330,3330,3330,100,0
2008-06-13,3180,3230,3180,3230,200,0
2008-06-16,3180,3180,3180,3180,100,0
2008-06-17,3180,3180,3180,3180,100,0
2008-06-18,3230,3230,3090,3090,300,0
2008-06-19,3080,3080,3080,3080,100,0
2008-06-23,3030,3030,3030,3030,100,0
2008-06-24,2930,2930,2930,2930,800,0
2008-06-25,2730,2750,2650,2750,500,0
2008-06-26,2850,2850,2650,2650,600,0
2008-06-27,2700,2800,2700,2800,300,0
2008-06-30,2550,2550,2510,2510,500,0
2008-07-01,2500,2560,2500,2560,400,0
2008-07-02,2660,2660,2660,2660,200,0
2008-07-03,2520,2520,2410,2410,300,0
2008-07-04,2500,2500,2500,2500,100,0
2008-07-07,2430,2530,2430,2530,300,0
2008-07-08,2380,2380,2240,2240,900,0
2008-07-09,2010,2050,1730,1900,1900,0
2008-07-10,1950,1950,1800,1800,1900,0
2008-07-11,2300,2300,2300,2300,400,0
2008-07-14,2350,3090,2310,2700,13100,0
2008-07-15,2300,2440,2210,2270,2900,0
2008-07-16,2260,2260,1960,1960,1600,0
2008-07-17,2000,2050,2000,2020,700,0
2008-07-18,2090,2340,2090,2340,600,0
2008-07-22,2410,2420,2210,2240,1900,0
2008-07-23,2200,2200,2200,2200,100,0
2008-07-24,2300,2300,2300,2300,200,0
2008-07-25,2210,2210,2210,2210,600,0
2008-07-28,2460,2460,2410,2410,500,0
2008-08-01,2440,2440,2290,2290,200,0
2008-08-04,2250,2250,2210,2210,400,0
2008-08-06,2150,2150,2150,2150,100,0
2008-08-08,2000,2000,2000,2000,200,0
2008-08-13,1750,1820,1730,1820,700,0
2008-08-14,1850,1850,1850,1850,300,0
2008-08-15,1900,1900,1900,1900,100,0
2008-08-18,1870,1880,1870,1880,200,0
2008-08-19,1850,1850,1850,1850,400,0
2008-08-20,1850,1950,1850,1950,500,0
2008-08-21,1950,1950,1950,1950,100,0
2008-08-22,2050,2050,2050,2050,100,0
2008-08-25,2070,2080,2010,2010,800,0
2008-08-26,2410,2410,2010,2030,800,0
2008-09-01,2180,2180,2180,2180,100,0
2008-09-04,2060,2060,2060,2060,100,0
2008-09-08,2000,2000,1910,1910,600,0
2008-09-09,1910,1910,1910,1910,100,0
2008-09-11,1910,1910,1910,1960,100,0
2008-09-12,2060,2060,1990,1990,300,0
2008-09-16,1900,2100,1900,2100,1100,0
2008-09-17,1950,1950,1850,1860,800,0
2008-09-18,1850,1850,1850,1850,100,0
2008-09-22,1900,1900,1900,1900,100,0
2008-09-24,2000,2000,1960,1960,200,0
2008-09-25,1990,2000,1990,2000,600,0
2008-09-26,2250,2250,2200,2200,400,0
2008-09-29,1950,1950,1950,1950,300,0
2008-09-30,2040,2040,2040,2040,300,0
2008-10-02,2140,2140,2140,2140,100,0
2008-10-06,1800,1800,1800,1800,400,0
2008-10-07,1800,1850,1800,1850,500,0
2008-10-08,1950,1950,1790,1790,500,0
2008-10-09,1650,1650,1650,1650,200,0
2008-10-15,2000,2000,2000,2000,100,0
2008-10-16,1700,1800,1700,1800,200,0
2008-10-20,1700,1700,1700,1700,300,0
2008-10-21,1690,1720,1690,1720,200,0
2008-10-22,1720,1800,1700,1800,400,0
2008-10-23,1690,1690,1660,1730,800,0
2008-10-24,1780,1780,1780,1780,900,0
2008-10-27,1830,1830,1830,1830,300,0
2008-10-28,1690,1690,1650,1650,900,0
2008-10-29,1550,1900,1550,1900,600,0
2008-10-31,1900,1900,1900,1900,100,0
2008-11-04,1650,1700,1650,1700,700,0
2008-11-05,1750,1750,1750,1750,200,0
2008-11-06,1650,1660,1650,1660,200,0
2008-11-07,1650,1650,1650,1650,100,0
2008-11-10,1650,1650,1650,1650,200,0
2008-11-11,1600,1600,1600,1600,100,0
2008-11-12,1730,1730,1660,1660,300,0
2008-11-13,1620,1620,1610,1610,200,0
2008-11-21,1620,1700,1620,1700,300,0
2008-11-25,1750,1750,1750,1750,600,0
2008-11-26,1750,1750,1750,1690,300,0
2008-12-02,1700,1700,1700,1700,300,0
2008-12-03,1600,1600,1600,1600,100,0
2008-12-04,1580,1590,1580,1590,200,0
2008-12-05,1590,1590,1580,1580,200,0
2008-12-09,1580,1580,1580,1580,100,0
2008-12-12,1630,1630,1630,1630,100,0
2008-12-15,1620,1620,1550,1550,700,0
2008-12-16,1600,1600,1600,1600,700,0
2008-12-17,1510,1510,1510,1510,100,0
2008-12-22,1550,1580,1550,1580,200,0
2008-12-24,1680,1680,1630,1630,300,0
2008-12-25,1590,1590,1590,1590,200,0
2008-12-26,1990,1990,1640,1640,600,0
2008-12-30,1690,1690,1690,1840,100,0
2009-01-05,1540,1590,1540,1590,200,0
2009-01-06,1790,1790,1790,1680,100,0
2009-01-07,1950,1950,1950,1950,200,0
2009-01-15,1610,1700,1610,1850,500,0
2009-01-16,1660,1750,1610,1730,1100,0
2009-01-19,1580,1630,1580,1600,800,0
2009-01-20,1600,1600,1550,1550,700,0
2009-01-22,1580,1580,1540,1540,200,0
2009-01-23,1580,1580,1580,1580,2900,0
2009-01-26,1670,1670,1670,1670,400,0
2009-01-27,1670,1670,1670,1670,100,0
2009-01-30,1670,1670,1570,1570,200,0
2009-02-09,1530,1530,1530,1530,100,0
2009-02-12,1430,1430,1430,1430,100,0
2009-02-16,1530,1530,1530,1530,100,0
2009-02-25,1570,1570,1570,1570,800,0
2009-02-26,1570,1570,1570,1570,300,0
2009-03-04,1670,1670,1670,1670,100,0
2009-03-10,1520,1520,1520,1520,100,0
2009-03-11,1520,1520,1520,1520,100,0
2009-03-12,1620,1620,1620,1620,200,0
2009-03-13,1530,1540,1530,1530,300,0
2009-03-16,1540,1540,1540,1540,200,0
2009-03-23,1600,1600,1600,1600,100,0
2009-03-24,1690,1690,1690,1690,300,0
2009-03-25,1740,1740,1740,1740,500,0
2009-03-26,1900,1900,1650,1650,500,0
2009-04-01,1690,1690,1690,1690,100,0
2009-04-02,1700,1700,1700,1700,400,0
2009-04-03,1620,1650,1620,1650,300,0
2009-04-07,1600,1600,1600,1600,100,0
2009-04-09,1690,1690,1690,1690,400,0
2009-04-10,1620,1620,1620,1620,200,0
2009-04-13,1650,1650,1640,1640,200,0
2009-04-14,1740,1740,1660,1710,400,0
2009-04-15,1660,1660,1650,1660,700,0
2009-04-16,1650,1660,1650,1660,200,0
2009-04-17,1680,1680,1680,1680,200,0
2009-04-21,1680,1680,1680,1680,200,0
2009-04-24,1850,1900,1820,1900,1300,0
2009-04-27,1850,1850,1850,1850,3900,0
2009-04-28,1910,1910,1810,1810,200,0
2009-04-30,1800,1800,1800,1800,100,0
2009-05-07,1900,1900,1900,1900,200,0
2009-05-08,1750,1750,1750,1750,100,0
2009-05-11,1750,1750,1750,1750,200,0
2009-05-12,1850,1850,1760,1760,200,0
2009-05-13,1770,1770,1770,1770,100,0
2009-05-14,1810,1810,1810,1810,100,0
2009-05-22,1810,1810,1810,1810,100,0
2009-05-25,1860,1860,1860,1860,600,0
2009-05-26,1880,1880,1800,1800,400,0
2009-06-01,1880,1880,1880,1880,200,0
2009-06-02,1880,1880,1880,1880,200,0
2009-06-03,1790,1790,1790,1790,100,0
2009-06-04,1760,1760,1760,1760,100,0
2009-06-10,1850,1850,1850,1850,100,0
2009-06-11,1850,1850,1850,1850,700,0
2009-06-12,1850,1850,1850,1850,300,0
2009-06-15,1850,1900,1850,1900,1200,0
2009-06-16,1920,1920,1850,1850,1100,0
2009-06-17,1800,1800,1750,1750,500,0
2009-06-23,1840,1840,1840,1840,100,0
2009-06-24,1880,1880,1860,1860,500,0
2009-06-25,1840,1840,1840,1840,200,0
2009-06-26,1820,1820,1820,1820,300,0
2009-06-30,1820,1820,1820,1820,100,0
2009-07-02,1860,1860,1860,1860,400,0
2009-07-03,1760,1770,1760,1770,600,0
2009-07-06,1790,1790,1790,1790,100,0
2009-07-08,1780,1780,1780,1780,100,0
2009-07-09,1700,1720,1700,1720,1000,0
2009-07-10,1710,1710,1710,1710,100,0
2009-07-14,1800,1800,1800,1800,100,0
2009-07-15,1720,1720,1720,1720,100,0
2009-07-16,1810,1810,1810,1810,100,0
2009-07-17,1860,1860,1860,1860,1500,0
2009-07-21,1860,1860,1860,1860,100,0
2009-07-22,1890,1890,1850,1850,300,0
2009-07-23,1800,1850,1800,1820,700,0
2009-07-24,1820,1840,1820,1820,800,0
2009-07-27,1840,1860,1840,1860,500,0
2009-07-31,1860,1860,1860,1860,100,0
2009-08-03,1810,1880,1810,1880,300,0
2009-08-04,1880,1880,1830,1830,300,0
2009-08-05,1830,1830,1830,1830,300,0
2009-08-06,1870,1900,1870,1900,300,0
2009-08-12,2000,2000,2000,2000,100,0
2009-08-13,1910,1960,1910,1960,200,0
2009-08-18,1960,1960,1890,1890,300,0
2009-08-19,1850,1850,1830,1830,700,0
2009-08-20,1780,1780,1780,1780,200,0
2009-08-24,1870,1910,1840,1840,300,0
2009-08-25,1840,1880,1820,1880,1300,0
2009-08-26,1850,1880,1850,1850,700,0
2009-08-27,1840,1840,1840,1840,200,0
2009-08-28,1990,2190,1990,2100,300,0
2009-08-31,2000,2080,2000,2070,700,0
2009-09-01,2060,2060,1920,1940,800,0
2009-09-02,1940,1940,1910,1910,500,0
2009-09-03,1900,1920,1880,1920,800,0
2009-09-07,1970,2000,1970,2000,1300,0
2009-09-08,2000,2000,2000,2000,100,0
2009-09-09,1900,1900,1810,1860,1200,0
2009-09-10,1840,1890,1790,1860,2100,0
2009-09-11,1890,1890,1850,1850,1500,0
2009-09-14,1880,1880,1860,1860,200,0
2009-09-15,1850,1870,1850,1870,200,0
2009-09-16,1920,1920,1920,1920,100,0
2009-09-17,1870,1870,1850,1860,600,0
2009-09-18,1880,1880,1880,1880,100,0
2009-09-25,1900,1900,1900,1900,600,0
2009-09-28,1870,1870,1850,1850,700,0
2009-10-02,1890,1890,1890,1890,100,0
2009-10-06,1840,1840,1840,1840,100,0
2009-10-08,1850,1850,1850,1850,100,0
2009-10-15,1850,1860,1850,1860,900,0
2009-10-16,1870,1870,1870,1870,200,0
2009-10-19,1850,1850,1850,1850,200,0
2009-10-20,1850,1850,1850,1850,300,0
2009-10-21,1860,1870,1860,1870,400,0
2009-10-22,1860,1870,1850,1850,4700,0
2009-10-23,1880,1880,1850,1850,1100,0
2009-10-26,1820,1850,1820,1850,600,0
2009-10-28,1850,1850,1850,1850,100,0
2009-10-30,1900,1900,1900,1900,100,0
2009-11-02,1850,1850,1850,1850,200,0
2009-11-04,1840,1840,1840,1840,100,0
2009-11-06,1840,1840,1840,1840,700,0
2009-11-09,1800,1800,1800,1800,100,0
2009-11-10,1850,1850,1850,1850,200,0
2009-11-12,1850,1850,1820,1820,1000,0
2009-11-13,1820,1820,1820,1820,100,0
2009-11-20,1790,1790,1740,1740,400,0
2009-11-24,1760,1760,1760,1760,100,0
2009-11-25,1760,1800,1760,1800,700,0
2009-11-26,1840,1840,1840,1840,200,0
2009-12-02,1900,1900,1900,1900,200,0
2009-12-03,1820,1820,1820,1820,100,0
2009-12-04,1820,1820,1820,1820,100,0
2009-12-07,1820,1820,1820,1820,100,0
2009-12-14,2020,2020,2020,2020,100,0
2009-12-15,1850,1870,1850,1860,600,0
2009-12-16,1860,1860,1850,1850,200,0
2009-12-17,1840,1840,1830,1830,2200,0
2009-12-18,1880,1880,1840,1840,1500,0
2009-12-21,1890,1890,1890,1890,200,0
2009-12-22,1890,1890,1860,1880,500,0
2009-12-24,1880,1880,1880,1880,900,0
2009-12-25,1880,1890,1880,1880,700,0
2009-12-28,1820,1820,1800,1800,300,0
2009-12-29,1700,1700,1650,1690,3700,0
2009-12-30,1670,1680,1670,1680,400,0
2010-01-04,1680,1680,1680,1680,100,0
2010-01-05,1690,1700,1690,1700,300,0
2010-01-06,1680,1680,1680,1680,100,0
2010-01-07,1680,1690,1680,1690,200,0
2010-01-08,1680,1680,1680,1680,200,0
2010-01-12,1670,1670,1630,1630,5700,0
2010-01-13,1680,1680,1680,1680,100,0
2010-01-15,1680,1680,1680,1680,200,0
2010-01-18,1660,1660,1660,1660,100,0
2010-01-21,1670,1670,1670,1670,100,0
2010-01-22,1690,1690,1690,1690,100,0
2010-01-25,1700,1720,1700,1720,600,0
2010-01-26,1710,1710,1710,1710,200,0
2010-02-01,1710,1710,1710,1710,100,0
2010-02-15,1710,1710,1710,1710,100,0
2010-02-18,1700,1700,1700,1700,100,0
2010-02-19,1710,1710,1710,1710,100,0
2010-02-23,1700,1720,1700,1720,300,0
2010-02-25,1720,1720,1670,1670,1100,0
2010-02-26,1690,1690,1690,1690,300,0
2010-03-04,1700,1700,1700,1700,100,0
2010-03-08,1670,1670,1670,1670,100,0
2010-03-11,1670,1670,1670,1670,100,0
2010-03-12,1660,1660,1660,1660,400,0
2010-03-15,1710,1710,1710,1710,100,0
2010-03-16,1710,1710,1710,1710,100,0
2010-03-24,1730,1780,1730,1780,200,0
2010-03-25,1730,1750,1730,1750,800,0
2010-03-26,1730,1730,1730,1730,300,0
2010-03-29,1750,1750,1750,1750,100,0
2010-04-01,1900,1900,1900,1900,100,0
2010-04-02,1760,1800,1740,1780,2600,0
2010-04-05,1770,1770,1770,1770,300,0
2010-04-07,1800,1800,1780,1780,400,0
2010-04-09,1780,1840,1780,1840,200,0
2010-04-12,1790,1790,1780,1780,500,0
2010-04-13,1820,1820,1790,1800,400,0
2010-04-14,1800,1840,1800,1840,500,0
2010-04-15,1840,1890,1840,1890,600,0
2010-04-16,1890,1910,1890,1900,1000,0
2010-04-19,1860,1860,1850,1850,1000,0
2010-04-20,1850,1890,1840,1840,900,0
2010-04-22,1870,1890,1870,1890,300,0
2010-04-23,1980,2000,1830,1850,6700,0
2010-04-26,1890,1990,1880,1990,800,0
2010-04-28,1860,1860,1860,1860,200,0
2010-05-06,1830,1830,1830,1830,300,0
2010-05-10,1780,1810,1780,1810,1000,0
2010-05-11,1840,1850,1840,1850,300,0
2010-05-13,1850,1850,1850,1850,200,0
2010-05-20,1780,1800,1780,1800,200,0
2010-05-21,1750,1750,1750,1810,400,0
2010-05-24,1800,1800,1800,1800,100,0
2010-05-25,1830,1830,1830,1830,600,0
2010-05-26,1830,1830,1830,1830,200,0
2010-05-27,1740,1740,1740,1740,100,0
2010-06-01,1830,1830,1830,1830,200,0
2010-06-07,1730,1730,1710,1710,400,0
2010-06-08,1710,1710,1710,1710,100,0
2010-06-09,1680,1690,1680,1690,300,0
2010-06-15,1760,1760,1760,1760,100,0
2010-06-21,1760,1760,1760,1760,100,0
2010-06-23,1760,1810,1760,1810,300,0
2010-06-24,1830,1830,1830,1830,100,0
2010-06-25,1850,1850,1850,1850,500,0
2010-06-28,1870,1870,1870,1870,100,0
2010-06-30,1770,1770,1770,1770,300,0
2010-07-02,1790,1790,1790,1790,100,0
2010-07-06,1790,1790,1790,1790,100,0
2010-07-12,1790,1790,1790,1790,100,0
2010-07-14,1780,1780,1780,1780,100,0
2010-07-15,1780,1850,1780,1850,900,0
2010-07-20,1900,1900,1820,1820,1600,0
2010-07-22,1820,1850,1810,1850,300,0
2010-07-23,1800,1800,1800,1800,700,0
2010-07-26,1900,1900,1900,1900,400,0
2010-07-29,1800,1800,1720,1720,600,0
2010-07-30,1770,1770,1700,1700,900,0
2010-08-02,1750,1750,1750,1750,300,0
2010-08-03,1730,1730,1730,1730,200,0
2010-08-06,1710,1710,1710,1710,300,0
2010-08-11,1670,1700,1650,1700,1200,0
2010-08-12,1660,1660,1660,1660,100,0
2010-08-16,1690,1690,1690,1690,100,0
2010-08-19,1680,1680,1680,1680,200,0
2010-08-20,1700,1710,1700,1710,200,0
2010-08-23,1760,1760,1710,1710,200,0
2010-08-25,1710,1740,1710,1740,500,0
2010-08-26,1710,1710,1700,1700,300,0
2010-08-31,1690,1690,1690,1690,100,0
2010-09-01,1730,1740,1730,1740,200,0
2010-09-03,1690,1690,1690,1690,100,0
2010-09-08,1690,1690,1690,1690,100,0
2010-09-10,1690,1690,1690,1690,100,0
2010-09-16,1640,1640,1640,1640,100,0
2010-09-17,1690,1690,1690,1690,100,0
2010-09-22,1690,1690,1690,1690,100,0
2010-09-24,1730,1730,1730,1730,700,0
2010-09-27,1720,1720,1720,1720,200,0
2010-09-28,1700,1700,1700,1700,300,0
2010-10-01,1800,1800,1800,1800,100,0
2010-10-04,1780,1780,1780,1780,100,0
2010-10-05,1690,1690,1690,1690,100,0
2010-10-06,1700,1720,1700,1720,200,0
2010-10-15,1670,1670,1660,1660,200,0
2010-10-20,1750,1750,1750,1750,100,0
2010-10-22,1700,1700,1700,1700,300,0
2010-10-25,1720,1720,1720,1720,500,0
2010-10-26,1700,1710,1700,1710,300,0
2010-11-01,1740,1740,1740,1740,100,0
2010-11-04,1690,1740,1690,1740,200,0
2010-11-08,1700,1700,1700,1700,100,0
2010-11-15,1700,1700,1700,1700,500,0
2010-11-22,1710,1710,1710,1710,100,0
2010-11-24,1710,1750,1710,1750,400,0
2010-11-25,1740,1740,1740,1740,600,0
2010-11-26,1740,1750,1740,1750,400,0
2010-11-29,1750,1750,1750,1750,500,0
2010-12-01,1730,1730,1720,1730,700,0
2010-12-02,1750,1750,1700,1720,500,0
2010-12-06,1720,1740,1720,1740,900,0
2010-12-07,1780,1780,1780,1780,300,0
2010-12-08,1750,1750,1750,1750,100,0
2010-12-09,1760,1760,1750,1750,800,0
2010-12-13,1770,1770,1770,1770,200,0
2010-12-15,1770,1780,1770,1780,500,0
2010-12-16,1780,1780,1780,1780,500,0
2010-12-17,1780,1780,1760,1760,300,0
2010-12-20,1810,1810,1780,1800,2500,0
2010-12-21,1840,1840,1800,1800,900,0
2010-12-22,1820,1820,1780,1810,600,0
2010-12-24,1830,1830,1810,1810,800,0
2010-12-27,1840,1840,1810,1810,1000,0
2010-12-28,1720,1720,1710,1710,200,0
2011-01-04,1720,1720,1710,1710,400,0
2011-01-05,1690,1690,1690,1690,100,0
2011-01-06,1690,1690,1690,1690,100,0
2011-01-07,1690,1690,1690,1690,100,0
2011-01-11,1700,1710,1690,1690,1200,0
2011-01-13,1690,1690,1690,1690,200,0
2011-01-17,1710,1710,1710,1710,200,0
2011-01-18,1700,1700,1700,1700,100,0
2011-01-19,1700,1700,1700,1700,100,0
2011-01-20,1710,1710,1700,1700,600,0
2011-01-21,1690,1690,1680,1680,500,0
2011-01-24,1680,1690,1670,1690,500,0
2011-01-25,1700,1710,1680,1710,700,0
2011-01-26,1710,1720,1710,1720,400,0
2011-01-27,1700,1700,1700,1700,100,0
2011-01-31,1690,1690,1690,1690,100,0
2011-02-01,1700,1700,1700,1700,100,0
2011-02-03,1680,1680,1680,1680,100,0
2011-02-04,1690,1700,1690,1690,800,0
2011-02-08,1700,1700,1700,1700,500,0
2011-02-09,1700,1700,1690,1690,200,0
2011-02-10,1690,1690,1690,1690,100,0
2011-02-14,1670,1680,1670,1680,300,0
2011-02-15,1700,1700,1700,1700,200,0
2011-02-16,1740,1740,1730,1740,1300,0
2011-02-17,1740,1740,1740,1740,100,0
2011-02-18,1740,1740,1740,1740,100,0
2011-02-21,1730,1730,1730,1730,100,0
2011-02-22,1720,1720,1710,1710,500,0
2011-02-23,1710,1710,1710,1710,200,0
2011-02-24,1710,1710,1700,1700,300,0
2011-02-25,1730,1730,1700,1710,700,0
2011-02-28,1720,1720,1720,1720,200,0
2011-03-01,1710,1710,1700,1700,300,0
2011-03-03,1710,1710,1710,1710,100,0
2011-03-04,1710,1710,1710,1710,500,0
2011-03-07,1710,1710,1710,1710,400,0
2011-03-08,1700,1720,1700,1720,200,0
2011-03-10,1720,1720,1700,1700,400,0
2011-03-11,1700,1700,1700,1700,300,0
2011-03-14,1640,1640,1640,1640,200,0
2011-03-15,1580,1580,1500,1500,1400,0
2011-03-16,1400,1400,1400,1480,300,0
2011-03-18,1680,1680,1680,1680,100,0
2011-03-22,1720,1720,1650,1650,200,0
2011-03-23,1700,1740,1700,1740,200,0
2011-03-24,1740,1880,1740,1850,1400,0
2011-03-25,1900,1900,1800,1800,1000,0
2011-03-28,1810,1810,1700,1710,1200,0
2011-03-30,1660,1710,1660,1710,300,0
2011-04-01,1740,1740,1740,1740,200,0
2011-04-05,1720,1720,1720,1720,100,0
2011-04-06,1730,1730,1700,1700,300,0
2011-04-12,1750,1750,1750,1750,100,0
2011-04-13,1750,1750,1750,1750,100,0
2011-04-15,1750,1760,1750,1760,200,0
2011-04-18,1790,1790,1790,1790,200,0
2011-04-19,1790,1790,1790,1790,200,0
2011-04-20,1740,1740,1740,1740,100,0
2011-04-21,1750,1750,1750,1750,100,0
2011-04-22,1780,1790,1770,1790,500,0
2011-04-25,1840,1900,1840,1840,5300,0
2011-04-26,1880,1880,1800,1800,500,0
2011-04-27,1830,1850,1830,1850,300,0
2011-05-02,1810,1810,1750,1750,500,0
2011-05-06,1800,1800,1800,1800,200,0
2011-05-09,1800,1840,1800,1840,300,0
2011-05-10,1800,1800,1780,1780,300,0
2011-05-23,1780,1780,1780,1780,100,0
2011-05-24,1750,1770,1750,1770,200,0
2011-05-25,1770,1770,1770,1770,700,0
2011-05-26,1730,1730,1680,1680,600,0
2011-05-27,1680,1680,1660,1660,300,0
2011-05-30,1640,1640,1630,1630,1700,0
2011-05-31,1640,1640,1640,1640,500,0
2011-06-01,1680,1680,1680,1680,100,0
2011-06-02,1650,1650,1650,1650,200,0
2011-06-03,1640,1640,1640,1640,200,0
2011-06-06,1640,1640,1620,1620,200,0
2011-06-09,1620,1650,1620,1650,300,0
2011-06-10,1650,1650,1650,1650,100,0
2011-06-14,1650,1650,1650,1650,100,0
2011-06-15,1700,1700,1700,1700,100,0
2011-06-16,1670,1670,1630,1630,300,0
2011-06-20,1630,1630,1630,1630,100,0
2011-06-21,1660,1660,1660,1660,100,0
2011-06-22,1620,1620,1610,1610,1300,0
2011-06-23,1630,1660,1630,1660,300,0
2011-06-24,1630,1630,1620,1620,700,0
2011-06-27,1620,1620,1620,1620,200,0
2011-06-28,1620,1620,1620,1620,100,0
2011-06-30,1670,1670,1660,1660,200,0
2011-07-01,1750,1750,1720,1720,200,0
2011-07-05,1680,1680,1680,1680,100,0
2011-07-06,1660,1660,1660,1660,100,0
2011-07-07,1670,1670,1650,1650,500,0
2011-07-08,1660,1670,1660,1660,300,0
2011-07-11,1670,1720,1670,1720,200,0
2011-07-12,1690,1690,1670,1670,400,0
2011-07-13,1700,1700,1700,1700,200,0
2011-07-15,1700,1710,1700,1710,400,0
2011-07-19,1720,1720,1720,1720,100,0
2011-07-20,1670,1680,1670,1670,2800,0
2011-07-21,1660,1660,1660,1660,100,0
2011-07-22,1660,1670,1660,1670,300,0
2011-07-25,1650,1660,1650,1660,800,0
2011-07-26,1660,1660,1660,1660,200,0
2011-07-28,1660,1660,1660,1660,200,0
2011-07-29,1650,1670,1650,1670,400,0
2011-08-01,1670,1670,1670,1670,100,0
2011-08-03,1670,1670,1670,1670,100,0
2011-08-04,1680,1760,1680,1760,600,0
2011-08-05,1660,1740,1660,1740,500,0
2011-08-08,1710,1710,1710,1710,400,0
2011-08-09,1660,1660,1660,1660,100,0
2011-08-10,1660,1710,1660,1710,200,0
2011-08-11,1660,1710,1660,1710,200,0
2011-08-12,1660,1660,1660,1660,200,0
2011-08-15,1710,1710,1710,1710,100,0
2011-08-19,1680,1680,1680,1680,100,0
2011-08-22,1680,1680,1660,1660,200,0
2011-08-23,1730,1730,1730,1730,100,0
2011-08-24,1670,1720,1670,1720,200,0
2011-08-25,1660,1690,1630,1670,1900,0
2011-08-26,1670,1670,1670,1670,200,0
2011-08-30,1680,1680,1680,1680,100,0
2011-08-31,1650,1680,1650,1680,200,0
2011-09-01,1680,1680,1680,1680,100,0
2011-09-02,1680,1680,1680,1680,100,0
2011-09-05,1660,1660,1650,1650,200,0
2011-09-06,1660,1660,1660,1660,100,0
2011-09-09,1660,1680,1650,1680,300,0
2011-09-12,1650,1670,1650,1670,300,0
2011-09-13,1660,1660,1660,1660,100,0
2011-09-14,1640,1640,1640,1640,300,0
2011-09-20,1640,1640,1640,1640,100,0
2011-09-21,1670,1670,1660,1670,400,0
2011-09-22,1650,1650,1640,1640,800,0
2011-09-26,1660,1660,1660,1660,200,0
2011-09-28,1630,1690,1620,1690,400,0
2011-09-29,1660,1660,1660,1660,300,0
2011-09-30,1680,1700,1680,1700,500,0
2011-10-03,1700,1700,1650,1650,400,0
2011-10-04,1630,1630,1630,1630,100,0
2011-10-06,1630,1630,1600,1600,2600,0
2011-10-07,1620,1630,1620,1630,200,0
2011-10-11,1620,1620,1620,1620,100,0
2011-10-12,1630,1630,1630,1630,100,0
2011-10-13,1630,1630,1630,1630,100,0
2011-10-14,1630,1630,1630,1630,200,0
2011-10-18,1640,1680,1640,1680,600,0
2011-10-19,1690,1690,1660,1660,200,0
2011-10-20,1650,1660,1650,1660,600,0
2011-10-21,1660,1660,1660,1660,100,0
2011-10-24,1660,1660,1660,1660,100,0
2011-10-25,1680,1680,1630,1650,1000,0
2011-10-26,1670,1690,1670,1690,400,0
2011-10-27,1660,1660,1660,1660,100,0
2011-10-28,1660,1660,1640,1640,200,0
2011-11-01,1660,1660,1660,1660,100,0
2011-11-02,1650,1650,1640,1640,900,0
2011-11-04,1650,1660,1650,1650,1000,0
2011-11-08,1650,1650,1650,1650,400,0
2011-11-09,1660,1680,1660,1670,600,0
2011-11-10,1670,1670,1650,1650,300,0
2011-11-11,1650,1650,1650,1650,100,0
2011-11-14,1660,1690,1640,1650,2900,0
2011-11-15,1650,1650,1650,1650,400,0
2011-11-16,1640,1650,1640,1650,200,0
2011-11-17,1630,1660,1630,1650,800,0
2011-11-21,1660,1670,1660,1670,200,0
2011-11-22,1650,1650,1640,1650,300,0
2011-11-24,1620,1620,1620,1620,400,0
2011-11-25,1650,1650,1640,1650,1300,0
2011-11-28,1650,1650,1650,1650,200,0
2011-11-29,1650,1650,1630,1630,600,0
2011-12-01,1640,1670,1640,1670,1300,0
2011-12-02,1670,1670,1650,1670,1900,0
2011-12-05,1680,1700,1680,1700,19800,0
2011-12-06,1710,1730,1700,1710,2700,0
2011-12-07,1670,1690,1660,1670,3600,0
2011-12-08,1690,1690,1680,1690,900,0
2011-12-09,1690,1690,1660,1680,3500,0
2011-12-12,1680,1690,1670,1690,1100,0
2011-12-13,1690,1690,1690,1690,300,0
2011-12-14,1680,1680,1670,1680,500,0
2011-12-15,1670,1690,1670,1690,200,0
2011-12-16,1670,1690,1670,1690,400,0
2011-12-19,1670,1670,1670,1670,300,0
2011-12-20,1720,1720,1710,1710,1900,0
2011-12-21,1700,1700,1690,1700,800,0
2011-12-22,1680,1690,1680,1690,900,0
2011-12-26,1690,1690,1660,1690,2100,0
2011-12-27,1680,1690,1670,1670,1700,0
2011-12-28,1550,1620,1550,1570,1400,0
2011-12-30,1590,1600,1590,1600,400,0
2012-01-05,1590,1590,1580,1580,1200,0
2012-01-06,1570,1570,1550,1550,1500,0
2012-01-10,1550,1590,1540,1590,2100,0
2012-01-11,1580,1580,1540,1540,600,0
2012-01-12,1570,1570,1570,1570,400,0
2012-01-13,1540,1540,1540,1540,700,0
2012-01-16,1540,1540,1540,1540,300,0
2012-01-17,1540,1540,1540,1540,400,0
2012-01-18,1540,1540,1540,1540,700,0
2012-01-19,1550,1570,1550,1570,200,0
2012-01-20,1580,1580,1580,1580,100,0
2012-01-23,1590,1600,1590,1600,200,0
2012-01-24,1610,1610,1610,1610,100,0
2012-01-25,1610,1610,1580,1610,1200,0
2012-01-26,1610,1610,1610,1610,200,0
2012-01-27,1580,1580,1570,1570,300,0
2012-01-30,1570,1570,1560,1560,500,0
2012-01-31,1570,1570,1570,1570,100,0
2012-02-01,1590,1600,1590,1590,300,0
2012-02-03,1580,1580,1580,1580,200,0
2012-02-06,1590,1590,1590,1590,300,0
2012-02-07,1580,1580,1580,1580,200,0
2012-02-09,1560,1560,1550,1560,1300,0
2012-02-10,1580,1590,1560,1560,400,0
2012-02-14,1570,1570,1570,1570,200,0
2012-02-15,1600,1600,1600,1600,700,0
2012-02-17,1600,1600,1600,1600,100,0
2012-02-21,1600,1600,1600,1600,800,0
2012-02-22,1610,1640,1610,1640,600,0
2012-02-24,1660,1680,1660,1680,1000,0
2012-02-27,1680,1680,1670,1670,500,0
2012-02-28,1660,1660,1650,1650,300,0
2012-02-29,1650,1680,1650,1660,400,0
2012-03-01,1660,1670,1660,1670,400,0
2012-03-02,1670,1670,1670,1670,200,0
2012-03-05,1660,1660,1660,1660,100,0
2012-03-06,1660,1660,1660,1660,100,0
2012-03-07,1660,1660,1640,1640,400,0
2012-03-09,1660,1660,1660,1660,1200,0
2012-03-12,1660,1670,1660,1670,500,0
2012-03-13,1670,1670,1670,1670,200,0
2012-03-14,1680,1690,1670,1680,1400,0
2012-03-15,1690,1750,1690,1720,1900,0
2012-03-16,1720,1720,1680,1680,1900,0
2012-03-21,1700,1710,1700,1710,500,0
2012-03-22,1730,1730,1720,1720,500,0
2012-03-23,1720,1720,1700,1700,600,0
2012-03-26,1730,1750,1730,1750,1100,0
2012-03-27,1760,1770,1760,1760,600,0
2012-03-28,1730,1740,1730,1740,1000,0
2012-03-30,1760,1760,1760,1760,500,0
2012-04-02,1760,1760,1760,1760,100,0
2012-04-03,1760,1760,1750,1750,200,0
2012-04-04,1740,1740,1730,1730,500,0
2012-04-05,1730,1730,1730,1730,300,0
2012-04-09,1740,1740,1740,1740,100,0
2012-04-10,1790,1790,1740,1740,800,0
2012-04-11,1740,1750,1740,1750,500,0
2012-04-12,1750,1750,1750,1750,200,0
2012-04-13,1740,1740,1740,1740,300,0
2012-04-16,1740,1740,1740,1740,200,0
2012-04-17,1740,1740,1740,1740,200,0
2012-04-18,1760,1760,1760,1760,100,0
2012-04-19,1750,1750,1750,1750,100,0
2012-04-20,1750,1760,1750,1760,200,0
2012-04-23,1770,1780,1770,1780,500,0
2012-04-24,1780,1880,1780,1830,800,0
2012-04-25,1880,1980,1880,1920,5000,0
2012-04-26,1830,1860,1830,1860,900,0
2012-05-07,1850,1850,1750,1750,600,0
2012-05-08,1770,1770,1770,1770,100,0
2012-05-09,1760,1760,1720,1720,500,0
2012-05-11,1730,1730,1700,1700,200,0
2012-05-14,1700,1700,1700,1700,100,0
2012-05-15,1660,1660,1660,1660,100,0
2012-05-22,1660,1660,1660,1660,200,0
2012-05-23,1680,1680,1680,1680,100,0
2012-05-24,1680,1680,1680,1680,200,0
2012-05-25,1680,1680,1680,1680,500,0
2012-05-28,1640,1640,1640,1640,300,0
2012-05-30,1650,1700,1650,1700,200,0
2012-06-01,1750,1750,1750,1750,100,0
2012-06-05,1700,1750,1700,1750,600,0
2012-06-07,1680,1680,1640,1640,300,0
2012-06-08,1640,1640,1640,1640,100,0
2012-06-11,1650,1680,1650,1680,600,0
2012-06-13,1690,1690,1690,1690,100,0
2012-06-14,1690,1690,1690,1690,100,0
2012-06-15,1700,1700,1700,1700,300,0
2012-06-19,1750,1770,1750,1770,1300,0
2012-06-20,1740,1770,1740,1760,500,0
2012-06-21,1720,1750,1680,1750,700,0
2012-06-25,1770,1770,1770,1770,400,0
2012-06-26,1820,1820,1750,1800,700,0
2012-06-27,1800,1800,1780,1790,400,0
2012-06-28,1700,1700,1700,1700,3500,0
2012-06-29,1710,1710,1700,1700,1100,0
2012-07-02,1700,1730,1700,1730,1200,0
2012-07-03,1710,1710,1710,1710,300,0
2012-07-04,1720,1760,1720,1760,300,0
2012-07-05,1770,1770,1770,1770,100,0
2012-07-09,1740,1740,1740,1740,100,0
2012-07-10,1740,1740,1740,1740,100,0
2012-07-13,1750,1750,1740,1740,200,0
2012-07-17,1740,1740,1740,1740,200,0
2012-07-18,1790,1790,1790,1790,100,0
2012-07-19,1770,1770,1730,1730,200,0
2012-07-20,1780,1780,1740,1740,1800,0
2012-07-23,1830,1830,1830,1830,100,0
2012-07-24,1800,1800,1760,1760,300,0
2012-07-25,1770,1810,1770,1810,900,0
2012-07-26,1810,1810,1800,1800,300,0
2012-07-31,1720,1730,1700,1710,1600,0
2012-08-01,1730,1730,1720,1720,500,0
2012-08-03,1720,1720,1700,1700,700,0
2012-08-06,1660,1660,1660,1660,300,0
2012-08-07,1690,1690,1690,1690,100,0
2012-08-08,1690,1690,1690,1690,100,0
2012-08-10,1700,1700,1700,1700,200,0
2012-08-16,1700,1700,1700,1700,100,0
2012-08-17,1740,1740,1740,1740,100,0
2012-08-23,1710,1730,1710,1730,300,0
2012-08-24,1720,1720,1720,1720,400,0
2012-08-27,1740,1740,1740,1740,200,0
2012-08-30,1760,1760,1760,1760,100,0
2012-08-31,1750,1750,1750,1750,200,0
2012-09-04,1700,1700,1700,1700,100,0
2012-09-05,1700,1700,1700,1700,100,0
2012-09-06,1690,1690,1690,1690,100,0
2012-09-07,1690,1700,1690,1700,300,0
2012-09-11,1700,1700,1700,1700,200,0
2012-09-12,1730,1730,1730,1730,100,0
2012-09-21,1760,1760,1750,1750,300,0
2012-09-25,1780,1780,1780,1780,600,0
2012-09-26,1780,1780,1750,1770,300,0
2012-10-02,1810,1810,1810,1810,100,0
2012-10-04,1770,1770,1770,1770,100,0
2012-10-05,1770,1770,1770,1770,100,0
2012-10-09,1750,1750,1750,1750,300,0
2012-10-10,1750,1750,1750,1750,100,0
2012-10-11,1730,1730,1730,1730,100,0
2012-10-19,1790,1800,1790,1800,400,0
2012-10-22,1790,1790,1780,1780,200,0
2012-10-23,1800,1800,1790,1790,600,0
2012-10-24,1790,1790,1780,1780,500,0
2012-10-25,1800,1800,1780,1780,500,0
2012-10-26,1810,1820,1810,1820,400,0
2012-10-29,1820,1820,1810,1810,200,0
2012-10-30,1820,1820,1820,1820,200,0
2012-10-31,1800,1800,1800,1800,300,0
2012-11-01,1820,1820,1820,1820,100,0
2012-11-05,1780,1780,1780,1780,100,0
2012-11-06,1790,1790,1790,1790,100,0
2012-11-08,1780,1780,1780,1780,100,0
2012-11-09,1810,1810,1770,1770,300,0
2012-11-12,1780,1780,1770,1770,400,0
2012-11-13,1740,1740,1740,1740,100,0
2012-11-14,1730,1730,1730,1730,200,0
2012-11-15,1760,1780,1760,1780,400,0
2012-11-16,1770,1770,1770,1770,100,0
2012-11-19,1770,1770,1770,1770,200,0
2012-11-20,1790,1790,1790,1790,200,0
2012-11-22,1810,1810,1810,1810,700,0
2012-11-26,1810,1810,1810,1810,200,0
2012-11-28,1820,1830,1800,1820,700,0
2012-11-29,1830,1830,1830,1830,100,0
2012-11-30,1830,1830,1820,1820,3200,0
2012-12-04,1810,1820,1810,1820,200,0
2012-12-05,1820,1820,1820,1820,200,0
2012-12-06,1840,1840,1840,1840,1000,0
2012-12-07,1860,1860,1860,1860,500,0
2012-12-13,1960,1960,1860,1870,1200,0
2012-12-14,1820,1840,1820,1840,800,0
2012-12-17,1850,1870,1850,1870,600,0
2012-12-18,1870,1900,1870,1900,1100,0
2012-12-19,1920,1970,1920,1960,1100,0
2012-12-20,1980,1990,1960,1970,1700,0
2012-12-21,1960,2000,1960,1970,1400,0
2012-12-25,2000,2000,1960,1970,1200,0
2012-12-26,1870,1880,1870,1880,800,0
2012-12-27,1880,1880,1780,1840,1200,0
2013-01-04,1850,1850,1850,1850,200,0
2013-01-07,1850,1880,1850,1860,1100,0
2013-01-09,1850,1860,1850,1860,200,0
2013-01-11,1860,1860,1860,1860,600,0
2013-01-15,1860,1860,1850,1850,800,0
2013-01-17,1850,1850,1840,1840,300,0
2013-01-18,1850,1890,1850,1890,1500,0
2013-01-21,1900,1920,1890,1920,500,0
2013-01-23,1900,1900,1880,1900,600,0
2013-01-24,1900,1900,1900,1900,400,0
2013-01-25,1900,1900,1900,1900,800,0
2013-01-28,1910,1910,1900,1910,800,0
2013-01-29,1920,1920,1920,1920,100,0
2013-01-30,1920,1930,1920,1930,1800,0
2013-01-31,1940,1940,1930,1930,400,0
2013-02-01,1930,1930,1900,1900,1000,0
2013-02-04,1920,1930,1910,1930,4200,0
2013-02-05,1950,1950,1910,1940,3000,0
2013-02-06,1950,1950,1940,1940,300,0
2013-02-07,1950,1950,1950,1950,500,0
2013-02-08,1910,1910,1860,1870,1600,0
2013-02-12,1890,1900,1890,1890,1700,0
2013-02-13,1870,1870,1810,1810,3100,0
2013-02-14,1860,1860,1820,1830,1400,0
2013-02-15,1830,1830,1830,1830,300,0
2013-02-18,1840,1840,1840,1840,1000,0
2013-02-19,1850,1850,1850,1850,400,0
2013-02-20,1850,1850,1850,1850,500,0
2013-02-21,1850,1850,1850,1850,500,0
2013-02-22,1850,1850,1820,1840,1700,0
2013-02-25,1870,1870,1860,1870,2000,0
2013-02-26,1870,1870,1860,1870,800,0
2013-02-27,1870,1870,1850,1870,700,0
2013-02-28,1870,1870,1850,1850,1100,0
2013-03-01,1860,1860,1860,1860,600,0
2013-03-04,1910,1930,1910,1930,1700,0
2013-03-05,1920,1990,1920,1950,3800,0
2013-03-06,1930,1930,1920,1920,800,0
2013-03-07,1940,1950,1910,1910,3100,0
2013-03-08,1940,1950,1920,1930,1700,0
2013-03-11,1950,1950,1950,1950,1600,0
2013-03-12,1970,1990,1970,1980,2900,0
2013-03-13,1990,1990,1970,1980,1100,0
2013-03-14,1980,2000,1960,1980,1600,0
2013-03-15,2000,2030,2000,2020,4400,0
2013-03-18,2040,2150,2040,2100,5000,0
2013-03-19,2150,2200,2080,2190,5500,0
2013-03-21,2200,2220,2120,2200,3400,0
2013-03-22,2150,2180,2090,2090,2600,0
2013-03-25,2100,2130,2060,2120,2500,0
2013-03-26,2120,2120,2060,2060,1200,0
2013-03-27,2090,2090,2060,2060,1800,0
2013-03-28,2100,2100,2060,2090,700,0
2013-03-29,2110,2110,2050,2080,1100,0
2013-04-01,2110,2110,2010,2010,1900,0
2013-04-02,2030,2030,1980,2000,2200,0
2013-04-03,2030,2290,2030,2260,9500,0
2013-04-04,2240,2240,2150,2190,3700,0
2013-04-05,2310,2400,2190,2370,9100,0
2013-04-08,2500,2780,2460,2700,15200,0
2013-04-09,2800,2800,2530,2630,7200,0
2013-04-10,2610,2610,2400,2490,2300,0
2013-04-11,2590,2590,2450,2450,1500,0
2013-04-12,2400,2500,2400,2420,2500,0
2013-04-15,2420,2600,2420,2520,2700,0
2013-04-16,2500,2500,2460,2500,1700,0
2013-04-17,2500,2500,2360,2490,2700,0
2013-04-18,2490,2510,2410,2510,1900,0
2013-04-19,2520,2520,2430,2430,2000,0
2013-04-22,2540,2540,2430,2480,2400,0
2013-04-23,2460,2460,2460,2460,900,0
2013-04-24,2470,2530,2470,2530,3800,0
2013-04-25,2590,2590,2500,2530,5000,0
2013-04-26,2540,2540,2450,2480,2200,0
2013-04-30,2460,2460,2420,2440,1400,0
2013-05-01,2450,2460,2450,2460,200,0
2013-05-02,2470,2470,2440,2470,900,0
2013-05-07,2500,2520,2470,2470,3300,0
2013-05-08,2490,2490,2440,2440,2000,0
2013-05-09,2440,2440,2400,2400,4700,0
2013-05-10,2390,2420,2350,2350,2400,0
2013-05-13,2390,2400,2250,2340,3100,0
2013-05-14,2360,2370,2330,2330,3500,0
2013-05-15,2360,2360,2130,2230,2700,0
2013-05-16,2230,2230,2110,2130,3300,0
2013-05-17,2140,2200,2140,2190,2700,0
2013-05-20,2260,2260,2210,2260,1200,0
2013-05-21,2250,2250,2210,2210,2000,0
2013-05-22,2290,2290,2250,2270,4100,0
2013-05-23,2230,2250,2150,2160,5600,0
2013-05-24,2160,2210,2160,2190,1800,0
2013-05-27,2120,2170,2120,2120,2500,0
2013-05-28,2140,2140,2110,2140,1700,0
2013-05-29,2150,2150,2100,2100,900,0
2013-05-30,2100,2100,2080,2080,2400,0
2013-05-31,2150,2150,2060,2060,500,0
2013-06-03,2070,2070,2070,2070,100,0
2013-06-04,2050,2090,2010,2090,900,0
2013-06-05,2090,2090,2090,2090,500,0
2013-06-06,2040,2040,2000,2000,300,0
2013-06-07,1920,1920,1840,1920,1600,0
2013-06-10,1980,1990,1900,1990,1200,0
2013-06-11,1960,1960,1960,1960,200,0
2013-06-12,2000,2000,2000,2000,400,0
2013-06-13,1920,2000,1920,2000,800,0
2013-06-14,2000,2000,1960,1960,400,0
2013-06-17,2010,2010,2010,2010,300,0
2013-06-18,2020,2060,2020,2060,1500,0
2013-06-19,2030,2030,2000,2000,500,0
2013-06-21,2020,2030,2000,2000,900,0
2013-06-25,2040,2040,2030,2030,1100,0
2013-06-26,2030,2030,1920,2030,900,0
2013-06-27,2040,2040,1950,1950,300,0
2013-06-28,2000,2000,2000,2000,100,0
2013-07-01,2040,2040,1960,2000,700,0
2013-07-02,2080,2150,2080,2150,400,0
2013-07-03,2100,2100,2090,2090,300,0
2013-07-04,2080,2080,2070,2070,200,0
2013-07-05,2070,2070,2070,2070,100,0
2013-07-08,2150,2150,2150,2150,100,0
2013-07-09,2130,2170,2130,2170,1800,0
2013-07-10,2200,2220,2150,2210,1900,0
2013-07-11,2180,2180,2180,2180,100,0
2013-07-12,2170,2200,2120,2200,1300,0
2013-07-16,2130,2170,2130,2170,400,0
2013-07-17,2150,2160,2150,2150,300,0
2013-07-18,2160,2170,2150,2150,1000,0
2013-07-19,2180,2180,2140,2140,1800,0
2013-07-22,2170,2170,2160,2160,300,0
2013-07-23,2160,2160,2160,2160,200,0
2013-07-24,2160,2160,2160,2160,200,0
2013-07-25,2170,2170,2170,2170,400,0
2013-07-26,2170,2170,2110,2110,500,0
2013-07-29,1960,2030,1960,2020,400,0
2013-07-30,2020,2100,2020,2100,200,0
2013-07-31,2070,2120,2070,2120,700,0
2013-08-01,2110,2110,2110,2110,200,0
2013-08-02,2170,2170,2160,2160,400,0
2013-08-05,2160,2160,2160,2160,300,0
2013-08-06,2150,2170,2150,2170,400,0
2013-08-07,2170,2170,2170,2170,300,0
2013-08-08,2180,2180,2120,2120,200,0
2013-08-09,2130,2200,2130,2150,700,0
2013-08-12,2160,2160,2110,2110,300,0
2013-08-13,2100,2100,2100,2100,200,0
2013-08-16,2100,2140,2100,2100,400,0
2013-08-19,2110,2140,2110,2140,200,0
2013-08-22,2140,2140,2130,2130,300,0
2013-08-23,2170,2170,2170,2170,300,0
2013-08-26,2190,2190,2190,2190,200,0
2013-08-27,2190,2200,2190,2200,700,0
2013-08-28,2160,2160,2160,2160,400,0
2013-08-29,2160,2200,2160,2200,600,0
2013-08-30,2180,2180,2180,2180,100,0
2013-09-02,2130,2180,2130,2180,400,0
2013-09-03,2160,2160,2160,2160,100,0
2013-09-04,2160,2190,2160,2190,300,0
2013-09-06,2160,2160,2160,2160,200,0
2013-09-10,2170,2170,2160,2160,300,0
2013-09-11,2180,2180,2180,2180,200,0
2013-09-12,2190,2270,2190,2250,2900,0
2013-09-13,2230,2230,2230,2230,300,0
2013-09-17,2260,2270,2230,2240,1300,0
2013-09-18,2260,2260,2230,2230,700,0
2013-09-19,2250,2250,2240,2240,900,0
2013-09-20,2240,2270,2230,2240,1500,0
2013-09-24,2260,2380,2260,2380,4100,0
2013-09-25,2360,2360,2300,2350,1600,0
2013-09-26,2340,2340,2300,2340,1100,0
2013-09-27,2320,2340,2310,2310,900,0
2013-09-30,2300,2300,2250,2300,1900,0
2013-10-01,2300,2300,2300,2300,500,0
2013-10-02,2300,2300,2250,2250,1900,0
2013-10-03,2250,2250,2220,2230,1500,0
2013-10-04,2200,2260,2180,2240,1500,0
2013-10-07,2210,2260,2190,2190,1600,0
2013-10-08,2190,2220,2190,2220,900,0
2013-10-09,2180,2220,2180,2220,600,0
2013-10-10,2240,2240,2230,2240,400,0
2013-10-11,2250,2290,2250,2280,2100,0
2013-10-15,2330,2330,2300,2300,2200,0
2013-10-16,2300,2310,2300,2300,700,0
2013-10-17,2300,2340,2240,2270,5400,0
2013-10-18,2270,2320,2270,2320,1700,0
2013-10-21,2370,2380,2370,2380,1500,0
2013-10-22,2360,2360,2330,2340,1000,0
2013-10-23,2370,2390,2350,2380,3400,0
2013-10-24,2380,2380,2370,2370,400,0
2013-10-25,2370,2410,2370,2370,3500,0
2013-10-28,2400,2460,2400,2450,1900,0
2013-10-29,2420,2470,2410,2470,1100,0
2013-10-30,2440,2470,2420,2470,1000,0
2013-10-31,2460,2460,2430,2430,500,0
2013-11-01,2440,2440,2350,2360,4500,0
2013-11-05,2380,2390,2330,2330,2200,0
2013-11-06,2340,2440,2340,2400,1700,0
2013-11-07,2420,2420,2410,2410,300,0
2013-11-08,2410,2410,2370,2380,1000,0
2013-11-11,2430,2510,2420,2510,6300,0
2013-11-12,2380,2420,2320,2370,11700,0
2013-11-13,2360,2400,2350,2350,2700,0
2013-11-14,2350,2380,2310,2370,4700,0
2013-11-15,2400,2410,2320,2340,3900,0
2013-11-18,2360,2370,2340,2350,4500,0
2013-11-19,2370,2380,2290,2310,12400,0
2013-11-20,2330,2350,2330,2340,2400,0
2013-11-21,2350,2390,2340,2390,1300,0
2013-11-22,2400,2400,2370,2390,900,0
2013-11-25,2400,2410,2390,2410,2400,0
2013-11-26,2410,2440,2380,2390,3300,0
2013-11-27,2370,2410,2370,2400,1500,0
2013-11-28,2430,2430,2390,2390,4200,0
2013-11-29,2390,2410,2390,2410,3900,0
2013-12-02,2420,2480,2410,2430,3000,0
2013-12-03,2430,2430,2420,2420,600,0
2013-12-04,2400,2450,2400,2450,1200,0
2013-12-05,2430,2430,2400,2420,1300,0
2013-12-06,2390,2410,2390,2410,1800,0
2013-12-09,2400,2420,2400,2410,2300,0
2013-12-10,2440,2450,2420,2430,5800,0
2013-12-11,2420,2440,2420,2430,1900,0
2013-12-12,2430,2470,2430,2460,3000,0
2013-12-13,2460,2500,2460,2490,4700,0
2013-12-16,2490,2500,2460,2490,5300,0
2013-12-17,2470,2470,2450,2460,2000,0
2013-12-18,2460,2470,2450,2470,3600,0
2013-12-19,2470,2470,2450,2450,3600,0
2013-12-20,2460,2490,2450,2470,6900,0
2013-12-24,2470,2480,2470,2470,5100,0
2013-12-25,2440,2480,2440,2470,11900,0
2013-12-26,2370,2400,2360,2400,6200,0
2013-12-27,2410,2410,2340,2390,2800,0
2013-12-30,2390,2430,2390,2430,2900,0
2014-01-06,2430,2440,2340,2420,1600,0
2014-01-07,2420,2420,2360,2400,2200,0
2014-01-08,2400,2430,2400,2430,1300,0
2014-01-09,2420,2420,2390,2390,1500,0
2014-01-10,2400,2400,2370,2390,2400,0
2014-01-14,2390,2390,2390,2390,100,0
2014-01-15,2380,2390,2360,2380,900,0
2014-01-16,2390,2400,2340,2400,1700,0
2014-01-17,2400,2400,2340,2360,1000,0
2014-01-20,2390,2400,2360,2370,3400,0
2014-01-21,2370,2370,2360,2360,1500,0
2014-01-22,2360,2370,2360,2360,800,0
2014-01-23,2370,2370,2360,2360,1300,0
2014-01-24,2350,2350,2340,2350,2100,0
2014-01-27,2330,2330,2310,2320,3000,0
2014-01-28,2320,2320,2300,2320,1800,0
2014-01-29,2310,2350,2310,2320,1900,0
2014-01-30,2320,2320,2290,2290,900,0
2014-01-31,2320,2320,2300,2300,800,0
2014-02-03,2230,2230,2210,2220,1700,0
2014-02-04,2100,2160,2100,2100,5400,0
2014-02-05,2180,2180,2120,2150,900,0
2014-02-06,2150,2150,2120,2150,600,0
2014-02-07,2160,2160,2150,2150,900,0
2014-02-10,2160,2170,2150,2170,1800,0
2014-02-12,2170,2170,2120,2130,2100,0
2014-02-13,2140,2140,2100,2110,1600,0
2014-02-14,2110,2110,2030,2040,1800,0
2014-02-17,2060,2070,2040,2040,600,0
2014-02-18,2060,2100,2060,2070,1000,0
2014-02-19,2080,2080,2060,2080,400,0
2014-02-20,2050,2090,2050,2050,800,0
2014-02-21,2070,2070,2060,2060,200,0
2014-02-24,2090,2090,2070,2070,1600,0
2014-02-25,2120,2120,2100,2110,1300,0
2014-02-26,2090,2090,2090,2090,400,0
2014-02-27,2100,2100,2090,2090,400,0
2014-02-28,2090,2090,2080,2080,200,0
2014-03-03,2080,2080,2040,2040,1100,0
2014-03-04,2040,2050,2040,2040,700,0
2014-03-05,2060,2060,2060,2060,800,0
2014-03-06,2050,2070,2050,2070,300,0
2014-03-07,2080,2100,2080,2100,900,0
2014-03-10,2130,2130,2090,2090,1800,0
2014-03-11,2090,2090,2070,2070,400,0
2014-03-12,2070,2070,2060,2070,1600,0
2014-03-13,2070,2070,2060,2060,1200,0
2014-03-14,2070,2070,2030,2040,1100,0
2014-03-17,2040,2040,1950,2000,2600,0
2014-03-18,2040,2090,2000,2090,2000,0
2014-03-19,2090,2120,2070,2100,2300,0
2014-03-20,2040,2060,2010,2050,900,0
2014-03-24,2050,2130,2030,2130,1400,0
2014-03-25,2130,2140,2110,2110,1500,0
2014-03-26,2130,2130,2130,2130,200,0
2014-03-27,2090,2100,2090,2100,500,0
2014-03-28,2100,2140,2100,2140,400,0
2014-03-31,2130,2130,2130,2130,400,0
2014-04-01,2100,2150,2090,2150,1200,0
2014-04-02,2150,2170,2140,2170,1000,0
2014-04-03,2150,2170,2150,2170,800,0
2014-04-04,2140,2170,2140,2170,300,0
2014-04-07,2150,2160,2150,2160,400,0
2014-04-08,2140,2140,2120,2120,200,0
2014-04-09,2130,2130,2100,2100,1100,0
2014-04-10,2100,2110,2100,2110,400,0
2014-04-11,2100,2120,2090,2110,700,0
2014-04-14,2140,2150,2140,2150,300,0
2014-04-15,2130,2150,2130,2150,900,0
2014-04-16,2150,2160,2150,2160,1100,0
2014-04-17,2150,2170,2140,2170,1200,0
2014-04-18,2180,2180,2150,2150,1500,0
2014-04-21,2160,2160,2160,2160,100,0
2014-04-22,2160,2160,2140,2140,1200,0
2014-04-23,2180,2220,2180,2220,1100,0
2014-04-24,2210,2230,2190,2220,1400,0
2014-04-25,2230,2230,2180,2190,3500,0
2014-04-28,2210,2210,2160,2160,600,0
2014-04-30,2160,2160,2160,2160,200,0
2014-05-01,2170,2190,2170,2190,200,0
2014-05-02,2190,2200,2150,2150,1000,0
2014-05-07,2150,2190,2150,2190,400,0
2014-05-08,2200,2200,2160,2160,300,0
2014-05-09,2160,2160,2160,2160,100,0
2014-05-12,2190,2200,2180,2180,400,0
2014-05-13,2140,2140,2120,2120,700,0
2014-05-14,2130,2130,2120,2120,200,0
2014-05-15,2130,2130,2120,2120,300,0
2014-05-16,2130,2170,2120,2170,900,0
2014-05-19,2140,2140,2140,2140,200,0
2014-05-20,2120,2120,2120,2120,500,0
2014-05-21,2120,2120,2120,2120,200,0
2014-05-22,2120,2120,2120,2120,800,0
2014-05-23,2150,2150,2150,2150,300,0
2014-05-26,2170,2170,2170,2170,300,0
2014-05-27,2150,2170,2150,2170,200,0
2014-05-29,2150,2170,2140,2170,500,0
2014-05-30,2170,2170,2170,2170,100,0
2014-06-02,2170,2170,2170,2170,100,0
2014-06-03,2170,2190,2130,2170,900,0
2014-06-04,2150,2150,2150,2150,200,0
2014-06-06,2150,2150,2150,2150,300,0
2014-06-09,2150,2200,2140,2200,1700,0
2014-06-10,2200,2200,2200,2200,200,0
2014-06-11,2180,2180,2180,2180,100,0
2014-06-12,2180,2180,2180,2180,100,0
2014-06-13,2150,2150,2150,2150,500,0
2014-06-16,2190,2190,2190,2190,400,0
2014-06-17,2180,2200,2180,2200,2100,0
2014-06-19,2180,2190,2140,2190,3500,0
2014-06-20,2200,2200,2150,2180,2400,0
2014-06-23,2180,2180,2160,2170,1000,0
2014-06-24,2170,2190,2170,2190,1000,0
2014-06-25,2200,2210,2180,2200,4400,0
2014-06-26,2200,2200,2190,2200,1100,0
2014-06-27,2200,2210,2180,2180,2000,0
2014-06-30,2160,2190,2160,2190,1900,0
2014-07-01,2200,2250,2200,2250,1600,0
2014-07-02,2240,2290,2240,2260,2000,0
2014-07-03,2260,2260,2250,2250,300,0
2014-07-04,2250,2260,2240,2260,1000,0
2014-07-07,2260,2260,2250,2250,700,0
2014-07-08,2280,2280,2250,2250,400,0
2014-07-09,2270,2270,2250,2250,600,0
2014-07-11,2240,2240,2200,2230,1500,0
2014-07-15,2250,2250,2250,2250,600,0
2014-07-16,2270,2270,2260,2260,400,0
2014-07-17,2260,2280,2250,2260,1100,0
2014-07-18,2260,2270,2250,2260,1800,0
2014-07-22,2290,2290,2270,2280,700,0
2014-07-23,2280,2280,2280,2280,300,0
2014-07-24,2280,2280,2280,2280,100,0
2014-07-25,2280,2280,2270,2280,800,0
2014-07-28,2260,2260,2260,2260,400,0
2014-07-29,2280,2300,2280,2300,700,0
2014-07-30,2320,2340,2320,2340,800,0
2014-07-31,2310,2320,2300,2310,1200,0
2014-08-01,2320,2480,2320,2370,5000,0
2014-08-04,2380,2380,2330,2330,700,0
2014-08-05,2340,2340,2330,2330,300,0
2014-08-06,2310,2380,2310,2380,1100,0
2014-08-07,2340,2350,2330,2330,300,0
2014-08-08,2300,2310,2300,2300,500,0
2014-08-11,2330,2330,2300,2300,1000,0
2014-08-12,2300,2320,2300,2320,1400,0
2014-08-13,2320,2320,2260,2270,800,0
2014-08-18,2280,2280,2280,2280,100,0
2014-08-19,2320,2320,2320,2320,100,0
2014-08-20,2320,2320,2320,2320,100,0
2014-08-21,2290,2310,2290,2300,900,0
2014-08-22,2330,2330,2330,2330,300,0
2014-08-25,2360,2360,2360,2360,500,0
2014-08-26,2360,2360,2360,2360,300,0
2014-08-27,2330,2340,2330,2330,800,0
2014-08-28,2310,2310,2290,2290,400,0
2014-08-29,2300,2310,2300,2310,300,0
2014-09-01,2320,2330,2300,2300,400,0
2014-09-02,2310,2330,2310,2320,1100,0
2014-09-03,2330,2340,2330,2340,1200,0
2014-09-04,2320,2320,2320,2320,300,0
2014-09-05,2320,2320,2310,2310,200,0
2014-09-08,2310,2310,2310,2310,900,0
2014-09-09,2320,2320,2320,2320,100,0
2014-09-11,2350,2350,2350,2350,300,0
2014-09-12,2350,2350,2340,2340,1400,0
2014-09-16,2320,2320,2320,2320,400,0
2014-09-17,2320,2340,2320,2330,300,0
2014-09-18,2320,2320,2300,2310,1100,0
2014-09-22,2310,2310,2310,2310,100,0
2014-09-24,2350,2350,2340,2340,600,0
2014-09-25,2350,2350,2340,2340,1500,0
2014-09-26,2340,2390,2340,2390,1000,0
2014-09-29,2390,2390,2380,2380,700,0
2014-09-30,2370,2380,2370,2380,400,0
2014-10-01,2370,2380,2370,2370,500,0
2014-10-02,2370,2370,2330,2340,1500,0
2014-10-03,2330,2330,2330,2330,200,0
2014-10-06,2340,2340,2340,2340,200,0
2014-10-07,2350,2360,2350,2360,300,0
2014-10-08,2340,2350,2330,2350,600,0
2014-10-09,2350,2350,2350,2350,200,0
2014-10-10,2340,2340,2330,2330,500,0
2014-10-14,2320,2320,2270,2270,2200,0
2014-10-15,2270,2270,2270,2270,800,0
2014-10-17,2280,2280,2280,2280,300,0
2014-10-20,2280,2300,2280,2300,800,0
2014-10-21,2310,2310,2300,2300,300,0
2014-10-22,2350,2350,2350,2350,100,0
2014-10-23,2270,2310,2270,2310,600,0
2014-10-24,2310,2360,2310,2360,400,0
2014-10-27,2360,2360,2360,2360,200,0
2014-10-29,2320,2380,2320,2330,900,0
2014-10-31,2370,2380,2370,2380,200,0
2014-11-04,2400,2400,2390,2390,1700,0
2014-11-05,2380,2380,2360,2370,800,0
2014-11-06,2380,2390,2380,2380,300,0
2014-11-07,2370,2370,2370,2370,100,0
2014-11-10,2380,2390,2370,2370,600,0
2014-11-11,2370,2370,2370,2370,200,0
2014-11-12,2400,2400,2390,2400,800,0
2014-11-13,2400,2410,2400,2410,300,0
2014-11-14,2410,2430,2390,2390,1000,0
2014-11-17,2400,2400,2390,2400,800,0
2014-11-18,2430,2430,2400,2400,300,0
2014-11-19,2420,2420,2420,2420,100,0
2014-11-20,2420,2430,2410,2430,700,0
2014-11-21,2440,2450,2420,2420,1300,0
2014-11-25,2420,2430,2420,2420,1600,0
2014-11-26,2430,2430,2430,2430,1000,0
2014-11-27,2440,2460,2440,2450,1200,0
2014-11-28,2460,2460,2450,2450,900,0
2014-12-01,2460,2460,2450,2450,400,0
2014-12-02,2450,2450,2450,2450,500,0
2014-12-03,2460,2470,2460,2460,600,0
2014-12-04,2460,2470,2450,2470,800,0
2014-12-05,2470,2470,2460,2470,800,0
2014-12-08,2480,2480,2480,2480,300,0
2014-12-09,2470,2470,2440,2450,2100,0
2014-12-10,2440,2460,2430,2430,6300,0
2014-12-11,2430,2430,2430,2430,400,0
2014-12-12,2450,2450,2440,2440,500,0
2014-12-15,2450,2460,2440,2450,2100,0
2014-12-16,2440,2440,2430,2430,1700,0
2014-12-17,2430,2460,2430,2450,1100,0
2014-12-18,2450,2460,2450,2450,600,0
2014-12-19,2470,2470,2460,2470,1500,0
2014-12-22,2490,2490,2470,2480,2200,0
2014-12-24,2470,2490,2460,2470,2500,0
2014-12-25,2450,2490,2450,2480,3600,0
2014-12-26,2290,2400,2290,2340,4700,0
2014-12-29,2370,2370,2350,2360,900,0
2014-12-30,2370,2380,2350,2380,1000,0
2015-01-05,2380,2380,2380,2380,300,0
2015-01-06,2370,2370,2300,2330,1600,0
2015-01-07,2300,2300,2300,2300,200,0
2015-01-08,2330,2350,2330,2340,500,0
2015-01-09,2310,2320,2310,2310,2400,0
2015-01-13,2310,2330,2310,2330,400,0
2015-01-14,2360,2360,2300,2320,1200,0
2015-01-15,2340,2340,2340,2340,300,0
2015-01-16,2320,2320,2300,2310,700,0
2015-01-19,2320,2320,2310,2310,600,0
2015-01-20,2310,2320,2310,2320,900,0
2015-01-21,2320,2320,2310,2310,400,0
2015-01-22,2280,2280,2280,2280,100,0
2015-01-23,2300,2300,2300,2300,1000,0
2015-01-26,2320,2320,2310,2310,400,0
2015-01-27,2330,2340,2320,2320,600,0
2015-01-28,2350,2350,2310,2330,1200,0
2015-01-29,2330,2340,2330,2340,300,0
2015-01-30,2360,2370,2360,2360,300,0
2015-02-03,2340,2340,2300,2300,1600,0
2015-02-04,2300,2320,2300,2320,500,0
2015-02-05,2320,2320,2310,2310,400,0
2015-02-06,2310,2310,2310,2310,200,0
2015-02-09,2310,2320,2310,2320,200,0
2015-02-10,2310,2310,2240,2270,1400,0
2015-02-12,2270,2270,2270,2270,1300,0
2015-02-13,2280,2280,2280,2280,200,0
2015-02-16,2310,2310,2310,2310,200,0
2015-02-17,2290,2300,2290,2300,500,0
2015-02-18,2300,2300,2300,2300,200,0
2015-02-19,2300,2300,2300,2300,300,0
2015-02-23,2310,2330,2310,2330,500,0
2015-02-24,2310,2330,2310,2330,500,0
2015-02-25,2330,2330,2320,2320,600,0
2015-02-26,2300,2300,2300,2300,300,0
2015-02-27,2320,2320,2310,2320,700,0
2015-03-02,2310,2330,2300,2300,800,0
2015-03-03,2310,2310,2290,2310,1200,0
2015-03-04,2320,2320,2320,2320,100,0
2015-03-06,2320,2320,2300,2310,700,0
2015-03-09,2320,2320,2320,2320,100,0
2015-03-10,2330,2330,2300,2300,1100,0
2015-03-11,2280,2280,2280,2280,800,0
2015-03-12,2290,2340,2290,2340,2600,0
2015-03-13,2340,2340,2310,2340,800,0
2015-03-16,2340,2350,2310,2350,800,0
2015-03-17,2350,2350,2350,2350,400,0
2015-03-18,2320,2560,2320,2400,18800,0
2015-03-19,2400,2400,2350,2370,2300,0
2015-03-20,2370,2370,2340,2340,900,0
2015-03-23,2360,2360,2340,2350,1000,0
2015-03-24,2360,2360,2350,2350,200,0
2015-03-25,2420,2530,2360,2380,9800,0
2015-03-26,2380,2380,2360,2370,900,0
2015-03-27,2380,2380,2350,2350,800,0
2015-03-30,2350,2350,2350,2350,500,0
2015-03-31,2350,2350,2350,2350,400,0
2015-04-01,2340,2340,2340,2340,200,0
2015-04-02,2360,2360,2350,2350,200,0
2015-04-03,2350,2360,2350,2360,300,0
2015-04-06,2360,2380,2360,2380,500,0
2015-04-07,2370,2420,2370,2410,2900,0
2015-04-08,2410,2420,2400,2420,900,0
2015-04-09,2400,2420,2400,2420,400,0
2015-04-13,2420,2430,2420,2420,400,0
2015-04-14,2430,2430,2420,2420,900,0
2015-04-15,2430,2430,2420,2420,400,0
2015-04-16,2420,2420,2390,2420,600,0
2015-04-17,2410,2410,2410,2410,100,0
2015-04-21,2400,2400,2400,2400,200,0
2015-04-22,2400,2400,2400,2400,200,0
2015-04-23,2410,2410,2350,2380,2400,0
2015-04-24,2350,2370,2320,2370,2100,0
2015-04-27,2360,2500,2340,2500,8000,0
2015-04-28,2520,3050,2440,2440,135800,0
2015-04-30,2500,2510,2430,2470,5600,0
2015-05-01,2450,2470,2420,2470,1700,0
2015-05-07,2430,2430,2390,2390,1400,0
2015-05-08,2420,2540,2410,2410,10100,0
2015-05-11,2440,2480,2410,2430,2200,0
2015-05-12,2430,2430,2340,2390,4000,0
2015-05-13,2410,2410,2370,2380,1000,0
2015-05-14,2380,2380,2340,2360,2100,0
2015-05-15,2390,2390,2390,2390,100,0
2015-05-18,2390,2390,2380,2390,800,0
2015-05-19,2390,2390,2360,2370,2400,0
2015-05-20,2380,2390,2380,2380,700,0
2015-05-21,2390,2400,2380,2400,900,0
2015-05-22,2380,2380,2370,2370,400,0
2015-05-25,2410,2410,2410,2410,700,0
2015-05-26,2420,2420,2400,2420,600,0
2015-05-27,2420,2420,2390,2390,200,0
2015-05-28,2390,2390,2370,2380,1000,0
2015-05-29,2380,2400,2380,2390,400,0
2015-06-01,2390,2400,2390,2400,400,0
2015-06-02,2400,2420,2400,2420,400,0
2015-06-03,2420,2440,2410,2440,1000,0
2015-06-04,2450,2470,2450,2450,1700,0
2015-06-05,2470,2470,2460,2460,1100,0
2015-06-08,2460,2480,2460,2470,700,0
2015-06-09,2490,2490,2450,2480,1000,0
2015-06-10,2470,2490,2470,2470,1000,0
2015-06-11,2470,2470,2470,2470,200,0
2015-06-12,2470,2470,2450,2450,700,0
2015-06-15,2490,2490,2490,2490,300,0
2015-06-16,2470,2470,2470,2470,100,0
2015-06-17,2470,2470,2440,2450,1300,0
2015-06-18,2500,2500,2460,2460,3000,0
2015-06-19,2480,2480,2450,2450,600,0
2015-06-22,2450,2460,2450,2460,1000,0
2015-06-23,2480,2480,2480,2480,200,0
2015-06-24,2480,2480,2450,2450,2000,0
2015-06-25,2450,2450,2410,2440,1700,0
2015-06-26,2440,2440,2440,2440,500,0
2015-06-29,2400,2400,2390,2390,1300,0
2015-06-30,2400,2430,2400,2430,400,0
2015-07-01,2440,2440,2440,2440,500,0
2015-07-02,2460,2460,2440,2440,800,0
2015-07-03,2430,2430,2430,2430,400,0
2015-07-06,2410,2420,2410,2420,300,0
2015-07-08,2420,2430,2400,2400,2200,0
2015-07-09,2380,2400,2200,2330,5900,0
2015-07-10,2330,2330,2290,2290,900,0
2015-07-13,2350,2350,2350,2350,300,0
2015-07-14,2370,2370,2360,2370,600,0
2015-07-15,2370,2390,2370,2380,600,0
2015-07-16,2360,2410,2360,2410,700,0
2015-07-17,2460,2460,2450,2450,1300,0
2015-07-21,2470,2470,2420,2450,700,0
2015-07-22,2430,2430,2420,2420,400,0
2015-07-24,2460,2460,2420,2420,600,0
2015-07-27,2450,2450,2440,2440,200,0
2015-07-28,2420,2420,2420,2420,100,0
2015-07-29,2420,2420,2420,2420,100,0
2015-07-30,2450,2450,2450,2450,300,0
2015-07-31,2450,2450,2430,2430,300,0
2015-08-03,2470,2470,2470,2470,100,0
2015-08-04,2430,2440,2430,2440,300,0
2015-08-06,2450,2450,2450,2450,100,0
2015-08-07,2450,2450,2440,2440,200,0
2015-08-10,2430,2430,2420,2420,900,0
2015-08-11,2470,2470,2430,2430,1900,0
2015-08-12,2430,2430,2430,2430,500,0
2015-08-13,2420,2470,2410,2470,1100,0
2015-08-14,2430,2470,2430,2470,300,0
2015-08-17,2470,2470,2450,2450,1200,0
2015-08-18,2450,2450,2450,2450,200,0
2015-08-19,2450,2460,2430,2460,900,0
2015-08-20,2440,2440,2430,2440,800,0
2015-08-21,2420,2420,2410,2410,1000,0
2015-08-24,2380,2420,2360,2360,2400,0
2015-08-25,2360,2360,2310,2350,700,0
2015-08-26,2400,2400,2350,2400,1100,0
2015-08-27,2410,2410,2400,2410,400,0
2015-08-28,2410,2410,2410,2410,600,0
2015-08-31,2410,2410,2410,2410,100,0
2015-09-01,2440,2440,2410,2410,500,0
2015-09-02,2390,2390,2370,2370,800,0
2015-09-03,2370,2370,2370,2370,200,0
2015-09-04,2350,2360,2350,2350,600,0
2015-09-07,2350,2350,2290,2300,1800,0
2015-09-08,2290,2290,2280,2280,800,0
2015-09-09,2300,2340,2300,2320,500,0
2015-09-10,2340,2340,2340,2340,100,0
2015-09-11,2320,2320,2320,2320,200,0
2015-09-18,2330,2330,2330,2330,100,0
2015-09-24,2330,2330,2330,2330,300,0
2015-09-25,2370,2370,2370,2370,400,0
2015-09-28,2400,2410,2400,2410,200,0
2015-09-29,2400,2400,2400,2400,400,0
2015-09-30,2400,2400,2400,2400,200,0
2015-10-01,2400,2400,2400,2400,100,0
2015-10-02,2400,2430,2400,2430,400,0
2015-10-05,2440,2440,2440,2440,100,0
2015-10-06,2410,2440,2410,2440,700,0
2015-10-07,2450,2460,2450,2460,500,0
2015-10-08,2460,2460,2460,2460,100,0
2015-10-09,2450,2460,2450,2460,400,0
2015-10-13,2450,2450,2450,2450,300,0
2015-10-14,2450,2450,2450,2450,200,0
2015-10-16,2460,2460,2460,2460,300,0
2015-10-19,2450,2460,2450,2450,1000,0
2015-10-20,2450,2450,2450,2450,200,0
2015-10-21,2440,2440,2440,2440,200,0
2015-10-22,2460,2460,2440,2440,800,0
2015-10-23,2460,2460,2460,2460,700,0
2015-10-26,2450,2450,2450,2450,500,0
2015-10-27,2440,2470,2440,2470,500,0
2015-10-28,2470,2470,2470,2470,400,0
2015-10-29,2470,2470,2470,2470,100,0
2015-10-30,2470,2470,2470,2470,400,0
2015-11-04,2470,2470,2470,2470,100,0
2015-11-05,2470,2470,2470,2470,100,0
2015-11-09,2470,2470,2470,2470,200,0
2015-11-11,2460,2470,2440,2470,1300,0
2015-11-12,2470,2500,2460,2500,1300,0
2015-11-16,2480,2480,2480,2480,100,0
2015-11-17,2490,2500,2480,2500,300,0
2015-11-18,2490,2500,2490,2500,1000,0
2015-11-19,2520,2520,2500,2500,1700,0
2015-11-20,2510,2510,2510,2510,100,0
2015-11-24,2520,2540,2510,2510,900,0
2015-11-25,2520,2520,2500,2500,700,0
2015-11-26,2490,2500,2460,2490,1800,0
2015-11-27,2480,2490,2480,2490,1000,0
2015-11-30,2490,2490,2480,2490,1500,0
2015-12-01,2490,2570,2490,2540,3200,0
2015-12-02,2570,2570,2530,2550,3400,0
2015-12-03,2550,2560,2540,2560,900,0
2015-12-04,2560,2560,2540,2560,2000,0
2015-12-07,2590,2590,2580,2580,2100,0
2015-12-08,2610,2690,2610,2650,6900,0
2015-12-09,2630,2670,2610,2650,2500,0
2015-12-10,2650,2660,2650,2660,700,0
2015-12-11,2620,2630,2620,2630,600,0
2015-12-14,2630,2660,2580,2660,3400,0
2015-12-15,2660,2660,2630,2660,1100,0
2015-12-16,2650,2720,2650,2700,4700,0
2015-12-17,2690,2730,2690,2710,2300,0
2015-12-18,2740,2750,2690,2730,3700,0
2015-12-21,2730,2730,2630,2630,1200,0
2015-12-22,2670,2670,2660,2660,5300,0
2015-12-24,2670,2780,2670,2690,4100,0
2015-12-25,2720,2730,2610,2610,4000,0
2015-12-28,2420,2530,2400,2460,6000,0
2015-12-29,2450,2470,2450,2450,1200,0
2015-12-30,2450,2520,2440,2470,2100,0
2016-01-04,2500,2500,2430,2450,1600,0
2016-01-05,2480,2480,2430,2440,800,0
2016-01-06,2450,2450,2400,2450,600,0
2016-01-07,2410,2430,2380,2430,900,0
2016-01-08,2410,2410,2410,2410,200,0
2016-01-12,2420,2420,2390,2390,1000,0
2016-01-13,2400,2440,2400,2410,700,0
2016-01-14,2410,2410,2360,2360,2100,0
2016-01-15,2360,2380,2350,2380,500,0
2016-01-18,2360,2360,2340,2340,1200,0
2016-01-19,2350,2360,2350,2360,400,0
2016-01-20,2350,2350,2330,2350,300,0
2016-01-21,2330,2330,2330,2330,200,0
2016-01-22,2300,2360,2300,2360,600,0
2016-01-25,2370,2390,2370,2390,600,0
2016-01-26,2390,2390,2390,2390,100,0
2016-01-29,2340,2360,2300,2310,1700,0
2016-02-01,2510,2510,2400,2470,1400,0
2016-02-03,2390,2390,2360,2360,500,0
2016-02-04,2350,2350,2340,2340,200,0
2016-02-09,2280,2280,2270,2280,1800,0
2016-02-10,2280,2280,2270,2270,900,0
2016-02-12,2260,2260,2140,2140,1100,0
2016-02-15,2290,2290,2170,2180,1400,0
2016-02-16,2160,2200,2160,2200,800,0
2016-02-17,2170,2200,2170,2200,300,0
2016-02-18,2200,2200,2190,2190,500,0
2016-02-19,2180,2180,2160,2160,600,0
2016-02-22,2170,2180,2150,2170,800,0
2016-02-23,2170,2190,2170,2190,300,0
2016-02-24,2170,2180,2150,2180,800,0
2016-02-25,2230,2240,2230,2240,500,0
2016-02-26,2240,2240,2240,2240,200,0
2016-02-29,2240,2270,2240,2270,200,0
2016-03-03,2270,2270,2240,2240,200,0
2016-03-07,2260,2290,2260,2290,200,0
2016-03-10,2230,2230,2230,2230,100,0
2016-03-11,2280,2300,2280,2300,900,0
2016-03-14,2310,2310,2310,2310,100,0
2016-03-15,2310,2310,2310,2310,100,0
2016-03-16,2310,2320,2310,2320,300,0
2016-03-17,2350,2370,2280,2370,1100,0
2016-03-22,2320,2320,2320,2320,200,0
2016-03-24,2340,2380,2340,2380,500,0
2016-03-25,2390,2390,2390,2390,400,0
2016-03-28,2390,2390,2390,2390,200,0
2016-03-31,2380,2380,2380,2380,100,0
2016-04-01,2370,2370,2370,2370,100,0
2016-04-04,2370,2370,2370,2370,100,0
2016-04-05,2320,2320,2280,2280,700,0
2016-04-06,2240,2240,2240,2240,200,0
2016-04-13,2240,2260,2240,2260,400,0
2016-04-14,2290,2290,2290,2290,100,0
2016-04-15,2310,2310,2310,2310,200,0
2016-04-18,2340,2340,2340,2340,100,0
2016-04-19,2340,2340,2340,2340,100,0
2016-04-20,2340,2340,2310,2310,200,0
2016-04-22,2360,2360,2360,2360,200,0
2016-04-25,2430,2440,2430,2440,2800,0
2016-04-26,2510,2510,2400,2400,2100,0
2016-04-27,2370,2410,2370,2410,200,0
2016-04-28,2410,2450,2410,2450,200,0
2016-05-02,2370,2370,2340,2340,200,0
2016-05-06,2410,2410,2410,2410,100,0
2016-05-10,2340,2340,2340,2340,100,0
2016-05-13,2340,2340,2340,2340,100,0
2016-05-23,2390,2390,2390,2390,100,0
2016-05-24,2380,2390,2380,2390,200,0
2016-05-25,2390,2390,2390,2390,400,0
2016-05-26,2400,2410,2350,2350,300,0
2016-06-01,2390,2390,2390,2390,100,0
2016-06-03,2360,2360,2360,2360,200,0
2016-06-07,2360,2400,2360,2400,700,0
2016-06-09,2400,2400,2390,2390,200,0
2016-06-13,2380,2380,2380,2380,100,0
2016-06-14,2360,2360,2330,2330,300,0
2016-06-16,2350,2350,2300,2300,400,0
2016-06-17,2270,2340,2260,2340,300,0
2016-06-21,2300,2300,2300,2300,200,0
2016-06-22,2270,2270,2270,2270,100,0
2016-06-23,2270,2270,2270,2270,500,0
2016-06-24,2270,2270,2250,2250,1000,0
2016-06-27,2250,2250,2220,2220,500,0
2016-06-28,2210,2210,2210,2210,300,0
2016-06-29,2250,2250,2250,2250,100,0
2016-07-01,2280,2280,2280,2280,100,0
2016-07-05,2240,2240,2240,2240,200,0
2016-07-06,2340,2340,2340,2340,100,0
2016-07-11,2340,2340,2340,2340,200,0
2016-07-12,2340,2340,2340,2340,100,0
2016-07-14,2350,2350,2350,2350,200,0
2016-07-19,2380,2390,2380,2390,300,0
2016-07-20,2430,2430,2430,2430,1000,0
2016-07-22,2380,2420,2370,2420,600,0
2016-07-25,2430,2430,2430,2430,300,0
2016-07-26,2430,2430,2350,2350,300,0
2016-07-28,2350,2360,2350,2360,300,0
2016-07-29,2360,2360,2290,2350,1000,0
2016-08-01,2430,2430,2430,2430,100,0
2016-08-03,2360,2360,2360,2360,100,0
2016-08-05,2430,2430,2430,2430,100,0
2016-08-10,2350,2350,2350,2350,100,0
2016-08-15,2350,2350,2350,2350,200,0
2016-08-22,2350,2350,2350,2350,300,0
2016-08-23,2310,2310,2310,2310,200,0
2016-08-24,2320,2360,2320,2360,400,0
2016-08-25,2400,2400,2370,2370,1000,0
2016-08-26,2370,2400,2370,2400,500,0
2016-08-29,2400,2400,2400,2400,300,0
2016-08-31,2350,2350,2280,2350,1100,0
2016-09-01,2430,2430,2430,2430,100,0
2016-09-05,2370,2370,2320,2320,600,0
2016-09-06,2320,2320,2320,2320,300,0
2016-09-07,2320,2320,2320,2320,300,0
2016-09-08,2310,2310,2310,2310,100,0
2016-09-12,2320,2320,2300,2300,300,0
2016-09-13,2340,2340,2340,2340,100,0
2016-09-14,2330,2330,2330,2330,200,0
2016-09-16,2330,2350,2330,2350,200,0
2016-09-20,2310,2310,2310,2310,100,0
2016-09-21,2340,2340,2340,2340,100,0
2016-09-23,2320,2320,2320,2320,500,0
2016-09-26,2350,2350,2350,2350,100,0
2016-09-27,2320,2320,2320,2320,100,0
2016-09-29,2370,2370,2370,2370,100,0
2016-09-30,2370,2380,2330,2330,600,0
2016-10-04,2340,2340,2340,2340,100,0
2016-10-05,2340,2340,2320,2320,500,0
2016-10-06,2370,2370,2370,2370,200,0
2016-10-11,2410,2410,2410,2410,100,0
2016-10-12,2410,2410,2330,2330,800,0
2016-10-14,2330,2330,2330,2330,100,0
2016-10-19,2310,2310,2310,2310,400,0
2016-10-20,2350,2350,2350,2350,100,0
2016-10-21,2350,2370,2350,2370,400,0
2016-10-24,2380,2380,2370,2370,200,0
2016-10-25,2390,2390,2390,2390,900,0
2016-10-26,2390,2390,2390,2390,100,0
2016-10-28,2350,2350,2340,2340,500,0
2016-10-31,2350,2350,2350,2350,200,0
2016-11-01,2380,2380,2380,2380,200,0
2016-11-02,2370,2370,2370,2370,100,0
2016-11-04,2360,2360,2360,2360,200,0
2016-11-07,2350,2350,2340,2340,200,0
2016-11-08,2340,2350,2340,2350,1500,0
2016-11-09,2330,2330,2300,2300,1100,0
2016-11-10,2380,2380,2380,2380,100,0
2016-11-11,2350,2380,2350,2380,200,0
2016-11-14,2320,2320,2320,2320,500,0
2016-11-15,2320,2320,2320,2320,800,0
2016-11-21,2360,2360,2360,2360,200,0
2016-11-22,2360,2360,2340,2340,300,0
2016-11-24,2400,2400,2390,2390,700,0
2016-11-25,2390,2390,2350,2350,400,0
2016-11-28,2350,2400,2350,2400,600,0
2016-12-01,2370,2390,2370,2390,400,0
2016-12-02,2390,2400,2390,2400,1300,0
2016-12-05,2400,2410,2400,2410,900,0
2016-12-06,2410,2430,2410,2420,900,0
2016-12-07,2420,2420,2410,2410,1100,0
2016-12-08,2440,2450,2440,2450,1000,0
2016-12-09,2450,2450,2420,2430,300,0
2016-12-13,2430,2430,2410,2420,800,0
2016-12-14,2420,2420,2420,2420,200,0
2016-12-15,2420,2430,2390,2390,3200,0
2016-12-16,2400,2410,2400,2410,400,0
2016-12-19,2420,2420,2390,2390,800,0
2016-12-20,2410,2410,2380,2400,1900,0
2016-12-21,2410,2420,2400,2420,1200,0
2016-12-22,2420,2430,2410,2430,1700,0
2016-12-26,2440,2450,2400,2410,1900,0
2016-12-27,2410,2430,2410,2420,1300,0
2016-12-28,2320,2380,2300,2330,4000,0
2016-12-29,2330,2350,2320,2320,900,0
2016-12-30,2350,2350,2320,2320,600,0
2017-01-04,2320,2350,2320,2350,500,0
2017-01-05,2340,2350,2340,2350,400,0
2017-01-10,2350,2350,2350,2350,100,0
2017-01-11,2330,2370,2330,2340,800,0
2017-01-12,2330,2340,2320,2340,1100,0
2017-01-13,2350,2350,2350,2350,200,0
2017-01-16,2330,2350,2330,2330,500,0
2017-01-18,2330,2330,2330,2330,100,0
2017-01-19,2340,2340,2340,2340,100,0
2017-01-23,2350,2350,2350,2350,100,0
2017-01-24,2330,2330,2330,2330,200,0
2017-01-25,2340,2350,2340,2350,1000,0
2017-01-26,2340,2360,2340,2360,800,0
2017-01-27,2360,2360,2340,2340,400,0
2017-01-30,2350,2360,2350,2360,300,0
2017-02-01,2370,2370,2370,2370,200,0
2017-02-03,2350,2350,2350,2350,100,0
2017-02-07,2350,2360,2350,2350,500,0
2017-02-08,2350,2350,2340,2340,600,0
2017-02-10,2370,2370,2370,2370,400,0
2017-02-13,2360,2360,2340,2350,1400,0
2017-02-14,2350,2350,2350,2350,400,0
2017-02-15,2350,2350,2350,2350,100,0
2017-02-17,2360,2360,2350,2350,900,0
2017-02-20,2350,2360,2350,2360,200,0
2017-02-21,2360,2360,2360,2360,200,0
2017-02-22,2350,2350,2350,2350,400,0
2017-02-23,2350,2350,2350,2350,300,0
2017-02-24,2350,2370,2350,2370,700,0
2017-02-27,2360,2360,2360,2360,200,0
2017-02-28,2360,2360,2360,2360,500,0
2017-03-01,2370,2370,2370,2370,800,0
2017-03-02,2350,2360,2350,2360,300,0
2017-03-06,2360,2360,2360,2360,300,0
2017-03-07,2360,2360,2340,2340,400,0
2017-03-08,2360,2360,2360,2360,100,0
2017-03-09,2340,2340,2330,2340,2800,0
2017-03-10,2350,2350,2350,2350,100,0
2017-03-13,2360,2360,2350,2350,200,0
2017-03-14,2350,2350,2350,2350,200,0
2017-03-15,2340,2340,2340,2340,400,0
2017-03-16,2350,2350,2330,2330,300,0
2017-03-17,2340,2340,2340,2340,100,0
2017-03-21,2360,2360,2360,2360,300,0
2017-03-22,2360,2360,2350,2350,500,0
2017-03-24,2360,2360,2340,2350,1000,0
2017-03-27,2350,2350,2340,2340,300,0
2017-03-28,2350,2350,2310,2310,1200,0
2017-03-29,2330,2330,2330,2330,200,0
2017-03-30,2340,2340,2340,2340,100,0
2017-04-03,2330,2330,2330,2330,200,0
2017-04-04,2340,2340,2330,2330,400,0
2017-04-05,2320,2330,2320,2330,300,0
2017-04-06,2310,2310,2300,2300,2000,0
2017-04-07,2300,2310,2280,2310,1200,0
2017-04-10,2320,2320,2290,2300,400,0
2017-04-11,2300,2300,2300,2300,100,0
2017-04-12,2300,2300,2290,2290,200,0
2017-04-13,2290,2300,2290,2300,200,0
2017-04-14,2300,2300,2300,2300,300,0
2017-04-17,2310,2310,2310,2310,100,0
2017-04-18,2310,2310,2310,2310,600,0
2017-04-19,2290,2310,2290,2310,800,0
2017-04-20,2310,2310,2310,2310,900,0
2017-04-21,2310,2310,2310,2310,100,0
2017-04-24,2320,2330,2300,2330,800,0
2017-04-25,2350,2350,2350,2350,3400,0
2017-04-26,2360,2360,2350,2350,300,0
2017-05-01,2350,2350,2350,2350,100,0
2017-05-02,2340,2360,2340,2360,300,0
2017-05-12,2330,2330,2330,2330,100,0
2017-05-15,2300,2300,2290,2300,1300,0
2017-05-17,2300,2310,2300,2310,300,0
2017-05-19,2310,2310,2310,2310,100,0
2017-05-22,2320,2320,2320,2320,100,0
2017-05-23,2340,2340,2320,2320,300,0
2017-05-24,2350,2350,2350,2350,100,0
2017-05-25,2380,2380,2330,2370,4200,0
2017-05-26,2380,2380,2360,2360,400,0
2017-05-29,2380,2380,2370,2370,300,0
2017-06-01,2370,2400,2370,2400,2500,0
2017-06-02,2400,2410,2400,2410,3000,0
2017-06-05,2410,2430,2410,2430,1000,0
2017-06-06,2430,2450,2420,2450,2100,0
2017-06-07,2450,2460,2450,2460,1500,0
2017-06-08,2450,2450,2450,2450,800,0
2017-06-09,2450,2450,2450,2450,100,0
2017-06-13,2460,2460,2450,2450,200,0
2017-06-15,2450,2450,2450,2450,200,0
2017-06-16,2460,2460,2460,2460,100,0
2017-06-19,2460,2460,2450,2450,300,0
2017-06-20,2450,2460,2450,2460,600,0
2017-06-21,2460,2460,2460,2460,300,0
2017-06-22,2450,2450,2450,2450,200,0
2017-06-23,2470,2470,2450,2450,1000,0
2017-06-26,2480,2480,2450,2450,200,0
2017-06-29,2451,2451,2451,2451,100,0
2017-06-30,2451,2490,2451,2490,400,0
2017-07-03,2500,2500,2500,2500,600,0
2017-07-04,2500,2500,2500,2500,100,0
2017-07-05,2500,2500,2500,2500,300,0
2017-07-12,2480,2481,2480,2481,200,0
2017-07-13,2481,2481,2481,2481,200,0
2017-07-14,2495,2498,2490,2490,300,0
2017-07-18,2480,2498,2480,2498,700,0
2017-07-19,2500,2501,2500,2500,700,0
2017-07-20,2500,2500,2500,2500,1500,0
2017-07-21,2500,2515,2486,2486,1400,0
2017-07-24,2518,2518,2501,2501,200,0
2017-07-25,2502,2510,2502,2510,500,0
2017-07-26,2510,2510,2510,2510,100,0
2017-07-27,2510,2510,2504,2505,1600,0
2017-07-28,2510,2510,2510,2510,700,0
2017-07-31,2510,2510,2510,2510,1000,0
2017-08-02,2511,2511,2510,2510,1800,0
2017-08-04,2510,2510,2510,2510,900,0
2017-08-07,2525,2525,2525,2525,100,0
2017-08-08,2525,2525,2510,2524,1700,0
2017-08-09,2510,2510,2510,2510,100,0
2017-08-10,2510,2510,2510,2510,700,0
2017-08-14,2510,2510,2510,2510,1100,0
2017-08-15,2510,2510,2510,2510,100,0
2017-08-16,2510,2510,2510,2510,100,0
2017-08-17,2514,2514,2514,2514,100,0
2017-08-18,2515,2515,2515,2515,1200,0
2017-08-21,2510,2510,2510,2510,200,0
2017-08-22,2510,2510,2510,2510,100,0
2017-08-23,2510,2510,2510,2510,400,0
2017-08-24,2510,2510,2510,2510,100,0
2017-08-25,2510,2510,2510,2510,700,0
2017-08-28,2510,2510,2510,2510,100,0
2017-08-31,2510,2510,2510,2510,200,0
2017-09-04,2510,2510,2510,2510,100,0
2017-09-05,2460,2460,2460,2460,100,0
2017-09-06,2450,2450,2450,2450,100,0
2017-09-07,2500,2500,2500,2500,100,0
2017-09-08,2413,2425,2413,2425,300,0
2017-09-11,2475,2475,2475,2475,100,0
2017-09-12,2475,2475,2475,2475,100,0
2017-09-19,2450,2450,2450,2450,200,0
2017-09-20,2431,2431,2431,2431,100,0
2017-09-21,2481,2481,2480,2480,200,0
2017-09-22,2475,2475,2475,2475,300,0
2017-09-25,2495,2500,2495,2500,500,0
2017-09-26,2500,2500,2500,2500,100,0
2017-09-27,2500,2500,2500,2500,600,0
2017-09-29,2500,2525,2500,2525,400,0
2017-10-02,2530,2530,2530,2530,100,0
2017-10-03,2535,2535,2500,2500,400,0
2017-10-10,2480,2480,2480,2480,100,0
2017-10-11,2510,2510,2510,2510,100,0
2017-10-12,2488,2488,2488,2488,300,0
2017-10-16,2488,2488,2488,2488,100,0
2017-10-17,2491,2491,2491,2491,100,0
2017-10-18,2540,2540,2540,2540,1000,0
2017-10-19,2503,2511,2503,2511,400,0
2017-10-20,2515,2515,2515,2515,100,0
2017-10-23,2524,2550,2524,2550,1500,0
2017-10-24,2545,2550,2545,2550,700,0
2017-10-25,2550,2550,2550,2550,200,0
2017-10-26,2550,2560,2550,2560,1300,0
2017-10-27,2560,2570,2560,2570,1000,0
2017-10-30,2598,2598,2550,2550,200,0
2017-10-31,2538,2546,2538,2546,300,0
2017-11-06,2513,2513,2513,2513,1100,0
2017-11-07,2517,2550,2517,2550,400,0
2017-11-08,2522,2589,2522,2587,800,0
2017-11-09,2538,2542,2538,2542,400,0
2017-11-10,2540,2579,2540,2579,400,0
2017-11-13,2541,2541,2535,2535,400,0
2017-11-14,2535,2535,2535,2535,100,0
2017-11-15,2536,2536,2535,2535,900,0
2017-11-16,2535,2535,2535,2535,100,0
2017-11-17,2540,2540,2536,2536,400,0
2017-11-20,2577,2577,2533,2533,800,0
2017-11-21,2533,2533,2533,2533,600,0
2017-11-22,2550,2550,2550,2550,200,0
2017-11-24,2534,2534,2534,2534,400,0
2017-11-27,2574,2574,2536,2536,400,0
2017-11-28,2600,2600,2539,2539,2800,0
2017-11-29,2535,2600,2533,2533,3000,0
2017-11-30,2535,2537,2535,2537,400,0
2017-12-01,2539,2539,2537,2537,1400,0
2017-12-04,2550,2554,2550,2553,300,0
2017-12-05,2550,2550,2537,2537,400,0
2017-12-06,2536,2537,2530,2530,1000,0
2017-12-07,2530,2530,2520,2520,500,0
2017-12-08,2520,2529,2504,2525,800,0
2017-12-11,2521,2542,2520,2542,1600,0
2017-12-12,2521,2523,2521,2522,1900,0
2017-12-13,2529,2529,2529,2529,200,0
2017-12-14,2529,2530,2529,2530,600,0
2017-12-15,2524,2535,2524,2535,500,0
2017-12-18,2543,2563,2543,2544,1100,0
2017-12-19,2562,2562,2521,2559,1400,0
2017-12-20,2578,2578,2529,2576,1200,0
2017-12-21,2550,2577,2550,2565,1700,0
2017-12-22,2585,2585,2566,2580,800,0
2017-12-25,2599,2640,2580,2609,4500,0
2017-12-26,2601,2637,2600,2600,3800,0
2017-12-27,2420,2520,2420,2499,2500,0
2017-12-28,2453,2466,2430,2450,1500,0
2017-12-29,2432,2432,2415,2415,1300,0
2018-01-04,2450,2450,2416,2425,1200,0
2018-01-05,2421,2526,2421,2430,2400,0
2018-01-10,2480,2480,2431,2431,1300,0
2018-01-12,2435,2435,2435,2435,200,0
2018-01-16,2440,2440,2435,2435,400,0
2018-01-17,2430,2430,2430,2430,200,0
2018-01-18,2430,2461,2430,2461,1000,0
2018-01-19,2465,2465,2415,2415,1600,0
2018-01-22,2425,2440,2425,2440,200,0
2018-01-24,2435,2435,2420,2420,2500,0
2018-01-25,2435,2435,2428,2428,400,0
2018-01-26,2453,2454,2425,2429,600,0
2018-02-01,2420,2420,2416,2416,500,0
2018-02-02,2444,2444,2444,2444,100,0
2018-02-05,2438,2510,2438,2500,10200,0
2018-02-06,2499,2499,2422,2422,2000,0
2018-02-07,2431,2446,2431,2446,400,0
2018-02-08,2497,2497,2497,2497,100,0
2018-02-09,2425,2428,2423,2423,1500,0
2018-02-13,2413,2413,2344,2345,7200,0
2018-02-14,2345,2345,2320,2320,1200,0
2018-02-15,2365,2366,2365,2365,400,0
2018-02-19,2378,2378,2370,2370,1200,0
2018-02-21,2378,2378,2378,2378,200,0
2018-02-23,2401,2401,2401,2401,200,0
2018-02-26,2400,2400,2400,2400,600,0
2018-02-27,2366,2366,2351,2351,1000,0
2018-02-28,2367,2367,2367,2367,100,0
2018-03-01,2361,2397,2360,2360,300,0
2018-03-02,2359,2359,2359,2359,400,0
2018-03-05,2360,2360,2360,2360,100,0
2018-03-06,2360,2360,2360,2360,200,0
2018-03-07,2398,2400,2370,2370,1000,0
2018-03-08,2408,2408,2371,2371,200,0
2018-03-13,2376,2376,2376,2376,1000,0
2018-03-15,2377,2377,2377,2377,600,0
2018-03-19,2399,2399,2399,2399,100,0
2018-03-20,2373,2380,2373,2380,300,0
2018-03-22,2400,2410,2400,2410,200,0
2018-03-23,2410,2410,2371,2371,400,0
2018-03-26,2371,2371,2360,2360,600,0
2018-03-27,2350,2360,2342,2342,1300,0
2018-03-28,2350,2350,2350,2350,100,0
2018-03-29,2350,2350,2350,2350,100,0
