Date,Open,High,Low,Close,Volume,OpenInt
2007-07-30,195,198,194,198,1400,0
2007-07-31,194.2,204,194.2,201.5,1700,0
2007-08-01,200,200,192.1,196.2,4000,0
2007-08-02,194.2,198,190,190.1,2800,0
2007-08-03,194.1,196,190.1,196,500,0
2007-08-06,188.7,196,188,196,2100,0
2007-08-07,192,193,189,193,3900,0
2007-08-08,181.7,189.7,180,180,3900,0
2007-08-09,178,179,170,177.5,3200,0
2007-08-10,167.5,181,167.5,180,3300,0
2007-08-13,185,191,185,189,500,0
2007-08-14,185,185,171.1,179.5,6900,0
2007-08-15,169,180,169,170.9,3500,0
2007-08-16,179.8,179.8,165,173,1600,0
2007-08-17,176,176,165.2,169.2,2700,0
2007-08-20,180,184,178.9,179,5700,0
2007-08-21,179,180,178.5,180,2500,0
2007-08-22,166.2,170.2,162,169,2500,0
2007-08-23,165,167,163,164,2100,0
2007-08-24,163,167.8,163,166.6,5300,0
2007-08-27,168.6,169,161,169,1700,0
2007-08-28,165,175,165,174,5100,0
2007-08-29,174,176,170,176,3500,0
2007-08-30,175,183,174.2,174.3,12200,0
2007-08-31,175,180,174.8,180,4600,0
2007-09-03,180,180,169,169,2600,0
2007-09-04,177,177,163.1,165,1800,0
2007-09-05,165,170,165,167,1700,0
2007-09-06,171,175.5,165.7,165.7,2400,0
2007-09-07,166.1,169,166,166,1200,0
2007-09-10,166,172,166,172,4600,0
2007-09-11,172,172,171,171,1100,0
2007-09-12,167.1,167.1,160,160,14300,0
2007-09-13,170,173,170,172.8,4200,0
2007-09-14,172,182.1,160,169,3600,0
2007-09-18,157,165,152.2,163,2500,0
2007-09-19,155,158,146,158,6800,0
2007-09-20,172,173,159,160,4100,0
2007-09-25,147.9,157,147,157,700,0
2007-09-26,155,157,145.1,149.9,5200,0
2007-09-27,146.2,158,144.1,157,6600,0
2007-09-28,155,158,155,158,900,0
2007-10-01,153.5,153.5,146.5,146.5,4400,0
2007-10-02,154.5,154.5,149,151,400,0
2007-10-03,146.5,153,145,153,5700,0
2007-10-04,151,151,148.4,150,4600,0
2007-10-05,149,160.1,145.5,160.1,7700,0
2007-10-09,166.1,172,163,170,9100,0
2007-10-10,180,190,180,190,36600,0
2007-10-11,198,198,170,178,27600,0
2007-10-12,172,173,163,171,17100,0
2007-10-15,171,174,170,170,8800,0
2007-10-16,164,164,154,155,2200,0
2007-10-17,158,166,158,166,300,0
2007-10-18,158,159,158,159,600,0
2007-10-19,169,169,164,164,3700,0
2007-10-22,152.1,155.1,152.1,155.1,1800,0
2007-10-23,153.2,157.5,152,156.3,2500,0
2007-10-24,159.9,176.3,159.9,170,14800,0
2007-10-25,176,176,160.5,160.5,5100,0
2007-10-26,168.5,168.5,156,166,2000,0
2007-10-29,166,166,156,160,1000,0
2007-10-30,160,160.1,156.5,156.5,5300,0
2007-10-31,154.5,159,149,159,12000,0
2007-11-01,159,159.5,151,152,1600,0
2007-11-02,150.1,155,149,155,14000,0
2007-11-05,155,155,150,150,2500,0
2007-11-06,150,150,146.1,148,7700,0
2007-11-07,146,146.1,140.1,140.1,3600,0
2007-11-08,135,138.9,132,138.9,1900,0
2007-11-09,126,135,126,126,6200,0
2007-11-12,120,125,115,117,4500,0
2007-11-13,137,137,137,137,300,0
2007-11-14,145,148,138,138,1500,0
2007-11-15,136,136,136,136,100,0
2007-11-16,125,130,121,130,1200,0
2007-11-19,129,140,129,130,2100,0
2007-11-20,150,150,150,150,9800,0
2007-11-21,150.2,163,145,145,24500,0
2007-11-22,140,140,128,133,800,0
2007-11-26,121,125.5,119.5,120,6100,0
2007-11-27,118,125,116.1,125,1600,0
2007-11-28,123,131,123,128,4200,0
2007-11-29,130,130,125.1,126.1,1400,0
2007-11-30,126.7,126.7,120.1,125.9,2300,0
2007-12-03,122,130,118,130,4400,0
2007-12-04,130,134.8,130,134.8,1700,0
2007-12-05,140,154.8,135,140,27200,0
2007-12-06,140,141.9,130.5,130.5,12800,0
2007-12-07,150.5,150.5,150.5,150.5,3400,0
2007-12-10,170.5,170.5,170.5,170.5,10800,0
2007-12-11,171,182.5,150.5,152,45900,0
2007-12-12,151.7,155,140.5,143.5,14200,0
2007-12-13,143,149,140.5,149,4500,0
2007-12-14,142.5,149,141,143,5400,0
2007-12-17,129,130.5,123.3,126,10400,0
2007-12-18,128,128,123.3,128,3100,0
2007-12-19,126,129.9,122.1,122.1,13100,0
2007-12-20,136,136,122,122,6500,0
2007-12-21,129.5,142,127.5,142,5900,0
2007-12-25,158,160,138,148,13500,0
2007-12-26,140,146.7,132.2,138.7,5200,0
2007-12-27,130.7,132.6,130,132.6,3300,0
2007-12-28,130,130,130,130,700,0
2008-01-04,130,130,120,120,2100,0
2008-01-07,120,140,120,130,7400,0
2008-01-08,132,135,126,135,6000,0
2008-01-09,129,137,125.1,137,3400,0
2008-01-10,140,140,125,126,1800,0
2008-01-11,139.9,139.9,126,126.1,1200,0
2008-01-15,127,127,125,125,2400,0
2008-01-16,125,125,115,115,2900,0
2008-01-17,118,136.5,118,119.5,2700,0
2008-01-18,130,141.5,127,129,20800,0
2008-01-21,131,131,127,128,2000,0
2008-01-22,132,132,119,126,5800,0
2008-01-23,125,127,122,122,1200,0
2008-01-24,122,122,118,118,3900,0
2008-01-25,124,127,124,124,900,0
2008-01-28,124,124,116.1,122,4200,0
2008-01-29,123,123,120,122,1700,0
2008-01-30,120,128,120,128,1400,0
2008-01-31,124,127,120,127,900,0
2008-02-01,126,126,126,126,100,0
2008-02-04,126,126,126,126,100,0
2008-02-05,126.9,126.9,126.9,126.9,500,0
2008-02-06,126.9,126.9,118,118,2500,0
2008-02-07,122,122,118,120,1500,0
2008-02-08,120,121,113,121,3600,0
2008-02-12,129,129,119,119,1300,0
2008-02-13,115,115,110.1,110.1,2300,0
2008-02-14,111,111,104,104,3900,0
2008-02-18,104,110,104,104,700,0
2008-02-19,103.9,109.5,103.5,109.5,2200,0
2008-02-20,117.5,118,104.1,110,5300,0
2008-02-21,110,122,110,122,2500,0
2008-02-22,113,116,110,116,1600,0
2008-02-25,117,117,113,116,1100,0
2008-02-26,116,118,114,115,700,0
2008-02-27,113,124.8,113,119.5,1800,0
2008-02-28,119.9,119.9,115,115,1200,0
2008-02-29,115,115,110,111.2,2300,0
2008-03-03,111.2,111.5,109,111.5,700,0
2008-03-04,117,117,112,112,1600,0
2008-03-05,115,132,115,117.8,20700,0
2008-03-06,115,117,108.5,108.5,4900,0
2008-03-07,105,110,104,104,3900,0
2008-03-10,104,105,104,104.5,1700,0
2008-03-11,105,105,97,100,3200,0
2008-03-12,100,100.1,97,97.5,3400,0
2008-03-13,99.9,99.9,97.1,97.1,2500,0
2008-03-14,97,99,97,99,4400,0
2008-03-17,90.2,91.1,90.2,91.1,900,0
2008-03-18,91.6,95.6,91.6,95,700,0
2008-03-19,99,99.7,95.5,95.5,3600,0
2008-03-21,98.9,98.9,94.5,94.5,700,0
2008-03-24,94.5,97,94.5,96,1200,0
2008-03-25,98,102,96,100,6600,0
2008-03-26,106,106,100,100,1500,0
2008-03-27,100,100,100,100,100,0
2008-03-28,100,100,100,100,300,0
2008-03-31,91,93.5,91,92.3,4300,0
2008-04-01,98.5,102.3,95.3,95.3,1200,0
2008-04-02,100.3,100.3,100,100,400,0
2008-04-03,100,100,100,100,200,0
2008-04-04,101,102,101,102,1000,0
2008-04-07,98,98,98,98,400,0
2008-04-08,95,95,94,94,1300,0
2008-04-09,94,94,90,90,1600,0
2008-04-10,91,100,91,100,3600,0
2008-04-11,99.9,105,99.9,105,1300,0
2008-04-14,99,99,96,96,600,0
2008-04-15,99.1,99.2,96.2,99.2,900,0
2008-04-16,100,109.2,98,109.2,3000,0
2008-04-17,109,109,101.2,106,6000,0
2008-04-18,110,122,106.7,112.5,8300,0
2008-04-21,119.9,122,119,122,4600,0
2008-04-22,113.3,120,113.3,118,1400,0
2008-04-23,114.1,118,112,118,700,0
2008-04-24,121,121,112,112,1100,0
2008-04-25,112,114.9,109.3,110,2700,0
2008-04-28,109,109,103,103,1700,0
2008-04-30,105,105,105,105,500,0
2008-05-01,105,105,105,105,200,0
2008-05-02,114,120,103,103,3600,0
2008-05-07,103.1,120,103,120,2700,0
2008-05-08,108,116,108,110,5300,0
2008-05-09,110.1,119,110.1,116,4600,0
2008-05-12,112,113.1,112,113,900,0
2008-05-13,111,116,108,108,1500,0
2008-05-14,104,105,104,105,1400,0
2008-05-15,106,114,105,111,1900,0
2008-05-16,109,111,107,111,1900,0
2008-05-19,112,112,107,111,1400,0
2008-05-20,107,109,107,109,1900,0
2008-05-21,111,124.5,109,112,7700,0
2008-05-22,112,119,109,119,1300,0
2008-05-23,119,119,115.1,116,1500,0
2008-05-26,112,118,105.5,110,3400,0
2008-05-27,110,110,101.5,104.7,7100,0
2008-05-28,105,109,104.9,109,5500,0
2008-05-29,110,110,105,105,300,0
2008-05-30,108,108,105,105,700,0
2008-06-02,102.2,102.4,102.1,102.2,1200,0
2008-06-03,102.1,102.1,98.2,98.2,4300,0
2008-06-04,96.1,100,96,100,6600,0
2008-06-05,96,99.5,96,99.5,500,0
2008-06-06,98.5,109.5,98.5,109.5,6700,0
2008-06-09,110,110,104,104,3100,0
2008-06-10,104,107,104,107,700,0
2008-06-11,108,108,100,108,3100,0
2008-06-12,108,108,108,108,500,0
2008-06-13,101,101,101,101,300,0
2008-06-16,98.3,101,98.3,101,1400,0
2008-06-18,103,105,103,103,400,0
2008-06-19,101,108,101,108,1000,0
2008-06-20,114.7,114.7,99,99,2400,0
2008-06-23,100,109,100,105,700,0
2008-06-24,101,105,101,101.8,1300,0
2008-06-25,102,108,97,108,2900,0
2008-06-26,99.5,102,99.5,100.4,1300,0
2008-06-27,100.4,103.5,100.2,103.5,500,0
2008-06-30,101.5,104,101.1,104,1000,0
2008-07-01,99.9,103.7,92.6,103.7,4400,0
2008-07-02,102,102,101.9,101.9,200,0
2008-07-03,98,101.9,98,98.1,400,0
2008-07-04,98,98,98,98,200,0
2008-07-07,98,98,98,98,500,0
2008-07-08,103,103,103,103,100,0
2008-07-09,120.9,120.9,119.8,119.8,11300,0
2008-07-10,104,105,104,104,700,0
2008-07-11,104,113,102,108,1000,0
2008-07-14,103,103,99.1,99.1,1300,0
2008-07-15,99,105,98,98,800,0
2008-07-16,101.9,101.9,97,97,500,0
2008-07-17,107,107,107,107,5200,0
2008-07-18,103,110,102,102,2100,0
2008-07-22,101,101,100,100,500,0
2008-07-23,98,98,98,98,300,0
2008-07-24,98,98,98,98,400,0
2008-07-25,98,98,98,98,200,0
2008-07-28,97,97,95.5,95.5,1500,0
2008-07-29,96,96,95.1,95.1,700,0
2008-07-30,95.1,100,95.1,100,400,0
2008-07-31,97,97,87,87.4,3100,0
2008-08-01,96,97.4,96,97.4,2700,0
2008-08-04,96.1,107.4,96.1,107.4,6900,0
2008-08-05,109.8,120,100.2,101,5100,0
2008-08-06,100.6,100.6,100,100,600,0
2008-08-08,100,102,100,102,200,0
2008-08-11,98.1,98.1,98.1,98.1,400,0
2008-08-12,93.1,93.1,93.1,93.1,3000,0
2008-08-14,95,95,92,92,600,0
2008-08-15,96,97,96,97,200,0
2008-08-18,100,100,89.6,99.6,600,0
2008-08-19,98,98,97,98,1200,0
2008-08-20,100,102,100,102,700,0
2008-08-21,98,98,98,98,100,0
2008-08-22,97,101,97,100,5900,0
2008-08-25,96,99,96,99,1400,0
2008-08-26,97,98,92,98,700,0
2008-08-27,95,95,91,95,2100,0
2008-08-28,92,92,92,92,100,0
2008-08-29,96,100,93,93,9100,0
2008-09-01,92.1,92.1,91,91,2600,0
2008-09-02,91,91,90.5,90.5,700,0
2008-09-03,90,90,85,85,5700,0
2008-09-04,85.5,90,85.5,90,1600,0
2008-09-05,85,87,81,87,12800,0
2008-09-08,89,89,89,89,800,0
2008-09-09,89,93,86.1,93,3100,0
2008-09-10,90,90,86.5,86.5,8700,0
2008-09-11,92,92,92,92,200,0
2008-09-12,88.3,95,86,90,9300,0
2008-09-16,95,97,91.5,97,10800,0
2008-09-17,98,107,93,107,8100,0
2008-09-18,113,113,105,111.1,1300,0
2008-09-19,113.1,113.1,100.1,113,5000,0
2008-09-22,103,115,103,115,1800,0
2008-09-24,110,110,110,110,1000,0
2008-09-25,110,110,108.5,108.5,200,0
2008-09-26,105,105,103,103,200,0
2008-09-30,93.2,93.2,90,90,35200,0
2008-10-01,90,90,89,89,4200,0
2008-10-02,90,100,90,100,12000,0
2008-10-03,105.1,115,105,105,5800,0
2008-10-06,105,105,100,103,8800,0
2008-10-07,98,98.1,85,86,10800,0
2008-10-08,76,76,76,76,1200,0
2008-10-09,66,66.7,66,66.7,13700,0
2008-10-10,67.7,75.1,66,75,2900,0
2008-10-14,85,85,85,85,100,0
2008-10-15,94,94,75,77,16100,0
2008-10-16,80,80,78,80,1300,0
2008-10-17,80,80,79,79,200,0
2008-10-20,90,90,77,77,1100,0
2008-10-21,80,80,77,77,300,0
2008-10-22,77,80,77,77.1,1800,0
2008-10-23,86,86,86,86,400,0
2008-10-24,76,84,76,84,5700,0
2008-10-28,75,75,75,75,1800,0
2008-10-29,80,86,76,86,1000,0
2008-10-30,85,85,80,84,4200,0
2008-10-31,77,80,76,80,5200,0
2008-11-04,80,80,74,76,7200,0
2008-11-05,86,86,86,86,10100,0
2008-11-06,85,88,77.7,88,8200,0
2008-11-07,88,88,88,88,2000,0
2008-11-10,80,80,78,78,6100,0
2008-11-11,78,80,76,80,2300,0
2008-11-12,70,72,70,70,32200,0
2008-11-13,69,69,65,65,1100,0
2008-11-14,67,67,65,65,2300,0
2008-11-17,72,75,59,59,3200,0
2008-11-18,63,69,62,69,3100,0
2008-11-19,72.1,75,65,68,4300,0
2008-11-20,74,74,67,70,1700,0
2008-11-21,70,70,69,69,1200,0
2008-11-25,70,70,70,70,400,0
2008-11-27,65,65,63.1,63.1,600,0
2008-11-28,63,65,61,61,1200,0
2008-12-01,61.5,61.5,55.2,55.2,700,0
2008-12-02,55.4,55.4,51.9,52,2000,0
2008-12-03,55.2,55.2,49,49.1,2300,0
2008-12-04,46.1,47,46.1,47,2000,0
2008-12-05,43,43.1,43,43,9200,0
2008-12-08,45,45,44,44,900,0
2008-12-09,40.5,40.8,40.2,40.8,4500,0
2008-12-10,40,40,39,39.1,7500,0
2008-12-11,36.6,44.1,36.6,44,2000,0
2008-12-12,44.1,44.1,43,43,400,0
2008-12-15,43.1,43.1,41.6,41.6,500,0
2008-12-16,41.7,41.7,41.6,41.6,400,0
2008-12-17,41.6,41.6,41.6,41.6,700,0
2008-12-18,40,40,38,38,3000,0
2008-12-19,43.5,43.5,43.5,43.5,5100,0
2008-12-22,48.5,48.5,47.5,47.7,4200,0
2008-12-24,49.7,49.7,48,48,2800,0
2008-12-25,51,51,43,43,4000,0
2008-12-26,39.5,39.6,39.5,39.6,3200,0
2008-12-29,47.1,47.1,47.1,47.1,1200,0
2008-12-30,52.1,52.1,51.5,52.1,6100,0
2009-01-05,62.1,62.1,62.1,62.1,1500,0
2009-01-06,82.1,82.1,74.2,74.2,11300,0
2009-01-07,65.2,65.2,65.2,65.2,1800,0
2009-01-08,55.2,55.3,55.2,55.3,7900,0
2009-01-09,52.3,55.3,50.1,55.3,11500,0
2009-01-13,62.3,62.3,52.4,53.5,9200,0
2009-01-14,47,47.8,44.8,47.3,8400,0
2009-01-15,53.9,54.5,53.5,54.5,2500,0
2009-01-16,60.5,64.5,60.5,64.5,7300,0
2009-01-19,55.5,67.5,55.5,67.5,5200,0
2009-01-20,58.5,61.5,57.5,58.1,3000,0
2009-01-21,58,58,58,58,300,0
2009-01-22,64,67,58.5,58.5,2500,0
2009-01-23,58.2,67.5,58,67.5,3800,0
2009-01-26,61.5,61.6,59.1,61.6,2200,0
2009-01-27,63,65,63,65,900,0
2009-01-29,63.5,63.5,60,60,200,0
2009-01-30,56.5,58,56.5,58,1300,0
2009-02-02,53,53,52,52,900,0
2009-02-03,50,50,49,50,900,0
2009-02-06,44.5,46,44.5,45.5,1700,0
2009-02-09,50,50.5,50,50.5,600,0
2009-02-10,49.5,49.5,44.5,44.5,500,0
2009-02-12,45.1,45.1,45.1,45.1,200,0
2009-02-13,47.9,50.1,47.9,50.1,1500,0
2009-02-16,58.1,58.1,51,56.1,2700,0
2009-02-17,50.4,50.4,50.4,50.4,100,0
2009-02-18,50.1,50.1,50.1,50.1,100,0
2009-02-19,52.1,52.1,52.1,52.1,200,0
2009-02-20,52.1,62.1,52.1,62.1,2600,0
2009-02-23,49.1,52.5,49.1,52.5,2400,0
2009-02-24,59.5,62.5,59.5,62.5,600,0
2009-02-26,51,51,50,50,300,0
2009-02-27,46,53.5,46,53.5,900,0
2009-03-03,49.1,49.1,49.1,49.1,100,0
2009-03-04,46.5,46.5,46.5,46.5,1000,0
2009-03-05,51.5,51.5,51.5,51.5,400,0
2009-03-06,58.5,58.5,56.9,58.5,1000,0
2009-03-09,49.5,60,49.5,60,1700,0
2009-03-10,54,54.5,54,54.5,200,0
2009-03-12,49,49,48,48,900,0
2009-03-13,48,48,48,48,200,0
2009-03-16,45,49.9,45,49.9,200,0
2009-03-17,51.9,52,51.9,52,200,0
2009-03-18,54,54,53.5,53.5,300,0
2009-03-19,54,60,53,60,5000,0
2009-03-23,63,63,63,63,200,0
2009-03-24,52.5,52.5,52.5,52.5,900,0
2009-03-25,60,61.9,49.4,49.4,1500,0
2009-03-26,55,61.3,53.3,53.3,3000,0
2009-03-27,59.9,59.9,54.9,54.9,400,0
2009-03-30,61.4,61.4,60,61.4,2100,0
2009-03-31,55.4,57.4,55.4,57.4,1100,0
2009-04-01,60,60,57.4,57.4,200,0
2009-04-02,64,66,62,66,1800,0
2009-04-03,66,66,57,57,7200,0
2009-04-06,58,67,58,67,300,0
2009-04-07,67,67,67,67,8100,0
2009-04-08,65,65,65,65,200,0
2009-04-09,58.5,58.5,58.2,58.2,1100,0
2009-04-10,64.9,65,58.9,58.9,400,0
2009-04-13,58,65,58,65,600,0
2009-04-14,67,68.9,67,68.9,600,0
2009-04-15,64,65,64,65,300,0
2009-04-17,67,67.5,67,67.5,400,0
2009-04-20,63.1,66.1,63.1,66.1,300,0
2009-04-21,59.4,59.4,59.4,59.4,700,0
2009-04-24,62,67.9,62,67.9,1100,0
2009-04-27,69.9,70,62.9,65,800,0
2009-04-28,62,62,60,60,3000,0
2009-04-30,62,62,62,62,100,0
2009-05-01,64,64,64,64,100,0
2009-05-07,64,66.8,58.7,60.8,1700,0
2009-05-08,61,61,60,60,1500,0
2009-05-11,60.1,60.9,57.5,60,600,0
2009-05-12,57,65,57,59,3300,0
2009-05-13,59,59.9,59,59.9,500,0
2009-05-14,60,60,59,59,500,0
2009-05-15,55,58.9,55,58,1400,0
2009-05-18,61,61,60,60,300,0
2009-05-19,58,58,56.1,56.1,1100,0
2009-05-20,57.8,59,57.8,59,1300,0
2009-05-21,55,56,55,56,1200,0
2009-05-22,57,57,53,54,2100,0
2009-05-25,55,55.6,52,55.6,2300,0
2009-05-26,55.6,55.6,53.8,53.8,1400,0
2009-05-27,55,55,55,55,1500,0
2009-05-28,53.9,55.5,53,54.5,2300,0
2009-05-29,55.5,55.5,52,52,1800,0
2009-06-01,58,58,52.1,52.2,2100,0
2009-06-02,52.4,52.9,52.4,52.9,900,0
2009-06-03,53.6,53.6,52.2,53.2,15200,0
2009-06-04,52.4,53,48,48.5,9000,0
2009-06-05,50.2,53.4,50,50.2,31700,0
2009-06-08,53,53.9,53,53.9,400,0
2009-06-09,54.9,54.9,53.5,53.5,6300,0
2009-06-11,50.1,51,50,51,11700,0
2009-06-12,51.7,56,51.5,54.3,4100,0
2009-06-15,55,55,50.1,54,28800,0
2009-06-16,53.2,54,50.6,50.6,3000,0
2009-06-17,50.7,50.7,44.6,49.2,9100,0
2009-06-18,49.3,49.8,49.3,49.8,700,0
2009-06-19,50,50.7,50,50.3,1300,0
2009-06-22,48.1,48.1,45,47,36000,0
2009-06-23,48,51.5,45.5,46.3,29000,0
2009-06-24,49.3,51.3,47.3,51.3,4700,0
2009-06-25,61.3,61.3,61.3,61.3,6400,0
2009-06-26,71.3,71.3,71.3,71.3,2600,0
2009-06-29,91.3,91.3,91.3,91.3,39100,0
2009-06-30,111.3,111.3,111.3,111.3,113400,0
2009-07-01,119.3,151.3,116,150.1,365600,0
2009-07-02,114.1,128.1,114.1,114.1,197800,0
2009-07-03,97.1,104,94.5,102.7,152700,0
2009-07-06,104.7,104.7,97.6,97.6,61900,0
2009-07-07,93.6,95,88.5,91.6,48900,0
2009-07-08,88.6,90,81.6,81.7,37400,0
2009-07-09,86.7,95.7,83,95.7,124200,0
2009-07-10,89.7,91,85.7,85.7,60900,0
2009-07-13,76.7,81,75.7,78.1,19500,0
2009-07-14,79.5,80.5,72,76,11400,0
2009-07-15,72,77,72,75.3,7600,0
2009-07-16,72.3,72.3,65.4,71.2,27700,0
2009-07-17,72.2,76,69,76,19300,0
2009-07-21,76,86,76,86,23400,0
2009-07-22,89,89,78,83,40400,0
2009-07-23,78.4,83.6,78.4,80.5,14500,0
2009-07-24,78.9,90.5,77,87.5,28800,0
2009-07-27,84.5,87.5,82,85,11400,0
2009-07-28,83,84,78,82.3,4900,0
2009-07-29,77.3,80.5,70.3,72.8,42900,0
2009-07-30,74.7,75.6,69.7,72.4,29300,0
2009-07-31,72.2,72.3,70.1,72.3,7100,0
2009-08-03,70.3,74.4,70.3,74.3,18000,0
2009-08-04,71.3,76.9,71.3,76.9,34000,0
2009-08-05,81.9,86.9,80,86.9,30500,0
2009-08-06,88,96.1,88,92.6,83300,0
2009-08-07,83.6,88,83,86.8,31200,0
2009-08-10,85.5,87.5,84,86.9,8500,0
2009-08-11,83,85,77.1,82,11500,0
2009-08-12,82,82,75,77.8,13000,0
2009-08-13,75,76.1,75,76.1,12500,0
2009-08-14,73.1,78,70.1,76.8,12400,0
2009-08-17,77.8,79.5,75,75,3300,0
2009-08-18,72.9,76,72.2,72.7,24000,0
2009-08-19,72.8,75,71,75,6100,0
2009-08-20,72.1,75.6,72.1,73.5,6200,0
2009-08-21,73.5,73.5,71,73.5,4200,0
2009-08-24,72,74,70.2,73,9000,0
2009-08-25,73.1,73.3,71.2,72.5,3500,0
2009-08-26,72.7,73,71.2,72.9,5000,0
2009-08-27,73,73.4,71.5,72.6,3800,0
2009-08-28,71.2,72.9,71.2,72.4,6000,0
2009-08-31,71.9,71.9,65.4,69.5,9800,0
2009-09-01,70.5,71.6,69.6,71.5,2500,0
2009-09-02,71.3,71.9,68.7,71.3,2000,0
2009-09-03,69.3,70.3,67.7,69.9,5500,0
2009-09-04,69.9,69.9,65.8,67.6,3900,0
2009-09-07,65.1,68.5,64.6,68.5,3400,0
2009-09-08,64.5,68.5,64,65.5,4400,0
2009-09-09,66.5,66.5,63,66.3,4300,0
2009-09-10,63.3,66.8,63.3,64.9,2100,0
2009-09-11,64.9,66,63.6,64.8,1000,0
2009-09-14,64.8,64.8,61.9,62.9,4000,0
2009-09-15,63.9,64.8,60,62.3,6100,0
2009-09-16,63.3,63.9,60.2,61.3,4700,0
2009-09-17,60.9,60.9,57,60.5,6200,0
2009-09-18,60,60,55,57.5,14100,0
2009-09-24,57.8,57.8,55.1,57.5,3100,0
2009-09-25,56.8,56.8,53.5,56.6,2000,0
2009-09-28,55.6,56.3,52.5,53.9,3500,0
2009-09-29,54.5,63.9,54.3,63.9,8700,0
2009-09-30,73.9,73.9,73.9,73.9,38000,0
2009-10-01,63.9,73.9,63.9,69.8,56000,0
2009-10-02,61.8,66.9,59.9,66.9,30000,0
2009-10-05,65.9,65.9,60,63,5400,0
2009-10-06,59,61.5,57,60.9,10700,0
2009-10-07,60,60.8,57.7,60,3800,0
2009-10-08,61,70,60.7,64,18400,0
2009-10-09,65,68,61.5,64.7,4200,0
2009-10-13,65.5,65.5,61,63.8,3700,0
2009-10-14,60.9,63,60.4,62.8,5700,0
2009-10-15,62.8,63,60.5,60.5,1900,0
2009-10-16,60,63,58,61.4,9700,0
2009-10-19,61,61,57,59.8,3400,0
2009-10-20,60,62.5,58,61,6200,0
2009-10-21,62.8,62.9,58,61.6,5200,0
2009-10-22,59,59,56,58.5,5000,0
2009-10-23,58.5,59.8,58.5,59,700,0
2009-10-26,59.7,59.9,55.2,59.2,1900,0
2009-10-27,55.2,59.2,55,59.2,3900,0
2009-10-28,59.8,59.8,55.5,59.7,5000,0
2009-10-29,59.6,59.7,56.6,59.6,5000,0
2009-10-30,57.6,59.8,55.5,57.5,7600,0
2009-11-02,54.5,58,54.5,58,4500,0
2009-11-04,57.4,59.7,57,59.4,6000,0
2009-11-05,57.3,59.2,56.6,58,6500,0
2009-11-06,56,59.5,56,58,3100,0
2009-11-09,58.5,58.7,55.2,58.5,3800,0
2009-11-10,58.5,58.7,56.4,58.2,2100,0
2009-11-11,59,59,56,57.7,2700,0
2009-11-12,57,57,57,57,700,0
2009-11-13,57,57,57,57,100,0
2009-11-16,57.8,57.8,54,57.1,900,0
2009-11-17,54.1,55.8,49.8,50,3100,0
2009-11-18,53,53,47,50.5,3200,0
2009-11-19,52,52.5,51,52.5,1200,0
2009-11-20,47.5,52.4,47.2,50.4,1700,0
2009-11-24,47.9,50.3,46.3,49.9,2600,0
2009-11-25,49.9,50,47.5,50,1000,0
2009-11-26,45.5,51,45.5,51,5400,0
2009-11-27,48,50.8,48,50.5,2800,0
2009-11-30,52.5,52.5,52.5,52.5,100,0
2009-12-01,52.5,52.5,52.5,51,100,0
2009-12-02,52,52,49.4,51,2500,0
2009-12-03,48.5,51,48.5,50.5,2000,0
2009-12-04,52.5,53.5,49,50,1000,0
2009-12-07,50,51,48.2,50,3100,0
2009-12-08,52,52,47.5,50.7,7400,0
2009-12-09,51.7,51.7,48,49.5,900,0
2009-12-10,49.5,49.5,49.5,49.5,100,0
2009-12-11,50,50,46.1,48.6,3500,0
2009-12-14,47.6,49.4,47.6,49.4,500,0
2009-12-15,47.9,49.5,47,49.5,2900,0
2009-12-16,49,50,47.1,49.7,3000,0
2009-12-17,47.7,49.3,46.4,48.4,3700,0
2009-12-18,46.5,52.7,46.2,52.7,10400,0
2009-12-21,54,54.7,49,53,1000,0
2009-12-22,53.5,53.5,49.3,49.9,4700,0
2009-12-24,48.9,49.6,48.6,49.4,1600,0
2009-12-25,49.7,49.7,46.3,47.7,4100,0
2009-12-28,47.7,52,47.7,49.8,2300,0
2009-12-29,51.3,53.8,50.3,53.8,4100,0
2009-12-30,54,56,52,53.5,3800,0
2010-01-04,50.6,53,50,53,500,0
2010-01-05,54.5,54.5,46.9,49.7,3900,0
2010-01-06,49,49,45.9,48.65,8400,0
2010-01-07,48.6,48.65,47.9,48.65,2200,0
2010-01-08,49.75,49.95,48.5,49.75,7400,0
2010-01-12,48.8,52,48.8,49.5,3800,0
2010-01-13,49.9,50.6,48.8,50,4300,0
2010-01-14,50,51,49.05,50.2,3200,0
2010-01-15,50.9,51,49.5,50.9,6900,0
2010-01-18,52,52,51,51.7,700,0
2010-01-19,51.7,52.5,50,52,14500,0
2010-01-20,50.1,53.1,50.1,53,400,0
2010-01-21,54,54,54,52.9,100,0
2010-01-22,52.9,52.9,50,52.5,3100,0
2010-01-25,49.8,52.3,49.8,51.1,2200,0
2010-01-26,50.4,51.1,50,51.1,2300,0
2010-01-27,52.1,52.1,52.1,52.1,900,0
2010-01-28,51.9,51.9,50,51.7,500,0
2010-02-01,52.7,52.7,52.7,52.7,100,0
2010-02-03,50,51,50,51,200,0
2010-02-05,50,51,49.5,50.8,3100,0
2010-02-08,50,50.6,48,50.6,2600,0
2010-02-09,50.6,50.6,46.8,50,600,0
2010-02-10,50.8,50.8,50.8,50.8,200,0
2010-02-12,48.5,49.7,48,49.7,2300,0
2010-02-15,48.3,49.55,48.3,49.55,400,0
2010-02-17,49.15,51.7,49.15,51.6,1100,0
2010-02-18,51.9,51.9,47.05,50,2400,0
2010-02-19,48.3,50.3,47.3,50.3,900,0
2010-02-22,48.05,48.95,48,48.95,400,0
2010-02-23,48,48,48,48,300,0
2010-02-24,49.25,49.25,49.25,49.25,100,0
2010-02-26,46.45,49.25,45.75,49.2,1200,0
2010-03-02,45.7,48.9,45.7,48.9,400,0
2010-03-03,48,48.75,46.25,48.45,2800,0
2010-03-04,46.55,47.9,46.5,47.9,600,0
2010-03-05,47.5,48.8,47.5,48.5,1700,0
2010-03-08,50.3,50.3,46.5,49.85,2000,0
2010-03-09,48,49.9,48,49.9,400,0
2010-03-10,47.1,49.1,47,47,7200,0
2010-03-11,48,48.45,45.5,46.7,6900,0
2010-03-12,45.3,46.4,45,46.35,6900,0
2010-03-15,46.4,46.4,45,46.4,1000,0
2010-03-16,46.3,46.3,46.3,46.3,100,0
2010-03-17,45.05,46.8,44.1,46.45,5000,0
2010-03-18,46.5,48.9,46.5,47.8,4700,0
2010-03-19,47.1,48,47,48,4400,0
2010-03-23,48.1,55,47,52.9,15600,0
2010-03-24,53.9,53.9,51.3,53.4,33600,0
2010-03-25,53.5,54.2,50.1,54.2,11600,0
2010-03-26,53.9,53.9,51,53.7,6700,0
2010-03-29,51,51.5,50,52.5,2900,0
2010-03-30,50.5,51.7,49.1,51.7,5200,0
2010-03-31,52.2,53,51.2,52.9,400,0
2010-04-01,50.9,53,50.5,53,3000,0
2010-04-02,53,53,53,53,3800,0
2010-04-05,51.1,52.4,50,52.4,1800,0
2010-04-06,50,51.3,50,51.3,2700,0
2010-04-07,51.3,52,50,50,4800,0
2010-04-08,51,51.2,49.75,51.2,3100,0
2010-04-09,50.1,51,49.1,50.9,3200,0
2010-04-12,51,51,50,50.7,2000,0
2010-04-13,50.5,51,49.3,51,3000,0
2010-04-14,49.3,59.8,49.3,52,51200,0
2010-04-15,53,53,49.75,50,17000,0
2010-04-16,52.8,52.8,49.75,52,18300,0
2010-04-19,53.1,53.1,50.1,53,10100,0
2010-04-20,51.1,52.9,50,50,8000,0
2010-04-21,52,52.2,49.5,50.4,6400,0
2010-04-22,51.6,52.9,49.9,50.9,2100,0
2010-04-23,50.3,51,49.5,51,5900,0
2010-04-26,51,51.7,51,51.7,6200,0
2010-04-27,51.9,52.4,50,52.3,7900,0
2010-04-28,51.5,53,49.8,52.8,20300,0
2010-04-30,53,56.5,52,56.3,27100,0
2010-05-06,57.5,57.5,54,54.5,19100,0
2010-05-07,50.8,53,50,53,5200,0
2010-05-10,50.2,52.4,50.2,51.9,9800,0
2010-05-11,52,52,51.3,51.3,6700,0
2010-05-12,52.4,52.4,49,52.2,11000,0
2010-05-13,50.1,51.7,50.1,51.7,200,0
2010-05-14,51.8,51.8,50,50.4,1100,0
2010-05-17,52,52,50,50,1200,0
2010-05-18,51,52,48,49,3100,0
2010-05-19,48,56,47.5,56,45300,0
2010-05-20,60,63,49,53,140500,0
2010-05-21,49,49,45,47.5,27600,0
2010-05-24,48.9,49,46.5,49,20500,0
2010-05-25,46.2,47.2,43,47.2,52300,0
2010-05-26,46,46,41.3,45,17600,0
2010-05-27,47.1,47.1,43,44,4900,0
2010-05-28,46.1,46.1,41,44.5,29200,0
2010-05-31,43.6,44.4,43.6,44.4,200,0
2010-06-01,45.1,45.1,45,45,200,0
2010-06-02,44,46,42.6,45.3,2900,0
2010-06-04,43.9,45.8,43.9,45.8,200,0
2010-06-08,45,46,43,46,1100,0
2010-06-09,46.7,48,44.1,45.5,3800,0
2010-06-10,44.8,45.3,43.6,45.3,4000,0
2010-06-11,45.4,45.4,45.3,45.3,300,0
2010-06-14,45.3,46.7,45.3,44.6,200,0
2010-06-15,44.6,46,44.6,46,200,0
2010-06-16,44.1,45.4,42.6,44.9,3400,0
2010-06-17,45.6,45.6,44.8,45,1400,0
2010-06-18,44.9,45,43.8,44.9,10400,0
2010-06-21,43.95,45.15,43.95,45.15,500,0
2010-06-22,44,44.8,42.8,44.8,4000,0
2010-06-24,44.75,44.8,43.5,43.5,2200,0
2010-06-25,43.1,44.5,43.1,44.5,200,0
2010-06-28,42.7,44.9,42,44.1,6300,0
2010-06-29,41.3,43.4,41,43.3,5100,0
2010-06-30,41.2,42.6,41.2,42.6,1300,0
2010-07-01,42.6,45,41.85,41.9,2500,0
2010-07-02,39.1,42.3,39.1,42.3,3700,0
2010-07-05,38.8,40.9,37.05,39,21600,0
2010-07-06,38.1,39,37.5,39,5000,0
2010-07-07,39.7,39.7,38.9,38.9,2100,0
2010-07-08,38.8,39.15,38,38.7,4100,0
2010-07-09,39.8,39.8,38.55,38.55,400,0
2010-07-12,39,39,38.55,38.9,3200,0
2010-07-13,38.55,39.7,38.3,39.55,6000,0
2010-07-14,39,39,37.05,38.9,3700,0
2010-07-15,38.1,38.1,37.6,37.6,1200,0
2010-07-16,37.6,38.3,37.5,38.3,700,0
2010-07-20,37.05,38,37,37,800,0
2010-07-21,36.8,37.9,35.05,37.9,3700,0
2010-07-22,35.2,36.7,34,36.7,5500,0
2010-07-23,34.15,36.25,34.05,35.95,6100,0
2010-07-26,36.6,37.3,36.6,37.3,300,0
2010-07-27,38,38,34.7,34.7,4600,0
2010-07-28,35.4,35.4,34,35.35,4300,0
2010-07-29,33.95,34.95,33.95,34.95,8100,0
2010-07-30,34.2,34.8,34,34.6,2200,0
2010-08-02,33.2,33.55,33.2,33.55,4600,0
2010-08-03,33.6,34.95,33.6,33.7,900,0
2010-08-04,34.9,39.4,34,36.8,14800,0
2010-08-05,34.7,34.7,34.7,34.7,100,0
2010-08-06,34.15,35.55,34.15,34.2,1500,0
2010-08-09,34.2,34.45,34,34.45,3700,0
2010-08-10,34.45,34.7,33.4,34.7,4000,0
2010-08-11,36.1,36.1,33.45,34.9,6900,0
2010-08-12,33.6,34.3,33.4,33.4,5600,0
2010-08-13,34.3,34.3,33.7,34.3,3600,0
2010-08-16,34.95,34.95,34.95,34.95,600,0
2010-08-17,34.95,35.65,33.4,34.9,4000,0
2010-08-18,34,34,34,34,100,0
2010-08-19,34.95,34.95,34.95,34.95,100,0
2010-08-20,34.95,34.95,34.95,34.95,100,0
2010-08-23,35,36.4,35,36.2,5300,0
2010-08-27,32.8,33.9,30.65,33.9,4300,0
2010-08-30,33.9,35.3,33.9,35.3,2400,0
2010-08-31,31.75,34.25,31.75,32,3100,0
2010-09-01,34.1,35.4,34.1,35.4,1800,0
2010-09-02,35.5,35.5,33.1,35,800,0
2010-09-03,34.5,34.5,32.1,34.2,3900,0
2010-09-06,33.5,33.5,33.5,33.5,400,0
2010-09-07,33.8,33.95,33.8,33.95,200,0
2010-09-08,33.45,36.75,32.5,33.9,11800,0
2010-09-09,33.2,35,33.2,34.2,700,0
2010-09-10,32.8,33.6,31.5,33,3300,0
2010-09-13,33.5,33.5,31.1,32.5,10500,0
2010-09-14,31.3,32,29.6,31.5,21600,0
2010-09-15,30,31.5,30,31.5,500,0
2010-09-16,32,32,29.1,31.95,3900,0
2010-09-17,31.95,33.1,31.95,33.1,2100,0
2010-09-21,33.45,33.45,31,32.4,3500,0
2010-09-27,32,32,30,31,1800,0
2010-09-28,30.1,32.95,29.99,32.95,3300,0
2010-09-30,31.5,31.5,31.3,31.4,3500,0
2010-10-01,30,31,29,31,6400,0
2010-10-04,30.9,30.9,30.9,30.9,100,0
2010-10-05,30.5,31,30.5,31,4800,0
2010-10-06,29.1,29.9,29,29.9,6900,0
2010-10-07,30.4,31.5,29,29.9,2400,0
2010-10-08,31,31,29.01,29.9,300,0
2010-10-12,29.02,29.98,29,28.48,400,0
2010-10-13,28,29.51,28,29.51,200,0
2010-10-14,29.99,30.3,28.8,30.3,1700,0
2010-10-15,30.2,30.2,29,29.9,3600,0
2010-10-18,27.4,30,27.4,30,300,0
2010-10-19,27.41,28.61,27.41,28.61,700,0
2010-10-20,28.6,28.9,27.4,28.5,1500,0
2010-10-21,29,29,25.11,26.5,7500,0
2010-10-22,27.5,27.5,23.83,24.83,1600,0
2010-10-25,25.33,26.5,25.33,26.5,400,0
2010-10-26,24,25,24,25,3500,0
2010-10-27,26,29,26,28,3500,0
2010-10-28,24.02,28,24.02,28,2800,0
2010-10-29,28,29.3,28,28,3900,0
2010-11-01,28,28,25,27.5,600,0
2010-11-02,27.9,27.9,27.9,27,1000,0
2010-11-04,26,27.99,26,27.99,3200,0
2010-11-08,31.85,31.85,28,29.69,4900,0
2010-11-09,27.19,29.69,27.1,29.69,2100,0
2010-11-10,28,29.45,28,29.45,1100,0
2010-11-12,29.45,29.45,29.45,29.45,100,0
2010-11-15,29.2,29.2,29.2,29.2,500,0
2010-11-16,29.2,29.65,29.2,29,1100,0
2010-11-17,29,29,28.96,28.96,200,0
2010-11-18,28.7,28.7,26.7,28.65,600,0
2010-11-19,28.15,31.55,26.15,29.75,10700,0
2010-11-22,29.2,29.2,25.5,29.1,9000,0
2010-11-24,29.7,32.1,29.7,31.45,3600,0
2010-11-25,31,33.5,30.95,31.75,2900,0
2010-11-26,33.15,33.15,31.4,33.1,2600,0
2010-11-29,33,33.9,31,31.5,12300,0
2010-11-30,31.5,33.9,31.5,33,3500,0
2010-12-01,33,33.95,32,32.7,1800,0
2010-12-02,34.3,34.5,31.6,34.45,2000,0
2010-12-03,34.45,34.45,31.1,33,3400,0
2010-12-06,33,33,33,33,500,0
2010-12-07,32,32,30,31.75,7700,0
2010-12-08,31.8,31.8,30.4,31.6,1500,0
2010-12-09,30.15,31,30.15,31,5200,0
2010-12-10,30,30,29.5,29.89,6900,0
2010-12-13,28.39,30,28.39,30,16300,0
2010-12-14,30,37,30,37,33800,0
2010-12-15,40,44,35,44,114400,0
2010-12-16,42.6,49.8,40,40.5,116800,0
2010-12-17,40.5,40.5,36.5,37.3,42500,0
2010-12-20,37.3,42,36,37,34500,0
2010-12-21,38.4,38.4,33.8,37.5,14500,0
2010-12-22,35.4,36,33.8,36,42100,0
2010-12-24,33.55,36,33.55,35.2,24300,0
2010-12-27,33.5,34,33.1,33.2,7700,0
2010-12-28,33.8,34.95,33.8,34.9,1100,0
2010-12-29,35.2,41.9,35.2,41.9,76800,0
2010-12-30,41.9,41.9,37,39.45,78400,0
2011-01-04,36.65,39.3,36.2,36.2,43100,0
2011-01-05,35.8,36.15,33.5,34.45,59600,0
2011-01-06,35.15,35.15,34,35,17200,0
2011-01-07,32.9,33.85,32.4,33,44000,0
2011-01-11,32.1,33,32,32,32200,0
2011-01-12,33,33.4,30.45,31.2,69300,0
2011-01-13,31.9,32,30.1,30.55,57900,0
2011-01-14,31.5,31.5,30.15,31.3,56700,0
2011-01-17,30.9,32.6,30,30.1,62600,0
2011-01-18,30.3,30.8,30,30,13300,0
2011-01-19,29.8,30.2,29.6,29.9,8100,0
2011-01-20,30,30.2,29,30,12400,0
2011-01-21,30.8,30.8,29.5,30.6,19000,0
2011-01-24,30.5,30.5,29.5,30.2,12100,0
2011-01-25,29.5,30.55,29.5,30.55,18900,0
2011-01-26,29.99,30.55,29.99,30,4300,0
2011-01-27,29.29,30.4,29.29,29.51,4800,0
2011-01-28,29.7,30,29.01,29.01,3400,0
2011-01-31,29.1,29.5,28.02,28.29,24700,0
2011-02-01,28.66,28.66,28.01,28.2,7900,0
2011-02-02,28.5,29.5,28.2,29.5,23100,0
2011-02-03,29.6,29.9,28.7,29.9,6800,0
2011-02-04,31,31,28.5,30.45,7300,0
2011-02-07,31.15,31.15,27.6,28.8,31800,0
2011-02-08,29,30,27.5,28,12200,0
2011-02-09,28,28.5,27.51,27.72,6400,0
2011-02-10,28.5,28.5,27.7,27.73,4100,0
2011-02-14,28.13,29.15,28,29,14200,0
2011-02-15,29.5,29.5,28.4,28.4,2500,0
2011-02-16,27.1,27.6,26.3,27.2,16400,0
2011-02-17,27.9,27.9,27.25,27.25,4500,0
2011-02-18,28.3,29,27.07,29,18900,0
2011-02-21,30,30.3,28,28,6200,0
2011-02-22,26.01,27.3,25.3,27.3,33100,0
2011-02-23,26,32.3,26,32.3,59100,0
2011-02-24,39.3,39.3,39.3,39.3,120900,0
2011-02-25,40.5,41.3,32.3,32.3,166900,0
2011-02-28,32.5,32.5,30.5,31.15,37500,0
2011-03-01,31.1,31.95,29.72,30.65,41100,0
2011-03-02,30.95,30.95,29.6,30.8,18700,0
2011-03-03,29.4,31,29.38,29.5,13000,0
2011-03-04,30,30.85,29.95,30.45,15100,0
2011-03-07,29.51,29.89,29.51,29.88,4400,0
2011-03-08,29.87,29.87,28.52,29.49,11400,0
2011-03-09,29.45,34.45,29.45,30.2,78600,0
2011-03-10,29.6,31.95,29.01,29.01,24600,0
2011-03-11,28.65,30.9,28.65,30.7,6100,0
2011-03-14,28.15,28.15,24.01,25.5,70100,0
2011-03-15,25,26.8,20.5,21,49100,0
2011-03-16,21,23,18.2,22.9,21800,0
2011-03-17,21.98,23,21.1,23,2900,0
2011-03-18,22,24.9,22,24.6,4100,0
2011-03-22,24.8,25.8,24.8,25,11100,0
2011-03-23,25.1,27.9,25.1,27.9,2100,0
2011-03-24,27.8,27.8,25.6,26.5,3500,0
2011-03-25,26.75,26.76,25,25.95,4600,0
2011-03-28,25.05,25.1,24.5,25.1,1900,0
2011-03-29,24.5,26.75,24.5,26,1400,0
2011-03-30,26.3,26.95,25.2,26.95,2300,0
2011-03-31,25.3,26.9,25.3,26.9,700,0
2011-04-01,26.9,26.9,24.9,26.6,3000,0
2011-04-04,26.6,27,25.21,26.88,2100,0
2011-04-05,25.88,26.79,25,25,3400,0
2011-04-06,24.7,25,24,24.2,2200,0
2011-04-07,25.2,25.3,24,25.3,1200,0
2011-04-08,25.3,25.3,24,24.5,1400,0
2011-04-11,25,25,24,24,1300,0
2011-04-12,24.2,24.5,23.8,24.49,3800,0
2011-04-13,23.99,25.8,23.99,25,3500,0
2011-04-14,25.45,25.45,24.05,25.45,3600,0
2011-04-15,24.95,25.7,24,24.99,10200,0
2011-04-18,24.5,25.2,24,25.2,1300,0
2011-04-19,24.2,25,24.2,25,1400,0
2011-04-20,24,24.8,24,24.6,1900,0
2011-04-21,24.1,24.49,24.06,24.06,700,0
2011-04-22,24,24.85,23.54,24.54,5900,0
2011-04-25,24.5,24.55,24.1,24.55,1400,0
2011-04-26,24.75,24.95,24,24.65,8700,0
2011-04-27,24.5,24.7,24.15,24.3,1900,0
2011-04-28,24.65,26,24.1,24.2,17900,0
2011-05-02,25.7,26,24.61,25.79,5200,0
2011-05-06,26,26.9,26,26.41,3700,0
2011-05-09,26.4,26.41,25.5,26.41,10300,0
2011-05-10,26.41,26.9,26,26.79,6900,0
2011-05-11,26.64,26.64,25.5,25.5,800,0
2011-05-12,24.91,26.5,24.91,26.4,2300,0
2011-05-13,26.89,26.89,24.91,25.98,7800,0
2011-05-17,24.1,25.5,24.1,25.49,2900,0
2011-05-18,25.9,25.9,24.1,25.9,1600,0
2011-05-19,25,25.5,24.5,25.5,8600,0
2011-05-20,25.78,25.78,24,24,3600,0
2011-05-23,24,25.72,24,24.2,5100,0
2011-05-24,24,24.5,23,24.5,600,0
2011-05-25,23,24,23,24,1600,0
2011-05-26,23.1,24.47,23.1,24.47,800,0
2011-05-27,23.52,24.46,22.5,24.46,6300,0
2011-05-30,24,24.1,23.12,24.1,600,0
2011-05-31,23.86,24.2,23.25,24,900,0
2011-06-01,24,24,23.21,23.21,600,0
2011-06-02,23.21,23.26,23.1,23.26,500,0
2011-06-03,23.22,24,23.22,23.3,600,0
2011-06-06,23.3,23.3,23.27,23.27,600,0
2011-06-07,23.1,24.1,23.1,24,2400,0
2011-06-08,24,24,21.5,24,7900,0
2011-06-09,24,24,22,23.97,1500,0
2011-06-10,24,24,24,24,500,0
2011-06-13,24,24,22,22,3800,0
2011-06-14,22.5,23.5,22.5,23.5,3200,0
2011-06-15,25,25,24,24,4600,0
2011-06-16,24,24.01,24,24,1000,0
2011-06-17,24,24,24,24,200,0
2011-06-20,24.5,24.8,23,23,22300,0
2011-06-22,23.21,23.21,22.5,22.5,1900,0
2011-06-23,23.01,23.1,22.5,22.5,1600,0
2011-06-24,22.51,22.51,22.51,22.51,100,0
2011-06-27,22.61,24,22.61,23.24,1900,0
2011-06-28,24,24,22.88,24,700,0
2011-06-29,24,24,23.4,23.4,1400,0
2011-06-30,24,25.9,24,25,20900,0
2011-07-01,24.5,30,24.5,30,47300,0
2011-07-04,37,37,29,32.3,420100,0
2011-07-05,31,31.3,28.01,29,112400,0
2011-07-06,28.1,28.8,27.5,28.48,36400,0
2011-07-07,28.4,28.47,26.22,27.7,38000,0
2011-07-08,29.7,29.7,26.3,27,71900,0
2011-07-11,28,28.02,26.35,27.3,41600,0
2011-07-12,27,27.47,26,26.99,2200,0
2011-07-13,26.04,26.8,25.92,26.45,17400,0
2011-07-14,27,29.12,27,27.13,19400,0
2011-07-15,28,29.12,25.69,28.8,61100,0
2011-07-19,27.3,29.1,27.27,28.8,14300,0
2011-07-20,27,28.3,25.19,27.3,39600,0
2011-07-21,28,28,26.5,27.2,69300,0
2011-07-22,26.5,27,25.01,26.46,43000,0
2011-07-25,26.18,31.5,26.18,30,166800,0
2011-07-26,28.3,29,26.95,27.89,88300,0
2011-07-27,27.8,27.8,27,27.65,26000,0
2011-07-28,27.1,27.5,25.5,26.35,16700,0
2011-07-29,25.4,27.5,25.4,27.46,21300,0
2011-08-01,24.01,25.9,24.01,25.3,60700,0
2011-08-02,25,27.4,25,27.3,11000,0
2011-08-03,26.8,27.6,25.35,27.35,15400,0
2011-08-04,27.35,27.99,27.3,27.3,3200,0
2011-08-05,24.55,26.85,24.55,26.8,14500,0
2011-08-08,28,28,27.8,27.8,500,0
2011-08-09,25.3,26.47,25,26,14100,0
2011-08-10,26.4,26.4,26,26.4,6900,0
2011-08-11,25.7,26.2,25,25.7,4900,0
2011-08-12,24.8,25.7,22.7,25.7,4400,0
2011-08-15,25.5,26,23.32,24.44,34200,0
2011-08-16,25.44,26.6,24.5,26.6,18000,0
2011-08-17,27,27,26.6,27,3600,0
2011-08-18,27,27.2,25.52,26.7,4700,0
2011-08-19,25.86,26.7,25,26.7,18200,0
2011-08-22,25.7,26.99,25.61,26.9,1300,0
2011-08-23,26.9,27.98,26.9,27.98,23700,0
2011-08-24,25.7,26.28,25.51,26.28,9100,0
2011-08-25,26,26.97,26,26.97,1000,0
2011-08-26,25.97,26.47,24.6,25.9,7900,0
2011-08-29,26.35,26.35,24.71,25.8,9000,0
2011-08-30,25.6,25.7,24.11,24.92,25500,0
2011-08-31,24.11,24.71,23.01,23.77,31400,0
2011-09-01,23.99,24.35,23.8,24.18,8300,0
2011-09-02,24.17,24.88,23.8,24.5,8900,0
2011-09-05,24.01,24.77,24.01,24.5,4900,0
2011-09-06,24.02,24.8,23.8,24.6,1200,0
2011-09-07,24.1,24.99,24.1,24.7,2700,0
2011-09-08,24.97,24.97,24.97,24.97,100,0
2011-09-09,24.97,24.97,24.97,24.97,300,0
2011-09-12,24.94,24.94,23.2,23.7,8700,0
2011-09-13,23.22,23.3,22.4,22.8,2400,0
2011-09-14,21.8,22.7,21.5,22,9100,0
2011-09-15,21.31,22.05,21.05,22.05,13600,0
2011-09-16,21.23,21.69,21.23,21.69,1700,0
2011-09-20,21.23,21.23,21.1,21.1,2300,0
2011-09-21,21.05,21.99,21.05,21.99,600,0
2011-09-22,21.99,21.99,21,21.5,3200,0
2011-09-26,20.5,21.5,20.5,21.5,4200,0
2011-09-27,21.5,22.71,21.5,21.65,2300,0
2011-09-28,22.9,22.9,21.5,21.5,1200,0
2011-09-29,21.5,23.8,21.5,21.51,6200,0
2011-09-30,21.51,22,21.5,22,800,0
2011-10-03,21.95,21.95,21.5,21.5,200,0
2011-10-04,21.2,23.49,21.2,23.49,1800,0
2011-10-05,23.45,23.45,23.45,23.45,300,0
2011-10-07,23.46,23.46,23.45,23.45,300,0
2011-10-11,23.45,23.7,23,23.7,1400,0
2011-10-12,23.7,23.7,23.7,23.7,300,0
2011-10-13,23.7,23.7,23.7,23.7,100,0
2011-10-14,23.69,23.69,22.1,22.1,2500,0
2011-10-17,22.2,22.35,22.2,22.35,700,0
2011-10-18,22.2,22.5,22.2,22.5,700,0
2011-10-19,22.21,22.5,21.7,21.7,1200,0
2011-10-20,21,21.5,21,21.5,1000,0
2011-10-21,21,21.5,21,21.49,600,0
2011-10-24,21.51,21.51,21.51,21.51,200,0
2011-10-25,21.51,21.6,21.51,21.6,200,0
2011-10-26,21.05,21.5,21,21.5,500,0
2011-10-27,21.01,23.5,21.01,23.45,2300,0
2011-10-28,21.81,22.1,21,21.5,6400,0
2011-10-31,21.5,22.49,21.05,21.25,3500,0
2011-11-01,21.75,21.75,21,21.75,900,0
2011-11-02,21.01,21.5,21.01,21.4,300,0
2011-11-04,21.9,21.9,21.02,21.02,1400,0
2011-11-07,21.88,21.88,19.9,19.9,2400,0
2011-11-08,19.91,19.91,19.2,19.2,2200,0
2011-11-09,19.22,19.22,19.2,19.22,600,0
2011-11-10,19.2,19.2,19.2,19.2,4600,0
2011-11-11,19.59,19.59,19.59,19.59,1300,0
2011-11-15,19.59,19.59,18.2,18.2,2100,0
2011-11-17,18.51,18.51,18.5,18.5,700,0
2011-11-18,18.5,18.5,17.1,17.5,4000,0
2011-11-21,17.49,17.5,17.49,17.5,800,0
2011-11-24,17.11,17.11,17.08,17.08,11500,0
2011-11-25,17.06,17.85,17.06,17.25,12100,0
2011-11-28,17.5,17.5,17.5,17.5,100,0
2011-11-29,17.99,18,17.99,18,300,0
2011-11-30,17.99,18.51,17.59,18.5,2400,0
2011-12-01,18.9,19.06,18.9,19.05,600,0
2011-12-02,18.9,19.59,18.9,19.59,200,0
2011-12-05,18.91,20.5,18.91,20.5,2000,0
2011-12-06,19.5,21.6,19.5,21.55,18400,0
2011-12-07,21.55,21.55,21.55,21,100,0
2011-12-08,21,22.1,21,22.1,6700,0
2011-12-09,21.01,21.5,21,21.5,400,0
2011-12-12,21.5,21.5,21.5,21.5,100,0
2011-12-13,21.5,21.5,21.5,21.5,100,0
2011-12-14,21.5,21.5,20.01,21.11,2400,0
2011-12-16,20,21.49,20,21.49,200,0
2011-12-19,21.01,21.01,21,21,500,0
2011-12-20,21,21,19,20.45,600,0
2011-12-21,20.5,20.5,19,20,1500,0
2011-12-22,20,20,18.31,18.35,3000,0
2011-12-26,18.4,22.35,18.31,22.35,11000,0
2011-12-27,25.35,25.35,21.4,23.39,26400,0
2011-12-28,22.45,22.45,22.45,22.45,200,0
2011-12-29,22.45,22.45,19.1,21.54,8700,0
2011-12-30,19.55,21.51,19.55,21.51,400,0
2012-01-04,21.99,21.99,19.5,20.75,1200,0
2012-01-06,21,21,19.8,19.8,500,0
2012-01-10,18.2,20.19,18.2,18.59,10900,0
2012-01-11,18.59,19.6,18.59,19.6,600,0
2012-01-12,19,19,19,19,1000,0
2012-01-13,18.31,18.31,18.31,18.31,500,0
2012-01-16,17.11,17.79,17.11,17.79,19300,0
2012-01-17,16.61,17.39,16.61,16.67,18500,0
2012-01-18,16.72,17.48,16.72,17.39,1800,0
2012-01-19,16.6,17.01,16.6,17,9000,0
2012-01-20,17.5,17.5,17,17.5,4400,0
2012-01-23,16.71,17.01,16.71,17.01,11100,0
2012-01-24,17.41,17.41,16.9,17,3200,0
2012-01-25,17.4,17.75,17.29,17.75,3200,0
2012-01-26,17.4,17.4,17.3,17.4,4300,0
2012-01-27,18.6,18.6,17.4,17.6,5300,0
2012-01-30,16.4,18.82,16.1,18.4,17100,0
2012-01-31,17.21,18.77,17.21,18,10100,0
2012-02-01,18.66,18.7,18.49,18.6,4500,0
2012-02-02,18.7,18.7,18.11,18.2,1500,0
2012-02-03,18,18.48,17.6,18.48,400,0
2012-02-06,18,18,18,18,200,0
2012-02-07,18,18,16.6,17.21,3100,0
2012-02-08,17.6,17.65,17.23,17.65,700,0
2012-02-09,17.25,18.7,17.25,17.33,7700,0
2012-02-10,17.18,18.95,17.17,18.95,4700,0
2012-02-13,18.05,19,18.05,19,4700,0
2012-02-14,18.5,23,18,23,57000,0
2012-02-15,27.89,28,19.33,19.55,395300,0
2012-02-16,20.5,20.83,19.05,19.67,63500,0
2012-02-17,20,20.05,18.5,20,55400,0
2012-02-20,19.12,19.5,19.12,19.2,10300,0
2012-02-21,19.49,20,18.71,19.4,24600,0
2012-02-22,18.62,19.6,18.62,19.09,8300,0
2012-02-23,19.1,19.4,18.71,19.4,6100,0
2012-02-24,19.18,19.74,19.18,19.6,17300,0
2012-02-27,23.5,23.6,21.5,23.6,65100,0
2012-02-28,22.61,23.11,20.3,21.9,84000,0
2012-02-29,20.74,23.4,20.33,20.33,29200,0
2012-03-01,20.34,20.35,19.8,19.9,4900,0
2012-03-02,19.9,22,19.8,21.11,15500,0
2012-03-05,21.11,21.11,20.2,20.2,1000,0
2012-03-06,19.88,21.98,19.81,20.67,3300,0
2012-03-07,20.99,21.94,20.99,21.93,3100,0
2012-03-08,21.8,21.8,21,21,1900,0
2012-03-09,20.37,20.98,20,20.98,4000,0
2012-03-12,25.98,25.98,20.3,24.78,168000,0
2012-03-13,23,23,21.8,22.3,25100,0
2012-03-14,22,22.6,21.15,22.48,10200,0
2012-03-15,22.74,22.74,22.53,22.53,3400,0
2012-03-16,21.53,22,20,21.5,25000,0
2012-03-19,21.5,21.59,20.6,21.59,6800,0
2012-03-21,21.8,21.8,20.8,20.85,1900,0
2012-03-22,20.85,20.85,20.5,20.5,1800,0
2012-03-23,20.5,20.99,20.2,20.2,800,0
2012-03-26,21.2,23,20.1,20.1,15700,0
2012-03-27,22,22,20.25,20.25,4000,0
2012-03-28,20.49,21,20.31,20.31,600,0
2012-03-29,20.31,20.31,20.3,20.3,900,0
2012-03-30,20.38,20.45,20.38,20.45,1500,0
2012-04-02,21.26,21.26,20.31,20.31,600,0
2012-04-03,21,22.32,21,21,5000,0
2012-04-04,20.37,21.99,20.37,21.99,700,0
2012-04-06,20.51,20.51,20,20.12,2900,0
2012-04-09,20.12,20.12,19.99,20,10200,0
2012-04-10,20.8,20.8,20.3,20.5,5700,0
2012-04-11,20.1,20.1,20,20,300,0
2012-04-12,19.8,19.8,19.8,19.8,200,0
2012-04-13,21.98,21.98,20.11,21.5,4800,0
2012-04-16,20.41,20.92,20.41,20.92,300,0
2012-04-17,20.3,20.5,19.3,20.5,1800,0
2012-04-18,21,21,21,21,100,0
2012-04-19,20.01,20.01,20.01,20.01,100,0
2012-04-20,20.5,20.5,19,19.5,14000,0
2012-04-24,19.5,19.5,19.5,19.5,100,0
2012-04-25,20.79,20.79,19.51,19.52,4800,0
2012-04-26,21,21,19.62,20.3,17000,0
2012-04-27,19.8,20.7,19.8,20.7,1000,0
2012-05-01,19.8,20.22,19.42,20.22,900,0
2012-05-02,19.5,20.2,19.5,19.6,1500,0
2012-05-07,19.71,19.71,19.71,19.71,1000,0
2012-05-08,18.8,19.76,18.71,19.76,14100,0
2012-05-09,18.96,18.96,18.71,18.72,700,0
2012-05-10,18.72,19.99,18.72,19.99,1200,0
2012-05-11,19.95,20,19.9,20,1000,0
2012-05-14,20.5,20.5,18.85,18.85,400,0
2012-05-15,20.6,20.6,19.1,20.2,10800,0
2012-05-16,19.4,19.9,19.4,19.8,400,0
2012-05-17,19,20.32,19,20,1100,0
2012-05-18,20.6,20.6,20.6,20.6,1600,0
2012-05-21,18.45,19.3,18,18.92,7300,0
2012-05-22,19.7,19.75,19.7,19.7,1200,0
2012-05-23,18.52,18.97,18.5,18.66,5100,0
2012-05-24,18.97,18.99,18.97,18.99,400,0
2012-05-25,18.59,18.9,18.52,18.52,1800,0
2012-05-28,20,20,20,20,3700,0
2012-05-30,20,20.79,19.67,20.5,4200,0
2012-05-31,19.1,19.12,19.1,19.1,3900,0
2012-06-01,18.55,18.55,18.55,18.55,1700,0
2012-06-04,18.18,18.55,18.11,18.12,900,0
2012-06-05,18.12,18.7,18.12,18.7,1700,0
2012-06-06,18.25,19.07,18.2,18.2,1300,0
2012-06-07,18.61,18.61,18.61,18.61,400,0
2012-06-08,19.22,20.74,18.23,20.5,9200,0
2012-06-11,19.1,20,19,19.1,4800,0
2012-06-13,20,20,20,20,3100,0
2012-06-15,20.66,20.66,20.66,20.66,3400,0
2012-06-18,19.26,20.56,19.26,19.71,300,0
2012-06-19,20.61,20.61,20,20,700,0
2012-06-21,19.75,19.75,19.75,19.75,100,0
2012-06-22,19.76,20,18.25,20,14900,0
2012-06-25,20,20,19.3,19.38,1000,0
2012-06-26,20.45,20.45,19.61,19.61,5400,0
2012-06-27,20.45,20.45,20.4,20.4,1000,0
2012-06-28,20.01,20.01,20,20,600,0
2012-06-29,19.1,20,19.02,20,7900,0
2012-07-02,19.9,19.9,19.9,19.9,2000,0
2012-07-03,19.9,19.9,19,19.78,2500,0
2012-07-04,19.79,20.01,19.01,19.01,1500,0
2012-07-05,19.87,19.99,19.45,19.45,1200,0
2012-07-06,19.01,19.02,18.7,19,19800,0
2012-07-09,19.18,19.18,19.18,19.18,100,0
2012-07-10,19.98,20,19.02,19.02,11900,0
2012-07-11,19,19,19,19,400,0
2012-07-12,18.7,20.4,18.7,20.4,16100,0
2012-07-13,20.5,20.5,19,20.46,13500,0
2012-07-23,18.99,19.6,18.99,19.6,2100,0
2012-07-24,19,19.6,18.3,19.14,9300,0
2012-07-26,20.34,20.34,18.4,18.4,6000,0
2012-07-27,18.5,19,18.5,18.5,1300,0
2012-07-30,18.8,19,18.8,19,1600,0
2012-07-31,18.53,19,18.53,19,900,0
2012-08-01,18.9,19,18,18,9300,0
2012-08-02,18.8,18.8,17.81,17.81,1600,0
2012-08-03,18.21,19,18.21,18.26,900,0
2012-08-06,19,19,19,19,300,0
2012-08-07,18.9,20.37,18.5,18.55,16700,0
2012-08-08,18,18.71,18,18.11,16800,0
2012-08-09,18.02,18.02,17.51,17.7,7900,0
2012-08-10,18,18,18,18,200,0
2012-08-13,17.1,17.5,17.1,17.5,3200,0
2012-08-14,17.9,17.9,17.9,17.9,100,0
2012-08-15,18.5,18.5,17.7,18.2,4200,0
2012-08-17,18.25,18.25,18.25,18.25,100,0
2012-08-20,17.85,18.65,17.85,18.65,500,0
2012-08-21,18.65,20.4,18.65,19.5,40500,0
2012-08-23,17.9,17.9,17.9,17.9,100,0
2012-08-24,19,19.8,18.6,18.6,3400,0
2012-08-27,20.5,20.5,19.01,19.01,4400,0
2012-08-28,19,19,18.2,18.2,900,0
2012-08-30,18.1,18.1,17.54,17.6,7600,0
2012-08-31,17.6,17.6,16,16,19600,0
2012-09-03,16.99,17,15.17,17.2,66000,0
2012-09-04,15.62,16.5,15.62,16.5,3500,0
2012-09-05,16,16.84,15.8,15.9,14100,0
2012-09-06,16.2,18,16.2,18,39300,0
2012-09-07,17.5,17.5,15.3,16.26,9800,0
2012-09-10,16.3,16.3,16.02,16.02,300,0
2012-09-12,15.74,17.99,15.7,17.99,12500,0
2012-09-13,17.77,17.77,17.73,17.73,500,0
2012-09-14,17.1,19.6,16.89,18.4,11900,0
2012-09-18,19.2,19.2,17.6,17.6,4200,0
2012-09-19,17.2,17.2,16.91,16.91,1700,0
2012-09-20,17.5,17.5,17.5,17.5,300,0
2012-09-21,17.5,17.5,17.5,17.5,300,0
2012-09-24,17.5,17.5,17.5,17.5,3300,0
2012-09-25,17.5,17.5,17.49,17.5,3300,0
2012-09-26,18.5,18.5,17.25,17.25,4000,0
2012-09-27,17,17,16.3,17,600,0
2012-09-28,17,17,17,17,300,0
2012-10-01,17.5,17.5,17.5,17.5,100,0
2012-10-02,17.9,17.9,16.3,16.3,2500,0
2012-10-03,16.3,16.3,16.3,16.3,700,0
2012-10-09,16.73,16.73,16.73,16.73,600,0
2012-10-12,15.58,15.78,15.58,15.74,4000,0
2012-10-15,16.94,17.89,16.93,17.89,5200,0
2012-10-16,17.8,17.8,16.3,17.25,4400,0
2012-10-17,16.32,16.32,16.29,16.29,4000,0
2012-10-18,15.89,15.89,15.7,15.85,4700,0
2012-10-19,16.99,17.79,16,16.2,12000,0
2012-10-22,16.89,16.89,15.9,15.96,3700,0
2012-10-23,16.27,16.49,16.27,16.49,300,0
2012-10-24,16.49,16.49,16,16.24,700,0
2012-10-25,16.2,16.25,16,16.25,700,0
2012-10-26,16.9,16.9,16,16.9,5300,0
2012-10-29,16.8,16.98,16.8,16.98,4500,0
2012-10-30,16.18,16.58,16.1,16.1,6400,0
2012-10-31,16.49,18.5,16.49,18.5,8600,0
2012-11-01,18.5,18.5,17,18,1100,0
2012-11-02,18.5,18.5,16.94,17.41,6200,0
2012-11-05,16.61,16.7,16.61,16.7,1100,0
2012-11-06,17,17,17,17,2200,0
2012-11-07,16.25,16.25,16.25,16.25,1000,0
2012-11-08,16.38,16.43,16.32,16.32,700,0
2012-11-09,16.58,16.58,16.58,16.58,700,0
2012-11-12,16.9,17,16.9,17,5300,0
2012-11-13,16.71,16.71,16.7,16.7,1300,0
2012-11-14,17.44,17.44,16.56,16.56,1100,0
2012-11-15,17.3,17.3,16.6,16.6,5300,0
2012-11-16,17.79,18.5,17.79,18.5,11500,0
2012-11-19,17.41,18.69,17.41,18.69,4500,0
2012-11-20,17.6,18.08,16.61,16.61,23300,0
2012-11-21,17.41,17.41,16.62,16.62,10200,0
2012-11-22,16.61,16.94,16.3,16.68,14000,0
2012-11-26,17.45,17.45,16.9,16.9,3900,0
2012-11-27,16.8,17.25,16.8,17.25,700,0
2012-11-28,17.25,17.4,16.5,17.4,22100,0
2012-11-29,17.4,17.5,16.5,17.5,20200,0
2012-11-30,16.8,17.5,16.8,17.5,6400,0
2012-12-03,17.6,17.6,16.4,16.84,27700,0
2012-12-04,16.41,16.85,16.4,16.41,39500,0
2012-12-05,16.35,16.37,16.3,16.3,7500,0
2012-12-06,16.6,16.6,16.33,16.57,2100,0
2012-12-07,16.56,16.56,16.07,16.56,4100,0
2012-12-10,16.48,16.59,16.48,16.59,1900,0
2012-12-11,16.5,16.5,16.31,16.49,1100,0
2012-12-12,17.04,17.1,17,17.09,7300,0
2012-12-13,17.09,17.09,17.09,17.09,1000,0
2012-12-14,17.09,17.09,17.09,17.09,1500,0
2012-12-17,18.29,18.39,17,17,6500,0
2012-12-18,17,17,16.51,16.74,13200,0
2012-12-19,16.51,16.8,16,16.7,61400,0
2012-12-20,16.95,17,16.51,17,26900,0
2012-12-21,17,17,16.72,16.72,300,0
2012-12-25,16.99,16.99,16.47,16.6,2900,0
2012-12-26,17.4,20.6,16.6,17.48,261100,0
2012-12-27,17.36,17.36,16.4,17.3,89400,0
2012-12-28,16.5,16.7,16.05,16.7,39000,0
2013-01-04,16.79,17,16.79,17,2400,0
2013-01-07,16.9,17,16.36,16.36,25800,0
2013-01-08,16.3,16.68,16.3,16.6,3500,0
2013-01-09,16.66,16.67,16.62,16.64,900,0
2013-01-10,16.64,17.5,16.37,17.5,53400,0
2013-01-11,17,18,16.65,18,16600,0
2013-01-15,18.69,19,18,18.8,83400,0
2013-01-16,18.99,18.99,18.5,18.5,7100,0
2013-01-18,18.9,18.9,18.1,18.4,8500,0
2013-01-21,18.8,18.97,18.8,18.97,4000,0
2013-01-22,17.85,18.5,17.85,17.85,18100,0
2013-01-23,18,18,17.95,17.95,2200,0
2013-01-24,17.8,17.8,17.1,17.5,5000,0
2013-01-25,17.5,21.5,17,21.5,53000,0
2013-01-28,22,22.5,18.57,19.95,243200,0
2013-01-29,19.52,20.18,19,20.18,44600,0
2013-01-30,20,20,19.1,19.72,31700,0
2013-01-31,19.33,19.33,18.56,19.25,6900,0
2013-02-01,18.45,19.26,18.05,19.16,11500,0
2013-02-04,20.15,20.15,19.1,19.7,18500,0
2013-02-05,19.8,20.4,19.4,19.46,36600,0
2013-02-06,20.25,20.25,19.5,19.97,30900,0
2013-02-07,20.3,20.3,19,19,27400,0
2013-02-08,19,19.78,19,19.78,4300,0
2013-02-12,20,20.4,19.3,19.35,20500,0
2013-02-13,19.75,19.99,19,19.8,23900,0
2013-02-14,19.8,19.8,18.99,19.27,18700,0
2013-02-15,19.26,19.26,17.51,18.4,37800,0
2013-02-18,17.2,18.2,17.2,18.2,8800,0
2013-02-19,17.53,18.57,17.53,17.57,9000,0
2013-02-20,17.9,18.28,17.9,18.25,7800,0
2013-02-21,18.15,18.15,17.8,18.15,10800,0
2013-02-22,18,18.15,18,18.15,600,0
2013-02-25,18,18.05,17.4,18,22600,0
2013-02-26,17.8,17.87,17.3,17.8,44400,0
2013-02-27,17.85,17.92,17.3,17.3,35100,0
2013-02-28,17.5,17.5,17.3,17.5,42200,0
2013-03-01,17.56,18.5,17.4,17.69,151400,0
2013-03-04,17.6,17.99,17.5,17.58,136300,0
2013-03-05,17.78,18.4,17.5,17.98,61200,0
2013-03-06,17.5,18.51,17.4,18.3,81600,0
2013-03-07,18.06,18.4,17.7,18.4,26600,0
2013-03-08,18.5,20.5,17.6,18,186400,0
2013-03-11,17.94,18.14,17.51,17.51,59000,0
2013-03-12,17.55,19,17.41,18.1,69700,0
2013-03-13,18.45,18.45,17,17.6,38000,0
2013-03-14,17.61,21.6,17.61,18.27,574200,0
2013-03-15,18.4,19.48,17.6,18.38,81800,0
2013-03-18,18.11,18.28,18,18.28,106600,0
2013-03-19,17.9,18.28,17.9,17.93,25500,0
2013-03-21,17.9,18.19,17.9,18,10100,0
2013-03-22,18.1,18.45,17.93,18.44,33200,0
2013-03-25,18.44,18.7,18.4,18.4,43200,0
2013-03-26,18.64,18.64,17.95,17.95,94100,0
2013-03-27,18.1,18.5,17.93,18.49,10900,0
2013-03-28,18.45,18.45,17.9,17.9,122900,0
2013-03-29,18,18,17,18,55700,0
2013-04-01,18,18,16.5,17,135400,0
2013-04-02,17,17,16.3,16.4,32800,0
2013-04-03,16.94,17.4,16.94,17,27600,0
2013-04-04,16.86,17.68,16.86,17.68,13600,0
2013-04-05,17.3,18,17.18,17.41,57800,0
2013-04-08,17.7,17.88,17.41,17.88,89300,0
2013-04-09,17.41,18.1,17.41,17.86,101100,0
2013-04-10,17.79,17.8,17.45,17.75,49400,0
2013-04-11,18.3,20,17.75,18,475900,0
2013-04-12,18.4,19.02,17.82,19.02,83600,0
2013-04-15,19,19,17.98,17.98,69000,0
2013-04-16,18,18.1,17.75,18.09,13700,0
2013-04-17,18.1,18.1,17.8,18.1,18200,0
2013-04-18,18.01,18.1,17.8,18.1,26700,0
2013-04-19,18.1,18.1,18,18.1,23000,0
2013-04-22,18.18,19.2,18.18,19.19,122600,0
2013-04-23,20,23.19,19.5,23.19,834400,0
2013-04-24,28.19,28.19,28.19,28.19,26800,0
2013-04-25,30.15,33.2,30.15,33.2,1297700,0
2013-04-26,31.1,32,26.2,26.2,1258300,0
2013-04-30,26.99,28.45,24.61,25.99,459600,0
2013-05-01,26.21,26.7,25,25.88,240500,0
2013-05-02,26.88,28.04,25.6,26.57,191600,0
2013-05-07,28,29.5,26.9,26.93,133500,0
2013-05-08,27.42,27.56,25.6,26.27,97800,0
2013-05-09,26.01,26.22,25,26.01,185000,0
2013-05-10,26.99,26.99,24.5,24.6,68800,0
2013-05-13,24.11,29.6,24.11,29.6,241100,0
2013-05-14,30.1,33.95,27.61,33.5,217600,0
2013-05-15,33.8,34,28.15,28.65,105400,0
2013-05-16,27.15,27.3,23.66,26.39,219300,0
2013-05-17,28.89,30.9,28.65,30.9,430600,0
2013-05-20,37.9,37.9,35,37.9,1147000,0
2013-05-21,44.9,44.9,44.9,44.9,81100,0
2013-05-22,51.9,51.9,51.9,51.9,38300,0
2013-05-23,61.9,61.9,61.9,61.9,928800,0
2013-05-24,81.9,81.9,75,81.9,2736800,0
2013-05-27,96.9,96.9,96.9,96.9,107200,0
2013-05-28,111.9,111.9,111.9,111.9,29500,0
2013-05-29,141.9,141.9,141.9,141.9,223700,0
2013-05-30,201.9,201.9,201.9,201.9,1191300,0
2013-05-31,262,302,152,152,6902600,0
2013-06-03,129.9,134,111.9,111.9,4871400,0
2013-06-04,108.9,120,95.1,100.2,4945300,0
2013-06-05,103.5,106,91,91,1879300,0
2013-06-06,92,105.6,76.6,78.1,3173000,0
2013-06-07,76.6,77.1,63.1,66.5,1152100,0
2013-06-10,72,76.5,66.6,76.5,1415200,0
2013-06-11,69.1,75,68.4,70.5,1010500,0
2013-06-12,66,66.5,59.9,63.1,871200,0
2013-06-13,66.4,73.1,64.4,67.3,2427400,0
2013-06-14,70.1,73,59.2,60.5,1055400,0
2013-06-17,59,59.9,56.2,58.5,615700,0
2013-06-18,55.6,63.4,55.6,59.5,714300,0
2013-06-19,60.5,61.4,55.6,55.6,350800,0
2013-06-20,55.3,56.4,54.2,54.5,171100,0
2013-06-21,53.5,54.2,50.6,52.7,313200,0
2013-06-24,53.9,62.7,53.2,62.7,1905400,0
2013-06-25,64.7,70.8,52.7,53,3200400,0
2013-06-26,53,53.6,43.8,44.5,916400,0
2013-06-27,44.5,49.95,42.6,47.5,495400,0
2013-06-28,54.5,54.5,54.5,54.5,269000,0
2013-07-01,64.5,64.5,64.5,64.5,83300,0
2013-07-02,74.5,74.5,74.5,74.5,75500,0
2013-07-03,89.5,89.5,62.8,66.6,4350100,0
2013-07-04,64,74.6,64,64.5,1181400,0
2013-07-05,63.5,74.5,62.1,68,1343000,0
2013-07-08,69,73.4,66,69,806100,0
2013-07-09,70.1,79,66.3,79,967300,0
2013-07-10,70,94,67.8,89.9,4570000,0
2013-07-11,84,98.9,81.1,84.4,1859800,0
2013-07-12,86.5,89.2,78,81.1,976300,0
2013-07-16,80,86,72,78.7,842900,0
2013-07-17,78,79.9,70,70.1,433700,0
2013-07-18,73.1,78,70,73.5,422400,0
2013-07-19,74.1,83.8,70,82.7,960300,0
2013-07-22,85,97.7,83,97.7,1707800,0
2013-07-23,98.7,102.2,83.5,84.5,1683300,0
2013-07-24,86.8,87,77,80.9,1056900,0
2013-07-25,80.1,83.4,73.9,76,707600,0
2013-07-26,76.6,86.1,76.6,78.7,772600,0
2013-07-29,76.7,78.4,70,70.3,436500,0
2013-07-30,70,83,67.1,81,835700,0
2013-07-31,76.9,81,74.8,74.8,377200,0
2013-08-01,73.7,75.8,70.1,70.6,279100,0
2013-08-02,72.5,74.5,71,71.6,141800,0
2013-08-05,71,71.3,68.1,71,193400,0
2013-08-06,71,71.7,69.5,71,191300,0
2013-08-07,71,72.5,70.5,71.4,118400,0
2013-08-08,71,74.5,71,73,233500,0
2013-08-09,73.9,75.7,67.1,69.2,240600,0
2013-08-12,59.2,79.1,59.2,79,2532500,0
2013-08-13,76.9,79.2,70.9,72.8,374300,0
2013-08-14,74.3,83.8,71,73.3,861200,0
2013-08-15,71.1,78.5,71.1,71.3,319500,0
2013-08-16,71.4,73.6,70,70.9,233800,0
2013-08-19,72.4,72.4,69.1,70.6,257000,0
2013-08-20,69.1,71.4,68.6,69.6,156900,0
2013-08-21,70.6,72.6,69.4,72,213800,0
2013-08-22,72.2,75,71.4,73.5,438600,0
2013-08-23,75,75,73,73,258100,0
2013-08-26,74.4,74.4,64.9,70,197800,0
2013-08-27,67,69.2,65,66.1,223000,0
2013-08-28,65.1,66.6,61,62.1,322800,0
2013-08-29,61.1,61.9,56.2,57.5,221400,0
2013-08-30,60,62,57.6,57.6,182400,0
2013-09-02,56.6,57.1,50.5,53.2,193500,0
2013-09-03,63,63,63,63,44300,0
2013-09-04,63,66,58,61,359700,0
2013-09-05,61,61,57,58,153800,0
2013-09-06,57.7,57.9,53.5,54.9,133800,0
2013-09-09,57.9,59.8,54.6,54.6,154900,0
2013-09-10,57,57,55,55,86600,0
2013-09-11,54.8,55.1,52.9,54.3,86100,0
2013-09-12,54.9,55.5,52,53.4,106700,0
2013-09-13,53,58,52,58,136200,0
2013-09-17,56,58,53,54,153100,0
2013-09-18,54,56,53,54,83300,0
2013-09-19,55,64,55,64,742500,0
2013-09-20,74,74,74,74,71700,0
2013-09-24,71,73,65,67,1105900,0
2013-09-25,66,66,61,63,285900,0
2013-09-26,61,74,58,61,337100,0
2013-09-27,65,65,61,63,138000,0
2013-09-30,63,63,61,61,85100,0
2013-10-01,62,63,61,61,122000,0
2013-10-02,60,62,60,61,76800,0
2013-10-03,60,64,60,61,155000,0
2013-10-04,61,69,59,68,563400,0
2013-10-07,70,72,63,66,447200,0
2013-10-08,64,68,61,68,241000,0
2013-10-09,65,69,62,67,136500,0
2013-10-10,64,67,63,65,126800,0
2013-10-11,65,67,64,64,124800,0
2013-10-15,65,65,62,65,131100,0
2013-10-16,64,67,63,65,76300,0
2013-10-17,66,95,64,95,5812300,0
2013-10-18,120,125,109,125,6454800,0
2013-10-21,135,139,103,110,4415300,0
2013-10-22,108,130,101,108,4798300,0
2013-10-23,103,107,94,95,2020800,0
2013-10-24,93,101,92,97,929200,0
2013-10-25,94,98,93,96,472200,0
2013-10-28,98,103,89,90,1116300,0
2013-10-29,91,95,89,92,346000,0
2013-10-30,91,93,83,86,470100,0
2013-10-31,86,89,81,82,400200,0
2013-11-01,83,109,81,83,6617700,0
2013-11-05,81,84,77,77,958100,0
2013-11-06,78,79,75,77,434300,0
2013-11-07,78,82,77,78,429600,0
2013-11-08,77,78,76,77,171400,0
2013-11-11,77,78,68,70,485900,0
2013-11-12,71,76,70,75,467800,0
2013-11-13,70,73,70,72,288100,0
2013-11-14,74,75,71,74,174500,0
2013-11-15,75,75,71,74,216600,0
2013-11-18,74,78,74,75,301800,0
2013-11-19,79,97,79,95,6226000,0
2013-11-20,89,90,80,80,1443800,0
2013-11-21,80,80,77,77,458700,0
2013-11-22,76,78,76,77,191300,0
2013-11-25,77,78,76,77,93600,0
2013-11-26,78,103,78,84,7959500,0
2013-11-27,83,88,80,82,1293500,0
2013-11-28,83,85,81,84,396200,0
2013-11-29,79,80,78,78,693000,0
2013-12-02,79,79,77,78,317200,0
2013-12-03,78,81,78,79,417800,0
2013-12-04,79,79,77,77,295800,0
2013-12-05,78,78,76,76,181200,0
2013-12-06,76,76,74,76,271100,0
2013-12-09,75,77,75,77,134800,0
2013-12-10,77,86,76,80,1172900,0
2013-12-11,79,80,77,79,294400,0
2013-12-12,79,79,77,77,157300,0
2013-12-13,77,78,76,76,206700,0
2013-12-16,77,77,73,73,318300,0
2013-12-17,73,74,72,74,165700,0
2013-12-18,73,74,72,73,93400,0
2013-12-19,73,74,72,72,108400,0
2013-12-20,71,72,70,70,199400,0
2013-12-24,70,70,67,68,383500,0
2013-12-25,67,69,65,69,361100,0
2013-12-26,70,75,68,72,253700,0
2013-12-27,74,74,70,71,190900,0
2013-12-30,70,72,70,71,136200,0
2014-01-06,72,72,70,70,46500,0
2014-01-07,70,71,70,70,63200,0
2014-01-08,71,71,70,71,67100,0
2014-01-09,71,71,70,71,85400,0
2014-01-10,71,73,70,72,152800,0
2014-01-14,72,72,70,72,113300,0
2014-01-15,73,76,72,74,276200,0
2014-01-16,76,79,75,77,500700,0
2014-01-17,76,76,73,75,294400,0
2014-01-20,75,77,73,76,107400,0
2014-01-21,76,77,75,75,99000,0
2014-01-22,76,76,74,75,92800,0
2014-01-23,76,76,73,73,118400,0
2014-01-24,72,72,71,71,146300,0
2014-01-27,70,70,67,67,252500,0
2014-01-28,67,69,67,69,82700,0
2014-01-29,69,71,68,70,119800,0
2014-01-30,70,70,68,68,59400,0
2014-01-31,68,70,66,66,170300,0
2014-02-03,65,65,61,63,198900,0
2014-02-04,50,57,50,53,405500,0
2014-02-05,56,67,56,56,705400,0
2014-02-06,58,60,57,58,82000,0
2014-02-07,58,61,58,58,124000,0
2014-02-10,61,76,61,64,3422400,0
2014-02-12,69,77,67,72,2570400,0
2014-02-13,68,69,64,66,608000,0
2014-02-14,65,65,58,60,796800,0
2014-02-17,60,61,57,61,271200,0
2014-02-18,60,62,59,60,136900,0
2014-02-19,62,62,60,60,42300,0
2014-02-20,60,61,57,58,124700,0
2014-02-21,59,60,59,60,76000,0
2014-02-24,59,61,59,59,145400,0
2014-02-25,60,60,58,60,94300,0
2014-02-26,60,60,59,59,33700,0
2014-02-27,59,60,59,59,58800,0
2014-02-28,59,60,57,57,65000,0
2014-03-03,56,58,55,58,131300,0
2014-03-04,57,60,56,58,60100,0
2014-03-05,59,60,58,59,32100,0
2014-03-06,59,60,58,59,29100,0
2014-03-07,57,58,56,57,340600,0
2014-03-10,57,58,56,57,106100,0
2014-03-11,56,58,56,57,115800,0
2014-03-12,57,57,55,55,171000,0
2014-03-13,56,56,55,55,84600,0
2014-03-14,54,56,53,54,125200,0
2014-03-17,52,54,51,52,157100,0
2014-03-18,53,53,50,50,120100,0
2014-03-19,51,59,51,52,947100,0
2014-03-20,53,62,53,59,3622700,0
2014-03-24,56,56,52,54,947700,0
2014-03-25,53,54,50,50,389600,0
2014-03-26,51,52,49,49,389600,0
2014-03-27,49,51,48,50,165700,0
2014-03-28,51,51,48,51,387300,0
2014-03-31,51,53,49,49,392700,0
2014-04-01,50,51,49,50,273000,0
2014-04-02,50,52,50,50,157400,0
2014-04-03,51,53,50,50,257700,0
2014-04-04,51,51,50,51,145000,0
2014-04-07,50,51,49,49,135100,0
2014-04-08,50,50,49,49,44600,0
2014-04-09,49,51,48,51,62800,0
2014-04-10,50,51,49,49,96500,0
2014-04-11,48,49,48,49,89300,0
2014-04-14,49,50,48,50,41700,0
2014-04-15,49,50,49,49,27300,0
2014-04-16,49,50,48,49,68000,0
2014-04-17,50,50,49,49,56000,0
2014-04-18,49,50,48,49,34400,0
2014-04-21,48,50,48,49,70300,0
2014-04-22,49,50,48,48,97300,0
2014-04-23,49,50,48,49,57100,0
2014-04-24,50,57,48,54,1057700,0
2014-04-25,56,59,52,52,666800,0
2014-04-28,52,52,49,49,249800,0
2014-04-30,50,51,49,49,163100,0
2014-05-01,50,50,49,49,31200,0
2014-05-02,50,51,48,48,215400,0
2014-05-07,48,49,48,48,134400,0
2014-05-08,48,49,47,48,84400,0
2014-05-09,48,49,47,48,88100,0
2014-05-12,48,48,47,47,32900,0
2014-05-13,47,48,46,48,117500,0
2014-05-14,48,48,46,47,123000,0
2014-05-15,45,46,45,45,59200,0
2014-05-16,45,46,44,44,74400,0
2014-05-19,44,45,41,42,146000,0
2014-05-20,42,42,39,40,102000,0
2014-05-21,40,41,39,39,83100,0
2014-05-22,40,43,40,43,216600,0
2014-05-23,43,44,42,44,126600,0
2014-05-26,43,45,43,45,86700,0
2014-05-27,45,47,44,47,62100,0
2014-05-28,46,49,45,48,136100,0
2014-05-29,48,49,47,48,87000,0
2014-05-30,48,48,46,46,83300,0
2014-06-02,47,48,45,48,109600,0
2014-06-03,47,48,47,48,29500,0
2014-06-04,48,49,47,48,31000,0
2014-06-05,48,49,47,49,66400,0
2014-06-06,47,48,47,47,102800,0
2014-06-09,48,50,47,48,272800,0
2014-06-10,48,49,47,49,122100,0
2014-06-11,53,57,51,53,1214900,0
2014-06-12,51,52,49,50,322200,0
2014-06-13,50,51,49,49,92500,0
2014-06-16,50,51,49,49,154200,0
2014-06-17,50,50,48,48,85600,0
2014-06-18,49,50,49,50,125400,0
2014-06-19,49,50,49,50,55000,0
2014-06-20,50,50,49,49,78100,0
2014-06-23,50,51,49,51,115500,0
2014-06-24,51,52,50,50,115900,0
2014-06-25,50,50,49,50,73400,0
2014-06-26,49,50,49,49,72600,0
2014-06-27,49,49,48,48,123400,0
2014-06-30,49,49,48,48,15600,0
2014-07-01,48,48,46,47,151100,0
2014-07-02,46,47,46,46,152000,0
2014-07-03,46,47,45,46,140000,0
2014-07-04,45,47,45,46,25400,0
2014-07-07,46,51,46,51,278200,0
2014-07-08,49,49,47,49,194800,0
2014-07-09,48,48,47,47,111700,0
2014-07-10,47,48,46,46,54700,0
2014-07-11,46,47,45,47,134200,0
2014-07-14,46,47,46,47,58400,0
2014-07-15,47,47,46,46,42500,0
2014-07-16,46,47,46,46,45900,0
2014-07-17,46,46,45,46,31500,0
2014-07-18,45,46,45,45,60000,0
2014-07-22,45,46,45,45,44300,0
2014-07-23,45,46,45,46,23000,0
2014-07-24,45,46,45,46,14700,0
2014-07-25,45,46,45,46,10900,0
2014-07-28,46,46,45,46,37400,0
2014-07-29,46,47,45,46,27300,0
2014-07-30,47,57,46,48,3594300,0
2014-07-31,48,50,46,49,395400,0
2014-08-01,48,49,48,48,146000,0
2014-08-04,49,52,48,49,269400,0
2014-08-05,51,51,48,48,312300,0
2014-08-06,48,49,47,48,143100,0
2014-08-07,48,49,47,48,143500,0
2014-08-08,49,75,49,59,11414800,0
2014-08-11,69,81,66,75,9368500,0
2014-08-12,61,64,55,57,3468000,0
2014-08-13,59,59,54,55,938100,0
2014-08-14,54,61,52,57,2292900,0
2014-08-15,60,60,55,56,1287800,0
2014-08-18,56,57,54,54,586200,0
2014-08-19,58,67,58,61,6857000,0
2014-08-20,60,60,56,58,1048200,0
2014-08-21,60,65,58,59,1813900,0
2014-08-22,59,59,56,57,489600,0
2014-08-25,57,58,55,56,182100,0
2014-08-26,56,56,55,56,197400,0
2014-08-27,56,57,54,55,252900,0
2014-08-28,55,56,53,53,164700,0
2014-08-29,54,58,54,55,588900,0
2014-09-01,56,57,55,55,224600,0
2014-09-02,56,57,55,55,104500,0
2014-09-03,55,56,54,56,128100,0
2014-09-04,56,58,56,58,210100,0
2014-09-05,58,61,57,60,576600,0
2014-09-08,59,60,58,58,181600,0
2014-09-09,58,58,55,56,238700,0
2014-09-10,57,57,52,55,578300,0
2014-09-11,55,58,53,57,411600,0
2014-09-12,57,57,55,56,114300,0
2014-09-16,56,57,54,55,133700,0
2014-09-17,55,55,54,55,40500,0
2014-09-18,54,55,54,54,118000,0
2014-09-19,54,55,53,54,42100,0
2014-09-22,54,54,52,52,190900,0
2014-09-24,52,52,51,52,103800,0
2014-09-25,51,52,51,52,29200,0
2014-09-26,51,52,50,52,83000,0
2014-09-29,52,52,51,52,66400,0
2014-09-30,51,52,51,51,97500,0
2014-10-01,51,52,51,52,48500,0
2014-10-02,50,51,49,49,196700,0
2014-10-03,49,50,49,50,53900,0
2014-10-06,50,51,50,51,27600,0
2014-10-07,51,51,50,50,29500,0
2014-10-08,50,51,49,50,38400,0
2014-10-09,50,51,49,51,43000,0
2014-10-10,48,50,48,49,91300,0
2014-10-14,48,49,47,48,51500,0
2014-10-15,47,48,47,47,14900,0
2014-10-16,47,47,44,44,212900,0
2014-10-17,45,45,42,42,118800,0
2014-10-20,43,45,43,43,74500,0
2014-10-21,43,44,43,43,46400,0
2014-10-22,44,47,43,46,200600,0
2014-10-23,46,46,44,46,48900,0
2014-10-24,46,46,45,46,44400,0
2014-10-27,47,47,45,47,13000,0
2014-10-28,46,47,45,47,72700,0
2014-10-29,47,48,46,47,59600,0
2014-10-30,47,48,45,45,146800,0
2014-10-31,45,48,45,46,64900,0
2014-11-04,48,48,46,47,65200,0
2014-11-05,47,48,46,47,46700,0
2014-11-06,48,51,47,50,241100,0
2014-11-07,49,50,49,50,63900,0
2014-11-10,50,51,48,50,50600,0
2014-11-11,49,51,49,50,111300,0
2014-11-12,50,51,49,50,47100,0
2014-11-13,53,63,53,58,4830000,0
2014-11-14,57,58,52,54,625200,0
2014-11-17,55,55,52,54,204500,0
2014-11-18,54,54,50,51,312700,0
2014-11-19,52,52,49,50,318600,0
2014-11-20,50,51,48,51,147300,0
2014-11-21,51,51,49,51,59400,0
2014-11-25,50,51,50,50,75100,0
2014-11-26,51,52,50,52,80700,0
2014-11-27,52,53,50,50,98000,0
2014-11-28,51,53,51,52,181600,0
2014-12-01,53,53,51,53,84700,0
2014-12-02,53,58,52,52,775900,0
2014-12-03,53,54,51,53,219400,0
2014-12-04,53,55,53,54,158200,0
2014-12-05,54,54,52,53,92100,0
2014-12-08,54,55,53,54,162900,0
2014-12-09,53,56,53,55,165500,0
2014-12-10,54,56,54,54,267100,0
2014-12-11,53,54,53,54,141900,0
2014-12-12,54,54,53,53,49900,0
2014-12-15,53,54,53,54,91500,0
2014-12-16,53,54,51,51,126400,0
2014-12-17,50,52,49,51,74900,0
2014-12-18,52,53,51,51,62300,0
2014-12-19,51,53,51,53,33100,0
2014-12-22,53,53,51,53,90800,0
2014-12-24,52,54,52,53,139700,0
2014-12-25,52,53,51,51,64600,0
2014-12-26,51,52,51,52,35100,0
2014-12-29,51,54,51,53,114300,0
2014-12-30,52,54,52,54,37000,0
2015-01-05,54,54,52,54,50000,0
2015-01-06,53,54,52,53,26400,0
2015-01-07,54,54,53,54,20400,0
2015-01-08,52,54,52,54,64900,0
2015-01-09,53,54,52,52,58800,0
2015-01-13,53,53,52,53,59200,0
2015-01-14,53,54,52,53,35900,0
2015-01-15,52,57,52,55,351200,0
2015-01-16,55,56,53,55,282500,0
2015-01-19,57,60,56,57,650600,0
2015-01-20,59,59,55,57,372300,0
2015-01-21,56,56,54,54,302700,0
2015-01-22,54,56,54,55,178700,0
2015-01-23,55,58,55,56,181100,0
2015-01-26,58,58,56,58,134700,0
2015-01-27,57,60,57,60,179700,0
2015-01-28,59,61,58,60,356400,0
2015-01-29,60,60,58,60,134100,0
2015-01-30,60,60,58,60,129000,0
2015-02-02,58,59,56,57,239500,0
2015-02-03,57,57,54,54,161300,0
2015-02-04,54,57,54,56,109700,0
2015-02-05,56,60,56,58,292400,0
2015-02-06,58,58,55,57,64100,0
2015-02-09,58,59,56,58,106900,0
2015-02-10,58,61,57,60,262400,0
2015-02-12,61,64,60,61,659600,0
2015-02-13,62,64,57,61,690000,0
2015-02-16,60,61,59,59,183900,0
2015-02-17,59,60,57,58,80700,0
2015-02-18,59,88,59,86,18135000,0
2015-02-19,76,79,69,73,3753500,0
2015-02-20,71,72,65,68,2151400,0
2015-02-23,67,68,63,64,1154000,0
2015-02-24,64,67,63,66,1313700,0
2015-02-25,65,71,63,69,1477600,0
2015-02-26,70,71,66,67,758500,0
2015-02-27,66,67,65,66,344500,0
2015-03-02,65,68,64,67,384100,0
2015-03-03,67,67,65,65,265200,0
2015-03-04,65,94,65,89,13116100,0
2015-03-05,117,119,104,119,11959100,0
2015-03-06,104,105,87,90,7896000,0
2015-03-09,88,96,81,83,3506400,0
2015-03-10,85,113,84,109,17908200,0
2015-03-11,102,135,102,127,13630700,0
2015-03-12,122,134,111,119,4174300,0
2015-03-13,124,149,122,139,13727000,0
2015-03-16,144,157,139,143,8223600,0
2015-03-17,139,140,121,123,3860200,0
2015-03-18,118,120,109,110,1806300,0
2015-03-19,106,133,106,116,4909500,0
2015-03-20,112,119,111,113,1420100,0
2015-03-23,121,127,111,114,1989100,0
2015-03-24,111,112,107,110,739600,0
2015-03-25,112,120,108,110,1533100,0
2015-03-26,110,111,102,103,735800,0
2015-03-27,104,104,100,102,538500,0
2015-03-30,102,102,94,97,842500,0
2015-03-31,96,107,94,102,1348200,0
2015-04-01,111,118,105,105,3086600,0
2015-04-02,102,102,98,98,703300,0
2015-04-03,99,112,98,106,1717000,0
2015-04-06,106,106,101,103,424200,0
2015-04-07,102,103,100,101,395000,0
2015-04-08,102,102,100,102,132100,0
2015-04-09,101,102,99,100,163700,0
2015-04-10,101,101,98,100,175400,0
2015-04-13,100,100,98,100,152100,0
2015-04-14,100,133,99,115,11003700,0
2015-04-15,120,130,112,113,4109500,0
2015-04-16,112,113,106,108,688100,0
2015-04-17,106,107,103,105,462100,0
2015-04-20,103,108,102,104,286300,0
2015-04-21,105,106,102,105,295700,0
2015-04-22,104,109,103,105,510500,0
2015-04-23,106,107,104,106,155700,0
2015-04-24,106,107,104,105,128800,0
2015-04-27,106,117,105,110,1052300,0
2015-04-28,110,111,104,105,373000,0
2015-04-30,105,107,102,103,304700,0
2015-05-01,102,103,101,103,122200,0
2015-05-07,102,104,102,102,76500,0
2015-05-08,103,106,103,106,102900,0
2015-05-11,106,106,104,106,95800,0
2015-05-12,105,106,104,105,93300,0
2015-05-13,105,106,104,106,73000,0
2015-05-14,106,106,103,105,113200,0
2015-05-15,107,117,101,102,1848500,0
2015-05-18,103,103,100,100,197300,0
2015-05-19,101,103,100,100,148100,0
2015-05-20,100,102,100,102,139100,0
2015-05-21,100,101,100,101,130700,0
2015-05-22,100,100,99,100,163900,0
2015-05-25,98,100,98,100,143500,0
2015-05-26,100,107,99,103,702900,0
2015-05-27,101,106,101,102,338000,0
2015-05-28,104,104,101,102,202300,0
2015-05-29,101,102,100,101,105100,0
2015-06-01,101,102,100,101,124300,0
2015-06-02,100,106,100,106,302100,0
2015-06-03,104,107,102,106,472200,0
2015-06-04,103,106,103,105,129600,0
2015-06-05,103,104,102,103,111200,0
2015-06-08,103,105,103,103,114800,0
2015-06-09,103,104,100,102,258500,0
2015-06-10,110,113,101,101,1934000,0
2015-06-11,103,105,103,104,278800,0
2015-06-12,103,105,103,104,133100,0
2015-06-15,106,107,105,107,306800,0
2015-06-16,106,112,104,110,489100,0
2015-06-17,108,115,108,110,965600,0
2015-06-18,109,111,105,106,367200,0
2015-06-19,106,107,106,107,87000,0
2015-06-22,108,112,108,111,219100,0
2015-06-23,109,114,109,113,394100,0
2015-06-24,111,113,110,110,158800,0
2015-06-25,110,112,109,112,147600,0
2015-06-26,110,114,109,113,372200,0
2015-06-29,123,163,123,145,26813900,0
2015-06-30,195,195,186,195,4999500,0
2015-07-01,211,240,169,170,11053900,0
2015-07-02,177,220,176,220,8317900,0
2015-07-03,212,247,186,191,10433900,0
2015-07-06,177,181,162,169,3066000,0
2015-07-07,173,180,160,164,2890900,0
2015-07-08,163,164,152,155,1265100,0
2015-07-09,147,148,130,146,1532800,0
2015-07-10,153,157,140,140,2190400,0
2015-07-13,145,146,140,141,575500,0
2015-07-14,145,181,143,158,10324600,0
2015-07-15,155,158,147,148,1423300,0
2015-07-16,147,152,142,152,1151600,0
2015-07-17,149,150,145,147,437400,0
2015-07-21,149,169,147,162,3013400,0
2015-07-22,160,165,155,158,937400,0
2015-07-23,157,157,151,151,411600,0
2015-07-24,152,158,148,158,998400,0
2015-07-27,160,168,155,155,1040700,0
2015-07-28,155,155,148,152,405000,0
2015-07-29,154,155,146,146,396000,0
2015-07-30,145,146,137,138,615100,0
2015-07-31,137,142,136,140,193700,0
2015-08-03,139,140,132,134,310100,0
2015-08-04,130,134,128,131,265500,0
2015-08-05,132,133,130,132,91600,0
2015-08-06,132,132,129,129,122700,0
2015-08-07,130,130,127,129,131000,0
2015-08-10,128,130,125,127,93900,0
2015-08-11,126,130,126,129,82600,0
2015-08-12,130,134,126,126,226800,0
2015-08-13,128,129,125,126,76300,0
2015-08-14,126,126,123,124,167200,0
2015-08-17,123,124,118,119,228300,0
2015-08-18,117,123,117,120,275400,0
2015-08-19,122,153,122,138,8309500,0
2015-08-20,133,134,124,125,1538500,0
2015-08-21,119,121,116,117,424400,0
2015-08-24,107,112,99,100,649900,0
2015-08-25,95,109,90,100,616600,0
2015-08-26,98,106,98,106,268600,0
2015-08-27,107,112,105,106,564900,0
2015-08-28,108,113,107,109,375100,0
2015-08-31,111,114,107,109,307000,0
2015-09-01,115,141,115,119,6194100,0
2015-09-02,110,120,109,116,840200,0
2015-09-03,119,126,114,116,454700,0
2015-09-04,115,116,106,108,358900,0
2015-09-07,106,107,100,104,279400,0
2015-09-08,104,107,101,103,178900,0
2015-09-09,109,112,105,107,327400,0
2015-09-10,106,106,103,106,160400,0
2015-09-11,106,111,105,111,166700,0
2015-09-14,111,111,107,108,165900,0
2015-09-15,108,108,106,106,46400,0
2015-09-16,107,115,107,108,742100,0
2015-09-17,109,112,108,108,184700,0
2015-09-18,108,110,107,109,78500,0
2015-09-24,107,107,105,105,60500,0
2015-09-25,106,106,103,104,69900,0
2015-09-28,106,106,103,104,87900,0
2015-09-29,104,104,93,99,533300,0
2015-09-30,100,102,98,101,138300,0
2015-10-01,102,105,100,104,111000,0
2015-10-02,104,104,101,102,90000,0
2015-10-05,104,106,102,104,157900,0
2015-10-06,105,106,102,103,134000,0
2015-10-07,103,106,102,105,136000,0
2015-10-08,106,106,103,103,117900,0
2015-10-09,105,112,103,108,578400,0
2015-10-13,109,109,106,107,124400,0
2015-10-14,108,113,107,111,425600,0
2015-10-15,111,113,109,112,336800,0
2015-10-16,112,116,109,109,469800,0
2015-10-19,109,109,107,107,116300,0
2015-10-20,108,108,103,103,147600,0
2015-10-21,103,105,103,103,96900,0
2015-10-22,105,105,103,104,90200,0
2015-10-23,105,105,103,103,80300,0
2015-10-26,104,109,104,107,263100,0
2015-10-27,109,109,105,106,354800,0
2015-10-28,107,123,107,114,2673600,0
2015-10-29,113,114,109,110,277200,0
2015-10-30,110,112,108,109,115600,0
2015-11-02,108,109,106,106,155700,0
2015-11-04,106,107,104,105,125200,0
2015-11-05,105,105,102,104,103800,0
2015-11-06,104,104,102,102,86300,0
2015-11-09,104,107,103,105,134400,0
2015-11-10,107,107,105,106,40600,0
2015-11-11,107,114,106,112,515400,0
2015-11-12,114,137,112,114,5690500,0
2015-11-13,111,111,106,106,595100,0
2015-11-16,105,107,104,107,229900,0
2015-11-17,108,108,105,108,254800,0
2015-11-18,108,113,108,108,409800,0
2015-11-19,111,118,111,113,857900,0
2015-11-20,112,112,109,112,211200,0
2015-11-24,110,112,110,111,112800,0
2015-11-25,111,111,109,109,99600,0
2015-11-26,111,111,109,109,73800,0
2015-11-27,110,110,109,109,50400,0
2015-11-30,109,110,108,109,66800,0
2015-12-01,109,114,108,114,307200,0
2015-12-02,112,115,112,112,182100,0
2015-12-03,113,113,110,111,158300,0
2015-12-04,110,117,109,110,560000,0
2015-12-07,111,112,110,111,117000,0
2015-12-08,111,116,110,116,589300,0
2015-12-09,113,121,112,116,1104800,0
2015-12-10,119,124,116,118,1354000,0
2015-12-11,121,129,116,118,1566300,0
2015-12-14,115,115,111,113,425800,0
2015-12-15,114,114,106,108,613400,0
2015-12-16,107,110,106,109,223600,0
2015-12-17,109,110,107,109,136200,0
2015-12-18,109,110,106,106,186800,0
2015-12-21,105,109,102,107,328800,0
2015-12-22,106,112,106,107,512100,0
2015-12-24,107,107,103,103,140800,0
2015-12-25,102,103,100,102,187400,0
2015-12-28,100,105,100,105,52100,0
2015-12-29,104,106,101,105,138300,0
2015-12-30,104,109,103,109,188200,0
2016-01-04,107,110,106,107,121600,0
2016-01-05,106,113,106,113,268900,0
2016-01-06,114,119,108,109,907300,0
2016-01-07,109,111,105,105,221900,0
2016-01-08,106,107,103,106,117100,0
2016-01-12,104,106,101,103,243500,0
2016-01-13,103,112,103,112,399600,0
2016-01-14,105,108,101,104,436000,0
2016-01-15,105,107,101,104,243900,0
2016-01-18,98,104,97,102,163500,0
2016-01-19,101,104,101,103,128800,0
2016-01-20,102,103,97,100,214700,0
2016-01-21,99,102,96,97,188200,0
2016-01-22,99,101,97,99,229800,0
2016-01-25,102,102,98,100,145400,0
2016-01-26,99,100,99,99,73700,0
2016-01-27,100,102,99,99,99200,0
2016-01-28,99,103,99,102,129700,0
2016-01-29,101,102,99,102,207400,0
2016-02-01,102,108,102,104,490200,0
2016-02-02,105,105,102,104,181500,0
2016-02-03,104,108,101,108,419900,0
2016-02-04,107,110,105,109,254300,0
2016-02-05,107,109,101,105,265600,0
2016-02-08,102,107,102,107,100200,0
2016-02-09,104,105,100,105,128700,0
2016-02-10,115,121,95,95,2469500,0
2016-02-12,93,93,80,81,632000,0
2016-02-15,86,89,84,88,195100,0
2016-02-16,90,91,88,90,132900,0
2016-02-17,87,93,87,90,163600,0
2016-02-18,92,93,90,91,111200,0
2016-02-19,90,91,88,90,95100,0
2016-02-22,90,92,88,92,81500,0
2016-02-23,93,94,91,91,67000,0
2016-02-24,92,92,89,91,56200,0
2016-02-25,90,93,90,90,102100,0
2016-02-26,91,92,90,90,59100,0
2016-02-29,91,94,90,90,167100,0
2016-03-01,90,93,90,91,66400,0
2016-03-02,92,94,91,94,162500,0
2016-03-03,93,95,93,94,113600,0
2016-03-04,95,96,93,94,238000,0
2016-03-07,94,96,94,96,158500,0
2016-03-08,96,96,93,96,120500,0
2016-03-09,95,96,93,95,127800,0
2016-03-10,95,101,95,101,267500,0
2016-03-11,99,101,98,100,93400,0
2016-03-14,101,101,98,99,148900,0
2016-03-15,99,101,99,100,62900,0
2016-03-16,99,100,99,99,73900,0
2016-03-17,100,105,99,101,507000,0
2016-03-18,101,101,98,99,216900,0
2016-03-22,100,101,99,99,52600,0
2016-03-23,100,100,98,98,111800,0
2016-03-24,99,99,97,98,89000,0
2016-03-25,99,99,97,98,41200,0
2016-03-28,98,98,94,97,92400,0
2016-03-29,96,97,94,97,82900,0
2016-03-30,96,100,96,99,76200,0
2016-03-31,99,101,99,100,78100,0
2016-04-01,101,101,96,96,116700,0
2016-04-04,96,98,96,97,79000,0
2016-04-05,97,97,93,93,148100,0
2016-04-06,90,92,90,91,111300,0
2016-04-07,91,94,91,92,53900,0
2016-04-08,92,94,90,94,79300,0
2016-04-11,96,97,95,97,89000,0
2016-04-12,97,98,96,97,37100,0
2016-04-13,97,98,96,98,46500,0
2016-04-14,98,100,97,99,70700,0
2016-04-15,99,99,97,97,24300,0
2016-04-18,97,98,95,97,47100,0
2016-04-19,97,98,96,97,38000,0
2016-04-20,98,100,96,100,109100,0
2016-04-21,99,100,98,99,104600,0
2016-04-22,100,100,98,99,55400,0
2016-04-25,100,103,98,99,333200,0
2016-04-26,100,100,96,96,226300,0
2016-04-27,97,98,96,98,42900,0
2016-04-28,97,98,94,96,386200,0
2016-05-02,93,97,92,96,105700,0
2016-05-06,96,97,94,97,69100,0
2016-05-09,98,99,97,98,89600,0
2016-05-10,99,99,96,97,78400,0
2016-05-11,97,98,94,94,71600,0
2016-05-12,94,96,94,96,48900,0
2016-05-13,95,99,95,99,116100,0
2016-05-16,100,100,95,97,251900,0
2016-05-17,96,97,95,96,111400,0
2016-05-18,95,95,92,93,112900,0
2016-05-19,93,95,92,93,80100,0
2016-05-20,92,95,92,92,57500,0
2016-05-23,93,94,91,93,78400,0
2016-05-24,93,94,92,93,24000,0
2016-05-25,93,94,92,92,49400,0
2016-05-26,92,92,91,91,47200,0
2016-05-27,91,92,91,91,8100,0
2016-05-30,91,93,91,92,24300,0
2016-05-31,91,94,91,93,63200,0
2016-06-01,93,94,92,94,71700,0
2016-06-02,93,94,92,92,44700,0
2016-06-03,93,96,92,96,130500,0
2016-06-06,95,95,94,95,37500,0
2016-06-07,95,96,94,96,40400,0
2016-06-08,96,96,94,96,17900,0
2016-06-09,96,96,93,96,52900,0
2016-06-10,95,96,94,96,26300,0
2016-06-13,95,95,92,93,90800,0
2016-06-14,93,94,91,93,50300,0
2016-06-16,91,94,90,90,123200,0
2016-06-17,92,92,90,92,24500,0
2016-06-20,93,93,91,93,40400,0
2016-06-21,93,94,88,91,170800,0
2016-06-22,91,93,89,89,100300,0
2016-06-23,89,91,89,91,19000,0
2016-06-24,93,93,82,87,142700,0
2016-06-27,85,90,85,90,140800,0
2016-06-28,90,91,88,91,36300,0
2016-06-29,92,92,91,91,19400,0
2016-06-30,92,93,90,93,52400,0
2016-07-01,93,93,91,92,56100,0
2016-07-04,92,93,91,93,67300,0
2016-07-05,94,95,93,95,64000,0
2016-07-06,95,95,92,94,49400,0
2016-07-07,93,95,93,93,26800,0
2016-07-08,93,95,92,92,108200,0
2016-07-11,94,95,93,93,45200,0
2016-07-12,94,95,93,94,22300,0
2016-07-13,95,97,94,95,111900,0
2016-07-14,96,96,94,94,37100,0
2016-07-15,95,96,94,95,41800,0
2016-07-19,95,95,92,92,55300,0
2016-07-20,93,94,92,92,14800,0
2016-07-21,94,94,92,93,20700,0
2016-07-22,93,93,92,92,4100,0
2016-07-25,92,94,92,94,30400,0
2016-07-26,95,95,92,92,12500,0
2016-07-27,96,106,92,95,1236200,0
2016-07-28,94,97,94,95,61200,0
2016-07-29,94,96,93,96,96000,0
2016-08-01,96,97,94,96,59100,0
2016-08-02,96,97,94,94,35400,0
2016-08-03,94,95,94,94,16400,0
2016-08-04,95,96,94,94,19000,0
2016-08-05,95,95,94,95,11800,0
2016-08-08,95,96,94,95,27200,0
2016-08-09,95,97,94,97,47800,0
2016-08-10,97,97,94,95,51800,0
2016-08-12,94,96,94,96,28500,0
2016-08-15,95,95,94,95,6200,0
2016-08-16,95,95,93,93,73800,0
2016-08-17,93,93,92,92,10500,0
2016-08-18,93,93,92,92,7500,0
2016-08-19,92,93,92,92,6900,0
2016-08-22,93,93,92,92,5200,0
2016-08-23,93,94,93,94,5000,0
2016-08-24,94,94,93,93,15800,0
2016-08-25,93,94,92,92,39200,0
2016-08-26,93,93,92,92,17600,0
2016-08-29,93,94,92,92,4300,0
2016-08-30,92,93,92,92,18400,0
2016-08-31,92,93,91,92,37200,0
2016-09-01,89,91,89,90,82400,0
2016-09-02,90,91,90,90,18500,0
2016-09-05,90,93,89,91,81000,0
2016-09-06,91,92,91,92,5400,0
2016-09-07,92,93,91,92,19900,0
2016-09-08,92,93,91,91,22700,0
2016-09-09,92,93,92,93,16500,0
2016-09-12,92,93,91,92,21100,0
2016-09-13,92,92,89,91,163200,0
2016-09-14,90,92,89,90,59100,0
2016-09-15,90,90,89,90,22000,0
2016-09-16,89,90,89,90,3600,0
2016-09-20,91,91,90,90,13400,0
2016-09-21,89,90,89,90,6800,0
2016-09-23,90,91,89,91,12700,0
2016-09-26,92,92,91,92,5900,0
2016-09-27,91,92,91,92,7100,0
2016-09-28,91,92,90,90,13200,0
2016-09-29,91,91,89,90,28600,0
2016-09-30,90,91,89,89,9500,0
2016-10-03,89,90,89,89,26600,0
2016-10-04,89,91,89,90,8400,0
2016-10-05,90,91,89,90,20300,0
2016-10-06,90,92,90,91,77100,0
2016-10-07,90,91,90,90,19200,0
2016-10-11,90,91,89,91,8500,0
2016-10-12,91,91,90,91,35200,0
2016-10-13,91,95,91,94,207900,0
2016-10-14,93,94,92,94,90000,0
2016-10-17,94,94,92,92,54200,0
2016-10-18,92,93,92,93,4600,0
2016-10-19,92,93,91,93,24400,0
2016-10-20,92,93,92,93,12800,0
2016-10-21,92,92,90,92,56800,0
2016-10-24,90,92,90,91,36800,0
2016-10-25,91,91,90,90,17500,0
2016-10-26,91,91,90,91,27100,0
2016-10-27,91,91,90,91,20000,0
2016-10-28,90,91,90,91,9200,0
2016-10-31,91,91,90,91,34600,0
2016-11-01,92,92,87,90,117000,0
2016-11-02,89,90,88,89,62500,0
2016-11-04,88,89,88,88,10000,0
2016-11-07,89,89,88,89,7900,0
2016-11-08,89,90,88,89,19700,0
2016-11-09,89,89,80,85,125100,0
2016-11-10,87,90,86,89,45800,0
2016-11-11,91,91,89,89,47700,0
2016-11-14,88,90,88,88,25200,0
2016-11-15,89,90,88,89,17800,0
2016-11-16,90,91,89,91,50100,0
2016-11-17,90,92,89,91,32600,0
2016-11-18,92,92,90,90,42400,0
2016-11-21,91,92,91,91,45900,0
2016-11-22,90,91,90,91,19800,0
2016-11-24,91,93,90,91,65000,0
2016-11-25,92,93,90,92,54700,0
2016-11-28,92,95,91,93,81400,0
2016-11-29,94,95,93,94,20200,0
2016-11-30,94,94,92,92,59800,0
2016-12-01,93,95,92,93,59400,0
2016-12-02,94,95,93,94,50500,0
2016-12-05,94,94,92,92,57400,0
2016-12-06,93,104,93,102,1544200,0
2016-12-07,102,102,97,100,590500,0
2016-12-08,99,100,94,95,341000,0
2016-12-09,94,96,93,94,118300,0
2016-12-12,95,100,94,96,114600,0
2016-12-13,97,99,96,96,94200,0
2016-12-14,97,98,96,98,47700,0
2016-12-15,97,98,95,96,106600,0
2016-12-16,97,97,95,95,64200,0
2016-12-19,95,95,94,94,32900,0
2016-12-20,94,97,94,96,99200,0
2016-12-21,96,97,95,95,26100,0
2016-12-22,94,96,92,92,112900,0
2016-12-26,94,95,92,93,104900,0
2016-12-27,94,94,92,92,197900,0
2016-12-28,92,94,92,93,20000,0
2016-12-29,91,93,91,93,48500,0
2016-12-30,92,93,92,92,30100,0
2017-01-04,92,96,92,95,105500,0
2017-01-05,96,96,93,95,91500,0
2017-01-06,94,96,94,96,37600,0
2017-01-10,95,96,94,96,21300,0
2017-01-11,96,96,95,96,25600,0
2017-01-12,96,96,94,94,45800,0
2017-01-13,94,97,94,97,154500,0
2017-01-16,98,98,95,97,108000,0
2017-01-17,96,97,95,97,20600,0
2017-01-18,97,104,97,100,823300,0
2017-01-19,101,102,94,94,581100,0
2017-01-20,95,95,93,95,51400,0
2017-01-23,95,95,94,95,59700,0
2017-01-24,95,96,93,96,100100,0
2017-01-25,96,96,95,96,58900,0
2017-01-26,97,97,96,97,38600,0
2017-01-27,97,97,95,96,52000,0
2017-01-30,95,96,94,96,83000,0
2017-01-31,95,97,95,95,34700,0
2017-02-01,96,97,95,95,31600,0
2017-02-02,95,96,94,95,79300,0
2017-02-03,94,96,94,96,39200,0
2017-02-06,95,97,95,96,49300,0
2017-02-07,97,98,96,97,72200,0
2017-02-08,97,99,97,99,72100,0
2017-02-09,99,101,98,100,163300,0
2017-02-10,101,103,100,101,175100,0
2017-02-13,98,98,96,96,176400,0
2017-02-14,96,97,94,96,128200,0
2017-02-15,96,98,96,97,35500,0
2017-02-16,98,98,96,97,11500,0
2017-02-17,97,98,96,98,16400,0
2017-02-20,98,99,97,99,64500,0
2017-02-21,100,100,96,98,143800,0
2017-02-22,99,100,97,97,62900,0
2017-02-23,97,98,96,97,85900,0
2017-02-24,98,99,97,97,27700,0
2017-02-27,98,98,97,97,18400,0
2017-02-28,97,98,97,97,21900,0
2017-03-01,98,99,97,98,13700,0
2017-03-02,98,99,97,97,21900,0
2017-03-03,97,101,97,99,151000,0
2017-03-06,100,102,98,101,132400,0
2017-03-07,101,101,99,101,81800,0
2017-03-08,101,101,98,98,135500,0
2017-03-09,99,106,99,104,674700,0
2017-03-10,105,112,102,104,1322300,0
2017-03-13,105,112,102,112,423200,0
2017-03-14,162,162,138,140,18232700,0
2017-03-15,150,165,136,139,12044100,0
2017-03-16,135,145,132,141,2793500,0
2017-03-17,139,144,135,140,959300,0
2017-03-21,136,137,129,129,1088500,0
2017-03-22,129,129,123,124,1097500,0
2017-03-23,122,125,118,120,1282900,0
2017-03-24,120,122,118,119,770700,0
2017-03-27,119,125,114,116,1724700,0
2017-03-28,116,117,114,115,489700,0
2017-03-29,115,119,114,116,395600,0
2017-03-30,116,118,115,116,287900,0
2017-03-31,116,119,116,118,253000,0
2017-04-03,119,122,113,113,794700,0
2017-04-04,112,112,105,112,915500,0
2017-04-05,111,112,107,110,270200,0
2017-04-06,110,112,104,108,329500,0
2017-04-07,108,111,106,111,197400,0
2017-04-10,110,111,109,111,125600,0
2017-04-11,109,109,106,106,118800,0
2017-04-12,105,106,101,103,546200,0
2017-04-13,101,106,101,106,163600,0
2017-04-14,106,106,104,104,64700,0
2017-04-17,103,107,102,107,149900,0
2017-04-18,107,109,107,109,114400,0
2017-04-19,108,109,108,108,38400,0
2017-04-20,108,109,106,107,56500,0
2017-04-21,107,107,106,106,76100,0
2017-04-24,107,107,103,104,143400,0
2017-04-25,103,103,101,102,234700,0
2017-04-26,102,104,102,103,231300,0
2017-04-27,103,106,103,106,169500,0
2017-04-28,105,106,102,102,299600,0
2017-05-01,103,103,102,102,42900,0
2017-05-02,103,107,102,105,161800,0
2017-05-08,106,108,105,107,120000,0
2017-05-09,106,107,105,105,60300,0
2017-05-10,106,110,106,109,334200,0
2017-05-11,109,109,106,108,143500,0
2017-05-12,108,108,106,106,118600,0
2017-05-15,107,107,103,105,174000,0
2017-05-16,105,106,104,105,82200,0
2017-05-17,104,105,103,103,93800,0
2017-05-18,100,102,100,100,187900,0
2017-05-19,101,103,101,101,86300,0
2017-05-22,102,103,101,102,112300,0
2017-05-23,102,109,102,109,1371900,0
2017-05-24,111,122,108,122,3165700,0
2017-05-25,118,118,112,114,1231700,0
2017-05-26,113,114,110,112,471000,0
2017-05-29,110,113,110,111,177700,0
2017-05-30,112,117,111,115,488000,0
2017-05-31,115,117,113,116,299000,0
2017-06-01,117,117,114,114,159400,0
2017-06-02,116,117,114,114,212600,0
2017-06-05,114,116,113,116,143300,0
2017-06-06,116,116,111,111,264900,0
2017-06-07,111,112,109,110,167800,0
2017-06-08,111,113,110,112,156100,0
2017-06-09,112,112,109,109,171000,0
2017-06-12,109,110,106,107,244000,0
2017-06-13,107,108,106,107,158900,0
2017-06-14,108,109,107,107,97100,0
2017-06-15,109,109,106,108,107700,0
2017-06-16,107,107,106,106,53100,0
2017-06-19,107,116,106,115,373200,0
2017-06-20,116,117,112,112,219400,0
2017-06-21,113,115,112,113,125400,0
2017-06-22,113,114,110,112,212800,0
2017-06-23,112,112,107,107,342500,0
2017-06-26,110,114,109,112,257400,0
2017-06-27,112,114,111,114,98600,0
2017-06-28,114,114,111,112,96000,0
2017-06-29,114,114,111,113,61500,0
2017-06-30,111,112,110,111,128500,0
2017-07-03,112,113,110,113,62200,0
2017-07-04,112,113,110,110,136900,0
2017-07-05,110,112,110,111,53400,0
2017-07-06,111,112,110,112,79500,0
2017-07-07,111,114,110,114,86700,0
2017-07-10,114,119,114,116,365200,0
2017-07-11,116,117,114,115,152100,0
2017-07-12,116,121,115,121,509000,0
2017-07-13,121,154,120,140,14497000,0
2017-07-14,135,139,121,123,2885200,0
2017-07-18,121,123,117,119,1090200,0
2017-07-19,118,124,118,124,633300,0
2017-07-20,126,126,123,125,458700,0
2017-07-21,123,127,121,122,371900,0
2017-07-24,122,125,120,123,246500,0
2017-07-25,123,124,121,124,140900,0
2017-07-26,124,124,122,122,104200,0
2017-07-27,122,124,121,121,89100,0
2017-07-28,122,122,116,116,258100,0
2017-07-31,115,117,114,116,167100,0
2017-08-01,117,117,112,112,168300,0
2017-08-02,111,115,111,113,120400,0
2017-08-03,114,114,111,111,132700,0
2017-08-04,111,113,110,112,76100,0
2017-08-07,113,118,113,116,249500,0
2017-08-08,116,116,114,116,40400,0
2017-08-09,115,118,114,114,199500,0
2017-08-10,114,114,111,113,192200,0
2017-08-14,111,112,106,110,200200,0
2017-08-15,111,112,108,110,117800,0
2017-08-16,108,111,107,109,121900,0
2017-08-17,109,109,108,108,69600,0
2017-08-18,108,109,108,108,45600,0
2017-08-21,108,109,107,107,36600,0
2017-08-22,108,109,107,108,25400,0
2017-08-23,109,109,106,108,108300,0
2017-08-24,107,108,107,108,68900,0
2017-08-25,108,112,107,112,118000,0
2017-08-28,112,112,110,111,32000,0
2017-08-29,109,109,108,109,121600,0
2017-08-30,109,111,108,110,78800,0
2017-08-31,111,112,110,112,83000,0
2017-09-01,111,111,109,109,115900,0
2017-09-04,109,110,107,107,129500,0
2017-09-05,107,108,103,103,219600,0
2017-09-06,102,105,101,105,126200,0
2017-09-07,105,105,103,104,156400,0
2017-09-08,103,104,101,103,60900,0
2017-09-11,103,105,103,105,28300,0
2017-09-12,105,109,104,109,215100,0
2017-09-13,109,110,108,108,86200,0
2017-09-14,107,109,106,107,95800,0
2017-09-15,105,108,104,107,94100,0
2017-09-19,108,109,107,108,61100,0
2017-09-20,108,108,107,108,23600,0
2017-09-21,108,111,107,111,143000,0
2017-09-22,110,110,108,108,84600,0
2017-09-25,108,111,108,110,70000,0
2017-09-26,110,111,109,109,35600,0
2017-09-27,110,113,109,113,99900,0
2017-09-28,113,113,110,112,117400,0
2017-09-29,112,112,110,111,106100,0
2017-10-02,111,117,110,117,321300,0
2017-10-03,119,121,117,120,418500,0
2017-10-04,119,129,119,120,1819200,0
2017-10-05,120,120,115,117,375200,0
2017-10-06,116,116,114,115,146600,0
2017-10-10,115,116,114,116,93600,0
2017-10-11,116,117,114,114,118100,0
2017-10-12,114,115,112,113,96500,0
2017-10-13,113,114,113,113,46100,0
2017-10-16,113,114,112,114,81000,0
2017-10-17,115,120,114,120,354900,0
2017-10-18,119,119,117,117,128000,0
2017-10-19,117,118,116,116,104700,0
2017-10-20,116,118,115,117,115800,0
2017-10-23,118,121,118,121,170800,0
2017-10-24,120,122,117,121,322300,0
2017-10-25,121,121,118,119,99600,0
2017-10-26,119,120,118,118,41800,0
2017-10-27,119,119,115,117,158100,0
2017-10-30,118,119,117,118,50000,0
2017-10-31,117,118,116,117,79900,0
2017-11-01,118,118,117,117,31000,0
2017-11-02,117,118,114,114,198900,0
2017-11-06,115,116,114,115,105400,0
2017-11-07,115,121,114,120,269600,0
2017-11-08,120,120,113,116,275800,0
2017-11-09,117,118,116,116,126400,0
2017-11-10,115,117,114,117,83600,0
2017-11-13,120,125,117,122,635400,0
2017-11-14,122,122,118,120,343900,0
2017-11-15,120,122,116,116,290300,0
2017-11-16,115,118,115,116,85900,0
2017-11-17,118,118,116,116,44700,0
2017-11-20,116,120,116,120,131500,0
2017-11-21,120,121,119,119,63000,0
2017-11-22,119,121,119,120,93600,0
2017-11-24,121,121,119,119,88100,0
2017-11-27,120,124,120,124,397800,0
2017-11-28,125,129,123,128,587700,0
2017-11-29,128,133,126,132,873700,0
2017-11-30,142,144,128,128,1682700,0
2017-12-01,128,128,125,127,500600,0
2017-12-04,130,130,126,126,224100,0
2017-12-05,126,127,122,123,245700,0
2017-12-06,122,125,121,124,160300,0
2017-12-07,124,126,123,126,125600,0
2017-12-08,126,127,125,126,90900,0
2017-12-11,127,128,126,128,122600,0
2017-12-12,128,129,127,128,105000,0
2017-12-13,128,128,124,126,71600,0
2017-12-14,126,126,124,124,59000,0
2017-12-15,125,126,124,124,32200,0
2017-12-18,124,124,123,123,59100,0
2017-12-19,122,124,120,121,128100,0
2017-12-20,121,122,120,121,127400,0
2017-12-21,120,121,120,120,62800,0
2017-12-22,119,123,119,120,166500,0
2017-12-25,121,121,119,119,120600,0
2017-12-26,119,121,119,121,134800,0
2017-12-27,120,122,119,122,65000,0
2017-12-28,122,122,121,121,11200,0
2017-12-29,121,122,120,121,49500,0
2018-01-04,121,123,121,123,83000,0
2018-01-05,123,124,122,123,62800,0
2018-01-09,124,128,123,127,208100,0
2018-01-10,127,127,125,127,59800,0
2018-01-11,126,128,125,126,228700,0
2018-01-12,126,127,125,126,98300,0
2018-01-15,128,133,127,132,508200,0
2018-01-16,134,134,126,129,561700,0
2018-01-17,128,128,126,128,130000,0
2018-01-18,127,129,127,127,95800,0
2018-01-19,126,128,126,127,32000,0
2018-01-22,127,130,126,130,124700,0
2018-01-23,130,132,130,132,195100,0
2018-01-24,131,135,131,135,746300,0
2018-01-25,135,137,133,135,569600,0
2018-01-26,134,135,133,134,138200,0
2018-01-29,135,138,134,138,295200,0
2018-01-30,138,139,131,135,459400,0
2018-01-31,134,134,130,133,302100,0
2018-02-01,132,136,132,136,79000,0
2018-02-02,136,136,133,134,143200,0
2018-02-05,130,132,128,132,194500,0
2018-02-06,123,125,113,118,419800,0
2018-02-07,122,127,121,122,237000,0
2018-02-08,121,127,121,127,77900,0
2018-02-09,117,127,117,127,191400,0
2018-02-13,128,134,125,126,397500,0
2018-02-14,125,128,110,120,414100,0
2018-02-15,120,124,120,123,130300,0
2018-02-16,122,126,121,126,147200,0
2018-02-19,126,127,123,125,190200,0
2018-02-20,126,126,124,125,32400,0
2018-02-21,124,127,123,125,74200,0
2018-02-22,124,125,123,124,55700,0
2018-02-23,124,125,123,125,48400,0
2018-02-26,125,128,125,127,96600,0
2018-02-27,127,127,124,125,45400,0
2018-02-28,124,125,123,125,71600,0
2018-03-01,124,126,124,126,53000,0
2018-03-02,123,124,121,124,89000,0
2018-03-05,122,122,118,119,129800,0
2018-03-06,120,122,119,121,104500,0
2018-03-07,120,121,118,120,86300,0
2018-03-08,120,122,119,122,45400,0
2018-03-09,122,122,120,122,79000,0
2018-03-12,123,123,121,122,55800,0
2018-03-13,122,125,122,125,125000,0
2018-03-14,123,125,122,125,201100,0
2018-03-15,124,131,122,129,251400,0
2018-03-16,130,131,127,127,100300,0
2018-03-19,128,130,126,126,155000,0
2018-03-20,124,125,122,124,125700,0
2018-03-22,125,127,124,125,75400,0
2018-03-23,121,124,120,120,178600,0
2018-03-26,118,123,118,123,126400,0
2018-03-27,123,124,123,124,64800,0
2018-03-28,122,123,121,122,40800,0
2018-03-29,124,124,122,124,53700,0
