Date,Open,High,Low,Close,Volume,OpenInt
2009-04-06,1.3417,1.3812,1.3318,1.3812,53,0
2009-04-07,1.3417,1.3812,1.3318,1.3614,316,0
2009-04-08,1.3121,1.4108,1.3121,1.3713,189,0
2009-04-14,1.322,1.3812,1.322,1.3812,50,0
2009-04-16,1.3417,1.391,1.3318,1.391,50,0
2009-04-17,1.3417,1.4502,1.3318,1.4502,608,0
2009-04-20,1.3812,1.4502,1.3812,1.4009,212,0
2009-04-21,1.3516,1.4009,1.3318,1.3614,1646,0
2009-04-22,1.322,1.4009,1.322,1.4009,955,0
2009-04-23,1.3417,1.4009,1.3318,1.3318,1209,0
2009-04-27,1.3318,1.391,1.2826,1.2826,901,0
2009-04-28,1.2726,1.3812,1.2332,1.3318,1709,0
2009-04-30,1.2924,1.3318,1.2332,1.3318,202,0
2009-05-04,1.3022,1.3318,1.2826,1.3318,1166,0
2009-05-05,1.2826,1.391,1.2826,1.391,1207,0
2009-05-11,1.3417,1.4305,1.3417,1.4305,1521,0
2009-05-15,1.391,1.4502,1.3614,1.3614,1618,0
2009-05-18,1.3022,1.3614,1.3022,1.3614,1140,0
2009-05-20,1.3417,1.3812,1.3318,1.3614,354,0
2009-05-22,1.3318,1.3713,1.3318,1.3614,202,0
2009-05-25,1.3318,1.3812,1.2332,1.3417,2570,0
2009-05-26,1.2826,1.391,1.2826,1.391,4156,0
2009-05-29,1.3516,1.391,1.2924,1.3417,1900,0
2009-06-02,1.2826,1.3812,1.243,1.3812,5592,0
2009-06-05,1.3417,1.3812,1.3318,1.3318,50,0
2009-06-09,1.3022,1.3318,1.2726,1.3318,132,0
2009-06-10,1.2924,1.3318,1.2332,1.3318,1696,0
2009-06-11,1.2924,1.3318,1.2826,1.3318,102,0
2009-06-15,1.2924,1.3417,1.2924,1.3022,223,0
2009-06-16,1.253,1.3022,1.243,1.3022,62,0
2009-06-17,1.2628,1.3022,1.243,1.2826,344,0
2009-06-22,1.243,1.2826,1.2332,1.2826,62,0
2009-06-23,1.2332,1.2826,1.2332,1.2826,1068,0
2009-06-25,1.243,1.4798,1.2332,1.3812,1985,0
2009-06-29,1.322,1.4798,1.3121,1.4305,3711,0
2009-07-01,1.4305,1.4305,1.3713,1.3713,553,0
2009-07-06,1.3318,1.4502,1.3318,1.4009,951,0
2009-07-10,1.3417,1.4502,1.3417,1.4502,1901,0
2009-07-13,1.391,1.4601,1.3614,1.3614,102,0
2009-07-20,1.3614,1.4305,1.3516,1.4305,1521,0
2009-07-23,1.4206,1.4601,1.4108,1.4108,102,0
2009-07-24,1.3516,1.4404,1.3516,1.4404,272,0
2009-07-27,1.4502,1.5094,1.4009,1.5094,1014,0
2009-07-29,1.4699,1.5291,1.4305,1.4305,62,0
2009-07-31,1.4995,1.4995,1.4009,1.4009,809,0
2009-08-03,1.4502,1.5094,1.3516,1.5094,1745,0
2009-08-05,1.4699,1.5687,1.4699,1.5687,1115,0
2009-08-06,1.5193,1.5489,1.4897,1.5489,2,0
2009-08-12,1.5687,1.5687,1.4601,1.4601,127,0
2009-08-13,1.5193,1.5785,1.4699,1.5785,15204,0
2009-08-14,1.5687,1.5687,1.5291,1.539,1135,0
2009-08-24,1.539,1.5983,1.5291,1.5983,1014,0
2009-08-26,1.539,1.6673,1.539,1.6673,2249,0
2009-08-27,1.5983,1.6771,1.5983,1.6179,62,0
2009-08-28,1.5785,1.6673,1.5785,1.5883,1076,0
2009-09-02,1.5785,1.5785,1.4995,1.4995,158,0
2009-09-07,1.4798,1.5291,1.4699,1.4798,152,0
2009-09-09,1.4699,1.5291,1.4699,1.4798,2536,0
2009-09-10,1.4798,1.4897,1.4798,1.4897,759,0
2009-09-11,1.4897,1.5193,1.4897,1.4897,1458,0
2009-09-14,1.4305,1.5587,1.4305,1.5587,2279,0
2009-09-15,1.4995,1.5587,1.4009,1.5291,4054,0
2009-09-17,1.4995,1.5587,1.4995,1.4995,75,0
2009-09-18,1.4798,1.5193,1.4798,1.4897,62,0
2009-09-21,1.4699,1.4995,1.4699,1.4897,126,0
2009-09-22,1.4897,1.4995,1.391,1.4897,632,0
2009-09-23,1.4798,1.4897,1.4798,1.4798,3041,0
2009-09-25,1.4206,1.4798,1.3812,1.4601,1216,0
2009-09-28,1.4206,1.4798,1.4009,1.4502,912,0
2009-09-29,1.4009,1.4798,1.4009,1.4798,507,0
2009-09-30,1.4502,1.4699,1.4502,1.4502,1419,0
2009-10-01,1.4404,1.4601,1.4108,1.4305,50,0
2009-10-08,1.3614,1.391,1.3121,1.3614,400,0
2009-10-09,1.3614,1.391,1.3614,1.3713,564,0
2009-10-12,1.3713,1.4305,1.3614,1.4206,468,0
2009-10-13,1.3713,1.4206,1.3614,1.4108,304,0
2009-10-16,1.3713,1.4009,1.3713,1.3812,62,0
2009-10-19,1.3713,1.4009,1.3614,1.3614,3394,0
2009-10-23,1.3713,1.4206,1.3614,1.3713,102,0
2009-10-27,1.3812,1.4404,1.3812,1.391,304,0
2009-11-02,1.4108,1.4601,1.3812,1.4108,3247,0
2009-11-03,1.3713,1.4206,1.3713,1.3713,2027,0
2009-11-04,1.322,1.4108,1.322,1.322,507,0
2009-11-05,1.2628,1.3713,1.174,1.2726,4720,0
2009-11-06,1.2332,1.3318,1.2332,1.2332,304,0
2009-11-11,1.243,1.3318,1.2332,1.3318,1014,0
2009-11-12,1.3318,1.3614,1.3318,1.3417,254,0
2009-11-16,1.3516,1.3812,1.3318,1.3812,1924,0
2009-11-17,1.3318,1.4305,1.3318,1.3812,95,0
2009-11-18,1.3318,1.3812,1.3318,1.3417,221,0
2009-11-19,1.3318,1.4108,1.2726,1.2726,7411,0
2009-11-23,1.2924,1.3812,1.2826,1.2924,1347,0
2009-11-24,1.3121,1.3318,1.2826,1.2924,406,0
2009-11-25,1.2924,1.3713,1.2826,1.2924,127,0
2009-11-27,1.2628,1.4798,1.2628,1.4798,3386,0
2009-12-01,1.4897,1.5193,1.4798,1.4798,98,0
2009-12-02,1.4699,1.5883,1.4699,1.539,4219,0
2009-12-03,1.5489,1.5883,1.5291,1.5291,507,0
2009-12-04,1.4798,1.539,1.4798,1.4897,811,0
2009-12-07,1.4798,1.5785,1.4798,1.5785,908,0
2009-12-08,1.5193,1.6278,1.5193,1.5785,1015,0
2009-12-09,1.5687,1.6278,1.5687,1.5687,507,0
2009-12-11,1.5193,1.5687,1.5094,1.5094,202,0
2009-12-14,1.5094,1.5489,1.4897,1.4897,1076,0
2009-12-15,1.4798,1.5489,1.4798,1.4897,1747,0
2009-12-16,1.4897,1.5489,1.4897,1.4995,3539,0
2009-12-17,1.4798,1.5489,1.4798,1.5489,608,0
2009-12-18,1.4995,1.5489,1.4897,1.4897,166,0
2009-12-21,1.4995,1.6081,1.4897,1.6081,2954,0
2009-12-22,1.5489,1.6574,1.4897,1.6574,1014,0
2009-12-23,1.5587,1.5587,1.5489,1.5587,2275,0
2009-12-28,1.5587,1.5587,1.5489,1.5489,50,0
2009-12-30,1.5489,1.6771,1.5489,1.5489,4150,0
2010-01-05,1.5489,1.5597,1.5489,1.5597,126,0
2010-01-07,1.5587,1.5687,1.5587,1.5687,62,0
2010-01-12,1.5587,1.5687,1.5587,1.5587,3352,0
2010-01-13,1.5499,1.5587,1.4147,1.4147,2962,0
2010-01-18,1.4404,1.4404,1.3762,1.3762,1470,0
2010-01-20,1.3713,1.4305,1.3713,1.3762,164,0
2010-01-21,1.3812,1.4305,1.3713,1.4305,1014,0
2010-01-22,1.3742,1.4798,1.3713,1.4798,3725,0
2010-01-26,1.4798,1.5094,1.3318,1.5094,256,0
2010-01-27,1.4828,1.5094,1.4828,1.4995,1014,0
2010-02-01,1.4216,1.4995,1.4206,1.4236,188,0
2010-02-02,1.4305,1.4995,1.4206,1.4305,900,0
2010-02-03,1.4256,1.4995,1.4206,1.4236,114,0
2010-02-05,1.4236,1.4995,1.4206,1.4236,304,0
2010-02-08,1.4443,1.4995,1.4206,1.4236,67,0
2010-02-09,1.4236,1.4995,1.4206,1.4236,659,0
2010-02-10,1.4206,1.4995,1.4206,1.4798,507,0
2010-02-12,1.4897,1.5193,1.4897,1.5094,3225,0
2010-02-16,1.4927,1.5469,1.4206,1.5469,4577,0
2010-02-17,1.5489,1.5489,1.4798,1.5291,3041,0
2010-02-18,1.4897,1.5983,1.4897,1.4995,62,0
2010-02-24,1.4995,1.4995,1.4897,1.4907,189,0
2010-02-26,1.4995,1.4995,1.4897,1.4917,126,0
2010-03-01,1.5094,1.5094,1.4897,1.4897,50,0
2010-03-03,1.4897,1.4995,1.4798,1.4798,3041,0
2010-03-04,1.4236,1.5371,1.4206,1.4798,2179,0
2010-03-05,1.4325,1.4995,1.4305,1.4305,7499,0
2010-03-08,1.4404,1.4857,1.4305,1.4404,3025,0
2010-03-09,1.4256,1.6081,1.4256,1.6081,4662,0
2010-03-10,1.4818,1.5291,1.4305,1.5291,6921,0
2010-03-11,1.4719,1.5489,1.4699,1.5489,2027,0
2010-03-12,1.4798,1.4995,1.4699,1.4699,7095,0
2010-03-15,1.4601,1.6278,1.4601,1.4897,14186,0
2010-03-16,1.4897,1.6969,1.4897,1.6969,7453,0
2010-03-17,1.5785,1.6899,1.5587,1.6899,2196,0
2010-03-18,1.5617,1.687,1.5617,1.6821,1578,0
2010-03-22,1.6209,1.687,1.6209,1.6771,4969,0
2010-03-23,1.6643,1.6643,1.6278,1.6327,62,0
2010-03-24,1.6357,1.6574,1.6278,1.6327,62,0
2010-03-26,1.6781,1.835,1.6771,1.835,1289,0
2010-03-31,1.8982,1.9928,1.8942,1.9928,1115,0
2010-04-01,1.905,1.905,1.8942,1.8982,2216,0
2010-04-06,1.908,1.9928,1.8942,1.9928,1001,0
2010-04-07,1.983,1.9928,1.983,1.983,507,0
2010-04-08,1.9731,1.9928,1.9731,1.983,782,0
2010-04-09,1.9869,1.9928,1.983,1.983,4460,0
2010-04-12,1.9148,1.9731,1.8942,1.9238,13694,0
2010-04-13,1.8882,1.904,1.8882,1.8982,1026,0
2010-04-16,1.8853,1.904,1.8024,1.8024,4738,0
2010-04-19,1.7945,1.8982,1.7945,1.8024,902,0
2010-04-22,1.7975,1.8744,1.7975,1.8744,2090,0
2010-04-26,1.8222,1.8744,1.8054,1.8054,1014,0
2010-04-27,1.8004,1.8744,1.8004,1.8024,316,0
2010-04-28,1.7965,1.8744,1.7965,1.8744,899,0
2010-04-29,1.8074,1.8074,1.7067,1.7077,304,0
2010-04-30,1.8222,1.835,1.8222,1.8251,420,0
2010-05-04,1.8686,1.8744,1.8686,1.8744,1521,0
2010-05-07,1.7432,1.7758,1.7432,1.7561,1622,0
2010-05-10,1.7521,1.7758,1.6969,1.7363,2560,0
2010-05-12,1.7482,1.8251,1.7482,1.8251,5068,0
2010-05-13,1.7896,1.8251,1.7561,1.8251,3041,0
2010-05-14,1.7551,1.8152,1.7551,1.7649,1014,0
2010-05-17,1.7432,1.7659,1.7077,1.7077,608,0
2010-05-18,1.7866,1.7866,1.6081,1.6131,1887,0
2010-05-20,1.6021,1.6179,1.6021,1.6131,744,0
2010-05-24,1.5242,1.5252,1.5094,1.5183,1301,0
2010-06-01,1.4709,1.5983,1.4699,1.5883,228,0
2010-06-02,1.4621,1.5883,1.4502,1.4709,316,0
2010-06-04,1.4788,1.6061,1.4532,1.6061,1014,0
2010-06-07,1.4532,1.4532,1.3121,1.4344,1014,0
2010-06-08,1.3318,1.4502,1.3288,1.4502,1014,0
2010-06-09,1.464,1.464,1.4305,1.4305,62,0
2010-06-10,1.4502,1.4502,1.4187,1.4266,507,0
2010-06-11,1.4611,1.4611,1.4187,1.4502,102,0
2010-06-17,1.4433,1.4601,1.4266,1.4601,62,0
2010-06-21,1.4798,1.5371,1.4305,1.5371,1014,0
2010-06-22,1.4571,1.4601,1.4404,1.4502,1014,0
2010-06-28,1.4473,1.5371,1.4473,1.5371,950,0
2010-07-02,1.4709,1.6515,1.465,1.5677,5572,0
2010-07-05,1.6445,1.763,1.6278,1.6771,4649,0
2010-07-06,1.6436,1.6771,1.5844,1.6771,1014,0
2010-07-09,1.6407,1.6407,1.6179,1.6259,286,0
2010-07-12,1.6317,1.6377,1.6259,1.6377,143,0
2010-07-16,1.6317,1.6771,1.6229,1.6229,62,0
2010-07-20,1.6387,1.6771,1.6259,1.6327,62,0
2010-07-22,1.6209,1.6771,1.6209,1.6259,70,0
2010-07-26,1.763,1.8646,1.6061,1.8646,811,0
2010-07-27,1.7561,1.7561,1.7472,1.7551,1267,0
2010-08-02,1.7718,1.7718,1.7472,1.7472,466,0
2010-08-05,1.758,1.758,1.7186,1.7551,1191,0
2010-08-06,1.759,1.759,1.6821,1.6821,6893,0
2010-08-09,1.6771,1.7186,1.6771,1.6899,40,0
2010-08-11,1.6781,1.7186,1.6081,1.6919,113,0
2010-08-12,1.6131,1.7186,1.6131,1.6179,1784,0
2010-08-17,1.6209,1.7186,1.6081,1.6081,122,0
2010-08-19,1.6111,1.7561,1.5983,1.7561,1521,0
2010-08-24,1.6031,1.7186,1.6031,1.6131,102,0
2010-08-25,1.6111,1.7482,1.6061,1.7482,2995,0
2010-08-26,1.6219,1.7186,1.6061,1.6061,316,0
2010-08-27,1.6121,1.7186,1.6061,1.6061,62,0
2010-08-30,1.6189,1.7758,1.6081,1.7758,807,0
2010-08-31,1.7077,1.7265,1.6673,1.6673,5834,0
2010-09-01,1.6199,1.7186,1.6061,1.6081,622,0
2010-09-06,1.6189,1.7186,1.5983,1.6061,62,0
2010-09-07,1.6061,1.7186,1.5114,1.5785,3945,0
2010-09-10,1.5607,1.8862,1.5607,1.8862,17435,0
2010-09-13,1.8152,1.9731,1.8152,1.9731,2635,0
2010-09-14,1.91,1.9721,1.8892,1.8972,6375,0
2010-09-15,1.8251,1.8892,1.8152,1.83,379,0
2010-09-16,1.8952,1.9336,1.8232,1.9238,10291,0
2010-09-17,1.8232,1.9326,1.8152,1.8152,4503,0
2010-09-20,1.7462,1.8518,1.7363,1.8142,691,0
2010-09-21,1.8024,1.8518,1.8024,1.8251,1260,0
2010-09-22,1.8024,1.8518,1.7856,1.8152,8423,0
2010-09-23,1.7393,1.8518,1.7363,1.8251,3097,0
2010-09-24,1.8251,1.8992,1.7561,1.8992,1064,0
2010-09-27,1.8251,1.9158,1.7906,1.9158,317,0
2010-09-28,1.8251,1.8518,1.7906,1.7906,122,0
2010-10-01,1.8251,1.835,1.7906,1.835,1521,0
2010-10-04,1.8251,1.914,1.7906,1.914,658,0
2010-10-05,1.914,1.9158,1.834,1.9158,1014,0
2010-10-06,1.8251,1.9238,1.7906,1.9238,3168,0
2010-10-07,1.8498,2.0224,1.8419,2.0224,7760,0
2010-10-08,1.9168,2.3055,1.9168,2.1408,5996,0
2010-10-11,2.1349,2.1349,2.1211,2.1211,6656,0
2010-10-12,2.1349,2.3055,2.126,2.1704,4058,0
2010-10-13,2.1349,2.2395,2.0609,2.2395,1612,0
2010-10-15,2.1349,2.3184,2.1211,2.1211,7095,0
2010-10-18,2.1349,2.3184,2.126,2.3184,6082,0
2010-10-19,2.2987,2.3055,2.126,2.2987,811,0
2010-10-20,2.2691,2.3085,2.126,2.1704,3103,0
2010-10-22,2.1349,3.0583,2.126,3.0583,169928,0
2010-10-25,2.1408,3.0583,2.1309,3.0583,39228,0
2010-10-26,2.1704,2.9597,2.1309,2.8609,19124,0
2010-10-27,2.7377,2.8541,2.6232,2.7623,12073,0
2010-10-28,2.6666,3.2754,2.6666,3.2556,25755,0
2010-10-29,3.1313,3.7094,3.008,3.5033,56587,0
2010-11-01,3.5033,4.7847,3.4184,3.9659,64085,0
2010-11-02,3.5033,4.4394,3.5033,4.2599,55602,0
2010-11-03,4.2599,4.2717,3.9166,4.0449,9660,0
2010-11-04,3.9462,4.2421,3.7489,4.2421,14764,0
2010-11-05,4.0941,4.1533,3.7982,4.0449,16359,0
2010-11-08,3.8968,4.0941,3.8968,4.0449,24643,0
2010-11-09,4.0449,4.2421,4.0449,4.2323,13598,0
2010-11-10,4.1929,4.2915,4.0567,4.2915,38903,0
2010-11-11,4.1929,4.3211,4.0449,4.2717,8051,0
2010-11-12,4.1681,4.2915,4.0449,4.0547,19719,0
2010-11-15,4.0449,4.2915,4.0449,4.0646,2635,0
2010-11-16,4.0863,4.2717,4.0449,4.1643,10684,0
2010-11-17,4.1633,4.1633,4.0449,4.1445,7814,0
2010-11-18,4.0449,4.0449,3.8978,3.9462,9322,0
2010-11-19,4.0054,4.0449,3.8968,3.9462,2825,0
2010-11-22,3.8672,3.9264,3.6502,3.6581,17257,0
2010-11-23,3.6581,3.8426,3.6207,3.7489,2027,0
2010-11-24,3.6996,3.8426,3.6996,3.6996,2597,0
2010-11-25,3.6858,3.9422,3.4825,3.5121,27409,0
2010-11-26,3.5023,3.6996,3.4825,3.6996,4630,0
2010-11-29,3.6364,4.2865,3.6364,4.1218,66534,0
2010-11-30,4.0508,4.252,4.0005,4.2175,49076,0
2010-12-01,4.1929,4.2717,4.0941,4.1189,8906,0
2010-12-02,4.0941,4.1829,3.8791,3.9896,14407,0
2010-12-03,3.9462,4.1929,3.9462,4.1435,13982,0
2010-12-06,4.0941,4.2421,3.9758,4.2027,9914,0
2010-12-07,4.1731,4.2323,4.0843,4.1041,8131,0
2010-12-08,4.0646,4.1041,3.9245,3.9334,18635,0
2010-12-09,3.8702,3.9363,3.6996,3.8614,8689,0
2010-12-10,3.7756,4.8281,3.67,3.7666,34986,0
2010-12-13,3.6848,3.8772,3.5417,3.6749,10643,0
2010-12-14,3.6305,3.7292,3.3927,3.7292,5011,0
2010-12-15,3.7292,3.9462,3.6147,3.8032,5305,0
2010-12-16,3.7292,3.9462,3.6107,3.9176,3041,0
2010-12-17,3.8218,3.9176,3.6601,3.736,2301,0
2010-12-20,3.6404,3.9462,3.5101,3.8476,4036,0
2010-12-21,3.7804,4.1337,3.67,4.0843,14202,0
2010-12-22,4.034,4.1337,3.8376,3.9373,6210,0
2010-12-23,3.8416,4.0251,3.7489,3.8376,7877,0
2010-12-27,3.7489,4.0311,3.6749,3.8722,2728,0
2010-12-28,3.7982,3.8722,3.6512,3.7499,507,0
2010-12-29,3.6581,3.7992,3.4618,3.7992,3474,0
2010-12-30,3.7065,3.7992,3.5811,3.6502,40,0
2011-01-03,3.6502,3.7992,3.4963,3.741,552,0
2011-01-05,3.5625,3.8061,3.5515,3.6996,6953,0
2011-01-06,3.6502,3.7499,3.4825,3.7499,825,0
2011-01-07,3.6581,3.8782,3.5703,3.8782,28742,0
2011-01-10,3.7834,3.9363,3.6897,3.8486,2282,0
2011-01-11,3.7548,4.0449,3.7548,3.9383,8392,0
2011-01-12,3.8426,4.035,3.7489,3.9432,5369,0
2011-01-13,4.0251,4.0251,3.7578,3.8998,570,0
2011-01-14,3.8574,4.035,3.6996,3.7932,9942,0
2011-01-17,3.7489,3.8476,3.7479,3.7696,731,0
2011-01-18,3.6779,3.816,3.5545,3.7686,3379,0
2011-01-19,3.6591,3.7686,3.6502,3.6838,1622,0
2011-01-20,3.5515,3.7489,3.5515,3.6867,3524,0
2011-01-21,3.5515,3.7084,3.5515,3.7084,127,0
2011-01-24,3.6552,3.812,3.5515,3.6335,122,0
2011-01-25,3.5515,3.7558,3.5515,3.5515,1922,0
2011-01-26,3.5515,3.887,3.5515,3.7568,1424,0
2011-01-27,3.6473,3.887,3.5515,3.7094,1382,0
2011-01-28,3.593,3.7094,3.5515,3.6897,620,0
2011-01-31,3.5555,3.7588,3.5515,3.6552,3509,0
2011-02-01,3.5545,3.6552,3.5417,3.6049,3700,0
2011-02-02,3.5515,3.6591,3.5515,3.6591,1039,0
2011-02-03,3.5525,3.6591,3.5417,3.6039,760,0
2011-02-04,3.5515,3.7489,3.4489,3.739,9628,0
2011-02-07,3.6798,3.814,3.6207,3.814,2873,0
2011-02-08,3.7686,3.8968,3.666,3.892,11332,0
2011-02-09,3.7982,4.0251,3.7686,3.9363,3230,0
2011-02-10,3.8968,3.8968,3.67,3.7637,1977,0
2011-02-11,3.6404,3.7952,3.5319,3.7084,1318,0
2011-02-14,3.5357,3.6867,3.4303,3.6719,9040,0
2011-02-15,3.6009,4.0843,3.6009,4.0843,50042,0
2011-02-16,3.9462,4.1041,3.9462,4.0093,3472,0
2011-02-17,3.9462,4.3902,3.9462,4.3408,18679,0
2011-02-18,4.2915,4.4394,4.0813,4.3754,21004,0
2011-02-21,4.3102,4.3754,4.0449,4.2185,4834,0
2011-02-22,4.0508,4.2421,3.9462,4.1583,3080,0
2011-02-23,3.9373,4.1583,3.8238,4.1287,5053,0
2011-02-24,3.9354,4.1287,3.7686,3.8486,2864,0
2011-02-25,3.736,3.9048,3.6285,3.9048,3225,0
2011-02-28,3.8476,4.0103,3.6295,4.0044,2673,0
2011-03-01,3.9462,4.0044,3.6996,3.8446,1330,0
2011-03-02,3.7982,3.8702,3.7982,3.8702,507,0
2011-03-03,3.8702,3.893,3.7982,3.893,140,0
2011-03-04,3.7982,4.0853,3.7982,4.0853,540,0
2011-03-07,3.9857,4.0853,3.8476,4.0459,329,0
2011-03-09,3.8514,4.0449,3.7982,3.9472,367,0
2011-03-10,3.8505,3.9472,3.7982,3.8968,304,0
2011-03-11,3.8476,3.9452,3.8476,3.8978,3041,0
2011-03-14,3.8496,3.8978,3.664,3.8968,6237,0
2011-03-15,3.7321,3.8968,3.5821,3.6197,13705,0
2011-03-16,3.5515,3.9058,3.5515,3.8702,5572,0
2011-03-17,3.7932,3.9048,3.6798,3.8968,809,0
2011-03-18,3.8476,3.8968,3.5871,3.7469,375,0
2011-03-21,3.6374,4.0251,3.4835,4.0251,4726,0
2011-03-22,3.8476,4.4296,3.8476,3.9965,4552,0
2011-03-23,3.8801,4.1929,3.7154,4.1347,2339,0
2011-03-24,4.0143,4.1347,3.8318,3.8968,3041,0
2011-03-28,3.8476,3.8476,3.5811,3.8446,1225,0
2011-03-29,3.7331,3.8446,3.5635,3.7321,127,0
2011-03-30,3.6256,3.7321,3.5515,3.7311,338,0
2011-03-31,3.6246,3.7932,3.5515,3.7932,127,0
2011-04-01,3.7489,3.7932,3.5219,3.7578,202,0
2011-04-04,3.6483,4.1435,3.6483,4.0685,9674,0
2011-04-05,3.9936,4.1435,3.8772,4.1435,1419,0
2011-04-06,4.0231,4.1435,3.8524,4.0241,1191,0
2011-04-07,3.9068,4.0241,3.8968,3.8968,12164,0
2011-04-08,3.7844,3.9955,3.6236,3.9955,962,0
2011-04-11,3.6729,3.9432,3.6601,3.7193,3077,0
2011-04-12,3.6601,3.9955,3.6601,3.9955,1014,0
2011-04-13,3.9462,4.1435,3.669,3.8978,5195,0
2011-04-14,3.7844,3.8978,3.5713,3.7834,336,0
2011-04-15,3.7834,3.7952,3.6009,3.7952,558,0
2011-04-18,3.6996,3.7952,3.6009,3.7627,2487,0
2011-04-19,3.6996,3.7627,3.6107,3.7568,735,0
2011-04-20,3.7568,3.81,3.594,3.81,1135,0
2011-04-27,3.6996,3.808,3.6996,3.7588,451,0
2011-04-28,3.7588,3.7588,3.6996,3.7045,963,0
2011-04-29,3.7045,3.808,3.6009,3.7982,456,0
2011-05-02,3.7489,3.818,3.3543,3.7094,10160,0
2011-05-04,3.6009,3.8968,3.5496,3.8653,1140,0
2011-05-05,3.7844,3.9452,3.6236,3.7854,1424,0
2011-05-06,3.6749,3.7854,3.5191,3.7834,145,0
2011-05-10,3.5673,3.6739,3.4085,3.5673,764,0
2011-05-11,3.4637,3.6009,3.2654,3.6009,3748,0
2011-05-12,3.5515,3.6009,3.448,3.6009,632,0
2011-05-13,3.5515,3.6493,3.5515,3.6009,92,0
2011-05-16,3.5515,3.6502,3.448,3.6502,1014,0
2011-05-18,3.5515,3.6039,3.4499,3.6039,50,0
2011-05-19,3.5515,3.6039,3.4499,3.6039,436,0
2011-05-20,3.5515,3.9087,3.4529,3.7499,6795,0
2011-05-23,3.6404,3.8476,3.5901,3.6522,468,0
2011-05-24,3.5605,3.9709,3.5605,3.8604,4903,0
2011-05-25,3.7746,4.0646,3.6946,3.6946,7860,0
2011-05-27,3.6946,3.6996,3.6009,3.6443,507,0
2011-05-30,3.5989,3.6897,3.5989,3.6877,543,0
2011-05-31,3.5979,3.7588,3.5979,3.7588,62,0
2011-06-03,3.6798,3.7676,3.6078,3.7499,62,0
2011-06-06,3.6798,3.7627,3.5901,3.7588,2078,0
2011-06-07,3.667,3.7627,3.4085,3.4085,3145,0
2011-06-08,3.4085,3.4697,3.1846,3.4697,3913,0
2011-06-09,3.4697,3.5535,3.3227,3.5535,418,0
2011-06-10,3.5535,3.5555,3.4016,3.5555,92,0
2011-06-13,3.5555,3.5555,3.4036,3.5033,316,0
2011-06-14,3.5033,3.6068,3.4529,3.6068,608,0
2011-06-15,3.6068,3.6207,3.4539,3.6207,152,0
2011-06-16,3.5319,3.6207,3.3839,3.5417,608,0
2011-06-21,3.4549,3.5515,3.4529,3.5417,137,0
2011-06-22,3.4549,3.5417,3.3513,3.4529,638,0
2011-06-23,3.3691,3.4529,3.226,3.4529,912,0
2011-06-24,3.3691,3.5269,3.2852,3.4391,3091,0
2011-06-27,3.3553,3.4391,3.2162,3.3553,1342,0
2011-06-28,3.3493,3.4332,3.2872,3.3493,598,0
2011-06-29,3.3296,3.4303,3.2556,3.2556,3335,0
2011-06-30,3.3434,3.8278,3.2004,3.3434,15210,0
2011-07-01,3.7341,3.8248,3.5753,3.7341,2077,0
2011-07-05,3.6433,3.7982,3.5545,3.6433,6375,0
2011-07-07,3.5713,3.6611,3.4194,3.5713,636,0
2011-07-11,3.4332,3.4529,3.2724,3.3493,1028,0
2011-07-13,3.2724,3.374,3.152,3.2724,2567,0
2011-07-14,3.3405,3.3405,3.1984,3.2951,354,0
2011-07-15,3.2556,3.3345,3.1638,3.2556,1064,0
2011-07-18,3.2536,3.3345,3.1924,3.2536,431,0
2011-07-21,3.1766,3.4164,3.1766,3.1766,1239,0
2011-07-22,3.3937,3.3937,3.2487,3.3336,316,0
2011-07-25,3.3336,3.4747,3.1914,3.2526,1977,0
2011-07-26,3.4529,3.5367,3.3296,3.3691,852,0
2011-07-27,3.5367,3.5911,3.4135,3.4509,2311,0
2011-07-28,3.5881,3.6739,3.4351,3.5003,852,0
2011-07-29,3.5841,3.7489,3.5811,3.5841,1166,0
2011-08-01,3.6867,3.6867,3.5891,3.6867,578,0
2011-08-02,3.5683,3.6996,3.5219,3.5683,2130,0
2011-08-03,3.6098,3.6956,3.4361,3.4687,2718,0
2011-08-04,3.6059,3.6936,3.4825,3.5181,620,0
2011-08-05,3.4953,3.67,3.3691,3.4953,2381,0
2011-08-08,3.4529,3.4529,3.2062,3.3691,3091,0
2011-08-09,3.157,3.4056,3.1284,3.157,1135,0
2011-08-10,3.4056,3.5289,3.2822,3.3227,304,0
2011-08-11,3.3227,3.5289,3.2822,3.3227,507,0
2011-08-12,3.3977,3.4825,3.3345,3.3977,633,0
2011-08-15,3.3148,3.3977,3.2744,3.3148,30,0
2011-08-22,3.3148,3.5417,3.2536,3.3148,558,0
2011-08-23,3.3957,3.6305,3.3937,3.3957,517,0
2011-08-24,3.4905,3.7193,3.4283,3.4905,8312,0
2011-08-25,3.6009,4.1633,3.4825,3.5131,14452,0
2011-08-26,4.033,4.0449,3.813,3.9354,944,0
2011-08-29,3.9107,3.9354,3.818,3.9354,2547,0
2011-08-30,3.8456,3.9462,3.812,3.8456,1166,0
2011-08-31,3.7518,3.9393,3.7222,3.9344,1014,0
2011-09-02,3.8436,3.8476,3.7292,3.7982,710,0
2011-09-06,3.8436,3.8476,3.6502,3.6502,3117,0
2011-09-08,3.5615,3.6502,3.5269,3.5615,406,0
2011-09-09,3.4747,3.6798,3.4391,3.5625,15,0
2011-09-12,3.4756,3.5625,3.3276,3.4115,4156,0
2011-09-13,3.3691,3.4529,3.2664,3.4115,4562,0
2011-09-14,3.3355,3.4115,3.2882,3.4115,608,0
2011-09-19,3.3691,3.4529,3.3296,3.3691,127,0
2011-09-21,3.3691,3.3691,3.2458,3.3296,202,0
2011-09-27,3.3533,3.4509,3.2458,3.4509,304,0
2011-09-28,3.3671,3.5348,3.3276,3.5348,608,0
2011-09-29,3.4489,3.5348,3.4115,3.5348,3041,0
2011-10-04,3.4145,3.4589,3.4115,3.4489,102,0
2011-10-05,3.3651,3.375,2.9597,3.3256,122,0
2011-10-07,3.3651,3.4529,3.3256,3.4115,2027,0
2011-10-12,3.3691,3.3789,3.226,3.3444,380,0
2011-10-24,3.1766,3.2654,3.0978,3.1806,1989,0
2011-10-25,3.1076,3.3543,3.0978,3.3543,2844,0
2011-10-27,3.3513,3.3543,3.2112,3.2724,456,0
2011-10-28,3.2724,3.4351,3.231,3.4026,507,0
2011-10-31,3.3513,3.4026,3.2793,3.2852,710,0
2011-11-01,3.2053,3.3631,3.1619,3.2852,608,0
2011-11-02,3.2053,3.2852,3.1619,3.2852,507,0
2011-11-03,3.2053,3.4233,3.1452,3.2852,620,0
2011-11-04,3.2053,3.4036,3.2053,3.3651,375,0
2011-11-07,3.2832,3.4431,3.2832,3.4065,1064,0
2011-11-08,3.3592,3.4411,3.2358,3.3592,1673,0
2011-11-09,3.2773,3.5289,3.2358,3.4056,811,0
2011-11-10,3.3572,3.5289,3.2822,3.4115,841,0
2011-11-11,3.3691,3.5339,3.2458,3.4105,785,0
2011-11-14,3.4105,3.5319,3.3543,3.4115,684,0
2011-11-15,3.3691,3.4529,3.2882,3.4115,821,0
2011-11-16,3.374,3.4115,3.2882,3.3691,126,0
2011-11-18,3.297,3.4105,3.1638,3.3671,633,0
2011-11-21,3.3671,3.4825,3.2852,3.4164,648,0
2011-11-22,3.3789,3.5467,3.2724,3.2724,4369,0
2011-11-23,3.1766,3.3937,3.1333,3.3513,507,0
2011-11-24,3.2793,3.374,3.1766,3.3247,3839,0
2011-11-25,3.2458,3.448,3.2014,3.4056,507,0
2011-11-28,3.4056,3.4056,3.2822,3.4056,1926,0
2011-11-29,3.3326,3.5289,3.2822,3.4056,570,0
2011-11-30,3.3326,3.4036,3.2822,3.3849,2435,0
2011-12-01,3.3444,3.5417,3.2408,3.4184,304,0
2011-12-02,3.3345,3.4184,3.2951,3.4184,62,0
2011-12-05,3.3345,3.5081,3.2951,3.5081,1101,0
2011-12-06,3.4322,3.6561,3.4125,3.6009,1271,0
2011-12-07,3.6009,3.8672,3.4322,3.8672,2047,0
2011-12-08,3.7726,3.8772,3.6956,3.8772,2433,0
2011-12-09,3.7785,3.9659,3.741,3.887,1318,0
2011-12-12,3.8406,3.9363,3.741,3.9354,354,0
2011-12-13,3.8376,3.8436,3.7232,3.7459,2535,0
2011-12-14,3.6542,3.6542,3.6226,3.6542,304,0
2011-12-19,3.5615,3.6542,3.5309,3.5309,1835,0
2011-12-21,3.5615,3.6542,3.5309,3.5713,304,0
2011-12-22,3.4855,3.7814,3.448,3.7814,3396,0
2011-12-23,3.5841,3.7814,3.5348,3.7469,811,0
2011-12-27,3.6601,3.665,3.5683,3.6601,411,0
2011-12-28,3.5811,3.5811,3.4233,3.4233,975,0
2011-12-29,3.4263,3.4263,3.3533,3.4263,2078,0
2012-01-02,3.4263,3.4263,3.3533,3.4065,316,0
2012-01-03,3.4164,3.4263,3.3118,3.3345,823,0
2012-01-05,3.3641,3.3641,3.2921,3.3553,620,0
2012-01-06,3.3562,3.6078,3.3345,3.6078,3852,0
2012-01-09,3.6404,3.6502,3.448,3.5615,2134,0
2012-01-10,3.5615,4.1435,3.5615,4.0419,13259,0
2012-01-11,3.9432,4.0449,3.8416,3.9462,5012,0
2012-01-12,3.8594,4.0054,3.7686,3.8061,2749,0
2012-01-13,3.7588,4.0449,3.7489,4.0251,9850,0
2012-01-16,3.9264,4.0399,3.7598,4.0399,943,0
2012-01-17,3.9955,4.0054,3.8496,3.9857,3534,0
2012-01-18,4.035,4.1139,3.82,4.035,1495,0
2012-01-19,4.0399,4.1139,3.8228,4.0547,4836,0
2012-01-20,3.9462,4.0449,3.8968,4.0399,3010,0
2012-01-23,4.035,4.1435,3.9462,4.1425,12962,0
2012-01-24,4.1829,4.331,3.961,4.2816,8233,0
2012-01-25,4.1771,4.2421,4.0547,4.2421,1014,0
2012-01-26,4.1385,4.3408,4.1385,4.2323,3459,0
2012-01-27,4.1287,4.2421,3.8772,3.9955,2866,0
2012-01-30,3.9955,4.0922,3.9216,4.0922,912,0
2012-01-31,3.9926,4.0922,3.9186,3.9926,53,0
2012-02-01,4.0449,4.3448,4.0449,4.3418,2416,0
2012-02-02,4.2363,4.4365,4.1967,4.1967,7294,0
2012-02-03,4.0951,4.4966,4.0941,4.3921,2785,0
2012-02-06,4.2826,4.3862,4.1781,4.2797,2615,0
2012-02-07,4.2421,4.3902,4.1514,4.2421,2845,0
2012-02-08,4.1385,4.4296,4.0893,4.3902,4513,0
2012-02-09,4.2826,4.3902,4.1523,4.3803,231,0
2012-02-10,4.2737,4.3803,4.0449,4.1721,2585,0
2012-02-13,4.0675,4.1721,4.0646,4.1633,507,0
2012-02-14,4.1633,4.3902,4.0616,4.1791,8441,0
2012-02-15,4.0764,4.252,4.0745,4.1495,3368,0
2012-02-16,4.1495,4.1633,3.9718,4.1455,1404,0
2012-02-17,4.0449,4.1465,4.0449,4.1465,140,0
2012-02-20,4.1465,4.1465,3.9294,4.0932,2559,0
2012-02-21,4.0449,4.2323,4.0074,4.1287,1723,0
2012-02-23,4.0281,4.3033,4.0251,4.1929,8375,0
2012-02-24,4.1435,4.3408,4.0429,4.1929,2026,0
2012-02-27,4.1435,4.3606,3.9462,4.254,2888,0
2012-02-28,4.1505,4.254,4.0735,4.2421,377,0
2012-02-29,4.1385,4.2421,4.0616,4.2421,62,0
2012-03-01,4.1435,4.2421,4.0616,4.1445,202,0
2012-03-02,4.0449,4.1633,3.9699,4.1465,62,0
2012-03-05,4.1465,4.2471,4.0251,4.1051,2035,0
2012-03-06,4.0745,4.1051,4.0251,4.0449,3916,0
2012-03-07,4.1051,4.1051,4.0251,4.0459,406,0
2012-03-08,4.0449,4.2441,3.9206,4.2323,8149,0
2012-03-09,4.1337,4.2323,4.0301,4.1435,8563,0
2012-03-12,4.1287,4.1287,3.8702,3.9462,5828,0
2012-03-13,3.8496,3.9462,3.739,3.8496,2484,0
2012-03-14,3.8496,4.0123,3.7794,4.0123,963,0
2012-03-15,3.8496,3.9452,3.6719,3.8514,2666,0
2012-03-16,3.8514,3.8514,3.7489,3.7489,529,0
2012-03-19,3.6996,3.8514,3.6197,3.7094,132,0
2012-03-20,3.7982,3.8228,3.737,3.8228,62,0
2012-03-21,3.818,4.0941,3.7469,4.0941,1768,0
2012-03-26,3.9945,3.9955,3.818,3.8574,4156,0
2012-03-27,3.7982,3.9284,3.666,3.7489,7703,0
2012-03-28,3.7992,3.956,3.7884,3.956,406,0
2012-03-29,3.8594,3.8594,3.7874,3.7904,567,0
2012-03-30,3.8594,3.8594,3.6729,3.7894,972,0
2012-04-02,3.6966,3.7992,3.6966,3.7992,62,0
2012-04-03,3.7982,3.818,3.7489,3.818,127,0
2012-04-05,3.8476,3.8574,3.7765,3.8574,122,0
2012-04-10,3.8476,3.8476,3.7489,3.7982,1014,0
2012-04-11,3.7982,3.8476,3.7489,3.808,96,0
2012-04-13,3.8476,3.887,3.7489,3.887,486,0
2012-04-16,3.8278,3.8772,3.7588,3.8772,1255,0
2012-04-17,3.7982,3.8476,3.5161,3.6887,13676,0
2012-04-19,3.6453,3.7785,3.5773,3.6601,988,0
2012-04-20,3.6502,3.7785,3.6453,3.6453,5170,0
2012-04-25,3.6453,3.6601,3.5683,3.6601,1216,0
2012-04-27,3.6453,3.6502,3.6404,3.6404,62,0
2012-04-30,3.6453,3.6502,3.6404,3.6404,254,0
2012-05-02,3.6404,3.67,3.5723,3.6029,507,0
2012-05-03,3.67,3.8604,3.5555,3.8604,5170,0
2012-05-07,3.7982,4.3902,3.7834,3.9462,12830,0
2012-05-08,3.8476,4.0419,3.7982,3.7982,3294,0
2012-05-09,3.89,3.89,3.7834,3.7982,2027,0
2012-05-11,3.7094,4.0054,3.7055,4.0054,3243,0
2012-05-14,4.1435,4.1533,4.0143,4.0449,3832,0
2012-05-15,3.9462,4.1435,3.9462,4.0429,1267,0
2012-05-18,4.0449,4.0449,3.8238,3.956,2771,0
2012-05-21,3.9659,4.0449,3.8288,3.961,3992,0
2012-05-22,4.0449,4.0449,3.8406,3.9669,3,0
2012-05-23,4.0449,4.0449,3.8446,4.0251,1662,0
2012-05-25,4.0449,4.0449,3.9304,4.0449,1267,0
2012-06-04,4.0941,4.0941,3.7982,3.8476,5480,0
2012-06-05,3.89,4.0843,3.7982,3.9264,3065,0
2012-06-07,3.9264,4.0222,3.8968,3.956,62,0
2012-06-12,3.9462,4.0222,3.9462,3.9462,543,0
2012-06-13,3.9264,4.0449,3.9264,4.0054,1267,0
2012-06-14,3.9955,4.0222,3.8968,3.9955,1014,0
2012-06-18,4.0222,4.0222,3.9216,3.9955,873,0
2012-06-20,4.0222,4.2688,3.9264,4.2688,1014,0
2012-06-21,3.9955,4.2125,3.9264,4.2125,2204,0
2012-06-22,3.9945,4.0646,3.9945,4.0646,595,0
2012-06-25,4.0449,4.0449,4.0449,4.0449,33,0
2012-06-26,4.0449,4.0547,4.0449,4.0449,2598,0
2012-06-27,4.0449,4.0547,4.0449,4.0449,102,0
2012-07-02,4.0449,4.2471,4.0429,4.0429,4612,0
2012-07-03,4.0449,4.0449,3.7765,3.965,662,0
2012-07-04,4.0449,4.2412,4.0399,4.2412,3979,0
2012-07-05,4.1375,4.2421,3.9206,4.1385,6614,0
2012-07-06,4.0449,4.2392,3.9659,4.2392,152,0
2012-07-09,4.1357,4.1357,4.0488,4.1357,2535,0
2012-07-10,4.1357,4.1445,3.965,4.1445,33,0
2012-07-11,4.1445,4.2323,4.0527,4.1435,1014,0
2012-07-12,4.1445,4.1533,4.1435,4.1533,202,0
2012-07-13,4.1445,4.2421,4.1435,4.1929,2027,0
2012-07-16,4.1445,4.1445,4.1435,4.1435,1257,0
2012-07-17,4.1435,4.7611,4.1435,4.4394,53920,0
2012-07-18,4.4394,4.7355,4.4394,4.7255,46903,0
2012-07-19,4.6072,4.7453,4.5874,4.5973,5626,0
2012-07-20,4.6102,4.7255,4.3921,4.5874,7989,0
2012-07-23,4.6102,4.6102,4.3921,4.4986,4054,0
2012-07-24,4.4888,4.6664,4.3902,4.6664,424,0
2012-07-25,4.5578,4.6841,4.4494,4.6368,354,0
2012-07-26,4.5578,4.5578,4.4494,4.5578,3335,0
2012-07-27,4.5578,4.5973,4.4494,4.5874,1521,0
2012-07-30,4.5578,4.7749,4.476,4.7749,6736,0
2012-07-31,4.7749,4.7847,4.5214,4.7265,7999,0
2012-08-01,4.7265,4.9327,4.6664,4.8677,4490,0
2012-08-02,4.913,4.913,4.6605,4.8301,3473,0
2012-08-03,4.8065,4.9722,4.624,4.8677,7631,0
2012-08-06,4.9327,5.0314,4.7355,4.8785,4652,0
2012-08-07,4.7157,4.9821,4.6664,4.9377,5980,0
2012-08-08,4.9377,5.0856,4.8341,5.0856,18549,0
2012-08-09,5.0412,5.3175,5.0314,5.0344,27635,0
2012-08-10,5.1538,5.209,4.916,5.1162,5273,0
2012-08-13,5.1596,5.1596,4.9732,5.0492,2812,0
2012-08-14,5.0492,5.061,4.8341,4.987,2109,0
2012-08-15,4.913,5.0314,4.8539,5.0264,3598,0
2012-08-16,4.9821,5.0264,4.8529,4.9574,6479,0
2012-08-17,4.7937,5.1982,4.7937,5.0758,11803,0
2012-08-20,4.9179,5.13,4.7947,4.99,14087,0
2012-08-21,4.8893,5.0364,4.8893,5.0364,5575,0
2012-08-22,4.8893,5.13,4.8893,5.0808,6994,0
2012-08-23,5.0314,5.0808,4.9525,5.0758,5270,0
2012-08-24,4.9327,5.0758,4.9327,5.0216,1076,0
2012-08-27,4.9426,5.0216,4.9426,4.987,406,0
2012-08-28,4.9426,4.987,4.9426,4.987,659,0
2012-08-29,4.9426,4.9574,4.9327,4.9574,5760,0
2012-08-30,4.8439,4.9574,4.8439,4.9377,1257,0
2012-08-31,4.8439,5.0314,4.8439,4.9811,6371,0
2012-09-03,4.9811,5.0808,4.7799,4.8982,4245,0
2012-09-04,4.8982,4.9752,4.8341,4.9752,304,0
2012-09-05,4.8341,4.9515,4.7157,4.9179,3406,0
2012-09-06,4.8834,4.9683,4.8834,4.9683,1135,0
2012-09-10,4.987,5.0018,4.8834,5.0018,83,0
2012-09-11,5.0018,5.0018,4.8341,4.9919,2371,0
2012-09-12,4.9919,4.9919,4.8123,4.9525,10742,0
2012-09-13,4.8834,4.9584,4.8834,4.9584,1774,0
2012-09-14,4.9584,5.0117,4.8933,5.0117,1307,0
2012-09-17,5.0728,5.0728,4.9426,5.0412,1158,0
2012-09-18,5.0412,5.0412,4.9919,5.0264,3193,0
2012-09-19,5.0264,5.0304,4.9327,4.9969,760,0
2012-09-20,4.9623,4.9969,4.8834,4.9969,102,0
2012-09-24,4.9623,5.0808,4.9327,5.0264,1685,0
2012-09-25,4.9623,5.0906,4.9249,4.9249,2483,0
2012-09-26,4.9623,5.0836,4.9623,5.0412,152,0
2012-09-27,5.0412,5.0412,4.9623,4.9969,1926,0
2012-09-28,4.9969,5.13,4.913,5.0758,3224,0
2012-10-01,5.13,5.1892,4.913,5.134,1723,0
2012-10-02,5.1004,5.5247,5.0808,5.4043,10960,0
2012-10-03,5.4043,5.502,5.278,5.502,406,0
2012-10-04,5.4457,5.6233,5.2731,5.6233,3503,0
2012-10-05,5.4862,5.7122,5.3659,5.65,16612,0
2012-10-08,5.4575,5.722,5.4575,5.6283,3720,0
2012-10-09,5.5533,5.6924,5.4261,5.6075,6050,0
2012-10-10,5.4359,5.7122,5.3313,5.648,4317,0
2012-10-11,5.573,5.722,5.4073,5.6529,1622,0
2012-10-12,5.5829,5.7122,5.4123,5.5325,2560,0
2012-10-15,5.5325,5.6924,5.3491,5.6312,3113,0
2012-10-16,5.6312,5.722,5.6233,5.6826,6021,0
2012-10-17,5.722,5.722,5.4409,5.7072,1266,0
2012-10-18,5.7072,6.1659,5.6924,6.0427,16890,0
2012-10-19,5.939,6.304,5.939,6.1265,8694,0
2012-10-22,6.2725,6.3336,6.0179,6.0919,7201,0
2012-10-23,6.0919,6.1561,5.9193,6.0623,1926,0
2012-10-24,6.0623,6.1571,5.9292,6.0209,6689,0
2012-10-25,5.9252,6.0633,5.8305,6.0012,2970,0
2012-10-26,5.9489,6.0012,5.8206,5.8325,3621,0
2012-10-29,5.9686,6.1649,5.9459,6.0811,2635,0
2012-10-30,6.0061,6.1067,5.9193,6.0377,1977,0
2012-10-31,5.9578,6.0377,5.9163,5.9232,688,0
2012-11-01,5.7812,6.0575,5.7812,5.9765,162,0
2012-11-05,5.9765,6.1166,5.8305,6.0427,6487,0
2012-11-06,5.9686,6.1137,5.7772,5.9568,5140,0
2012-11-07,5.9292,5.9568,5.9025,5.9292,1318,0
2012-11-08,5.8098,6.0731,5.7842,6.0209,1368,0
2012-11-09,5.9252,6.1166,5.9006,6.0673,40,0
2012-11-12,6.0731,6.1166,5.9006,6.0377,6639,0
2012-11-13,6.0377,6.0377,5.8394,5.941,2230,0
2012-11-14,5.941,6.0673,5.8138,5.9203,1521,0
2012-11-15,5.9203,5.9489,5.8226,5.9114,1067,0
2012-11-16,5.9114,5.9449,5.2889,5.4181,15938,0
2012-11-19,5.5247,5.9193,5.4289,5.6974,4701,0
2012-11-20,5.6233,5.6974,5.5247,5.5839,811,0
2012-11-21,5.5247,5.5839,5.3817,5.4951,4966,0
2012-11-22,5.3421,5.7752,5.3421,5.722,1825,0
2012-11-23,5.643,5.9094,5.6233,5.8009,1642,0
2012-11-26,5.8009,5.8572,5.6233,5.8572,2230,0
2012-11-27,5.8206,6.0179,5.8108,5.8917,9437,0
2012-11-28,5.9726,6.0179,5.8266,5.9469,1084,0
2012-11-29,6.0179,6.1067,5.871,6.0179,2605,0
2012-11-30,6.0179,6.1373,5.7714,5.8374,15066,0
2012-12-03,5.9094,5.9094,5.4911,5.8522,6716,0
2012-12-04,5.8009,5.943,5.8009,5.87,5916,0
2012-12-05,5.8206,5.87,5.6075,5.7476,2204,0
2012-12-06,5.6273,5.7476,5.6233,5.6736,1916,0
2012-12-07,5.6736,5.8266,5.6243,5.8266,1571,0
2012-12-10,5.8266,6.1659,5.649,6.0417,6417,0
2012-12-11,6.0417,6.1659,5.871,6.0909,2324,0
2012-12-12,6.0159,6.1659,5.9696,6.0663,5575,0
2012-12-13,6.0663,6.1067,5.9578,6.0919,3155,0
2012-12-14,6.0673,6.1462,5.9193,6.0417,5621,0
2012-12-17,6.1067,6.1137,5.8226,6.0269,1873,0
2012-12-18,5.8226,6.1166,5.8226,6.0179,2535,0
2012-12-19,5.9213,6.2153,5.9193,6.1353,5122,0
2012-12-20,6.0545,6.1857,6.0327,6.0377,1444,0
2012-12-21,5.8907,6.0377,5.8305,5.8966,329,0
2012-12-27,6.1166,6.2153,5.8907,6.1295,3648,0
2012-12-28,6.2143,6.2143,5.87,6.0081,2027,0
2013-01-02,6.1295,6.5783,6.0909,6.2695,4704,0
2013-01-03,6.2695,6.4126,6.1265,6.3346,8819,0
2013-01-04,6.2557,6.4028,6.2557,6.388,1247,0
2013-01-07,6.452,6.4905,6.2942,6.3732,3274,0
2013-01-08,6.3732,6.5112,6.16,6.4323,8049,0
2013-01-09,6.3524,6.6099,6.3426,6.5053,13345,0
2013-01-10,6.4008,6.6099,6.2449,6.3928,6003,0
2013-01-11,6.3928,6.6592,6.237,6.5852,4626,0
2013-01-14,6.6493,6.6493,6.4175,6.5605,50,0
2013-01-15,6.4876,6.9552,6.449,6.7085,26977,0
2013-01-16,6.8664,6.8664,6.526,6.6641,1536,0
2013-01-17,6.8072,6.9009,6.526,6.819,7969,0
2013-01-18,6.7323,6.9354,6.5684,6.8496,5863,0
2013-01-21,6.8496,7.0036,6.7243,6.9167,2687,0
2013-01-22,6.9167,7.0045,6.8239,6.9058,3216,0
2013-01-23,6.9058,7.044,6.7677,6.9187,2149,0
2013-01-24,6.8329,7.0045,6.7924,6.9305,2199,0
2013-01-25,6.9946,7.0942,6.8239,6.9058,2533,0
2013-01-28,6.9305,7.0538,6.8861,6.9946,1997,0
2013-01-29,6.8861,6.9305,6.7628,6.8072,3490,0
2013-01-30,6.9157,6.9157,6.7085,6.8565,664,0
2013-01-31,6.8565,6.8565,6.6375,6.8358,1591,0
2013-02-01,6.8565,6.9552,6.5112,6.6099,2026,0
2013-02-04,6.8417,6.8417,6.5162,6.6592,1825,0
2013-02-05,6.7085,6.8417,6.6888,6.7085,558,0
2013-02-06,6.8417,6.8417,6.7085,6.8072,50,0
2013-02-07,6.7085,6.8417,6.3139,6.6395,22026,0
2013-02-08,6.5605,6.6573,6.4008,6.6395,5105,0
2013-02-11,6.4777,6.6296,6.4126,6.5734,2024,0
2013-02-12,6.3524,7.1722,6.3524,6.9976,13446,0
2013-02-13,6.8368,7.1238,6.8368,7.1032,6978,0
2013-02-14,7.0045,7.1032,6.9157,7.0834,3654,0
2013-02-15,7.0045,7.1032,6.9177,7.0736,1540,0
2013-02-18,7.0834,7.0913,6.9266,7.0637,2805,0
2013-02-19,6.9266,7.1032,6.9266,7.1032,1926,0
2013-02-20,6.9206,7.1022,6.9206,7.0904,1559,0
2013-02-21,6.9206,7.0904,6.8378,6.8565,5994,0
2013-02-22,6.8378,7.0538,6.8378,7.044,112,0
2013-02-25,7.0045,7.0538,6.8565,6.9552,2107,0
2013-02-26,7.0538,7.0538,6.8269,6.9552,5408,0
2013-02-27,6.8171,7.0538,6.8171,6.9157,332,0
2013-02-28,7.0538,7.0538,6.8181,6.8595,3048,0
2013-03-01,6.8595,7.2018,6.8595,7.0045,18458,0
2013-03-04,7.0262,7.0538,6.9058,7.0045,2293,0
2013-03-05,6.9157,7.0933,6.9157,7.0933,3294,0
2013-03-06,6.8467,7.1032,6.8467,7.1032,7167,0
2013-03-07,7.0538,7.0933,6.9286,7.0933,2254,0
2013-03-08,7.0538,7.5954,6.9364,7.4978,29892,0
2013-03-11,7.3153,7.695,7.3015,7.695,15977,0
2013-03-12,7.5609,7.7938,7.5076,7.7839,18397,0
2013-03-13,7.6092,7.7938,7.5195,7.6852,3602,0
2013-03-14,7.4978,7.7938,7.4978,7.7938,6748,0
2013-03-15,7.5846,7.7938,7.5846,7.774,5534,0
2013-03-18,7.6852,7.7938,7.6852,7.6852,3257,0
2013-03-19,7.4978,7.7938,7.4978,7.7632,514,0
2013-03-20,7.5738,7.7938,7.5738,7.7938,2100,0
2013-03-21,7.774,7.8431,7.633,7.6458,20102,0
2013-03-22,7.774,7.774,7.5076,7.7444,1161,0
2013-03-25,7.7938,7.7938,7.4978,7.5086,3943,0
2013-03-26,7.6912,7.6912,7.5195,7.5195,5,0
2013-03-27,7.6912,7.695,7.2087,7.2906,4480,0
2013-03-28,7.113,7.6596,7.113,7.6596,6300,0
2013-04-02,7.4682,7.8717,7.3349,7.5984,2704,0
2013-04-03,7.6063,7.774,7.5096,7.6458,3938,0
2013-04-04,7.5984,7.695,7.3991,7.6192,3168,0
2013-04-05,7.4603,7.6458,7.4603,7.6458,2597,0
2013-04-08,7.3991,7.8431,7.3991,7.7642,3599,0
2013-04-09,7.5747,8.0384,7.557,8.0384,1566,0
2013-04-10,8.0384,8.0384,7.7414,7.9811,3865,0
2013-04-11,7.7868,8.0897,7.7868,7.9911,4361,0
2013-04-12,7.7957,8.0897,7.7957,8.0897,6808,0
2013-04-15,7.8953,8.0699,7.8943,7.8953,102,0
2013-04-16,7.8953,8.1884,7.8914,8.1676,8314,0
2013-04-17,7.9683,8.1884,7.7977,8.1489,5168,0
2013-04-18,7.9683,8.0403,7.7592,7.9151,2936,0
2013-04-19,7.9683,8.1884,7.8943,8.1884,1419,0
2013-04-22,7.9683,8.7704,7.9437,8.3866,24885,0
2013-04-23,8.365,8.6521,8.355,8.3886,4811,0
2013-04-24,8.4024,8.582,8.4014,8.582,2137,0
2013-04-25,8.4024,8.6323,8.4024,8.4024,3784,0
2013-04-26,8.4182,8.6817,8.4182,8.6787,6856,0
2013-04-29,8.6807,8.7309,8.5149,8.7013,5628,0
2013-04-30,8.5899,8.7605,8.5829,8.7201,9811,0
2013-05-02,8.6817,8.7605,8.4616,8.6323,4478,0
2013-05-03,8.8296,9.1522,8.4616,8.7013,3532,0
2013-05-06,8.4705,9.096,8.4695,8.7113,2737,0
2013-05-07,8.5376,8.879,8.5376,8.879,5204,0
2013-05-08,8.6787,9.3623,8.5859,9.1651,12352,0
2013-05-09,8.9124,9.1345,8.9115,9.027,397,0
2013-05-10,8.9292,9.2243,8.9292,9.0338,4396,0
2013-05-13,9.3209,9.3209,9.094,9.096,3229,0
2013-05-14,8.879,9.3229,8.87,9.3229,5767,0
2013-05-15,9.094,9.3722,9.0792,9.2243,4342,0
2013-05-16,9.094,9.2243,8.9282,9.0565,8595,0
2013-05-17,8.944,9.2243,8.943,9.1995,669,0
2013-05-20,9.2035,9.2243,8.9578,9.1995,2107,0
2013-05-21,9.094,9.3337,8.8898,9.1058,2023,0
2013-05-22,9.1749,9.2735,9.0762,9.0762,7855,0
2013-05-23,9.1295,9.1749,8.7704,8.9578,9547,0
2013-05-24,8.8552,9.2735,8.2968,8.2968,14116,0
2013-05-27,8.4981,8.6077,8.0423,8.6027,21195,0
2013-05-28,8.4981,8.9282,8.3936,8.6817,6244,0
2013-05-29,8.6087,8.879,8.6087,8.8296,4448,0
2013-05-30,8.9036,9.0368,8.6323,9.0368,6844,0
2013-05-31,8.9638,9.1651,8.879,9.0456,19709,0
2013-06-03,8.9292,9.2243,8.9144,9.2243,8657,0
2013-06-04,9.1749,9.2637,9.0022,9.2243,5932,0
2013-06-05,9.1512,9.2637,9.092,9.1058,5809,0
2013-06-06,9.0328,9.2539,9.0328,9.1749,1338,0
2013-06-07,9.1019,9.3131,9.1019,9.3131,4933,0
2013-06-10,9.2401,9.619,9.1857,9.4314,10693,0
2013-06-11,9.314,9.386,9.0762,9.1651,9796,0
2013-06-12,9.2391,9.2735,9.1651,9.2243,3902,0
2013-06-13,9.166,9.3722,9.0299,9.2291,9503,0
2013-06-14,9.2371,9.737,9.2371,9.737,6261,0
2013-06-17,9.568,9.669,9.471,9.668,24628,0
2013-06-18,9.594,9.826,9.594,9.767,23994,0
2013-06-19,9.84,10.26,9.767,10.26,39961,0
2013-06-20,10.251,10.26,9.965,10.161,33253,0
2013-06-21,10.088,10.26,9.885,10.043,13504,0
2013-06-24,9.865,10.033,8.9382,9.2341,52206,0
2013-06-25,9.1611,9.669,6.4816,9.4461,27899,0
2013-06-26,9.3732,9.979,9.3732,9.979,18141,0
2013-06-27,9.832,10.457,9.832,10.456,24205,0
2013-06-28,10.384,10.645,9.965,10.112,19544,0
2013-07-01,10.186,10.334,9.969,10.093,9062,0
2013-07-02,10.018,10.26,9.93,10.093,6635,0
2013-07-03,10.093,10.26,10.043,10.26,15887,0
2013-07-04,10.166,10.26,10.098,10.201,3061,0
2013-07-05,10.023,10.211,10.023,10.211,4414,0
2013-07-08,10.259,10.26,10.103,10.26,4539,0
2013-07-09,10.186,10.26,10.108,10.26,4148,0
2013-07-10,10.141,10.359,10.013,10.191,3881,0
2013-07-11,10.211,10.309,10.063,10.063,5230,0
2013-07-12,9.988,10.334,9.988,10.136,3537,0
2013-07-15,10.211,10.26,9.875,9.875,20957,0
2013-07-16,9.841,10.112,9.84,10.028,7859,0
2013-07-17,10.063,10.161,9.767,9.965,3819,0
2013-07-18,9.988,10.003,9.767,9.768,3164,0
2013-07-19,9.768,9.965,9.718,9.859,1207,0
2013-07-22,9.965,9.965,9.569,9.717,5621,0
2013-07-23,9.645,9.791,9.471,9.471,4470,0
2013-07-24,9.3979,9.766,9.3979,9.692,4329,0
2013-07-25,9.62,9.767,9.62,9.767,2397,0
2013-07-26,9.692,9.787,9.621,9.787,1794,0
2013-07-29,9.713,9.767,9.545,9.619,12577,0
2013-07-30,9.55,10.088,9.55,10.013,13446,0
2013-07-31,10.088,10.26,10.013,10.26,6728,0
2013-08-01,10.236,10.359,10.073,10.309,9190,0
2013-08-02,10.186,10.595,10.161,10.507,17538,0
2013-08-05,10.507,10.571,10.359,10.571,1397,0
2013-08-06,10.408,10.556,9.87,9.885,9757,0
2013-08-07,10.216,10.216,9.82,9.855,3405,0
2013-08-08,9.925,10.063,9.767,9.89,11668,0
2013-08-09,9.818,10.058,9.521,9.707,11755,0
2013-08-12,9.708,10.26,9.614,10.088,19827,0
2013-08-13,10.26,10.26,10.013,10.161,1247,0
2013-08-14,10.26,10.26,10.063,10.088,5370,0
2013-08-15,10.088,10.704,9.935,10.704,43953,0
2013-08-16,10.595,10.753,10.428,10.665,5706,0
2013-08-19,10.704,10.704,10.447,10.625,5198,0
2013-08-20,10.522,10.753,10.384,10.615,13012,0
2013-08-21,10.753,10.852,10.556,10.813,13000,0
2013-08-22,10.753,10.842,10.63,10.803,7117,0
2013-08-23,10.768,10.842,10.62,10.842,5218,0
2013-08-26,10.768,10.852,10.694,10.852,4303,0
2013-08-27,10.832,10.852,10.459,10.459,13797,0
2013-08-28,10.556,10.556,10.028,10.211,17270,0
2013-08-29,10.211,10.847,10.176,10.532,16208,0
2013-08-30,10.675,10.675,10.26,10.26,2483,0
2013-09-02,10.26,10.595,10.211,10.595,6278,0
2013-09-03,10.457,10.753,10.369,10.369,6743,0
2013-09-04,10.369,10.729,10.369,10.665,2698,0
2013-09-05,10.457,10.724,10.433,10.433,2239,0
2013-09-06,10.753,10.753,10.457,10.462,22519,0
2013-09-09,10.309,10.675,10.28,10.556,5910,0
2013-09-10,10.65,10.675,10.364,10.364,3132,0
2013-09-11,10.65,10.65,10.364,10.507,6203,0
2013-09-12,10.433,10.551,10.359,10.359,2190,0
2013-09-13,10.359,10.433,10.191,10.284,10558,0
2013-09-16,10.359,10.556,10.294,10.369,3322,0
2013-09-17,10.374,10.655,10.369,10.442,5239,0
2013-09-18,10.442,10.585,10.28,10.309,6073,0
2013-09-19,10.457,10.98,10.299,10.901,19170,0
2013-09-20,10.901,10.946,10.556,10.798,16994,0
2013-09-23,10.753,10.798,10.605,10.655,1426,0
2013-09-24,10.65,10.798,10.472,10.65,212,0
2013-09-25,10.65,10.832,10.65,10.783,4371,0
2013-09-26,10.724,10.951,10.724,10.946,4074,0
2013-09-27,10.951,11.049,10.872,11.02,6164,0
2013-09-30,11.049,11.049,10.803,10.803,5235,0
2013-10-01,10.729,11.099,10.714,11.025,15450,0
2013-10-02,11.03,11.247,11.03,11.158,6793,0
2013-10-03,11.148,11.247,11.148,11.148,691,0
2013-10-04,11.148,11.345,11.148,11.296,6989,0
2013-10-07,11.345,11.345,11.049,11.153,6724,0
2013-10-08,11.148,11.291,10.931,11.212,4874,0
2013-10-09,11.212,11.296,11.104,11.128,3522,0
2013-10-10,11.133,11.35,11.133,11.202,4415,0
2013-10-11,11.345,11.345,11.099,11.133,5292,0
2013-10-14,11.212,11.385,11.064,11.345,4128,0
2013-10-15,11.345,11.414,11.148,11.197,5925,0
2013-10-16,11.197,11.39,11.099,11.148,6041,0
2013-10-17,11.025,11.247,11.025,11.247,3223,0
2013-10-18,11.247,11.321,11.148,11.173,5366,0
2013-10-21,11.099,11.395,11.049,11.395,7401,0
2013-10-22,11.395,11.444,11.197,11.197,5024,0
2013-10-23,11.247,11.444,11.197,11.419,4024,0
2013-10-24,11.345,11.493,11.276,11.369,3502,0
2013-10-25,11.419,11.419,10.98,11.054,7918,0
2013-10-28,11.02,11.173,11.02,11.099,2488,0
2013-10-29,11.025,11.187,9.798,10.048,62446,0
2013-10-30,9.692,10.132,9.687,9.965,16561,0
2013-10-31,9.89,10.103,9.738,9.738,11121,0
2013-11-01,9.747,10.112,9.644,10.112,10868,0
2013-11-04,10.053,10.26,9.988,10.236,8033,0
2013-11-05,10.161,10.26,10.088,10.093,3271,0
2013-11-06,10.112,10.161,9.649,9.67,10786,0
2013-11-07,9.629,9.717,9.1749,9.2993,49693,0
2013-11-08,9.3821,9.71,9.3456,9.613,8187,0
2013-11-11,9.614,10.161,9.4235,9.865,11586,0
2013-11-12,9.865,10.211,9.817,9.849,13584,0
2013-11-13,9.849,10.028,9.743,9.89,3394,0
2013-11-14,9.865,9.895,9.594,9.817,7151,0
2013-11-15,9.885,9.885,9.717,9.717,3345,0
2013-11-18,9.521,9.742,9.521,9.717,13750,0
2013-11-19,9.62,9.816,9.61,9.654,5851,0
2013-11-20,9.521,9.965,9.521,9.797,5919,0
2013-11-21,9.782,9.96,9.717,9.865,7662,0
2013-11-22,9.685,9.96,9.685,9.718,7193,0
2013-11-25,9.782,9.915,9.717,9.757,7254,0
2013-11-26,9.66,9.965,9.601,9.791,2599,0
2013-11-27,9.767,9.915,9.59,9.865,5719,0
2013-11-28,9.778,10.201,9.778,10.201,4162,0
2013-11-29,10.191,10.349,9.4759,9.998,35721,0
2013-12-02,9.756,10.241,9.756,9.965,5692,0
2013-12-03,9.771,10.241,9.771,9.87,5425,0
2013-12-04,10.112,10.112,9.569,9.915,6390,0
2013-12-05,9.55,9.875,9.2597,9.2647,12309,0
2013-12-06,9.619,10.093,9.4215,9.718,11523,0
2013-12-09,9.626,9.96,9.592,9.96,3123,0
2013-12-10,9.717,9.96,9.717,9.759,6510,0
2013-12-11,9.6,9.945,9.6,9.833,2159,0
2013-12-12,9.6,9.945,9.6,9.609,2378,0
2013-12-13,9.6,9.945,9.6,9.767,1821,0
2013-12-16,9.945,9.945,9.6,9.727,5501,0
2013-12-17,9.6,9.945,9.6,9.769,1828,0
2013-12-18,9.6,9.965,9.6,9.85,7368,0
2013-12-19,9.788,10.055,9.788,10.055,6419,0
2013-12-20,9.817,10.008,9.679,9.679,14550,0
2013-12-23,9.807,9.807,9.543,9.579,7706,0
2013-12-27,9.679,9.865,9.669,9.687,3998,0
2013-12-30,9.679,9.865,9.59,9.865,3896,0
2014-01-02,9.833,10.304,9.67,10.108,6761,0
2014-01-03,10.108,10.359,10.053,10.359,3714,0
2014-01-06,10.359,10.859,10.108,10.409,4472,0
2014-01-07,10.408,11.326,10.408,10.99,21265,0
2014-01-08,10.823,11.217,10.655,11.173,4216,0
2014-01-09,10.901,11.266,10.862,11.197,11245,0
2014-01-10,10.926,11.266,10.926,11.049,1367,0
2014-01-13,11.049,11.266,10.753,10.852,6876,0
2014-01-14,10.995,11.138,10.995,11.005,3243,0
2014-01-15,11.074,11.395,10.738,11.148,28331,0
2014-01-16,11.074,11.296,10.877,11.286,10682,0
2014-01-17,11.074,11.266,11.01,11.168,2295,0
2014-01-20,11.113,11.197,10.808,11.074,5431,0
2014-01-21,11.113,11.247,10.668,10.668,5828,0
2014-01-22,11.113,11.113,10.398,10.655,8707,0
2014-01-23,10.66,10.803,10.418,10.6,5087,0
2014-01-24,10.472,10.699,10.398,10.694,6949,0
2014-01-27,10.66,10.66,10.112,10.112,6913,0
2014-01-28,10.566,10.655,10.103,10.457,6853,0
2014-01-29,10.566,10.655,10.206,10.457,3800,0
2014-01-30,10.206,10.566,10.206,10.437,3710,0
2014-01-31,10.186,10.566,10.028,10.457,10430,0
2014-02-03,10.566,10.566,10.206,10.556,4506,0
2014-02-04,10.226,10.566,10.226,10.512,3864,0
2014-02-05,10.566,10.566,10.255,10.556,3333,0
2014-02-06,10.299,10.531,10.299,10.369,1206,0
2014-02-07,10.299,10.551,10.117,10.517,730,0
2014-02-10,10.374,10.556,10.127,10.384,1729,0
2014-02-11,10.374,10.502,10.132,10.502,2261,0
2014-02-12,10.374,10.605,10.246,10.437,4925,0
2014-02-13,10.299,10.655,10.186,10.655,2488,0
2014-02-14,10.398,10.941,10.398,10.63,10282,0
2014-02-17,10.374,10.753,9.767,10.112,24669,0
2014-02-18,9.915,10.339,9.915,10.339,7919,0
2014-02-19,10.043,10.196,9.979,10.118,4679,0
2014-02-20,10.127,10.314,9.983,10.063,7728,0
2014-02-21,9.983,10.159,9.819,10.159,885,0
2014-02-24,9.91,10.156,9.909,10.156,1285,0
2014-02-25,9.91,10.018,9.91,10.002,3118,0
2014-02-26,10.018,10.158,9.722,9.9,167,0
2014-02-27,10.063,10.26,9.905,10.013,1872,0
2014-02-28,10.013,10.255,9.751,10.013,3715,0
2014-03-03,10.013,10.206,9.697,9.717,2950,0
2014-03-04,9.696,10.211,9.4868,9.96,16544,0
2014-03-05,10.161,10.166,9.674,9.675,22434,0
2014-03-06,9.684,10.098,9.684,9.818,890,0
2014-03-07,9.819,10.151,9.819,9.915,5089,0
2014-03-10,9.819,10.408,9.819,10.161,10956,0
2014-03-11,10.156,10.299,9.875,9.875,1810,0
2014-03-12,9.875,10.359,9.875,10.018,4760,0
2014-03-13,10.018,10.408,9.885,9.887,13653,0
2014-03-14,10.108,10.655,9.67,9.915,25213,0
2014-03-17,9.92,10.206,9.865,9.865,1262,0
2014-03-18,9.819,10.161,9.819,9.915,436,0
2014-03-19,9.915,10.181,9.915,9.925,1074,0
2014-03-20,9.823,10.241,9.823,9.93,4222,0
2014-03-21,9.91,10.181,9.909,9.909,5408,0
2014-03-24,9.905,10.181,9.861,9.861,1866,0
2014-03-25,9.861,9.983,9.709,9.895,3695,0
2014-03-26,9.895,10.146,9.62,9.629,10879,0
2014-03-27,9.62,9.965,9.619,9.683,11375,0
2014-03-28,9.62,9.955,9.62,9.845,10818,0
2014-03-31,9.63,9.965,9.63,9.865,1716,0
2014-04-01,9.722,10.26,9.722,9.974,7237,0
2014-04-02,9.945,10.191,9.94,9.94,225,0
2014-04-03,9.945,10.186,9.679,9.679,2556,0
2014-04-04,9.679,10.201,9.679,9.983,1137,0
2014-04-07,9.955,10.166,9.779,9.885,2027,0
2014-04-08,9.78,10.073,9.78,9.865,710,0
2014-04-09,9.77,10.734,9.77,10.354,16366,0
2014-04-10,10.359,11.005,10.359,10.585,9727,0
2014-04-11,10.59,11,10.319,10.319,3193,0
2014-04-14,10.299,10.813,10.008,10.028,3815,0
2014-04-15,10.013,10.512,9.915,10.063,5229,0
2014-04-16,9.915,10.196,9.833,9.833,800,0
2014-04-17,9.833,10.403,9.833,10.161,4192,0
2014-04-22,10.151,10.329,10.028,10.127,1611,0
2014-04-23,10.033,10.556,10.033,10.309,2908,0
2014-04-24,10.309,10.581,10.023,10.063,3669,0
2014-04-25,10.013,10.403,10.013,10.151,296,0
2014-04-28,10.151,10.359,9.865,9.865,2918,0
2014-04-29,9.865,10.309,9.865,9.915,4209,0
2014-04-30,9.915,10.309,9.915,10.078,4635,0
2014-05-02,9.915,10.309,9.915,9.983,1006,0
2014-05-05,9.988,10.211,9.935,9.935,1085,0
2014-05-06,9.94,10.211,9.94,9.965,3521,0
2014-05-07,9.965,10.327,9.965,10.003,3419,0
2014-05-08,9.998,10.437,9.998,10.181,2178,0
2014-05-09,10.186,10.408,10.136,10.161,4394,0
2014-05-12,10.141,10.546,10.139,10.211,2044,0
2014-05-13,10.156,10.704,10.156,10.339,8669,0
2014-05-14,10.374,10.852,10.374,10.374,1931,0
2014-05-15,10.299,10.507,10.299,10.379,1622,0
2014-05-16,10.171,10.437,10.171,10.211,102,0
2014-05-19,10.171,10.615,10.171,10.211,1885,0
2014-05-20,10.161,10.724,10.161,10.462,6501,0
2014-05-21,10.462,10.724,10.289,10.299,6109,0
2014-05-22,10.289,10.729,10.289,10.418,254,0
2014-05-23,10.418,10.655,10.394,10.394,2655,0
2014-05-26,10.398,10.61,8.3856,8.7921,79549,0
2014-05-27,8.879,8.879,8.3758,8.4054,12617,0
2014-05-28,8.3402,8.7556,8.3402,8.3827,8876,0
2014-05-29,8.3827,8.7556,8.3068,8.3068,3741,0
2014-05-30,8.2792,8.6895,8.2386,8.3284,9720,0
2014-06-02,8.3294,8.6323,8.3294,8.4212,10577,0
2014-06-03,8.4202,8.6125,8.4202,8.4843,456,0
2014-06-04,8.4034,8.6717,8.4034,8.4843,11204,0
2014-06-05,8.4606,8.6323,8.4606,8.4843,1561,0
2014-06-06,8.3422,8.6333,8.3422,8.6333,10933,0
2014-06-09,8.4212,8.6363,8.366,8.366,3255,0
2014-06-10,8.4222,8.582,8.3689,8.4242,1735,0
2014-06-11,8.367,8.7418,8.367,8.4054,834,0
2014-06-12,8.4064,8.6481,8.366,8.366,628,0
2014-06-13,8.4853,8.5553,8.3334,8.3412,1444,0
2014-06-16,8.3422,8.4853,8.287,8.287,15045,0
2014-06-17,8.3422,8.4893,8.0847,8.4893,1926,0
2014-06-18,8.0857,8.4429,8.0857,8.4429,416,0
2014-06-19,8.1005,8.3254,8.0403,8.0403,3550,0
2014-06-20,8.0265,8.3886,7.9891,8.0107,3569,0
2014-06-23,7.9901,8.3886,7.9901,8.287,2349,0
2014-06-24,7.9901,8.5189,7.9901,8.1134,621,0
2014-06-25,8.1144,8.4843,8.1144,8.2426,9092,0
2014-06-26,8.2792,8.5238,8.1814,8.1814,2579,0
2014-06-27,8.1824,8.5337,8.1805,8.1805,1630,0
2014-06-30,8.1814,8.7211,8.1814,8.4123,15887,0
2014-07-01,8.4123,8.6797,8.4123,8.4597,2281,0
2014-07-02,8.4606,9.027,8.4606,8.6629,9756,0
2014-07-03,8.6639,9.1384,8.6639,8.7043,4190,0
2014-07-04,8.7053,8.9588,8.7053,8.7191,2293,0
2014-07-07,8.7201,8.88,8.5672,8.5672,750,0
2014-07-08,8.5681,9.016,8.5672,8.5672,2525,0
2014-07-09,8.5681,8.9174,8.4646,8.4646,1033,0
2014-07-10,8.4656,8.7201,8.3068,8.3254,5944,0
2014-07-11,8.4853,8.7793,8.3432,8.4843,2090,0
2014-07-14,8.4853,8.6511,8.2968,8.2968,1454,0
2014-07-15,8.4853,8.5435,8.3364,8.3364,1238,0
2014-07-16,8.3364,8.5218,8.2782,8.2782,683,0
2014-07-17,8.2792,8.5672,8.2377,8.3364,743,0
2014-07-18,8.3374,8.5504,8.3364,8.3364,30,0
2014-07-21,8.3374,8.6717,8.3374,8.3748,2017,0
2014-07-22,8.3758,8.6225,8.3126,8.3126,833,0
2014-07-23,8.3136,8.6698,8.2968,8.2968,669,0
2014-07-24,8.2978,8.6698,8.2978,8.4518,30,0
2014-07-25,8.4528,8.7704,8.4528,8.5475,1238,0
2014-07-28,8.5485,8.7704,8.5485,8.5563,1288,0
2014-07-29,8.5573,9.3131,8.5347,8.7013,27179,0
2014-07-30,8.6688,9.1058,8.6688,8.7309,1835,0
2014-07-31,8.7319,9.094,8.6323,8.6629,8492,0
2014-08-01,8.6639,9.094,7.5076,8.1982,3903,0
2014-08-04,8.1824,8.5623,7.9911,8.0403,8340,0
2014-08-05,8.0749,8.3354,8.0413,8.1321,775,0
2014-08-06,8.1331,8.2367,7.8362,7.8362,5728,0
2014-08-07,7.8371,8.2258,7.4978,7.7,17093,0
2014-08-08,7.701,8.0305,7.6063,7.6063,10214,0
2014-08-11,7.6053,8.1183,7.6053,7.9121,5813,0
2014-08-12,7.7987,8.139,7.7987,7.9407,3605,0
2014-08-13,7.9417,8.2081,7.9417,8.0305,377,0
2014-08-15,7.9417,8.3274,7.9417,8.0799,4452,0
2014-08-18,7.9417,8.3264,7.922,7.922,9255,0
2014-08-19,7.8934,8.0079,7.3202,7.4011,16370,0
2014-08-20,7.2679,8.0887,7.2659,7.8805,38933,0
2014-08-21,7.8815,8.4843,7.8805,8.2782,32668,0
2014-08-22,8.2792,8.5633,8.1814,8.1814,10490,0
2014-08-25,8.1824,8.3758,8.1716,8.1716,2887,0
2014-08-26,8.1726,8.3856,8.139,8.1814,3300,0
2014-08-28,8.1824,8.367,8.141,8.1814,456,0
2014-08-29,8.1499,8.3384,8.1489,8.1489,1,0
2014-09-01,8.1499,8.3384,8.1469,8.1489,456,0
2014-09-02,8.1499,8.3384,8.1489,8.1489,203,0
2014-09-03,8.1499,8.3384,8.1489,8.1489,375,0
2014-09-04,8.1499,8.359,8.14,8.1489,459,0
2014-09-08,8.1499,8.3384,8.1489,8.1489,1814,0
2014-09-10,8.1499,8.3284,8.1489,8.1489,154,0
2014-09-11,8.1499,8.2486,8.1499,8.2476,1196,0
2014-09-12,8.2486,8.2486,8.1489,8.1489,7887,0
2014-09-15,8.1499,8.2486,8.1489,8.1489,162,0
2014-09-16,8.1499,8.2486,7.9417,7.9417,1033,0
2014-09-17,7.9427,8.2486,7.8441,7.9023,403,0
2014-09-18,7.8934,8.2486,7.8431,7.8431,588,0
2014-09-19,7.8441,8.2338,7.2127,7.2127,9405,0
2014-09-22,7.4514,7.8973,7.4514,7.7,6549,0
2014-09-23,7.8934,7.8973,7.7,7.7,2430,0
2014-09-24,7.8934,7.8973,7.703,7.703,466,0
2014-09-25,7.8934,7.9003,7.699,7.699,1006,0
2014-09-29,7.9427,7.9427,7.6566,7.6566,279,0
2014-09-30,7.6576,7.9427,7.556,7.556,501,0
2014-10-02,7.5964,7.6458,7.5964,7.5964,244,0
2014-10-06,7.5974,7.6458,7.4978,7.5964,1704,0
2014-10-07,7.5974,7.6458,7.3153,7.3153,5170,0
2014-10-08,7.5974,7.5974,7.2018,7.3005,1845,0
2014-10-09,7.3015,7.5866,7.2739,7.2739,1569,0
2014-10-10,7.3005,7.5471,7.3005,7.4978,6791,0
2014-10-13,7.3645,7.4001,7.3005,7.3005,4486,0
2014-10-14,7.3113,7.5964,7.3015,7.5964,1610,0
2014-10-15,7.5382,7.5382,7.0144,7.2018,9806,0
2014-10-16,7.3163,7.5964,6.7677,7.1012,6784,0
2014-10-17,7.0756,7.3005,6.9058,7.1328,957,0
2014-10-20,7.1238,7.2995,6.9502,6.9878,720,0
2014-10-21,7.0054,7.2137,6.9572,7.0608,669,0
2014-10-22,7.037,7.4485,6.9916,7.2501,5199,0
2014-10-24,7.1081,7.5964,7.1081,7.3517,1490,0
2014-10-27,7.2294,7.409,7.1712,7.1989,1400,0
2014-10-28,7.1712,7.3981,7.1446,7.1446,2389,0
2014-10-29,7.1919,7.26,7.11,7.11,1746,0
2014-10-31,7.1229,7.5964,7.1229,7.4277,9700,0
2014-11-03,7.7424,7.7434,7.4119,7.5382,7898,0
2014-11-04,7.5964,8.6175,7.4001,8.6175,3407,0
2014-11-05,8.0897,8.6846,8.0897,8.6067,3528,0
2014-11-06,8.6717,8.7113,8.2782,8.4261,406,0
2014-11-07,8.879,8.879,8.3856,8.4567,4491,0
2014-11-10,8.4715,8.6817,8.4705,8.51,510,0
2014-11-11,8.4705,8.6817,8.4685,8.4685,102,0
2014-11-12,8.4597,8.6817,8.0897,8.1371,2443,0
2014-11-13,8.0897,8.5829,8.0897,8.1134,447,0
2014-11-14,8.0897,8.6688,8.0611,8.3364,2331,0
2014-11-18,8.4567,8.6688,8.3374,8.4518,112,0
2014-11-19,8.4567,8.5248,8.3856,8.4024,202,0
2014-11-20,8.3176,8.6688,8.3176,8.3896,162,0
2014-11-21,8.4567,8.508,8.1331,8.1864,1053,0
2014-11-24,8.1331,8.508,7.695,7.8589,6766,0
2014-11-25,7.9793,8.0305,7.628,7.628,959,0
2014-11-26,7.8332,8.0355,7.5481,7.7394,1046,0
2014-11-27,7.7346,7.9013,7.5086,7.5471,1791,0
2014-11-28,7.7089,7.9407,6.5783,6.5783,11704,0
2014-12-01,6.4175,6.7085,6.4175,6.5024,9528,0
2014-12-02,6.5507,6.6099,6.3583,6.3583,2366,0
2014-12-03,6.3998,6.6888,6.2646,6.4629,8204,0
2014-12-04,6.449,6.6099,6.449,6.4826,781,0
2014-12-05,6.5714,6.8072,6.449,6.527,5175,0
2014-12-08,6.6,6.6,6.4856,6.4856,304,0
2014-12-09,6.4234,6.7085,6.3524,6.457,172,0
2014-12-10,6.4964,6.5014,6.2616,6.2636,558,0
2014-12-11,6.3534,6.4876,6.2251,6.2251,5421,0
2014-12-12,6.2251,6.4352,6.2251,6.383,406,0
2014-12-15,6.2843,6.2843,6.1373,6.1373,1302,0
2014-12-16,6.2251,6.2646,6.0919,6.0919,1262,0
2014-12-17,6.2251,6.4126,6.2251,6.2636,1955,0
2014-12-18,6.3139,6.5359,6.2567,6.377,561,0
2014-12-19,6.3524,6.8703,6.3524,6.6148,1598,0
2014-12-22,6.5448,6.5497,6.303,6.313,1766,0
2014-12-23,6.303,6.5497,6.231,6.2942,9479,0
2014-12-29,6.1857,6.387,5.8966,5.8966,4626,0
2014-12-30,5.9667,6.1157,5.5267,5.789,5790,0
2015-01-02,5.648,5.8601,5.4891,5.4891,3950,0
2015-01-05,5.79,5.79,5.5059,5.5059,745,0
2015-01-07,5.6529,5.7102,5.3836,5.4872,1417,0
2015-01-08,5.5641,5.8,5.4872,5.6924,3194,0
2015-01-09,5.5345,5.79,5.5227,5.5227,4250,0
2015-01-12,5.9301,5.9301,5.5227,5.5444,608,0
2015-01-13,5.649,5.791,5.5247,5.6362,248,0
2015-01-14,5.7318,5.9982,5.649,5.6539,2702,0
2015-01-15,5.6796,5.9686,5.6726,5.7566,2027,0
2015-01-16,5.8236,5.8986,5.723,5.723,50,0
2015-01-19,5.7556,5.8996,5.7536,5.7536,1014,0
2015-01-20,5.7566,6.0969,5.7566,5.9489,60,0
2015-01-21,5.9489,6.2449,5.9193,5.9745,811,0
2015-01-22,6.0929,6.0929,5.7022,5.7308,1652,0
2015-01-23,5.7752,6.0633,5.6934,5.7418,1748,0
2015-01-26,5.9114,5.9114,5.6983,5.6983,574,0
2015-01-27,5.7674,6.1363,5.7674,5.941,10535,0
2015-01-28,5.9873,6.4224,5.9873,6.2646,2478,0
2015-01-29,6.2054,6.8082,6.2054,6.4994,8646,0
2015-01-30,6.5063,6.8861,6.5004,6.5961,3189,0
2015-02-02,6.4954,6.7431,6.4954,6.5546,679,0
2015-02-04,6.4028,6.895,6.3346,6.4342,8855,0
2015-02-06,6.2725,6.6099,6.2725,6.4146,821,0
2015-02-09,6.449,6.6789,6.449,6.6789,10,0
2015-02-11,6.3692,7.2511,6.3692,6.8615,4064,0
2015-02-12,7.0933,7.0933,6.7283,6.7657,3775,0
2015-02-13,6.6879,7.0222,6.4836,6.5033,1775,0
2015-02-16,6.4777,6.8013,6.3938,6.6286,4930,0
2015-02-17,6.6119,6.8072,6.3741,6.3741,5353,0
2015-02-18,6.5112,6.6119,6.3928,6.3928,1318,0
2015-02-19,6.2853,6.599,6.0781,6.1531,9369,0
2015-02-20,6.2646,6.303,5.9252,5.9252,2743,0
2015-02-23,5.9667,6.2646,5.9667,5.9883,1902,0
2015-02-24,6.5112,6.5112,6.0555,6.0555,2338,0
2015-02-25,6.0959,6.3416,6.0683,6.1926,152,0
2015-02-26,6.1867,6.3416,6.0683,6.1916,306,0
2015-02-27,6.1867,6.2419,6.0179,6.0377,933,0
2015-03-02,5.9686,6.1649,5.9686,6.0189,3604,0
2015-03-03,6.015,6.2646,6.015,6.1166,1595,0
2015-03-04,6.1117,6.2153,5.9686,6.0307,2738,0
2015-03-05,6.0633,6.2153,6.0189,6.0445,549,0
2015-03-06,5.8246,6.1157,5.8246,5.9124,2401,0
2015-03-09,5.9193,6.2153,5.9193,5.9726,7930,0
2015-03-10,5.9677,6.31,5.9677,6.1491,1712,0
2015-03-11,6.1561,6.6296,6.0781,6.3188,4740,0
2015-03-12,6.4126,6.6671,6.4106,6.5092,1031,0
2015-03-13,6.4964,6.748,6.309,6.376,2999,0
2015-03-16,6.304,6.6789,6.304,6.5122,1828,0
2015-03-17,6.4964,6.6789,6.3464,6.3464,6356,0
2015-03-18,6.3534,6.6701,6.3524,6.4895,2737,0
2015-03-20,6.4076,6.5793,6.3642,6.3712,707,0
2015-03-23,6.3524,6.6099,6.3524,6.4076,571,0
2015-03-25,6.4619,6.6927,6.3642,6.5191,6396,0
2015-03-26,6.5793,6.7579,6.5112,6.5605,5600,0
2015-03-27,6.5448,6.7579,6.5073,6.5073,608,0
2015-03-30,6.5931,6.6897,6.383,6.383,8072,0
2015-03-31,6.5112,6.7085,6.3928,6.4294,17924,0
2015-04-01,6.3534,6.6592,6.3534,6.449,25022,0
2015-04-07,6.5112,7.0036,6.5112,7.0036,3416,0
2015-04-08,6.9542,6.9552,6.9542,6.9552,907,0
2015-04-10,6.6592,6.6592,6.6592,6.6592,76,0
2015-04-13,6.6592,7.0332,6.6592,7.0332,8621,0
2015-04-15,6.9542,6.9542,6.9542,6.9542,5,0
2015-04-17,6.6592,6.6592,6.5704,6.5704,4928,0
2015-04-20,6.8555,6.8555,6.8555,6.8555,102,0
2015-04-21,6.8062,6.8062,6.8062,6.8062,2,0
2015-04-22,6.5704,6.7283,6.5704,6.7283,8363,0
2015-04-23,6.5704,6.6099,6.5704,6.6099,5118,0
2015-04-24,6.5714,6.5714,6.5704,6.5704,2413,0
2015-04-27,6.7036,6.7036,6.5112,6.5112,170,0
2015-04-29,6.5122,6.5122,6.5112,6.5112,590,0
2015-04-30,6.4718,6.4718,6.4718,6.4718,142,0
2015-05-05,6.4619,6.4619,6.4619,6.4619,306,0
2015-05-07,6.3732,6.3732,6.3732,6.3732,1014,0
2015-05-08,6.3632,6.3632,6.3632,6.3632,1521,0
2015-05-11,6.6099,6.6099,6.6099,6.6099,202,0
2015-05-13,6.5596,7.1535,6.5596,7.0538,7803,0
2015-05-14,6.9058,6.9364,6.9058,6.9354,4880,0
2015-05-15,6.9058,6.9058,6.8654,6.9058,3225,0
2015-05-18,6.7589,6.7589,6.7579,6.7579,1201,0
2015-05-19,6.7589,6.7589,6.7569,6.7579,1166,0
2015-05-20,6.8575,6.8575,6.7184,6.7184,1898,0
2015-05-21,6.7184,6.7184,6.7184,6.7184,925,0
2015-05-22,6.7193,6.7193,6.7085,6.7085,2162,0
2015-05-26,6.9058,6.9058,6.9058,6.9058,51,0
2015-05-28,6.7085,6.7085,6.7085,6.7085,375,0
2015-06-02,6.9552,6.9552,6.9552,6.9552,25,0
2015-06-09,6.9048,6.9048,6.9048,6.9048,57,0
2015-06-10,6.7085,6.7085,6.7085,6.7085,1141,0
2015-06-11,6.7085,6.7085,6.7085,6.7085,160,0
2015-06-16,6.5605,6.5605,6.5605,6.5605,973,0
2015-06-18,6.5605,6.7875,6.4126,6.7875,1596,0
2015-06-19,6.7085,6.7085,6.7085,6.7085,1403,0
2015-06-23,6.4915,6.4915,6.4915,6.4915,1521,0
2015-06-24,6.5112,6.5112,6.5112,6.5112,1521,0
2015-06-25,6.7085,6.8565,6.7085,6.8565,2653,0
2015-06-29,6.4619,7.2018,6.4619,7.2018,2257,0
2015-06-30,7.0538,7.1032,7.0538,7.1032,1885,0
2015-07-02,7.0736,7.0736,7.0736,7.0736,10,0
2015-07-07,6.9354,6.9354,6.7085,6.7085,1598,0
2015-07-09,6.6592,6.9058,6.6592,6.9058,507,0
2015-07-14,6.6109,6.9048,6.6099,6.6099,88,0
2015-07-16,6.8269,7.0736,6.8072,6.9048,3425,0
2015-07-17,7.0736,8.0897,7.0736,7.6211,19599,0
2015-07-20,7.6458,7.695,7.3991,7.5964,13716,0
2015-07-21,7.5964,7.5964,7.5767,7.5767,1903,0
2015-07-22,7.4988,7.5944,7.4978,7.5944,711,0
2015-07-23,7.5944,7.5954,7.5944,7.5954,418,0
2015-07-24,7.4978,7.4978,7.3991,7.3991,1066,0
2015-07-27,7.4001,7.4001,7.3981,7.3981,841,0
2015-07-28,7.5954,7.5954,7.5954,7.5954,285,0
2015-07-30,7.5954,7.5964,7.5954,7.5964,6062,0
2015-07-31,7.8924,7.8924,7.695,7.695,1420,0
2015-08-04,7.7434,7.7434,7.6941,7.6941,86,0
2015-08-06,7.695,7.695,7.695,7.695,6,0
2015-08-12,7.6941,7.6941,7.3015,7.3015,226,0
2015-08-13,7.2521,7.2521,7.2511,7.2511,543,0
2015-08-14,7.4485,7.5866,7.4475,7.5866,2069,0
2015-08-17,7.6458,7.6458,7.6458,7.6458,202,0
2015-08-19,7.3015,7.3015,7.3005,7.3005,1476,0
2015-08-20,7.1732,7.1732,7.0824,7.0834,7218,0
2015-08-21,6.9058,6.9058,6.4126,6.4126,6924,0
2015-08-24,6.4126,6.4136,5.6243,5.8818,13020,0
2015-08-25,6.1067,6.1077,6.0663,6.0673,3751,0
2015-08-26,6.1659,6.8062,6.1659,6.8062,3345,0
2015-08-27,6.5112,6.7579,6.3642,6.7085,2230,0
2015-08-28,6.9058,6.9068,6.9058,6.9058,2512,0
2015-08-31,7.1022,7.1022,7.1022,7.1022,225,0
2015-09-01,6.9068,7.1032,6.9068,7.1032,924,0
2015-09-02,7.0045,7.0045,6.9068,7.0045,1273,0
2015-09-03,7.0045,7.0045,7.0045,7.0045,1897,0
2015-09-11,7.0498,7.0498,6.9019,6.9019,122,0
2015-09-14,6.8575,6.9058,6.8575,6.9058,264,0
2015-09-15,7.1022,7.1022,7.1022,7.1022,10,0
2015-09-17,7.1032,7.1032,7.1032,7.1032,340,0
2015-09-22,6.7293,6.7293,6.7283,6.7283,1803,0
2015-09-23,6.7293,6.6701,6.6701,6.6701,446,0
2015-09-24,6.6691,6.7283,6.6691,6.7283,2199,0
2015-09-25,6.5507,6.5507,6.531,6.531,254,0
2015-09-30,6.3149,6.7865,6.3149,6.6859,123,0
2015-10-01,6.4915,6.4915,6.4915,6.4915,202,0
2015-10-02,6.3632,6.3632,6.0673,6.1166,2700,0
2015-10-05,6.304,6.3149,6.304,6.3139,2143,0
2015-10-06,6.3139,6.3139,6.3139,6.3139,604,0
2015-10-08,6.3139,6.3139,6.3139,6.3139,69,0
2015-10-09,6.3139,6.3139,6.3139,6.3139,363,0
2015-10-13,6.6099,6.6099,6.6099,6.6099,1967,0
2015-10-14,6.6099,6.6099,6.6099,6.6099,102,0
2015-10-15,6.6099,6.6099,6.6099,6.6099,202,0
2015-10-19,6.6296,6.6296,6.6296,6.6296,862,0
2015-10-20,6.6099,6.6099,6.6099,6.6099,65,0
2015-10-21,6.9552,7.1229,6.9552,7.0302,2862,0
2015-10-22,7.1022,7.2314,7.1022,7.2314,5281,0
2015-10-23,7.4099,7.4099,7.3005,7.3005,408,0
2015-10-26,7.5964,7.5964,7.5175,7.5964,2102,0
2015-10-27,7.5964,7.5964,7.4978,7.5964,1047,0
2015-10-28,7.5471,7.5964,7.5076,7.5076,1178,0
2015-10-29,7.5964,7.5964,7.5964,7.5964,10,0
2015-10-30,7.6645,7.6654,7.6645,7.6654,187,0
2015-11-02,7.3991,7.4593,7.3991,7.4593,906,0
2015-11-04,7.3015,7.3015,7.3005,7.3005,482,0
2015-11-06,7.4978,7.5964,7.4978,7.5964,1926,0
2015-11-09,7.7444,8.0897,7.7444,7.8924,2395,0
2015-11-10,7.8924,7.9901,7.8924,7.9901,1439,0
2015-11-11,7.9693,7.9693,7.7158,7.7158,1825,0
2015-11-12,7.6468,7.6468,7.6053,7.6053,4592,0
2015-11-13,7.5954,7.5964,7.5954,7.5964,1804,0
2015-11-16,7.3991,7.558,7.3991,7.557,201,0
2015-11-17,7.4978,7.5471,7.4978,7.5471,215,0
2015-11-20,7.5481,7.5964,7.0933,7.5964,18305,0
2015-11-23,7.5964,7.5964,7.5964,7.5964,529,0
2015-11-26,7.5964,7.5964,7.5964,7.5964,1318,0
2015-11-27,7.7444,8.286,7.7444,8.286,5601,0
2015-11-30,8.0887,8.0887,8.0887,8.0887,102,0
2015-12-01,7.7938,7.9911,7.7938,7.7938,2760,0
2015-12-02,7.8825,7.8825,7.8825,7.8825,20,0
2015-12-03,7.9911,7.9911,7.7938,7.7938,1746,0
2015-12-04,7.7938,8.0403,7.7938,8.0403,4176,0
2015-12-07,8.0403,8.0403,8.0403,8.0403,142,0
2015-12-08,8.0897,8.9076,8.0897,8.3856,3812,0
2015-12-09,8.582,8.582,8.582,8.582,235,0
2015-12-10,8.5623,8.5623,8.5623,8.5623,73,0
2015-12-11,8.1884,8.1884,8.0009,8.0009,2555,0
2015-12-15,7.9121,7.9121,7.9121,7.9121,314,0
2015-12-16,7.9121,7.9121,7.9121,7.9121,912,0
2015-12-17,7.9131,7.9131,7.9131,7.9131,1216,0
2015-12-18,8.0009,8.0887,8.0009,8.0887,844,0
2015-12-22,8.0394,8.0394,8.0394,8.0394,1,0
2015-12-28,7.8441,7.8914,7.7938,7.8914,2285,0
2015-12-29,7.4988,7.4988,7.4988,7.4988,153,0
2015-12-30,7.409,7.4968,7.2215,7.3143,4276,0
2016-01-06,7.0538,7.0538,7.0538,7.0538,1419,0
2016-01-07,7.0528,7.0538,6.9058,6.9058,2635,0
2016-01-08,6.9058,7.0045,6.9058,7.0045,1500,0
2016-01-11,7.3005,7.9407,7.3005,7.9407,1432,0
2016-01-12,7.9901,7.9901,7.3202,7.3202,3989,0
2016-01-13,7.5846,7.5846,7.3507,7.3507,598,0
2016-01-14,7.695,7.695,7.5954,7.5954,630,0
2016-01-18,7.2906,7.2906,6.7875,6.9058,2443,0
2016-01-19,6.9058,7.4485,6.9058,6.9848,2079,0
2016-01-20,6.8565,6.8575,6.8565,6.8575,1522,0
2016-01-22,6.9542,6.9552,6.9542,6.9552,1510,0
2016-01-26,6.7579,6.7579,6.7579,6.7579,62,0
2016-02-01,6.9552,7.0045,6.9058,6.9058,204,0
2016-02-02,6.9068,6.9068,6.9058,6.9058,608,0
2016-02-03,6.9068,6.9552,6.9058,6.9058,2027,0
2016-02-04,6.6602,6.6602,6.6602,6.6602,533,0
2016-02-05,7.0538,7.0538,7.0538,7.0538,190,0
2016-02-08,6.7579,6.7579,6.6592,6.6592,1291,0
2016-02-09,6.8555,6.8555,6.8555,6.8555,1,0
2016-02-11,6.7085,6.7085,6.7085,6.7085,167,0
2016-02-15,6.6701,6.6701,6.6493,6.6493,347,0
2016-02-16,6.8062,7.0933,6.8062,7.0933,4249,0
2016-02-17,7.1525,7.1525,7.1525,7.1525,1521,0
2016-02-18,7.3399,7.3399,7.1525,7.1525,300,0
2016-02-19,7.035,7.3991,7.035,7.1525,156,0
2016-02-22,7.3991,7.6063,7.3991,7.6063,5982,0
2016-02-23,7.5086,7.5086,7.5086,7.5086,507,0
2016-02-24,7.6842,7.6842,7.5086,7.5086,672,0
2016-03-02,7.6842,7.6842,7.6842,7.6842,668,0
2016-03-03,7.6842,7.6842,7.5067,7.5067,588,0
2016-03-04,7.6646,7.6655,7.6358,7.6367,2582,0
2016-03-07,7.4977,7.4987,7.4977,7.4977,899,0
2016-03-09,7.3309,7.3309,7.3309,7.3309,1007,0
2016-03-14,7.4481,7.4481,7.4481,7.4481,503,0
2016-03-15,7.459,7.459,7.458,7.458,1007,0
2016-03-16,7.458,7.458,7.458,7.458,488,0
2016-03-21,7.3488,7.3488,7.3478,7.3478,2894,0
2016-03-23,7.3478,7.3478,7.3478,7.3478,546,0
2016-03-29,7.3478,7.3478,7.3478,7.3478,540,0
2016-04-01,7.2236,7.2236,6.6139,6.6139,5383,0
2016-04-04,6.6536,6.8919,6.6536,6.8919,2614,0
2016-04-05,6.7529,6.7529,6.7529,6.7529,95,0
2016-04-06,6.7926,6.7926,6.6427,6.6427,1580,0
2016-04-08,6.7529,6.7529,6.7529,6.7529,3021,0
2016-04-15,6.9148,6.9148,6.9148,6.9148,1249,0
2016-04-20,6.882,6.882,6.882,6.882,547,0
2016-04-21,6.9118,7.0608,6.9118,7.0608,1813,0
2016-04-25,7.3488,7.6467,7.3488,7.3706,3793,0
2016-04-26,7.2514,7.8254,7.2514,7.8254,2634,0
2016-04-27,7.6963,7.745,7.6874,7.6874,1809,0
2016-04-28,7.6367,7.8344,7.6367,7.8344,1462,0
2016-04-29,7.6159,7.6159,7.5166,7.5166,534,0
2016-05-02,7.7341,7.7341,7.5573,7.5573,1819,0
2016-05-03,7.5573,7.5573,7.5374,7.5374,720,0
2016-05-04,7.597,7.597,7.597,7.597,905,0
2016-05-10,7.3944,7.3944,7.3944,7.3944,386,0
2016-05-11,7.6924,7.6924,7.6924,7.6924,797,0
2016-05-17,7.315,7.315,7.315,7.315,1007,0
2016-05-23,7.0528,7.0528,7.0528,7.0528,1371,0
2016-05-24,6.8542,6.8542,6.8542,6.8542,503,0
2016-05-25,6.6556,6.7549,6.6556,6.7549,2014,0
2016-05-27,6.4768,6.4768,6.4768,6.4768,1323,0
2016-05-30,6.3765,6.3775,6.2067,6.3547,1886,0
2016-05-31,6.4292,6.4341,6.4292,6.4341,1813,0
2016-06-02,6.4063,6.4748,6.1869,6.1869,8371,0
2016-06-03,6.2862,6.2862,6.1074,6.1074,2175,0
2016-06-06,5.9485,6.167,5.5731,6.0578,9741,0
2016-06-07,5.9584,5.9684,5.7996,5.7996,3124,0
2016-06-08,6.1571,6.2673,6.1571,6.1571,3835,0
2016-06-09,6.3954,6.3954,6.3954,6.3954,313,0
2016-06-10,6.1571,6.3557,6.1571,6.1571,8247,0
2016-06-13,6.0578,6.3547,5.9584,6.3547,7453,0
2016-06-14,6.1581,6.1581,6.1571,6.1571,2543,0
2016-06-16,6.1581,6.1581,5.9594,5.9594,8217,0
2016-06-17,5.9594,5.9594,5.9594,5.9594,1560,0
2016-06-20,6.1581,6.1581,6.1581,6.1581,403,0
2016-06-24,6.3557,6.3557,6.3557,6.3557,101,0
2016-06-27,6.0776,6.316,6.018,6.018,2727,0
2016-06-30,5.7638,5.9594,5.7638,5.9584,6828,0
2016-07-01,5.8204,6.2365,5.8204,6.2365,151,0
2016-07-05,6.2554,6.2554,5.9584,5.9584,1867,0
2016-07-07,6.1571,6.4053,6.1571,6.3557,4945,0
2016-07-08,6.2683,6.2683,6.2683,6.2683,2335,0
2016-07-11,6.2683,6.5543,6.2683,6.5334,3475,0
2016-07-13,6.7122,6.7122,6.7122,6.7122,1712,0
2016-07-14,6.9515,6.9515,6.9515,6.9515,598,0
2016-07-15,6.9515,6.9515,6.8522,6.8522,2123,0
2016-07-18,6.882,7.1303,6.882,6.9525,589,0
2016-07-19,7.1273,7.4481,7.1273,7.4481,660,0
2016-07-20,7.3497,7.4083,7.1402,7.4083,3144,0
2016-07-25,7.1015,7.1015,7.1005,7.1005,604,0
2016-07-26,7.1015,7.1015,7.1005,7.1005,1208,0
2016-08-04,6.8115,6.8115,6.8115,6.8115,608,0
2016-08-05,7.0697,7.0697,7.0697,7.0697,604,0
2016-08-12,7.2236,7.2494,7.2236,7.2494,1037,0
2016-08-22,6.733,6.733,6.733,6.733,101,0
2016-08-24,6.733,6.733,6.733,6.733,500,0
2016-08-25,6.9019,6.9019,6.9019,6.9019,990,0
2016-08-26,7.021,7.021,7.021,7.021,1510,0
2016-08-29,7.2385,7.3885,6.7033,6.7033,8128,0
2016-08-31,6.8016,6.8026,6.8016,6.8026,201,0
2016-09-05,6.5841,6.5841,6.5841,6.5841,554,0
2016-09-06,6.5652,6.5652,6.5424,6.5424,2699,0
2016-09-12,6.1968,6.1968,6.1968,6.1968,1007,0
2016-09-20,6.2564,6.2564,6.2564,6.2564,354,0
2016-09-23,6.018,6.018,6.018,6.018,101,0
2016-09-27,5.9783,5.9783,5.9783,5.9783,181,0
2016-09-29,5.9684,6.1024,5.9684,6.1024,2593,0
2016-10-04,6.2613,6.2613,6.2613,6.2613,2426,0
2016-10-05,6.455,6.455,6.455,6.455,1712,0
2016-10-06,6.5553,6.5553,6.5553,6.5553,50,0
2016-10-07,6.5553,6.7519,6.5543,6.6039,982,0
2016-10-14,6.4649,6.4649,6.4649,6.4649,141,0
2016-10-18,6.3656,6.455,6.3557,6.3557,5202,0
2016-10-19,6.4748,6.4748,6.4748,6.4748,1712,0
2016-10-25,6.8026,7.3587,6.8026,7.1511,1783,0
2016-10-31,6.9922,6.9922,6.9922,6.9922,62,0
2016-11-03,7.1134,7.1134,7.1134,7.1134,564,0
2016-11-07,7.0508,7.0508,7.0508,7.0508,503,0
2016-11-09,6.8532,6.8532,6.7728,6.8125,3323,0
2016-11-11,6.734,6.734,6.733,6.733,1329,0
2016-11-16,6.6645,6.6645,6.6645,6.6645,1413,0
2016-11-23,6.5543,6.5543,6.5543,6.5543,126,0
2016-11-25,6.8314,6.8324,6.8125,6.8125,1964,0
2016-11-28,6.7529,6.9714,6.6536,6.9714,5214,0
2016-11-29,7.0906,7.3488,6.9525,7.3488,3203,0
2016-11-30,6.9515,6.9515,6.455,6.455,10352,0
2016-12-01,6.5344,6.5344,6.5344,6.5344,1434,0
2016-12-06,6.74,6.74,6.74,6.74,451,0
2016-12-08,6.8393,7.0508,6.8393,7.0508,1666,0
2016-12-12,7.031,7.031,7.031,7.031,1007,0
2016-12-13,6.9525,6.9525,6.9515,6.9515,1913,0
2016-12-14,6.6536,6.7132,6.6526,6.7132,3544,0
2016-12-15,6.733,6.8026,6.4937,6.6407,2166,0
2016-12-19,6.5543,6.6188,6.5543,6.6188,1385,0
2016-12-20,6.738,6.8572,6.738,6.8572,1219,0
2016-12-21,6.6933,6.6933,6.6933,6.6933,503,0
2016-12-22,6.5553,6.5553,6.5543,6.5543,612,0
2016-12-23,6.7112,6.7112,6.7112,6.7112,201,0
2016-12-29,6.5185,6.5185,6.5185,6.5185,376,0
2016-12-30,6.3606,6.6536,6.3597,6.6536,3077,0
2017-01-03,6.7519,6.7519,6.7519,6.7519,16,0
2017-01-04,6.7321,6.7321,6.5056,6.5056,254,0
2017-01-05,6.5652,6.5652,6.5652,6.5652,497,0
2017-01-06,6.6119,6.6119,6.6119,6.6119,508,0
2017-01-09,6.6039,6.6039,6.6039,6.6039,206,0
2017-01-10,6.6039,6.6039,6.6039,6.6039,196,0
2017-01-12,6.5046,6.5046,6.455,6.455,3021,0
2017-01-13,6.3765,6.455,6.3755,6.455,3986,0
2017-01-17,6.6725,6.6725,6.4977,6.4977,675,0
2017-01-18,6.6764,6.6764,6.6764,6.6764,210,0
2017-01-20,6.736,6.736,6.736,6.736,302,0
2017-01-23,6.7956,6.7956,6.7956,6.7956,101,0
2017-01-25,6.8552,6.8751,6.6536,6.8751,416,0
2017-02-01,6.7529,6.7529,6.7529,6.7529,201,0
2017-02-02,6.8711,6.8711,6.8711,6.8711,13,0
2017-02-07,6.5871,6.5871,6.5871,6.5871,201,0
2017-02-09,6.5871,6.5881,6.5881,6.599,302,0
2017-02-10,6.877,6.877,6.6536,6.6536,506,0
2017-02-13,6.5146,6.5146,6.3557,6.3557,4129,0
2017-02-14,6.5046,6.5046,6.4053,6.4053,2503,0
2017-02-15,6.5245,6.5543,6.5245,6.5543,673,0
2017-02-20,6.3606,6.3606,6.3606,6.3606,101,0
2017-02-22,6.6387,6.6387,6.6387,6.6387,1056,0
2017-02-24,6.5543,6.5543,6.5195,6.5195,717,0
2017-02-28,6.7182,6.7182,6.5593,6.5593,1984,0
2017-03-01,6.6983,6.8423,6.6983,6.8423,4355,0
2017-03-02,6.7827,6.7827,6.7827,6.7827,1201,0
2017-03-03,6.7529,6.7529,6.7529,6.7529,81,0
2017-03-06,6.9317,6.9515,6.9118,6.9118,2417,0
2017-03-09,7.17,7.17,7.17,7.17,524,0
2017-03-13,7.11,7.251,7.11,7.25,4970,0
2017-03-14,7.349,7.51,7.349,7.5,3369,0
2017-03-15,7.41,7.41,7.35,7.35,600,0
2017-03-16,7.499,7.5,7.399,7.4,768,0
2017-03-17,7.3,7.3,7.24,7.24,900,0
2017-03-21,7.201,7.201,7.2,7.2,1294,0
2017-03-22,7.041,7.041,7.041,7.041,62,0
2017-03-29,7.011,7.011,7.01,7.01,1000,0
2017-04-03,7.128,7.208,7.128,7.208,1914,0
2017-04-04,7.101,7.101,7.1,7.1,1000,0
2017-04-05,7.1,7.101,7.1,7.1,5000,0
2017-04-07,7.19,7.19,7.139,7.169,3588,0
2017-04-18,7.093,7.093,7.093,7.093,1400,0
2017-04-24,6.952,6.952,6.892,6.892,470,0
2017-04-28,6.892,6.91,6.892,6.91,746,0
2017-05-02,6.82,6.82,6.82,6.82,1500,0
2017-05-04,6.8,6.8,6.8,6.8,1400,0
2017-05-05,6.63,6.63,6.63,6.63,20,0
2017-05-08,6.89,6.89,6.884,6.884,2350,0
2017-05-15,6.87,7.037,6.87,7.037,2080,0
2017-05-16,7.176,7.177,7.017,7.017,1273,0
2017-05-22,6.999,6.999,6.999,6.999,70,0
2017-05-23,6.839,6.839,6.839,6.839,62,0
2017-05-24,6.82,6.82,6.82,6.82,2,0
2017-05-26,6.821,6.821,6.82,6.82,1055,0
2017-05-29,7,7.23,7,7.23,2178,0
2017-05-31,6.91,6.91,6.91,6.91,1000,0
2017-06-02,6.849,6.849,6.849,6.849,277,0
2017-06-06,6.847,6.847,6.847,6.847,480,0
2017-06-07,6.725,6.88,6.623,6.88,4796,0
2017-06-13,6.978,7.32,6.978,7.32,2696,0
2017-06-15,7.028,7.028,7.028,7.028,1431,0
2017-06-20,6.807,6.807,6.807,6.807,435,0
2017-06-26,6.95,6.95,6.95,6.95,500,0
2017-06-28,6.77,6.77,6.25,6.25,12296,0
2017-06-29,6.15,6.3,6.13,6.3,3036,0
2017-06-30,6.45,6.609,6.45,6.609,455,0
2017-07-03,6.229,6.229,6.169,6.169,1972,0
2017-07-04,6.289,6.38,6.289,6.289,1000,0
2017-07-06,6.23,6.27,6.11,6.27,1750,0
2017-07-13,6.289,6.355,6.265,6.265,2128,0
2017-07-17,6.382,6.383,6.25,6.303,2440,0
2017-07-18,6.443,6.76,6.443,6.54,1763,0
2017-07-20,6.419,6.419,6.39,6.39,600,0
2017-07-26,6.447,6.45,6.274,6.322,1248,0
2017-07-28,6.186,6.186,6.086,6.086,1000,0
2017-08-02,5.961,5.994,5.96,5.994,551,0
2017-08-07,5.916,5.963,5.916,5.963,150,0
2017-08-11,5.885,5.901,5.885,5.901,4200,0
2017-08-14,6.101,6.101,6.05,6.1,1849,0
2017-08-16,6.09,6.289,6.09,6.289,5226,0
2017-08-21,6.009,6.05,6.009,6.05,773,0
2017-08-23,6.27,6.27,6.089,6.089,20,0
2017-09-08,5.905,5.905,5.843,5.843,1700,0
2017-09-11,5.942,5.973,5.883,5.973,1700,0
2017-09-13,5.818,5.909,5.818,5.909,136,0
2017-09-14,6,6.209,6,6.059,938,0
2017-09-20,5.915,6.045,5.76,6.045,4130,0
2017-09-27,5.883,5.883,5.76,5.872,2050,0
2017-09-28,5.951,5.991,5.876,5.876,1508,0
2017-10-04,5.699,5.758,5.618,5.734,3999,0
2017-10-05,5.611,5.722,5.611,5.722,100,0
2017-10-11,5.711,5.717,5.71,5.717,2192,0
2017-10-13,5.829,6,5.829,6,1800,0
2017-10-16,5.8,5.84,5.8,5.84,516,0
2017-10-17,5.98,5.98,5.98,5.98,1700,0
2017-10-18,6.24,6.241,6.2,6.241,6557,0
2017-10-20,6.072,6.072,5.851,5.981,1800,0
2017-10-25,6.05,6.05,5.93,5.93,100,0
2017-10-30,5.81,5.95,5.63,5.95,8820,0
2017-11-01,5.61,5.61,5.61,5.61,350,0
2017-11-02,5.789,5.79,5.665,5.665,970,0
2017-11-08,5.601,5.738,5.601,5.738,62,0
2017-11-14,5.6,5.765,5.6,5.765,6380,0
2017-11-20,5.584,5.607,5.504,5.607,500,0
2017-11-21,5.475,5.475,5.471,5.471,1580,0
2017-11-23,5.529,5.529,5.456,5.456,326,0
2017-11-27,5.373,5.392,5.24,5.24,1400,0
2017-11-29,5.199,5.75,5.1,5.57,8869,0
2017-11-30,5.93,6,5.93,5.98,9256,0
2017-12-01,5.91,6.05,5.8,5.99,16601,0
2017-12-04,6.135,6.135,5.841,5.99,751,0
2017-12-05,6.135,6.34,6.135,6.21,1863,0
2017-12-06,6.08,6.399,6.08,6.329,327,0
2017-12-07,6.25,6.25,6.179,6.179,1000,0
2017-12-08,6.029,6.0695,6.029,6.0695,137,0
2017-12-11,6.15,6.3505,6.15,6.3505,6359,0
2017-12-12,6.431,6.5555,6.43,6.5555,1786,0
2017-12-13,6.221,6.3,6.15,6.15,4629,0
2017-12-14,6.294,6.295,6.23,6.23,3979,0
2017-12-18,6.357,6.45,6.251,6.45,11912,0
2017-12-19,6.55,6.63,6.525,6.525,1370,0
2017-12-20,6.599,6.8,6.599,6.8,2980,0
2017-12-21,6.78,6.801,6.395,6.395,7193,0
2017-12-22,6.615,6.615,6.411,6.56,2240,0
2017-12-27,6.411,6.505,6.411,6.505,14,0
2017-12-28,6.406,6.525,6.35,6.525,5751,0
2017-12-29,6.45,6.485,6.45,6.485,270,0
2018-01-02,6.55,6.7,6.55,6.7,5897,0
2018-01-03,6.85,7.15,6.85,7.15,2751,0
2018-01-04,7.2,7.2,7.1,7.1,1415,0
2018-01-05,7.05,7.05,6.8,6.8,1990,0
2018-01-09,7,7.05,7,7.05,626,0
2018-01-10,7,7,6.95,6.95,164,0
2018-01-16,6.8,6.8,6.7,6.7,1500,0
2018-01-19,6.55,6.65,6.55,6.6,850,0
2018-01-24,6.55,6.85,6.55,6.85,1913,0
2018-01-25,6.75,6.85,6.75,6.85,156,0
2018-01-26,6.75,6.8,6.7,6.7,2110,0
2018-01-31,6.7,6.9,6.7,6.9,2500,0
2018-02-01,6.85,6.9,6.8,6.9,525,0
2018-02-06,6.6,6.7,6.6,6.7,312,0
2018-02-07,6.7,6.75,6.7,6.75,100,0
2018-02-08,6.65,6.7,6.6,6.6,3700,0
2018-02-13,6.75,6.75,6.7,6.7,1000,0
2018-02-15,6.55,6.55,6.4,6.45,19560,0
2018-02-16,6.4,6.45,6.4,6.45,1500,0
2018-02-20,6.4,6.4,6.4,6.4,500,0
2018-02-21,6.4,6.4,6.4,6.4,635,0
2018-02-23,6.5,6.55,6.45,6.45,770,0
2018-02-26,6.3,6.4,6.3,6.4,740,0
2018-03-05,6.55,6.65,6.55,6.65,1500,0
2018-03-08,6.75,6.95,6.75,6.95,5325,0
2018-03-13,7.2,7.2,7,7,3200,0
2018-03-16,6.9,6.95,6.9,6.9,1075,0
2018-03-19,6.8,6.8,6.65,6.65,2590,0
2018-03-20,6.55,6.7,6.45,6.65,3855,0
2018-03-21,6.55,6.65,6.5,6.65,3500,0
2018-03-23,6.55,6.95,6.5,6.85,4328,0
2018-03-26,6.75,6.75,6.55,6.55,5097,0
2018-03-28,6.4,6.45,6.35,6.45,406,0
2018-03-29,6.3,6.4,6.3,6.4,400,0
