Date,Open,High,Low,Close,Volume,OpenInt
2017-08-16,0.068,0.072,0.068,0.072,20000,0
2017-08-17,0.071,0.071,0.071,0.071,0,0
2017-08-18,0.063,0.063,0.063,0.063,0,0
2017-08-21,0.066,0.066,0.066,0.066,0,0
2017-08-22,0.074,0.074,0.07,0.072,430000,0
2017-08-24,0.078,0.082,0.078,0.082,450000,0
2017-08-25,0.082,0.097,0.082,0.097,960000,0
2017-08-28,0.099,0.099,0.097,0.097,250000,0
2017-08-29,0.092,0.092,0.092,0.092,40000,0
2017-08-30,0.105,0.111,0.105,0.111,340000,0
2017-08-31,0.114,0.142,0.114,0.142,3800000,0
2017-09-01,0.128,0.132,0.123,0.131,3820000,0
2017-09-04,0.129,0.13,0.12,0.12,340000,0
2017-09-05,0.122,0.124,0.122,0.122,140000,0
2017-09-06,0.114,0.116,0.11,0.116,120000,0
2017-09-07,0.125,0.125,0.116,0.121,2020000,0
2017-09-08,0.135,0.173,0.135,0.162,21320000,0
2017-09-11,0.174,0.174,0.169,0.174,1140000,0
2017-09-12,0.163,0.169,0.158,0.169,700000,0
2017-09-13,0.174,0.19,0.174,0.189,8470000,0
2017-09-14,0.18,0.185,0.177,0.178,1700000,0
2017-09-15,0.157,0.181,0.144,0.168,9130000,0
2017-09-18,0.169,0.182,0.164,0.165,9180000,0
2017-09-19,0.16,0.161,0.15,0.158,1290000,0
2017-09-20,0.15,0.154,0.15,0.15,150000,0
2017-09-21,0.145,0.15,0.137,0.143,540000,0
2017-09-22,0.134,0.134,0.119,0.124,3500000,0
2017-09-25,0.101,0.109,0.091,0.092,670000,0
2017-09-26,0.092,0.095,0.09,0.09,30000,0
2017-09-27,0.094,0.094,0.091,0.094,160000,0
2017-09-28,0.09,0.09,0.09,0.09,130000,0
2017-09-29,0.086,0.091,0.086,0.091,160000,0
2017-10-03,0.099,0.104,0.099,0.104,70000,0
2017-10-04,0.127,0.129,0.123,0.127,210000,0
2017-10-06,0.136,0.136,0.115,0.115,50000,0
2017-10-09,0.111,0.118,0.111,0.116,280000,0
2017-10-10,0.138,0.145,0.126,0.138,2730000,0
2017-10-11,0.152,0.154,0.113,0.113,3550000,0
2017-10-12,0.138,0.138,0.138,0.138,80000,0
2017-10-13,0.141,0.148,0.141,0.147,250000,0
2017-10-16,0.158,0.159,0.149,0.151,1080000,0
2017-10-17,0.144,0.146,0.144,0.146,20000,0
2017-10-18,0.145,0.147,0.145,0.146,130000,0
2017-10-19,0.121,0.134,0.121,0.121,210000,0
2017-10-20,0.137,0.137,0.137,0.137,0,0
2017-10-23,0.121,0.121,0.119,0.121,40000,0
2017-10-24,0.114,0.115,0.111,0.114,90000,0
2017-10-25,0.114,0.114,0.114,0.114,0,0
2017-10-26,0.109,0.109,0.109,0.109,0,0
2017-10-27,0.114,0.119,0.101,0.105,4300000,0
2017-10-30,0.101,0.101,0.094,0.094,70000,0
2017-10-31,0.097,0.099,0.097,0.097,230000,0
2017-11-01,0.101,0.104,0.101,0.104,500000,0
2017-11-02,0.102,0.102,0.102,0.102,0,0
2017-11-03,0.098,0.099,0.097,0.098,710000,0
2017-11-06,0.086,0.088,0.086,0.088,100000,0
2017-11-07,0.105,0.109,0.103,0.105,10600000,0
2017-11-08,0.11,0.121,0.11,0.112,5840000,0
2017-11-09,0.105,0.116,0.105,0.107,2270000,0
2017-11-10,0.109,0.118,0.109,0.117,2870000,0
2017-11-13,0.103,0.109,0.103,0.104,350000,0
2017-11-14,0.109,0.116,0.106,0.116,1180000,0
2017-11-15,0.112,0.117,0.112,0.117,200000,0
2017-11-16,0.11,0.11,0.1,0.101,60000,0
2017-11-17,0.103,0.103,0.1,0.103,1030000,0
2017-11-20,0.1,0.1,0.095,0.096,130000,0
2017-11-21,0.096,0.11,0.094,0.11,1390000,0
2017-11-22,0.122,0.124,0.115,0.119,2820000,0
2017-11-23,0.122,0.139,0.122,0.135,1530000,0
2017-11-24,0.143,0.151,0.137,0.147,10500000,0
2017-11-27,0.141,0.147,0.141,0.142,2340000,0
2017-11-28,0.135,0.136,0.13,0.133,1030000,0
2017-11-29,0.132,0.132,0.126,0.126,640000,0
2017-11-30,0.108,0.112,0.108,0.112,770000,0
2017-12-01,0.115,0.117,0.109,0.109,410000,0
2017-12-04,0.099,0.103,0.093,0.093,680000,0
2017-12-05,0.08,0.08,0.07,0.076,1060000,0
2017-12-06,0.08,0.085,0.068,0.073,330000,0
2017-12-07,0.059,0.065,0.059,0.06,430000,0
2017-12-08,0.05,0.06,0.048,0.055,380000,0
2017-12-11,0.048,0.068,0.048,0.067,480000,0
2017-12-12,0.068,0.07,0.066,0.066,90000,0
2017-12-13,0.079,0.085,0.075,0.079,420000,0
2017-12-14,0.101,0.119,0.096,0.115,23440000,0
2017-12-15,0.115,0.115,0.092,0.096,16330000,0
2017-12-18,0.11,0.124,0.11,0.12,4580000,0
2017-12-19,0.12,0.123,0.117,0.121,620000,0
2017-12-20,0.114,0.122,0.114,0.119,3730000,0
2017-12-21,0.115,0.118,0.111,0.111,2210000,0
2017-12-22,0.11,0.116,0.108,0.116,120000,0
2017-12-27,0.131,0.136,0.126,0.136,860000,0
2017-12-28,0.136,0.142,0.136,0.142,520000,0
2017-12-29,0.142,0.146,0.142,0.146,260000,0
2018-01-02,0.152,0.161,0.152,0.161,220000,0
2018-01-03,0.155,0.155,0.155,0.155,70000,0
2018-01-04,0.15,0.166,0.15,0.166,440000,0
2018-01-05,0.173,0.193,0.171,0.186,18810000,0
2018-01-08,0.204,0.206,0.183,0.184,4580000,0
2018-01-09,0.193,0.193,0.187,0.188,70000,0
2018-01-10,0.181,0.181,0.171,0.173,5300000,0
2018-01-11,0.17,0.17,0.166,0.168,220000,0
2018-01-12,0.169,0.169,0.169,0.169,0,0
2018-01-15,0.183,0.183,0.17,0.176,190000,0
2018-01-16,0.167,0.176,0.167,0.176,140000,0
2018-01-17,0.173,0.173,0.173,0.173,0,0
2018-01-18,0.165,0.165,0.165,0.165,0,0
2018-01-19,0.171,0.173,0.168,0.168,720000,0
2018-01-22,0.171,0.177,0.17,0.172,310000,0
2018-01-23,0.167,0.191,0.166,0.182,3000000,0
2018-01-24,0.179,0.189,0.179,0.181,1280000,0
2018-01-25,0.181,0.215,0.181,0.202,45820000,0
2018-01-26,0.203,0.234,0.203,0.224,95780000,0
2018-01-29,0.235,0.235,0.204,0.207,9710000,0
2018-01-30,0.2,0.209,0.197,0.202,1990000,0
2018-01-31,0.196,0.196,0.177,0.193,620000,0
2018-02-01,0.203,0.203,0.187,0.187,180000,0
2018-02-02,0.186,0.186,0.17,0.172,900000,0
2018-02-05,0.138,0.147,0.138,0.144,210000,0
2018-02-06,0.1,0.117,0.095,0.106,840000,0
2018-02-07,0.102,0.117,0.082,0.087,340000,0
2018-02-08,0.106,0.106,0.091,0.096,480000,0
2018-02-09,0.068,0.068,0.066,0.067,110000,0
2018-02-12,0.065,0.078,0.065,0.068,400000,0
2018-02-13,0.069,0.08,0.069,0.07,960000,0
2018-02-14,0.076,0.1,0.073,0.1,990000,0
2018-02-15,0.098,0.104,0.098,0.102,930000,0
2018-02-20,0.102,0.116,0.098,0.108,3540000,0
2018-02-21,0.112,0.119,0.112,0.117,220000,0
2018-02-22,0.106,0.113,0.106,0.112,2480000,0
2018-02-23,0.12,0.13,0.119,0.122,1620000,0
2018-02-26,0.136,0.152,0.132,0.149,4050000,0
2018-02-27,0.149,0.156,0.135,0.138,2370000,0
2018-02-28,0.145,0.147,0.124,0.139,4600000,0
2018-03-01,0.139,0.153,0.136,0.153,1450000,0
2018-03-02,0.134,0.144,0.126,0.142,2490000,0
2018-03-05,0.137,0.137,0.107,0.107,3450000,0
2018-03-06,0.122,0.122,0.113,0.113,260000,0
2018-03-07,0.119,0.119,0.102,0.102,80000,0
2018-03-08,0.116,0.116,0.116,0.116,30000,0
2018-03-09,0.136,0.136,0.133,0.135,190000,0
2018-03-12,0.157,0.157,0.153,0.153,300000,0
2018-03-13,0.148,0.148,0.145,0.147,140000,0
2018-03-14,0.144,0.151,0.141,0.148,610000,0
2018-03-15,0.145,0.149,0.145,0.149,30000,0
2018-03-16,0.144,0.144,0.142,0.142,520000,0
2018-03-19,0.143,0.143,0.135,0.14,40000,0
2018-03-20,0.146,0.146,0.143,0.145,70000,0
2018-03-21,0.15,0.155,0.15,0.152,130000,0
2018-03-22,0.136,0.136,0.132,0.132,80000,0
2018-03-23,0.116,0.116,0.109,0.116,100000,0
2018-03-26,0.125,0.125,0.122,0.125,150000,0
2018-03-27,0.13,0.13,0.13,0.13,150000,0
2018-03-28,0.097,0.11,0.097,0.097,90000,0
2018-03-29,0.086,0.086,0.085,0.086,10000,0
