Date,Open,High,Low,Close,Volume,OpenInt
2017-08-22,0.127,0.129,0.127,0.129,400000,0
2017-08-24,0.135,0.135,0.135,0.135,0,0
2017-08-25,0.14,0.155,0.14,0.155,1620000,0
2017-08-28,0.164,0.164,0.154,0.154,1710000,0
2017-08-29,0.153,0.153,0.15,0.153,1710000,0
2017-08-30,0.163,0.163,0.158,0.158,1640000,0
2017-08-31,0.144,0.145,0.139,0.139,2550000,0
2017-09-01,0.142,0.147,0.139,0.139,950000,0
2017-09-04,0.135,0.135,0.135,0.135,0,0
2017-09-05,0.136,0.136,0.136,0.136,0,0
2017-09-06,0.133,0.133,0.133,0.133,0,0
2017-09-07,0.133,0.133,0.133,0.133,0,0
2017-09-08,0.135,0.135,0.133,0.133,240000,0
2017-09-11,0.14,0.14,0.139,0.139,20000,0
2017-09-12,0.134,0.137,0.134,0.137,20000,0
2017-09-13,0.132,0.132,0.132,0.132,0,0
2017-09-14,0.127,0.127,0.127,0.127,0,0
2017-09-15,0.12,0.126,0.12,0.124,800000,0
2017-09-18,0.127,0.127,0.127,0.127,0,0
2017-09-19,0.127,0.127,0.127,0.127,0,0
2017-09-20,0.127,0.127,0.127,0.127,0,0
2017-09-21,0.13,0.13,0.129,0.129,720000,0
2017-09-22,0.125,0.125,0.123,0.125,1600000,0
2017-09-25,0.119,0.119,0.114,0.114,1740000,0
2017-09-26,0.11,0.113,0.11,0.111,660000,0
2017-09-27,0.114,0.115,0.113,0.114,480000,0
2017-09-28,0.115,0.115,0.105,0.105,800000,0
2017-09-29,0.108,0.114,0.103,0.114,2640000,0
2017-10-03,0.125,0.143,0.125,0.14,22360000,0
2017-10-04,0.151,0.151,0.145,0.146,16840000,0
2017-10-06,0.149,0.149,0.144,0.145,1070000,0
2017-10-09,0.143,0.147,0.143,0.143,1180000,0
2017-10-10,0.143,0.146,0.142,0.146,1280000,0
2017-10-11,0.151,0.151,0.146,0.146,1020000,0
2017-10-12,0.144,0.152,0.144,0.152,400000,0
2017-10-13,0.155,0.155,0.152,0.152,180000,0
2017-10-16,0.161,0.163,0.156,0.158,860000,0
2017-10-17,0.162,0.162,0.159,0.159,180000,0
2017-10-18,0.158,0.158,0.155,0.155,600000,0
2017-10-19,0.151,0.151,0.138,0.138,1060000,0
2017-10-20,0.147,0.149,0.145,0.149,3030000,0
2017-10-23,0.144,0.144,0.143,0.144,60000,0
2017-10-24,0.143,0.146,0.14,0.14,1920000,0
2017-10-25,0.146,0.146,0.14,0.14,1300000,0
2017-10-26,0.138,0.138,0.138,0.138,0,0
2017-10-27,0.148,0.157,0.148,0.153,2740000,0
2017-10-30,0.158,0.158,0.148,0.15,2580000,0
2017-10-31,0.144,0.153,0.143,0.152,1640000,0
2017-11-01,0.154,0.158,0.15,0.15,1030000,0
2017-11-02,0.147,0.147,0.147,0.147,0,0
2017-11-03,0.144,0.144,0.144,0.144,0,0
2017-11-06,0.136,0.137,0.134,0.137,770000,0
2017-11-07,0.141,0.141,0.14,0.141,1120000,0
2017-11-08,0.14,0.14,0.139,0.14,1200000,0
2017-11-09,0.144,0.148,0.141,0.146,5820000,0
2017-11-10,0.142,0.149,0.142,0.144,3560000,0
2017-11-13,0.144,0.144,0.14,0.14,2820000,0
2017-11-14,0.137,0.14,0.136,0.138,1400000,0
2017-11-15,0.132,0.132,0.131,0.132,120000,0
2017-11-16,0.133,0.133,0.132,0.133,180000,0
2017-11-17,0.136,0.15,0.136,0.143,2500000,0
2017-11-20,0.142,0.142,0.133,0.137,4110000,0
2017-11-21,0.14,0.144,0.139,0.144,3050000,0
2017-11-22,0.154,0.154,0.154,0.154,50000,0
2017-11-23,0.156,0.156,0.149,0.149,50000,0
2017-11-24,0.155,0.155,0.155,0.155,540000,0
2017-11-27,0.153,0.153,0.153,0.153,0,0
2017-11-28,0.149,0.149,0.149,0.149,0,0
2017-11-29,0.149,0.149,0.149,0.149,0,0
2017-11-30,0.143,0.143,0.143,0.143,0,0
2017-12-01,0.143,0.143,0.142,0.142,10000,0
2017-12-04,0.142,0.142,0.142,0.142,0,0
2017-12-05,0.14,0.14,0.14,0.14,0,0
2017-12-06,0.13,0.13,0.13,0.13,0,0
2017-12-07,0.129,0.129,0.129,0.129,0,0
2017-12-08,0.129,0.129,0.129,0.129,0,0
2017-12-11,0.131,0.131,0.131,0.131,0,0
2017-12-12,0.129,0.129,0.129,0.129,0,0
2017-12-13,0.154,0.154,0.144,0.154,4280000,0
2017-12-14,0.159,0.16,0.154,0.154,5730000,0
2017-12-15,0.15,0.15,0.149,0.149,10000,0
2017-12-18,0.156,0.156,0.156,0.156,0,0
2017-12-19,0.158,0.158,0.158,0.158,0,0
2017-12-20,0.158,0.158,0.158,0.158,0,0
2017-12-21,0.16,0.16,0.16,0.16,0,0
2017-12-22,0.16,0.161,0.16,0.161,10000,0
2017-12-27,0.169,0.169,0.169,0.169,0,0
2017-12-28,0.173,0.173,0.173,0.173,0,0
2017-12-29,0.175,0.175,0.175,0.175,0,0
2018-01-02,0.194,0.2,0.194,0.198,6300000,0
2018-01-03,0.198,0.198,0.198,0.198,0,0
2018-01-04,0.212,0.212,0.212,0.212,0,0
2018-01-05,0.213,0.213,0.213,0.213,0,0
2018-01-08,0.21,0.21,0.21,0.21,0,0
2018-01-09,0.213,0.213,0.213,0.213,0,0
2018-01-10,0.216,0.216,0.216,0.216,0,0
2018-01-11,0.218,0.218,0.218,0.218,0,0
2018-01-12,0.227,0.227,0.227,0.227,0,0
2018-01-15,0.233,0.233,0.23,0.233,440000,0
2018-01-16,0.255,0.26,0.255,0.255,260000,0
2018-01-17,0.27,0.27,0.27,0.27,0,0
2018-01-18,0.28,0.28,0.28,0.28,0,0
2018-01-19,0.285,0.285,0.285,0.285,0,0
2018-01-22,0.285,0.285,0.285,0.285,0,0
2018-01-23,0.315,0.315,0.315,0.315,0,0
2018-01-24,0.315,0.315,0.315,0.315,0,0
2018-01-25,0.31,0.31,0.31,0.31,0,0
2018-01-26,0.34,0.34,0.34,0.34,0,0
2018-01-29,0.34,0.34,0.34,0.34,0,0
2018-01-30,0.34,0.34,0.34,0.34,0,0
2018-01-31,0.34,0.34,0.34,0.34,0,0
2018-02-01,0.34,0.34,0.34,0.34,0,0
2018-02-02,0.34,0.34,0.34,0.34,0,0
2018-02-05,0.34,0.34,0.34,0.34,0,0
2018-02-06,0.31,0.31,0.31,0.31,0,0
2018-02-07,0.285,0.285,0.285,0.285,0,0
2018-02-08,0.28,0.28,0.28,0.28,0,0
2018-02-09,0.233,0.233,0.233,0.233,0,0
2018-02-12,0.229,0.229,0.229,0.229,0,0
2018-02-13,0.229,0.229,0.229,0.229,0,0
2018-02-14,0.25,0.25,0.25,0.25,0,0
2018-02-15,0.275,0.275,0.275,0.275,0,0
2018-02-20,0.275,0.275,0.275,0.275,0,0
2018-02-21,0.29,0.29,0.29,0.29,0,0
2018-02-22,0.29,0.29,0.29,0.29,0,0
2018-02-23,0.29,0.29,0.29,0.29,0,0
2018-02-26,0.29,0.29,0.29,0.29,0,0
2018-02-27,0.29,0.29,0.29,0.29,0,0
2018-02-28,0.28,0.28,0.28,0.28,0,0
2018-03-01,0.28,0.28,0.28,0.28,0,0
2018-03-02,0.265,0.265,0.265,0.265,0,0
2018-03-05,0.238,0.238,0.238,0.238,0,0
2018-03-06,0.247,0.247,0.247,0.247,0,0
2018-03-07,0.247,0.247,0.247,0.247,0,0
2018-03-08,0.249,0.249,0.249,0.249,0,0
2018-03-09,0.265,0.265,0.265,0.265,0,0
2018-03-12,0.295,0.295,0.295,0.295,0,0
2018-03-13,0.295,0.295,0.295,0.295,0,0
2018-03-14,0.295,0.295,0.295,0.295,0,0
2018-03-15,0.295,0.295,0.295,0.295,0,0
2018-03-16,0.295,0.295,0.295,0.295,0,0
2018-03-19,0.295,0.295,0.295,0.295,0,0
2018-03-20,0.295,0.295,0.295,0.295,0,0
2018-03-21,0.295,0.295,0.295,0.295,0,0
2018-03-22,0.29,0.29,0.29,0.29,0,0
2018-03-23,0.27,0.27,0.27,0.27,0,0
2018-03-26,0.27,0.27,0.27,0.27,0,0
2018-03-27,0.27,0.27,0.27,0.27,0,0
2018-03-28,0.265,0.265,0.265,0.265,0,0
2018-03-29,0.265,0.265,0.265,0.265,0,0
