Date,Open,High,Low,Close,Volume,OpenInt
2014-06-13,22.696,22.731,22.696,22.711,2999,0
2014-06-16,22.797,22.806,22.759,22.778,4503,0
2014-06-17,22.788,22.868,22.759,22.844,24953,0
2014-06-18,22.851,23.034,22.834,23.034,11488,0
2014-06-19,23.071,23.088,23.016,23.079,33178,0
2014-06-20,23.116,23.144,23.034,23.079,23262,0
2014-06-23,23.088,23.088,22.988,23.007,34486,0
2014-06-24,22.997,23.088,22.886,22.905,23682,0
2014-06-25,22.859,22.98,22.859,22.97,10463,0
2014-06-26,22.877,22.895,22.877,22.877,1346,0
2014-06-27,22.988,23.007,22.98,23.007,4086,0
2014-06-30,22.988,23.062,22.961,22.97,10716,0
2014-07-01,23.016,23.19,23.016,23.153,3392,0
2014-07-02,23.124,23.124,23.108,23.108,5012,0
2014-07-03,23.173,23.208,23.153,23.181,4826,0
2014-07-07,23.173,23.173,23.098,23.173,40217,0
2014-07-08,23.108,23.116,23.054,23.071,45147,0
2014-07-09,23.108,23.134,23.088,23.134,20825,0
2014-07-10,22.988,23.079,22.941,23.054,4425,0
2014-07-11,22.961,23.024,22.961,23.024,4561,0
2014-07-14,23.062,23.153,23.062,23.116,32883,0
2014-07-15,23.079,23.079,23.016,23.062,15334,0
2014-07-16,23.208,23.208,23.079,23.144,5958,0
2014-07-17,23.144,23.163,22.941,22.941,45464,0
2014-07-18,23.007,23.153,22.988,23.108,37727,0
2014-07-21,23.144,23.144,23.024,23.024,15089,0
2014-07-22,23.144,23.163,23.134,23.144,21465,0
2014-07-23,23.124,23.124,23.108,23.124,2724,0
2014-07-24,23.124,23.124,23.098,23.098,7129,0
2014-07-25,23.054,23.062,22.961,22.97,27574,0
2014-07-28,22.961,23.007,22.895,22.988,48606,0
2014-07-29,23.024,23.034,22.886,22.886,13627,0
2014-07-30,22.923,22.932,22.768,22.834,22873,0
2014-07-31,22.703,22.741,22.401,22.429,14759,0
2014-08-01,22.373,22.466,22.319,22.401,21122,0
2014-08-04,22.391,22.558,22.3,22.558,19717,0
2014-08-05,22.466,22.503,22.3,22.355,16184,0
2014-08-06,22.207,22.355,22.207,22.338,7169,0
2014-08-07,22.355,22.429,22.217,22.245,30045,0
2014-08-08,22.309,22.512,22.282,22.512,11149,0
2014-08-11,22.585,22.668,22.585,22.604,8600,0
2014-08-12,22.566,22.585,22.503,22.585,15751,0
2014-08-13,22.594,22.731,22.594,22.711,13407,0
2014-08-14,22.741,22.806,22.721,22.797,21569,0
2014-08-15,22.851,22.895,22.668,22.788,25677,0
2014-08-18,22.961,22.988,22.913,22.98,9814,0
2014-08-19,22.997,23.144,22.997,23.124,17310,0
2014-08-20,23.124,23.227,23.108,23.217,27654,0
2014-08-21,23.227,23.309,23.217,23.263,89348,0
2014-08-22,23.246,23.271,23.173,23.227,13386,0
2014-08-25,23.319,23.338,23.263,23.309,10051,0
2014-08-26,23.309,23.366,23.29,23.309,17075,0
2014-08-27,23.309,23.319,23.271,23.299,4894,0
2014-08-28,23.246,23.309,23.208,23.299,25268,0
2014-08-29,23.338,23.338,23.255,23.319,16870,0
2014-09-02,23.348,23.348,23.217,23.28,33456,0
2014-09-03,23.309,23.392,23.28,23.28,99499,0
2014-09-04,23.319,23.427,23.29,23.329,48051,0
2014-09-05,23.329,23.437,23.309,23.41,12458,0
2014-09-08,23.456,23.456,23.329,23.374,17678,0
2014-09-09,23.309,23.382,23.271,23.28,47282,0
2014-09-10,23.227,23.356,23.217,23.338,234674,0
2014-09-11,23.309,23.356,23.227,23.356,14236,0
2014-09-12,23.356,23.356,23.173,23.217,16844,0
2014-09-15,23.19,23.271,23.181,23.246,81046,0
2014-09-16,23.255,23.456,23.227,23.401,29798,0
2014-09-17,23.427,23.474,23.366,23.427,29627,0
2014-09-18,23.456,23.529,23.456,23.529,18979,0
2014-09-19,23.584,23.613,23.494,23.529,22395,0
2014-09-22,23.502,23.502,23.319,23.348,28526,0
2014-09-23,23.329,23.338,23.19,23.19,30277,0
2014-09-24,23.189,23.392,23.172,23.374,37672,0
2014-09-25,23.356,23.356,23.042,23.052,127767,0
2014-09-26,23.069,23.254,23.052,23.226,19702,0
2014-09-29,23.133,23.189,23.014,23.172,43244,0
2014-09-30,23.189,23.216,23.069,23.106,24537,0
2014-10-01,23.077,23.077,22.803,22.84,45471,0
2014-10-02,22.774,22.874,22.589,22.821,55509,0
2014-10-03,22.938,23.114,22.893,23.106,29437,0
2014-10-06,23.172,23.189,22.995,23.069,31155,0
2014-10-07,23.005,23.022,22.746,22.756,20054,0
2014-10-08,22.737,23.152,22.708,23.152,33987,0
2014-10-09,23.096,23.309,22.7,22.708,56343,0
2014-10-10,22.765,22.811,22.524,22.524,63004,0
2014-10-13,22.561,22.58,22.183,22.192,33516,0
2014-10-14,22.341,22.423,22.209,22.267,46491,0
2014-10-15,22.079,22.147,21.684,22.088,130777,0
2014-10-16,21.972,22.201,21.72,22.079,40049,0
2014-10-17,22.247,22.432,22.209,22.384,61468,0
2014-10-20,22.267,22.524,22.267,22.516,72663,0
2014-10-21,22.654,22.84,22.599,22.84,73672,0
2014-10-22,22.902,22.958,22.717,22.717,24316,0
2014-10-23,23.014,23.106,22.938,22.977,114052,0
2014-10-24,23.106,23.181,22.977,23.181,35846,0
2014-10-27,23.975,23.975,23.032,23.152,32024,0
2014-10-28,23.329,23.402,23.226,23.374,63259,0
2014-10-29,23.457,23.485,23.235,23.374,43323,0
2014-10-30,23.356,23.653,23.338,23.503,40878,0
2014-10-31,23.881,23.881,23.624,23.782,40085,0
2014-11-03,23.881,23.881,23.67,23.67,56238,0
2014-11-04,23.762,23.762,23.586,23.686,26080,0
2014-11-05,23.835,23.891,23.724,23.871,112603,0
2014-11-06,23.863,23.931,23.743,23.911,105650,0
2014-11-07,23.968,23.968,23.853,23.939,44725,0
2014-11-10,23.975,24.068,23.931,24.048,71907,0
2014-11-11,24.068,24.122,24.001,24.048,15570,0
2014-11-12,24.028,24.068,23.975,24.058,28568,0
2014-11-13,24.096,24.15,23.975,24.068,36170,0
2014-11-14,24.131,24.131,23.991,24.048,32766,0
2014-11-17,24.068,24.087,24.001,24.087,38557,0
2014-11-18,24.14,24.235,24.068,24.186,59612,0
2014-11-19,24.253,24.253,24.115,24.215,32967,0
2014-11-20,24.196,24.253,24.131,24.244,51937,0
2014-11-21,24.52,24.556,24.334,24.382,40348,0
2014-11-24,24.53,24.53,24.409,24.466,59924,0
2014-11-25,24.556,24.556,24.409,24.466,387805,0
2014-11-26,24.437,24.547,24.437,24.53,19893,0
2014-11-28,24.565,24.565,24.466,24.484,18858,0
2014-12-01,24.418,25.6,24.316,24.389,54633,0
2014-12-02,24.382,24.565,24.382,24.53,126043,0
2014-12-03,24.612,24.631,24.537,24.603,58354,0
2014-12-04,24.631,24.631,24.428,24.583,71484,0
2014-12-05,24.661,24.661,24.53,24.603,62130,0
2014-12-08,24.603,24.603,24.306,24.418,94962,0
2014-12-09,24.27,24.399,24.122,24.399,82883,0
2014-12-10,24.437,24.437,23.958,24.011,74282,0
2014-12-11,24.169,24.326,24.077,24.15,91077,0
2014-12-12,24.02,24.048,23.743,23.772,82184,0
2014-12-15,23.881,24.02,23.513,23.653,117227,0
2014-12-16,23.558,24.001,23.521,23.521,1307780,0
2014-12-17,23.686,24.02,23.606,23.931,87015,0
2014-12-18,24.399,24.537,23.678,24.53,95919,0
2014-12-19,24.732,24.732,24.493,24.53,35172,0
2014-12-22,24.741,24.788,24.603,24.788,57278,0
2014-12-23,24.898,24.953,24.574,24.888,108770,0
2014-12-24,24.972,24.981,24.844,24.916,17554,0
2014-12-26,25.028,25.028,24.887,24.943,36103,0
2014-12-29,24.981,24.981,24.693,24.962,37629,0
2014-12-30,24.943,24.972,24.796,24.844,42376,0
2014-12-31,24.844,24.943,24.572,24.591,32405,0
2015-01-02,24.834,24.834,24.359,24.572,41690,0
2015-01-05,24.453,24.649,24.083,24.155,64793,0
2015-01-06,24.146,24.24,23.823,23.963,67946,0
2015-01-07,24.183,24.259,24.073,24.24,40267,0
2015-01-08,24.49,24.676,24.481,24.649,39288,0
2015-01-09,24.611,24.749,24.396,24.463,53186,0
2015-01-12,24.481,24.554,24.231,24.295,28160,0
2015-01-13,24.518,24.591,24.034,24.211,35535,0
2015-01-14,24.093,24.111,23.84,24.093,171488,0
2015-01-15,24.146,24.155,23.906,23.971,77462,0
2015-01-16,23.916,24.231,23.858,24.231,21839,0
2015-01-20,24.749,24.749,24.007,24.24,51929,0
2015-01-21,24.231,24.359,24.102,24.313,24725,0
2015-01-22,24.425,24.649,24.269,24.639,49299,0
2015-01-23,24.572,24.676,24.434,24.434,65658,0
2015-01-26,24.518,24.554,24.331,24.554,67261,0
2015-01-27,24.341,24.388,24.111,24.277,94767,0
2015-01-28,24.379,24.49,23.876,23.876,139106,0
2015-01-29,23.971,24.093,23.729,24.083,121438,0
2015-01-30,23.971,23.988,23.682,23.682,253840,0
2015-02-02,23.71,23.963,23.534,23.916,46209,0
2015-02-03,24.146,24.369,24.073,24.369,113162,0
2015-02-04,24.286,24.388,24.202,24.25,59983,0
2015-02-05,24.304,24.499,24.295,24.481,23238,0
2015-02-06,24.472,24.572,24.313,24.351,47999,0
2015-02-09,24.313,24.388,24.064,24.231,42089,0
2015-02-10,24.509,24.563,24.286,24.544,75145,0
2015-02-11,24.518,24.554,24.341,24.463,23304,0
2015-02-12,24.611,24.683,24.554,24.683,31876,0
2015-02-13,24.683,24.777,24.639,24.777,43124,0
2015-02-17,24.749,24.796,24.669,24.786,54039,0
2015-02-18,24.768,24.853,24.72,24.834,34211,0
2015-02-19,24.796,24.853,24.702,24.749,32507,0
2015-02-20,24.683,24.926,24.62,24.916,57946,0
2015-02-23,24.777,24.906,24.777,24.878,22808,0
2015-02-24,24.878,25.056,24.869,25.028,49582,0
2015-02-25,25.001,25.046,24.952,25.028,38173,0
2015-02-26,25.046,25.046,24.916,24.972,30379,0
2015-02-27,25.01,25.01,24.916,24.934,32659,0
2015-03-02,24.943,25.046,24.906,25.038,45096,0
2015-03-03,25.019,25.019,24.815,24.916,50705,0
2015-03-04,24.887,24.887,24.683,24.786,52756,0
2015-03-05,24.796,24.853,24.749,24.815,33769,0
2015-03-06,24.72,24.72,24.379,24.415,59768,0
2015-03-09,24.499,24.62,24.444,24.591,40887,0
2015-03-10,24.379,24.463,24.231,24.231,51893,0
2015-03-11,24.25,24.295,24.111,24.136,57824,0
2015-03-12,24.295,24.444,24.24,24.444,99685,0
2015-03-13,24.396,24.396,24.111,24.259,34631,0
2015-03-16,24.24,24.601,24.24,24.582,46066,0
2015-03-17,24.535,24.535,24.369,24.518,50705,0
2015-03-18,24.379,24.853,24.323,24.768,77784,0
2015-03-19,24.786,24.786,24.572,24.649,209293,0
2015-03-20,24.768,24.897,24.73,24.869,89758,0
2015-03-23,24.934,24.952,24.861,24.861,68936,0
2015-03-24,24.897,24.897,24.676,24.702,79188,0
2015-03-25,24.775,24.775,24.364,24.364,66039,0
2015-03-26,24.336,24.392,24.169,24.308,86086,0
2015-03-27,24.327,24.374,24.215,24.364,42774,0
2015-03-30,24.45,24.709,24.45,24.666,69788,0
2015-03-31,24.588,24.673,24.487,24.541,36449,0
2015-04-01,24.3,24.523,24.272,24.364,56495,0
2015-04-02,24.402,24.505,24.392,24.478,30446,0
2015-04-06,24.254,24.718,24.254,24.666,66573,0
2015-04-07,24.608,24.737,24.579,24.588,49650,0
2015-04-08,24.646,24.718,24.469,24.598,30446,0
2015-04-09,24.666,24.775,24.561,24.728,36763,0
2015-04-10,24.813,24.942,24.775,24.942,40631,0
2015-04-13,24.942,24.961,24.747,24.784,66573,0
2015-04-14,24.794,24.869,24.636,24.813,59177,0
2015-04-15,24.942,24.981,24.86,24.905,53172,0
2015-04-16,24.823,24.905,24.775,24.804,56839,0
2015-04-17,24.627,24.747,24.459,24.541,48779,0
2015-04-20,24.756,24.86,24.728,24.784,30137,0
2015-04-21,24.86,24.896,24.691,24.766,53399,0
2015-04-22,24.869,24.896,24.673,24.843,42903,0
2015-04-23,24.823,24.951,24.747,24.86,31410,0
2015-04-24,24.86,25.001,24.86,25.001,20582,0
2015-04-27,25.001,25.109,24.843,24.843,30770,0
2015-04-28,24.823,24.981,24.766,24.981,21014,0
2015-04-29,24.804,24.905,24.756,24.794,32911,0
2015-04-30,24.766,24.804,24.487,24.57,50174,0
2015-05-01,24.718,24.877,24.691,24.877,34947,0
2015-05-04,24.905,25.001,24.905,24.942,30338,0
2015-05-05,24.852,24.877,24.608,24.646,39772,0
2015-05-06,24.646,24.784,24.45,24.523,34773,0
2015-05-07,24.608,24.718,24.532,24.673,25331,0
2015-05-08,24.971,25.001,24.905,24.961,44490,0
2015-05-11,24.951,24.991,24.823,24.833,84047,0
2015-05-12,24.673,24.852,24.598,24.784,57331,0
2015-05-13,24.784,24.905,24.718,24.784,40845,0
2015-05-14,24.942,25.056,24.813,25.056,26693,0
2015-05-15,25.056,25.177,25.001,25.083,81943,0
2015-05-18,25.064,25.157,25.064,25.138,32533,0
2015-05-19,25.073,25.167,25.019,25.038,94447,0
2015-05-20,25.073,25.225,25.056,25.138,49207,0
2015-05-21,25.109,25.186,25.09,25.109,32695,0
2015-05-22,25.157,25.157,25.038,25.046,52746,0
2015-05-26,25.038,25.038,24.766,24.852,59117,0
2015-05-27,24.925,25.083,24.877,25.083,21761,0
2015-05-28,25.083,25.083,24.933,25.019,28799,0
2015-05-29,25.09,25.09,24.794,24.877,49314,0
2015-06-01,25.001,25.001,24.823,24.905,29588,0
2015-06-02,24.877,24.951,24.766,24.852,36536,0
2015-06-03,24.852,25.001,24.833,24.933,18547,0
2015-06-04,24.804,24.887,24.656,24.691,35057,0
2015-06-05,24.636,24.673,24.551,24.617,56819,0
2015-06-08,24.627,24.627,24.487,24.487,24871,0
2015-06-09,24.495,24.561,24.45,24.505,62059,0
2015-06-10,24.608,24.794,24.608,24.766,25574,0
2015-06-11,24.852,24.877,24.794,24.852,19328,0
2015-06-12,24.813,24.813,24.646,24.666,49207,0
2015-06-15,24.598,24.598,24.402,24.523,39236,0
2015-06-16,24.431,24.673,24.431,24.673,23369,0
2015-06-17,24.756,24.775,24.588,24.728,34091,0
2015-06-18,24.737,25.046,24.737,25.001,19403,0
2015-06-19,25.064,25.064,24.887,24.887,184284,0
2015-06-22,25.019,25.056,24.951,24.951,75687,0
2015-06-23,25.028,25.073,24.905,24.981,26252,0
2015-06-24,24.886,24.97,24.754,24.764,32064,0
2015-06-25,24.831,24.831,24.672,24.672,51664,0
2015-06-26,24.745,24.764,24.633,24.726,27805,0
2015-06-29,24.585,24.633,24.249,24.268,91719,0
2015-06-30,24.436,24.455,24.181,24.268,61647,0
2015-07-01,24.529,24.529,24.331,24.455,74353,0
2015-07-02,24.595,24.595,24.379,24.492,53369,0
2015-07-06,24.397,24.465,24.286,24.388,42078,0
2015-07-07,24.492,24.633,24.172,24.605,75208,0
2015-07-08,24.492,24.492,24.239,24.268,45699,0
2015-07-09,24.585,24.595,24.277,24.304,96300,0
2015-07-10,24.605,24.605,24.446,24.567,183333,0
2015-07-13,24.643,24.773,24.643,24.764,29721,0
2015-07-14,24.782,24.869,24.745,24.841,92666,0
2015-07-15,24.859,24.859,24.764,24.802,22408,0
2015-07-16,24.924,24.941,24.876,24.941,30892,0
2015-07-17,24.831,24.924,24.792,24.85,56781,0
2015-07-20,24.802,24.895,24.802,24.841,52518,0
2015-07-21,24.782,24.859,24.633,24.697,56033,0
2015-07-22,24.663,24.717,24.557,24.585,42078,0
2015-07-23,24.567,24.605,24.446,24.455,27805,0
2015-07-24,24.407,24.455,24.239,24.277,31958,0
2015-07-27,24.474,24.474,24.109,24.172,149350,0
2015-07-28,24.359,24.537,24.229,24.501,37605,0
2015-07-29,24.585,24.735,24.529,24.697,51771,0
2015-07-30,24.707,24.754,24.567,24.754,41118,0
2015-07-31,24.821,24.831,24.717,24.735,84157,0
2015-08-03,24.707,24.707,24.547,24.633,38809,0
2015-08-04,24.764,24.764,24.576,24.605,31104,0
2015-08-05,24.859,24.859,24.717,24.745,205382,0
2015-08-06,24.745,24.754,24.511,24.567,65692,0
2015-08-07,24.585,24.585,24.427,24.511,31637,0
2015-08-10,24.735,24.782,24.68,24.764,41971,0
2015-08-11,24.605,24.643,24.492,24.567,85571,0
2015-08-12,24.519,24.643,24.286,24.633,50387,0
2015-08-13,24.68,24.688,24.519,24.585,123251,0
2015-08-14,24.624,24.688,24.547,24.68,68711,0
2015-08-17,24.567,24.812,24.557,24.802,37818,0
2015-08-18,24.745,24.85,24.726,24.745,17789,0
2015-08-19,24.726,24.745,24.465,24.614,61144,0
2015-08-20,24.341,24.427,24.181,24.181,507705,0
2015-08-21,24.003,24.04,23.524,23.544,145301,0
2015-08-24,23.187,23.244,21.356,22.662,442367,0
2015-08-25,23.403,23.403,22.276,22.295,143598,0
2015-08-26,22.942,23.046,22.388,23.036,189618,0
2015-08-27,23.92,23.92,23.111,23.44,210922,0
2015-08-28,23.497,23.516,23.308,23.43,102050,0
2015-08-31,23.338,23.383,23.214,23.298,89268,0
2015-09-01,22.942,22.942,22.558,22.69,183861,0
2015-09-02,22.913,23.065,22.764,23.065,271002,0
2015-09-03,23.187,23.308,23.026,23.129,62744,0
2015-09-04,22.885,22.885,22.624,22.774,119524,0
2015-09-08,23.065,23.289,23.018,23.289,96619,0
2015-09-09,23.544,23.544,22.885,22.952,229139,0
2015-09-10,22.932,23.187,22.876,23.026,108607,0
2015-09-11,22.99,23.129,22.867,23.129,44954,0
2015-09-14,23.139,23.139,22.952,23.018,42078,0
2015-09-15,23.036,23.338,23.036,23.298,101519,0
2015-09-16,23.347,23.524,23.318,23.506,81814,0
2015-09-17,23.534,23.769,23.412,23.487,22156,0
2015-09-18,23.234,23.328,23.065,23.073,61254,0
2015-09-21,23.195,23.366,23.139,23.262,29721,0
2015-09-22,22.999,23.046,22.858,22.99,77337,0
2015-09-23,23.046,23.046,22.858,22.952,70947,0
2015-09-24,22.841,22.952,22.653,22.904,106886,0
2015-09-25,23.003,23.134,22.879,22.916,37247,0
2015-09-28,22.86,22.86,22.446,22.503,98478,0
2015-09-29,22.483,22.672,22.436,22.606,90471,0
2015-09-30,22.796,22.935,22.7,22.916,192795,0
2015-10-01,22.964,22.964,22.7,22.926,37565,0
2015-10-02,22.682,23.285,22.663,23.285,160310,0
2015-10-05,23.456,23.768,23.456,23.72,86887,0
2015-10-06,23.816,23.816,23.617,23.691,64865,0
2015-10-07,23.749,23.9,23.672,23.834,46560,0
2015-10-08,23.788,24.174,23.778,24.165,73119,0
2015-10-09,24.174,24.202,24.09,24.155,72906,0
2015-10-12,24.119,24.165,24.119,24.165,23706,0
2015-10-13,24.061,24.136,23.958,23.975,40634,0
2015-10-14,23.958,24.061,23.806,23.852,88038,0
2015-10-15,23.958,24.136,23.88,24.119,28992,0
2015-10-16,24.241,24.241,24.136,24.241,24230,0
2015-10-19,24.231,24.231,24.136,24.231,21375,0
2015-10-20,24.127,24.228,24.124,24.203,31857,0
2015-10-21,24.221,24.326,24.127,24.127,74494,0
2015-10-22,24.211,24.668,24.211,24.59,51320,0
2015-10-23,24.788,24.808,24.638,24.741,38516,0
2015-10-26,24.788,24.788,24.684,24.722,41267,0
2015-10-27,24.668,24.668,24.533,24.61,51955,0
2015-10-28,24.668,24.779,24.562,24.76,61159,0
2015-10-29,24.76,24.788,24.693,24.76,45501,0
2015-10-30,24.779,24.874,24.741,24.741,50262,0
2015-11-02,24.76,24.988,24.76,24.968,57870,0
2015-11-03,24.968,25.137,24.892,25.071,94071,0
2015-11-04,25.147,25.147,24.938,24.958,72400,0
2015-11-05,25.026,25.026,24.779,24.892,162955,0
2015-11-06,24.874,24.874,24.619,24.779,95444,0
2015-11-09,24.76,24.76,24.469,24.638,81779,0
2015-11-10,24.59,24.676,24.533,24.648,51533,0
2015-11-11,24.751,24.751,24.619,24.629,41479,0
2015-11-12,24.505,24.523,24.27,24.27,45713,0
2015-11-13,24.251,24.261,24.07,24.09,82960,0
2015-11-16,24.146,24.459,24.119,24.459,134598,0
2015-11-17,24.571,24.59,24.362,24.411,80948,0
2015-11-18,24.487,24.713,24.45,24.713,79254,0
2015-11-19,24.751,24.76,24.668,24.703,48569,0
2015-11-20,24.751,24.892,24.741,24.76,124228,0
2015-11-23,24.818,24.848,24.722,24.76,71001,0
2015-11-24,24.703,24.892,24.61,24.808,275860,0
2015-11-25,24.883,24.883,24.808,24.818,42007,0
2015-11-27,24.857,24.866,24.798,24.857,17777,0
2015-11-30,24.857,24.892,24.732,24.751,32273,0
2015-12-01,24.866,24.948,24.77,24.921,53135,0
2015-12-02,24.948,24.958,24.676,24.722,127989,0
2015-12-03,24.798,24.798,24.326,24.401,445680,0
2015-12-04,24.495,24.838,24.45,24.808,122533,0
2015-12-07,24.798,24.798,24.571,24.684,156605,0
2015-12-08,24.478,24.6,24.372,24.487,139159,0
2015-12-09,24.372,24.693,24.261,24.326,134068,0
2015-12-10,24.362,24.514,24.279,24.353,649599,0
2015-12-11,24.1,24.183,23.938,23.958,67191,0
2015-12-14,24.041,24.08,23.788,24.08,185067,0
2015-12-15,24.334,24.382,24.251,24.27,105498,0
2015-12-16,24.44,24.676,24.326,24.648,330461,0
2015-12-17,24.684,24.693,24.279,24.279,188774,0
2015-12-18,24.261,24.261,23.91,23.938,146342,0
2015-12-21,24.061,24.11,23.92,24.09,125178,0
2015-12-22,24.155,24.391,24.09,24.316,241955,0
2015-12-23,24.523,24.638,24.459,24.619,207080,0
2015-12-24,24.577,24.673,24.577,24.625,45954,0
2015-12-28,24.538,24.55,24.406,24.548,134704,0
2015-12-29,24.73,24.836,24.701,24.796,185058,0
2015-12-30,24.777,24.777,24.626,24.665,135703,0
2015-12-31,24.569,24.621,24.397,24.417,1823329,0
2016-01-04,24.045,24.055,23.8,24.055,109039,0
2016-01-05,24.14,24.187,23.988,24.14,101760,0
2016-01-06,23.79,23.961,23.742,23.809,59254,0
2016-01-07,23.522,23.703,23.314,23.362,340025,0
2016-01-08,23.522,23.532,23.076,23.076,156186,0
2016-01-11,23.199,23.238,22.905,23.143,126667,0
2016-01-12,23.285,23.391,23.048,23.343,246144,0
2016-01-13,23.428,23.428,22.782,22.849,130283,0
2016-01-14,22.982,23.324,22.811,23.187,131635,0
2016-01-15,22.543,22.839,22.491,22.74,400735,0
2016-01-19,22.972,23.001,22.602,22.802,121734,0
2016-01-20,22.525,22.677,22.027,22.534,236287,0
2016-01-21,22.543,22.829,22.381,22.62,131557,0
2016-01-22,23.019,23.019,22.821,23.019,355995,0
2016-01-25,22.982,22.982,22.675,22.696,94048,0
2016-01-26,22.802,23.076,22.802,23.038,110504,0
2016-01-27,22.982,23.285,22.762,22.924,146821,0
2016-01-28,23.085,23.085,22.811,23.046,80915,0
2016-01-29,23.105,23.599,23.105,23.599,135363,0
2016-02-01,23.418,23.648,23.334,23.561,908486,0
2016-02-02,23.343,23.343,23.085,23.173,209230,0
2016-02-03,23.314,23.379,22.905,23.353,128277,0
2016-02-04,23.37,23.552,23.285,23.457,181456,0
2016-02-05,23.37,23.37,23.055,23.163,115572,0
2016-02-08,22.924,23.03,22.677,22.982,112781,0
2016-02-09,22.762,23.153,22.696,22.962,758087,0
2016-02-10,23.076,23.218,22.867,22.924,888502,0
2016-02-11,22.525,22.753,22.45,22.63,440696,0
2016-02-12,22.839,23.095,22.772,23.067,78840,0
2016-02-16,23.409,23.475,23.209,23.447,101391,0
2016-02-17,23.674,23.775,23.569,23.742,1039269,0
2016-02-18,23.77,23.78,23.666,23.703,87037,0
2016-02-19,23.619,23.711,23.54,23.703,95164,0
2016-02-22,23.971,24.025,23.913,23.988,590172,0
2016-02-23,23.961,23.961,23.713,23.75,185042,0
2016-02-24,23.638,23.993,23.438,23.837,117129,0
2016-02-25,23.893,24.104,23.818,24.084,96462,0
2016-02-26,24.197,24.197,23.971,23.971,144276,0
2016-02-29,24.035,24.104,23.78,23.79,109631,0
2016-03-01,23.998,24.275,23.883,24.226,120827,0
2016-03-02,24.275,24.358,24.148,24.358,121202,0
2016-03-03,24.358,24.455,24.256,24.455,190800,0
2016-03-04,24.446,24.616,24.369,24.53,249908,0
2016-03-07,24.436,24.616,24.427,24.597,108684,0
2016-03-08,24.511,24.52,24.333,24.388,176049,0
2016-03-09,24.483,24.559,24.417,24.455,278432,0
2016-03-10,24.578,24.645,24.236,24.455,88688,0
2016-03-11,24.655,24.806,24.597,24.806,100813,0
2016-03-14,24.72,24.806,24.673,24.758,147625,0
2016-03-15,24.607,24.72,24.587,24.72,93985,0
2016-03-16,24.665,24.882,24.638,24.846,85689,0
2016-03-17,24.9,25.128,24.806,25.072,117353,0
2016-03-18,25.178,25.187,25.083,25.148,180801,0
2016-03-21,25.168,25.226,25.082,25.196,94806,0
2016-03-22,25.158,25.244,25.044,25.151,117459,0
2016-03-23,25.097,25.136,24.994,25.014,106880,0
2016-03-24,24.832,24.984,24.832,24.974,141407,0
2016-03-28,25.033,25.069,24.944,25.004,277425,0
2016-03-29,24.944,25.194,24.906,25.176,111815,0
2016-03-30,25.356,25.376,25.261,25.304,126543,0
2016-03-31,25.318,25.356,25.194,25.242,124619,0
2016-04-01,25.069,25.424,25.051,25.414,82425,0
2016-04-04,25.414,25.414,25.286,25.299,147775,0
2016-04-05,25.204,25.204,25.06,25.06,145175,0
2016-04-06,25.126,25.328,25.051,25.328,122059,0
2016-04-07,25.176,25.214,24.954,25.051,138377,0
2016-04-08,25.251,25.259,25.071,25.126,192576,0
2016-04-11,25.242,25.308,25.087,25.097,123680,0
2016-04-12,25.146,25.352,25.083,25.328,113825,0
2016-04-13,25.509,25.577,25.414,25.567,105016,0
2016-04-14,25.606,25.63,25.518,25.567,163175,0
2016-04-15,25.577,25.577,25.499,25.547,72744,0
2016-04-18,25.499,25.729,25.481,25.716,129805,0
2016-04-19,25.844,25.871,25.729,25.815,103422,0
2016-04-20,25.852,25.941,25.805,25.815,107676,0
2016-04-21,25.871,25.871,25.661,25.699,102758,0
2016-04-22,25.699,25.769,25.659,25.759,103945,0
2016-04-25,25.709,25.719,25.587,25.719,235123,0
2016-04-26,25.779,25.844,25.719,25.815,115304,0
2016-04-27,25.807,25.963,25.779,25.901,89763,0
2016-04-28,25.788,25.931,25.649,25.709,129042,0
2016-04-29,25.634,25.634,25.395,25.547,173522,0
2016-05-02,25.606,25.759,25.557,25.739,126970,0
2016-05-03,25.557,25.587,25.433,25.538,2374729,0
2016-05-04,25.443,25.515,25.338,25.405,229407,0
2016-05-05,25.481,25.509,25.356,25.405,96907,0
2016-05-06,25.356,25.499,25.299,25.49,114951,0
2016-05-09,25.499,25.557,25.433,25.499,121491,0
2016-05-10,25.634,25.815,25.62,25.798,127599,0
2016-05-11,25.788,25.791,25.597,25.597,139155,0
2016-05-12,25.759,25.759,25.496,25.607,94841,0
2016-05-13,25.653,25.653,25.348,25.376,78288,0
2016-05-16,25.443,25.671,25.414,25.606,116025,0
2016-05-17,25.625,25.625,25.277,25.347,119354,0
2016-05-18,25.289,25.49,25.224,25.328,127853,0
2016-05-19,25.233,25.318,25.126,25.299,261215,0
2016-05-20,25.395,25.509,25.347,25.433,93962,0
2016-05-23,25.481,25.481,25.356,25.356,63324,0
2016-05-24,25.452,25.754,25.452,25.709,170341,0
2016-05-25,25.844,25.941,25.785,25.881,664637,0
2016-05-26,25.969,25.969,25.84,25.871,113685,0
2016-05-27,25.951,25.979,25.862,25.979,64196,0
2016-05-31,26.073,26.073,25.844,25.96,131500,0
2016-06-01,25.931,26.039,25.807,26.006,160075,0
2016-06-02,25.979,26.083,25.911,26.083,219131,0
2016-06-03,26.044,26.103,25.884,26.054,120548,0
2016-06-06,26.151,26.226,26.083,26.17,252200,0
2016-06-07,26.246,26.294,26.2,26.207,76198,0
2016-06-08,26.265,26.303,26.226,26.284,84868,0
2016-06-09,26.16,26.265,26.134,26.246,131961,0
2016-06-10,26.112,26.132,25.988,26.073,171243,0
2016-06-13,26.006,26.064,25.844,25.852,84435,0
2016-06-14,25.807,25.852,25.699,25.815,83590,0
2016-06-15,25.931,25.931,25.769,25.779,86693,0
2016-06-16,25.699,25.901,25.547,25.881,126708,0
2016-06-17,25.921,25.921,25.709,25.825,169207,0
2016-06-20,26.132,26.187,25.96,25.979,140812,0
2016-06-21,26.066,26.085,25.965,26.036,81899,0
2016-06-22,26.075,26.173,25.98,25.98,78996,0
2016-06-23,26.21,26.317,26.163,26.317,98890,0
2016-06-24,25.576,25.872,25.365,25.432,627128,0
2016-06-27,25.113,25.239,24.891,25.009,264111,0
2016-06-28,26.461,26.461,25.172,25.422,416429,0
2016-06-29,25.689,25.853,25.615,25.835,207463,0
2016-06-30,25.961,26.223,25.835,26.219,193599,0
2016-07-01,26.229,26.337,26.2,26.267,336311,0
2016-07-05,26.239,26.239,26.017,26.095,282279,0
2016-07-06,25.998,26.237,25.906,26.219,2171490,0
2016-07-07,26.287,26.346,26.108,26.207,341914,0
2016-07-08,26.373,26.629,26.36,26.594,159763,0
2016-07-11,26.682,26.748,26.644,26.692,264191,0
2016-07-12,26.837,26.884,26.748,26.837,303403,0
2016-07-13,26.817,26.912,26.78,26.884,142153,0
2016-07-14,27.133,27.133,26.95,27.01,177587,0
2016-07-15,27.115,27.115,26.903,26.98,147314,0
2016-07-18,26.99,27.019,26.941,27.005,277509,0
2016-07-19,27,27,26.922,26.98,212884,0
2016-07-20,27.124,27.124,27.019,27.086,158753,0
2016-07-21,27.048,27.115,26.946,27.014,123472,0
2016-07-22,27.048,27.133,26.993,27.115,218624,0
2016-07-25,27.153,27.153,26.98,27.058,178229,0
2016-07-26,27.095,27.153,26.98,27.115,156875,0
2016-07-27,27.115,27.124,26.884,26.95,214068,0
2016-07-28,26.932,27.019,26.861,26.99,123183,0
2016-07-29,26.96,27.048,26.893,27.019,158896,0
2016-08-01,27.048,27.067,26.912,26.98,105814,0
2016-08-02,26.96,26.96,26.724,26.827,2167540,0
2016-08-03,26.856,26.874,26.748,26.874,221563,0
2016-08-04,26.932,26.95,26.856,26.903,190766,0
2016-08-05,26.99,27.067,26.968,27.058,110106,0
2016-08-08,27.124,27.124,27,27.028,143025,0
2016-08-09,27.076,27.115,26.99,27.019,101632,0
2016-08-10,27.019,27.061,26.941,26.97,117872,0
2016-08-11,27.095,27.153,27.048,27.115,74612,0
2016-08-12,27.115,27.124,27.046,27.095,130469,0
2016-08-15,27.191,27.221,27.153,27.153,157922,0
2016-08-16,27.133,27.133,27.028,27.028,175570,0
2016-08-17,27.076,27.095,26.922,27.076,120947,0
2016-08-18,27.105,27.153,27.072,27.143,92087,0
2016-08-19,27.143,27.143,27.038,27.124,128452,0
2016-08-22,27.124,27.124,27.028,27.105,99225,0
2016-08-23,27.221,27.251,27.133,27.153,130473,0
2016-08-24,27.153,27.153,27.014,27.048,106698,0
2016-08-25,27.048,27.115,27,27.028,119556,0
2016-08-26,27.105,27.211,26.884,26.99,153583,0
2016-08-29,27.058,27.172,27.048,27.133,100900,0
2016-08-30,27.191,27.191,27.028,27.086,350108,0
2016-08-31,27.086,27.086,26.922,26.98,233024,0
2016-09-01,26.98,27.058,26.866,27.019,135579,0
2016-09-02,27.153,27.191,27.062,27.143,169578,0
2016-09-06,27.191,27.191,27.019,27.133,134177,0
2016-09-07,27.124,27.124,27.025,27.076,73273,0
2016-09-08,27.058,27.075,26.99,27.028,111082,0
2016-09-09,26.903,26.903,26.402,26.402,212500,0
2016-09-12,26.277,26.787,26.277,26.748,106864,0
2016-09-13,26.594,26.594,26.287,26.355,222336,0
2016-09-14,26.327,26.48,26.229,26.267,476797,0
2016-09-15,26.258,26.565,26.239,26.508,77067,0
2016-09-16,26.49,26.49,26.307,26.402,129279,0
2016-09-19,26.547,26.584,26.402,26.441,105579,0
2016-09-20,26.614,26.614,26.461,26.461,172714,0
2016-09-21,26.565,26.718,26.435,26.702,109307,0
2016-09-22,26.837,26.882,26.777,26.837,120349,0
2016-09-23,26.856,26.856,26.692,26.711,117063,0
2016-09-26,26.56,26.575,26.44,26.445,217520,0
2016-09-27,26.455,26.629,26.398,26.609,225598,0
2016-09-28,26.697,26.754,26.53,26.745,155719,0
2016-09-29,26.745,26.762,26.444,26.494,215053,0
2016-09-30,26.649,26.803,26.621,26.745,263944,0
2016-10-03,26.706,26.706,26.57,26.619,528281,0
2016-10-04,26.697,26.697,26.445,26.513,137276,0
2016-10-05,26.589,26.69,26.589,26.639,159352,0
2016-10-06,26.659,26.687,26.531,26.659,351213,0
2016-10-07,26.706,26.706,26.455,26.57,119675,0
2016-10-10,26.678,26.735,26.589,26.619,82429,0
2016-10-11,26.589,26.589,26.221,26.33,281282,0
2016-10-12,26.348,26.415,26.275,26.367,116506,0
2016-10-13,26.261,26.348,26.088,26.27,218468,0
2016-10-14,26.425,26.465,26.28,26.294,188344,0
2016-10-17,26.31,26.32,26.19,26.212,120383,0
2016-10-18,26.405,26.445,26.27,26.33,146765,0
2016-10-19,26.386,26.396,26.267,26.358,162431,0
2016-10-20,26.339,26.399,26.231,26.33,249425,0
2016-10-21,26.3,26.386,26.202,26.358,226815,0
2016-10-24,26.513,26.522,26.425,26.484,139836,0
2016-10-25,26.445,26.513,26.405,26.425,161015,0
2016-10-26,26.396,26.542,26.369,26.455,174367,0
2016-10-27,26.58,26.58,26.386,26.405,199565,0
2016-10-28,26.425,26.474,26.24,26.348,313241,0
2016-10-31,26.396,26.445,26.339,26.358,301578,0
2016-11-01,26.425,26.425,26.018,26.165,250259,0
2016-11-02,26.182,26.182,26.009,26.057,242009,0
2016-11-03,26.155,26.155,25.949,25.999,248567,0
2016-11-04,25.981,26.096,25.929,25.932,228616,0
2016-11-07,26.29,26.474,26.268,26.474,204318,0
2016-11-08,26.494,26.649,26.394,26.56,147061,0
2016-11-09,26.57,27.066,26.435,26.957,566711,0
2016-11-10,27.151,27.268,27.011,27.18,293799,0
2016-11-11,27.2,27.2,27.026,27.18,465940,0
2016-11-14,27.26,27.344,27.18,27.23,344674,0
2016-11-15,27.364,27.374,27.18,27.364,547548,0
2016-11-16,27.344,27.344,27.23,27.297,203176,0
2016-11-17,27.315,27.384,27.287,27.364,273098,0
2016-11-18,27.424,27.424,27.298,27.325,241102,0
2016-11-21,27.462,27.491,27.354,27.49,492571,0
2016-11-22,27.588,27.588,27.453,27.558,324296,0
2016-11-23,27.558,27.608,27.513,27.608,682074,0
2016-11-25,27.683,27.712,27.656,27.702,164316,0
2016-11-28,27.637,27.702,27.568,27.588,322077,0
2016-11-29,27.628,27.722,27.578,27.665,595021,0
2016-11-30,27.792,27.792,27.628,27.628,990429,0
2016-12-01,27.692,27.692,27.548,27.608,536762,0
2016-12-02,27.618,27.674,27.548,27.598,352429,0
2016-12-05,27.742,27.792,27.665,27.722,307917,0
2016-12-06,27.812,27.82,27.677,27.812,405125,0
2016-12-07,27.84,28.17,27.773,28.17,1141045,0
2016-12-08,28.226,28.294,28.113,28.197,547767,0
2016-12-09,28.294,28.391,28.226,28.391,316023,0
2016-12-12,28.41,28.468,28.343,28.391,324545,0
2016-12-13,28.537,28.604,28.468,28.555,455375,0
2016-12-14,28.575,28.575,28.255,28.294,466679,0
2016-12-15,28.353,28.507,28.284,28.388,598841,0
2016-12-16,28.498,28.521,28.324,28.363,288080,0
2016-12-19,28.43,28.468,28.365,28.42,281418,0
2016-12-20,28.547,28.547,28.449,28.498,433517,0
2016-12-21,28.509,28.516,28.421,28.421,345884,0
2016-12-22,28.441,28.441,28.315,28.372,481691,0
2016-12-23,28.421,28.421,28.344,28.392,193911,0
2016-12-27,28.5,28.509,28.431,28.441,268153,0
2016-12-28,28.5,28.5,28.217,28.226,448032,0
2016-12-29,28.256,28.305,28.187,28.246,543240,0
2016-12-30,28.325,28.325,28.061,28.13,399528,0
2017-01-03,28.354,28.354,28.16,28.285,397375,0
2017-01-04,28.402,28.451,28.372,28.431,285651,0
2017-01-05,28.441,28.441,28.265,28.344,746206,0
2017-01-06,28.411,28.5,28.301,28.441,338249,0
2017-01-09,28.431,28.431,28.335,28.335,365145,0
2017-01-10,28.354,28.451,28.285,28.335,305186,0
2017-01-11,28.354,28.431,28.223,28.402,530945,0
2017-01-12,28.364,28.364,28.13,28.325,380335,0
2017-01-13,28.372,28.426,28.325,28.372,256992,0
2017-01-17,28.335,28.344,28.213,28.285,405145,0
2017-01-18,28.275,28.344,28.226,28.344,237383,0
2017-01-19,28.364,28.372,28.144,28.207,428676,0
2017-01-20,28.364,28.402,28.25,28.354,319047,0
2017-01-23,28.305,28.312,28.163,28.251,280000,0
2017-01-24,28.295,28.48,28.262,28.431,498417,0
2017-01-25,28.577,28.672,28.539,28.656,501997,0
2017-01-26,28.656,28.674,28.576,28.626,336661,0
2017-01-27,28.665,28.665,28.574,28.616,395619,0
2017-01-30,28.549,28.549,28.354,28.5,709104,0
2017-01-31,28.411,28.469,28.325,28.451,620784,0
2017-02-01,28.529,28.577,28.364,28.441,645552,0
2017-02-02,28.421,28.509,28.371,28.49,535783,0
2017-02-03,28.665,28.731,28.587,28.724,370279,0
2017-02-06,28.694,28.742,28.646,28.694,555582,0
2017-02-07,28.831,28.831,28.689,28.704,289139,0
2017-02-08,28.714,28.733,28.646,28.724,341888,0
2017-02-09,28.781,28.927,28.752,28.889,650512,0
2017-02-10,28.947,29.03,28.821,29.005,264250,0
2017-02-13,29.103,29.21,29.084,29.171,365587,0
2017-02-14,29.151,29.302,29.112,29.288,497303,0
2017-02-15,29.288,29.54,29.288,29.51,615887,0
2017-02-16,29.55,29.55,29.415,29.55,486129,0
2017-02-17,29.482,29.59,29.46,29.59,379509,0
2017-02-21,29.686,29.785,29.64,29.752,484773,0
2017-02-22,29.715,29.765,29.676,29.755,452400,0
2017-02-23,29.862,29.862,29.686,29.815,501131,0
2017-02-24,29.715,29.862,29.705,29.862,306411,0
2017-02-27,29.862,29.89,29.795,29.88,451745,0
2017-02-28,29.815,29.852,29.755,29.805,512317,0
2017-03-01,30.095,30.261,30.037,30.203,568779,0
2017-03-02,30.213,30.261,30.028,30.056,440762,0
2017-03-03,30.065,30.075,29.96,30.047,421247,0
2017-03-06,29.93,30.008,29.862,29.98,473970,0
2017-03-07,29.9,29.96,29.852,29.87,365126,0
2017-03-08,29.94,29.958,29.834,29.862,464532,0
2017-03-09,29.89,29.92,29.755,29.87,3250545,0
2017-03-10,30.018,30.028,29.88,30.008,557043,0
2017-03-13,30.008,30.018,29.915,30,377574,0
2017-03-14,29.95,29.95,29.834,29.92,365461,0
2017-03-15,30,30.213,29.97,30.165,607187,0
2017-03-16,30.203,30.203,30.042,30.125,337535,0
2017-03-17,30.165,30.165,30.047,30.065,317223,0
2017-03-20,30.065,30.075,29.963,30.008,430989,0
2017-03-21,30.095,30.105,29.63,29.667,522918,0
2017-03-22,29.667,29.745,29.57,29.725,404324,0
2017-03-23,29.705,29.843,29.64,29.686,451283,0
2017-03-24,29.746,29.796,29.54,29.659,509715,0
2017-03-27,29.463,29.649,29.384,29.62,401763,0
2017-03-28,29.59,29.869,29.556,29.816,428248,0
2017-03-29,29.776,29.826,29.716,29.786,442843,0
2017-03-30,29.786,29.901,29.736,29.872,656323,0
2017-03-31,29.844,29.88,29.786,29.796,340980,0
2017-04-03,29.816,29.826,29.557,29.716,548183,0
2017-04-04,29.686,29.736,29.62,29.736,1115380,0
2017-04-05,29.835,29.952,29.59,29.62,2767609,0
2017-04-06,29.649,29.771,29.58,29.686,393979,0
2017-04-07,29.677,29.756,29.613,29.677,338961,0
2017-04-10,29.716,29.806,29.61,29.686,459774,0
2017-04-11,29.63,29.659,29.454,29.659,496976,0
2017-04-12,29.64,29.64,29.482,29.53,514783,0
2017-04-13,29.482,29.55,29.316,29.335,499454,0
2017-04-17,29.404,29.58,29.374,29.58,974684,0
2017-04-18,29.482,29.55,29.394,29.502,482014,0
2017-04-19,29.58,29.6,29.391,29.434,461890,0
2017-04-20,29.53,29.726,29.482,29.659,325416,0
2017-04-21,29.649,29.696,29.59,29.649,254486,0
2017-04-24,29.932,30.002,29.902,29.932,282498,0
2017-04-25,30.078,30.206,30.03,30.187,553123,0
2017-04-26,30.148,30.274,30.128,30.128,285928,0
2017-04-27,30.206,30.245,30.128,30.206,248790,0
2017-04-28,30.235,30.235,30.059,30.078,322896,0
2017-05-01,30.177,30.177,30.055,30.118,294251,0
2017-05-02,30.148,30.168,30.05,30.118,1847723,0
2017-05-03,30.108,30.134,29.997,30.118,3876124,0
2017-05-04,30.158,30.177,30.04,30.158,898260,0
2017-05-05,30.206,30.255,30.128,30.245,461461,0
2017-05-08,30.274,30.274,30.193,30.245,399919,0
2017-05-09,30.284,30.284,30.138,30.206,419506,0
2017-05-10,30.196,30.226,30.133,30.226,344127,0
2017-05-11,30.158,30.177,29.982,30.148,332060,0
2017-05-12,30.108,30.108,30.035,30.098,403388,0
2017-05-15,30.148,30.264,30.148,30.255,362776,0
2017-05-16,30.304,30.324,30.167,30.235,270160,0
2017-05-17,30.002,30.05,29.759,29.776,1555226,0
2017-05-18,29.716,29.927,29.649,29.816,559125,0
2017-05-19,29.882,30.059,29.838,30.002,408585,0
2017-05-22,30.059,30.158,30.01,30.138,264113,0
2017-05-23,30.187,30.226,30.138,30.206,1260091,0
2017-05-24,30.245,30.264,30.168,30.255,268947,0
2017-05-25,30.334,30.441,30.289,30.412,260077,0
2017-05-26,30.392,30.421,30.373,30.412,294820,0
2017-05-30,30.363,30.412,30.324,30.392,229073,0
2017-05-31,30.451,30.451,30.324,30.421,328383,0
2017-06-01,30.48,30.637,30.431,30.637,262389,0
2017-06-02,30.695,30.783,30.637,30.744,300214,0
2017-06-05,30.744,30.754,30.685,30.715,420977,0
2017-06-06,30.617,30.657,30.539,30.578,313414,0
2017-06-07,30.637,30.657,30.558,30.647,505992,0
2017-06-08,30.647,30.725,30.578,30.647,243644,0
2017-06-09,30.685,30.813,30.598,30.764,336140,0
2017-06-12,30.735,30.783,30.666,30.764,293441,0
2017-06-13,30.813,30.901,30.783,30.891,393779,0
2017-06-14,30.93,30.96,30.783,30.901,275470,0
2017-06-15,30.725,30.891,30.704,30.891,481361,0
2017-06-16,30.871,30.891,30.695,30.852,162862,0
2017-06-19,30.96,31.077,30.93,31.077,296526,0
2017-06-20,30.979,31.028,30.871,30.871,478535,0
2017-06-21,30.93,30.95,30.804,30.842,292534,0
2017-06-22,30.861,30.911,30.794,30.861,276398,0
2017-06-23,30.871,30.92,30.793,30.891,456496,0
2017-06-26,30.969,31.018,30.888,30.901,266935,0
2017-06-27,30.907,30.956,30.739,30.759,944150,0
2017-06-28,30.887,31.021,30.877,30.975,392360,0
2017-06-29,31.123,31.123,30.592,30.759,409863,0
2017-06-30,30.887,30.926,30.783,30.828,281857,0
2017-07-03,30.936,31.08,30.936,30.946,177938,0
2017-07-05,30.995,30.995,30.854,30.956,357749,0
2017-07-06,30.887,30.887,30.675,30.71,449080,0
2017-07-07,30.769,30.897,30.746,30.887,239510,0
2017-07-10,30.867,30.902,30.831,30.848,441853,0
2017-07-11,30.838,30.838,30.651,30.788,254853,0
2017-07-12,30.897,30.995,30.897,30.956,301099,0
2017-07-13,30.985,31.03,30.917,31.015,1071722,0
2017-07-14,31.015,31.192,31.005,31.143,488234,0
2017-07-17,31.133,31.162,31.074,31.113,313174,0
2017-07-18,31.045,31.103,30.965,31.103,698180,0
2017-07-19,31.133,31.222,31.103,31.222,406929,0
2017-07-20,31.252,31.265,31.143,31.232,359918,0
2017-07-21,31.172,31.212,31.113,31.212,319595,0
2017-07-24,31.182,31.182,31.089,31.152,286565,0
2017-07-25,31.31,31.338,31.236,31.3,347810,0
2017-07-26,31.33,31.33,31.182,31.222,340776,0
2017-07-27,31.222,31.244,31.015,31.162,353846,0
2017-07-28,31.103,31.138,30.995,31.123,260146,0
2017-07-31,31.192,31.242,31.162,31.182,559146,0
2017-08-01,31.3,31.3,31.162,31.242,398521,0
2017-08-02,31.252,31.281,31.167,31.261,577115,0
2017-08-03,31.252,31.281,31.216,31.261,301123,0
2017-08-04,31.315,31.369,31.252,31.31,287579,0
2017-08-07,31.32,31.339,31.281,31.339,206906,0
2017-08-08,31.29,31.459,31.242,31.3,257974,0
2017-08-09,31.232,31.32,31.162,31.32,235606,0
2017-08-10,31.202,31.212,30.965,30.975,400772,0
2017-08-11,30.956,31.082,30.956,31.005,624767,0
2017-08-14,31.172,31.29,31.152,31.281,329687,0
2017-08-15,31.349,31.349,31.242,31.29,628077,0
2017-08-16,31.33,31.417,31.295,31.339,284840,0
2017-08-17,31.261,31.281,30.867,30.887,358921,0
2017-08-18,30.858,30.965,30.759,30.798,375301,0
2017-08-21,30.798,30.887,30.71,30.867,234811,0
2017-08-22,30.956,31.162,30.946,31.143,354894,0
2017-08-23,31.045,31.084,30.985,31.025,216597,0
2017-08-24,31.074,31.103,30.946,30.946,336259,0
2017-08-25,31.055,31.162,31.02,31.035,189527,0
2017-08-28,31.123,31.123,30.993,31.025,314009,0
2017-08-29,30.877,31.103,30.877,31.064,264456,0
2017-08-30,31.074,31.196,31.055,31.152,254424,0
2017-08-31,31.281,31.349,31.209,31.3,395439,0
2017-09-01,31.379,31.422,31.359,31.369,467125,0
2017-09-05,31.29,31.3,31.005,31.103,1561178,0
2017-09-06,31.212,31.271,31.172,31.242,367945,0
2017-09-07,31.3,31.3,31.182,31.261,293103,0
2017-09-08,31.222,31.339,31.172,31.281,183895,0
2017-09-11,31.459,31.664,31.459,31.664,238526,0
2017-09-12,31.733,31.813,31.713,31.793,356790,0
2017-09-13,31.783,31.803,31.753,31.783,339202,0
2017-09-14,31.763,31.852,31.743,31.852,245715,0
2017-09-15,31.861,31.9,31.813,31.9,362108,0
2017-09-18,31.95,31.98,31.91,31.96,300995,0
2017-09-19,31.99,32.019,31.94,31.98,308730,0
2017-09-20,32.019,32.029,31.88,32.019,352084,0
2017-09-21,32.019,32.039,31.91,31.92,266930,0
2017-09-22,31.9,31.96,31.89,31.93,302980,0
2017-09-25,31.93,31.99,31.832,31.96,282381,0
2017-09-26,32,32.01,31.91,31.92,494641,0
2017-09-27,32.029,32.029,31.841,32,355564,0
2017-09-28,31.98,32.063,31.955,32.059,403948,0
2017-09-29,32.049,32.128,32,32.118,260567,0
2017-10-02,32.168,32.276,32.122,32.276,601470,0
2017-10-03,32.316,32.326,32.246,32.326,620919,0
2017-10-04,32.316,32.376,32.291,32.346,315081,0
2017-10-05,32.385,32.514,32.346,32.494,355819,0
2017-10-06,32.474,32.494,32.395,32.454,335782,0
2017-10-09,32.514,32.514,32.371,32.395,237325,0
2017-10-10,32.484,32.534,32.425,32.524,328597,0
2017-10-11,32.534,32.583,32.494,32.583,339747,0
2017-10-12,32.554,32.612,32.524,32.573,224104,0
2017-10-13,32.632,32.652,32.544,32.573,305592,0
2017-10-16,32.622,32.632,32.545,32.593,310932,0
2017-10-17,32.583,32.632,32.549,32.632,327954,0
2017-10-18,32.712,32.78,32.674,32.742,412752,0
2017-10-19,32.642,32.83,32.593,32.83,459855,0
2017-10-20,32.969,32.988,32.87,32.988,280454,0
2017-10-23,33.028,33.065,32.929,32.959,402242,0
2017-10-24,33.018,33.046,32.939,32.988,458833,0
2017-10-25,32.959,33.008,32.682,32.86,509217,0
2017-10-26,32.959,33.018,32.91,32.929,437969,0
2017-10-27,32.959,33.028,32.87,33.008,280242,0
2017-10-30,32.91,32.91,32.761,32.81,320121,0
2017-10-31,32.84,32.86,32.771,32.81,307057,0
2017-11-01,32.89,32.997,32.84,32.88,416874,0
2017-11-02,32.89,32.939,32.754,32.939,307623,0
2017-11-03,32.959,33.068,32.89,33.058,326077,0
2017-11-06,33.058,33.058,32.998,32.998,518878,0
2017-11-07,33.048,33.087,32.939,33.018,308880,0
2017-11-08,32.998,33.108,32.969,33.098,335230,0
2017-11-09,32.959,33.016,32.763,32.969,449227,0
2017-11-10,32.939,32.969,32.872,32.959,345698,0
2017-11-13,32.89,33.066,32.88,33.028,399194,0
2017-11-14,32.929,33.048,32.791,33.038,486646,0
2017-11-15,32.89,32.959,32.791,32.86,601218,0
2017-11-16,33.018,33.206,32.998,33.157,328407,0
2017-11-17,33.098,33.111,33.038,33.058,329482,0
2017-11-20,33.098,33.147,33.048,33.127,308840,0
2017-11-21,33.246,33.344,33.226,33.315,393635,0
2017-11-22,33.325,33.336,33.196,33.226,1088081,0
2017-11-24,33.305,33.314,33.274,33.276,124978,0
2017-11-27,33.315,33.359,33.286,33.315,922136,0
2017-11-28,33.384,33.74,33.364,33.74,354330,0
2017-11-29,33.79,33.967,33.79,33.918,393539,0
2017-11-30,34.018,34.354,34.018,34.186,467984,0
2017-12-01,34.176,34.225,33.652,34.126,537059,0
2017-12-04,34.384,34.512,34.274,34.274,375604,0
2017-12-05,34.324,34.324,34.086,34.116,605889,0
2017-12-06,34.086,34.146,34.047,34.067,391748,0
2017-12-07,34.067,34.156,34.037,34.106,614257,0
2017-12-08,34.176,34.264,34.146,34.264,507539,0
2017-12-11,34.284,34.364,34.245,34.364,484946,0
2017-12-12,34.433,34.482,34.354,34.433,330183,0
2017-12-13,34.452,34.542,34.423,34.433,306986,0
2017-12-14,34.472,34.492,34.245,34.254,361589,0
2017-12-15,34.433,34.611,34.393,34.542,400540,0
2017-12-18,34.74,34.818,34.67,34.71,552658,0
2017-12-19,34.789,34.789,34.61,34.62,605523,0
2017-12-20,34.759,34.759,34.587,34.61,422101,0
2017-12-21,34.73,34.759,34.63,34.65,557652,0
2017-12-22,34.7,34.73,34.575,34.66,342947,0
2017-12-26,34.63,34.67,34.57,34.61,265934,0
2017-12-27,34.63,34.68,34.59,34.64,364137,0
2017-12-28,34.73,34.73,34.64,34.72,298520,0
2017-12-29,34.799,34.809,34.57,34.59,408873,0
2018-01-02,34.72,34.73,34.614,34.71,736249,0
2018-01-03,34.75,34.885,34.71,34.869,687316,0
2018-01-04,34.988,35.137,34.948,35.048,597791,0
2018-01-05,35.197,35.306,35.122,35.287,672190,0
2018-01-08,35.257,35.316,35.187,35.316,828341,0
2018-01-09,35.376,35.495,35.346,35.406,714434,0
2018-01-10,35.336,35.416,35.216,35.366,575997,0
2018-01-11,35.456,35.595,35.406,35.595,1313670,0
2018-01-12,35.704,35.863,35.645,35.844,618011,0
2018-01-16,36.032,36.132,35.689,35.794,778844,0
2018-01-17,35.973,36.231,35.882,36.172,586700,0
2018-01-18,36.172,36.202,36.016,36.092,1026635,0
2018-01-19,36.172,36.291,36.132,36.291,572203,0
2018-01-22,36.291,36.49,36.251,36.49,2093696,0
2018-01-23,36.46,36.526,36.395,36.46,665931,0
2018-01-24,36.56,36.633,36.311,36.49,697133,0
2018-01-25,36.609,36.639,36.43,36.57,771276,0
2018-01-26,36.679,36.997,36.629,36.997,532825,0
2018-01-29,36.977,37.017,36.758,36.778,628811,0
2018-01-30,36.48,36.579,36.261,36.321,1041937,0
2018-01-31,36.47,36.5,36.073,36.251,575742,0
2018-02-01,36.112,36.381,36.082,36.202,982102,0
2018-02-02,36.003,36.102,35.505,35.525,1168937,0
2018-02-05,35.197,35.5,33.825,34.063,1674677,0
2018-02-06,33.417,34.66,33.238,34.59,2126066,0
2018-02-07,34.491,35.028,34.431,34.531,1131473,0
2018-02-08,34.511,34.511,33.278,33.278,1588914,0
2018-02-09,33.685,34.043,32.761,33.805,1305042,0
2018-02-12,34.063,34.441,33.825,34.242,1013945,0
2018-02-13,34.113,34.431,34.014,34.372,675352,0
2018-02-14,34.769,34.809,34.769,34.769,985691,0
2018-02-15,35.038,35.227,34.71,35.217,569060,0
2018-02-16,35.177,35.58,35.177,35.316,647050,0
2018-02-20,34.998,35.266,34.998,34.998,633810,0
2018-02-21,35.028,35.386,34.804,34.809,465496,0
2018-02-22,34.929,35.147,34.75,34.829,677603,0
2018-02-23,35.018,35.306,34.904,35.306,599153,0
2018-02-26,35.466,35.739,35.382,35.724,567354,0
2018-02-27,35.734,35.853,35.277,35.287,666355,0
2018-02-28,35.406,35.484,34.849,34.849,498975,0
2018-03-01,34.829,35.078,34.173,34.401,805493,0
2018-03-02,34.133,34.6,34.043,34.541,761039,0
2018-03-05,34.382,34.998,34.332,34.909,452479,0
2018-03-06,35.038,35.059,34.71,34.929,459127,0
2018-03-07,34.61,34.908,34.541,34.859,560059,0
2018-03-08,34.938,35.068,34.816,35.048,372177,0
2018-03-09,35.247,35.635,35.177,35.625,522951,0
2018-03-12,35.664,35.744,35.456,35.495,870625,0
2018-03-13,35.655,35.734,35.262,35.346,419781,0
2018-03-14,35.495,35.505,34.988,35.078,344656,0
2018-03-15,35.127,35.257,35.006,35.078,310283,0
2018-03-16,35.078,35.291,35.078,35.137,354635,0
2018-03-19,35.078,35.078,34.5,34.74,730469,0
2018-03-20,34.829,34.869,34.68,34.759,278667,0
2018-03-21,34.75,35,34.66,34.66,460396,0
2018-03-22,34.38,34.48,33.73,33.78,719629,0
2018-03-23,33.85,33.9217,33.05,33.08,954822,0
2018-03-26,33.56,33.97,33.32,33.94,771778,0
2018-03-27,34.07,34.15,33.28,33.49,672469,0
2018-03-28,33.55,33.82,33.38,33.49,692897,0
2018-03-29,33.69,34.1,33.61,33.9,741889,0
