Date,Open,High,Low,Close,Volume,OpenInt
2010-12-13,989.44,1008.67,977.2,1002.93,3554,0
2010-12-14,998.68,1013.17,983.95,1002.68,3350,0
2010-12-15,1026.4,1043.63,1004.92,1039.89,2898,0
2010-12-16,1046.88,1092.33,1046.88,1071.6,2924,0
2010-12-17,1068.11,1093.08,1059.62,1070.6,662,0
2010-12-20,1054.37,1076.1,1046.38,1053.87,1977,0
2010-12-21,1047.38,1071.1,1046.88,1057.37,521,0
2010-12-22,1056.12,1080.59,1056.12,1079.84,501,0
2010-12-23,1079.59,1087.09,1049.63,1063.61,337,0
2010-12-27,1062.86,1096.83,1062.86,1077.1,1021,0
2010-12-28,1035.39,1054.62,1016.91,1019.66,1417,0
2010-12-29,1013.17,1021.91,1003.93,1013.17,349,0
2010-12-30,1010.17,1034.39,1004.18,1028.65,307,0
2010-12-31,1022.16,1022.16,999.93,1008.42,1011,0
2011-01-03,992.94,1042.38,991.19,1031.4,1356,0
2011-01-04,1053.37,1123.3,1049.88,1089.33,2247,0
2011-01-05,1114.56,1142.78,1105.57,1117.3,1292,0
2011-01-06,1116.06,1181.49,1116.06,1174.74,2200,0
2011-01-07,1189.48,1189.48,1136.53,1175.24,2117,0
2011-01-10,1169,1192.97,1163.25,1167.5,667,0
2011-01-11,1133.29,1150.27,1119.8,1121.3,838,0
2011-01-12,1115.56,1150.02,1115.56,1124.55,980,0
2011-01-13,1117.55,1212.7,1117.3,1199.97,1725,0
2011-01-14,1221.69,1260.4,1221.69,1248.41,3328,0
2011-01-18,1216.7,1222.44,1195.22,1207.21,2552,0
2011-01-19,1181.24,1243.42,1180.99,1229.43,2008,0
2011-01-20,1279.38,1313.09,1256.66,1261.65,6151,0
2011-01-21,1267.89,1290.62,1248.66,1288.62,2134,0
2011-01-24,1289.62,1328.33,1264.15,1315.09,4481,0
2011-01-25,1346.81,1360.04,1320.34,1332.82,5099,0
2011-01-26,1334.57,1337.07,1225.44,1226.94,6941,0
2011-01-27,1232.93,1308.35,1232.68,1291.12,7278,0
2011-01-28,1309.85,1312.1,1216.2,1262.9,5681,0
2011-01-31,1269.14,1302.61,1254.41,1280.88,2925,0
2011-02-01,1247.66,1273.89,1195.72,1207.46,4056,0
2011-02-02,1202.46,1246.92,1201.71,1229.43,2754,0
2011-02-03,1217.2,1244.42,1152.52,1158.01,4254,0
2011-02-04,1143.03,1181.98,1139.53,1174.74,2546,0
2011-02-07,1155.76,1178.74,1150.52,1176.74,1468,0
2011-02-08,1140.03,1147.52,1120.8,1123.55,2190,0
2011-02-09,1125.8,1169.75,1112.56,1158.01,1771,0
2011-02-10,1184.98,1208.71,1168,1179.24,1696,0
2011-02-11,1174.49,1197.97,1149.52,1194.47,837,0
2011-02-14,1170.75,1172.5,1151.02,1159.51,2962,0
2011-02-15,1131.29,1133.54,1107.07,1116.8,3649,0
2011-02-16,1108.31,1135.78,1099.32,1103.57,4368,0
2011-02-18,1065.36,1070.35,1035.14,1058.37,3194,0
2011-02-22,1012.92,1077.85,1010.92,1075.6,3007,0
2011-02-23,1064.36,1067.86,1018.66,1035.64,4985,0
2011-02-24,1026.15,1103.57,1025.65,1101.07,6510,0
2011-02-25,1078.35,1081.84,1054.37,1054.37,1652,0
2011-02-28,1042.13,1053.87,1021.66,1021.66,1252,0
2011-03-01,1004.18,1007.17,979.45,990.44,1624,0
2011-03-02,976.21,1001.18,976.21,985.94,615,0
2011-03-03,1012.17,1039.64,1009.92,1014.91,1438,0
2011-03-04,1009.67,1009.67,987.19,1000.68,1348,0
2011-03-07,974.21,1020.66,937.25,1014.16,597,0
2011-03-08,1021.41,1058.87,1019.91,1032.4,1604,0
2011-03-09,1020.16,1060.86,1018.91,1051.13,1171,0
2011-03-10,1099.57,1133.04,1093.33,1124.8,2840,0
2011-03-11,1146.27,1151.77,1069.36,1084.09,2154,0
2011-03-14,1085.84,1111.31,1078.6,1089.08,786,0
2011-03-15,1196.22,1197.97,1129.79,1136.78,3305,0
2011-03-16,1139.53,1206.46,1117.55,1186.98,3925,0
2011-03-17,1164,1188.98,1155.51,1167.25,1064,0
2011-03-18,1136.03,1147.77,1110.81,1128.79,1851,0
2011-03-21,1082.84,1102.57,1071.85,1071.85,1243,0
2011-03-22,1081.09,1091.83,1052.12,1063.61,1227,0
2011-03-23,1054.37,1058.37,983.7,989.94,2516,0
2011-03-24,997.68,1004.18,953.73,996.93,2206,0
2011-03-25,989.94,1022.41,978.45,1013.91,1692,0
2011-03-28,1034.39,1050.63,1015.16,1049.13,1839,0
2011-03-29,1050.38,1062.86,1020.16,1046.63,949,0
2011-03-30,1014.66,1041.14,1004.18,1005.92,1635,0
2011-03-31,983.45,994.19,975.71,991.69,813,0
2011-04-01,996.18,1013.67,987.69,1002.43,2175,0
2011-04-04,987.19,1002.68,972.46,999.93,717,0
2011-04-05,999.93,1004.42,903.28,904.28,2157,0
2011-04-06,886.55,912.77,879.06,900.29,2468,0
2011-04-07,905.53,912.77,882.31,907.03,1338,0
2011-04-08,875.31,885.05,862.83,869.07,1286,0
2011-04-11,872.57,932.5,872.32,917.02,2193,0
2011-04-12,931.5,961.47,917.77,946.99,2854,0
2011-04-13,928.76,962.97,925.26,953.48,1346,0
2011-04-14,947.49,955.73,920.51,930.25,2119,0
2011-04-15,931.25,946.74,923.01,936,1339,0
2011-04-18,937,992.19,937,954.23,1887,0
2011-04-19,952.73,961.72,927.01,928.51,1964,0
2011-04-20,904.78,915.27,884.55,914.77,2765,0
2011-04-21,896.29,910.28,889.55,898.54,1412,0
2011-04-25,893.04,947.99,892.54,942.99,2609,0
2011-04-26,952.73,981.95,952.73,971.21,2456,0
2011-04-27,957.23,991.44,920.27,924.51,2016,0
2011-04-28,914.52,939,897.04,934.5,1823,0
2011-04-29,931.75,936.25,899.04,907.28,1201,0
2011-05-02,929.01,982.7,909.28,966.97,3409,0
2011-05-03,980.45,1049.63,972.96,1028.15,4960,0
2011-05-04,1023.9,1069.36,1006.17,1025.65,5466,0
2011-05-05,1059.87,1132.04,1037.89,1103.57,8565,0
2011-05-06,1071.1,1108.06,1042.38,1098.32,5732,0
2011-05-09,1072.6,1093.83,1056.12,1058.12,3148,0
2011-05-10,1054.62,1075.6,1048.63,1072.35,1795,0
2011-05-11,1080.84,1159.51,1069.61,1141.53,4023,0
2011-05-12,1170.75,1199.97,1130.79,1157.26,4249,0
2011-05-13,1150.02,1210.7,1128.79,1175.74,2622,0
2011-05-16,1172.99,1189.98,1121.55,1164,4023,0
2011-05-17,1192.47,1199.72,1136.28,1141.53,2751,0
2011-05-18,1125.05,1137.78,1103.07,1126.29,5051,0
2011-05-19,1125.05,1138.78,1107.56,1116.06,5960,0
2011-05-20,1127.54,1157.51,1080.34,1108.56,2604,0
2011-05-23,1124.55,1141.03,1089.33,1127.04,2777,0
2011-05-24,1104.32,1104.82,1063.36,1075.1,2718,0
2011-05-25,1068.86,1080.34,1040.64,1059.62,1617,0
2011-05-26,1057.62,1083.09,1054.12,1057.62,2982,0
2011-05-27,1043.38,1043.38,1019.41,1025.4,5008,0
2011-05-31,1007.92,1042.13,1005.67,1017.41,4573,0
2011-06-01,1021.41,1056.62,1009.42,1055.37,1576,0
2011-06-02,1052.12,1099.07,1032.4,1071.1,3458,0
2011-06-03,1085.34,1094.33,1058.87,1076.35,3778,0
2011-06-06,1087.34,1146.52,1071.85,1140.53,3845,0
2011-06-07,1121.05,1155.51,1111.81,1147.52,2388,0
2011-06-08,1172.5,1222.44,1157.76,1197.47,6160,0
2011-06-09,1186.23,1202.96,1139.28,1155.26,2554,0
2011-06-10,1181.24,1216.2,1178.74,1196.97,3525,0
2011-06-13,1208.46,1251.66,1187.23,1235.68,6061,0
2011-06-14,1221.94,1222.19,1179.49,1196.47,5498,0
2011-06-15,1212.45,1233.93,1166.25,1210.7,5220,0
2011-06-16,1217.2,1298.36,1212.7,1268.14,8394,0
2011-06-17,1267.39,1276.13,1223.69,1258.4,3475,0
2011-06-20,1258.15,1258.15,1225.19,1245.67,3748,0
2011-06-21,1222.69,1247.66,1154.76,1161.01,2873,0
2011-06-22,1159.01,1160.51,1102.32,1132.79,5332,0
2011-06-23,1189.48,1219.2,1161.26,1162.01,5296,0
2011-06-24,1166.5,1227.19,1166.25,1221.69,4892,0
2011-06-27,1239.17,1256.66,1209.96,1224.19,3858,0
2011-06-28,1210.7,1232.18,1180.99,1188.73,4926,0
2011-06-29,1170.5,1174.24,1111.06,1138.03,3202,0
2011-06-30,1127.04,1152.52,1120.55,1129.29,4388,0
2011-07-01,1146.77,1192.72,1146.77,1165.75,5954,0
2011-07-05,1109.06,1128.54,1078.6,1091.33,3367,0
2011-07-06,1074.1,1080.84,1051.37,1062.86,2128,0
2011-07-07,1048.63,1058.62,1033.14,1058.37,3283,0
2011-07-08,1045.88,1069.61,1034.14,1058.62,2434,0
2011-07-11,1052.87,1093.83,1038.14,1081.59,3774,0
2011-07-12,1083.84,1083.84,1000.18,1015.16,4217,0
2011-07-13,984.7,986.44,923.26,946.74,7913,0
2011-07-14,922.76,964.22,921.01,958.72,6839,0
2011-07-15,952.98,956.48,931.75,933.25,2831,0
2011-07-18,913.02,914.27,892.54,903.28,4381,0
2011-07-19,897.29,941.74,895.04,931.75,7571,0
2011-07-20,943.24,950.48,905.53,911.77,4583,0
2011-07-21,906.78,929.01,898.54,920.27,3517,0
2011-07-22,909.53,916.02,891.55,898.29,2084,0
2011-07-25,876.81,916.52,871.32,913.27,3289,0
2011-07-26,915.27,925.51,904.03,912.77,4632,0
2011-07-27,900.29,969.46,892.79,967.71,5943,0
2011-07-28,978.95,1009.67,973.21,978.95,7390,0
2011-07-29,987.44,1023.65,986.44,1019.66,6195,0
2011-08-01,1019.66,1024.9,972.46,1001.18,8140,0
2011-08-02,975.71,991.44,944.99,966.22,7620,0
2011-08-03,944.49,949.23,921.76,939.74,2288,0
2011-08-04,925.76,1075.85,925.26,1045.63,8794,0
2011-08-05,1035.89,1122.05,998.93,1062.61,14001,0
2011-08-08,1026.4,1066.61,963.97,1065.36,11826,0
2011-08-09,1023.65,1082.59,975.21,975.21,11139,0
2011-08-10,975.46,1005.67,882.56,911.52,5709,0
2011-08-11,933,965.47,891.55,902.28,6745,0
2011-08-12,923.76,949.98,915.02,921.26,3334,0
2011-08-15,925.51,938.5,866.82,869.57,6422,0
2011-08-16,869.82,894.29,860.58,887.3,2628,0
2011-08-17,884.05,885.3,849.59,872.82,2394,0
2011-08-18,862.58,915.02,862.58,902.78,6154,0
2011-08-19,879.31,879.31,841.6,857.08,5686,0
2011-08-22,831.36,837.85,778.92,789.16,4327,0
2011-08-23,820.37,862.33,803.89,843.85,7344,0
2011-08-24,861.58,916.52,851.84,885.3,17132,0
2011-08-25,912.02,926.01,840.6,853.59,7222,0
2011-08-26,843.1,891.8,810.13,811.63,3364,0
2011-08-29,804.14,843.35,803.89,826.12,8996,0
2011-08-30,806.89,821.87,791.4,798.89,5443,0
2011-08-31,799.14,824.87,786.66,802.39,2398,0
2011-09-01,803.89,814.13,775.17,788.16,3612,0
2011-09-02,765.93,766.68,740.21,748.95,7508,0
2011-09-06,742.21,761.93,708.99,741.71,22519,0
2011-09-07,782.41,790.15,737.21,737.46,10067,0
2011-09-08,710.99,723.23,703.75,710.49,7179,0
2011-09-09,722.73,737.71,704.5,727.97,8025,0
2011-09-12,751.95,804.39,732.47,769.43,18393,0
2011-09-13,781.41,794.4,750.45,757.94,6527,0
2011-09-14,762.93,790.15,760.69,788.16,7452,0
2011-09-15,799.64,831.11,793.65,795.9,10924,0
2011-09-16,795.4,795.4,759.94,767.68,9130,0
2011-09-19,766.18,783.16,747.95,777.17,10314,0
2011-09-20,774.67,782.91,706.49,724.97,18789,0
2011-09-21,729.47,754.19,697,754.19,20833,0
2011-09-22,832.61,886.3,831.11,869.07,14775,0
2011-09-23,929.26,998.93,915.02,957.23,10390,0
2011-09-26,977.7,1003.93,918.27,924.51,10706,0
2011-09-27,855.83,942.49,848.34,932.75,11540,0
2011-09-28,925.01,1015.91,906.03,1013.67,15536,0
2011-09-29,977.2,1031.65,965.97,1001.93,16360,0
2011-09-30,1018.41,1024.9,941.49,991.94,8016,0
2011-10-03,950.98,1018.91,935,1017.91,16383,0
2011-10-04,1046.38,1167,1045.38,1087.84,19259,0
2011-10-05,1088.09,1102.82,985.2,990.44,12335,0
2011-10-06,988.94,1016.66,940.99,941.99,8509,0
2011-10-07,924.01,1008.17,922.51,987.44,8496,0
2011-10-10,940.49,957.72,917.02,917.27,5096,0
2011-10-11,933.5,950.98,909.03,914.02,4871,0
2011-10-12,891.05,915.02,883.8,898.79,11630,0
2011-10-13,914.77,952.23,914.02,932.5,10540,0
2011-10-14,911.77,918.27,877.31,877.31,8227,0
2011-10-17,879.56,922.76,876.81,918.02,7972,0
2011-10-18,946.99,992.94,899.79,909.03,13025,0
2011-10-19,923.26,1018.16,922.51,1015.16,8349,0
2011-10-20,1035.14,1072.1,1007.17,1031.4,13518,0
2011-10-21,989.44,1017.66,975.46,999.68,6074,0
2011-10-24,977.45,978.7,915.02,920.51,5861,0
2011-10-25,917.02,955.98,849.84,874.56,6103,0
2011-10-26,852.09,897.04,838.6,858.08,11733,0
2011-10-27,833.61,851.84,809.13,824.87,5251,0
2011-10-28,835.86,839.35,777.67,784.91,5615,0
2011-10-31,815.88,831.11,809.38,830.36,1652,0
2011-11-01,892.79,908.28,816.63,835.36,7577,0
2011-11-02,809.88,825.12,774.42,797.9,7838,0
2011-11-03,768.43,792.4,748.2,748.45,6928,0
2011-11-04,764.93,791.65,755.44,758.94,4797,0
2011-11-07,745.2,745.2,710.49,710.99,6027,0
2011-11-08,714.74,727.47,701.75,727.22,7757,0
2011-11-09,743.95,770.18,716.23,769.18,12828,0
2011-11-10,761.68,804.89,757.19,781.91,15574,0
2011-11-11,764.68,767.68,720.48,726.72,6105,0
2011-11-14,732.22,761.44,725.97,752.44,5071,0
2011-11-15,755.69,771.67,742.71,749.45,7601,0
2011-11-16,768.68,776.67,745.95,774.42,6021,0
2011-11-17,792.65,843.35,786.16,836.11,10774,0
2011-11-18,828.11,868.57,817.62,859.08,9648,0
2011-11-21,888.55,924.51,886.05,890.55,12709,0
2011-11-22,872.32,883.3,842.1,859.58,9134,0
2011-11-23,882.81,916.77,876.81,905.78,6327,0
2011-11-25,922.76,929.75,896.04,929.75,6033,0
2011-11-28,869.32,894.54,857.83,881.81,8038,0
2011-11-29,880.31,883.55,853.84,873.07,7224,0
2011-11-30,805.39,806.64,749.45,752.94,12758,0
2011-12-01,752.19,780.41,730.97,754.69,11392,0
2011-12-02,738.46,832.61,734.46,828.86,5680,0
2011-12-05,831.61,862.08,777.92,848.09,7298,0
2011-12-06,868.57,880.56,777.42,801.39,18097,0
2011-12-07,796.15,827.36,786.66,797.9,6290,0
2011-12-08,831.61,878.56,828.36,868.07,10905,0
2011-12-09,859.58,876.06,831.61,842.6,10081,0
2011-12-12,907.78,955.98,907.78,933.25,9183,0
2011-12-13,877.06,978.7,841.35,968.96,8938,0
2011-12-14,1022.66,1097.33,1010.17,1049.13,17323,0
2011-12-15,1015.16,1101.07,1007.92,1093.83,10319,0
2011-12-16,1045.38,1070.1,998.93,1032.64,8036,0
2011-12-19,1042.13,1126.79,1039.14,1119.3,10515,0
2011-12-20,1038.64,1040.39,983.95,999.18,19136,0
2011-12-21,987.94,1028.9,976.45,1003.43,6412,0
2011-12-22,1024.65,1065.11,1019.66,1028.15,9227,0
2011-12-23,1014.91,1024.15,1003.43,1005.17,2433,0
2011-12-27,1023.9,1062.11,1016.91,1049.13,2349,0
2011-12-28,1056.62,1164,1051.87,1158.76,7989,0
2011-12-29,1199.97,1220.69,1090.08,1090.58,10978,0
2011-12-30,1053.12,1087.59,1026.4,1063.86,3978,0
2012-01-03,981.95,982.95,907.53,918.77,5465,0
2012-01-04,928.76,942.99,885.55,920.27,5845,0
2012-01-05,948.73,972.46,894.79,918.52,6302,0
2012-01-06,903.03,948.98,895.04,941.49,4110,0
2012-01-09,930.5,949.48,910.53,929.75,3088,0
2012-01-10,866.32,887.05,853.84,883.8,4112,0
2012-01-11,885.55,922.01,883.8,891.3,2824,0
2012-01-12,869.32,890.55,836.6,870.07,5757,0
2012-01-13,903.28,940.74,900.54,902.78,5290,0
2012-01-17,878.06,961.47,877.56,943.99,4401,0
2012-01-18,952.98,957.72,925.26,940.74,4801,0
2012-01-19,945.99,1030.15,935.25,998.43,6804,0
2012-01-20,1005.92,1024.15,966.22,995.93,7128,0
2012-01-23,979.7,982.45,937.75,950.98,6978,0
2012-01-24,976.95,1020.66,975.96,1013.42,4089,0
2012-01-25,1031.4,1047.38,802.89,816.88,14009,0
2012-01-26,776.67,800.89,744.95,788.66,11422,0
2012-01-27,789.16,789.65,722.48,735.21,12643,0
2012-01-30,760.94,781.66,740.46,758.19,7832,0
2012-01-31,715.73,784.16,706.99,757.19,12065,0
2012-02-01,732.22,758.19,729.72,752.94,4165,0
2012-02-02,732.72,747.95,699,716.48,12316,0
2012-02-03,741.96,772.17,735.96,755.19,11169,0
2012-02-06,772.42,777.17,741.71,762.68,8514,0
2012-02-07,769.68,801.64,746.2,775.67,11709,0
2012-02-08,765.93,797.9,751.7,793.9,8010,0
2012-02-09,764.93,802.64,753.69,798.65,5754,0
2012-02-10,836.11,855.33,821.62,835.61,7233,0
2012-02-13,824.37,852.59,817.62,842.85,6268,0
2012-02-14,846.09,897.29,834.11,869.32,10574,0
2012-02-15,838.1,881.31,837.1,879.06,10543,0
2012-02-16,909.78,922.51,801.64,810.13,12854,0
2012-02-17,794.65,851.09,794.4,845.1,5076,0
2012-02-21,806.14,820.87,768.68,769.68,13589,0
2012-02-22,776.17,788.41,720.23,730.72,10327,0
2012-02-23,718.23,728.72,694.26,715.73,11960,0
2012-02-24,715.73,749.7,709.74,738.46,11005,0
2012-02-27,747.95,768.68,733.46,754.44,8391,0
2012-02-28,735.21,746.7,700.5,704.5,10137,0
2012-02-29,699.5,792.9,683.52,775.42,14956,0
2012-03-01,768.93,782.41,733.22,756.69,8781,0
2012-03-02,775.92,809.13,770.68,797.65,12171,0
2012-03-05,819.87,866.57,814.13,848.09,15151,0
2012-03-06,901.29,942.74,898.54,902.78,16201,0
2012-03-07,897.79,929.01,883.55,893.29,4053,0
2012-03-08,865.32,897.04,840.85,863.08,12910,0
2012-03-09,877.81,893.54,832.11,860.83,13524,0
2012-03-12,878.81,913.27,866.82,904.28,6796,0
2012-03-13,914.52,936.5,881.81,921.26,8909,0
2012-03-14,962.22,1048.13,960.97,1025.15,18606,0
2012-03-15,1017.41,1034.89,974.96,1024.4,8117,0
2012-03-16,1034.89,1044.38,1014.41,1037.64,4973,0
2012-03-19,1027.9,1057.87,999.93,1055.12,9605,0
2012-03-20,1099.57,1131.79,1032.64,1040.14,20000,0
2012-03-21,1014.41,1048.88,1001.18,1048.13,7592,0
2012-03-22,1109.06,1129.54,1086.59,1107.31,9658,0
2012-03-23,1084.84,1102.32,1020.66,1042.13,10333,0
2012-03-26,976.21,1012.17,966.97,986.19,4357,0
2012-03-27,974.71,1033.89,972.21,1028.4,8248,0
2012-03-28,1047.38,1106.82,1040.39,1087.84,8621,0
2012-03-29,1096.08,1147.27,1077.35,1080.84,3977,0
2012-03-30,1043.63,1094.58,1042.38,1048.13,5337,0
2012-04-02,1050.88,1054.62,970.46,995.18,14763,0
2012-04-03,992.94,1113.81,991.69,1090.58,11409,0
2012-04-04,1159.26,1273.89,1158.01,1228.93,15350,0
2012-04-05,1208.71,1283.13,1199.47,1269.14,7383,0
2012-04-09,1234.93,1250.91,1192.22,1247.17,4822,0
2012-04-10,1247.66,1283.88,1189.23,1200.71,10557,0
2012-04-11,1190.48,1251.16,1185.73,1242.67,5142,0
2012-04-12,1241.17,1241.17,1095.33,1109.06,12236,0
2012-04-13,1125.3,1170,1115.56,1153.02,6844,0
2012-04-16,1162.01,1233.68,1136.28,1213.7,8521,0
2012-04-17,1200.22,1226.19,1133.04,1178.49,7124,0
2012-04-18,1211.95,1231.93,1168.25,1214.7,7061,0
2012-04-19,1190.98,1228.68,1166,1216.2,7725,0
2012-04-20,1206.71,1255.16,1181.24,1254.91,6238,0
2012-04-23,1314.09,1411.74,1314.09,1339.07,18070,0
2012-04-24,1314.84,1360.79,1303.11,1335.32,4935,0
2012-04-25,1304.6,1336.32,1223.69,1231.93,9384,0
2012-04-26,1229.68,1262.65,1218.45,1232.18,6016,0
2012-04-27,1185.73,1210.2,1165.5,1189.98,3746,0
2012-04-30,1225.69,1270.64,1208.21,1221.94,5265,0
2012-05-01,1215.7,1238.92,1179.74,1215.2,4921,0
2012-05-02,1246.92,1305.85,1244.92,1278.63,5775,0
2012-05-03,1327.83,1465.93,1323.83,1423.73,7866,0
2012-05-04,1424.97,1435.71,1345.81,1412.24,4578,0
2012-05-07,1409.49,1501.14,1378.52,1447.45,6366,0
2012-05-08,1536.36,1638.25,1528.36,1593.29,11180,0
2012-05-09,1685.2,1716.66,1430.97,1502.39,20864,0
2012-05-10,1443.21,1528.11,1414.99,1494.65,6453,0
2012-05-11,1542.6,1569.07,1469.68,1566.07,9556,0
2012-05-14,1656.98,1721.16,1577.06,1719.41,13908,0
2012-05-15,1725.9,1934.43,1675.96,1923.44,12779,0
2012-05-16,1914.95,1964.4,1729.4,1898.97,18472,0
2012-05-17,1807.07,1810.06,1548.34,1639.75,13549,0
2012-05-18,1534.61,1623.51,1464.93,1605.78,12537,0
2012-05-21,1599.29,1601.29,1429.72,1438.71,9299,0
2012-05-22,1448.45,1523.37,1368.29,1486.41,16800,0
2012-05-23,1532.86,1619.27,1292.87,1294.61,27275,0
2012-05-24,1258.65,1352.8,1218.7,1273.14,13040,0
2012-05-25,1265.15,1291.12,1229.68,1246.42,7971,0
2012-05-29,1203.71,1350.55,1200.96,1311.85,13818,0
2012-05-30,1375.28,1434.71,1250.16,1302.86,17239,0
2012-05-31,1298.61,1400,1252.41,1344.06,10816,0
2012-06-01,1246.17,1248.66,1060.37,1086.09,25681,0
2012-06-04,1060.61,1132.79,1029.9,1032.89,12259,0
2012-06-05,1044.88,1062.86,1014.66,1018.41,14512,0
2012-06-06,963.72,1059.12,942.74,1015.16,27803,0
2012-06-07,1010.42,1152.02,1008.92,1113.81,28860,0
2012-06-08,1164,1182.98,1069.36,1091.08,21858,0
2012-06-11,1071.35,1148.77,1066.61,1136.53,16811,0
2012-06-12,1104.82,1113.31,1043.63,1054.12,17610,0
2012-06-13,1033.89,1066.11,1007.92,1053.62,20978,0
2012-06-14,1033.39,1093.33,1029.4,1043.38,29868,0
2012-06-15,1035.39,1069.61,1031.4,1045.63,23322,0
2012-06-18,1083.09,1097.33,978.95,989.94,24599,0
2012-06-19,988.19,1021.66,981.7,994.94,16752,0
2012-06-20,1029.65,1066.86,953.48,1021.16,41219,0
2012-06-21,1084.84,1180.74,1076.85,1178.49,27471,0
2012-06-22,1184.73,1240.42,1138.03,1223.69,25310,0
2012-06-25,1235.43,1254.91,1125.8,1149.77,13131,0
2012-06-26,1177.99,1245.92,1147.02,1202.46,13561,0
2012-06-27,1187.98,1267.14,1180.74,1218.95,15200,0
2012-06-28,1265.9,1356.05,1241.67,1295.11,17482,0
2012-06-29,1154.76,1221.44,1131.29,1168.5,17942,0
2012-07-02,1185.98,1197.72,1145.02,1166.25,8621,0
2012-07-03,1109.56,1111.56,1032.89,1032.89,15330,0
2012-07-05,1066.11,1086.34,1036.89,1079.59,13401,0
2012-07-06,1130.79,1186.98,1108.81,1172.25,13933,0
2012-07-09,1184.23,1224.44,1169.25,1190.48,10081,0
2012-07-10,1156.01,1316.59,1143.03,1306.6,19851,0
2012-07-11,1331.33,1425.22,1330.83,1384.02,20553,0
2012-07-12,1461.94,1531.36,1372.53,1408.99,26625,0
2012-07-13,1369.03,1404,1327.58,1347.81,17638,0
2012-07-16,1339.07,1385.52,1334.07,1358.8,10699,0
2012-07-17,1369.28,1472.17,1358.55,1404.25,13953,0
2012-07-18,1447.45,1476.67,1417.48,1456.94,10094,0
2012-07-19,1415.49,1436.71,1382.27,1415.24,6862,0
2012-07-20,1439.21,1441.71,1386.02,1401.75,15360,0
2012-07-23,1475.42,1520.12,1467.43,1500.64,16764,0
2012-07-24,1460.94,1534.36,1452.94,1501.39,11312,0
2012-07-25,1410.99,1451.45,1288.87,1361.29,12678,0
2012-07-26,1351.55,1378.03,1266.64,1279.63,11818,0
2012-07-27,1260.4,1316.34,1240.17,1249.66,13971,0
2012-07-30,1261.65,1268.89,1196.47,1203.46,13151,0
2012-07-31,1198.97,1274.64,1179.99,1268.89,10392,0
2012-08-01,1293.87,1427.72,1252.66,1321.34,24100,0
2012-08-02,1351.8,1397.25,1265.4,1348.56,14102,0
2012-08-03,1292.62,1316.09,1252.41,1277.63,10706,0
2012-08-06,1258.65,1266.39,1150.77,1193.72,13846,0
2012-08-07,1166.5,1182.73,1146.27,1146.52,8922,0
2012-08-08,1160.01,1170.75,1094.83,1165.5,11332,0
2012-08-09,1164.5,1186.48,1107.56,1125.55,10888,0
2012-08-10,1125.3,1134.54,1093.58,1100.82,9822,0
2012-08-13,1088.58,1155.01,1065.36,1142.53,10668,0
2012-08-14,1155.51,1171.25,1119.05,1163.75,8561,0
2012-08-15,1161.01,1183.73,1145.27,1152.27,7778,0
2012-08-16,1135.28,1140.78,1031.65,1034.64,17849,0
2012-08-17,1027.65,1071.85,1015.16,1053.62,10747,0
2012-08-20,1057.87,1086.34,1022.91,1033.39,8761,0
2012-08-21,981.95,999.68,924.51,980.95,25853,0
2012-08-22,974.71,1007.67,911.77,914.02,17762,0
2012-08-23,886.05,919.52,874.06,913.77,26298,0
2012-08-24,924.01,935.5,895.29,908.03,16239,0
2012-08-27,908.03,949.98,899.54,937.75,16164,0
2012-08-28,932.5,949.73,914.77,943.74,19660,0
2012-08-29,939.24,982.45,938.75,976.21,14219,0
2012-08-30,972.71,1008.42,962.47,996.43,16599,0
2012-08-31,973.21,1001.18,865.07,870.82,33727,0
2012-09-04,866.82,905.53,863.33,881.56,17028,0
2012-09-05,883.05,907.53,870.07,874.81,12057,0
2012-09-06,843.35,858.08,806.64,809.63,23931,0
2012-09-07,752.44,760.94,729.72,740.96,36412,0
2012-09-10,746.7,788.66,744.2,781.91,23503,0
2012-09-11,765.43,780.17,744.2,769.43,25563,0
2012-09-12,753.44,819.37,748.95,760.19,31556,0
2012-09-13,771.67,794.9,647.06,647.31,72916,0
2012-09-14,630.82,630.82,588.37,596.36,61601,0
2012-09-17,590.37,620.34,585.37,591.87,47271,0
2012-09-18,598.86,612.34,581.88,581.88,40206,0
2012-09-19,575.38,594.36,560.9,565.64,48642,0
2012-09-20,583.63,599.86,576.88,577.88,37416,0
2012-09-21,556.4,580.13,550.41,564.65,53650,0
2012-09-24,589.37,621.09,581.88,614.59,55262,0
2012-09-25,594.61,648.81,585.62,648.56,51757,0
2012-09-26,673.28,695.76,626.33,639.57,60020,0
2012-09-27,615.34,632.07,582.63,584.87,43165,0
2012-09-28,593.12,607.1,578.38,592.12,34499,0
2012-10-01,575.38,591.37,561.9,584.37,36935,0
2012-10-02,580.63,606.85,575.63,591.37,54449,0
2012-10-03,592.37,627.08,592.12,622.33,34072,0
2012-10-04,597.11,602.11,569.89,571.14,49793,0
2012-10-05,578.13,595.61,557.4,587.62,40593,0
2012-10-08,604.35,613.09,592.12,599.86,33941,0
2012-10-09,596.86,643.06,588.62,643.06,59527,0
2012-10-10,644.81,652.05,606.35,629.33,56599,0
2012-10-11,614.34,626.58,602.36,623.58,30932,0
2012-10-12,621.33,659.04,617.59,655.3,45644,0
2012-10-15,669.28,686.76,653.8,655.3,43639,0
2012-10-16,642.81,643.06,617.09,617.84,51199,0
2012-10-17,617.59,631.57,590.87,600.61,51978,0
2012-10-18,619.84,654.55,614.09,654.55,63946,0
2012-10-19,660.04,683.27,636.57,646.31,67789,0
2012-10-22,650.55,652.55,618.59,618.59,40451,0
2012-10-23,662.79,673.28,653.55,672.53,50793,0
2012-10-24,657.3,710.99,651.05,707.99,40282,0
2012-10-25,656.3,667.29,637.32,643.06,57481,0
2012-10-26,639.57,665.04,632.57,657.05,63204,0
2012-10-31,626.08,630.08,589.37,592.87,61307,0
2012-11-01,605.6,622.33,604.6,619.84,38433,0
2012-11-02,645.56,703,644.06,696.75,75499,0
2012-11-05,690.76,716.23,681.77,714.74,28733,0
2012-11-06,694.51,717.73,670.28,675.28,35369,0
2012-11-07,663.29,705.25,639.82,649.06,32629,0
2012-11-08,659.54,680.02,619.09,633.07,38986,0
2012-11-09,630.58,661.79,626.83,660.54,34228,0
2012-11-12,660.79,689.26,651.05,684.77,38721,0
2012-11-13,711.74,718.73,682.77,707.49,42937,0
2012-11-14,711.99,808.63,711.49,806.14,46564,0
2012-11-15,809.63,894.79,807.89,871.57,84347,0
2012-11-16,871.82,905.78,825.62,842.6,59203,0
2012-11-19,783.16,801.89,767.18,770.92,28750,0
2012-11-20,782.66,804.14,772.67,791.65,34115,0
2012-11-21,792.4,808.63,751.7,756.44,21687,0
2012-11-23,743.45,763.68,711.99,723.98,17377,0
2012-11-26,729.97,763.43,723.23,724.47,33112,0
2012-11-27,744.95,780.17,735.71,779.42,33915,0
2012-11-28,826.37,838.85,757.94,758.69,45144,0
2012-11-29,747.45,774.67,731.47,751.95,27025,0
2012-11-30,764.68,798.15,741.21,774.92,33615,0
2012-12-03,775.92,828.11,769.43,827.86,23765,0
2012-12-04,858.33,866.57,799.64,817.38,40996,0
2012-12-05,815.63,892.05,815.38,885.55,38436,0
2012-12-06,887.05,891.55,839.1,873.32,24342,0
2012-12-07,852.84,866.82,836.35,852.34,17563,0
2012-12-10,830.36,841.85,810.13,818.62,18108,0
2012-12-11,825.87,834.11,808.14,830.11,19748,0
2012-12-12,807.89,813.63,742.46,761.19,49802,0
2012-12-13,809.13,837.6,794.9,818.87,29727,0
2012-12-14,829.11,840.1,798.65,813.88,24220,0
2012-12-17,819.87,833.11,800.89,811.13,21038,0
2012-12-18,809.13,869.32,806.64,849.09,36014,0
2012-12-19,861.83,876.81,848.59,872.57,32328,0
2012-12-20,900.79,941.24,881.56,886.8,39765,0
2012-12-21,913.27,913.27,860.33,884.3,32957,0
2012-12-24,870.57,912.52,870.57,874.06,7206,0
2012-12-26,863.58,883.8,852.09,861.83,16095,0
2012-12-27,878.56,884.3,814.13,845.84,36271,0
2012-12-28,846.09,870.32,826.87,869.07,17176,0
2012-12-31,866.57,867.07,773.17,786.91,25507,0
2013-01-02,740.71,756.94,725.97,745.95,18347,0
2013-01-03,763.43,843.85,749.7,839.35,49771,0
2013-01-04,859.83,875.31,831.36,831.61,34509,0
2013-01-07,851.34,878.31,845.59,875.06,27064,0
2013-01-08,874.06,905.53,863.33,868.32,27327,0
2013-01-09,865.32,895.79,861.58,882.56,16529,0
2013-01-10,851.59,852.59,809.63,819.87,25391,0
2013-01-11,826.62,848.59,816.38,823.37,23047,0
2013-01-14,805.39,831.36,801.64,829.86,18542,0
2013-01-15,813.88,839.85,789.9,813.38,20453,0
2013-01-16,825.12,835.36,818.87,829.11,18012,0
2013-01-17,845.1,866.32,817.38,839.85,25452,0
2013-01-18,827.61,846.34,827.36,836.35,13176,0
2013-01-22,837.85,848.09,790.9,797.4,16740,0
2013-01-23,804.14,861.58,801.39,860.08,20130,0
2013-01-24,877.06,944.74,869.82,940.99,34480,0
2013-01-25,956.23,1024.4,949.48,1020.91,33630,0
2013-01-28,1015.16,1061.36,1010.67,1054.62,20284,0
2013-01-29,1007.67,1027.65,984.45,999.43,18876,0
2013-01-30,949.48,1021.16,933.75,1016.41,29745,0
2013-01-31,1024.9,1057.62,1020.16,1045.63,15987,0
2013-02-01,993.69,1047.63,984.7,995.93,19281,0
2013-02-04,1009.92,1013.67,949.98,987.69,17392,0
2013-02-05,970.71,1006.42,964.22,992.69,18908,0
2013-02-06,995.68,996.18,968.46,974.71,16516,0
2013-02-07,1001.43,1010.42,946.49,967.96,19432,0
2013-02-08,967.96,988.94,957.72,985.45,15320,0
2013-02-11,1016.66,1055.62,1016.41,1045.38,23450,0
2013-02-12,1051.62,1072.35,1009.92,1016.66,19338,0
2013-02-13,1023.15,1068.11,1002.43,1064.11,20550,0
2013-02-14,1051.13,1053.62,1004.18,1051.13,27531,0
2013-02-15,1095.58,1170,1094.83,1160.26,45904,0
2013-02-19,1176.74,1229.68,1176.49,1207.71,28902,0
2013-02-20,1270.89,1393.26,1257.9,1385.27,45397,0
2013-02-21,1370.78,1382.77,1247.41,1317.59,41236,0
2013-02-22,1306.6,1353.3,1278.13,1332.82,22349,0
2013-02-25,1275.14,1293.62,1220.19,1271.39,23085,0
2013-02-26,1245.92,1306.1,1195.72,1220.94,30304,0
2013-02-27,1252.66,1302.11,1249.41,1290.87,17384,0
2013-02-28,1308.85,1394.76,1308.85,1382.27,19002,0
2013-03-01,1364.04,1418.98,1334.57,1413.49,20993,0
2013-03-04,1415.73,1549.09,1406.49,1543.6,26315,0
2013-03-05,1484.91,1548.34,1450.95,1548.34,23015,0
2013-03-06,1547.59,1591.55,1349.56,1353.55,34714,0
2013-03-07,1338.82,1410.24,1282.38,1399.5,20024,0
2013-03-08,1444.2,1474.67,1329.08,1388.51,29650,0
2013-03-11,1376.53,1420.73,1358.55,1396.01,10773,0
2013-03-12,1330.08,1344.56,1259.4,1290.62,25673,0
2013-03-13,1290.62,1411.74,1280.38,1400.25,25199,0
2013-03-14,1417.98,1432.97,1332.82,1358.05,21277,0
2013-03-15,1354.8,1373.03,1323.08,1347.56,15007,0
2013-03-18,1298.11,1342.31,1265.65,1333.32,15010,0
2013-03-19,1334.07,1355.8,1289.62,1323.83,16454,0
2013-03-20,1321.84,1348.06,1306.85,1332.57,8888,0
2013-03-21,1301.11,1312.6,1214.2,1224.94,32580,0
2013-03-22,1251.41,1269.89,1216.95,1250.91,21539,0
2013-03-25,1282.88,1329.08,1256.16,1297.11,20059,0
2013-03-26,1317.59,1368.04,1304.1,1330.33,16227,0
2013-03-27,1348.56,1358.55,1258.9,1263.65,23458,0
2013-03-28,1287.37,1310.6,1273.64,1278.38,11699,0
2013-04-01,1279.88,1345.06,1277.63,1321.84,13654,0
2013-04-02,1371.78,1494.65,1369.28,1489.91,25364,0
2013-04-03,1505.89,1718.66,1442.96,1690.19,51477,0
2013-04-04,1715.41,1771.1,1519.87,1545.1,46712,0
2013-04-05,1487.66,1596.29,1445.45,1564.58,23286,0
2013-04-08,1565.57,1639.5,1534.61,1620.02,22934,0
2013-04-09,1594.79,1618.27,1392.51,1429.22,35628,0
2013-04-10,1482.66,1593.29,1458.19,1593.04,36726,0
2013-04-11,1587.55,1656.73,1546.84,1653.23,23403,0
2013-04-12,1772.85,1949.91,1761.86,1949.66,67434,0
2013-04-15,2297.04,2523.3,2296.04,2515.56,112534,0
2013-04-16,2217.38,2621.19,2194.65,2568,56840,0
2013-04-17,2558.26,2987.55,2465.11,2951.59,56450,0
2013-04-18,2866.93,2930.11,2574.99,2680.38,47228,0
2013-04-19,2541.78,2780.77,2466.86,2570.5,28761,0
2013-04-22,2404.93,2597.22,2373.21,2466.11,24906,0
2013-04-23,2564.01,2718.09,2542.78,2625.94,25679,0
2013-04-24,2478.6,2488.34,2051.55,2134.47,38820,0
2013-04-25,1983.63,2078.53,1886.98,2020.09,36935,0
2013-04-26,2024.58,2304.53,1998.36,2247.84,37476,0
2013-04-29,2135.96,2202.64,2081.02,2151.7,18455,0
2013-04-30,2203.89,2349.49,2055.05,2055.05,27020,0
2013-05-01,2235.61,2308.53,2111.24,2192.15,33758,0
2013-05-02,2151.45,2258.08,2122.73,2212.38,16156,0
2013-05-03,2204.39,2239.6,2057.05,2198.4,19907,0
2013-05-06,2174.92,2221.37,2160.44,2189.91,11053,0
2013-05-07,2315.02,2420.41,2286.55,2372.46,28673,0
2013-05-08,2275.31,2294.04,1972.89,1997.86,43001,0
2013-05-09,2104.25,2116.24,1881.49,2089.76,39684,0
2013-05-10,2247.84,2310.03,2101.5,2103.5,39524,0
2013-05-13,2200.64,2268.82,2170.18,2261.08,19660,0
2013-05-14,2304.78,2361.47,2165.18,2344.49,24791,0
2013-05-15,2459.87,2674.64,2410.67,2663.9,39089,0
2013-05-16,2769.54,2871.93,2513.81,2636.93,31567,0
2013-05-17,2741.07,2964.83,2729.83,2964.83,37449,0
2013-05-20,2978.81,2999.04,2354.73,2440.89,43108,0
2013-05-21,2614.95,2704.36,2469.86,2594.47,30239,0
2013-05-22,2459.37,2598.72,2209.39,2488.84,48568,0
2013-05-23,2336.75,2479.35,2324.26,2434.89,22616,0
2013-05-24,2466.36,2573.25,2347.49,2554.77,27357,0
2013-05-28,2542.53,2657.66,2384.95,2598.22,26987,0
2013-05-29,2528.04,2562.76,2245.1,2245.1,33039,0
2013-05-30,2082.27,2107.74,1866.75,1873,56017,0
2013-05-31,1953.91,2038.82,1910.46,1975.89,36223,0
2013-06-03,1910.95,1941.67,1758.37,1804.07,31199,0
2013-06-04,1890.48,1969.39,1870.25,1905.21,27562,0
2013-06-05,1884.23,1952.91,1791.83,1874.49,27611,0
2013-06-06,1872.25,1917.45,1773.1,1803.32,34827,0
2013-06-07,1944.17,2078.78,1923.44,2026.58,38640,0
2013-06-10,2038.32,2105,1950.41,2030.08,24448,0
2013-06-11,2164.68,2228.37,2097.75,2216.38,29165,0
2013-06-12,2210.13,2231.61,2047.81,2169.43,23591,0
2013-06-13,2210.88,2254.34,2097.75,2102.75,19827,0
2013-06-14,2062.54,2220.12,2060.05,2209.88,18261,0
2013-06-17,2222.62,2247.84,2147.7,2198.15,9997,0
2013-06-18,2247.59,2406.67,2210.13,2380.2,26060,0
2013-06-19,2367.97,2632.93,2302.54,2605.71,29271,0
2013-06-20,2997.54,3305.96,2929.36,3170.36,50257,0
2013-06-21,3069.96,3427.83,3015.52,3072.96,47118,0
2013-06-24,3262.01,3566.43,3235.04,3478.28,39529,0
2013-06-25,3446.31,3638.11,3346.42,3526.23,26698,0
2013-06-26,3916.56,4158.05,3862.37,4138.07,36755,0
2013-06-27,3967.5,4050.66,3701.04,3841.64,40603,0
2013-06-28,3983.99,4002.72,2895.15,3050.49,49689,0
2013-07-01,2840.96,3050.49,2723.83,2834.47,35138,0
2013-07-02,2929.36,3327.69,2871.93,3204.32,34879,0
2013-07-03,3098.93,3221.55,2975.32,3033.75,22038,0
2013-07-05,3357.66,3571.18,3325.69,3344.17,30315,0
2013-07-08,3230.54,3543.71,3197.83,3537.96,21801,0
2013-07-09,3368.15,3496.26,3202.57,3408.85,24326,0
2013-07-10,3353.41,3540.96,3225.55,3396.36,32350,0
2013-07-11,2838.71,2965.58,2635.18,2635.18,29813,0
2013-07-12,2760.3,2917.88,2714.34,2782.02,26062,0
2013-07-15,2814.49,2895.65,2747.06,2832.47,17972,0
2013-07-16,2769.04,2769.04,2372.71,2372.71,38205,0
2013-07-17,2365.47,2584.73,2274.57,2574.74,46718,0
2013-07-18,2496.83,2637.18,2462.36,2601.97,29525,0
2013-07-19,2503.32,2549.27,2268.32,2280.31,30451,0
2013-07-22,1983.63,2026.83,1773.1,1849.52,78891,0
2013-07-23,1861.26,1926.94,1677.95,1677.95,71016,0
2013-07-24,1714.17,2014.84,1698.18,1917.95,115028,0
2013-07-25,1952.91,1964.4,1755.37,1848.77,61048,0
2013-07-26,1928.94,1982.88,1782.59,1782.84,74201,0
2013-07-29,1771.6,1854.02,1759.12,1837.28,43403,0
2013-07-30,1854.02,1929.93,1823.05,1871.5,43580,0
2013-07-31,1883.23,2022.83,1754.62,1897.72,103819,0
2013-08-01,1874.74,2081.52,1866,2081.52,71763,0
2013-08-02,2079.77,2225.12,1985.38,2216.38,54893,0
2013-08-05,2196.9,2270.57,2090.01,2250.84,51736,0
2013-08-06,2364.22,2624.44,2359.97,2614.95,69534,0
2013-08-07,2660.9,2672.14,2475.1,2651.41,47051,0
2013-08-08,2503.07,2541.53,1941.92,1960.4,88364,0
2013-08-09,1989.37,2072.03,1750.38,1833.54,83676,0
2013-08-12,1631,1631,1501.64,1542.6,111984,0
2013-08-13,1579.31,1696.43,1538.35,1666.22,111222,0
2013-08-14,1618.02,1628.26,1396.76,1396.76,127459,0
2013-08-15,1474.92,1480.17,1144.77,1147.52,236429,0
2013-08-16,1106.82,1248.16,1084.84,1213.7,194863,0
2013-08-19,1204.96,1292.37,1186.98,1279.38,129972,0
2013-08-20,1270.64,1280.63,1113.81,1138.78,99603,0
2013-08-21,1183.73,1294.61,1170.25,1288.62,134668,0
2013-08-22,1230.18,1274.64,1164.75,1234.18,99152,0
2013-08-23,1242.67,1243.17,1106.82,1124.3,127501,0
2013-08-26,1106.82,1150.27,1055.87,1101.82,108297,0
2013-08-27,1012.92,1253.16,1003.93,1246.67,180756,0
2013-08-28,1204.21,1373.53,1138.78,1346.56,186627,0
2013-08-29,1389.01,1462.93,1263.65,1317.59,229459,0
2013-08-30,1388.01,1413.99,1302.11,1370.53,131503,0
2013-09-03,1298.61,1353.55,1258.65,1331.08,103295,0
2013-09-04,1385.02,1407.99,1313.59,1313.59,90908,0
2013-09-05,1347.56,1466.43,1333.57,1448.45,119357,0
2013-09-06,1385.52,1410.49,1334.57,1378.52,82007,0
2013-09-09,1375.53,1442.46,1351.05,1424.48,61771,0
2013-09-10,1513.38,1614.77,1510.38,1591.8,113669,0
2013-09-11,1578.81,1663.22,1549.84,1560.33,95597,0
2013-09-12,1713.67,1823.55,1691.19,1812.06,127226,0
2013-09-13,1846.52,1860.51,1721.16,1744.63,105600,0
2013-09-16,1711.17,1794.58,1660.22,1786.59,92247,0
2013-09-17,1735.64,1783.09,1678.7,1686.2,73109,0
2013-09-18,1733.15,1766.61,1153.77,1223.69,245626,0
2013-09-19,1196.22,1390.51,1190.73,1340.07,149380,0
2013-09-20,1406.49,1608.28,1406,1591.3,177053,0
2013-09-23,1617.27,1758.12,1514.88,1681.2,118223,0
2013-09-24,1754.12,1806.07,1645.74,1695.19,125719,0
2013-09-25,1669.71,1680.7,1514.88,1617.27,94217,0
2013-09-26,1611.28,1745.63,1563.33,1683.2,102837,0
2013-09-27,1619.27,1722.16,1576.31,1676.21,75406,0
2013-09-30,1731.65,1745.63,1636.25,1701.18,64387,0
2013-10-01,1826.05,1850.52,1779.6,1823.05,87011,0
2013-10-02,1775.1,1815.56,1682.2,1807.57,89742,0
2013-10-03,1798.08,1862.01,1742.14,1855.51,59044,0
2013-10-04,1849.02,1912.95,1821.05,1871,52749,0
2013-10-07,1824.55,1844.53,1775.6,1789.09,37212,0
2013-10-08,1784.09,2000.36,1773.6,1956.41,73286,0
2013-10-09,1996.86,2122.73,1868,1922.94,94192,0
2013-10-10,1950.91,2039.32,1884.48,2013.84,67609,0
2013-10-11,2103.75,2174.67,2060.29,2146.7,74030,0
2013-10-14,2083.77,2178.67,2062.79,2133.72,45771,0
2013-10-15,2173.67,2189.66,1943.42,1951.41,70718,0
2013-10-16,1973.89,2077.78,1962.9,2058.3,62532,0
2013-10-17,1838.03,1848.02,1615.77,1730.65,110736,0
2013-10-18,1733.64,1782.09,1680.7,1761.12,46682,0
2013-10-21,1747.13,1752.12,1636.25,1642.24,48537,0
2013-10-22,1533.36,1546.34,1416.48,1432.47,85513,0
2013-10-23,1464.43,1582.31,1433.47,1567.82,71295,0
2013-10-24,1445.45,1451.45,1365.04,1390.51,81638,0
2013-10-25,1413.49,1448.45,1338.07,1355.55,79865,0
2013-10-28,1346.06,1397,1266.64,1328.58,79897,0
2013-10-29,1348.56,1448.45,1331.08,1439.96,91516,0
2013-10-30,1355.55,1538.35,1328.08,1360.04,124913,0
2013-10-31,1485.41,1537.35,1448.45,1534.36,91894,0
2013-11-01,1619.27,1734.14,1607.28,1720.66,90181,0
2013-11-04,1656.73,1675.21,1558.33,1569.32,63753,0
2013-11-05,1605.28,1680.2,1587.8,1625.26,67566,0
2013-11-06,1576.31,1593.29,1544.35,1569.32,44444,0
2013-11-07,1635.25,1694.19,1545.35,1680.7,86282,0
2013-11-08,1749.13,1822.05,1653.73,1655.23,86025,0
2013-11-11,1739.64,1770.11,1648.24,1650.73,41199,0
2013-11-12,1705.17,1783.59,1650.73,1765.11,75581,0
2013-11-13,1719.16,1766.11,1691.19,1739.14,43727,0
2013-11-14,1657.23,1685.7,1585.3,1595.29,81454,0
2013-11-15,1574.81,1669.21,1563.33,1667.22,49651,0
2013-11-18,1683.2,1784.59,1676.21,1763.11,52463,0
2013-11-19,1755.12,1798.08,1718.66,1754.12,28291,0
2013-11-20,1824.05,1993.37,1775.1,1950.41,89572,0
2013-11-21,2001.36,2108.74,1997.86,2030.33,72267,0
2013-11-22,2007.35,2107.24,1945.92,2097.75,57890,0
2013-11-25,2220.12,2316.02,2062.79,2110.74,83576,0
2013-11-26,2180.17,2290.05,2148.2,2273.57,63159,0
2013-11-27,2209.14,2302.54,2176.67,2230.61,42197,0
2013-11-29,2137.21,2162.69,2050.31,2090.76,30692,0
2013-12-02,2221.62,2469.36,2200.15,2458.37,80193,0
2013-12-03,2516.31,2588.23,2426.9,2579.74,55735,0
2013-12-04,2497.33,2572.75,2277.56,2349.98,71247,0
2013-12-05,2540.28,2561.76,2408.92,2515.31,50378,0
2013-12-06,2399.43,2534.79,2356.98,2516.81,58578,0
2013-12-09,2479.35,2551.77,2338,2340,53873,0
2013-12-10,2114.74,2122.73,2007.85,2068.29,67167,0
2013-12-11,2067.79,2292.05,2063.29,2280.56,53121,0
2013-12-12,2455.37,2512.31,2337.5,2347.49,74063,0
2013-12-13,2271.07,2347.49,2205.14,2320.02,49728,0
2013-12-16,2267.57,2322.51,2162.69,2230.61,48230,0
2013-12-17,2297.54,2344.99,2237.61,2281.56,42756,0
2013-12-18,2245.6,2402.93,2130.72,2394.44,85089,0
2013-12-19,2533.29,2560.26,2468.86,2508.32,53950,0
2013-12-20,2468.36,2511.31,2411.42,2509.31,39741,0
2013-12-23,2511.31,2540.78,2467.86,2494.83,24674,0
2013-12-24,2472.85,2476.35,2249.59,2272.07,28086,0
2013-12-26,2182.66,2295.54,2134.72,2238.1,37710,0
2013-12-27,2197.65,2264.08,2177.67,2177.67,23972,0
2013-12-30,2246.6,2369.46,2208.64,2357.48,30879,0
2013-12-31,2405.92,2409.92,2180.67,2200.15,51070,0
2014-01-02,2056.8,2064.29,1903.96,1927.44,75900,0
2014-01-03,1889.48,1976.38,1873,1969.39,41611,0
2014-01-06,1923.44,1956.91,1862.01,1940.92,43948,0
2014-01-07,2007.85,2045.31,1927.44,1929.93,50905,0
2014-01-08,2017.84,2056.3,1979.38,2023.83,50566,0
2014-01-09,2041.32,2122.73,2030.33,2121.23,36751,0
2014-01-10,2000.36,2029.83,1889.48,1902.46,69351,0
2014-01-13,1887.48,1935.93,1725.65,1725.65,69411,0
2014-01-14,1776.1,1870,1704.18,1851.52,78292,0
2014-01-15,1901.46,1917.95,1780.59,1790.58,65995,0
2014-01-16,1740.64,1782.59,1715.16,1730.65,42921,0
2014-01-17,1666.72,1678.2,1558.33,1572.82,97367,0
2014-01-21,1631.25,1648.24,1472.92,1491.4,115414,0
2014-01-22,1527.86,1628.26,1525.37,1600.29,85848,0
2014-01-23,1513.88,1518.37,1423.48,1474.92,78507,0
2014-01-24,1425.97,1586.8,1396.01,1476.42,80770,0
2014-01-27,1519.87,1634.25,1500.39,1628.26,81631,0
2014-01-28,1605.28,1650.23,1500.89,1535.36,60242,0
2014-01-29,1457.94,1535.36,1400,1402,98436,0
2014-01-30,1530.36,1536.86,1471.92,1489.41,79895,0
2014-01-31,1446.95,1555.83,1443.46,1499.4,74310,0
2014-02-03,1460.44,1528.36,1399,1521.37,65558,0
2014-02-04,1548.34,1557.83,1473.42,1473.92,53291,0
2014-02-05,1435.96,1547.84,1429.97,1540.35,54781,0
2014-02-06,1512.88,1570.82,1493.4,1546.34,44813,0
2014-02-07,1533.86,1537.35,1401.5,1402,90145,0
2014-02-10,1349.56,1349.56,1255.16,1268.64,102994,0
2014-02-11,1222.69,1229.68,1104.82,1124.3,141978,0
2014-02-12,1123.3,1239.17,1121.3,1228.68,126153,0
2014-02-13,1226.69,1238.67,1067.86,1073.85,167604,0
2014-02-14,1002.93,1048.38,969.96,1010.42,178162,0
2014-02-18,986.44,1040.89,981.45,992.44,114393,0
2014-02-19,1018.41,1097.83,986.44,1080.34,152182,0
2014-02-20,1070.35,1078.35,949.98,965.97,159849,0
2014-02-21,957.48,1002.43,940.99,963.47,107045,0
2014-02-24,934,954.98,927.01,950.98,65685,0
2014-02-25,957.48,996.43,945.99,989.94,102370,0
2014-02-26,1021.91,1055.87,996.43,1021.91,143368,0
2014-02-27,1012.92,1041.39,975.96,1033.39,110394,0
2014-02-28,1020.91,1060.86,1010.42,1042.88,104268,0
2014-03-03,950.98,1003.93,942.49,994.44,123181,0
2014-03-04,1032.89,1046.38,996.93,1015.91,80281,0
2014-03-05,1011.42,1026.9,968.46,973.96,95212,0
2014-03-06,948.98,963.97,930,939,82808,0
2014-03-07,984.45,1014.91,980.45,998.93,132461,0
2014-03-10,1002.43,1036.89,991.94,1022.41,67508,0
2014-03-11,991.94,1027.9,984.45,1007.92,64967,0
2014-03-12,957.97,971.46,915.02,917.02,171329,0
2014-03-13,926.01,933,843.1,846.09,165295,0
2014-03-14,811.63,862.58,807.14,834.11,132194,0
2014-03-17,851.59,916.52,843.1,913.02,144617,0
2014-03-18,958.97,971.46,910.03,951.48,126325,0
2014-03-19,978.45,1063.86,966.47,1060.37,181743,0
2014-03-20,1090.33,1097.83,1019.41,1057.87,108913,0
2014-03-21,1007.92,1081.84,1000.43,1053.37,82177,0
2014-03-24,1103.82,1203.21,1089.33,1194.22,148511,0
2014-03-25,1164.25,1195.22,1136.78,1175.74,87698,0
2014-03-26,1171.25,1320.59,1156.26,1317.59,131412,0
2014-03-27,1325.08,1356.05,1252.66,1266.64,107904,0
2014-03-28,1285.12,1313.59,1180.74,1221.19,119283,0
2014-03-31,1241.67,1316.59,1208.71,1290.62,101363,0
2014-04-01,1275.63,1311.6,1249.16,1282.63,67355,0
2014-04-02,1211.2,1216.2,1153.77,1188.73,98464,0
2014-04-03,1212.2,1252.66,1208.71,1211.2,78193,0
2014-04-04,1126.79,1203.71,1124.3,1186.73,80843,0
2014-04-07,1197.72,1213.7,1129.79,1180.74,89000,0
2014-04-08,1123.8,1152.27,1089.33,1095.83,85323,0
2014-04-09,1129.29,1144.28,1034.39,1070.85,106408,0
2014-04-10,1047.38,1136.28,1039.89,1129.79,102628,0
2014-04-11,1124.8,1193.72,1100.32,1177.74,70205,0
2014-04-14,1129.79,1158.76,1093.33,1137.78,76337,0
2014-04-15,1231.68,1273.64,1200.71,1206.71,93325,0
2014-04-16,1208.21,1260.15,1198.72,1238.67,60244,0
2014-04-17,1244.67,1280.63,1214.2,1276.63,50182,0
2014-04-21,1276.63,1361.04,1249.16,1286.62,60607,0
2014-04-22,1279.63,1315.59,1233.68,1233.68,54448,0
2014-04-23,1238.17,1243.67,1133.29,1161.76,70203,0
2014-04-24,1209.71,1225.69,1152.27,1210.7,57004,0
2014-04-25,1184.23,1196.72,1128.79,1130.79,48951,0
2014-04-28,1156.26,1212.7,1149.77,1193.72,54364,0
2014-04-29,1209.21,1209.21,1129.79,1151.27,49595,0
2014-04-30,1186.23,1203.71,1143.78,1176.74,54969,0
2014-05-01,1215.2,1233.68,1192.22,1222.69,45590,0
2014-05-02,1209.21,1221.19,1134.79,1140.28,64979,0
2014-05-05,1103.32,1147.27,1094.83,1128.29,38485,0
2014-05-06,1126.79,1151.27,1125.3,1144.77,24137,0
2014-05-07,1161.26,1240.17,1158.76,1220.69,68336,0
2014-05-08,1214.7,1227.19,1187.73,1218.7,30703,0
2014-05-09,1209.21,1258.65,1193.22,1224.69,37686,0
2014-05-12,1180.74,1208.21,1167.75,1194.72,54872,0
2014-05-13,1199.72,1223.19,1170.75,1220.69,55412,0
2014-05-14,1180.24,1190.73,1163.75,1185.73,51271,0
2014-05-15,1215.2,1253.66,1193.72,1239.17,67449,0
2014-05-16,1255.66,1285.62,1246.17,1272.64,38652,0
2014-05-19,1240.17,1295.11,1232.68,1271.14,36214,0
2014-05-20,1294.61,1298.11,1253.66,1277.13,28856,0
2014-05-21,1295.11,1304.6,1259.65,1259.65,33941,0
2014-05-22,1237.68,1274.64,1236.18,1270.14,29448,0
2014-05-23,1269.64,1289.62,1258.65,1284.63,30097,0
2014-05-27,1338.07,1437.46,1335.57,1429.97,60230,0
2014-05-28,1455.44,1527.86,1434.96,1500.89,53000,0
2014-05-29,1529.86,1529.86,1423.98,1470.43,46437,0
2014-05-30,1486.91,1525.87,1415.49,1415.49,43450,0
2014-06-02,1452.45,1481.41,1408.49,1456.44,34420,0
2014-06-03,1454.44,1510.88,1429.97,1437.46,31281,0
2014-06-04,1434.96,1465.93,1428.47,1450.45,34154,0
2014-06-05,1410.49,1428.97,1358.55,1383.52,34817,0
2014-06-06,1387.02,1439.46,1378.03,1382.52,30751,0
2014-06-09,1386.52,1406,1360.54,1406,20404,0
2014-06-10,1376.53,1383.02,1313.59,1316.09,37168,0
2014-06-11,1298.61,1307.6,1249.66,1249.66,44400,0
2014-06-12,1236.18,1240.17,1148.77,1148.77,77365,0
2014-06-13,1156.76,1197.72,1136.78,1137.28,56466,0
2014-06-16,1124.3,1162.76,1115.31,1151.77,40563,0
2014-06-17,1187.73,1197.72,1130.79,1133.79,54835,0
2014-06-18,1137.78,1147.77,1042.88,1045.88,93643,0
2014-06-19,994.94,996.43,876.06,876.56,180163,0
2014-06-20,896.04,922.51,879.56,900.04,68994,0
2014-06-23,898.04,914.02,854.09,856.58,73834,0
2014-06-24,846.09,932.5,830.61,930,101639,0
2014-06-25,934,935,879.06,901.04,74600,0
2014-06-26,919.02,936.5,879.06,880.56,74928,0
2014-06-27,883.55,906.03,861.58,880.56,59769,0
2014-06-30,902.03,912.02,824.62,831.11,90404,0
2014-07-01,827.11,859.08,813.63,849.09,75563,0
2014-07-02,855.58,855.58,809.13,828.61,76125,0
2014-07-03,853.59,876.56,825.62,825.62,58018,0
2014-07-07,853.09,872.07,847.59,865.07,63234,0
2014-07-08,840.1,883.05,826.12,826.62,75860,0
2014-07-09,811.63,815.13,755.19,762.18,127188,0
2014-07-10,723.23,808.14,709.74,799.14,148901,0
2014-07-11,794.65,798.65,738.21,741.71,101892,0
2014-07-14,807.64,814.13,774.67,800.14,106689,0
2014-07-15,792.65,876.56,774.17,873.57,125173,0
2014-07-16,856.08,856.08,806.14,823.62,94519,0
2014-07-17,812.63,818.12,751.7,756.69,147981,0
2014-07-18,782.16,801.64,759.69,765.68,81037,0
2014-07-21,750.2,797.65,750.2,764.18,59443,0
2014-07-22,773.67,797.65,765.18,788.66,60597,0
2014-07-23,794.15,801.14,766.68,797.15,55740,0
2014-07-24,814.13,848.59,814.13,836.11,73031,0
2014-07-25,835.61,840.6,765.68,766.68,87818,0
2014-07-28,781.16,786.66,752.19,752.19,54220,0
2014-07-29,749.2,779.17,740.71,769.18,57108,0
2014-07-30,781.66,817.62,779.67,791.65,84007,0
2014-07-31,817.13,851.09,810.13,845.1,86749,0
2014-08-01,812.63,842.6,794.15,816.13,61841,0
2014-08-04,824.12,860.08,811.63,839.6,54774,0
2014-08-05,850.59,874.06,814.13,825.62,74889,0
2014-08-06,784.16,789.16,761.68,769.68,97328,0
2014-08-07,782.16,796.65,752.69,766.18,81189,0
2014-08-08,758.69,774.17,736.71,763.68,69842,0
2014-08-11,771.67,774.67,746.7,746.7,64901,0
2014-08-12,734.71,737.71,696.75,708.24,164263,0
2014-08-13,705.25,719.73,693.76,709.24,88068,0
2014-08-14,710.24,741.71,696.25,729.72,96703,0
2014-08-15,770.18,773.67,738.21,752.69,121163,0
2014-08-18,764.68,774.17,741.21,741.21,55394,0
2014-08-19,746.2,769.68,737.71,763.68,65878,0
2014-08-20,762.68,776.67,741.71,767.18,77550,0
2014-08-21,798.15,830.11,794.15,816.63,118264,0
2014-08-22,813.63,836.6,804.14,815.63,70212,0
2014-08-25,824.62,860.08,823.12,859.58,59698,0
2014-08-26,823.12,834.11,801.64,803.64,82846,0
2014-08-27,804.14,815.63,791.65,810.13,50332,0
2014-08-28,784.16,796.65,776.67,778.17,48353,0
2014-08-29,788.66,793.15,754.69,759.69,57933,0
2014-09-02,801.64,835.11,799.64,833.11,105982,0
2014-09-03,823.12,836.6,813.63,834.61,55752,0
2014-09-04,824.12,928.51,817.13,921.51,110551,0
2014-09-05,907.53,946.49,899.04,903.03,75503,0
2014-09-08,918.52,999.43,918.52,993.94,103648,0
2014-09-09,994.94,1015.91,941.49,948.98,76946,0
2014-09-10,982.45,1019.41,961.97,1002.93,90119,0
2014-09-11,1024.9,1044.38,975.46,981.95,100826,0
2014-09-12,1011.42,1039.89,990.94,1027.4,91999,0
2014-09-15,1012.42,1046.38,1009.42,1024.9,69858,0
2014-09-16,1022.41,1057.37,983.45,1016.41,75616,0
2014-09-17,1008.92,1091.83,1004.42,1081.84,108144,0
2014-09-18,1095.83,1135.28,1082.34,1124.8,88828,0
2014-09-19,1129.29,1220.69,1127.79,1198.22,101083,0
2014-09-22,1217.7,1296.61,1216.2,1264.65,96613,0
2014-09-23,1217.2,1262.65,1190.23,1216.7,94329,0
2014-09-24,1237.18,1267.64,1203.71,1264.65,77967,0
2014-09-25,1299.11,1324.58,1236.68,1240.17,85970,0
2014-09-26,1264.15,1310.1,1258.65,1301.61,65523,0
2014-09-29,1276.13,1342.56,1265.65,1342.56,48728,0
2014-09-30,1356.05,1426.97,1321.59,1417.48,72166,0
2014-10-01,1390.01,1407.99,1319.09,1407.49,71203,0
2014-10-02,1371.03,1439.96,1348.56,1363.54,66180,0
2014-10-03,1431.47,1545.85,1431.47,1543.35,89245,0
2014-10-06,1486.41,1524.37,1414.99,1433.97,61181,0
2014-10-07,1412.99,1583.8,1405.5,1583.8,67836,0
2014-10-08,1517.38,1649.73,1178.74,1227.69,110320,0
2014-10-09,1232.68,1429.47,1229.68,1341.06,93199,0
2014-10-10,1364.54,1452.45,1274.14,1429.47,111057,0
2014-10-13,1357.05,1383.52,1230.68,1346.06,71701,0
2014-10-14,1326.58,1338.57,1239.67,1312.1,50542,0
2014-10-15,1284.13,1341.56,1209.21,1285.62,77769,0
2014-10-16,1319.59,1337.57,1241.17,1306.6,68771,0
2014-10-17,1303.11,1436.46,1298.61,1434.96,74209,0
2014-10-20,1381.02,1412.49,1326.58,1335.57,46438,0
2014-10-21,1287.62,1362.54,1259.15,1347.56,50517,0
2014-10-22,1373.53,1478.42,1356.05,1478.42,82478,0
2014-10-23,1513.38,1560.33,1415.49,1448.45,83685,0
2014-10-24,1450.45,1509.38,1432.47,1464.93,49301,0
2014-10-27,1491.9,1548.34,1482.41,1548.34,41274,0
2014-10-28,1498.9,1547.84,1448.45,1453.94,47777,0
2014-10-29,1500.89,1650.73,1449.45,1635.75,101299,0
2014-10-30,1688.69,2006.85,1683.2,1997.86,116678,0
2014-10-31,2291.05,2397.43,2131.72,2359.97,134596,0
2014-11-03,2223.62,2305.03,2007.35,2044.31,68106,0
2014-11-04,2079.27,2297.54,2064.29,2268.07,57368,0
2014-11-05,2484.84,2572.25,2225.12,2513.81,126001,0
2014-11-06,2372.46,2403.93,2024.33,2236.11,92307,0
2014-11-07,2096.76,2103.25,1664.72,1693.69,112408,0
2014-11-10,1769.61,2034.32,1768.61,1991.87,95803,0
2014-11-11,1889.98,1905.96,1623.26,1740.14,83549,0
2014-11-12,1674.71,1855.01,1602.78,1728.65,75756,0
2014-11-13,1665.72,1849.52,1646.24,1809.56,77755,0
2014-11-14,1905.46,1937.43,1443.46,1487.91,147460,0
2014-11-17,1526.37,1572.32,1370.53,1403,82492,0
2014-11-18,1331.08,1361.04,1188.73,1203.21,114683,0
2014-11-19,1218.7,1409.99,1210.2,1393.51,172748,0
2014-11-20,1291.62,1356.05,1238.17,1286.12,69779,0
2014-11-21,1181.24,1311.1,1169.75,1250.16,102147,0
2014-11-24,1271.64,1335.57,1234.68,1302.11,80805,0
2014-11-25,1291.12,1299.61,1141.28,1146.27,101286,0
2014-11-26,1157.26,1203.21,1157.26,1187.73,56500,0
2014-11-28,1345.06,1546.84,1338.07,1506.39,92371,0
2014-12-01,1348.56,1380.02,1133.79,1163.75,103379,0
2014-12-02,1273.14,1303.6,1175.24,1247.17,107080,0
2014-12-03,1198.22,1236.18,1106.32,1214.2,109987,0
2014-12-04,1166.25,1248.66,1128.29,1234.68,98371,0
2014-12-05,1317.09,1354.05,1265.15,1325.08,110522,0
2014-12-08,1274.64,1435.46,1229.18,1304.6,103060,0
2014-12-09,1174.24,1191.72,1040.89,1120.3,117241,0
2014-12-10,1123.8,1217.7,1050.38,1211.7,129249,0
2014-12-11,1261.65,1283.63,1135.28,1256.16,131083,0
2014-12-12,1265.15,1341.56,1228.68,1330.08,111605,0
2014-12-15,1385.52,1609.78,1310.1,1602.78,117506,0
2014-12-16,1440.46,1676.21,1421.48,1673.21,73746,0
2014-12-17,1624.76,1656.23,1379.52,1423.48,83371,0
2014-12-18,1320.59,1392.51,1214.2,1236.68,82717,0
2014-12-19,1234.68,1273.64,1177.24,1273.64,76585,0
2014-12-22,1274.64,1490.9,1253.66,1466.93,118880,0
2014-12-23,1460.44,1532.86,1317.59,1507.39,80372,0
2014-12-24,1498.4,1548.34,1339.57,1385.02,47902,0
2014-12-26,1250.66,1325.08,1223.69,1276.63,62843,0
2014-12-29,1293.62,1378.03,1290.62,1358.55,65025,0
2014-12-30,1283.63,1289.12,1163.75,1223.69,105549,0
2014-12-31,1258.15,1297.61,1193.72,1231.68,83939,0
2015-01-02,1298.61,1320.59,1122.3,1126.79,143544,0
2015-01-05,1098.82,1154.26,1029.9,1030.4,122257,0
2015-01-06,1005.92,1018.41,835.61,872.57,159228,0
2015-01-07,926.51,951.98,844.1,917.02,147992,0
2015-01-08,906.03,981.45,852.09,958.97,155468,0
2015-01-09,910.03,910.03,824.62,824.62,150661,0
2015-01-12,802.14,815.63,701.25,736.21,148942,0
2015-01-13,694.26,851.09,691.26,820.62,200487,0
2015-01-14,764.68,907.03,758.19,855.58,179452,0
2015-01-15,744.2,760.69,687.76,716.23,200207,0
2015-01-16,685.77,688.26,624.83,637.82,283282,0
2015-01-20,597.36,603.85,559.9,570.89,199893,0
2015-01-21,553.41,635.82,552.91,603.85,202367,0
2015-01-22,580.88,621.33,569.39,611.35,219444,0
2015-01-23,628.83,677.77,620.84,663.79,229954,0
2015-01-26,700.75,724.22,629.33,631.32,181511,0
2015-01-27,612.84,616.84,565.39,571.89,234052,0
2015-01-28,596.36,652.8,579.38,636.32,241526,0
2015-01-29,682.77,711.74,655.8,668.28,243399,0
2015-01-30,661.79,694.76,600.86,604.85,198795,0
2015-02-02,640.31,642.81,572.89,590.87,196141,0
2015-02-03,613.84,647.81,591.87,635.32,232382,0
2015-02-04,611.85,634.32,582.38,596.36,200580,0
2015-02-05,614.34,622.33,575.38,575.38,189986,0
2015-02-06,640.81,671.78,621.83,671.78,285665,0
2015-02-09,651.3,653.8,622.83,633.82,140830,0
2015-02-10,657.8,685.77,654.3,674.78,206804,0
2015-02-11,666.79,715.23,661.79,708.24,162636,0
2015-02-12,688.26,709.24,670.78,682.27,137987,0
2015-02-13,667.29,678.27,642.81,672.28,117349,0
2015-02-17,721.73,744.7,704.75,737.21,183140,0
2015-02-18,732.72,757.69,674.78,689.26,196118,0
2015-02-19,685.77,746.7,680.27,734.71,160357,0
2015-02-20,724.22,746.7,693.76,743.7,169341,0
2015-02-23,758.69,771.17,714.24,734.71,147601,0
2015-02-24,760.69,770.68,725.22,748.7,141151,0
2015-02-25,723.23,733.71,692.26,706.24,161902,0
2015-02-26,675.78,697.75,671.78,690.76,129300,0
2015-02-27,671.28,676.28,639.82,659.79,166208,0
2015-03-02,654.8,717.23,652.3,707.74,155312,0
2015-03-03,699.25,753.69,676.78,742.71,131330,0
2015-03-04,738.71,786.66,737.71,780.17,140210,0
2015-03-05,761.68,795.15,742.71,774.67,111910,0
2015-03-06,848.09,959.47,846.59,950.48,204108,0
2015-03-09,928.01,1054.87,918.52,1050.88,166003,0
2015-03-10,1047.88,1128.79,995.93,1099.82,152193,0
2015-03-11,1091.83,1168.25,987.94,997.43,230815,0
2015-03-12,977.95,1052.37,963.97,1024.4,162964,0
2015-03-13,1003.93,1107.81,1002.43,1016.91,167737,0
2015-03-16,1013.91,1073.85,984.95,1013.42,149828,0
2015-03-17,1056.37,1072.85,982.45,1043.38,129332,0
2015-03-18,1051.87,1081.34,878.56,889.55,181440,0
2015-03-19,904.53,940.49,879.06,905.53,141507,0
2015-03-20,867.57,877.06,793.15,811.63,172006,0
2015-03-23,799.14,811.13,760.19,764.68,141710,0
2015-03-24,753.69,785.16,750.2,769.68,161186,0
2015-03-25,748.2,806.64,740.21,801.64,118236,0
2015-03-26,763.68,867.07,741.71,840.6,170767,0
2015-03-27,860.08,899.04,830.61,871.57,164426,0
2015-03-30,915.52,936,888.55,924.51,123186,0
2015-03-31,912.52,969.46,896.54,958.97,98615,0
2015-04-01,911.52,923.51,800.64,804.14,156133,0
2015-04-02,820.12,861.58,788.66,830.61,150313,0
2015-04-06,748.2,768.68,726.72,739.71,136692,0
2015-04-07,756.19,797.15,749.2,795.15,122413,0
2015-04-08,782.66,832.61,765.68,809.63,154956,0
2015-04-09,835.11,849.09,812.63,828.61,100632,0
2015-04-10,782.16,783.66,756.69,757.69,122399,0
2015-04-13,755.69,789.65,755.69,782.16,114843,0
2015-04-14,781.16,785.16,742.21,763.68,142733,0
2015-04-15,746.7,763.68,692.76,697.25,169450,0
2015-04-16,691.26,732.72,674.28,724.22,156548,0
2015-04-17,710.74,731.22,688.26,721.73,115812,0
2015-04-20,741.71,753.19,710.24,711.74,133005,0
2015-04-21,712.24,728.72,687.26,698.75,106992,0
2015-04-22,716.73,765.18,706.24,763.68,163520,0
2015-04-23,760.19,761.19,698.25,714.24,161379,0
2015-04-24,727.22,754.19,705.74,754.19,173742,0
2015-04-27,725.72,732.72,660.79,709.74,249853,0
2015-04-28,692.76,694.26,622.83,628.83,266755,0
2015-04-29,626.83,637.82,591.87,608.85,238161,0
2015-04-30,656.3,683.27,648.31,661.79,262354,0
2015-05-01,679.27,683.27,645.31,646.31,195153,0
2015-05-04,616.34,643.81,608.85,630.82,127919,0
2015-05-05,612.84,661.29,605.35,649.31,185294,0
2015-05-06,640.31,703.25,637.32,699.25,201545,0
2015-05-07,718.23,744.2,685.27,685.77,155163,0
2015-05-08,674.28,706.74,662.29,671.28,165509,0
2015-05-11,674.78,690.26,653.3,665.79,131266,0
2015-05-12,660.79,661.79,635.32,641.81,160557,0
2015-05-13,611.85,614.84,584.37,594.36,286228,0
2015-05-14,575.88,599.36,554.41,590.37,323996,0
2015-05-15,604.85,614.34,576.88,595.86,209189,0
2015-05-18,585.87,604.35,580.38,595.86,166416,0
2015-05-19,620.34,660.29,618.84,658.3,305613,0
2015-05-20,652.8,657.3,629.33,652.3,127122,0
2015-05-21,659.79,670.78,648.81,665.29,107715,0
2015-05-22,663.29,677.77,653.3,674.28,107131,0
2015-05-26,714.24,741.71,713.24,735.21,149887,0
2015-05-27,728.72,744.2,712.74,714.24,91432,0
2015-05-28,727.22,745.2,691.76,699.25,125636,0
2015-05-29,691.76,708.24,675.78,698.25,103413,0
2015-06-01,673.28,711.74,663.29,705.74,108325,0
2015-06-02,691.76,699.25,667.29,677.77,125179,0
2015-06-03,693.76,723.23,681.77,716.23,115271,0
2015-06-04,740.21,754.69,736.21,749.2,114875,0
2015-06-05,781.16,798.15,759.19,778.67,148617,0
2015-06-08,772.17,794.15,755.69,755.69,87163,0
2015-06-09,746.2,786.66,731.72,785.66,81935,0
2015-06-10,752.69,771.67,739.21,762.68,96372,0
2015-06-11,779.67,801.64,774.17,788.66,92662,0
2015-06-12,796.15,818.62,785.16,811.63,89872,0
2015-06-15,816.63,829.11,776.17,807.14,106452,0
2015-06-16,826.12,843.6,820.12,839.1,85375,0
2015-06-17,851.09,853.59,766.18,771.67,161773,0
2015-06-18,732.22,751.7,729.22,740.21,137127,0
2015-06-19,746.2,805.14,742.71,790.15,120887,0
2015-06-22,820.62,832.11,806.64,830.61,92901,0
2015-06-23,841.1,841.6,805.64,828.61,98820,0
2015-06-24,834.11,841.6,810.63,825.12,89362,0
2015-06-25,829.61,851.59,815.13,849.59,59241,0
2015-06-26,855.08,867.57,840.1,860.58,75675,0
2015-06-29,848.09,892.05,844.1,889.05,88795,0
2015-06-30,900.54,925.01,869.57,915.52,120682,0
2015-07-01,923.51,988.44,919.52,982.45,104247,0
2015-07-02,966.97,968.96,920.51,928.01,123322,0
2015-07-06,946.49,962.97,862.58,893.54,130662,0
2015-07-07,949.98,1026.4,949.98,1017.91,165221,0
2015-07-08,986.94,1045.38,966.97,1042.38,103859,0
2015-07-09,994.94,1058.37,981.45,1030.9,90763,0
2015-07-10,1021.41,1084.84,1017.41,1058.87,100413,0
2015-07-13,1103.32,1128.79,1052.37,1054.37,105509,0
2015-07-14,1053.37,1074.85,1027.4,1070.85,87780,0
2015-07-15,1102.82,1153.27,1095.33,1146.27,113053,0
2015-07-16,1153.27,1189.73,1152.77,1180.24,102203,0
2015-07-17,1207.71,1350.06,1203.71,1335.57,151822,0
2015-07-20,1529.36,1776.1,1509.88,1769.11,269560,0
2015-07-21,1658.72,1676.71,1476.42,1636.25,158790,0
2015-07-22,1738.14,1794.08,1583.31,1647.24,131615,0
2015-07-23,1591.8,1848.02,1571.32,1822.05,135577,0
2015-07-24,1897.97,1988.87,1608.28,1628.76,152623,0
2015-07-27,1684.2,1844.53,1523.37,1801.07,101364,0
2015-07-28,1744.13,1815.56,1696.68,1756.62,58098,0
2015-07-29,1750.13,1811.56,1608.28,1653.73,80961,0
2015-07-30,1760.12,1846.52,1699.18,1816.56,80168,0
2015-07-31,1680.7,1778.6,1619.77,1714.66,60056,0
2015-08-03,1747.63,1919.95,1739.14,1881.49,62878,0
2015-08-04,1800.57,1927.94,1770.11,1878.99,52336,0
2015-08-05,1818.05,1997.86,1775.6,1962.4,72784,0
2015-08-06,1910.46,1952.41,1698.68,1842.03,81655,0
2015-08-07,1837.53,1855.51,1645.24,1822.55,90006,0
2015-08-10,1751.63,1841.03,1461.44,1480.42,135417,0
2015-08-11,1415.98,1567.82,1390.01,1390.01,88985,0
2015-08-12,1307.6,1317.59,1101.32,1117.8,129066,0
2015-08-13,1201.71,1310.6,1169.25,1285.62,109829,0
2015-08-14,1219.2,1365.54,1197.72,1333.57,98894,0
2015-08-17,1243.67,1258.15,1162.76,1188.23,97809,0
2015-08-18,1251.16,1302.61,1205.71,1236.18,96505,0
2015-08-19,1210.7,1213.2,1113.81,1134.29,134207,0
2015-08-20,1022.41,1051.87,947.49,990.94,151202,0
2015-08-21,936.5,1102.32,932.5,1072.35,148685,0
2015-08-24,1122.8,1351.55,1028.9,1330.08,168559,0
2015-08-25,1236.18,1495.9,1223.69,1459.94,109637,0
2015-08-26,1539.85,1698.18,1529.86,1664.22,108644,0
2015-08-27,1658.72,1686.69,1344.06,1392.51,93136,0
2015-08-28,1385.02,1395.51,1202.21,1252.66,103248,0
2015-08-31,1327.58,1419.98,1276.13,1276.13,82528,0
2015-09-01,1245.67,1402,1210.2,1389.01,76464,0
2015-09-02,1374.03,1505.89,1330.08,1410.99,86621,0
2015-09-03,1492.9,1497.9,1293.62,1483.91,90267,0
2015-09-04,1521.37,1598.29,1475.92,1484.41,68912,0
2015-09-08,1443.46,1507.89,1373.53,1438.96,61145,0
2015-09-09,1498.9,1576.31,1446.95,1557.33,77877,0
2015-09-10,1489.91,1584.3,1463.93,1564.33,58609,0
2015-09-11,1610.78,1748.13,1516.38,1547.84,85025,0
2015-09-14,1589.8,1641.74,1493.4,1583.8,62333,0
2015-09-15,1590.8,1618.77,1500.39,1566.32,49423,0
2015-09-16,1474.92,1476.92,1280.63,1296.11,110244,0
2015-09-17,1341.06,1358.55,1141.28,1186.23,102550,0
2015-09-18,1104.32,1208.71,1076.35,1137.78,101264,0
2015-09-21,1188.73,1247.17,1162.26,1243.17,88553,0
2015-09-22,1336.07,1428.47,1323.58,1413.49,101975,0
2015-09-23,1329.58,1457.44,1312.6,1444.95,56056,0
2015-09-24,1330.58,1350.55,1122.8,1144.28,161390,0
2015-09-25,1195.72,1216.2,1160.26,1186.73,82016,0
2015-09-28,1283.13,1367.54,1257.15,1344.06,92984,0
2015-09-29,1311.6,1368.54,1249.66,1337.57,49355,0
2015-09-30,1391.01,1396.51,1236.18,1244.17,77725,0
2015-10-01,1221.69,1339.07,1168.75,1318.09,74205,0
2015-10-02,1166.25,1184.73,1003.93,1008.92,194386,0
2015-10-05,981.95,985.45,863.08,870.07,232973,0
2015-10-06,803.14,853.09,761.68,776.17,264623,0
2015-10-07,774.17,821.62,754.69,783.66,216636,0
2015-10-08,823.62,830.11,704.25,813.63,251915,0
2015-10-09,729.22,745.2,679.77,679.77,282518,0
2015-10-12,637.32,759.69,636.82,738.21,217245,0
2015-10-13,740.71,754.69,689.26,726.22,210283,0
2015-10-14,679.27,687.26,575.38,589.37,407109,0
2015-10-15,617.84,630.33,574.39,586.87,337593,0
2015-10-16,591.87,639.32,577.38,639.32,333434,0
2015-10-19,647.31,728.72,633.82,716.23,383398,0
2015-10-20,690.76,693.76,607.85,633.82,295004,0
2015-10-21,659.29,702.75,650.8,686.76,263450,0
2015-10-22,696.25,699.25,634.32,652.3,261209,0
2015-10-23,629.83,676.28,589.37,604.85,357925,0
2015-10-26,609.35,660.29,609.35,657.3,279038,0
2015-10-27,674.28,687.76,635.32,653.8,224596,0
2015-10-28,613.84,711.74,564.4,681.27,519133,0
2015-10-29,707.74,783.66,688.26,768.18,345646,0
2015-10-30,779.67,798.65,731.72,793.65,291143,0
2015-11-02,822.12,850.09,763.18,784.16,316954,0
2015-11-03,830.11,837.1,774.17,799.14,326259,0
2015-11-04,782.16,853.59,754.69,849.09,292405,0
2015-11-05,849.09,957.97,849.09,941.49,325604,0
2015-11-06,1037.89,1080.84,1017.91,1062.86,252370,0
2015-11-09,1067.36,1104.82,982.45,982.95,235152,0
2015-11-10,1038.89,1068.86,1006.42,1053.37,200805,0
2015-11-11,1040.39,1067.36,1016.91,1016.91,147297,0
2015-11-12,1086.34,1097.33,986.44,1055.37,216786,0
2015-11-13,1064.86,1073.85,1009.42,1020.91,154639,0
2015-11-16,998.43,1018.91,969.46,995.43,118116,0
2015-11-17,1021.91,1143.78,1011.42,1130.79,221559,0
2015-11-18,1124.3,1177.74,1007.92,1031.4,221357,0
2015-11-19,983.95,991.44,901.54,924.51,223131,0
2015-11-20,911.52,1044.38,901.04,1023.9,213120,0
2015-11-23,1048.88,1068.36,1014.41,1047.38,140110,0
2015-11-24,984.45,1011.42,924.01,930,172913,0
2015-11-25,968.96,983.95,909.03,951.48,165935,0
2015-11-27,1016.91,1024.9,978.95,1000.43,109697,0
2015-11-30,986.44,993.44,931.5,941.49,153774,0
2015-12-01,923.51,954.48,850.09,857.58,191687,0
2015-12-02,919.02,954.48,883.55,921.51,229799,0
2015-12-03,873.57,910.53,841.1,866.57,241361,0
2015-12-04,835.11,837.6,724.72,732.22,269780,0
2015-12-07,759.19,839.6,752.19,817.62,217400,0
2015-12-08,811.63,864.57,798.65,836.11,191546,0
2015-12-09,775.67,836.11,760.69,806.14,194318,0
2015-12-10,824.62,829.61,774.17,812.63,149974,0
2015-12-11,846.59,847.09,761.68,787.66,204072,0
2015-12-14,802.64,918.02,795.15,917.52,276477,0
2015-12-15,889.05,930.5,867.07,905.03,145690,0
2015-12-16,847.59,898.54,786.66,799.14,252842,0
2015-12-17,883.05,944.99,881.06,939,185234,0
2015-12-18,894.04,906.03,835.61,876.06,196784,0
2015-12-21,817.13,848.59,803.64,827.11,158163,0
2015-12-22,836.6,852.09,799.14,840.6,138361,0
2015-12-23,825.62,830.61,787.66,788.66,173834,0
2015-12-24,770.68,774.67,735.71,738.21,108766,0
2015-12-28,774.17,829.11,774.17,806.14,154710,0
2015-12-29,780.17,811.63,767.18,783.16,105050,0
2015-12-30,831.61,846.59,818.62,831.11,121591,0
2015-12-31,834.11,842.1,816.13,825.12,81649,0
2016-01-04,749.2,795.65,729.72,756.69,160754,0
2016-01-05,747.2,781.66,746.7,765.68,103428,0
2016-01-06,730.72,743.2,712.24,726.72,169544,0
2016-01-07,691.76,707.74,611.85,632.32,243334,0
2016-01-08,681.77,708.74,661.79,676.78,162935,0
2016-01-11,669.78,774.17,663.29,757.69,210986,0
2016-01-12,784.16,849.09,782.16,806.64,189830,0
2016-01-13,822.12,855.08,776.17,809.63,153776,0
2016-01-14,841.1,918.52,814.13,891.55,161595,0
2016-01-15,801.64,909.03,799.14,905.03,97133,0
2016-01-19,880.56,1046.88,872.07,1021.41,129430,0
2016-01-20,947.49,1020.91,929.01,930,148991,0
2016-01-21,973.96,1025.4,910.53,928.51,167771,0
2016-01-22,958.97,972.46,869.57,901.54,130190,0
2016-01-25,857.58,871.57,823.12,831.11,131432,0
2016-01-26,801.14,801.54,714.24,722.73,202492,0
2016-01-27,736.71,758.19,680.77,682.77,219983,0
2016-01-28,729.72,749.2,685.27,727.22,203164,0
2016-01-29,739.21,749.2,674.28,678.62,180933,0
2016-02-01,660.79,663.29,614.34,616.39,231196,0
2016-02-02,635.32,679.77,624.33,654.3,197741,0
2016-02-03,639.32,640.81,514.45,515.45,503552,0
2016-02-04,468.5,470,410.56,432.54,598398,0
2016-02-05,464,477.99,358.12,360.61,578046,0
2016-02-08,331.15,336.14,305.67,334.14,683038,0
2016-02-09,318.16,373.1,313.66,371.6,747979,0
2016-02-10,375.6,414.06,346.88,348.78,662487,0
2016-02-11,275.7,309.67,257.22,273.21,1119459,0
2016-02-12,298.18,299.68,251.73,252.73,798920,0
2016-02-16,289.69,317.66,273.21,316.16,899256,0
2016-02-17,299.68,310.17,278.2,283.7,657986,0
2016-02-18,298.18,301.68,232.75,233.75,884699,0
2016-02-19,243.74,254.73,232.75,249.73,690192,0
2016-02-22,274.21,276.7,238.74,244.24,821251,0
2016-02-23,232.25,240.74,224.76,230.25,594952,0
2016-02-24,210.77,233.75,195.79,222.76,1236653,0
2016-02-25,226.76,228.76,210.77,212.77,726155,0
2016-02-26,227.26,237.75,214.77,235.25,942687,0
2016-02-29,226.26,227.26,209.28,209.78,598334,0
2016-03-01,208.28,237.25,205.78,235.75,906215,0
2016-03-02,230.25,235.25,212.77,217.77,876762,0
2016-03-03,214.27,215.77,184.8,192.29,1184799,0
2016-03-04,191.3,198.79,160.83,193.79,1975130,0
2016-03-07,186.3,188.3,164.32,174.31,1409912,0
2016-03-08,167.82,199.29,165.82,198.29,1353414,0
2016-03-09,212.27,217.27,189.3,195.79,1640074,0
2016-03-10,187.3,189.05,168.82,170.32,1337241,0
2016-03-11,173.81,183.3,165.32,179.81,987020,0
2016-03-14,176.31,203.78,172.82,202.28,1278412,0
2016-03-15,202.78,211.27,189.3,189.8,1138042,0
2016-03-16,198.79,206.28,149.84,151.34,1654880,0
2016-03-17,148.34,161.83,139.35,158.83,1898570,0
2016-03-18,161.83,162.33,148.84,156.83,1109300,0
2016-03-21,158.83,163.33,152.34,156.83,946528,0
2016-03-22,149.84,162.33,147.34,156.33,881975,0
2016-03-23,175.31,192.79,172.82,191.79,1555747,0
2016-03-24,185.8,190.8,175.31,179.31,852869,0
2016-03-28,174.81,189.3,173.31,179.81,621000,0
2016-03-29,174.81,180.81,147.84,150.34,1500527,0
2016-03-30,155.83,164.32,150.34,155.33,1168394,0
2016-03-31,149.84,161.83,147.84,161.83,807410,0
2016-04-01,174.31,177.31,157.83,157.83,1097331,0
2016-04-04,160.33,172.32,159.83,170.82,796375,0
2016-04-05,158.33,171.82,154.83,155.83,952302,0
2016-04-06,162.33,163.82,153.84,154.83,847765,0
2016-04-07,145.84,147.34,139.85,141.85,1498331,0
2016-04-08,142.85,143.35,125.87,127.86,1487280,0
2016-04-11,119.37,120.37,103.89,105.39,1896849,0
2016-04-12,104.89,109.88,100.39,102.89,1639510,0
2016-04-13,107.88,112.38,103.89,110.88,1491696,0
2016-04-14,112.38,125.37,109.38,120.37,1805977,0
2016-04-15,118.37,123.37,108.88,110.38,1195310,0
2016-04-18,106.89,114.88,106.39,110.38,878106,0
2016-04-19,97.895,99.89,91.902,94.898,1695706,0
2016-04-20,94.898,101.39,87.906,99.394,2204683,0
2016-04-21,91.902,99.394,90.903,94.399,1954284,0
2016-04-22,98.395,104.39,92.401,101.89,1814858,0
2016-04-25,100.39,105.39,98.395,103.89,1038404,0
2016-04-26,100.39,105.39,96.896,96.896,1038832,0
2016-04-27,95.398,102.39,92.901,93.68,1522609,0
2016-04-28,90.903,91.902,79.914,81.163,2096867,0
2016-04-29,76.418,76.918,65.43,65.929,2338360,0
2016-05-02,63.932,71.424,63.432,68.926,2323574,0
2016-05-03,67.927,76.418,67.927,74.42,2047780,0
2016-05-04,79.415,87.406,74.92,85.908,2380869,0
2016-05-05,81.912,82.911,75.919,78.416,1753446,0
2016-05-06,72.922,74.42,65.929,68.926,2358941,0
2016-05-09,77.417,81.912,76.418,80.913,1894049,0
2016-05-10,80.414,83.91,71.424,72.922,1700900,0
2016-05-11,68.177,74.42,64.431,66.928,2471370,0
2016-05-12,66.429,71.923,63.932,70.425,2073323,0
2016-05-13,70.425,71.923,66.928,68.427,1547339,0
2016-05-16,64.431,66.928,61.934,64.431,1697638,0
2016-05-17,65.43,67.428,60.435,61.934,2233251,0
2016-05-18,66.229,77.117,63.432,76.818,5332642,0
2016-05-19,82.512,84.709,71.773,73.072,6958092,0
2016-05-20,70.475,78.416,70.275,72.323,4656697,0
2016-05-23,77.317,78.466,70.525,74.62,4165694,0
2016-05-24,79.265,87.157,77.517,86.907,4805081,0
2016-05-25,88.206,93.25,78.716,80.714,5866372,0
2016-05-26,77.167,83.361,75.02,81.063,4886999,0
2016-05-27,83.561,89.554,81.263,88.305,6171311,0
2016-05-31,87.906,90.303,79.265,84.809,5030310,0
2016-06-01,83.411,87.556,79.115,82.911,4944594,0
2016-06-02,84.06,85.858,80.514,82.761,3751710,0
2016-06-03,68.327,68.377,54.592,55.041,9629001,0
2016-06-06,55.241,57.938,53.443,54.042,5218191,0
2016-06-07,56.19,56.834,54.092,56.09,3974262,0
2016-06-08,48.898,51.257,46.85,50.546,5512069,0
2016-06-09,50.696,51.695,47.949,48.348,3697471,0
2016-06-10,47.199,51.545,45.202,50.346,7090136,0
2016-06-13,46.75,52.444,46.35,50.646,4528853,0
2016-06-14,49.797,55.241,49.797,53.992,4859596,0
2016-06-15,54.092,54.791,46.45,47.939,5194621,0
2016-06-16,44.003,52.694,43.953,52.194,6513456,0
2016-06-17,49.447,53.842,48.998,50.296,5329837,0
2016-06-20,55.041,55.64,50.346,51.295,5260229,0
2016-06-21,54.542,55.69,53.041,55.541,4882197,0
2016-06-22,54.941,56.44,51.845,51.894,4449886,0
2016-06-23,53.343,54.042,50.746,53.193,4233459,0
2016-06-24,37.859,46.201,37.71,43.903,7731229,0
2016-06-27,42.804,45.401,40.632,42.305,6096417,0
2016-06-28,44.452,45.002,42.554,44.353,5762437,0
2016-06-29,42.405,42.654,39.508,41.605,6866243,0
2016-06-30,40.307,41.605,38.958,39.158,5622768,0
2016-07-01,35.812,36.061,32.765,33.464,7761088,0
2016-07-05,31.966,34.064,30.967,31.366,6343826,0
2016-07-06,29.968,30.363,28.12,28.37,11600631,0
2016-07-07,29.768,31.666,29.568,31.017,9230112,0
2016-07-08,30.917,31.666,27.72,28.17,10253612,0
2016-07-11,29.069,29.269,27.62,27.92,5679987,0
2016-07-12,28.819,31.267,28.32,31.117,7707611,0
2016-07-13,29.069,29.868,27.421,28.12,7110942,0
2016-07-14,30.467,31.017,28.47,28.619,6367303,0
2016-07-15,30.068,30.118,28.769,29.518,4589473,0
2016-07-18,29.319,30.417,29.019,29.069,3993928,0
2016-07-19,29.668,30.218,29.219,30.018,3125209,0
2016-07-20,32.315,35.812,32.265,35.212,7354543,0
2016-07-21,34.014,34.813,31.267,31.966,6456922,0
2016-07-22,33.214,33.214,31.616,32.116,3542100,0
2016-07-25,33.664,36.661,33.614,35.662,7059813,0
2016-07-26,33.864,34.713,31.866,32.815,4947733,0
2016-07-27,31.167,33.614,27.67,28.37,7584126,0
2016-07-28,27.92,29.868,27.471,28.42,5949226,0
2016-07-29,26.921,27.645,25.523,26.022,8600319,0
2016-08-01,26.272,26.821,24.823,25.023,8478804,0
2016-08-02,24.124,24.492,23.375,24.124,6999296,0
2016-08-03,24.624,25.623,24.624,24.973,5372295,0
2016-08-04,24.524,24.636,23.775,24.424,6074942,0
2016-08-05,26.422,27.071,26.072,26.622,6946882,0
2016-08-08,26.771,26.871,25.123,26.022,4753328,0
2016-08-09,25.373,25.691,24.823,25.273,3994031,0
2016-08-10,23.425,24.773,23.025,24.024,5841021,0
2016-08-11,23.924,24.724,22.876,24.524,6637343,0
2016-08-12,22.826,24.873,22.776,24.474,9506031,0
2016-08-15,24.424,25.273,23.974,24.973,6208456,0
2016-08-16,24.823,25.523,24.424,25.123,6648933,0
2016-08-17,25.822,27.92,25.573,26.172,10264275,0
2016-08-18,25.523,26.322,25.073,25.323,5059585,0
2016-08-19,26.721,27.421,26.222,27.121,6918613,0
2016-08-22,28.37,28.969,28.14,28.47,5137764,0
2016-08-23,27.72,29.918,27.62,29.672,5001909,0
2016-08-24,30.967,36.461,30.917,36.011,12551610,0
2016-08-25,36.251,37.4,32.505,34.703,13364696,0
2016-08-26,32.515,36.561,30.467,35.262,17207182,0
2016-08-29,36.381,36.99,33.964,35.052,6029449,0
2016-08-30,36.011,41.046,35.562,40.027,18685970,0
2016-08-31,41.506,42.784,40.367,42.165,14305892,0
2016-09-01,42.734,43.653,37.2,37.4,13278286,0
2016-09-02,33.954,35.822,32.975,33.514,10642866,0
2016-09-06,31.376,32.305,28.55,28.719,10762557,0
2016-09-07,28.869,31.267,28.639,28.979,14108185,0
2016-09-08,29.558,31.536,28.759,30.947,16335262,0
2016-09-09,32.345,36.451,32.275,35.842,19051660,0
2016-09-12,37.78,38.129,32.335,33.214,16962510,0
2016-09-13,34.423,38.269,34.164,37.12,11082357,0
2016-09-14,35.722,37.735,34.323,37.04,10956253,0
2016-09-15,37.34,38.848,34.413,36.361,16513011,0
2016-09-16,37.859,38.948,35.842,37.29,12026040,0
2016-09-19,35.512,37.095,35.362,36.711,15520522,0
2016-09-20,36.681,37.7,35.882,36.861,12038590,0
2016-09-21,34.543,34.823,28.599,29.279,17310412,0
2016-09-22,27.995,30.457,27.031,29.458,13888820,0
2016-09-23,29.708,32.705,29.429,31.806,14740682,0
2016-09-26,31.267,32.845,30.308,32.635,9838919,0
2016-09-27,33.764,35.502,33.434,34.463,14199019,0
2016-09-28,34.693,36.161,31.297,32.106,16745484,0
2016-09-29,33.254,34.163,32.026,32.825,11368569,0
2016-09-30,30.987,34.143,30.807,33.634,8748608,0
2016-10-03,34.113,36.801,33.284,35.582,9622846,0
2016-10-04,39.228,46.161,39.148,46.031,16644231,0
2016-10-05,43.523,48.888,42.714,45.222,13411594,0
2016-10-06,49.427,50.766,47.189,48.958,11985787,0
2016-10-07,44.652,50.925,43.463,48.368,10317106,0
2016-10-10,47.11,48.498,45.801,47.399,4319421,0
2016-10-11,48.928,51.295,47.719,50.836,9540199,0
2016-10-12,49.947,50.576,45.581,47.459,7507385,0
2016-10-13,46.59,47.809,41.286,44.952,6268376,0
2016-10-14,47.03,48.228,44.133,47.589,7626976,0
2016-10-17,46.85,47.699,44.832,45.461,5069913,0
2016-10-18,42.934,44.365,40.197,40.736,8961141,0
2016-10-19,38.359,39.777,36.621,37.26,8294564,0
2016-10-20,37.38,39.418,36.871,37.46,6823522,0
2016-10-21,37.959,39.308,37.64,38.149,5548711,0
2016-10-24,37.32,42.205,37.16,40.696,7610239,0
2016-10-25,39.827,40.337,36.561,37.939,7623224,0
2016-10-26,38.159,41.556,37.49,40.287,7601190,0
2016-10-27,39.398,43.583,39.188,42.355,7105392,0
2016-10-28,42.704,43.993,39.388,41.785,9774853,0
2016-10-31,41.176,42.318,38.059,38.159,7501153,0
2016-11-01,35.622,36.371,33.264,35.262,11238907,0
2016-11-02,33.005,37.75,31.966,36.791,13081908,0
2016-11-03,36.811,37.02,33.724,34.473,8115341,0
2016-11-04,34.603,37.1,34.383,35.572,7751066,0
2016-11-07,38.918,40.956,38.419,39.458,8574849,0
2016-11-08,39.128,41.735,36.641,40.087,9657959,0
2016-11-09,31.806,39.947,31.466,37.02,13230057,0
2016-11-10,38.249,46.011,38.179,44.812,9538291,0
2016-11-11,45.681,56.789,45.531,56.21,13971492,0
2016-11-14,59.676,62.643,49.818,54.422,14100887,0
2016-11-15,54.002,55.7,46.67,47.719,7638480,0
2016-11-16,48.498,51.795,47.829,48.848,7076016,0
2016-11-17,49.137,55.081,46.151,52.334,12803497,0
2016-11-18,54.462,56.36,52.604,53.902,7963109,0
2016-11-21,51.345,52.524,48.918,50.945,7376697,0
2016-11-22,50.476,54.661,49.957,50.346,8514248,0
2016-11-23,56.35,60.345,56.28,57.688,8560608,0
2016-11-25,56.17,58.397,54.771,56.789,3939660,0
2016-11-28,54.442,56.44,50.116,50.436,7160126,0
2016-11-29,53.942,54.851,50.546,51.515,6955041,0
2016-11-30,53.343,56.729,52.883,54.482,6999621,0
2016-12-01,56.44,58.867,52.034,55.88,6798682,0
2016-12-02,53.902,53.902,49.207,50.026,7438720,0
2016-12-05,52.803,55.28,48.589,50.336,9505315,0
2016-12-06,50.566,52.224,48.008,51.275,5516283,0
2016-12-07,48.478,50.695,47.469,49.297,7946142,0
2016-12-08,50.096,51.265,48.988,49.467,5697322,0
2016-12-09,51.015,55.874,50.486,54.781,7547498,0
2016-12-12,53.143,55.251,51.466,54.122,5730186,0
2016-12-13,54.442,55.421,51.515,51.994,5750083,0
2016-12-14,49.887,60.495,48.698,60.196,13012896,0
2016-12-15,65.929,71.393,65.33,67.937,11791237,0
2016-12-16,65.929,70.794,63.352,67.757,7176878,0
2016-12-19,66.429,68.876,65.09,66.998,4896112,0
2016-12-20,70.984,72.393,66.089,66.529,5413073,0
2016-12-21,65.81,68.217,64.881,66.659,3173023,0
2016-12-22,67.568,67.917,63.552,66.958,4028818,0
2016-12-23,66.579,66.848,63.522,64.281,3554666,0
2016-12-27,61.264,62.542,59.097,59.237,3526070,0
2016-12-28,60.256,61.075,55.191,55.94,5185125,0
2016-12-29,53.882,54.082,42.974,43.304,9741448,0
2016-12-30,43.154,48.948,40.457,48.318,9748185,0
2017-01-03,47.189,47.819,42.465,42.554,7106894,0
2017-01-04,41.056,43.613,40.976,41.645,5685839,0
2017-01-05,39.018,39.118,33.464,34.273,12185191,0
2017-01-06,36.641,39.458,34.763,37.73,12195545,0
2017-01-09,35.132,38.139,35.042,37.35,7438082,0
2017-01-10,36.371,38.399,34.973,36.631,7026961,0
2017-01-11,37.78,40.187,35.562,36.861,10382067,0
2017-01-12,34.503,37.83,33.574,36.551,9553595,0
2017-01-13,37.889,38.948,35.612,36.001,9087515,0
2017-01-17,32.625,34.053,32.226,33.125,8702104,0
2017-01-18,33.374,35.862,32.325,34.573,8729863,0
2017-01-19,35.962,36.681,34.363,35.252,8624385,0
2017-01-20,35.042,35.962,32.575,34.084,7379424,0
2017-01-23,33.085,33.554,31.027,31.187,7480176,0
2017-01-24,31.376,31.904,29.345,30.917,11390964,0
2017-01-25,32.845,33.754,32.275,32.325,11011920,0
2017-01-26,34.623,35.222,33.787,34.783,7148804,0
2017-01-27,34.793,34.833,33.045,33.194,5093183,0
2017-01-30,32.825,33.794,31.666,33.464,4878593,0
2017-01-31,31.117,31.326,30.208,30.288,7986914,0
2017-02-01,31.566,31.996,29.968,30.437,9887549,0
2017-02-02,28.37,29.119,27.82,28.47,7309128,0
2017-02-03,28.519,28.849,27.521,27.99,7721604,0
2017-02-06,26.721,27.6,24.973,24.983,9827670,0
2017-02-07,25.762,26.042,24.474,25.253,8611747,0
2017-02-08,24.464,25.323,24.014,24.374,7885242,0
2017-02-09,24.444,26.514,24.314,26.222,9597589,0
2017-02-10,27.131,27.271,24.883,25.153,9346360,0
2017-02-13,25.982,26.372,25.543,26.092,6009458,0
2017-02-14,25.083,27.221,24.953,26.162,8989797,0
2017-02-15,27.271,27.57,26.092,26.212,7739145,0
2017-02-16,25.772,26.012,24.933,25.333,6672600,0
2017-02-17,25.133,26.731,24.983,26.542,6624793,0
2017-02-21,27.561,28.719,26.701,27.091,8133322,0
2017-02-22,27.57,29.768,27.201,28.1,9354491,0
2017-02-23,26.691,28.01,26.272,27.99,7173317,0
2017-02-24,26.791,29.039,26.751,28.729,6891133,0
2017-02-27,28.919,33.764,27.171,33.344,12332275,0
2017-02-28,31.756,34.293,30.887,33.294,12306479,0
2017-03-01,35.112,35.912,31.956,32.565,12133904,0
2017-03-02,34.833,37.71,34.034,37.23,10288589,0
2017-03-03,38.239,39.108,34.579,35.952,12966119,0
2017-03-06,36.351,40.025,36.241,38.659,10241411,0
2017-03-07,40.087,40.896,37.77,39.318,8870218,0
2017-03-08,40.796,41.206,38.648,40.087,8106605,0
2017-03-09,40.097,41.376,39.098,41.276,7077822,0
2017-03-10,40.347,41.086,37.02,37.909,7061103,0
2017-03-13,37.11,37.909,35.972,36.541,4964736,0
2017-03-14,36.96,40.227,35.622,39.688,8982032,0
2017-03-15,38.629,39.648,30.268,30.557,13900070,0
2017-03-16,29.099,31.803,28.779,31.446,7537406,0
2017-03-17,31.087,32.555,30.178,31.896,7019178,0
2017-03-20,31.596,32.31,30.527,30.957,5600124,0
2017-03-21,30.288,30.377,28.49,29.508,8343152,0
2017-03-22,28.899,29.948,28.32,29.399,8484130,0
2017-03-23,29.029,31.836,28.71,30.367,9882067,0
2017-03-24,30.657,31.147,29.738,30.667,6014747,0
2017-03-27,28.659,29.838,28.28,28.719,7142233,0
2017-03-28,29.019,31.826,28.549,30.917,9866163,0
2017-03-29,31.277,31.596,30.018,30.567,6308441,0
2017-03-30,31.346,32.116,30.657,31.956,6224415,0
2017-03-31,31.606,32.046,29.638,31.027,7500695,0
2017-04-03,30.817,31.047,29.289,29.478,7856890,0
2017-04-04,28.809,29.379,28.38,28.4,7193537,0
2017-04-05,29.438,29.948,27.641,28.24,11121306,0
2017-04-06,28.669,29.149,28.05,28.32,5873506,0
2017-04-07,26.811,29.209,26.372,28.21,9295237,0
2017-04-10,28.769,29.289,27.471,27.74,6556115,0
2017-04-11,26.472,26.902,24.923,25.303,12258426,0
2017-04-12,25.253,26.072,24.664,24.674,8319878,0
2017-04-13,24.414,25.112,23.635,24.694,14458502,0
2017-04-17,24.594,25.343,23.994,24.883,8437082,0
2017-04-18,25.133,26.282,24.953,25.373,10939536,0
2017-04-19,26.122,28.579,26.082,28.15,14583739,0
2017-04-20,27.96,28.34,26.741,27.6,9487220,0
2017-04-21,27.281,27.89,26.691,27.361,8022930,0
2017-04-24,29.029,29.279,28.051,28.769,10618695,0
2017-04-25,29.978,33.523,29.918,32.515,17114552,0
2017-04-26,32.645,34.903,31.646,32.325,11894227,0
2017-04-27,32.305,34.753,32.305,34.213,7845736,0
2017-04-28,33.594,33.994,31.416,32.216,7953005,0
2017-05-01,33.254,35.462,32.355,34.713,8929477,0
2017-05-02,35.092,35.392,33.394,34.403,7848784,0
2017-05-03,34.603,35.492,31.896,35.362,10894456,0
2017-05-04,37.12,38.639,36.591,37.56,9649520,0
2017-05-05,37.31,37.51,34.153,35.013,7989958,0
2017-05-08,35.082,36.461,35.042,35.182,5325834,0
2017-05-09,36.261,36.801,35.132,35.322,7270532,0
2017-05-10,33.894,34.233,32.815,33.264,6108028,0
2017-05-11,32.905,32.975,30.747,31.177,6957306,0
2017-05-12,29.868,30.288,29.209,29.788,7355312,0
2017-05-15,28.23,30.827,28.23,29.528,6431967,0
2017-05-16,29.299,29.409,28.619,28.949,6119761,0
2017-05-17,27.031,28.28,26.282,27.421,10999166,0
2017-05-18,28.29,30.268,28.07,29.838,9376602,0
2017-05-19,28.659,29.279,28.499,29.019,6902556,0
2017-05-22,28.27,28.419,27.081,27.93,8442297,0
2017-05-23,27.561,30.043,27.131,29.848,9020347,0
2017-05-24,30.108,31.576,28.529,28.569,11610794,0
2017-05-25,29.488,30.308,29.049,29.448,8394580,0
2017-05-26,28.27,29.039,28.19,28.699,5525475,0
2017-05-30,29.668,29.868,28.969,29.808,5216825,0
2017-05-31,29.578,30.497,28.669,29.429,7330375,0
2017-06-01,30.228,30.497,29.169,29.848,6492048,0
2017-06-02,28.569,29.608,28.25,29.339,7768253,0
2017-06-05,28.879,30.308,28.769,29.299,5015661,0
2017-06-06,28.06,28.06,25.066,25.173,14825865,0
2017-06-07,25.992,26.721,25.223,25.742,10088206,0
2017-06-08,26.562,27.93,26.482,27.081,9828832,0
2017-06-09,28.43,28.569,27.481,28.4,9274725,0
2017-06-12,28.799,29.019,27.91,28.729,5803085,0
2017-06-13,29.309,29.309,27.291,27.88,7717569,0
2017-06-14,26.452,31.117,26.292,30.527,14332262,0
2017-06-15,31.616,31.756,30.178,31.187,6601945,0
2017-06-16,31.297,31.859,30.867,31.376,4504617,0
2017-06-19,32.016,32.217,30.747,31.816,5255017,0
2017-06-20,31.766,32.715,31.726,32.485,4157529,0
2017-06-21,32.385,32.648,31.018,31.117,5374317,0
2017-06-22,30.038,30.457,29.269,29.968,6545800,0
2017-06-23,28.789,29.269,28.24,28.44,5772828,0
2017-06-26,29.638,29.768,28.41,29.199,6170446,0
2017-06-27,28.41,30.397,28.29,30.298,4957896,0
2017-06-28,29.868,30.793,29.518,29.668,4177490,0
2017-06-29,30.817,31.856,30.587,31.486,4995296,0
2017-06-30,31.886,31.886,30.837,31.047,3313320,0
2017-07-03,32.825,33.644,32.637,33.504,2914642,0
2017-07-05,33.694,33.943,31.966,32.235,4181535,0
2017-07-06,32.685,33.664,32.565,33.404,3240807,0
2017-07-07,34.084,35.749,33.764,34.763,3841888,0
2017-07-10,35.752,35.842,32.636,33.184,4984604,0
2017-07-11,33.344,34.453,32.226,32.555,3854546,0
2017-07-12,31.147,32.405,30.798,32.255,5488629,0
2017-07-13,32.196,33.394,31.646,33.274,5589359,0
2017-07-14,31.237,31.866,30.947,31.746,5436518,0
2017-07-17,30.917,31.127,30.318,31.057,4270449,0
2017-07-18,30.098,30.577,29.928,30.328,5143818,0
2017-07-19,30.417,31.027,29.868,30.318,5174820,0
2017-07-20,30.427,30.617,29.329,29.708,6206764,0
2017-07-21,29.039,29.878,28.919,29.429,3802078,0
2017-07-24,29.139,31.107,29.099,30.757,5551014,0
2017-07-25,30.617,30.617,29.379,29.838,6238408,0
2017-07-26,30.358,30.447,26.691,27.491,9620392,0
2017-07-27,27.141,28.941,27.061,28.529,6556410,0
2017-07-28,28.16,28.416,27.191,27.281,4680710,0
2017-07-31,27.451,27.87,26.851,27.441,4662316,0
2017-08-01,27.77,28.19,26.631,27.561,5610578,0
2017-08-02,27.77,27.97,27.041,27.72,4518794,0
2017-08-03,27.92,28.11,27.131,27.94,4076106,0
2017-08-04,28.739,29.918,28.48,29.419,6875173,0
2017-08-07,29.868,29.888,29.069,29.838,3608445,0
2017-08-08,29.059,30.627,28.999,29.728,5269908,0
2017-08-09,28.45,28.959,27.93,28.32,6596780,0
2017-08-10,27.071,27.331,26.572,26.582,7730298,0
2017-08-11,26.532,27.001,26.132,26.312,5765181,0
2017-08-14,27.191,27.77,26.971,27.311,6036664,0
2017-08-15,28.689,28.769,28.04,28.31,5909945,0
2017-08-16,28.519,28.609,26.122,26.432,8910914,0
2017-08-17,26.172,26.851,25.802,26.552,6420378,0
2017-08-18,25.523,27.131,25.023,26.921,8598921,0
2017-08-21,26.532,26.592,25.613,25.673,7132693,0
2017-08-22,25.972,26.342,25.623,26.282,5877117,0
2017-08-23,25.872,26.352,25.573,25.653,4626915,0
2017-08-24,25.852,26.022,25.123,25.473,6897578,0
2017-08-25,25.183,25.893,24.684,25.173,7698164,0
2017-08-28,24.734,24.773,22.616,22.636,15104187,0
2017-08-29,21.507,22.864,21.187,22.106,9431877,0
2017-08-30,22.376,22.846,22.104,22.726,6256327,0
2017-08-31,22.586,22.586,21.077,21.167,8669187,0
2017-09-01,20.868,21.797,20.798,20.998,9126957,0
2017-09-05,20.428,20.478,19.659,19.749,12979013,0
2017-09-06,20.009,20.909,19.729,20.548,9649649,0
2017-09-07,19.939,20.046,18.99,19.199,12417662,0
2017-09-08,19.379,20.108,19.229,19.719,10618877,0
2017-09-11,20.888,21.537,20.198,21.327,11225573,0
2017-09-12,21.597,21.877,20.868,21.037,7535411,0
2017-09-13,21.117,22.416,21.107,22.276,8869647,0
2017-09-14,22.426,22.706,21.617,21.817,6797060,0
2017-09-15,21.986,22.678,21.867,22.456,6746466,0
2017-09-18,23.105,23.954,23.025,23.605,8192497,0
2017-09-19,23.395,23.685,23.055,23.225,5878667,0
2017-09-20,23.075,25.173,22.206,24.314,13047846,0
2017-09-21,25.493,25.673,24.167,25.173,6723080,0
2017-09-22,24.474,24.856,24.155,24.384,5131879,0
2017-09-25,24.734,24.903,23.065,23.185,7520476,0
2017-09-26,24.184,24.863,23.716,24.634,7226319,0
2017-09-27,25.463,25.752,25.113,25.702,7435331,0
2017-09-28,25.423,25.752,24.823,25.213,5852654,0
2017-09-29,25.113,25.852,25.073,25.832,5654112,0
2017-10-02,26.032,26.352,25.173,25.623,6122052,0
2017-10-03,25.413,25.553,24.611,24.783,5989622,0
2017-10-04,24.354,24.903,24.194,24.334,4466532,0
2017-10-05,24.354,25.103,24.224,24.883,5116863,0
2017-10-06,25.083,25.653,23.725,23.834,7447065,0
2017-10-09,23.465,23.774,23.065,23.265,3966967,0
2017-10-10,23.025,23.914,22.876,23.735,7067669,0
2017-10-11,23.475,24.664,23.085,23.115,7677561,0
2017-10-12,23.425,23.755,23.015,23.325,4356928,0
2017-10-13,22.746,23.425,22.576,22.995,5626215,0
2017-10-16,23.005,24.547,22.895,24.134,5743495,0
2017-10-17,24.674,24.851,23.934,24.164,6146750,0
2017-10-18,24.374,24.714,24.014,24.444,4499763,0
2017-10-19,24.144,24.394,23.725,24.204,4032062,0
2017-10-20,24.684,25.183,24.404,24.813,5875004,0
2017-10-23,25.363,25.653,24.624,25.073,5512197,0
2017-10-24,25.393,25.912,25.133,25.683,5921050,0
2017-10-25,25.772,26.711,25.702,26.162,6423114,0
2017-10-26,26.112,27.96,25.972,27.58,7057214,0
2017-10-27,27.75,27.96,26.731,26.971,4518364,0
2017-10-30,27.116,27.351,25.802,26.382,5625903,0
2017-10-31,26.562,27.551,26.562,27.271,5043443,0
2017-11-01,26.681,27.531,26.042,27.231,6352117,0
2017-11-02,27.051,27.341,26.222,26.911,5360805,0
2017-11-03,26.741,28.25,26.392,27.481,5953661,0
2017-11-06,27.271,27.393,25.393,25.732,7019241,0
2017-11-07,26.102,26.761,25.902,26.232,4273112,0
2017-11-08,25.553,26.031,25.323,25.792,4625954,0
2017-11-09,25.762,26.152,25.573,25.962,4389745,0
2017-11-10,26.052,27.141,25.872,27.051,4343408,0
2017-11-13,26.891,27.181,26.592,26.901,2705105,0
2017-11-14,27.441,27.7,26.402,26.801,3591897,0
2017-11-15,26.432,27.15,26.402,26.582,3277257,0
2017-11-16,26.761,26.951,26.452,26.701,2997416,0
2017-11-17,26.362,26.901,25.693,26.062,4812372,0
2017-11-20,26.681,27.251,26.499,26.991,4561355,0
2017-11-21,26.851,26.881,26.162,26.382,3790371,0
2017-11-22,26.012,26.072,25.375,25.613,3909012,0
2017-11-24,25.533,26.012,25.103,25.972,2870558,0
2017-11-27,25.043,25.797,24.883,25.203,3922104,0
2017-11-28,25.193,25.643,24.823,25.573,5622565,0
2017-11-29,26.122,27.121,26.072,27.001,6207985,0
2017-11-30,27.441,27.89,26.941,27.251,5088327,0
2017-12-01,27.61,27.62,25.822,27.061,5466464,0
2017-12-04,27.66,28.26,27.491,28.13,5166198,0
2017-12-05,28.759,29.718,28.45,29.019,5448091,0
2017-12-06,29.658,30.467,29.299,30.138,4112924,0
2017-12-07,31.306,31.366,30.128,30.637,4472605,0
2017-12-08,30.567,30.677,29.609,30.238,3743110,0
2017-12-11,30.587,31.247,29.638,30.907,3835020,0
2017-12-12,31.287,31.946,31.117,31.336,4058607,0
2017-12-13,31.177,31.227,27.391,28.07,6091968,0
2017-12-14,28.38,29.429,28.047,28.35,3975105,0
2017-12-15,27.99,28.779,27.87,28.629,2796847,0
2017-12-18,27.92,27.97,27.121,27.421,4232231,0
2017-12-19,27.401,27.86,27.041,27.461,3210501,0
2017-12-20,27.151,27.194,25.812,26.012,5534028,0
2017-12-21,26.372,26.372,25.253,25.673,4037506,0
2017-12-22,25.293,25.503,24.694,24.734,3404205,0
2017-12-26,24.504,24.813,23.643,23.745,4002349,0
2017-12-27,23.635,24.224,23.575,23.825,3190898,0
2017-12-28,23.615,24.374,23.356,23.725,3576044,0
2017-12-29,23.475,24.114,23.295,23.675,3794682,0
2018-01-02,23.045,23.155,21.857,21.957,5437089,0
2018-01-03,22.086,23.515,21.976,22.616,5462669,0
2018-01-04,22.796,23.135,22.146,22.186,4816468,0
2018-01-05,22.666,22.826,22.216,22.306,3623457,0
2018-01-08,22.636,23.463,22.516,22.995,4405196,0
2018-01-09,23.775,24.354,23.505,23.904,6085765,0
2018-01-10,23.325,23.805,22.985,23.525,4579624,0
2018-01-11,23.455,23.455,23.015,23.165,3809886,0
2018-01-12,22.516,22.796,21.247,21.277,7821112,0
2018-01-16,21.187,21.267,20.188,20.288,6687140,0
2018-01-17,20.768,21.437,20.029,21.357,7421564,0
2018-01-18,21.357,22.416,21.037,22.276,7468151,0
2018-01-19,21.767,22.196,21.627,22.176,3908163,0
2018-01-22,21.996,22.496,21.687,21.996,4308965,0
2018-01-23,22.386,22.914,20.748,20.898,5799258,0
2018-01-24,19.829,19.919,19.02,19.589,8740530,0
2018-01-25,19.359,21.127,19.02,20.728,11832687,0
2018-01-26,20.378,20.588,20.019,20.248,5842618,0
2018-01-29,20.778,22.116,20.709,21.907,8561838,0
2018-01-30,21.517,22.826,21.337,22.456,5933155,0
2018-01-31,21.897,23.174,21.396,21.677,8392569,0
2018-02-01,22.106,22.446,21.497,21.747,6669281,0
2018-02-02,22.726,24.294,22.646,23.944,12414854,0
2018-02-05,23.665,25.323,23.635,24.544,6514690,0
2018-02-06,25.253,26.961,25.213,26.522,7063070,0
2018-02-07,26.971,27.92,25.952,27.64,5793994,0
2018-02-08,27.58,28.22,26.861,28.22,4161535,0
2018-02-09,28.21,31.424,28.21,29.309,9567751,0
2018-02-12,28.609,29.119,26.322,27.031,4923179,0
2018-02-13,26.891,27.531,26.612,26.871,2391367,0
2018-02-14,26.861,27.111,22.766,23.095,9297737,0
2018-02-15,23.175,24.324,22.945,23.175,5214241,0
2018-02-16,23.775,25.623,23.565,24.763,6900837,0
2018-02-20,26.811,26.961,26.811,26.811,5489626,0
2018-02-21,26.202,27.181,24.664,27.161,5581036,0
2018-02-22,26.631,27.451,26.223,27.371,4278152,0
2018-02-23,27.441,27.62,26.412,26.512,3103316,0
2018-02-26,26.032,26.351,25.473,25.702,2704966,0
2018-02-27,26.572,28.619,26.502,28.06,5382211,0
2018-02-28,28.02,28.679,27.65,28.639,2809677,0
2018-03-01,29.628,30.328,27.521,27.78,6257391,0
2018-03-02,26.971,28.209,26.631,28.07,2808532,0
2018-03-05,28.27,28.859,27.511,27.57,2466324,0
2018-03-06,26.522,26.532,25.253,26.032,4510913,0
2018-03-07,26.352,27.95,25.972,27.66,3998638,0
2018-03-08,27.391,28.22,27.221,27.381,2710335,0
2018-03-09,28.01,28.29,26.971,27.7,3673980,0
2018-03-12,28.11,28.549,26.901,26.951,3535919,0
2018-03-13,26.881,27.731,26.542,27.241,3137806,0
2018-03-14,27.371,27.451,26.807,27.121,2582052,0
2018-03-15,27.64,28.32,27.401,28.12,3174855,0
2018-03-16,28.34,28.969,27.88,28.28,3073569,0
2018-03-19,28.42,29.059,27.752,28.03,3409937,0
2018-03-20,28.7,29.3,28.35,28.82,4706545,0
2018-03-21,28.01,28.41,25.86,26.49,6350597,0
2018-03-22,26.87,27.8,26.56,27.7,2433226,0
2018-03-23,25.75,26.0361,24.53,25.4,5767454,0
2018-03-26,24.89,24.9295,24.1,24.31,4272918,0
2018-03-27,25.32,25.86,24.8576,25.72,5631013,0
2018-03-28,26.3,27.25,26.07,26.89,7538848,0
2018-03-29,27.08,27.08,25.711,25.75,2669729,0
