Date,Open,High,Low,Close,Volume,OpenInt
2011-08-24,41.877,42.033,41.877,42.033,17449,0
2011-08-25,41.336,41.763,41.336,41.422,2181,0
2011-08-26,41.378,42.145,41.336,41.877,1606,0
2011-08-29,42.625,43.042,42.625,43.042,460,0
2011-08-30,42.99,43.227,42.99,43.032,1379,0
2011-08-31,43.861,43.87,43.644,43.773,688,0
2011-09-01,43.618,43.817,43.383,43.557,1989,0
2011-09-02,42.903,43.042,42.903,42.99,483,0
2011-09-06,41.813,42.234,41.658,41.902,4830,0
2011-09-07,42.468,42.772,42.468,42.772,9511,0
2011-09-08,42.444,42.547,42.015,42.145,1724,0
2011-09-09,41.51,41.51,40.83,40.83,1148,0
2011-09-12,41.118,41.118,40.551,40.551,2181,0
2011-09-13,40.291,40.727,40.264,40.727,918,0
2011-09-14,40.073,40.508,39.907,40.508,1751,0
2011-09-15,39.985,40.073,39.985,40.073,460,0
2011-09-16,40.69,46.283,40.587,41.083,15125,0
2011-09-19,39.393,39.55,39.393,39.55,9596,0
2011-09-20,39.853,39.853,39.853,39.853,346,0
2011-09-21,39.026,39.026,38.793,38.819,817,0
2011-09-22,37.024,37.024,35.76,37.024,4082,0
2011-09-23,36.45,36.64,36.45,36.631,1304,0
2011-09-26,35.76,35.935,35.351,35.935,3675,0
2011-09-27,38.73,38.73,36.152,37.816,7944,0
2011-09-28,36.849,36.849,36.354,36.354,574,0
2011-09-29,36.675,37.206,36.107,36.107,13576,0
2011-09-30,35.551,36.005,35.238,35.57,3711,0
2011-10-03,35.185,35.247,34.479,34.636,2448,0
2011-10-04,34.479,34.496,34.14,34.496,24640,0
2011-10-05,35.168,35.658,35.168,35.62,1772,0
2011-10-06,35.42,35.822,33.565,35.734,17152,0
2011-10-10,36.833,36.833,36.833,36.833,117,0
2011-10-12,37.982,38.304,37.982,38.182,688,0
2011-10-13,37.668,37.668,37.659,37.659,460,0
2011-10-14,38.391,38.504,38.391,38.418,2640,0
2011-10-18,38.443,38.443,38.443,38.443,228,0
2011-10-19,38.339,38.339,38.287,38.287,540,0
2011-10-20,37.066,37.066,37.066,37.066,228,0
2011-10-21,37.459,37.459,37.459,37.459,11249,0
2011-10-24,38.07,39,38.07,39,228,0
2011-10-25,39.473,39.473,38.471,38.661,19891,0
2011-10-26,38.897,38.897,38.391,38.878,3588,0
2011-10-27,40.937,41.136,40.937,41.136,957,0
2011-10-31,39.61,39.61,39.106,39.106,574,0
2011-11-01,38.295,38.67,38.295,38.617,787,0
2011-11-02,39.577,39.577,39.577,39.577,228,0
2011-11-03,39.473,39.75,39.473,39.75,460,0
2011-11-04,39.288,39.288,39.288,39.288,4133,0
2011-11-08,39.715,39.853,39.715,39.853,3512,0
2011-11-09,39.871,39.88,39.008,39.008,1837,0
2011-11-11,39.159,39.184,39.159,39.184,228,0
2011-11-14,39.488,39.488,38.853,38.897,574,0
2011-11-16,38.443,38.478,38.042,38.085,952,0
2011-11-21,36.152,36.152,36.152,36.152,228,0
2011-11-22,36.405,36.405,36.405,36.405,117,0
2011-11-25,35.368,35.368,35.368,35.368,145,0
2011-12-06,37.258,37.258,37.258,37.258,228,0
2011-12-07,37.058,37.328,37.016,37.328,829,0
2011-12-12,35.899,35.995,35.899,35.995,281,0
2011-12-14,35.49,35.629,35.49,35.594,1148,0
2011-12-15,35.717,35.717,35.717,35.717,117,0
2011-12-16,35.726,35.769,35.726,35.769,340,0
2011-12-19,34.844,34.844,34.844,34.844,117,0
2011-12-20,35.473,35.49,35.473,35.49,1491,0
2011-12-21,35.438,35.49,35.195,35.342,4490,0
2011-12-22,35.935,35.968,35.883,35.942,3709,0
2011-12-23,35.942,35.942,35.89,35.89,631,0
2011-12-27,35.803,35.803,35.803,35.803,476,0
2011-12-28,35.717,35.717,35.342,35.342,430,0
2011-12-30,35.938,36.072,35.886,35.893,3240,0
2012-01-03,36.581,36.945,36.379,36.379,3711,0
2012-01-04,36.265,36.413,36.265,36.36,988,0
2012-01-06,36.117,36.117,36.117,36.117,139,0
2012-01-09,36.386,36.45,36.386,36.45,1221,0
2012-01-10,37.277,37.51,37.277,37.51,2790,0
2012-01-11,36.998,37.379,36.998,37.198,3698,0
2012-01-13,37.128,37.249,37.007,37.232,2756,0
2012-01-18,38.312,38.418,38.312,38.418,504,0
2012-01-19,39.008,39.192,39.008,39.174,688,0
2012-01-20,38.837,38.878,38.837,38.878,421,0
2012-01-23,39.278,39.278,39.278,39.278,228,0
2012-01-24,39.278,39.348,39.272,39.348,918,0
2012-01-25,39.123,40.385,39.035,39.9,19429,0
2012-01-26,39.829,40.046,39.829,40.046,2411,0
2012-01-27,40.055,40.055,40.055,40.055,117,0
2012-01-30,39.367,39.473,39.367,39.473,1388,0
2012-01-31,39.951,39.984,39.85,39.85,5475,0
2012-02-01,40.699,41.327,40.43,40.551,91802,0
2012-02-02,40.978,40.978,40.978,40.978,810,0
2012-02-03,41.466,41.518,41.466,41.518,38684,0
2012-02-06,41.345,41.345,41.345,41.345,2987,0
2012-02-07,41.442,41.553,41.205,41.205,4133,0
2012-02-08,42.103,42.145,42.076,42.103,13768,0
2012-02-09,42.181,42.249,42.181,42.249,473,0
2012-02-10,41.737,41.813,41.737,41.813,3123,0
2012-02-13,42.444,42.625,42.444,42.444,9725,0
2012-02-14,41.78,42.015,41.737,42.015,2846,0
2012-02-15,42.573,42.705,42.485,42.547,2634,0
2012-02-16,42.435,42.705,42.435,42.59,704,0
2012-02-17,42.633,42.738,42.617,42.617,8462,0
2012-02-21,42.817,43.41,42.686,42.686,3968,0
2012-02-22,43.47,43.47,42.599,42.609,11365,0
2012-02-23,45.196,45.196,42.477,42.477,3891,0
2012-02-24,42.094,42.713,42.094,42.713,1289,0
2012-02-27,43.549,43.549,42.249,42.249,571,0
2012-02-28,42.389,43.773,42.389,42.556,1050,0
2012-02-29,42.853,43.26,42.675,42.713,3834,0
2012-03-01,43.436,43.436,42.947,43.052,11296,0
2012-03-02,43.078,43.096,42.947,42.982,6497,0
2012-03-05,42.974,43.697,42.582,42.582,402,0
2012-03-06,42.373,42.373,41.005,41.179,7024,0
2012-03-07,41.599,41.599,41.599,41.599,241,0
2012-03-09,42.721,42.781,42.425,42.425,4703,0
2012-03-12,42.425,42.425,41.989,41.989,2193,0
2012-03-13,42.519,42.772,42.519,42.772,923,0
2012-03-14,42.66,42.66,42.346,42.346,3215,0
2012-03-15,42.328,42.328,42.328,42.328,283,0
2012-03-16,42.676,42.686,42.609,42.609,11670,0
2012-03-20,41.728,41.728,41.639,41.639,7115,0
2012-03-21,41.693,41.78,41.58,41.78,1516,0
2012-03-22,41.388,41.388,41.143,41.143,346,0
2012-03-23,41.309,41.309,41.161,41.231,13235,0
2012-03-26,41.388,41.388,40.909,41.361,1277,0
2012-03-28,41.354,41.354,40.857,40.857,819,0
2012-03-29,40.308,40.674,40.308,40.674,11984,0
2012-03-30,40.879,40.985,39.728,40.614,82935,0
2012-04-02,40.961,41.161,40.606,41.161,5952,0
2012-04-03,40.69,40.69,40.49,40.49,1557,0
2012-04-05,40.43,40.43,39.985,40.124,1822,0
2012-04-09,39.638,40.073,39.638,39.977,5875,0
2012-04-10,39.724,39.724,38.949,38.967,2064,0
2012-04-11,39.724,39.724,39.159,39.418,21181,0
2012-04-12,40.029,40.421,40.029,40.421,1645,0
2012-04-16,40.291,40.291,39.759,40.152,7863,0
2012-04-17,40.551,40.551,40.551,40.551,117,0
2012-04-18,39.418,39.985,39.418,39.837,574,0
2012-04-19,39.88,39.977,39.664,39.664,20125,0
2012-04-20,40.543,40.543,39.853,39.853,9641,0
2012-04-23,39.88,39.88,39.236,39.393,2516,0
2012-04-25,40.073,40.073,39.767,39.767,13598,0
2012-04-26,39.9,39.9,39.9,39.9,145,0
2012-04-30,39.818,39.818,39.675,39.675,1542,0
2012-05-01,40.343,40.343,40.185,40.221,3140,0
2012-05-02,40.299,40.299,40.299,40.299,170,0
2012-05-03,40.124,40.124,40.046,40.046,938,0
2012-05-04,40.115,40.115,39.812,39.812,574,0
2012-05-07,39.933,39.985,39.767,39.794,7360,0
2012-05-08,39.654,39.654,39.174,39.174,2484,0
2012-05-09,38.583,38.583,38.583,38.583,1491,0
2012-05-10,38.958,38.958,37.956,38.906,7115,0
2012-05-11,38.687,38.774,38.636,38.636,616,0
2012-05-14,38.332,38.332,37.547,37.668,902,0
2012-05-15,37.52,37.52,37.119,37.163,27226,0
2012-05-16,37.137,37.137,36.945,36.945,530,0
2012-05-17,37.04,37.048,36.543,36.543,574,0
2012-05-18,36.465,36.614,35.603,36.302,2467,0
2012-05-21,36.335,36.457,36.335,36.457,2141,0
2012-05-22,36.788,36.788,36.562,36.562,2296,0
2012-05-23,35.909,35.909,35.909,35.909,117,0
2012-05-29,36.797,36.797,36.797,36.797,316,0
2012-05-30,35.995,36.082,35.995,36.082,828,0
2012-05-31,36.16,36.16,36.114,36.114,7134,0
2012-06-01,35.586,35.586,35.586,35.586,266,0
2012-06-04,35.133,35.351,35.106,35.351,705,0
2012-06-06,36.444,36.444,36.444,36.444,346,0
2012-06-07,36.585,36.602,36.469,36.602,4041,0
2012-06-08,36.337,36.337,35.973,36.303,1491,0
2012-06-11,36.098,36.135,35.681,35.681,1033,0
2012-06-12,36.302,36.302,36.23,36.23,268,0
2012-06-13,36.413,36.413,36.413,36.413,805,0
2012-06-14,36.526,36.526,36.526,36.526,1148,0
2012-06-15,36.805,36.86,36.23,36.62,21717,0
2012-06-18,36.824,36.859,36.824,36.859,1148,0
2012-06-19,37.86,37.86,37.301,37.301,317,0
2012-06-21,37.213,37.213,36.592,36.592,451,0
2012-06-22,36.788,36.788,36.788,36.788,115,0
2012-06-25,36.416,36.416,36.337,36.337,1129,0
2012-06-27,37.143,37.195,37.143,37.195,2887,0
2012-06-28,36.592,36.834,36.328,36.834,3714,0
2012-06-29,37.843,37.843,37.603,37.718,824,0
2012-07-02,37.913,37.913,37.824,37.824,451,0
2012-07-03,38.533,38.542,38.33,38.436,2473,0
2012-07-05,38.559,38.559,38.463,38.463,574,0
2012-07-06,37.957,37.967,37.807,37.815,2193,0
2012-07-09,38.035,38.035,37.894,37.894,282,0
2012-07-11,37.603,37.939,37.603,37.762,4851,0
2012-07-12,37.179,37.179,37.179,37.179,10164,0
2012-07-13,37.718,37.718,37.718,37.718,115,0
2012-07-16,37.567,37.665,37.505,37.505,3049,0
2012-07-19,37.843,37.974,37.725,37.725,2823,0
2012-07-24,36.478,36.478,36.238,36.248,1543,0
2012-07-25,36.38,36.656,36.38,36.656,1242,0
2012-07-26,37.011,37.011,37.011,37.011,115,0
2012-07-30,37.276,37.301,37.276,37.301,789,0
2012-07-31,37.301,37.398,37.301,37.338,1968,0
2012-08-02,37.134,37.285,37.134,37.285,16665,0
2012-08-03,37.949,37.949,37.665,37.675,14400,0
2012-08-06,38.045,38.126,38.02,38.02,678,0
2012-08-07,38.055,38.055,38.055,38.055,115,0
2012-08-08,37.921,38.735,37.921,38.735,2937,0
2012-08-09,38.277,38.631,38.277,38.488,3376,0
2012-08-10,38.496,38.71,38.496,38.71,1259,0
2012-08-13,38.453,38.453,38.382,38.382,2043,0
2012-08-14,38.408,38.408,38.408,38.408,451,0
2012-08-16,38.577,38.577,38.577,38.577,225,0
2012-08-20,38.611,38.611,38.611,38.611,215,0
2012-08-21,38.867,39.719,38.71,38.79,3493,0
2012-08-22,38.514,38.514,38.514,38.514,1129,0
2012-08-27,38.959,38.959,38.959,38.959,115,0
2012-08-28,38.399,38.399,38.338,38.338,340,0
2012-08-31,38.268,38.268,38.268,38.268,237,0
2012-09-04,39.258,39.258,38.089,38.205,1805,0
2012-09-06,39.056,39.056,38.852,38.852,496,0
2012-09-07,39.364,39.463,39.313,39.313,1298,0
2012-09-11,39.338,39.4,39.338,39.391,565,0
2012-09-13,40.33,40.33,40.33,40.33,451,0
2012-09-14,40.72,40.825,40.72,40.825,282,0
2012-09-17,40.364,40.364,40.364,40.364,225,0
2012-09-18,40.905,40.905,40.083,40.092,1373,0
2012-09-20,40.817,40.817,40.295,40.295,903,0
2012-09-26,39.647,39.647,39.56,39.612,1242,0
2012-09-28,40.401,40.621,40.401,40.621,5534,0
2012-10-05,41.339,42.021,41.055,41.136,2670,0
2012-10-08,40.215,40.606,40.215,40.606,1188,0
2012-10-09,42.021,42.021,40.25,40.313,4403,0
2012-10-10,40.215,40.215,40.17,40.17,678,0
2012-10-11,40.517,40.542,40.517,40.542,794,0
2012-10-16,41.092,41.109,41.046,41.109,1657,0
2012-10-17,41.055,41.055,41.055,41.055,4955,0
2012-10-19,40.313,40.392,40.313,40.321,1129,0
2012-10-22,40.597,40.676,40.507,40.532,8013,0
2012-10-23,40.179,40.497,39.463,39.463,16247,0
2012-10-24,39.755,40.409,39.755,40.161,15837,0
2012-10-26,39.587,39.587,39.587,39.587,575,0
2012-10-31,39.481,41.189,38.248,40.001,4128,0
2012-11-06,40.817,41.055,40.773,41.055,3779,0
2012-11-07,40.676,40.676,40.649,40.649,678,0
2012-11-08,40.649,40.649,40.649,40.649,745,0
2012-11-12,40.621,41.25,40.621,40.63,1467,0
2012-11-14,40.029,40.029,40.029,40.029,115,0
2012-11-16,39.631,39.897,39.631,39.897,1356,0
2012-11-19,40.542,40.542,40.542,40.542,268,0
2012-11-20,40.125,40.26,40.125,40.188,903,0
2012-11-21,40.074,40.074,39.931,39.931,373,0
2012-11-27,40.657,40.657,40.657,40.657,225,0
2012-11-29,40.746,41.03,40.746,41.03,881,0
2012-11-30,40.862,41.224,40.862,41.224,1469,0
2012-12-03,41.224,41.224,41.224,41.224,151,0
2012-12-04,41.392,41.418,41.392,41.418,463,0
2012-12-05,41.497,41.497,41.497,41.497,1923,0
2012-12-06,41.542,41.639,41.525,41.639,4399,0
2012-12-11,41.747,41.853,41.747,41.853,249,0
2012-12-12,42.055,42.055,41.941,41.941,643,0
2012-12-13,41.747,41.747,41.747,41.747,903,0
2012-12-14,42.055,42.092,41.906,42.064,2609,0
2012-12-17,42.092,42.19,42.092,42.092,1129,0
2012-12-18,40.71,40.966,40.71,40.966,751,0
2012-12-20,40.87,40.87,40.852,40.852,678,0
2012-12-21,40.755,40.755,40.621,40.71,4668,0
2012-12-26,41.569,41.569,41.075,41.215,2466,0
2012-12-27,41.162,41.162,40.966,41.092,1898,0
2012-12-28,41.321,41.615,41.259,41.516,3343,0
2012-12-31,41.703,41.896,41.648,41.88,6682,0
2013-01-02,43.295,43.323,42.49,43.323,29259,0
2013-01-03,43.198,43.217,42.969,43.136,1521,0
2013-01-04,43.029,43.029,42.376,42.905,9493,0
2013-01-07,42.863,43.323,42.863,43.17,11318,0
2013-01-08,43.279,43.279,43.029,43.029,3861,0
2013-01-09,43.393,43.633,43.358,43.605,28610,0
2013-01-10,43.633,43.765,43.633,43.765,3794,0
2013-01-11,43.429,43.445,43.26,43.279,10164,0
2013-01-14,43.694,43.88,43.535,43.837,10701,0
2013-01-15,43.871,44.413,43.81,43.827,17192,0
2013-01-16,43.889,44.144,43.704,43.997,14817,0
2013-01-17,44.084,44.58,43.633,44.03,6010,0
2013-01-18,44.068,45.323,44.049,45.314,16199,0
2013-01-22,44.324,45.403,44.278,44.286,10693,0
2013-01-23,44.138,44.908,43.96,44.908,6549,0
2013-01-24,44.65,44.96,43.997,44.597,4888,0
2013-01-25,44.27,45.136,44.27,44.722,5837,0
2013-01-28,44.712,45.119,44.492,44.712,8762,0
2013-01-29,45.333,45.333,44.446,44.643,4952,0
2013-01-30,44.847,45.246,44.208,44.216,45227,0
2013-01-31,44.59,44.597,43.313,43.454,37507,0
2013-02-01,44.138,44.614,43.633,44.304,16315,0
2013-02-04,44.005,44.314,43.42,43.473,7082,0
2013-02-05,43.739,43.942,43.5,43.597,4985,0
2013-02-06,43.668,43.694,43.516,43.516,3025,0
2013-02-07,44.154,44.154,43.304,43.5,4234,0
2013-02-08,43.65,43.782,43.614,43.782,1830,0
2013-02-11,44.03,44.03,43.438,43.454,4191,0
2013-02-12,43.605,44.18,43.454,43.545,4521,0
2013-02-13,44.358,44.358,43.739,43.855,2426,0
2013-02-14,44.421,44.421,43.765,43.765,113120,0
2013-02-15,44.163,44.163,43.969,43.969,4759,0
2013-02-19,44.51,44.51,44.039,44.039,10358,0
2013-02-20,44.049,44.049,43.694,43.694,3066,0
2013-02-21,43.772,43.772,43.208,43.34,2605,0
2013-02-22,43.641,43.641,43.58,43.605,903,0
2013-02-25,43.757,44.172,43.27,43.27,6672,0
2013-02-26,43.226,43.279,43.048,43.17,4124,0
2013-02-27,43.516,43.73,43.516,43.677,1456,0
2013-02-28,43.861,43.907,43.826,43.836,5538,0
2013-03-01,43.916,43.916,43.288,43.694,10034,0
2013-03-04,43.385,44.093,43.34,43.483,3833,0
2013-03-05,44.129,44.138,43.677,43.916,14129,0
2013-03-06,44.068,44.068,43.772,43.96,10404,0
2013-03-07,44.074,44.294,44.074,44.163,7338,0
2013-03-08,44.19,44.446,44.129,44.35,20848,0
2013-03-11,44.8,44.97,43.791,44.235,13168,0
2013-03-12,43.889,44.614,43.772,43.772,16535,0
2013-03-13,43.772,43.772,43.588,43.588,5310,0
2013-03-14,42.986,43.694,42.986,43.614,5921,0
2013-03-15,43.473,43.562,43.33,43.358,3948,0
2013-03-18,43.375,43.997,43.048,43.162,9280,0
2013-03-19,42.986,42.986,42.675,42.675,383,0
2013-03-20,43.013,43.251,43.013,43.136,1711,0
2013-03-21,43.162,43.694,42.905,42.96,10823,0
2013-03-22,43.217,43.226,43.092,43.189,6648,0
2013-03-25,43.42,43.42,43.029,43.029,2378,0
2013-03-26,43.597,44.35,43.58,43.694,16806,0
2013-03-27,44.084,44.084,42.942,43.454,8021,0
2013-03-28,43.73,43.791,43.473,43.782,8724,0
2013-04-01,44.058,44.058,43.491,43.516,48670,0
2013-04-02,43.677,43.88,43.65,43.81,9372,0
2013-04-03,43.483,43.73,43.129,43.146,16802,0
2013-04-04,43.119,43.403,42.791,43.198,1479,0
2013-04-05,42.782,42.986,42.383,42.419,1593,0
2013-04-08,42.278,43.323,42.278,42.897,1276,0
2013-04-09,42.942,43.463,42.933,43.463,7036,0
2013-04-10,43.605,43.925,43.189,43.483,10983,0
2013-04-11,43.916,43.916,43.516,43.516,1039,0
2013-04-12,43.562,43.562,42.986,42.986,3034,0
2013-04-15,43.438,43.438,42.439,42.439,2939,0
2013-04-16,43.295,43.463,42.881,43.445,5376,0
2013-04-17,42.534,42.933,42.499,42.713,16733,0
2013-04-18,42.881,43.33,42.818,42.818,340,0
2013-04-19,43.668,43.668,43.208,43.658,2423,0
2013-04-22,43.65,43.978,43.65,43.969,2551,0
2013-04-23,44.012,44.27,43.641,43.73,1926,0
2013-04-24,44.394,44.421,44.172,44.324,4647,0
2013-04-25,44.421,44.614,44.049,44.446,5270,0
2013-04-26,44.34,44.465,44.093,44.144,8065,0
2013-04-29,44.614,44.634,44.519,44.634,4787,0
2013-04-30,45.064,45.064,44.094,44.352,67018,0
2013-05-01,44.394,44.428,43.42,43.42,9851,0
2013-05-02,44.235,44.527,44.129,44.27,3137,0
2013-05-03,44.562,44.562,44.049,44.535,4996,0
2013-05-06,44.748,44.757,44.226,44.333,36421,0
2013-05-07,44.527,45.04,44.446,44.862,27609,0
2013-05-08,44.862,45.492,44.703,45.412,202287,0
2013-05-09,45.438,45.588,45.155,45.553,17315,0
2013-05-10,45.412,45.412,44.712,45.278,3711,0
2013-05-13,45.246,45.246,44.294,44.8,28981,0
2013-05-14,45.155,45.236,44.605,44.837,7634,0
2013-05-15,44.933,45.314,44.58,44.678,5116,0
2013-05-16,45.05,45.278,44.933,45.119,12588,0
2013-05-17,45.465,45.465,44.544,45.084,5363,0
2013-05-20,45.253,45.27,44.899,45.084,2765,0
2013-05-21,45.155,45.386,44.688,45.04,12634,0
2013-05-22,45.278,45.278,44.2,44.624,13447,0
2013-05-23,43.562,44.27,43.429,44.138,7065,0
2013-05-24,43.916,44.324,43.385,43.871,8149,0
2013-05-28,44.446,44.722,44.049,44.455,10035,0
2013-05-29,44.361,44.914,43.925,44.075,26834,0
2013-05-30,43.88,44.748,43.445,43.704,9638,0
2013-05-31,44.307,44.307,43.096,43.202,21171,0
2013-06-03,43.641,43.978,42.836,43.88,7161,0
2013-06-04,43.675,43.95,42.597,42.819,10006,0
2013-06-05,42.774,42.846,42.499,42.57,3297,0
2013-06-06,42.57,42.614,41.891,42.614,4118,0
2013-06-07,42.666,43.385,42.429,42.429,3984,0
2013-06-10,42.409,42.409,42.012,42.021,4602,0
2013-06-11,41.599,41.599,40.814,41.001,148862,0
2013-06-12,41.092,41.615,41.092,41.598,1066,0
2013-06-13,41.046,41.792,40.933,41.569,5769,0
2013-06-14,41.618,41.839,41.108,41.189,10911,0
2013-06-17,41.171,42.171,41.171,41.481,10419,0
2013-06-18,41.482,42.06,41.482,41.642,967,0
2013-06-19,41.456,42.136,40.154,40.285,9339,0
2013-06-20,39.842,40.373,38.391,38.391,30818,0
2013-06-21,39.264,39.496,38.971,39.496,980,0
2013-06-24,39.095,39.095,37.829,38.622,8991,0
2013-06-25,38.632,38.792,38.301,38.72,2143,0
2013-06-26,39.309,39.407,39.022,39.407,3276,0
2013-06-27,40.555,40.555,39.647,40.102,16683,0
2013-06-28,40.235,40.235,39.327,39.45,61923,0
2013-07-01,40.11,40.403,39.531,40.102,15087,0
2013-07-02,40.094,40.227,39.29,39.868,9961,0
2013-07-03,39.859,40.003,39.05,39.897,1901,0
2013-07-05,39.913,39.913,39.013,39.013,5566,0
2013-07-08,38.782,39.38,38.764,39.299,21921,0
2013-07-09,39.78,39.78,39.254,39.254,4346,0
2013-07-10,39.835,39.842,39.004,39.691,2962,0
2013-07-11,40.527,40.645,39.968,40.119,4563,0
2013-07-12,40.102,40.787,39.557,39.557,1175,0
2013-07-15,40.164,40.84,40.085,40.84,2244,0
2013-07-16,40.931,40.966,40.663,40.966,920,0
2013-07-17,41.054,41.306,41.054,41.206,7294,0
2013-07-18,41.482,41.732,40.814,41.553,4012,0
2013-07-19,41.473,41.473,40.512,40.948,3195,0
2013-07-22,41.591,41.591,41.019,41.287,3988,0
2013-07-23,41.829,41.928,41.34,41.591,10307,0
2013-07-24,41.884,41.884,41.259,41.384,15410,0
2013-07-25,41.581,41.581,41.581,41.581,212,0
2013-07-26,41.581,41.581,40.876,41.287,7778,0
2013-07-29,41.142,41.142,40.706,40.948,2412,0
2013-07-30,40.602,40.76,40.439,40.76,6400,0
2013-07-31,40.368,40.512,39.754,40.235,15009,0
2013-08-01,40.546,40.627,40.127,40.627,2917,0
2013-08-02,41.18,41.18,40.297,40.459,18600,0
2013-08-05,40.386,41.171,40.386,41.171,7593,0
2013-08-06,40.948,40.966,40.84,40.966,1009,0
2013-08-07,40.555,40.555,40.181,40.279,3015,0
2013-08-08,40.894,41.099,40.894,41.099,229,0
2013-08-09,41.01,41.224,40.546,40.779,7239,0
2013-08-12,40.993,41.136,40.805,41.046,4090,0
2013-08-13,41.259,41.259,41.108,41.108,1728,0
2013-08-14,41.18,41.402,41.161,41.287,4065,0
2013-08-15,41.151,41.151,40.546,40.814,5374,0
2013-08-16,40.449,41.161,40.333,40.814,28174,0
2013-08-19,40.386,40.476,40.056,40.056,22951,0
2013-08-20,39.905,39.923,39.61,39.78,14618,0
2013-08-21,39.371,39.371,38.879,38.879,26862,0
2013-08-22,39.21,39.21,38.666,39.148,1467,0
2013-08-23,38.837,39.513,38.837,39.479,1193,0
2013-08-26,39.85,39.85,39.219,39.219,2496,0
2013-08-27,38.479,38.534,38.052,38.142,8887,0
2013-08-28,38.052,38.276,38.042,38.052,3891,0
2013-08-29,38.319,39.067,38.319,38.801,1469,0
2013-08-30,38.354,38.952,38.238,38.952,761,0
2013-09-03,38.755,39.361,38.755,39.28,5899,0
2013-09-04,39.21,39.629,39.21,39.629,1606,0
2013-09-05,39.371,39.808,39.371,39.808,5269,0
2013-09-06,39.994,40.218,39.897,40.218,1458,0
2013-09-09,40.485,40.706,40.485,40.706,2937,0
2013-09-10,41.064,41.233,40.993,41.074,12593,0
2013-09-11,40.966,41.108,40.85,40.85,3071,0
2013-09-12,41.251,41.374,40.76,40.76,8894,0
2013-09-13,40.993,40.993,40.823,40.993,628,0
2013-09-16,41.591,41.591,41.358,41.358,720,0
2013-09-18,41.091,42.667,41.082,42.667,9691,0
2013-09-19,42.329,42.375,41.936,42.106,4570,0
2013-09-20,42.4,42.4,41.331,41.677,2294,0
2013-09-23,42.008,42.303,41.776,42.303,5394,0
2013-09-24,42.15,42.15,41.439,41.448,7505,0
2013-09-25,41.439,41.839,41.331,41.839,5803,0
2013-09-26,41.374,42.223,41.374,41.759,5835,0
2013-09-27,41.366,41.482,41.35,41.393,2009,0
2013-09-30,41.331,41.331,41.189,41.189,2932,0
2013-10-01,42.053,42.053,41.439,41.715,2347,0
2013-10-02,42.026,42.026,41.829,41.829,1122,0
2013-10-03,42.159,42.159,41.776,41.92,3937,0
2013-10-04,42.15,42.428,42.15,42.409,4114,0
2013-10-07,42.017,42.561,42.017,42.561,2485,0
2013-10-08,42.008,42.133,42.008,42.125,663,0
2013-10-09,42.285,42.285,42.026,42.106,1381,0
2013-10-10,42.631,42.952,42.631,42.952,2168,0
2013-10-11,43.015,43.069,42.926,43.069,1594,0
2013-10-14,43.158,43.275,43.131,43.275,819,0
2013-10-15,43.513,43.559,42.731,42.774,6647,0
2013-10-16,42.774,43.096,42.774,43.096,1345,0
2013-10-17,43.336,43.336,42.98,43.318,17906,0
2013-10-18,43.488,43.488,43.488,43.488,1594,0
2013-10-21,42.98,43.559,42.828,43.559,2663,0
2013-10-22,43.738,44.021,43.738,44.013,63559,0
2013-10-23,44.084,44.084,43.175,43.175,7055,0
2013-10-24,43.711,43.711,43.096,43.318,8284,0
2013-10-25,43.763,43.8,43.354,43.8,5367,0
2013-10-28,42.828,43.79,42.828,43.425,12449,0
2013-10-29,43.915,43.915,43.246,43.284,2274,0
2013-10-30,42.891,43.855,42.873,43.435,3877,0
2013-10-31,43.443,43.648,43.086,43.497,7071,0
2013-11-01,42.917,42.917,42.553,42.553,2513,0
2013-11-04,43.435,43.612,42.917,43.594,6543,0
2013-11-05,42.49,43.096,42.49,42.49,863,0
2013-11-06,42.49,42.907,42.418,42.865,12574,0
2013-11-07,43.051,43.051,41.884,41.884,8828,0
2013-11-08,41.867,42.194,41.581,41.786,6288,0
2013-11-11,41.928,42.524,41.687,41.687,3078,0
2013-11-12,41.482,41.687,41.099,41.099,2695,0
2013-11-13,40.582,41.374,40.582,41.251,40842,0
2013-11-14,40.885,42.106,40.76,41.802,19161,0
2013-11-15,41.848,42.667,41.848,42.641,14418,0
2013-11-18,43.318,43.318,42.471,42.641,3587,0
2013-11-19,43.078,43.078,42.24,42.366,9032,0
2013-11-20,42.57,42.57,42.053,42.053,42594,0
2013-11-21,42.24,42.311,41.972,41.972,2236,0
2013-11-22,42.588,42.588,41.911,42.337,1644,0
2013-11-25,41.876,42.57,41.876,42.49,17016,0
2013-11-26,42.311,42.311,42.311,42.311,562,0
2013-11-27,42.695,42.695,42.267,42.447,4232,0
2013-11-29,42.276,42.944,42.116,42.944,10619,0
2013-12-02,42.24,42.936,42.214,42.223,15066,0
2013-12-03,42.515,42.515,41.982,42.06,9572,0
2013-12-04,41.876,42.337,41.876,42.15,3490,0
2013-12-05,41.946,42.382,41.946,42.017,994,0
2013-12-06,42.543,42.675,42.276,42.675,2441,0
2013-12-09,42.382,42.506,42.382,42.49,9665,0
2013-12-10,42.748,42.748,42.49,42.722,2427,0
2013-12-11,42.685,42.685,41.911,41.911,2284,0
2013-12-12,42.382,42.382,41.572,41.982,14656,0
2013-12-13,41.972,41.972,41.448,41.482,16949,0
2013-12-16,41.439,42.311,41.439,42.15,27620,0
2013-12-17,41.876,41.884,41.715,41.732,23572,0
2013-12-18,41.784,42.67,41.475,42.67,10314,0
2013-12-19,42.01,42.01,40.942,41.186,20146,0
2013-12-20,41.122,41.784,41.114,41.784,7488,0
2013-12-23,42.373,42.373,41.321,41.8,5385,0
2013-12-24,41.828,42.237,40.924,42.054,13443,0
2013-12-26,42.12,42.12,41.521,41.712,16347,0
2013-12-27,41.441,42.354,41.441,42.309,9289,0
2013-12-30,41.665,42.862,41.665,42.816,12831,0
2013-12-31,43.024,43.167,42.779,43.142,6723,0
2014-01-02,42.761,43.024,41.819,42.326,18792,0
2014-01-03,41.838,42.554,41.838,42.173,28960,0
2014-01-06,42.282,42.544,41.956,41.956,11238,0
2014-01-07,41.928,42.689,41.928,42.092,17933,0
2014-01-08,42.507,42.679,42.282,42.599,2458,0
2014-01-09,41.937,42.634,41.937,42.354,13924,0
2014-01-10,42.689,43.16,42.354,42.816,25408,0
2014-01-13,42.317,42.871,42.309,42.525,4025,0
2014-01-14,42.915,42.915,42.417,42.67,28772,0
2014-01-15,42.599,42.761,42.599,42.643,2627,0
2014-01-16,42.871,42.905,42.525,42.609,16806,0
2014-01-17,42.708,42.708,42.373,42.652,20709,0
2014-01-21,43.07,43.07,42.38,42.48,105830,0
2014-01-22,42.843,42.843,42.427,42.679,4486,0
2014-01-23,42.798,42.798,41.721,41.884,5972,0
2014-01-24,41.467,41.538,40.942,41.305,60956,0
2014-01-27,40.752,41.637,40.696,40.743,3733,0
2014-01-28,40.135,41.087,40.073,41.041,16478,0
2014-01-29,40.915,41.321,40.533,40.624,7297,0
2014-01-30,40.715,41.567,40.609,40.633,13485,0
2014-01-31,40.579,41.041,40.345,40.77,32271,0
2014-02-03,40.181,40.995,40.027,40.227,41400,0
2014-02-04,40.218,41.078,40.092,41.069,15010,0
2014-02-05,40.027,41.005,40.008,41.005,2663,0
2014-02-06,40.326,41.141,40.326,41.069,42862,0
2014-02-07,41.467,41.847,41.276,41.367,7569,0
2014-02-10,40.915,41.665,40.915,41.241,10600,0
2014-02-11,41.45,42.101,41.394,41.92,7106,0
2014-02-12,42.507,42.507,41.901,41.901,10227,0
2014-02-13,41.766,42.145,41.557,42.01,14886,0
2014-02-14,42.028,42.447,42.028,42.373,1431,0
2014-02-18,42.282,42.535,41.92,42.019,34274,0
2014-02-19,41.739,42.49,41.739,41.847,10285,0
2014-02-20,42.39,42.437,42.037,42.292,1750,0
2014-02-21,42.39,42.535,42.245,42.273,2482,0
2014-02-24,42.462,42.535,42.273,42.282,2521,0
2014-02-25,42.462,42.462,41.956,41.956,6338,0
2014-02-26,41.928,42.516,41.92,42.054,27872,0
2014-02-27,42.054,42.499,42.047,42.499,18713,0
2014-02-28,42.554,42.554,42.237,42.447,16665,0
2014-03-03,42.237,42.317,42.101,42.317,4857,0
2014-03-04,42.554,42.788,42.38,42.788,25241,0
2014-03-05,42.897,42.915,42.816,42.915,5636,0
2014-03-06,42.915,43.713,42.915,43.657,20316,0
2014-03-07,43.313,43.441,42.734,42.897,46245,0
2014-03-10,43.304,43.304,42.652,43.269,41847,0
2014-03-11,43.278,43.504,42.843,42.843,31846,0
2014-03-12,42.563,43.25,42.39,43.031,4901,0
2014-03-13,42.634,42.634,42.309,42.309,21253,0
2014-03-14,42.871,42.951,42.689,42.689,1693,0
2014-03-17,43.031,43.124,42.997,43.124,1689,0
2014-03-18,43.359,43.713,43.359,43.558,3868,0
2014-03-19,43.196,43.278,43.167,43.167,998,0
2014-03-20,42.862,43.133,42.726,42.961,2155,0
2014-03-21,43.233,43.233,43.16,43.16,794,0
2014-03-24,43.415,43.415,42.626,42.806,10483,0
2014-03-25,42.572,43.313,42.572,43.114,5816,0
2014-03-26,43.603,43.603,43.061,43.323,10714,0
2014-03-27,43.096,43.259,42.816,43.124,12335,0
2014-03-28,42.843,43.467,42.843,43.295,9532,0
2014-03-31,43.82,43.82,43.594,43.774,2237,0
2014-04-01,43.82,44.228,43.82,44.129,12597,0
2014-04-02,43.946,44.309,43.82,44.145,3043,0
2014-04-03,44.093,44.155,43.865,44.138,3364,0
2014-04-04,44.434,44.482,44.155,44.257,3098,0
2014-04-07,44.444,44.444,44.018,44.129,13257,0
2014-04-08,44.491,44.491,44.491,44.491,3652,0
2014-04-09,44.572,44.798,44.454,44.644,11793,0
2014-04-10,44.691,44.772,44.174,44.174,8973,0
2014-04-11,44.382,44.5,44.018,44.354,6934,0
2014-04-14,44.691,44.691,43.965,44.047,3283,0
2014-04-15,44.057,44.057,43.34,43.784,34039,0
2014-04-16,43.902,44.519,43.902,44.519,1469,0
2014-04-17,44.472,44.745,44.41,44.745,1416,0
2014-04-21,44.952,44.952,43.902,44.329,7831,0
2014-04-22,44.138,44.138,44.138,44.138,447,0
2014-04-23,44.299,44.299,43.84,43.84,12780,0
2014-04-24,44.273,44.273,44.083,44.111,2121,0
2014-04-25,43.649,43.766,43.558,43.558,968,0
2014-04-28,43.912,43.93,43.568,43.667,6389,0
2014-04-29,43.858,44.257,43.858,44.257,7015,0
2014-04-30,44.037,44.037,43.684,43.757,2672,0
2014-05-01,44.093,44.155,43.676,43.884,3018,0
2014-05-02,44.074,44.093,43.946,44.074,5059,0
2014-05-05,43.884,43.884,43.884,43.884,483,0
2014-05-06,43.612,44.228,43.612,43.975,6846,0
2014-05-08,44.129,44.145,44.129,44.145,512,0
2014-05-09,43.784,43.921,43.694,43.82,3469,0
2014-05-12,44.138,44.138,44.037,44.037,10751,0
2014-05-13,43.93,44.182,43.93,44.174,7731,0
2014-05-14,44.392,44.426,44.145,44.145,3715,0
2014-05-15,43.975,44.028,43.849,44.002,9145,0
2014-05-19,44.138,44.266,44.129,44.248,5699,0
2014-05-20,43.721,44.248,43.721,44.093,12634,0
2014-05-21,44.067,44.354,44.067,44.319,2472,0
2014-05-22,44.454,44.644,44.454,44.644,1608,0
2014-05-23,44.845,44.87,44.789,44.835,8544,0
2014-05-27,44.726,44.726,44.426,44.426,3336,0
2014-05-28,44.472,44.952,44.472,44.853,11562,0
2014-05-29,45.108,45.161,44.807,45.007,23912,0
2014-05-30,45.124,45.124,44.779,44.789,3986,0
2014-06-02,44.924,45.142,44.89,44.934,13688,0
2014-06-03,45.07,45.07,44.754,44.88,1157,0
2014-06-04,45.124,45.161,44.51,44.87,25081,0
2014-06-05,45.188,45.459,45.188,45.459,4296,0
2014-06-06,45.541,45.703,45.541,45.658,1734,0
2014-06-09,45.658,45.966,45.658,45.966,13319,0
2014-06-10,46.04,46.066,45.45,45.759,2430,0
2014-06-11,46.003,46.003,45.396,45.45,2090,0
2014-06-12,45.975,45.975,45.45,45.911,2537,0
2014-06-13,45.858,45.904,45.55,45.64,1951,0
2014-06-16,45.64,45.64,45.269,45.585,10333,0
2014-06-17,46.022,46.022,45.469,45.632,1654,0
2014-06-18,45.632,45.904,45.614,45.904,1656,0
2014-06-19,46.048,46.048,45.413,45.695,4157,0
2014-06-20,45.423,45.886,45.371,45.64,8400,0
2014-06-23,45.441,45.441,44.89,45.188,8955,0
2014-06-24,45.45,45.45,44.908,45.269,3788,0
2014-06-25,45.357,45.357,45.038,45.165,2885,0
2014-06-26,45.201,45.347,44.947,45.274,2505,0
2014-06-27,45.274,45.583,45.103,45.529,5393,0
2014-06-30,45.838,45.838,45.292,45.292,3277,0
2014-07-01,45.966,46.003,45.92,45.92,2565,0
2014-07-02,45.984,46.213,45.857,46.056,7029,0
2014-07-03,46.102,46.386,46.102,46.34,3264,0
2014-07-07,46.33,46.35,46.176,46.276,1753,0
2014-07-08,45.94,46.249,45.94,45.975,1295,0
2014-07-09,45.911,46.294,45.911,46.229,2453,0
2014-07-10,46.267,46.366,45.83,46.33,5145,0
2014-07-11,45.493,45.94,45.493,45.93,2120,0
2014-07-14,45.767,45.984,45.758,45.802,4582,0
2014-07-15,46.003,46.139,46.003,46.112,4902,0
2014-07-16,46.304,46.304,46.04,46.176,2140,0
2014-07-17,45.847,45.847,45.748,45.748,1601,0
2014-07-18,45.811,46.204,45.802,46.04,3644,0
2014-07-21,46.112,46.259,46.066,46.259,3292,0
2014-07-22,46.412,46.622,46.412,46.614,2632,0
2014-07-23,46.614,46.614,46.567,46.567,986,0
2014-07-24,46.676,46.676,46.605,46.667,573,0
2014-07-25,46.676,46.804,46.631,46.631,12779,0
2014-07-28,46.631,46.839,46.631,46.839,1463,0
2014-07-29,46.503,46.503,46.276,46.395,3424,0
2014-07-30,46.34,46.34,45.958,46.166,6549,0
2014-07-31,45.838,45.911,45.483,45.593,37623,0
2014-08-01,45.92,45.92,45.785,45.785,1029,0
2014-08-04,46.194,46.194,45.876,46.185,5627,0
2014-08-05,46.04,46.085,45.622,45.694,7147,0
2014-08-06,44.893,45.603,44.893,45.493,5944,0
2014-08-07,45.229,45.339,45.147,45.257,3031,0
2014-08-08,45.63,45.63,45.603,45.603,543,0
2014-08-11,45.876,45.885,45.776,45.847,4912,0
2014-08-12,45.867,45.93,45.857,45.92,1087,0
2014-08-13,46.585,46.585,46.149,46.229,16784,0
2014-08-14,46.412,46.459,46.157,46.358,4547,0
2014-08-15,46.54,46.54,46.33,46.33,1125,0
2014-08-18,46.468,46.468,46.43,46.44,560,0
2014-08-19,46.64,46.676,46.485,46.503,5701,0
2014-08-20,46.676,46.676,46.676,46.676,1531,0
2014-08-21,46.459,46.631,46.43,46.476,2268,0
2014-08-22,46.321,46.549,46.321,46.549,1437,0
2014-08-25,46.684,46.886,46.684,46.758,1657,0
2014-08-26,47.041,47.104,46.959,46.959,4185,0
2014-08-27,47.168,47.168,47.023,47.15,1597,0
2014-08-28,46.839,47.023,46.839,47.023,1386,0
2014-08-29,47.068,47.068,46.886,47.041,4374,0
2014-09-02,46.878,47.058,46.878,47.058,1718,0
2014-09-03,47.432,47.459,46.768,47.35,4766,0
2014-09-04,47.405,47.422,47.296,47.296,820,0
2014-09-05,47.514,47.676,47.468,47.676,1407,0
2014-09-08,47.706,47.706,47.296,47.422,1755,0
2014-09-09,46.895,47.133,46.886,46.886,3252,0
2014-09-10,46.794,47.068,46.794,47.023,3643,0
2014-09-11,46.794,46.904,46.778,46.895,5176,0
2014-09-12,46.476,46.558,46.056,46.066,85531,0
2014-09-15,46.249,46.249,46.076,46.076,3418,0
2014-09-16,46.066,46.567,45.776,46.076,2721,0
2014-09-17,46.44,46.44,45.847,45.903,11544,0
2014-09-18,45.776,45.984,45.648,45.867,35917,0
2014-09-19,45.793,46.412,45.793,45.903,44435,0
2014-09-22,45.885,45.885,45.512,45.593,14819,0
2014-09-23,45.702,45.838,45.512,45.656,19356,0
2014-09-24,45.847,46.267,45.666,46.076,27372,0
2014-09-25,45.248,45.411,45.047,45.292,26660,0
2014-09-26,45.137,45.438,45.137,45.438,9512,0
2014-09-29,44.41,45.565,43.771,44.719,31255,0
2014-09-30,44.337,44.81,44.281,44.81,17638,0
2014-10-01,44.829,44.829,43.736,43.736,30060,0
2014-10-02,44.181,44.455,43.781,44.455,4225,0
2014-10-03,44.455,44.537,44.073,44.419,34652,0
2014-10-06,44.573,45.32,44.41,44.52,34395,0
2014-10-07,44.619,44.684,44.026,44.026,31405,0
2014-10-08,44.1,44.791,43.954,44.483,15640,0
2014-10-09,44.573,45.047,43.973,44.273,14677,0
2014-10-10,43.89,44.392,43.145,43.145,10070,0
2014-10-13,43.453,43.453,42.953,43.317,2008,0
2014-10-14,43.236,43.781,42.972,43.335,32347,0
2014-10-15,43.436,43.436,42.059,42.699,21184,0
2014-10-16,42.298,42.761,42.043,42.206,40674,0
2014-10-17,42.425,42.825,42.415,42.825,6499,0
2014-10-20,42.097,42.925,42.097,42.925,1465,0
2014-10-21,43.208,43.409,43.208,43.335,13246,0
2014-10-22,43.344,43.472,43.063,43.063,11990,0
2014-10-23,43.553,43.563,43.117,43.198,8211,0
2014-10-24,43.418,43.436,43.162,43.18,5573,0
2014-10-27,42.99,43.008,42.643,42.881,4576,0
2014-10-28,43.17,43.218,43.17,43.218,503,0
2014-10-29,43.755,43.771,43.253,43.253,5961,0
2014-10-30,43.645,43.645,43.645,43.645,447,0
2014-10-31,43.663,43.69,43.354,43.453,29209,0
2014-11-03,43.39,43.516,43.155,43.426,34310,0
2014-11-04,43.381,43.444,43.198,43.444,5676,0
2014-11-05,43.418,43.462,43.17,43.17,2393,0
2014-11-06,42.872,43.089,42.789,42.789,19590,0
2014-11-07,42.799,43.198,42.77,42.807,28415,0
2014-11-10,42.935,43.236,42.935,43.089,19851,0
2014-11-11,43.08,43.491,43.08,43.491,19074,0
2014-11-12,43.253,43.409,43.253,43.409,2660,0
2014-11-13,43.262,43.381,43.198,43.218,11144,0
2014-11-14,43.198,43.507,43.17,43.472,18211,0
2014-11-17,43.117,43.298,43.117,43.236,4762,0
2014-11-18,43.372,43.426,43.18,43.354,12482,0
2014-11-19,43.063,43.327,42.863,43.327,19706,0
2014-11-20,43.236,43.236,43.236,43.236,564,0
2014-11-21,44.266,44.299,43.719,43.856,21441,0
2014-11-24,43.954,43.973,43.444,43.709,11333,0
2014-11-25,43.608,43.7,43.135,43.208,12146,0
2014-11-26,43.672,43.992,43.462,43.992,49264,0
2014-11-28,43.253,43.253,43.227,43.227,997,0
2014-12-01,42.779,42.789,42.453,42.571,43371,0
2014-12-02,42.489,43.017,42.489,42.999,5433,0
2014-12-03,42.634,42.999,42.634,42.789,16404,0
2014-12-04,42.943,43.089,42.717,42.999,9607,0
2014-12-05,42.425,43.008,42.415,42.789,48417,0
2014-12-08,42.598,42.598,41.896,42.243,39233,0
2014-12-09,41.651,41.952,41.488,41.942,49547,0
2014-12-10,42.196,42.206,41.461,41.715,12654,0
2014-12-11,41.778,41.788,41.413,41.632,46789,0
2014-12-12,41.296,41.333,40.977,41.141,24288,0
2014-12-15,41.377,41.423,40.469,40.694,46258,0
2014-12-16,40.786,40.904,40.431,40.558,16653,0
2014-12-17,40.992,41.355,40.676,40.992,95519,0
2014-12-18,41.214,41.615,41.197,41.587,53490,0
2014-12-19,41.875,41.875,41.279,41.345,50738,0
2014-12-22,41.744,41.857,41.448,41.558,73720,0
2014-12-23,41.372,41.698,40.963,41.214,31433,0
2014-12-24,41.818,41.968,41.205,41.791,75297,0
2014-12-26,41.744,42.191,41.363,41.995,47500,0
2014-12-29,41.531,41.968,41.531,41.717,29295,0
2014-12-30,41.448,41.949,41.298,41.438,51041,0
2014-12-31,42.024,42.46,41.615,41.837,27996,0
2015-01-02,42.163,42.163,41.484,41.568,32693,0
2015-01-05,41.708,41.791,41.465,41.615,50073,0
2015-01-06,41.717,41.763,41.197,41.651,216207,0
2015-01-07,41.605,42.069,41.548,41.977,45356,0
2015-01-08,42.368,42.609,42.274,42.294,33989,0
2015-01-09,42.6,42.609,42.004,42.395,78243,0
2015-01-12,42.395,42.563,42.209,42.46,28367,0
2015-01-13,42.563,42.861,42.097,42.581,223994,0
2015-01-14,42.554,42.554,41.986,42.498,16183,0
2015-01-15,42.766,42.766,42.311,42.451,29498,0
2015-01-16,42.097,42.693,42.024,42.693,69600,0
2015-01-20,41.857,42.655,41.857,42.609,99519,0
2015-01-21,42.097,42.905,42.097,42.879,14517,0
2015-01-22,42.814,43.697,42.731,43.669,48369,0
2015-01-23,43,43.437,42.887,43.279,33760,0
2015-01-26,43.39,43.39,42.924,43.184,16411,0
2015-01-27,42.775,43.315,42.775,43.165,12802,0
2015-01-28,43.343,43.381,42.795,43.045,39014,0
2015-01-29,42.757,43.427,42.757,43.027,29754,0
2015-01-30,43.018,43.018,42.349,42.358,15844,0
2015-02-02,42.887,43.101,42.683,43.055,7301,0
2015-02-03,42.841,43.539,42.766,43.325,26221,0
2015-02-04,43.529,43.567,43.232,43.353,21959,0
2015-02-05,43.296,43.501,43.009,43.501,60187,0
2015-02-06,43.697,43.697,42.609,42.757,30810,0
2015-02-09,42.683,42.832,42.209,42.524,8813,0
2015-02-10,42.673,42.814,42.479,42.618,18049,0
2015-02-11,42.683,42.739,42.284,42.628,13688,0
2015-02-12,43.232,43.353,42.943,43.204,49634,0
2015-02-13,43.399,43.613,43.381,43.613,7755,0
2015-02-17,43.567,43.577,42.934,42.943,24951,0
2015-02-18,42.814,43.557,42.814,43.557,16271,0
2015-02-19,43.279,43.454,43.194,43.224,3829,0
2015-02-20,43.305,43.584,43.305,43.437,2821,0
2015-02-23,43.371,43.371,43.131,43.288,4287,0
2015-02-24,43.519,43.856,43.51,43.753,11117,0
2015-02-25,43.809,43.817,43.659,43.659,13291,0
2015-02-26,43.863,43.929,43.706,43.744,5949,0
2015-02-27,43.78,44.04,43.77,43.911,10466,0
2015-03-02,43.929,43.996,43.846,43.976,4948,0
2015-03-03,43.799,43.901,43.697,43.724,10972,0
2015-03-04,43.613,43.753,43.444,43.444,5164,0
2015-03-05,43.632,43.678,43.279,43.279,20006,0
2015-03-06,43.232,43.325,42.924,43.101,49476,0
2015-03-09,43.175,43.175,42.721,42.879,24417,0
2015-03-10,42.303,42.544,42.209,42.254,9894,0
2015-03-11,41.995,42.368,41.866,42.33,9894,0
2015-03-12,43.25,43.25,42.618,42.721,4518,0
2015-03-13,42.524,42.524,41.939,42.117,2582,0
2015-03-16,42.609,42.712,42.311,42.403,5377,0
2015-03-17,42.712,42.712,42.135,42.423,3443,0
2015-03-18,42.395,43.444,42.358,43.194,16779,0
2015-03-19,42.739,43.009,42.712,42.795,13768,0
2015-03-20,43.241,43.51,43.111,43.381,7637,0
2015-03-23,43.444,43.856,43.149,43.444,9680,0
2015-03-24,43.938,43.938,43.632,43.687,5917,0
2015-03-25,43.817,43.827,43.325,43.632,10433,0
2015-03-26,43.669,43.669,42.861,43.175,17962,0
2015-03-27,43.279,43.501,43.214,43.214,2043,0
2015-03-30,43.92,44.161,43.79,44.161,5807,0
2015-03-31,44.281,44.281,43.78,43.947,16514,0
2015-04-01,44.422,44.422,44.02,44.07,6778,0
2015-04-02,45.092,45.202,44.905,44.952,5486,0
2015-04-06,45.555,45.946,45.555,45.667,10647,0
2015-04-07,45.816,45.816,45.323,45.603,26320,0
2015-04-08,46.262,46.625,46.012,46.514,6238,0
2015-04-09,46.746,46.886,46.578,46.886,4536,0
2015-04-10,46.672,46.932,46.569,46.932,2905,0
2015-04-13,47.276,47.276,46.94,47.006,16349,0
2015-04-14,47.108,47.295,46.689,46.997,14305,0
2015-04-15,46.838,47.2,46.765,46.829,4960,0
2015-04-16,47.286,47.723,46.913,47.276,10903,0
2015-04-17,47.053,47.276,46.588,46.699,116273,0
2015-04-20,46.672,46.922,46.514,46.625,82110,0
2015-04-21,46.848,46.895,46.689,46.709,18613,0
2015-04-22,46.672,47.304,46.672,47.257,34220,0
2015-04-23,47.555,47.574,47.137,47.574,38828,0
2015-04-24,47.536,47.583,47.164,47.193,27212,0
2015-04-27,47.751,47.862,47.555,47.593,30977,0
2015-04-28,48.336,48.336,47.796,47.834,7421,0
2015-04-29,47.935,47.945,47.872,47.935,2043,0
2015-04-30,47.649,47.935,47.461,47.509,32159,0
2015-05-01,47.964,47.964,47.414,47.434,14089,0
2015-05-04,47.881,47.964,47.639,47.796,22588,0
2015-05-05,47.471,47.732,46.94,46.969,23447,0
2015-05-06,46.811,47.108,46.449,46.449,5078,0
2015-05-07,46.3,46.347,46.179,46.224,13093,0
2015-05-08,47.043,47.193,46.811,47.09,5270,0
2015-05-11,47.006,47.053,46.653,46.653,9465,0
2015-05-12,46.523,46.728,46.485,46.662,5089,0
2015-05-13,47.043,47.062,46.775,46.775,22157,0
2015-05-14,46.988,47.704,46.988,47.555,8175,0
2015-05-15,47.759,48.094,47.406,47.853,28694,0
2015-05-18,48.225,48.225,47.853,47.862,15832,0
2015-05-19,48.011,48.225,47.974,48.177,24847,0
2015-05-20,48.141,48.235,47.926,48.215,4839,0
2015-05-21,47.834,47.909,47.574,47.751,21619,0
2015-05-22,48.021,48.021,47.732,47.974,20652,0
2015-05-26,47.954,47.954,47.471,47.667,19082,0
2015-05-27,47.601,47.954,47.276,47.954,43131,0
2015-05-28,47.527,47.527,47.266,47.414,4909,0
2015-05-29,47.499,47.499,47.164,47.379,9573,0
2015-06-01,47.314,47.406,47.21,47.397,17533,0
2015-06-02,46.616,47.397,46.616,47.359,42909,0
2015-06-03,47.118,47.174,46.775,46.932,7099,0
2015-06-04,46.765,46.895,46.234,46.514,49368,0
2015-06-05,46.114,46.224,45.938,45.974,27750,0
2015-06-08,46.03,46.254,45.593,45.789,55179,0
2015-06-09,45.491,45.491,45.156,45.165,16352,0
2015-06-10,46.022,46.022,45.892,45.892,5101,0
2015-06-11,46.189,46.254,45.686,45.779,7180,0
2015-06-12,45.639,45.723,45.342,45.723,3764,0
2015-06-15,45.268,45.362,45.072,45.323,18285,0
2015-06-16,45.285,45.425,44.841,45.221,6669,0
2015-06-17,45.491,45.928,45.128,45.733,13660,0
2015-06-18,45.908,46.635,45.835,46.234,43239,0
2015-06-19,46.393,46.476,45.649,46.198,3764,0
2015-06-22,47.062,47.062,46.067,46.644,9142,0
2015-06-23,46.96,47.09,46.625,46.719,11348,0
2015-06-24,46.419,46.672,46.347,46.364,10647,0
2015-06-25,46.476,46.55,46.428,46.428,10617,0
2015-06-26,46.214,46.223,45.82,46.148,20393,0
2015-06-29,45.193,45.268,44.762,44.772,31924,0
2015-06-30,45.539,45.539,44.903,45.258,37454,0
2015-07-01,45.11,45.67,45.024,45.201,10570,0
2015-07-02,46.963,46.963,44.678,45.557,6726,0
2015-07-06,47.627,47.627,43.638,43.741,34378,0
2015-07-07,42.944,42.944,41.942,42.822,81034,0
2015-07-08,41.736,41.868,40.865,41.025,42385,0
2015-07-09,42.991,43.02,42.28,42.616,34165,0
2015-07-10,43.394,43.861,43.309,43.638,48043,0
2015-07-13,43.488,44.406,43.488,44.05,21567,0
2015-07-14,44.34,44.34,44.02,44.209,6416,0
2015-07-15,43.985,44.05,43.459,43.459,91401,0
2015-07-16,44.096,44.34,43.89,44.162,38007,0
2015-07-17,44.481,44.546,43.995,44.406,44308,0
2015-07-20,44.574,44.574,43.89,44.227,59148,0
2015-07-21,44.322,44.322,43.965,43.995,34592,0
2015-07-22,43.995,44.162,43.618,43.618,77085,0
2015-07-23,43.815,43.815,43.207,43.479,63099,0
2015-07-24,43.357,43.357,42.579,42.73,7260,0
2015-07-27,41.878,41.878,41.025,41.24,88830,0
2015-07-28,41.521,41.859,41.447,41.793,27011,0
2015-07-29,41.829,42.898,41.353,42.111,52102,0
2015-07-30,41.539,42.054,41.334,41.998,77192,0
2015-07-31,41.727,42.364,41.689,41.878,85412,0
2015-08-03,41.08,41.765,40.865,41.38,80233,0
2015-08-04,41.427,41.736,41.38,41.642,6086,0
2015-08-05,41.793,42.14,41.662,41.811,88082,0
2015-08-06,41.801,42.054,41.334,41.437,113497,0
2015-08-07,41.399,41.652,41.08,41.399,92138,0
2015-08-10,42.027,42.485,41.924,42.457,110075,0
2015-08-11,41.98,42.054,40.744,41.24,58676,0
2015-08-12,41.211,41.211,40.107,40.434,45909,0
2015-08-13,40.481,41.043,40.387,40.686,53276,0
2015-08-14,40.987,41.399,40.715,40.772,50820,0
2015-08-17,40.182,40.818,39.994,40.491,75376,0
2015-08-18,40.406,40.406,39.582,39.909,84665,0
2015-08-19,39.151,39.6,38.993,39.105,73348,0
2015-08-20,39.179,39.179,38.421,38.524,46763,0
2015-08-21,37.915,37.915,36.904,37.203,81034,0
2015-08-24,32.951,35.883,32.875,34.881,70068,0
2015-08-25,35.574,37.474,35.526,35.526,164740,0
2015-08-26,36.229,37.484,36.229,37.222,82424,0
2015-08-27,38.364,38.402,37.465,37.943,131429,0
2015-08-28,38.102,38.272,37.727,37.924,106126,0
2015-08-31,38.009,38.009,37.429,37.474,9182,0
2015-09-01,36.734,37.007,36.154,36.764,38543,0
2015-09-02,36.997,36.997,36.472,36.754,79220,0
2015-09-03,36.781,37.606,36.781,37.119,91498,0
2015-09-04,35.931,36.238,35.629,35.931,94381,0
2015-09-08,36.847,37.166,36.547,36.79,87013,0
2015-09-09,37.438,37.784,37.043,37.315,113705,0
2015-09-10,37.305,37.812,37.297,37.606,108005,0
2015-09-11,37.465,38.131,37.465,38.131,6086,0
2015-09-14,37.755,37.755,37.363,37.568,51247,0
2015-09-15,37.521,38.262,37.502,37.895,111997,0
2015-09-16,38.308,38.879,38.308,38.879,21033,0
2015-09-17,38.486,39.198,38.252,38.272,72697,0
2015-09-18,38.43,38.993,38.167,38.355,91070,0
2015-09-21,38.402,38.73,38.262,38.43,67049,0
2015-09-22,38.026,38.056,37.568,37.82,125129,0
2015-09-23,37.737,37.802,37.231,37.793,136234,0
2015-09-24,37.559,37.802,36.941,37.541,86199,0
2015-09-25,37.55,37.924,37.185,37.297,168798,0
2015-09-28,39.141,39.141,36.734,36.734,15721,0
2015-09-29,36.537,37.185,36.537,37.185,79114,0
2015-09-30,37.521,37.812,37.231,37.325,121926,0
2015-10-01,37.718,38.056,37.465,37.933,92567,0
2015-10-02,37.802,38.543,37.69,38.336,90751,0
2015-10-05,39.01,39.703,38.869,39.545,250385,0
2015-10-06,39.414,39.47,39.058,39.301,233602,0
2015-10-07,39.62,40.163,39.431,39.967,130681,0
2015-10-08,39.338,40.238,39.338,39.836,119471,0
2015-10-09,40.416,40.453,39.836,40.284,109968,0
2015-10-12,40.491,40.491,39.975,40.032,121378,0
2015-10-13,39.712,40.124,39.526,39.526,147657,0
2015-10-14,39.957,40.322,39.732,40.013,142640,0
2015-10-15,40.64,40.996,40.453,40.837,124703,0
2015-10-16,40.695,40.912,40.527,40.846,137835,0
2015-10-19,40.555,40.621,40.172,40.463,116055,0
2015-10-20,40.601,40.65,40.303,40.604,86136,0
2015-10-21,40.247,40.932,39.984,40.041,103135,0
2015-10-22,40.425,40.772,40.425,40.679,15160,0
2015-10-23,40.875,40.922,40.584,40.8,38543,0
2015-10-26,40.527,40.705,40.52,40.613,8115,0
2015-10-27,40.144,40.565,40.013,40.163,174029,0
2015-10-28,40.481,40.772,40.032,40.115,179472,0
2015-10-29,40.089,41.175,39.827,39.852,77085,0
2015-10-30,40.473,40.473,39.778,39.797,13559,0
2015-11-02,40.069,40.229,39.984,40.144,4137,0
2015-11-03,40.089,40.695,40.041,40.584,4805,0
2015-11-04,40.669,40.669,40.115,40.397,98721,0
2015-11-05,40.322,40.555,40.05,40.453,205630,0
2015-11-06,39.975,40.238,39.742,39.975,166341,0
2015-11-09,39.48,39.507,38.805,38.805,178424,0
2015-11-10,38.974,39.049,38.917,38.964,7581,0
2015-11-11,39.188,39.281,38.926,39.281,139117,0
2015-11-12,39.264,39.264,38.627,38.833,105485,0
2015-11-13,38.664,38.664,38.252,38.252,28400,0
2015-11-16,38.589,39.115,38.589,38.974,15374,0
2015-11-17,38.86,39.058,38.757,38.889,138903,0
2015-11-18,38.852,39.17,38.814,39.161,3310,0
2015-11-19,39.498,39.498,39.377,39.385,7688,0
2015-11-20,39.827,39.852,39.703,39.769,48792,0
2015-11-23,39.395,39.712,39.395,39.535,21674,0
2015-11-24,39.516,40.022,39.516,39.919,128332,0
2015-11-25,39.61,39.836,39.61,39.742,2882,0
2015-11-27,39.676,39.676,39.226,39.347,8755,0
2015-11-30,39.151,39.367,38.935,39.095,95236,0
2015-12-01,39.414,39.507,39.291,39.507,15012,0
2015-12-02,39.414,39.46,39.066,39.066,42540,0
2015-12-03,38.964,39.198,38.843,38.945,15280,0
2015-12-04,38.945,39.778,38.945,39.488,230614,0
2015-12-07,39.151,39.281,38.869,39.105,102708,0
2015-12-08,38.281,38.57,38.262,38.411,53740,0
2015-12-09,38.186,38.486,37.971,38.131,66302,0
2015-12-10,37.86,38.102,37.71,37.802,41318,0
2015-12-11,37.156,37.156,36.707,36.744,89041,0
2015-12-14,37.156,37.156,36.566,36.987,73851,0
2015-12-15,37.344,38.026,37.344,37.755,49968,0
2015-12-16,38.082,38.289,37.755,38.082,102815,0
2015-12-17,38.148,38.186,37.924,38.074,21887,0
2015-12-18,39.395,39.395,37.943,38.065,67262,0
2015-12-21,38.05,38.458,37.186,38.439,49038,0
2015-12-22,38.411,38.61,38.344,38.61,37303,0
2015-12-23,38.63,39.048,38.63,39.048,50827,0
2015-12-24,38.772,38.999,38.554,38.923,18023,0
2015-12-28,38.743,38.829,38.6,38.781,118029,0
2015-12-29,38.962,39.093,38.876,39.066,33525,0
2015-12-30,38.914,38.962,38.829,38.923,45872,0
2015-12-31,39.115,39.219,38.857,38.857,25620,0
2016-01-04,38.077,38.117,37.709,38.077,68450,0
2016-01-05,38.163,38.343,38.082,38.221,17951,0
2016-01-06,37.774,37.973,37.647,37.821,32181,0
2016-01-07,36.995,37.403,36.587,36.633,141973,0
2016-01-08,36.989,37.213,36.425,36.425,14966,0
2016-01-11,36.587,36.587,36.044,36.367,40082,0
2016-01-12,36.302,36.349,35.978,36.225,32172,0
2016-01-13,36.292,36.357,35.704,35.722,16053,0
2016-01-14,35.779,36.244,35.695,36.064,23008,0
2016-01-15,34.752,34.895,34.324,34.73,32670,0
2016-01-19,35.55,35.57,35.255,35.341,67875,0
2016-01-20,34.943,34.943,34.125,34.704,19289,0
2016-01-21,34.648,35.398,34.517,35.142,135651,0
2016-01-22,35.37,35.712,35.37,35.607,13236,0
2016-01-25,35.756,35.779,35.161,35.161,60345,0
2016-01-26,35.313,35.788,35.313,35.54,28744,0
2016-01-27,35.228,35.506,34.98,34.999,61429,0
2016-01-28,35.504,35.807,35.351,35.54,39465,0
2016-01-29,36.115,36.386,35.849,36.206,18234,0
2016-02-01,36.197,36.272,35.932,36.054,57184,0
2016-02-02,35.892,36.026,35.284,35.294,67086,0
2016-02-03,35.332,35.996,34.952,35.816,195357,0
2016-02-04,36.064,36.238,35.797,35.949,21494,0
2016-02-05,35.598,35.646,35.484,35.531,15902,0
2016-02-08,35.37,35.503,34.99,35.112,15713,0
2016-02-09,35.095,35.095,34.401,34.657,13260,0
2016-02-10,34.41,35.607,34.41,34.856,144910,0
2016-02-11,34.211,35.844,34.211,34.525,12538,0
2016-02-12,34.324,34.534,33.964,34.534,160094,0
2016-02-16,34.99,35.117,34.827,34.98,31390,0
2016-02-17,35.142,35.626,35.142,35.57,20280,0
2016-02-18,35.398,35.692,35.076,35.426,68260,0
2016-02-19,35.417,35.682,35.341,35.57,41489,0
2016-02-22,35.997,36.235,35.997,36.159,9200,0
2016-02-23,35.874,36.11,35.626,35.626,12241,0
2016-02-24,35.255,35.712,35.152,35.674,5983,0
2016-02-25,35.513,35.884,35.484,35.874,19318,0
2016-02-26,35.788,35.788,35.304,35.304,17269,0
2016-02-29,35.731,36.035,35.707,35.826,72233,0
2016-03-01,35.692,36.995,35.692,36.633,139354,0
2016-03-02,36.396,37.051,36.396,37.033,176838,0
2016-03-03,36.871,37.447,36.871,37.204,169667,0
2016-03-04,37.601,38.358,37.465,38.117,119250,0
2016-03-07,37.65,38.173,37.56,37.955,93148,0
2016-03-08,37.517,37.565,37.176,37.204,82514,0
2016-03-09,37.726,37.91,37.479,37.479,88661,0
2016-03-10,37.784,38.003,37.461,37.679,45990,0
2016-03-11,38.077,38.545,38.077,38.515,28610,0
2016-03-14,38.05,38.335,38.04,38.097,52739,0
2016-03-15,37.717,37.793,37.461,37.774,49208,0
2016-03-16,37.527,38.487,37.527,38.411,107978,0
2016-03-17,38.392,39.209,38.363,38.639,60828,0
2016-03-18,39.494,39.494,39.028,39.066,59612,0
2016-03-21,39.209,39.209,38.923,39.115,3495,0
2016-03-22,38.849,39.342,38.748,39.048,109163,0
2016-03-23,38.724,38.801,38.487,38.564,37083,0
2016-03-24,38.315,38.554,37.537,38.525,83574,0
2016-03-28,38.279,38.581,38.259,38.259,22646,0
2016-03-29,38.458,38.81,38.03,38.724,14965,0
2016-03-30,39.066,39.351,39.066,39.248,29944,0
2016-03-31,39.314,39.471,38.921,39.2,63848,0
2016-04-01,38.724,39.456,38.697,39.095,70132,0
2016-04-04,39.048,39.284,38.81,38.962,37083,0
2016-04-05,38.535,38.687,38.43,38.478,22518,0
2016-04-06,38.478,38.982,38.468,38.982,12019,0
2016-04-07,38.724,38.906,38.306,38.373,32609,0
2016-04-08,38.886,39.142,38.734,38.933,129530,0
2016-04-11,39.219,39.476,39.119,39.133,42434,0
2016-04-12,39.248,39.618,39.106,39.476,38448,0
2016-04-13,39.646,39.918,39.646,39.864,5816,0
2016-04-14,39.712,40.016,39.712,39.854,46887,0
2016-04-15,39.818,39.884,39.656,39.702,8129,0
2016-04-18,39.594,40.094,39.594,39.912,45419,0
2016-04-19,40.331,40.615,40.107,40.548,20400,0
2016-04-20,39.627,40.473,39.627,40.312,7329,0
2016-04-21,39.998,40.084,39.702,39.903,9483,0
2016-04-22,39.702,39.978,39.551,39.551,26523,0
2016-04-25,39.58,39.722,39.4,39.588,27317,0
2016-04-26,39.608,39.808,39.481,39.693,20780,0
2016-04-27,39.41,39.912,39.41,39.884,8369,0
2016-04-28,39.769,39.818,39.129,39.675,72650,0
2016-04-29,39.854,39.854,39.361,39.417,6216,0
2016-05-02,39.415,39.588,39.267,39.57,7799,0
2016-05-03,39.209,39.209,38.657,38.839,9507,0
2016-05-04,38.677,38.677,38.03,38.411,4562,0
2016-05-05,38.401,38.697,38.163,38.239,27135,0
2016-05-06,38.017,38.554,38.017,38.325,20431,0
2016-05-09,38.077,38.144,37.812,38.003,69833,0
2016-05-10,38.144,38.535,38.144,38.458,26731,0
2016-05-11,38.295,38.6,38.287,38.496,11847,0
2016-05-12,38.202,38.478,37.972,38.411,12724,0
2016-05-13,38.269,38.269,37.802,37.917,7230,0
2016-05-16,37.612,38.391,37.612,37.983,33908,0
2016-05-17,38.127,38.315,37.902,38.087,13552,0
2016-05-18,37.659,38.127,37.641,37.793,11976,0
2016-05-19,37.736,37.736,37.299,37.403,8789,0
2016-05-20,37.659,37.926,37.546,37.851,15370,0
2016-05-23,37.851,37.917,37.669,37.764,6966,0
2016-05-24,38.003,38.135,37.807,38.03,6686,0
2016-05-25,38.012,38.305,38.012,38.136,4827,0
2016-05-26,38.123,38.421,38.123,38.411,6643,0
2016-05-27,38.315,38.545,38.163,38.306,33958,0
2016-05-31,38.791,38.791,38.107,38.496,5184,0
2016-06-01,38.369,38.71,38.249,38.71,2809,0
2016-06-02,38.849,38.849,38.639,38.791,2191,0
2016-06-03,38.857,39.309,38.781,39.17,17998,0
2016-06-06,39.436,39.598,39.228,39.503,22221,0
2016-06-07,39.627,39.891,39.627,39.789,24803,0
2016-06-08,39.854,40.094,39.854,40.046,14897,0
2016-06-09,39.656,39.742,39.484,39.722,33037,0
2016-06-10,39.002,39.17,38.82,38.953,10610,0
2016-06-13,38.306,38.81,38.306,38.487,16689,0
2016-06-14,38.107,38.383,38.022,38.366,9514,0
2016-06-15,38.743,38.781,38.478,38.487,19197,0
2016-06-16,38.003,38.492,37.897,38.363,11080,0
2016-06-17,38.279,38.554,38.259,38.392,17261,0
2016-06-20,38.781,39.17,38.781,39.009,6036,0
2016-06-21,39.133,39.284,39.001,39.284,1392,0
2016-06-22,39.344,39.344,39.115,39.115,2159,0
2016-06-23,39.393,39.673,39.393,39.662,5057,0
2016-06-24,38.057,38.44,37.865,37.904,19855,0
2016-06-27,37.749,37.768,37.163,37.297,112257,0
2016-06-28,38.201,38.49,38.075,38.423,57072,0
2016-06-29,38.951,39.518,38.951,39.181,145786,0
2016-06-30,39.354,39.758,39.297,39.632,6522,0
2016-07-01,39.739,39.998,39.71,39.988,85715,0
2016-07-05,39.506,39.506,39.142,39.47,20737,0
2016-07-06,38.855,39.412,38.855,39.383,3686,0
2016-07-07,39.568,39.883,39.124,39.354,10257,0
2016-07-08,39.941,40.112,39.702,40.047,5742,0
2016-07-11,39.978,40.306,39.978,40.152,56731,0
2016-07-12,40.344,40.533,40.288,40.421,38599,0
2016-07-13,40.508,40.508,40.171,40.248,36866,0
2016-07-14,40.796,40.796,40.526,40.699,8250,0
2016-07-15,40.191,40.43,40.191,40.43,3801,0
2016-07-18,40.402,40.649,40.354,40.536,120367,0
2016-07-19,40.604,40.604,40.095,40.276,52173,0
2016-07-20,40.239,40.679,40.239,40.545,15290,0
2016-07-21,40.575,40.785,40.47,40.47,44981,0
2016-07-22,40.757,41.046,40.757,40.901,10610,0
2016-07-25,40.689,40.853,40.536,40.796,70946,0
2016-07-26,41.046,41.046,40.655,40.719,89132,0
2016-07-27,40.729,41.083,40.653,40.873,23872,0
2016-07-28,41.055,41.055,40.488,40.919,34469,0
2016-07-29,40.988,41.315,40.988,41.296,7855,0
2016-08-01,41.315,41.411,41.065,41.103,13380,0
2016-08-02,41.103,41.19,40.671,40.815,22400,0
2016-08-03,40.805,41.19,40.762,41.065,32758,0
2016-08-04,41.218,41.728,41.2,41.488,46862,0
2016-08-05,41.853,41.853,41.488,41.728,11237,0
2016-08-08,42.102,42.102,41.824,41.901,7783,0
2016-08-09,42.084,42.41,41.987,42.401,8236,0
2016-08-10,42.477,42.525,41.92,42.218,31218,0
2016-08-11,42.228,42.651,42.198,42.603,37747,0
2016-08-12,42.728,42.728,42.064,42.141,23939,0
2016-08-15,42.395,42.621,42.395,42.545,7862,0
2016-08-16,42.545,42.545,42.286,42.449,19624,0
2016-08-17,42.084,42.43,41.776,42.141,30603,0
2016-08-18,42.593,42.785,42.208,42.689,68935,0
2016-08-19,42.208,42.296,41.853,42.296,1229,0
2016-08-22,41.968,41.968,41.633,41.785,18718,0
2016-08-23,41.853,41.954,41.478,41.613,14012,0
2016-08-24,41.699,41.738,41.526,41.719,40747,0
2016-08-25,41.689,41.719,41.632,41.632,5379,0
2016-08-26,41.776,42.296,41.372,41.391,53801,0
2016-08-29,41.142,41.709,41.142,41.709,20014,0
2016-08-30,41.651,41.881,41.574,41.64,6262,0
2016-08-31,41.679,41.719,41.373,41.545,3406,0
2016-09-01,41.497,41.603,41.362,41.603,8506,0
2016-09-02,41.93,42.16,41.93,42.045,6646,0
2016-09-06,42.44,42.968,42.44,42.863,61114,0
2016-09-07,42.843,42.92,42.621,42.747,83938,0
2016-09-08,43.16,43.16,42.458,42.545,30616,0
2016-09-09,42.19,42.19,41.43,41.43,41188,0
2016-09-12,41.43,41.878,41.296,41.709,55645,0
2016-09-13,41.112,41.112,40.709,40.815,40020,0
2016-09-14,41.334,41.516,41.103,41.103,4423,0
2016-09-15,41.241,41.943,41.241,41.901,15048,0
2016-09-16,41.648,41.672,41.468,41.584,5372,0
2016-09-19,42.228,42.228,41.804,41.92,18234,0
2016-09-20,41.982,42.611,41.93,42.17,52886,0
2016-09-21,42.621,42.939,42.064,42.929,40576,0
2016-09-22,43.246,43.263,42.756,42.853,12041,0
2016-09-23,42.939,43.016,42.588,42.603,29375,0
2016-09-26,42.352,42.416,41.873,42.045,135690,0
2016-09-27,41.901,42.92,41.901,42.795,10128,0
2016-09-28,42.246,42.92,42.246,42.872,6976,0
2016-09-29,42.641,42.766,42.18,42.208,5978,0
2016-09-30,42.43,42.651,42.218,42.621,9953,0
2016-10-03,42.305,42.89,42.305,42.574,16142,0
2016-10-04,42.709,43.007,42.256,42.32,10021,0
2016-10-05,42.737,42.903,42.631,42.737,4695,0
2016-10-06,42.661,42.824,42.458,42.661,4324,0
2016-10-07,42.631,42.641,42.237,42.506,13827,0
2016-10-10,42.728,42.997,42.728,42.785,14202,0
2016-10-11,42.381,42.43,41.949,42.112,20492,0
2016-10-12,41.949,42.007,41.853,41.939,3250,0
2016-10-13,41.033,41.719,41.033,41.699,5492,0
2016-10-14,41.853,41.914,41.325,41.325,30750,0
2016-10-17,41.465,41.594,41.286,41.545,4571,0
2016-10-18,42.175,42.381,41.968,42.381,51836,0
2016-10-19,42.545,42.577,42.345,42.43,50480,0
2016-10-20,42.555,42.631,42.228,42.584,216223,0
2016-10-21,42.333,42.352,41.805,42.161,54427,0
2016-10-24,42.89,42.89,41.93,41.968,52842,0
2016-10-25,41.709,42.305,41.709,41.891,11606,0
2016-10-26,42.054,42.132,41.767,41.853,10898,0
2016-10-27,42.333,42.333,41.709,41.709,25962,0
2016-10-28,42.175,42.175,41.488,41.565,98666,0
2016-10-31,41.526,41.767,41.256,41.767,9648,0
2016-11-01,41.574,41.574,40.921,41.228,20641,0
2016-11-02,41.19,41.19,40.508,40.565,16242,0
2016-11-03,40.82,40.824,40.652,40.652,23641,0
2016-11-04,40.383,40.729,40.075,40.325,15602,0
2016-11-07,41.094,41.344,40.863,41.19,52411,0
2016-11-08,41.488,41.699,41.401,41.535,28141,0
2016-11-09,39.575,40.819,39.575,40.098,44108,0
2016-11-10,40.21,40.21,39.181,39.728,81503,0
2016-11-11,39.269,39.354,38.634,38.865,234522,0
2016-11-14,38.863,39.171,38.538,39.171,41909,0
2016-11-15,39.276,39.777,39.191,39.748,65334,0
2016-11-16,39.259,39.626,39.259,39.431,89365,0
2016-11-17,39.586,39.808,39.412,39.412,5837,0
2016-11-18,39.777,39.777,39.085,39.296,17392,0
2016-11-21,39.354,39.498,39.241,39.421,57708,0
2016-11-22,39.604,39.893,39.538,39.748,51472,0
2016-11-23,39.835,39.835,39.304,39.402,5848,0
2016-11-25,39.796,39.796,39.376,39.48,8640,0
2016-11-28,39.488,39.787,39.488,39.662,20198,0
2016-11-29,39.969,39.969,39.462,39.812,269641,0
2016-11-30,39.92,39.921,39.796,39.806,110855,0
2016-12-01,39.719,39.719,39.286,39.296,46807,0
2016-12-02,39.306,39.403,39.162,39.383,16983,0
2016-12-05,39.249,39.45,39.201,39.296,25075,0
2016-12-06,39.565,39.69,39.22,39.633,14171,0
2016-12-07,39.565,40.266,39.565,40.065,533518,0
2016-12-08,40.075,40.229,39.787,40.2,37401,0
2016-12-09,40.161,40.19,39.836,39.978,23979,0
2016-12-12,39.883,40.095,39.758,39.902,32827,0
2016-12-13,40.007,40.258,40.007,40.171,20809,0
2016-12-14,39.885,40.181,39.403,39.633,36977,0
2016-12-15,39.528,39.545,39.296,39.48,43633,0
2016-12-16,39.633,39.652,39.36,39.383,23626,0
2016-12-19,39.403,39.414,39.22,39.269,9623,0
2016-12-20,39.201,39.325,39.037,39.115,87979,0
2016-12-21,39.342,39.342,39.069,39.118,39376,0
2016-12-22,38.972,38.972,38.485,38.582,44328,0
2016-12-23,38.856,39.147,38.751,38.953,28221,0
2016-12-27,38.982,39.216,38.864,38.953,39791,0
2016-12-28,39.06,39.128,38.573,38.894,59768,0
2016-12-29,39.089,39.712,39.089,39.401,70144,0
2016-12-30,39.595,39.771,39.313,39.401,16930,0
2017-01-03,39.488,39.712,39.421,39.644,11317,0
2017-01-04,39.947,40.233,39.937,39.985,50830,0
2017-01-05,40.267,40.726,40.248,40.599,36316,0
2017-01-06,40.339,40.404,40.258,40.346,19772,0
2017-01-09,40.229,40.229,40.121,40.17,18324,0
2017-01-10,40.258,40.529,39.985,40.414,7586,0
2017-01-11,40.443,40.757,40.248,40.658,25101,0
2017-01-12,40.714,40.921,40.677,40.801,6297,0
2017-01-13,40.716,41.194,40.53,41.174,15080,0
2017-01-17,41.067,41.203,40.592,41.096,49706,0
2017-01-18,41.174,41.174,40.857,41.018,28973,0
2017-01-19,41.164,41.164,40.755,40.872,8214,0
2017-01-20,40.959,41.102,40.825,40.931,5621,0
2017-01-23,41.164,41.373,41.077,41.077,353296,0
2017-01-24,41.417,41.754,41.107,41.359,112176,0
2017-01-25,41.176,41.693,41.176,41.554,26063,0
2017-01-26,41.398,41.564,41.174,41.281,32105,0
2017-01-27,41.261,41.452,41.145,41.315,24274,0
2017-01-30,41.174,41.334,40.921,41.215,70832,0
2017-01-31,41.34,41.559,41.145,41.496,55780,0
2017-02-01,41.905,42.352,41.368,41.613,76187,0
2017-02-02,41.992,42.121,41.787,41.905,59764,0
2017-02-03,42.06,42.577,42.012,42.372,52886,0
2017-02-06,41.963,42.343,41.905,42.158,63382,0
2017-02-07,42.196,42.226,42.002,42.178,79223,0
2017-02-08,42.255,42.47,42.178,42.314,36184,0
2017-02-09,42.668,42.816,42.431,42.548,57030,0
2017-02-10,42.752,42.952,42.548,42.762,123246,0
2017-02-13,42.597,43.298,42.597,43.006,169360,0
2017-02-14,43.19,43.473,42.903,43.217,98690,0
2017-02-15,43.093,43.571,42.937,43.551,183578,0
2017-02-16,43.619,43.619,43.311,43.346,70296,0
2017-02-17,43.356,43.405,42.84,42.947,446182,0
2017-02-21,43.307,43.444,43.026,43.386,58242,0
2017-02-22,43.406,43.522,43.28,43.463,54816,0
2017-02-23,43.756,43.756,43.552,43.639,155104,0
2017-02-24,43.376,43.391,43.263,43.288,18858,0
2017-02-27,43.435,43.435,43.264,43.346,52552,0
2017-02-28,43.639,43.639,43.259,43.395,271089,0
2017-03-01,43.405,43.834,43.405,43.805,163456,0
2017-03-02,43.444,43.444,42.957,42.957,27632,0
2017-03-03,43.064,43.312,43.064,43.22,26126,0
2017-03-06,43.19,43.291,43.132,43.22,45066,0
2017-03-07,43.269,43.688,42.86,43.415,99921,0
2017-03-08,43.317,43.366,43.074,43.152,96435,0
2017-03-09,43.103,43.103,42.645,42.781,147587,0
2017-03-10,43.093,43.22,42.962,43.22,52687,0
2017-03-13,43.405,43.775,43.405,43.668,172093,0
2017-03-14,43.609,43.609,43.356,43.405,19365,0
2017-03-15,43.502,44.467,43.502,44.273,69416,0
2017-03-16,44.623,44.672,44.506,44.593,18135,0
2017-03-17,44.72,44.72,44.536,44.72,6474,0
2017-03-20,44.945,45.101,44.808,45.003,35471,0
2017-03-21,45.101,45.134,44.462,44.49,31282,0
2017-03-22,44.681,44.905,44.593,44.905,113089,0
2017-03-23,44.847,44.993,44.633,44.935,37650,0
2017-03-24,45.032,45.188,45.012,45.149,43480,0
2017-03-27,45.032,45.032,44.72,44.945,87211,0
2017-03-28,44.935,45.091,44.837,45.005,133108,0
2017-03-29,45.022,45.139,44.887,45.119,27303,0
2017-03-30,45.032,45.178,44.973,44.973,23862,0
2017-03-31,45.091,45.111,44.973,44.983,21167,0
2017-04-03,45.227,45.285,45.012,45.285,50545,0
2017-04-04,45.217,45.324,45.119,45.237,45724,0
2017-04-05,45.412,45.477,45.149,45.188,29133,0
2017-04-06,45.237,45.305,45.119,45.198,39748,0
2017-04-07,45.101,45.295,45.081,45.168,20310,0
2017-04-10,44.964,44.964,44.75,44.876,32135,0
2017-04-11,44.856,44.856,44.614,44.749,22288,0
2017-04-12,44.905,44.964,44.634,44.799,39047,0
2017-04-13,45.032,45.139,44.828,44.828,10505,0
2017-04-17,44.866,45.129,44.866,45.129,6276,0
2017-04-18,44.837,44.845,44.633,44.7,16306,0
2017-04-19,45.052,45.052,44.71,44.749,91259,0
2017-04-20,45.012,45.052,44.838,44.973,32008,0
2017-04-21,44.905,45.052,44.896,44.915,13276,0
2017-04-24,45.188,45.344,45.149,45.168,45812,0
2017-04-25,45.422,45.685,45.422,45.548,75556,0
2017-04-26,45.441,45.597,45.383,45.392,50099,0
2017-04-27,45.334,45.401,45.256,45.305,9336,0
2017-04-28,45.392,45.548,45.392,45.402,21413,0
2017-05-01,45.831,45.831,45.538,45.627,44414,0
2017-05-02,45.675,46.016,45.675,45.802,40698,0
2017-05-03,45.568,45.734,45.469,45.548,177512,0
2017-05-04,45.461,45.5,45.266,45.266,81763,0
2017-05-05,45.159,45.51,45.159,45.451,19732,0
2017-05-08,45.451,45.617,45.344,45.364,75461,0
2017-05-09,45.568,45.68,45.471,45.471,38379,0
2017-05-10,45.646,45.85,45.646,45.783,20468,0
2017-05-11,45.792,45.909,45.694,45.909,21114,0
2017-05-12,45.773,45.919,45.743,45.753,109105,0
2017-05-15,45.997,46.24,45.997,46.182,18652,0
2017-05-16,46.075,46.279,46.073,46.133,63416,0
2017-05-17,45.899,45.939,45.402,45.412,49551,0
2017-05-18,44.73,44.876,43.951,44.263,445731,0
2017-05-19,44.896,45.334,44.613,45.256,30059,0
2017-05-22,45.071,45.217,45.022,45.022,70595,0
2017-05-23,44.856,45.003,44.833,44.896,28541,0
2017-05-24,45.081,45.227,44.954,45.227,31665,0
2017-05-25,45.315,45.587,45.315,45.431,68479,0
2017-05-26,45.451,45.631,45.431,45.52,8339,0
2017-05-30,45.305,45.518,45.305,45.412,17760,0
2017-05-31,45.52,45.52,45.012,45.012,301021,0
2017-06-01,45.237,45.441,45.217,45.441,43231,0
2017-06-02,45.743,45.743,45.587,45.714,51280,0
2017-06-05,45.783,45.87,45.783,45.821,10526,0
2017-06-06,45.841,45.945,45.841,45.932,72442,0
2017-06-07,45.919,45.967,45.802,45.909,51185,0
2017-06-08,46.113,46.25,46.075,46.182,45734,0
2017-06-09,46.23,46.262,45.915,46.016,29109,0
2017-06-12,45.783,45.821,45.694,45.821,8917,0
2017-06-13,45.997,46.153,45.971,46.084,8674,0
2017-06-14,46.338,46.537,46.05,46.192,10025,0
2017-06-15,45.792,45.841,45.5,45.763,30104,0
2017-06-16,45.919,45.919,45.689,45.743,17552,0
2017-06-19,45.841,46.041,45.841,45.987,9683,0
2017-06-20,45.634,45.86,45.36,45.36,73013,0
2017-06-21,45.733,45.909,45.635,45.674,9087,0
2017-06-22,45.998,45.998,45.723,45.742,10489,0
2017-06-23,45.899,46.007,45.801,45.89,31399,0
2017-06-26,46.164,46.25,46.047,46.056,36124,0
2017-06-27,45.89,45.919,45.615,45.625,10531,0
2017-06-28,45.772,46.007,45.712,45.939,13335,0
2017-06-29,45.772,45.791,45.36,45.487,28422,0
2017-06-30,45.89,46.014,45.85,45.89,28854,0
2017-07-03,45.988,46.066,45.909,45.909,7108,0
2017-07-05,45.772,45.939,45.633,45.919,21421,0
2017-07-06,45.644,45.733,45.517,45.517,40964,0
2017-07-07,45.752,45.87,45.697,45.782,27180,0
2017-07-10,45.784,45.998,45.754,45.968,15139,0
2017-07-11,45.811,46.017,45.752,45.899,26988,0
2017-07-12,46.194,46.537,46.184,46.4,223947,0
2017-07-13,46.493,46.684,46.478,46.586,25832,0
2017-07-14,46.812,47.038,46.704,47.028,47062,0
2017-07-17,46.832,46.977,46.714,46.812,22309,0
2017-07-18,46.812,47.047,46.812,47.047,8421,0
2017-07-19,47.302,47.548,47.302,47.469,42234,0
2017-07-20,47.44,47.558,47.41,47.479,91905,0
2017-07-21,47.342,47.391,47.293,47.342,14300,0
2017-07-24,47.499,47.499,47.342,47.42,41245,0
2017-07-25,47.469,47.607,47.352,47.352,14071,0
2017-07-26,47.401,47.655,47.361,47.607,13845,0
2017-07-27,47.695,47.754,47.116,47.332,40126,0
2017-07-28,47.332,47.44,47.293,47.44,22059,0
2017-07-31,47.509,47.538,47.401,47.538,24842,0
2017-08-01,47.675,47.729,47.626,47.626,21809,0
2017-08-02,47.764,47.793,47.558,47.793,9905,0
2017-08-03,47.528,47.548,47.41,47.469,22603,0
2017-08-04,47.582,47.646,47.499,47.636,35328,0
2017-08-07,47.715,47.862,47.715,47.852,17087,0
2017-08-08,47.852,47.95,47.646,47.646,25942,0
2017-08-09,47.352,47.352,47.096,47.283,23338,0
2017-08-10,46.812,46.822,46.027,46.056,36140,0
2017-08-11,46.253,46.372,46.183,46.243,10869,0
2017-08-14,46.605,46.733,46.576,46.635,2996,0
2017-08-15,46.439,46.587,46.439,46.586,20489,0
2017-08-16,46.832,46.979,46.799,46.939,11895,0
2017-08-17,46.861,46.89,46.498,46.498,38317,0
2017-08-18,46.832,47.027,46.802,46.998,6306,0
2017-08-21,46.979,47.116,46.949,47.047,8870,0
2017-08-22,47.185,47.42,47.185,47.322,28528,0
2017-08-23,47.214,47.518,47.214,47.43,7182,0
2017-08-24,47.538,47.714,47.469,47.587,32189,0
2017-08-25,47.852,48.068,47.852,48.029,22123,0
2017-08-28,48.078,48.135,48.029,48.107,6255,0
2017-08-29,47.715,48.029,47.695,47.989,70403,0
2017-08-30,47.95,48.156,47.95,48.048,10303,0
2017-08-31,48.235,48.568,48.235,48.411,43286,0
2017-09-01,48.745,49.054,48.745,48.912,18711,0
2017-09-05,48.735,48.912,48.544,48.627,25155,0
2017-09-06,48.794,49.01,48.794,48.961,15466,0
2017-09-07,49.167,49.373,49.167,49.275,10394,0
2017-09-08,49.157,49.212,49.059,49.069,16391,0
2017-09-11,49.275,49.5,49.157,49.441,19353,0
2017-09-12,49.52,49.618,49.481,49.52,52344,0
2017-09-13,49.314,49.432,49.098,49.275,44619,0
2017-09-14,49.331,49.579,49.127,49.51,30894,0
2017-09-15,49.647,50.001,49.647,49.844,19847,0
2017-09-18,49.922,50.03,49.746,49.746,7522,0
2017-09-19,49.775,49.775,49.432,49.53,12501,0
2017-09-20,49.795,49.795,49.1,49.392,35133,0
2017-09-21,49.657,49.697,49.392,49.481,38751,0
2017-09-22,49.137,49.206,48.979,49.177,13180,0
2017-09-25,48.313,48.313,47.705,47.822,47551,0
2017-09-26,48.136,48.166,47.97,48.087,27246,0
2017-09-27,47.881,47.881,47.538,47.803,7556,0
2017-09-28,47.862,47.921,47.548,47.921,11244,0
2017-09-29,48.303,48.47,48.303,48.451,8424,0
2017-10-02,48.549,48.745,48.529,48.745,22810,0
2017-10-03,48.794,49.147,48.772,49.01,27702,0
2017-10-04,49.069,49.186,48.902,49.02,124298,0
2017-10-05,49.098,49.598,49.098,49.422,17107,0
2017-10-06,49.098,49.392,49.098,49.265,57729,0
2017-10-09,49.157,49.234,49.086,49.088,13714,0
2017-10-10,49.51,49.755,49.5,49.736,61630,0
2017-10-11,49.51,49.863,49.51,49.824,71963,0
2017-10-12,49.795,50.011,49.795,49.834,7868,0
2017-10-13,50.177,50.334,50.168,50.275,6150,0
2017-10-16,50.207,50.354,50.158,50.158,17562,0
2017-10-17,49.893,49.981,49.834,49.893,14084,0
2017-10-18,49.922,50.123,49.922,49.932,2636,0
2017-10-19,49.785,49.844,49.579,49.765,22085,0
2017-10-20,49.863,49.991,49.775,49.804,19775,0
2017-10-23,49.961,49.961,49.667,49.716,15157,0
2017-10-24,49.907,50.168,49.907,50.099,26069,0
2017-10-25,50.285,50.285,49.677,49.893,27238,0
2017-10-26,50.217,50.226,49.87,49.95,21177,0
2017-10-27,49.795,50.138,49.795,50.079,20736,0
2017-10-30,50.099,50.197,49.716,49.765,77926,0
2017-10-31,50.118,50.246,49.863,50.05,31699,0
2017-11-01,50.513,50.599,50.276,50.354,9162,0
2017-11-02,50.47,50.58,50.35,50.55,19111,0
2017-11-03,50.452,50.481,50.17,50.344,29146,0
2017-11-06,50.511,50.58,50.467,50.481,22516,0
2017-11-07,50.403,50.432,49.834,49.932,149914,0
2017-11-08,49.961,50.344,49.961,50.324,12779,0
2017-11-09,49.991,50.067,49.795,49.834,5735,0
2017-11-10,49.912,50.04,49.716,49.785,9068,0
2017-11-13,49.883,49.889,49.746,49.795,6400,0
2017-11-14,49.981,49.981,49.697,49.765,9363,0
2017-11-15,49.716,49.883,49.515,49.589,22144,0
2017-11-16,50.158,50.501,49.942,50.413,12584,0
2017-11-17,50.256,50.393,50.177,50.305,12930,0
2017-11-20,50.442,50.511,50.246,50.432,15481,0
2017-11-21,50.933,51.1,50.905,50.923,35632,0
2017-11-22,51.011,51.139,50.864,50.972,35808,0
2017-11-24,51.119,51.286,51.022,51.149,13501,0
2017-11-27,51.149,51.149,50.865,51.051,14337,0
2017-11-28,51.1,51.237,50.942,51.198,27034,0
2017-11-29,51.188,51.188,50.874,50.874,40407,0
2017-11-30,50.874,50.976,50.727,50.854,19008,0
2017-12-01,50.894,50.962,50.56,50.894,15699,0
2017-12-04,50.894,50.894,50.531,50.531,8348,0
2017-12-05,50.393,50.629,50.393,50.629,80554,0
2017-12-06,49.952,49.952,49.554,49.579,54883,0
2017-12-07,49.402,49.612,49.275,49.54,14452,0
2017-12-08,49.752,49.814,49.618,49.814,11663,0
2017-12-11,49.961,50.168,49.824,50.168,22269,0
2017-12-12,49.883,49.912,49.638,49.903,12601,0
2017-12-13,50.02,50.58,50.02,50.511,32724,0
2017-12-14,50.315,50.658,50.089,50.089,31507,0
2017-12-15,50.678,50.835,50.646,50.658,7846,0
2017-12-18,51.051,51.204,51.021,51.08,18661,0
2017-12-19,51.21,51.27,50.75,50.9,51859,0
2017-12-20,50.96,51.31,50.92,51.2,34634,0
2017-12-21,51.39,51.51,51.275,51.29,20970,0
2017-12-22,51.76,51.83,51.65,51.79,31701,0
2017-12-26,51.74,52,51.39,51.47,86567,0
2017-12-27,52.12,52.23,51.8217,52.22,33245,0
2017-12-28,52.64,52.77,52.58,52.7,28922,0
2017-12-29,53.01,53.22,52.93,53.11,30150,0
2018-01-02,53.83,53.83,53.48,53.65,44553,0
2018-01-03,54.13,54.255,53.98,54.22,65292,0
2018-01-04,54.27,54.54,54.26,54.38,52636,0
2018-01-05,54.63,54.92,54.595,54.85,55158,0
2018-01-08,54.75,54.91,54.75,54.8,35981,0
2018-01-09,54.75,54.8,54.51,54.8,19210,0
2018-01-10,54.6,54.7942,54.52,54.61,24050,0
2018-01-11,54.74,55.236,54.6348,55.15,27652,0
2018-01-12,55.19,55.53,55.064,55.43,23491,0
2018-01-16,55.46,55.65,55,55.06,46139,0
2018-01-17,55.33,55.72,55.33,55.58,21788,0
2018-01-18,55.34,55.5086,55.24,55.33,14093,0
2018-01-19,55.77,55.9442,55.6,55.77,18279,0
2018-01-22,55.94,56.24,55.71,56.19,63531,0
2018-01-23,56.05,56.2,55.761,56.16,94447,0
2018-01-24,56.48,56.9232,56.48,56.85,37717,0
2018-01-25,57.01,57.36,56.81,56.81,77628,0
2018-01-26,56.98,57.36,56.97,57.26,41204,0
2018-01-29,56.91,56.91,56.5,56.5,41950,0
2018-01-30,56.22,56.47,55.761,56.05,37094,0
2018-01-31,56.49,56.609,55.94,56.28,23641,0
2018-02-01,55.97,56.12,55.75,55.91,56121,0
2018-02-02,55.23,55.23,54.13,54.38,58734,0
2018-02-05,54.14,54.14,52.09,52.21,73037,0
2018-02-06,52.17,53.8319,51.82,53.69,32082,0
2018-02-07,52.75,53.13,52.14,52.16,101958,0
2018-02-08,52.8,52.8,50.47,50.47,103020,0
2018-02-09,51.7,52.0199,50.5195,51.72,34687,0
2018-02-12,52.28,52.66,51.87,52.25,33745,0
2018-02-13,52.23,52.624,52.13,52.54,37814,0
2018-02-14,52.29,53.76,52.29,53.5839,85256,0
2018-02-15,54.21,54.64,53.6596,54.32,23525,0
2018-02-16,54.03,54.58,54.03,54.27,14494,0
2018-02-20,53.56,53.85,53.56,53.56,25009,0
2018-02-21,54.16,54.49,53.4,53.4,21121,0
2018-02-22,53.83,53.98,53.531,53.57,11632,0
2018-02-23,54.14,54.3755,54.03,54.3702,13659,0
2018-02-26,54.61,55,54.26,54.96,206760,0
2018-02-27,54.39,54.39,53.62,53.62,26745,0
2018-02-28,53.73,53.91,52.8922,53.07,79657,0
2018-03-01,53.59,53.7086,52.83,53.076,18893,0
2018-03-02,52.67,53.89,52.67,53.83,359658,0
2018-03-05,53.06,53.73,52.97,53.47,98379,0
2018-03-06,54.2,54.2,53.531,53.73,22372,0
2018-03-07,53.28,53.3277,52.8226,53.26,115180,0
2018-03-08,53.29,53.55,53.09,53.38,34635,0
2018-03-09,53.73,54.26,53.73,54.23,33516,0
2018-03-12,54.28,54.4,54.15,54.29,119292,0
2018-03-13,54.5,54.5,53.65,53.76,25790,0
2018-03-14,54.051,54.1535,53.63,53.8,17112,0
2018-03-15,54.26,54.26,53.75,54.01,25581,0
2018-03-16,53.62,53.98,53.62,53.8,33518,0
2018-03-19,53.4,53.6,53,53.2,23754,0
2018-03-20,53.6951,53.72,53.4,53.5,52696,0
2018-03-21,53.5,53.96,53.39,53.67,10495,0
2018-03-22,52.84,52.9911,52.4,52.42,11830,0
2018-03-23,52.42,52.42,51.34,51.5,39909,0
2018-03-26,52.74,53.15,52.37,53.02,30947,0
2018-03-27,53.3,53.3,52.39,52.47,10917,0
2018-03-28,52.65,52.66,52.28,52.55,333692,0
2018-03-29,52.74,53.5299,52.74,53.35,29612,0
