Date,Open,High,Low,Close,Volume,OpenInt
2015-06-03,376.59,377.19,376.59,377.19,120,0
2015-06-04,386.98,386.98,386.58,386.58,70,0
2015-06-05,380.19,380.19,363.21,365.51,451,0
2015-06-08,360.51,372,356.42,364.31,791,0
2015-06-09,374.49,389.97,374.49,381.08,1423,0
2015-06-10,382.78,386.98,371,374.59,942,0
2015-06-11,369.5,374.19,363.61,363.61,390,0
2015-06-12,374.19,383.48,373.99,379.49,1182,0
2015-06-15,388.28,399.46,376.79,379.89,651,0
2015-06-16,381.48,381.48,366.5,368.5,1071,0
2015-06-17,367.5,367.5,354.72,358.62,6299,0
2015-06-18,350.03,350.03,323.56,328.96,7340,0
2015-06-19,326.56,335.75,322.96,323.26,4276,0
2015-06-22,311.68,316.17,294.8,295.3,6539,0
2015-06-23,290.41,306.19,288.71,297.5,6533,0
2015-06-24,297.4,319.17,296,315.67,12297,0
2015-06-25,308.38,333.45,307.08,323.16,12637,0
2015-06-26,323.16,346.23,315.57,329.55,8111,0
2015-06-29,344.04,363.31,333.15,363.11,13658,0
2015-06-30,338.14,344.53,311.38,314.47,23204,0
2015-07-01,302.39,333.65,300.19,326.36,10444,0
2015-07-02,306.29,340.04,306.29,334.35,6919,0
2015-07-06,345.93,351.03,311.48,320.57,6188,0
2015-07-07,319.87,345.03,316.77,316.97,14119,0
2015-07-08,330.75,353.72,326.76,353.12,7010,0
2015-07-09,338.54,346.13,325.56,329.45,3945,0
2015-07-10,315.47,327.26,306.49,307.08,5337,0
2015-07-13,299,299,280.12,284.42,11245,0
2015-07-14,284.42,285.61,262.65,264.44,13808,0
2015-07-15,256.15,269.64,248.36,266.54,22428,0
2015-07-16,257.35,263.34,249.46,251.26,12497,0
2015-07-17,249.66,259.15,246.07,246.27,16643,0
2015-07-20,239.78,253.66,239.68,246.67,13438,0
2015-07-21,247.17,268.44,247.17,258.25,23782,0
2015-07-22,274.63,277.62,253.46,255.45,12857,0
2015-07-23,253.86,263.94,246.97,262.84,15891,0
2015-07-24,271.63,292.6,260.35,291.31,26416,0
2015-07-27,299.2,316.57,297.7,303.29,23392,0
2015-07-28,290.91,309.38,274.53,279.12,20798,0
2015-07-29,268.44,304.69,268.44,296.3,25014,0
2015-07-30,299.79,320.87,293.4,299,21249,0
2015-07-31,300.19,302.89,276.03,288.21,18205,0
2015-08-03,287.31,297.7,274.73,288.51,24724,0
2015-08-04,286.51,292.3,279.62,288.71,14389,0
2015-08-05,275.93,287.81,273.23,284.32,16472,0
2015-08-06,285.31,333.85,285.31,327.96,32545,0
2015-08-07,329.45,375.39,329.45,352.22,55215,0
2015-08-10,335.05,347.93,324.86,342.44,23992,0
2015-08-11,359.51,379.39,331.55,366.8,26311,0
2015-08-12,380.59,406.95,348.73,354.12,35007,0
2015-08-13,349.83,377.69,339.74,377.69,12327,0
2015-08-14,375.49,409.65,368.8,388.57,18986,0
2015-08-17,402.76,405.55,341.54,344.13,20558,0
2015-08-18,350.73,367.5,343.94,367,18074,0
2015-08-19,379.39,397.26,367,380.09,23702,0
2015-08-20,399.46,444.6,383.28,443.7,49096,0
2015-08-21,476.26,486.84,401.86,442.5,74631,0
2015-08-24,554.75,585.51,436.61,511.11,72467,0
2015-08-25,419.83,499.23,415.24,499.23,54744,0
2015-08-26,455.48,513.51,419.43,419.83,51089,0
2015-08-27,389.97,415.74,379.49,386.18,44110,0
2015-08-28,387.98,393.97,360.71,360.71,33255,0
2015-08-31,370.2,395.67,349.53,394.07,60412,0
2015-09-01,429.82,432.42,398.96,427.92,79327,0
2015-09-02,404.95,427.22,373.69,373.79,29250,0
2015-09-03,375.69,408.15,361.01,408.15,22260,0
2015-09-04,429.92,429.92,385.08,400.16,35919,0
2015-09-08,371.5,389.17,349.53,349.73,27067,0
2015-09-09,338.34,378.09,335.45,375.99,25605,0
2015-09-10,383.48,383.48,343.24,345.23,22543,0
2015-09-11,347.43,358.32,328.66,329.45,23131,0
2015-09-14,326.76,346.63,324.56,331.05,18986,0
2015-09-15,329.55,335.55,317.07,321.37,18455,0
2015-09-16,321.57,342.54,311.58,331.15,17273,0
2015-09-17,331.65,337.84,287.91,298.6,39583,0
2015-09-18,315.67,321.07,297.6,301.39,28639,0
2015-09-21,291.61,360.31,291.61,349.73,88289,0
2015-09-22,370.3,392.87,356.02,372.2,70175,0
2015-09-23,374.49,392.37,352.72,375.49,41636,0
2015-09-24,387.88,423.73,379.19,386.18,56182,0
2015-09-25,366.6,490.54,365.51,466.57,132739,0
2015-09-28,487.44,596.19,476.76,569.53,200377,0
2015-09-29,569.33,663.1,515.8,638.14,149652,0
2015-09-30,582.11,632.64,540.27,571.13,120092,0
2015-10-01,569.03,621.96,559.04,562.44,81290,0
2015-10-02,607.38,615.57,474.66,479.15,111230,0
2015-10-05,440.8,503.62,429.92,467.27,92857,0
2015-10-06,474.76,582.11,473.76,526.69,117118,0
2015-10-07,519.2,570.13,471.86,499.82,95559,0
2015-10-08,511.91,564.44,502.02,515.5,85015,0
2015-10-09,514.4,537.47,469.37,488.34,100386,0
2015-10-12,479.35,511.41,468.47,504.32,47229,0
2015-10-13,520.2,569.43,475.76,568.63,102659,0
2015-10-14,545.06,582.51,508.21,549.86,96350,0
2015-10-15,564.24,564.24,432.32,434.71,162439,0
2015-10-16,431.42,458.98,409.45,437.51,119151,0
2015-10-19,440.3,471.36,391.07,425.62,147049,0
2015-10-20,426.52,476.36,423.89,468.57,89730,0
2015-10-21,448.59,513.91,439.41,471.86,175036,0
2015-10-22,462.47,506.02,445.3,472.86,91864,0
2015-10-23,452.89,465.97,430.32,437.81,96100,0
2015-10-26,441.5,456.18,406.15,435.91,89871,0
2015-10-27,426.62,437.01,404.55,405.25,84614,0
2015-10-28,412.14,435.81,373.89,374.59,126170,0
2015-10-29,375.39,405.05,356.32,400.96,121845,0
2015-10-30,398.56,423.53,394.97,411.34,57197,0
2015-11-02,406.05,406.05,331.35,331.35,208289,0
2015-11-03,338.54,353.02,312.08,324.36,142012,0
2015-11-04,316.57,337.04,312.68,318.67,110789,0
2015-11-05,327.46,347.13,323.36,333.65,96500,0
2015-11-06,333.95,365.11,329.55,335.25,143984,0
2015-11-09,343.64,343.64,321.57,326.76,75189,0
2015-11-10,329.35,349.33,328.66,330.15,65248,0
2015-11-11,329.35,347.33,325.76,346.63,81540,0
2015-11-12,358.32,372.3,344.53,369.5,105673,0
2015-11-13,375.99,385.28,344.93,360.91,141391,0
2015-11-16,378.09,398.26,362.01,374.39,126120,0
2015-11-17,371.1,386.28,344.73,366.01,114925,0
2015-11-18,357.32,365.11,329.55,331.75,85936,0
2015-11-19,330.15,354.02,324.56,350.63,87989,0
2015-11-20,344.53,349.83,334.95,346.03,51810,0
2015-11-23,344.63,346.13,320.67,329.65,76013,0
2015-11-24,336.55,340.04,323.36,326.16,68803,0
2015-11-25,326.16,326.16,301.69,306.79,64587,0
2015-11-27,303.69,306.79,292.11,295.7,32143,0
2015-11-30,295.6,317.57,288.51,306.49,94047,0
2015-12-01,300.59,323.56,299.79,308.38,64169,0
2015-12-02,311.48,315.57,293.4,313.68,51529,0
2015-12-03,309.58,357.02,307.18,350.33,92335,0
2015-12-04,347.03,361.31,329.06,329.75,56887,0
2015-12-07,334.55,368.6,333.85,366.8,53522,0
2015-12-08,379.59,383.58,340.04,343.74,56054,0
2015-12-09,350.53,376.89,346.63,369.3,62695,0
2015-12-10,367.6,373.4,351.13,353.52,27737,0
2015-12-11,366.5,395.86,359.51,394.97,63646,0
2015-12-14,391.27,424.43,377.09,405.95,82133,0
2015-12-15,394.47,394.47,363.31,370.5,40214,0
2015-12-16,359.51,362.31,322.16,323.96,53683,0
2015-12-17,316.57,343.84,314.38,334.05,54033,0
2015-12-18,341.84,341.84,313.08,329.85,54754,0
2015-12-21,322.56,337.94,316.17,316.77,39303,0
2015-12-22,312.08,331.85,309.68,321.07,38768,0
2015-12-23,314.28,318.37,304.59,307.08,35137,0
2015-12-24,309.68,309.68,301.09,305.09,9869,0
2015-12-28,320.57,325.46,311.08,316.27,61999,0
2015-12-29,308.58,311.01,294.1,295.1,43888,0
2015-12-30,301.89,304.69,290.61,304.19,33532,0
2015-12-31,307.58,313.58,301.59,310.48,28572,0
2016-01-04,330.55,349.53,325.36,341.84,112414,0
2016-01-05,341.34,357.92,331.95,351.13,41001,0
2016-01-06,371.3,408.45,369,396.66,78520,0
2016-01-07,429.12,451.69,414.04,444.2,74412,0
2016-01-08,416.84,474.36,407.75,470.46,61540,0
2016-01-11,462.28,587.21,453.29,549.36,110692,0
2016-01-12,518,579.22,458.28,500.42,108454,0
2016-01-13,484.05,609.78,482.25,606.28,105780,0
2016-01-14,585.41,689.46,510.71,534.48,127353,0
2016-01-15,617.96,643.33,581.61,583.11,73663,0
2016-01-19,555.15,686.77,544.56,653.02,92945,0
2016-01-20,704.35,744.89,536.69,566.63,112199,0
2016-01-21,568.93,615.07,525.79,609.28,97601,0
2016-01-22,553.75,598.79,539.47,556.95,52298,0
2016-01-25,577.22,583.61,519.46,580.12,43376,0
2016-01-26,572.13,649.11,566.88,598.29,60830,0
2016-01-27,583.71,690.22,575.22,679.78,59607,0
2016-01-28,655.21,785.64,641.53,755.38,74439,0
2016-01-29,772.96,794.71,689.07,715.83,63367,0
2016-02-01,737,776.85,677.88,693.36,60638,0
2016-02-02,735.71,790.72,720.83,768.76,65550,0
2016-02-03,750.59,878.01,732.79,756.08,74048,0
2016-02-04,782.94,793.41,640.23,716.83,76020,0
2016-02-05,724.42,820.53,712.24,792.13,52533,0
2016-02-08,863.83,960,849.55,926.75,61750,0
2016-02-09,1024.5,1034.8,820.89,917.96,77473,0
2016-02-10,884.01,919.96,788.93,912.57,78389,0
2016-02-11,963.8,1008.6,901.68,929.54,52772,0
2016-02-12,880.81,981.17,840.66,842.66,58374,0
2016-02-16,788.53,795.92,741.4,742.8,55831,0
2016-02-17,710.84,738.8,645.42,650.52,93561,0
2016-02-18,631.45,724.12,631.45,719.43,71863,0
2016-02-19,739,762.6,677.68,679.18,72286,0
2016-02-22,642.13,671.39,622.69,657.22,45530,0
2016-02-23,683.68,746.09,667.97,745.09,51144,0
2016-02-24,790.03,831.48,718.13,725.32,67613,0
2016-02-25,702.45,762.57,685.08,738.5,43559,0
2016-02-26,713.04,745.39,679.08,700.05,51196,0
2016-02-29,698.96,758.24,683.58,755.18,44144,0
2016-03-01,732.61,764.87,646.83,649.12,52950,0
2016-03-02,658.11,658.11,567.33,570.93,85572,0
2016-03-03,568.23,601.69,558.64,588.21,61276,0
2016-03-04,593.7,606.38,531.28,578.92,67463,0
2016-03-07,591.4,605.78,491.34,516.9,97747,0
2016-03-08,524.29,605.68,517.3,602.19,89938,0
2016-03-09,579.22,652.02,571.73,614.87,77436,0
2016-03-10,596.19,674.49,569.23,649.12,81273,0
2016-03-11,619.66,641.93,579.22,582.01,55228,0
2016-03-14,591.3,591.3,544.66,563.74,41294,0
2016-03-15,585.91,664.93,582.51,657.91,102004,0
2016-03-16,663.1,723.82,629.15,681.08,67127,0
2016-03-17,684.18,751.38,648.22,674.79,58927,0
2016-03-18,659.31,704.65,600.49,623.66,74510,0
2016-03-21,636.34,636.34,559.24,577.22,68544,0
2016-03-22,587.21,588.9,509.31,521.79,100022,0
2016-03-23,522.29,602.69,504.02,596.29,83499,0
2016-03-24,636.14,654.88,553.95,592.4,86729,0
2016-03-28,579.22,623.86,568.53,615.47,50107,0
2016-03-29,627.15,670.79,567.38,569.23,60955,0
2016-03-30,549.26,597.49,514.3,584.91,71404,0
2016-03-31,573.92,582.91,504.02,532.58,155326,0
2016-04-01,550.26,557.68,481.85,484.74,169938,0
2016-04-04,476.86,482.37,434.41,466.07,136589,0
2016-04-05,482.95,489.04,440.81,466.87,111431,0
2016-04-06,457.38,459.38,368,368,271567,0
2016-04-07,374.29,398.56,353.6,383.78,318044,0
2016-04-08,362.71,417.69,362.71,402.16,187405,0
2016-04-11,389.57,438.11,389.57,432.91,129772,0
2016-04-12,429.42,457.04,413.24,420.03,132540,0
2016-04-13,406.45,423.01,386.38,389.67,90516,0
2016-04-14,386.98,398.76,374.49,381.68,77459,0
2016-04-15,385.48,399.86,379.49,383.98,78913,0
2016-04-18,391.47,394.97,359.51,368.6,90640,0
2016-04-19,369.5,396.86,362.21,388.47,106090,0
2016-04-20,380.99,399.06,373.5,387.78,101976,0
2016-04-21,389.47,398.26,362.91,366.21,103734,0
2016-04-22,365.91,386.38,356.32,356.52,112704,0
2016-04-25,356.52,365.91,348.03,361.71,75909,0
2016-04-26,365.01,406.8,364.31,389.97,84689,0
2016-04-27,398.66,417.34,391.77,403.45,73654,0
2016-04-28,410.45,420.43,373.89,409.95,118050,0
2016-04-29,413.54,444.1,404.95,437.81,107996,0
2016-05-02,429.42,454.39,409.35,410.65,77491,0
2016-05-03,425.72,458.98,419.83,458.98,109204,0
2016-05-04,471.16,515.8,464.37,514.4,143472,0
2016-05-05,500.32,540.47,497.83,523.39,95489,0
2016-05-06,533.88,553.85,504.02,525.39,134590,0
2016-05-09,523.29,523.29,449.39,466.77,133294,0
2016-05-10,456.28,491.14,454.1,461.18,69457,0
2016-05-11,465.47,510.51,456.38,509.25,92294,0
2016-05-12,495.23,557.55,490.74,540.07,131812,0
2016-05-13,547.26,547.26,492.83,511.51,111388,0
2016-05-16,489.94,494.63,441.9,447.1,152144,0
2016-05-17,451.79,461.87,429.4,454.78,130712,0
2016-05-18,464.27,464.27,417.94,427.12,131039,0
2016-05-19,429.62,455.08,409.95,442.6,105595,0
2016-05-20,433.41,438.02,405.05,406.05,106456,0
2016-05-23,405.45,405.93,375.88,389.17,111547,0
2016-05-24,372,382.48,363.11,366.11,140729,0
2016-05-25,354.72,361.01,342.44,348.53,147951,0
2016-05-26,347.43,363.51,347.43,359.11,126838,0
2016-05-27,355.62,368,345.83,346.63,89403,0
2016-05-31,336.94,337.04,316.77,324.06,186002,0
2016-06-01,329.26,333.25,315.07,321.67,113507,0
2016-06-02,323.26,323.26,294.2,294.8,221579,0
2016-06-03,294.8,328.96,294.7,321.47,275850,0
2016-06-06,317.67,338.24,292.11,294.7,206224,0
2016-06-07,304.69,314.67,299.4,309.88,159994,0
2016-06-08,305.39,318.67,304.19,307.58,129906,0
2016-06-09,317.07,335.45,305.09,335.35,239649,0
2016-06-10,352.02,364.51,345.43,357.52,296886,0
2016-06-13,368.2,378.19,347.53,375.39,219623,0
2016-06-14,378.19,398.46,363.01,378.99,176479,0
2016-06-15,371.9,378.19,360.11,375.35,129238,0
2016-06-16,384.28,395.1,372.4,373.4,156540,0
2016-06-17,368.5,405.35,367.1,403.35,155910,0
2016-06-20,379.59,394.87,370,385.38,164999,0
2016-06-21,380.49,417.44,379.49,404.65,185896,0
2016-06-22,405.75,419.33,372.5,402.26,226822,0
2016-06-23,388.67,401.77,371.71,373.5,119184,0
2016-06-24,414.44,427.67,396.16,427.52,167580,0
2016-06-27,443.4,486.74,423.73,482.35,191355,0
2016-06-28,448.79,456.88,411.74,414.04,149261,0
2016-06-29,387.38,395.47,361.41,365.21,197971,0
2016-06-30,369.2,386.88,357.02,365.51,166266,0
2016-07-01,373.1,373.24,328.96,329.85,197291,0
2016-07-05,341.34,350.13,334.85,341.24,151763,0
2016-07-06,349.13,351.52,314.08,315.67,191075,0
2016-07-07,307.98,320.47,301.32,306.79,142022,0
2016-07-08,306.89,313.88,292.5,298.1,98769,0
2016-07-11,291.71,302.09,288.61,301.99,129368,0
2016-07-12,291.71,295.8,284.62,293.4,188338,0
2016-07-13,285.91,320.07,284.32,318.87,231327,0
2016-07-14,310.48,324.76,306.99,318.57,170851,0
2016-07-15,318.87,321.57,300.79,302.49,194228,0
2016-07-18,299.6,308.06,294.1,296.9,130204,0
2016-07-19,300.79,317.07,292.6,314.47,196916,0
2016-07-20,309.78,311.18,280.72,282.02,270562,0
2016-07-21,272.63,283.02,262.41,274.63,304878,0
2016-07-22,269.64,277.4,262.45,267.54,189115,0
2016-07-25,264.54,276.43,262.65,264.74,254231,0
2016-07-26,269.64,272.03,257.45,259.85,268712,0
2016-07-27,256.25,257.35,234.88,236.48,276530,0
2016-07-28,236.98,248.76,232.19,240.87,312779,0
2016-07-29,245.17,247.37,230.69,231.59,278824,0
2016-08-01,225.6,227.09,205.22,215.41,451904,0
2016-08-02,215.51,233.78,210.77,220.6,484021,0
2016-08-03,223.3,224.2,206.02,206.82,326298,0
2016-08-04,204.52,215.47,200.43,213.61,339355,0
2016-08-05,212.51,216.01,205.3,207.72,238403,0
2016-08-08,206.42,222.2,204.52,219.4,316467,0
2016-08-09,217.61,225.1,216.31,220.3,271183,0
2016-08-10,221.1,241.37,221,240.18,367588,0
2016-08-11,236.78,244.07,225.69,228.45,333760,0
2016-08-12,232.19,233.58,220.6,222.4,284875,0
2016-08-15,218.6,219.7,208.72,212.71,176329,0
2016-08-16,215.61,224.9,214.31,224.1,307205,0
2016-08-17,224,232.75,222.7,227.59,343230,0
2016-08-18,228.49,233.16,221.3,224.7,191572,0
2016-08-19,228.19,232.99,224.8,228.59,207464,0
2016-08-22,222.3,226.59,209.52,209.82,363122,0
2016-08-23,204.32,210.72,203.62,207.42,235511,0
2016-08-24,207.62,237.08,196.63,233.48,806193,0
2016-08-25,227.49,255.65,223,241.37,651036,0
2016-08-26,240.77,244.07,224.7,232.79,505008,0
2016-08-29,230.49,240.32,229.29,233.78,303731,0
2016-08-30,234.28,239.28,225.5,235.65,290506,0
2016-08-31,237.68,247.87,234.38,243.87,348157,0
2016-09-01,242.77,250.86,238.28,240.87,309469,0
2016-09-02,239.58,248.06,234.98,243.17,301373,0
2016-09-06,237.08,237.08,220.9,224.4,313961,0
2016-09-07,222.1,222.7,210.42,213.31,205435,0
2016-09-08,213.81,219.2,203.52,204.92,270464,0
2016-09-09,215.01,227.59,208.32,227.59,422823,0
2016-09-12,232.19,232.29,202.53,202.53,385458,0
2016-09-13,209.22,221.52,207.06,212.01,291266,0
2016-09-14,208.12,209.82,190.84,196.63,381939,0
2016-09-15,193.44,201.98,186.25,188.15,319622,0
2016-09-16,193.74,198.03,188.1,190.04,348741,0
2016-09-19,184.75,190.64,168.77,178.66,492308,0
2016-09-20,172.77,172.77,162.98,166.18,472204,0
2016-09-21,163.28,175.26,158.39,159.78,620292,0
2016-09-22,155.89,163.28,154.59,155.59,491648,0
2016-09-23,157.69,160.88,153.39,160.48,470873,0
2016-09-26,162.78,165.18,160.18,162.58,333154,0
2016-09-27,162.98,164.58,154.99,156.49,336500,0
2016-09-28,154.79,167.17,153.79,162.38,375088,0
2016-09-29,163.78,180.56,162.38,178.96,487095,0
2016-09-30,177.46,185.35,169.77,172.47,452640,0
2016-10-03,176.36,181.65,173.27,173.67,321318,0
2016-10-04,177.66,180.06,169.07,177.16,284127,0
2016-10-05,175.56,177.15,164.28,168.57,280074,0
2016-10-06,175.86,185.55,175.86,184.35,383954,0
2016-10-07,184.95,194.54,182.16,188.25,246459,0
2016-10-10,182.45,182.95,174.36,177.16,195555,0
2016-10-11,182.05,198.23,176.26,193.14,386838,0
2016-10-12,193.14,213.81,190.35,212.81,413868,0
2016-10-13,220.7,221.2,206.02,212.71,377685,0
2016-10-14,205.22,231.89,204.22,231.89,359017,0
2016-10-17,230.69,244.47,227.59,236.48,407651,0
2016-10-18,225.69,229.39,219.01,227.29,252180,0
2016-10-19,223.9,239.38,223.9,238.28,227783,0
2016-10-20,240.18,240.38,223,225.5,254304,0
2016-10-21,225.69,232.15,218.9,227.09,190037,0
2016-10-24,222.7,234.68,222.7,234.08,155565,0
2016-10-25,234.48,242.87,228.99,240.08,234476,0
2016-10-26,241.07,252.86,233.98,248.06,239796,0
2016-10-27,239.28,259.67,235.58,258.55,260893,0
2016-10-28,262.35,277.13,251.26,263.44,428641,0
2016-10-31,263.84,273.83,259.95,273.23,142194,0
2016-11-01,271.53,283.22,260.46,263.04,234044,0
2016-11-02,268.34,281.62,265.24,281.32,223589,0
2016-11-03,280.42,316.57,275.13,314.57,385212,0
2016-11-04,311.68,311.68,278.33,285.81,332042,0
2016-11-07,260.65,270.83,244.67,244.67,296624,0
2016-11-08,255.35,256.85,231.84,240.97,293342,0
2016-11-09,188.65,198.38,157.79,161.58,962187,0
2016-11-10,152.29,162.78,141.01,149.6,875048,0
2016-11-11,154.29,157.59,144.5,146,489076,0
2016-11-14,144.8,151.4,133.32,133.82,574387,0
2016-11-15,136.32,143.11,134.62,136.62,440416,0
2016-11-16,140.31,150,135.32,149.7,642518,0
2016-11-17,147.3,153.49,140.61,142.01,620783,0
2016-11-18,141.11,149.5,138.55,145.9,441444,0
2016-11-21,145.4,148.6,142.31,142.91,327314,0
2016-11-22,142.31,156.19,141.11,154.29,569104,0
2016-11-23,169.27,170.87,145.4,145.7,799323,0
2016-11-25,144.8,151.3,141.31,141.81,237198,0
2016-11-28,144.7,155.49,142.81,154.79,450936,0
2016-11-29,154.89,159.58,148.18,153.09,425018,0
2016-11-30,150.8,166.77,150.4,166.77,432415,0
2016-12-01,163.98,179.36,160.98,178.16,578671,0
2016-12-02,179.76,183.45,165.38,172.77,448215,0
2016-12-05,166.28,171.77,156.59,161.28,711876,0
2016-12-06,158.99,165.18,151.5,151.89,362763,0
2016-12-07,163.08,178.36,159.28,170.17,595760,0
2016-12-08,172.27,181.64,167.32,167.77,434294,0
2016-12-09,162.68,170.07,154.29,169.37,457020,0
2016-12-12,175.06,181.26,173.53,176.86,262302,0
2016-12-13,175.76,178.46,171.37,177.86,190738,0
2016-12-14,179.06,184.15,172.57,177.56,334640,0
2016-12-15,175.26,178.76,168.37,168.77,245984,0
2016-12-16,170.37,170.37,162.28,167.97,230608,0
2016-12-19,167.97,176.72,162.38,175.76,249411,0
2016-12-20,173.77,173.77,167.61,169.57,218653,0
2016-12-21,169.47,179.96,168.47,179.46,210076,0
2016-12-22,178.56,192.64,178.46,188.55,378684,0
2016-12-23,189.74,191.44,167.86,168.67,411714,0
2016-12-27,167.97,173.96,162.58,173.67,202449,0
2016-12-28,172.97,181.55,172.77,180.56,262650,0
2016-12-29,180.16,187.75,177.26,184.95,226227,0
2016-12-30,185.75,192.04,181.45,189.24,214829,0
2017-01-03,181.75,194.24,178.26,185.05,261707,0
2017-01-04,184.15,184.55,158.59,159.88,539463,0
2017-01-05,157.99,165.08,155.09,158.29,321513,0
2017-01-06,157.29,157.29,148.1,151.89,344272,0
2017-01-09,140.81,146.6,135.32,137.81,495574,0
2017-01-10,136.02,146.2,134.82,135.32,435826,0
2017-01-11,136.42,153.29,133.82,149.4,1049600,0
2017-01-12,155.09,155.59,139.01,142.11,679315,0
2017-01-13,141.81,142.6,133.22,138.51,595692,0
2017-01-17,141.41,149.8,141.41,148.4,442632,0
2017-01-18,146.3,148.2,142.11,142.51,253721,0
2017-01-19,143.01,148.8,142.01,146.6,223211,0
2017-01-20,145.3,150.9,143.71,149.6,240685,0
2017-01-23,150.7,158.09,147.8,155.29,371337,0
2017-01-24,155.79,164.58,153.09,154.59,394788,0
2017-01-25,150.2,156.09,149.3,152.69,414189,0
2017-01-26,151.2,156.29,146.99,153.19,406900,0
2017-01-27,153.89,153.89,147.4,147.8,215414,0
2017-01-30,151.1,159.58,150.1,155.09,374366,0
2017-01-31,158.59,161.58,135.42,136.12,799091,0
2017-02-01,134.82,139.51,134.02,135.02,504846,0
2017-02-02,137.11,139.81,133.32,134.92,447296,0
2017-02-03,132.32,137.01,128.93,129.43,418559,0
2017-02-06,130.32,132.72,128.33,129.82,313314,0
2017-02-07,128.83,135.02,128.33,132.82,326237,0
2017-02-08,134.92,137.61,128.08,129.52,540912,0
2017-02-09,129.82,129.82,122.04,122.63,540898,0
2017-02-10,122.43,124.83,120.84,124.23,268470,0
2017-02-13,121.84,124.33,119.94,123.13,221967,0
2017-02-14,123.23,124.75,116.94,117.34,453879,0
2017-02-15,118.24,118.64,111.15,111.75,490784,0
2017-02-16,111.85,117.84,108.05,113.55,613220,0
2017-02-17,115.04,116.43,109.55,109.95,355781,0
2017-02-21,108.85,112.75,107.65,112.05,286026,0
2017-02-22,113.75,118.14,111.35,117.94,273812,0
2017-02-23,116.74,125.63,116.74,121.04,442540,0
2017-02-24,124.83,125.71,119.61,120.34,297147,0
2017-02-27,119.94,121.14,102.71,103.26,624811,0
2017-02-28,105.26,107.55,99.67,104.46,515795,0
2017-03-01,99.96,103.66,97.37,98.67,610371,0
2017-03-02,99.87,102.66,94.872,102.36,848362,0
2017-03-03,101.76,102.36,98.38,98.97,478757,0
2017-03-06,100.46,104.16,99.87,101.36,418181,0
2017-03-07,105.86,108.25,102.56,106.66,595953,0
2017-03-08,105.06,105.86,97.57,101.86,784321,0
2017-03-09,100.86,103.76,97.67,100.26,508525,0
2017-03-10,97.77,103.16,97.67,97.97,346693,0
2017-03-13,98.57,101.06,96.87,97.57,349300,0
2017-03-14,98.87,102.07,98.37,100.86,427164,0
2017-03-15,99.77,100.66,93.174,94.273,633832,0
2017-03-16,94.472,98.67,94.173,97.67,403184,0
2017-03-17,99.96,101.06,96.98,99.37,323423,0
2017-03-20,99.96,101.56,97.87,98.67,259071,0
2017-03-21,97.67,113.25,97.17,112.95,942482,0
2017-03-22,112.45,114.52,107.85,109.25,549639,0
2017-03-23,109.95,111.75,105.67,110.65,379509,0
2017-03-24,109.35,110.85,106.26,107.75,352637,0
2017-03-27,111.75,112.55,101.86,102.86,539480,0
2017-03-28,103.86,106.36,100.16,104.86,266287,0
2017-03-29,105.36,105.36,99.47,103.26,390008,0
2017-03-30,103.16,107.85,103.06,105.06,248677,0
2017-03-31,105.26,107.07,103.46,104.56,127224,0
2017-04-03,104.46,109.4,101.67,109.35,220270,0
2017-04-04,110.55,110.65,106.26,109.35,211463,0
2017-04-05,108.05,117.74,105.96,115.84,386797,0
2017-04-06,114.55,120.64,114.55,116.24,436399,0
2017-04-07,117.24,118.74,113.35,113.75,310098,0
2017-04-10,113.35,114.35,109.15,113.75,362262,0
2017-04-11,114.74,119.24,112.65,115.24,289163,0
2017-04-12,113.95,115.04,110.65,112.95,253251,0
2017-04-13,114.65,114.65,105.96,107.55,503472,0
2017-04-17,107.75,110.15,105.56,106.66,183311,0
2017-04-18,107.65,112.75,107.65,110.95,211581,0
2017-04-19,109.75,111.35,105.76,109.45,264276,0
2017-04-20,108.75,110.45,106.16,107.26,176202,0
2017-04-21,107.35,111.45,106.55,109.95,257868,0
2017-04-24,107.06,108.15,103.46,104.16,365155,0
2017-04-25,101.66,102.66,95.97,97.77,392649,0
2017-04-26,97.87,99.17,96.37,98.07,227549,0
2017-04-27,97.07,98.17,93.574,95.37,356904,0
2017-04-28,95.47,96.87,93.312,94.173,241266,0
2017-05-01,93.474,94.173,91.377,91.476,235809,0
2017-05-02,91.077,98.37,90.677,96.47,352050,0
2017-05-03,97.27,99.67,95.98,97.97,198040,0
2017-05-04,96.87,99.87,95.67,96.97,244008,0
2017-05-05,97.87,102.36,97.58,99.17,227751,0
2017-05-08,99.67,108.35,99.67,107.45,299371,0
2017-05-09,106.56,107.16,101.75,102.16,220854,0
2017-05-10,102.96,106.36,101.76,102.96,232971,0
2017-05-11,103.86,107.35,101.86,103.26,264568,0
2017-05-12,103.36,104.96,98.07,98.97,391409,0
2017-05-15,98.27,99.17,96.47,98.27,221657,0
2017-05-16,97.37,99.27,96.02,96.47,265269,0
2017-05-17,99.96,105.36,99.37,105.16,425578,0
2017-05-18,104.86,105.56,97.17,98.27,469847,0
2017-05-19,97.97,102.66,94.972,101.86,377213,0
2017-05-22,101.26,103.46,97.97,99.47,267384,0
2017-05-23,99.27,101.96,98.87,99.77,209454,0
2017-05-24,99.57,102.45,96.02,97.37,389505,0
2017-05-25,96.17,99.77,95.87,98.97,298482,0
2017-05-26,100.06,104.26,98.77,103.46,260997,0
2017-05-30,103.96,110.15,102.96,109.15,317044,0
2017-05-31,107.06,113.05,106.56,107.65,292604,0
2017-06-01,106.76,106.86,97.87,98.87,492427,0
2017-06-02,98.67,98.71,91.876,92.675,671888,0
2017-06-05,90.877,96.48,90.078,94.073,561743,0
2017-06-06,95.17,95.97,91.077,94.173,348633,0
2017-06-07,93.574,95.47,91.876,93.274,317080,0
2017-06-08,92.675,93.959,89.978,90.478,417729,0
2017-06-09,90.478,93.873,86.184,91.077,784298,0
2017-06-12,92.175,96.87,90.677,91.676,575580,0
2017-06-13,90.378,92.474,88.68,88.88,473557,0
2017-06-14,88.88,89.479,84.985,86.783,749324,0
2017-06-15,89.179,92.775,87.182,90.278,627826,0
2017-06-16,89.879,93.273,89.579,89.978,393587,0
2017-06-19,87.382,87.382,79.093,79.992,1072293,0
2017-06-20,80.192,80.391,72.395,77.395,1039938,0
2017-06-21,74.499,75.897,66.51,66.71,1684549,0
2017-06-22,65.312,67.409,62.216,64.713,1575003,0
2017-06-23,65.811,67.409,61.717,62.016,1523015,0
2017-06-26,60.918,64.613,60.818,62.416,1057410,0
2017-06-27,63.115,69.306,62.216,69.107,1466316,0
2017-06-28,67.708,69.906,63.115,63.814,1291040,0
2017-06-29,64.013,68.409,63.414,66.211,1208498,0
2017-06-30,66.61,69.706,66.61,68.907,700546,0
2017-07-03,68.208,69.007,65.911,66.91,272490,0
2017-07-05,67.309,67.309,62.615,63.115,663659,0
2017-07-06,64.912,67.509,63.514,66.71,770464,0
2017-07-07,65.012,66.81,64.713,65.911,448292,0
2017-07-10,65.911,69.306,65.412,68.607,453477,0
2017-07-11,68.008,68.507,65.961,66.81,446433,0
2017-07-12,65.212,66.61,64.513,64.812,403769,0
2017-07-13,64.812,68.308,61.916,63.614,562014,0
2017-07-14,63.714,64.168,61.816,63.814,367026,0
2017-07-17,63.414,65.511,62.016,65.511,364134,0
2017-07-18,66.011,66.91,64.912,65.711,385159,0
2017-07-19,63.414,64.513,61.517,63.514,438322,0
2017-07-20,62.715,63.015,59.22,60.718,885923,0
2017-07-21,61.217,61.255,58.92,59.719,489485,0
2017-07-24,59.719,60.618,57.323,57.323,542869,0
2017-07-25,56.024,60.718,56.024,59.619,687672,0
2017-07-26,59.919,59.919,58.121,59.22,355561,0
2017-07-27,58.321,65.412,58.022,63.814,918608,0
2017-07-28,65.312,65.312,61.018,61.417,465995,0
2017-07-31,61.617,65.212,61.317,65.112,523914,0
2017-08-01,64.013,69.506,63.814,67.808,746212,0
2017-08-02,67.109,71.403,66.211,67.609,571907,0
2017-08-03,67.609,69.806,67.009,68.507,453068,0
2017-08-04,67.509,68.309,64.713,64.912,489136,0
2017-08-07,64.713,66.011,63.814,64.313,305774,0
2017-08-08,64.113,66.81,62.715,66.111,497605,0
2017-08-09,67.708,67.908,64.713,67.209,557592,0
2017-08-10,68.308,74.899,68.208,74.499,967261,0
2017-08-11,74.2,74.699,70.405,70.704,635018,0
2017-08-14,68.707,69.706,67.509,68.807,402005,0
2017-08-15,67.509,69.606,67.309,68.507,279337,0
2017-08-16,68.308,68.963,66.41,68.507,521577,0
2017-08-17,69.107,72.602,67.309,72.502,717198,0
2017-08-18,72.901,74.293,70.704,72.602,476445,0
2017-08-21,72.901,74.2,71.104,71.603,384653,0
2017-08-22,70.305,70.605,66.011,66.41,487949,0
2017-08-23,67.908,68.208,65.012,67.009,439950,0
2017-08-24,66.011,67.399,62.416,62.715,750531,0
2017-08-25,62.416,65.162,61.916,64.713,375578,0
2017-08-28,61.517,61.517,58.421,58.621,715701,0
2017-08-29,60.518,61.117,56.923,57.822,670049,0
2017-08-30,57.522,58.129,54.526,55.725,643511,0
2017-08-31,55.325,55.325,50.332,50.931,1191878,0
2017-09-01,50.632,51.98,49.134,49.533,1139401,0
2017-09-05,50.232,52.729,49.341,50.931,1163695,0
2017-09-06,49.733,51.93,49.233,50.332,771073,0
2017-09-07,50.432,51.78,49.633,50.232,679958,0
2017-09-08,50.532,51.331,49.533,50.931,658366,0
2017-09-11,49.633,51.93,49.633,50.731,516836,0
2017-09-12,51.43,52.729,50.831,51.43,506292,0
2017-09-13,51.53,51.93,50.731,51.331,368467,0
2017-09-14,51.83,53.028,50.821,52.13,412837,0
2017-09-15,51.73,52.729,50.731,51.231,401401,0
2017-09-18,50.731,51.131,49.233,50.332,612668,0
2017-09-19,50.432,51.83,50.032,51.031,386380,0
2017-09-20,50.432,50.731,48.335,48.534,1013831,0
2017-09-21,48.734,49.533,47.536,49.433,553691,0
2017-09-22,49.933,51.131,49.933,50.632,411033,0
2017-09-25,50.632,51.54,48.734,50.032,634339,0
2017-09-26,49.733,52.229,49.433,51.83,637048,0
2017-09-27,51.131,51.351,48.934,49.233,640329,0
2017-09-28,49.533,49.933,46.138,47.236,1009967,0
2017-09-29,46.937,47.536,45.738,45.938,478314,0
2017-10-02,45.439,45.638,43.441,43.541,781966,0
2017-10-03,43.142,45.089,42.942,43.941,587202,0
2017-10-04,44.04,44.834,42.942,43.341,617667,0
2017-10-05,43.142,43.741,42.443,42.842,433035,0
2017-10-06,43.841,43.841,42.143,43.142,451706,0
2017-10-09,42.942,44.24,42.642,44.24,423504,0
2017-10-10,43.641,45.139,43.395,44.04,541143,0
2017-10-11,44.04,44.791,43.931,44.54,307023,0
2017-10-12,44.839,45.239,44.24,44.74,294000,0
2017-10-13,44.34,45.738,44.34,45.538,332605,0
2017-10-16,45.239,46.138,42.652,45.139,730126,0
2017-10-17,45.139,45.738,44.34,45.439,279522,0
2017-10-18,44.74,46.637,44.278,46.238,384849,0
2017-10-19,46.937,48.534,46.437,47.136,611784,0
2017-10-20,47.136,48.734,46.737,47.136,350367,0
2017-10-23,47.036,49.433,46.947,49.333,401792,0
2017-10-24,48.435,51.43,48.435,50.532,735610,0
2017-10-25,50.632,53.228,49.943,51.93,728377,0
2017-10-26,53.628,54.926,51.93,54.027,865697,0
2017-10-27,52.928,53.897,49.633,50.132,766008,0
2017-10-30,50.332,51.131,47.735,49.733,581471,0
2017-10-31,49.034,50.831,47.536,50.332,466017,0
2017-11-01,49.034,53.228,48.345,52.529,606298,0
2017-11-02,51.93,53.028,49.134,49.833,714143,0
2017-11-03,49.933,50.232,46.437,46.537,779687,0
2017-11-06,46.337,47.835,46.038,47.835,375712,0
2017-11-07,49.233,49.833,48.135,49.134,461543,0
2017-11-08,49.433,51.331,48.704,50.931,422130,0
2017-11-09,51.43,53.278,50.632,51.231,548623,0
2017-11-10,51.93,53.128,51.131,51.43,380622,0
2017-11-13,52.429,54.227,52.13,53.727,414492,0
2017-11-14,54.027,59.719,53.927,56.923,898788,0
2017-11-15,58.92,60.218,55.425,56.723,875139,0
2017-11-16,55.525,56.024,52.928,53.827,573548,0
2017-11-17,54.127,55.425,53.428,53.927,375277,0
2017-11-20,53.628,55.819,53.628,55.026,406784,0
2017-11-21,54.426,54.726,53.438,54.227,306155,0
2017-11-22,53.628,54.626,52.978,53.328,352820,0
2017-11-24,52.529,53.528,52.13,52.629,212570,0
2017-11-27,53.028,54.426,51.78,54.426,344489,0
2017-11-28,54.327,56.314,53.528,53.927,495905,0
2017-11-29,53.528,55.924,52.03,54.526,501405,0
2017-11-30,54.027,54.027,49.933,50.032,675001,0
2017-12-01,50.731,54.526,48.534,49.933,1121829,0
2017-12-04,48.435,53.727,46.837,53.328,770114,0
2017-12-05,52.928,55.924,50.931,55.525,780188,0
2017-12-06,55.825,58.92,55.026,56.324,851914,0
2017-12-07,54.926,56.024,51.131,51.53,852025,0
2017-12-08,50.432,50.731,47.436,48.435,747145,0
2017-12-11,47.336,50.032,46.573,49.833,784769,0
2017-12-12,49.533,52.829,49.533,52.429,684424,0
2017-12-13,52.329,52.729,48.934,50.032,680613,0
2017-12-14,50.032,53.428,49.144,52.829,568013,0
2017-12-15,52.629,53.727,51.43,51.73,415980,0
2017-12-18,50.632,52.229,50.432,51.73,316572,0
2017-12-19,52.329,52.829,50.351,52.229,404916,0
2017-12-20,52.429,52.429,50.642,51.031,275616,0
2017-12-21,50.931,51.131,48.734,49.333,328163,0
2017-12-22,48.534,48.934,46.337,46.637,799683,0
2017-12-26,46.937,47.136,45.239,45.738,385914,0
2017-12-27,45.239,46.088,44.29,44.54,451571,0
2017-12-28,44.44,45.239,43.841,44.04,299550,0
2017-12-29,43.941,46.128,43.142,46.038,454093,0
2018-01-02,45.339,46.937,42.243,42.343,795329,0
2018-01-03,41.943,42.533,39.946,40.745,855701,0
2018-01-04,41.444,42.841,40.046,42.043,640706,0
2018-01-05,41.644,43.242,41.544,42.543,518598,0
2018-01-08,42.443,46.238,42.243,45.039,898824,0
2018-01-09,44.64,44.64,41.144,41.444,796343,0
2018-01-10,42.443,43.641,39.746,40.046,925138,0
2018-01-11,39.846,40.845,38.947,39.147,652825,0
2018-01-12,39.247,39.547,38.158,38.648,430057,0
2018-01-16,38.049,42.443,37.649,42.143,1121430,0
2018-01-17,40.146,41.843,39.946,40.445,813495,0
2018-01-18,40.945,41.943,39.746,40.545,659548,0
2018-01-19,40.345,40.841,39.047,39.247,417563,0
2018-01-22,37.749,37.749,32.756,32.756,1486508,0
2018-01-23,32.456,32.606,30.259,30.659,1321562,0
2018-01-24,30.459,33.255,30.359,31.957,1555417,0
2018-01-25,31.358,32.446,30.659,31.058,806504,0
2018-01-26,30.659,30.958,29.56,30.259,885643,0
2018-01-29,30.359,30.409,28.462,29.36,1034219,0
2018-01-30,30.958,31.957,30.059,31.158,1576479,0
2018-01-31,30.758,33.281,30.259,32.856,1016939,0
2018-02-01,32.955,33.704,31.657,32.556,1230246,0
2018-02-02,33.255,34.653,32.756,34.354,1282015,0
2018-02-05,35.602,38.348,33.055,38.248,2129295,0
2018-02-06,39.447,40.945,34.593,34.753,2006059,0
2018-02-07,35.152,35.352,33.355,34.354,1200632,0
2018-02-08,34.154,39.547,33.764,39.547,1636174,0
2018-02-09,38.049,45.638,37.949,39.247,1976393,0
2018-02-12,38.448,39.746,35.552,36.85,1304348,0
2018-02-13,37.649,38.348,35.951,36.451,659583,0
2018-02-14,37.449,37.739,32.955,33.455,1212375,0
2018-02-15,32.556,34.244,32.047,32.256,834151,0
2018-02-16,32.856,33.155,31.382,32.556,678727,0
2018-02-20,33.655,34.601,31.957,34.254,861989,0
2018-02-21,33.954,34.154,31.457,34.154,896937,0
2018-02-22,33.155,34.154,31.757,33.754,826089,0
2018-02-23,33.155,35.053,32.356,32.356,974244,0
2018-02-26,32.057,32.856,31.358,31.657,758431,0
2018-02-27,31.957,32.856,31.258,32.856,755293,0
2018-02-28,32.756,34.653,32.274,34.553,1049887,0
2018-03-01,34.753,37.15,34.354,35.752,1276036,0
2018-03-02,36.95,37.25,32.556,32.756,1017902,0
2018-03-05,32.955,33.055,30.758,31.158,909451,0
2018-03-06,30.758,32.356,30.659,30.958,1037414,0
2018-03-07,31.757,31.857,29.66,29.66,1273130,0
2018-03-08,29.46,30.558,29.061,29.66,734341,0
2018-03-09,28.961,29.56,27.862,28.162,1168974,0
2018-03-12,27.862,28.854,27.563,27.663,669416,0
2018-03-13,27.463,29.061,27.063,28.761,931704,0
2018-03-14,28.362,29.611,28.172,29.061,687397,0
2018-03-15,28.761,30.858,28.761,30.409,828944,0
2018-03-16,30.259,30.958,30.059,30.858,572286,0
2018-03-19,31.158,33.655,30.469,32.556,1294520,0
2018-03-20,32.2,32.9,31.4,32.3,550514,0
2018-03-21,32.4,32.5,30.7,31.2,560434,0
2018-03-22,32.4,34.1,31.3,34,858822,0
2018-03-23,33.6,36.2,33.001,35.9,845641,0
2018-03-26,34.2,36.5,32.8,32.9,921934,0
2018-03-27,32.6,37.5,32.3,37.2,1087156,0
2018-03-28,36.9,40,36.4,37.4,1126503,0
2018-03-29,36.46,38.14,34.75,36.46,1208365,0
