Date,Open,High,Low,Close,Volume,OpenInt
2014-02-07,44.579,44.579,44.579,44.579,106,0
2014-02-11,45.562,45.562,45.562,45.562,1100,0
2014-02-14,46.569,46.569,46.569,46.569,160,0
2014-02-24,47.042,47.042,47.042,47.042,138,0
2014-02-27,46.924,46.924,46.924,46.924,138,0
2014-03-13,47.662,47.662,47.662,47.662,222,0
2014-03-27,46.278,46.278,46.024,46.024,457,0
2014-04-03,46.984,46.984,46.984,46.984,123,0
2014-04-07,45.678,45.678,45.678,45.678,123,0
2014-04-10,45.678,45.678,45.678,45.678,124,0
2014-04-16,45.934,45.934,45.934,45.934,106,0
2014-04-23,46.847,50.091,46.683,46.8,438,0
2014-04-24,46.717,46.717,46.636,46.69,8446,0
2014-04-25,46.444,46.517,46.37,46.472,17877,0
2014-04-28,46.527,46.601,46.407,46.572,5485,0
2014-04-29,46.535,46.535,46.535,46.535,106,0
2014-04-30,46.508,46.508,46.425,46.481,1098,0
2014-05-01,47.073,47.073,46.975,46.992,5485,0
2014-05-02,47.011,47.021,46.984,46.984,2305,0
2014-05-05,46.827,47.101,46.827,47.091,877,0
2014-05-06,47.073,47.073,47.055,47.055,221,0
2014-05-12,47.33,47.401,47.302,47.348,14369,0
2014-05-13,47.457,47.594,47.411,47.539,17437,0
2014-05-15,46.744,46.754,46.744,46.754,10966,0
2014-05-21,47.375,47.375,47.375,47.375,106,0
2014-05-28,47.959,47.959,47.959,47.959,106,0
2014-06-04,48.606,48.606,48.55,48.559,5813,0
2014-06-16,48.533,48.533,48.533,48.533,106,0
2014-07-29,50.189,50.189,50.189,50.189,1094,0
2014-08-04,49.322,49.604,49.322,49.604,1190,0
2014-08-21,51.386,51.386,51.197,51.223,1213,0
2014-08-22,51.15,51.213,51.122,51.213,1084,0
2014-08-25,51.25,51.378,51.231,51.378,1931,0
2014-08-26,51.288,51.406,51.288,51.378,766,0
2014-08-29,51.479,51.479,51.479,51.479,167,0
2014-09-02,51.406,51.406,51.406,51.406,107,0
2014-09-05,51.415,51.415,51.415,51.415,330,0
2014-09-08,51.406,51.406,51.406,51.406,0,0
2014-09-15,50.023,51.241,50.023,51.241,491,0
2014-09-16,51.588,51.588,51.588,51.588,106,0
2014-09-23,51.378,51.378,51.378,51.378,1163,0
2014-09-24,50.903,50.903,50.903,50.903,119,0
2014-09-26,50.655,50.655,50.655,50.655,700,0
2014-10-03,50.844,50.844,50.639,50.844,930,0
2014-10-06,51.014,51.042,51.014,51.033,1043,0
2014-10-13,49.502,49.502,49.502,49.502,252,0
2014-10-14,48.77,48.77,48.393,48.393,352,0
2014-10-15,47.368,47.368,47.368,47.368,332,0
2014-10-17,48.724,48.724,48.724,48.724,364,0
2014-10-20,49.475,49.475,49.431,49.431,303,0
2014-10-24,51.052,51.052,51.052,51.052,429,0
2014-10-28,51.503,51.503,51.503,51.503,210,0
2014-11-04,52.246,52.246,52.068,52.068,623,0
2014-11-05,52.382,52.575,52.382,52.382,540,0
2014-11-12,52.794,52.95,52.794,52.95,989,0
2014-11-14,53.013,53.013,53.013,53.013,111,0
2014-11-18,53.38,53.611,53.334,53.601,944,0
2014-11-25,54.317,54.317,54.298,54.298,219,0
2014-12-08,54.153,54.153,54.086,54.086,350,0
2014-12-09,53.891,53.891,53.891,53.891,210,0
2014-12-11,53.648,53.648,53.648,53.648,248,0
2014-12-12,52.759,52.759,52.759,52.759,562,0
2014-12-16,52.741,52.741,52.704,52.741,1060,0
2014-12-17,53.298,53.298,53.298,53.298,106,0
2014-12-18,54.133,54.186,54.133,54.186,792,0
2014-12-19,54.727,54.727,54.727,54.727,451,0
2014-12-22,55.059,55.103,55.059,55.103,411,0
2014-12-23,55.281,55.281,55.281,55.281,136,0
2014-12-24,55.327,55.327,55.327,55.327,223,0
2014-12-26,55.423,55.423,55.423,55.423,1258,0
2014-12-30,54.91,55.025,54.91,55.025,641,0
2014-12-31,55.108,55.108,54.609,54.609,2341,0
2015-01-02,54.256,54.256,54.256,54.256,156,0
2015-01-05,54.58,54.58,53.496,53.496,624,0
2015-01-06,53.515,53.62,53.051,53.108,667,0
2015-01-08,54.56,54.728,54.56,54.728,356,0
2015-01-12,54.114,54.114,54.114,54.114,1122,0
2015-01-13,54.796,54.796,53.791,53.791,1440,0
2015-01-15,53.571,53.571,53.571,53.571,714,0
2015-01-16,53.296,53.649,53.296,53.438,1500,0
2015-01-22,54.359,54.359,54.359,54.359,272,0
2015-01-26,54.814,55.117,54.814,55.117,1020,0
2015-01-27,54.474,54.637,54.294,54.637,433,0
2015-01-30,54.284,54.284,54.284,54.284,223,0
2015-02-04,54.94,55.08,54.94,55.08,829,0
2015-02-09,55.292,55.385,55.292,55.385,570,0
2015-02-10,55.367,55.859,55.215,55.859,2085,0
2015-02-12,56.534,56.628,56.534,56.628,4324,0
2015-02-17,56.666,56.847,56.457,56.829,524,0
2015-02-18,56.811,56.811,56.666,56.666,1858,0
2015-02-24,56.998,57.181,56.998,57.162,2313,0
2015-02-25,57.454,57.454,57.454,57.454,127,0
2015-02-26,57.351,57.417,57.181,57.284,1126,0
2015-02-27,57.199,57.199,57.172,57.172,491,0
2015-03-02,57.172,57.172,57.172,57.172,102,0
2015-03-03,56.989,56.989,56.989,56.989,102,0
2015-03-04,56.989,56.989,56.989,56.989,102,0
2015-03-05,56.989,56.989,56.989,56.989,102,0
2015-03-06,56.989,56.989,56.989,56.989,212,0
2015-03-09,56.715,56.715,56.706,56.706,1475,0
2015-03-10,56.382,56.382,56.382,56.382,212,0
2015-03-11,56.382,56.382,56.382,56.382,102,0
2015-03-12,56.363,56.363,56.363,56.363,102,0
2015-03-13,55.879,55.879,55.84,55.84,318,0
2015-03-16,55.84,55.84,55.84,55.84,102,0
2015-03-17,55.84,55.84,55.84,55.84,102,0
2015-03-18,56.696,56.696,56.696,56.696,212,0
2015-03-19,56.696,56.696,56.696,56.696,102,0
2015-03-20,56.696,56.696,56.696,56.696,102,0
2015-03-23,57.927,57.927,57.927,57.927,1370,0
2015-03-24,57.797,57.797,57.797,57.797,212,0
2015-03-25,57.797,57.797,57.797,57.797,102,0
2015-03-26,57.797,57.797,57.797,57.797,102,0
2015-03-27,57.797,57.797,57.797,57.797,102,0
2015-03-30,57.113,57.113,57.113,57.113,212,0
2015-03-31,57.105,57.105,57.105,57.105,102,0
2015-04-01,56.305,56.533,56.305,56.533,523,0
2015-04-02,56.533,56.533,56.533,56.533,102,0
2015-04-06,57.124,57.124,57.124,57.124,102,0
2015-04-07,57.124,57.124,57.124,57.124,23,0
2015-04-08,57.228,57.697,57.228,57.314,523,0
2015-04-09,57.323,57.323,57.276,57.276,459,0
2015-04-10,57.276,57.276,57.276,57.276,102,0
2015-04-13,57.58,57.58,57.58,57.58,102,0
2015-04-14,57.134,57.134,57.134,57.134,102,0
2015-04-15,57.134,57.134,57.134,57.134,61,0
2015-04-16,57.134,57.134,57.134,57.134,54,0
2015-04-17,57.134,57.134,57.134,57.134,102,0
2015-04-20,57.419,57.98,57.333,57.333,1152,0
2015-04-21,57.333,57.333,57.333,57.333,82,0
2015-04-22,57.846,57.846,57.827,57.827,1161,0
2015-04-23,57.677,58.009,57.677,57.846,945,0
2015-04-24,57.846,57.846,57.846,57.846,102,0
2015-04-27,57.912,58.513,57.912,58.058,945,0
2015-04-28,58.145,58.304,57.734,58.019,2416,0
2015-04-29,57.762,57.762,57.323,57.323,3674,0
2015-04-30,56.762,56.762,56.362,56.362,10817,0
2015-05-01,56.932,57.007,56.61,56.753,6091,0
2015-05-04,57.552,57.552,57.257,57.333,1471,0
2015-05-05,57.228,57.276,57.228,57.228,1259,0
2015-05-06,56.706,56.706,56.513,56.513,481,0
2015-05-07,56.513,56.513,56.513,56.513,102,0
2015-05-08,57.99,57.99,57.649,57.649,317,0
2015-05-11,57.649,57.649,57.649,57.649,102,0
2015-05-12,57.21,57.552,57.21,57.552,707,0
2015-05-13,57.818,57.818,57.153,57.361,840,0
2015-05-14,57.61,57.61,57.61,57.61,211,0
2015-05-15,58.126,58.163,58.126,58.126,831,0
2015-05-18,58.171,58.171,58.171,58.171,136,0
2015-05-19,58.171,58.171,58.171,58.171,102,0
2015-05-20,58.171,58.171,58.171,58.171,102,0
2015-05-21,58.361,58.361,58.361,58.361,102,0
2015-05-22,58.447,58.504,58.447,58.456,2311,0
2015-05-26,58.418,58.418,57.485,57.485,2839,0
2015-05-27,57.485,57.485,57.485,57.485,102,0
2015-05-28,57.875,58.266,57.875,58.009,526,0
2015-05-29,58.228,58.228,58.228,58.228,840,0
2015-06-01,58.218,58.218,58.171,58.218,2416,0
2015-06-02,58.106,58.304,58.106,58.163,1226,0
2015-06-03,58.266,58.41,58.266,58.266,840,0
2015-06-04,58.126,58.126,57.894,57.894,523,0
2015-06-05,57.476,57.8,57.476,57.476,211,0
2015-06-08,57.39,57.753,57.228,57.228,1471,0
2015-06-09,57.2,57.2,57.2,57.2,321,0
2015-06-10,57.639,58.171,57.639,58.126,2627,0
2015-06-11,58.209,58.209,58.209,58.209,283,0
2015-06-12,58.067,58.067,58.067,58.067,102,0
2015-06-15,58.067,58.067,58.067,58.067,102,0
2015-06-16,58.067,58.067,58.067,58.067,102,0
2015-06-17,58.543,58.543,57.846,57.846,1366,0
2015-06-18,58.685,59.133,58.685,58.827,2416,0
2015-06-19,58.666,58.99,58.666,58.99,1471,0
2015-06-22,59.03,59.153,59.02,59.153,523,0
2015-06-23,59.123,59.123,58.971,58.971,1296,0
2015-06-24,59.086,59.086,58.675,58.675,1366,0
2015-06-25,59.03,59.105,58.753,58.818,2836,0
2015-06-26,58.846,59.076,58.657,58.885,2100,0
2015-06-29,58.286,58.286,58.286,58.286,523,0
2015-06-30,57.86,58.023,57.555,57.813,1316,0
2015-07-01,58.15,58.15,58.052,58.052,838,0
2015-07-02,58.091,58.091,58.091,58.091,102,0
2015-07-06,57.907,58.347,57.907,58.003,1362,0
2015-07-07,58.062,58.062,57.738,57.738,419,0
2015-07-08,57.738,57.738,57.573,57.573,419,0
2015-07-09,57.573,57.573,57.573,57.573,102,0
2015-07-10,58.281,58.824,58.281,58.739,9218,0
2015-07-13,59.435,59.435,59.141,59.141,1362,0
2015-07-14,59.494,59.817,59.494,59.629,4225,0
2015-07-15,59.629,59.629,59.629,59.629,234,0
2015-07-16,59.876,60.304,59.876,60.294,3665,0
2015-07-17,60.096,60.096,59.807,60.066,2829,0
2015-07-20,60.191,60.439,60.151,60.237,2725,0
2015-07-21,60.027,60.142,59.933,60.057,2513,0
2015-07-22,59.798,60.037,59.675,59.923,2409,0
2015-07-23,59.675,59.675,59.675,59.675,522,0
2015-07-24,59.704,60.161,58.759,58.759,4713,0
2015-07-27,58.729,58.739,58.433,58.453,2725,0
2015-07-28,59.073,59.474,58.739,59.301,2095,0
2015-07-29,59.301,59.301,59.301,59.301,522,0
2015-07-30,59.445,59.714,59.292,59.714,733,0
2015-07-31,59.714,59.714,59.714,59.714,102,0
2015-08-03,60.229,60.488,59.484,59.675,4106,0
2015-08-04,59.732,59.732,59.236,59.494,2725,0
2015-08-05,60.468,60.468,59.914,59.914,2513,0
2015-08-06,59.856,59.856,59.065,59.065,2335,0
2015-08-07,58.968,58.968,58.7,58.94,1885,0
2015-08-10,59.704,59.827,59.619,59.798,10158,0
2015-08-11,59.55,59.837,59.112,59.275,12738,0
2015-08-12,59.513,59.513,58.424,59.377,4713,0
2015-08-13,59.435,59.619,59.065,59.484,4607,0
2015-08-14,59.275,59.397,59.236,59.397,2932,0
2015-08-17,59.533,59.769,59.188,59.76,1467,0
2015-08-18,59.807,59.847,59.599,59.599,1780,0
2015-08-19,59.722,59.722,59.151,59.236,1256,0
2015-08-20,59.255,59.255,57.916,57.916,5550,0
2015-08-21,57.097,57.097,55.731,56.065,11310,0
2015-08-24,55.722,55.722,49.745,54.158,9012,0
2015-08-25,55.081,56.552,54.51,54.51,2725,0
2015-08-26,55.99,55.99,53.896,55.472,3350,0
2015-08-27,56.285,56.754,55.942,56.716,19272,0
2015-08-28,56.726,56.906,56.228,56.457,8378,0
2015-08-31,56.601,56.601,56.342,56.523,1467,0
2015-09-01,55.378,55.378,54.176,54.374,5448,0
2015-09-02,55.646,55.646,54.607,55.443,4923,0
2015-09-03,56.542,56.542,55.578,55.578,522,0
2015-09-04,55.081,55.187,54.662,55.187,9321,0
2015-09-08,56.572,56.572,55.722,55.722,316,0
2015-09-09,57.078,57.078,55.676,55.676,3980,0
2015-09-10,55.903,56.16,55.903,56.151,1050,0
2015-09-11,56.151,56.151,56.151,56.151,102,0
2015-09-14,57.202,57.202,56.523,56.523,733,0
2015-09-15,56.933,56.933,56.533,56.533,419,0
2015-09-16,56.991,57.364,56.991,57.078,7331,0
2015-09-17,57.479,57.573,57.288,57.402,1047,0
2015-09-18,56.943,57.039,56.802,56.886,2513,0
2015-09-21,57.145,57.145,56.896,56.896,943,0
2015-09-22,55.923,55.933,55.923,55.933,2932,0
2015-09-23,56.457,56.457,56.247,56.247,419,0
2015-09-24,56.276,56.276,55.073,55.559,6356,0
2015-09-25,56.16,56.16,56.16,56.16,102,0
2015-09-28,54.842,54.842,54.176,54.176,1836,0
2015-09-29,54.383,54.383,53.814,53.814,1362,0
2015-09-30,54.028,54.651,54.028,54.651,1359,0
2015-10-01,54.88,55.073,54.88,55.073,521,0
2015-10-02,55.512,55.512,55.512,55.512,102,0
2015-10-05,56.517,56.843,56.489,56.73,5363,0
2015-10-06,56.91,56.91,56.479,56.479,627,0
2015-10-07,56.394,56.394,56.394,56.394,102,0
2015-10-08,56.153,56.996,56.153,56.996,521,0
2015-10-09,57.304,57.304,57.304,57.304,418,0
2015-10-12,57.418,57.418,56.853,57.418,580,0
2015-10-13,57.331,57.341,57.331,57.331,521,0
2015-10-14,57.331,57.331,57.331,57.331,102,0
2015-10-15,57.514,57.514,57.514,57.514,315,0
2015-10-16,57.58,57.649,57.58,57.639,627,0
2015-10-19,57.904,58.099,57.773,58.099,2090,0
2015-10-20,57.868,58.05,57.868,58.048,1350,0
2015-10-21,57.697,57.697,57.697,57.697,521,0
2015-10-22,57.697,57.697,57.697,57.697,102,0
2015-10-23,58.787,59.198,58.787,59.152,1880,0
2015-10-26,59.505,59.505,59.066,59.16,2718,0
2015-10-27,59.256,59.256,58.853,58.853,521,0
2015-10-28,59.198,59.198,59.198,59.198,209,0
2015-10-29,60.089,60.089,59.591,59.82,1463,0
2015-10-30,59.696,59.696,59.601,59.601,418,0
2015-11-02,60.02,60.146,59.801,60.136,10509,0
2015-11-03,60.318,60.318,59.975,60.05,4073,0
2015-11-04,59.975,60.069,59.859,59.859,1364,0
2015-11-05,59.897,60.04,59.716,60.04,1671,0
2015-11-06,59.849,60.241,59.849,60.232,418,0
2015-11-09,60.327,60.327,59.378,59.706,2367,0
2015-11-10,59.724,59.724,59.132,59.668,1149,0
2015-11-11,59.83,59.83,59.648,59.648,1044,0
2015-11-12,58.948,59.046,58.862,58.862,7104,0
2015-11-13,57.847,57.847,57.847,57.847,315,0
2015-11-16,57.725,58.174,57.725,58.156,1149,0
2015-11-17,58.777,58.806,58.289,58.442,3449,0
2015-11-18,59.007,59.217,59.007,59.217,1149,0
2015-11-19,59.427,59.437,59.427,59.427,25177,0
2015-11-20,59.716,59.716,59.716,59.716,418,0
2015-11-23,59.716,59.716,59.716,59.716,102,0
2015-11-24,59.754,59.81,59.266,59.801,1463,0
2015-11-25,60.146,60.204,60.089,60.175,627,0
2015-11-27,59.992,60.155,59.992,60.155,315,0
2015-11-30,59.955,60.099,59.945,60.02,1463,0
2015-12-01,60.165,60.51,60.117,60.51,1249,0
2015-12-02,60.875,60.875,59.772,59.772,1098,0
2015-12-03,59.83,59.84,58.931,59.16,2811,0
2015-12-04,59.535,60.327,59.535,60.327,1044,0
2015-12-07,59.706,59.879,59.64,59.879,1776,0
2015-12-08,59.447,59.849,59.447,59.81,1553,0
2015-12-09,59.792,59.975,58.853,59.056,2507,0
2015-12-10,59.16,59.744,58.901,59.515,1984,0
2015-12-11,59.084,59.084,57.885,57.885,2193,0
2015-12-14,57.791,58.317,57.782,58.317,4317,0
2015-12-15,59.066,59.217,58.815,58.948,5119,0
2015-12-16,59.744,59.907,59.207,59.907,1253,0
2015-12-17,58.978,58.978,58.978,58.978,315,0
2015-12-18,58.394,58.394,58.07,58.07,2090,0
2015-12-21,58.872,58.872,58.221,58.221,1671,0
2015-12-22,58.7,59.378,58.586,58.931,1593,0
2015-12-23,59.227,59.437,59.152,59.437,1149,0
2015-12-24,59.792,59.792,59.447,59.447,755,0
2015-12-28,59.447,59.447,58.841,58.96,2079,0
2015-12-29,60.204,60.204,59.792,59.948,898,0
2015-12-30,59.841,59.851,59.569,59.569,6237,0
2015-12-31,59.509,59.821,59.081,59.081,2094,0
2016-01-04,57.708,57.96,57.236,57.795,9525,0
2016-01-05,58.201,58.201,58.201,58.201,241,0
2016-01-06,57.188,57.452,57.125,57.125,2232,0
2016-01-07,55.581,56.61,54.515,55.847,1321,0
2016-01-08,56.277,56.277,55.299,55.299,3132,0
2016-01-11,55.22,55.22,55.082,55.082,2625,0
2016-01-12,55.777,55.843,55.562,55.691,2622,0
2016-01-13,56.287,56.287,53.983,53.983,1763,0
2016-01-14,54.325,54.692,54.274,54.386,2535,0
2016-01-15,53.348,53.635,52.664,53.635,3513,0
2016-01-19,53.447,54.124,52.899,53.348,1531,0
2016-01-20,52.37,53.544,51.713,53.544,3367,0
2016-01-21,53.036,53.848,52.899,53.644,5403,0
2016-01-22,54.625,54.625,54.221,54.446,917,0
2016-01-25,54.408,54.739,54.251,54.739,1045,0
2016-01-26,54.164,54.492,54.054,54.492,1194,0
2016-01-27,54.749,55.871,53.615,53.615,19341,0
2016-01-28,53.761,54.044,53.536,53.956,3465,0
2016-01-29,54.084,54.241,53.712,54.241,1530,0
2016-02-01,53.841,54.634,53.841,54.634,6727,0
2016-02-02,53.556,53.732,53.214,53.214,4279,0
2016-02-03,53.016,53.396,52.753,53.396,4962,0
2016-02-04,53.076,53.673,53.016,53.341,1940,0
2016-02-05,53.184,53.184,53.174,53.174,1403,0
2016-02-08,51.322,51.331,51.025,51.155,628,0
2016-02-09,51.701,52.186,51.429,51.429,5820,0
2016-02-10,52.497,52.497,52.497,52.497,548,0
2016-02-11,51.009,51.707,49.884,51.707,8994,0
2016-02-12,52.635,52.733,52.156,52.733,1836,0
2016-02-16,53.046,53.673,53.046,53.673,1332,0
2016-02-17,54.532,54.876,54.515,54.876,822,0
2016-02-18,54.505,54.505,54.436,54.495,1333,0
2016-02-19,54.495,54.552,54.495,54.552,519,0
2016-02-22,55.463,55.463,55.448,55.448,415,0
2016-02-23,55.001,55.145,55.001,55.145,311,0
2016-02-24,54.698,54.784,54.674,54.784,863,0
2016-02-25,55.355,55.974,55.355,55.974,2643,0
2016-02-26,56.14,56.199,56.14,56.199,771,0
2016-02-29,55.895,55.895,55.661,55.711,836,0
2016-03-01,55.27,56.905,55.27,56.905,984,0
2016-03-02,56.835,56.835,56.787,56.787,1106,0
2016-03-03,57.01,57.01,56.791,56.952,899,0
2016-03-04,57.159,57.159,56.971,56.971,1287,0
2016-03-07,57.02,57.084,56.787,57.073,1165,0
2016-03-08,56.787,56.787,56.601,56.602,791,0
2016-03-09,56.596,56.679,56.596,56.679,421,0
2016-03-10,56.466,56.466,56.209,56.209,401,0
2016-03-11,57.354,57.92,57.354,57.92,1557,0
2016-03-14,57.813,57.813,57.619,57.619,1457,0
2016-03-15,57.471,57.471,57.47,57.47,470,0
2016-03-17,58.176,58.176,58.151,58.151,310,0
2016-03-18,57.957,57.957,57.957,57.957,118,0
2016-03-21,58.061,58.061,58.06,58.061,456,0
2016-03-22,58.198,58.293,58.084,58.292,2590,0
2016-03-23,57.774,57.774,57.774,57.774,715,0
2016-03-24,57.344,57.805,57.344,57.805,877,0
2016-03-28,57.836,58.11,57.836,57.977,1018,0
2016-03-29,58.235,58.274,58.235,58.274,1037,0
2016-03-30,59.851,59.881,59.078,59.078,1366,0
2016-03-31,59.341,59.39,58.985,58.985,3058,0
2016-04-01,59.255,59.255,59.255,59.255,340,0
2016-04-04,59.863,59.863,59.47,59.579,746,0
2016-04-05,59.116,59.116,59.039,59.039,475,0
2016-04-06,59.275,59.569,59.275,59.371,1016,0
2016-04-07,58.626,58.654,58.626,58.654,783,0
2016-04-08,59.061,59.061,59.04,59.04,356,0
2016-04-11,58.783,59.336,58.783,58.891,743,0
2016-04-12,59.028,59.158,59.028,59.158,715,0
2016-04-13,59.903,59.903,59.5,59.736,24337,0
2016-04-14,59.667,60.038,59.667,59.789,890,0
2016-04-15,59.823,59.869,59.674,59.869,500,0
2016-04-18,60.049,60.266,60.049,60.187,5751,0
2016-04-19,60.294,60.294,60.077,60.175,1835,0
2016-04-20,59.803,60.383,59.803,60.197,6202,0
2016-04-21,60.383,60.383,59.569,59.883,4325,0
2016-04-22,60.207,60.207,59.683,59.683,480,0
2016-04-25,59.667,59.667,59.494,59.494,351,0
2016-04-26,60.127,60.127,59.698,59.815,1081,0
2016-04-27,59.64,59.812,59.596,59.632,1880,0
2016-04-28,59.873,59.873,59.873,59.873,251,0
2016-04-29,58.949,58.949,54.542,58.17,19238,0
2016-05-02,58.626,59.039,58.626,58.941,736,0
2016-05-03,59.195,59.195,58.596,58.631,3828,0
2016-05-04,58.154,58.388,57.977,58.182,12054,0
2016-05-05,58.119,58.31,58.098,58.252,3852,0
2016-05-06,58.203,58.399,57.82,58.36,1376,0
2016-05-09,58.754,58.754,58.754,58.754,130,0
2016-05-10,58.871,58.911,58.871,58.911,585,0
2016-05-11,59.103,59.189,58.959,58.959,2787,0
2016-05-12,58.94,59.157,58.596,59.157,1395,0
2016-05-13,59.495,59.495,58.626,58.626,20931,0
2016-05-16,58.881,58.881,58.881,58.881,142,0
2016-05-17,58.538,58.816,58.223,58.258,2337,0
2016-05-18,58.419,58.656,57.932,57.932,1581,0
2016-05-19,58.024,58.024,58.024,58.024,256,0
2016-05-23,58.351,58.493,58.351,58.351,614,0
2016-05-24,58.935,59.038,58.935,58.971,960,0
2016-05-25,59.157,59.3,59.157,59.3,942,0
2016-05-26,59.145,59.145,59.145,59.145,100,0
2016-05-27,59.112,59.247,59.112,59.247,1558,0
2016-05-31,59.088,59.361,59.088,59.361,1566,0
2016-06-01,59.627,59.627,59.627,59.627,203,0
2016-06-02,59.639,59.696,59.639,59.696,1018,0
2016-06-03,59.745,59.745,59.745,59.745,101,0
2016-06-06,59.755,59.755,59.755,59.755,273,0
2016-06-07,59.774,60.405,59.774,60.177,1966,0
2016-06-08,60.109,60.286,59.435,60.197,5222,0
2016-06-09,59.716,60.26,59.716,59.932,4768,0
2016-06-13,59.351,59.351,59.351,59.351,205,0
2016-06-14,58.881,58.884,58.655,58.884,1777,0
2016-06-15,59.18,59.195,59.18,59.195,1869,0
2016-06-16,58.508,58.508,58.508,58.508,484,0
2016-06-17,58.841,58.92,58.704,58.92,1256,0
2016-06-24,58.704,58.704,58.704,58.704,261,0
2016-06-27,56.985,57.181,56.83,56.83,1064,0
2016-06-28,57.301,57.84,57.301,57.84,363,0
2016-06-30,59.453,59.453,59.453,59.453,227,0
2016-07-07,60.155,60.162,59.867,59.994,5007,0
2016-07-11,61.431,61.501,61.355,61.426,11089,0
2016-07-12,61.501,61.884,61.501,61.775,1158,0
2016-07-13,61.618,61.618,61.618,61.618,109,0
2016-07-14,61.69,61.753,61.589,61.589,1449,0
2016-07-15,61.491,61.592,61.466,61.592,1130,0
2016-07-18,61.535,61.702,61.535,61.702,417,0
2016-07-19,61.393,61.538,61.393,61.538,491,0
2016-07-20,61.584,61.814,61.584,61.79,839,0
2016-07-22,62.038,62.038,62.038,62.038,197,0
2016-07-25,61.738,61.738,61.738,61.738,122,0
2016-07-26,61.77,61.77,61.77,61.77,112,0
2016-07-27,61.882,61.882,61.57,61.57,431,0
2016-07-28,61.57,61.57,61.57,61.57,335,0
2016-08-01,61.491,61.708,61.491,61.555,1283,0
2016-08-02,61.186,61.186,60.757,60.821,5633,0
2016-08-03,61.049,61.066,61.049,61.049,746,0
2016-08-05,61.747,61.747,61.747,61.747,162,0
2016-08-08,61.315,61.415,61.315,61.323,835,0
2016-08-10,61.197,61.197,61.196,61.196,203,0
2016-08-11,61.834,61.834,61.55,61.579,1271,0
2016-08-12,61.451,61.501,61.245,61.417,3313,0
2016-08-16,61.117,61.232,61.117,61.117,853,0
2016-08-17,61.215,61.304,61.215,61.304,519,0
2016-08-18,61.436,61.463,61.436,61.463,232,0
2016-08-19,61.335,61.501,61.335,61.501,529,0
2016-08-23,61.726,61.726,61.718,61.718,418,0
2016-08-29,61.483,61.483,61.483,61.483,277,0
2016-08-30,61.318,61.318,61.044,61.044,908,0
2016-09-02,61.019,61.019,61.019,61.019,209,0
2016-09-06,61.64,61.647,61.64,61.647,488,0
2016-09-07,61.642,61.642,61.642,61.642,256,0
2016-09-08,61.471,61.471,61.24,61.24,852,0
2016-09-09,61.019,61.019,60.831,60.831,463,0
2016-09-12,60.093,60.418,60.093,60.418,684,0
2016-09-13,60.051,60.051,60.051,60.051,163,0
2016-09-15,60.398,60.398,60.398,60.398,140,0
2016-09-16,60.537,60.537,60.537,60.537,150,0
2016-09-20,60.947,60.947,60.947,60.947,398,0
2016-09-21,60.88,61.451,60.871,61.451,2684,0
2016-09-22,61.628,61.628,61.628,61.628,225,0
2016-09-23,61.225,61.589,61.225,61.589,358,0
2016-09-27,61.143,61.192,61.138,61.138,600,0
2016-10-03,61.071,61.126,61.052,61.052,1323,0
2016-10-04,60.854,60.854,60.854,60.854,156,0
2016-10-07,61.1,61.1,61.081,61.081,1161,0
2016-10-11,60.529,60.529,60.311,60.459,843,0
2016-10-12,60.449,60.667,60.449,60.667,904,0
2016-10-17,60.233,60.253,60.163,60.25,2622,0
2016-10-18,60.683,60.732,60.683,60.732,306,0
2016-10-28,59.679,59.679,59.67,59.67,204,0
2016-10-31,59.602,60.014,59.602,59.848,2974,0
2016-11-01,59.238,59.238,59.238,59.238,202,0
2016-11-04,58.98,58.98,58.925,58.925,353,0
2016-11-07,59.828,59.828,59.828,59.828,116,0
2016-11-08,60.163,60.163,60.163,60.163,103,0
2016-11-09,60.247,61.42,59.724,61.214,3197,0
2016-11-10,61.337,61.357,61.278,61.278,2258,0
2016-11-11,61.266,61.266,61.266,61.266,202,0
2016-11-15,61.507,61.507,61.507,61.507,320,0
2016-11-18,61.357,61.357,61.307,61.307,642,0
2016-11-21,61.3,61.495,61.3,61.463,400,0
2016-11-22,61.729,61.839,61.663,61.807,997,0
2016-11-23,61.81,61.889,61.732,61.819,1603,0
2016-11-28,61.889,61.904,61.858,61.858,697,0
2016-11-29,62.189,62.199,62.184,62.199,1069,0
2016-12-02,61.273,61.396,61.117,61.117,894,0
2016-12-05,61.568,61.603,61.458,61.495,4116,0
2016-12-06,61.712,61.8,61.682,61.79,564,0
2016-12-08,62.569,62.896,62.569,62.688,5780,0
2016-12-12,62.777,62.777,62.737,62.737,1042,0
2016-12-13,63.409,63.409,63.409,63.409,202,0
2016-12-15,63.002,63.002,63.002,63.002,277,0
2016-12-16,62.747,63.111,62.747,62.887,5127,0
2016-12-19,62.916,62.916,62.668,62.681,947,0
2016-12-20,63.014,63.014,63.014,63.014,225,0
2016-12-21,62.96,62.96,62.96,62.96,101,0
2016-12-23,62.866,62.866,62.452,62.452,771,0
2016-12-27,62.908,62.908,62.882,62.882,359,0
2016-12-28,62.552,62.552,62.552,62.552,248,0
2017-01-03,62.045,62.045,62.045,62.045,420,0
2017-01-04,63.3,63.3,63.247,63.247,1253,0
2017-01-05,63.24,63.24,63.24,63.24,182,0
2017-01-06,63.68,63.68,63.68,63.68,559,0
2017-01-09,63.643,63.643,63.643,63.643,150,0
2017-01-11,63.64,63.64,63.64,63.64,110,0
2017-01-12,63.552,63.552,63.552,63.552,486,0
2017-01-13,64.12,64.13,64.073,64.073,806,0
2017-01-17,63.871,63.871,63.871,63.871,199,0
2017-01-18,64.075,64.075,64.075,64.075,101,0
2017-01-20,64.175,64.175,64.175,64.175,166,0
2017-01-23,64.05,64.05,64.05,64.05,498,0
2017-01-24,64.614,64.614,64.177,64.177,440,0
2017-01-25,64.911,65.006,64.889,65.006,2203,0
2017-01-27,65.04,65.04,65.04,65.04,142,0
2017-01-31,64.744,64.744,64.622,64.622,549,0
2017-02-01,65.306,65.306,65.106,65.13,818,0
2017-02-02,64.96,64.96,64.96,64.96,102,0
2017-02-03,65.554,65.554,65.554,65.554,212,0
2017-02-06,65.724,65.724,65.278,65.278,995,0
2017-02-07,65.278,65.278,65.278,65.278,104,0
2017-02-08,65.584,65.584,65.138,65.514,5589,0
2017-02-09,65.754,65.951,65.754,65.933,3726,0
2017-02-10,66.098,66.346,65.989,66.326,11921,0
2017-02-13,66.266,66.634,66.266,66.604,3171,0
2017-02-14,66.889,66.889,66.376,66.599,1918,0
2017-02-15,66.595,67.137,66.595,67.137,2359,0
2017-02-16,67.473,67.473,66.917,67.127,3191,0
2017-02-17,66.78,67.018,66.78,67.018,1006,0
2017-02-21,67.74,67.74,67.202,67.473,1349,0
2017-02-22,67.384,67.473,67.276,67.36,2816,0
2017-02-23,67.365,67.374,67.088,67.167,3397,0
2017-02-24,67.008,67.424,67.008,67.424,671,0
2017-02-27,67.83,67.83,67.531,67.76,1300,0
2017-02-28,67.85,67.85,67.7,67.7,543,0
2017-03-01,68.244,68.244,68.215,68.215,268,0
2017-03-02,68.196,68.196,68.047,68.057,1848,0
2017-03-03,68.373,68.373,67.645,67.964,2427,0
2017-03-06,67.533,67.928,67.533,67.749,3002,0
2017-03-07,67.631,67.73,67.488,67.503,1559,0
2017-03-08,67.602,67.602,67.602,67.602,168,0
2017-03-09,67.581,67.651,67.404,67.469,45287,0
2017-03-10,67.463,67.889,67.463,67.889,55321,0
2017-03-13,67.948,68.027,67.884,68.008,7162,0
2017-03-14,68.324,68.324,67.345,67.597,2184,0
2017-03-15,67.998,68.268,67.66,68.179,2213,0
2017-03-16,68.363,68.393,68.087,68.087,4072,0
2017-03-17,68.097,68.264,67.8,67.8,2295,0
2017-03-20,67.998,68.047,67.937,67.948,1645,0
2017-03-21,68.383,68.383,67.007,67.015,3714,0
2017-03-22,67.266,67.266,66.674,67.175,12420,0
2017-03-23,67.265,67.265,67.265,67.265,157,0
2017-03-24,66.884,66.885,66.884,66.885,560,0
2017-03-27,66.346,67.216,66.346,67.216,5595,0
2017-03-28,67.355,67.72,67.147,67.72,3045,0
2017-03-29,67.71,67.72,67.641,67.71,1249,0
2017-03-31,67.83,67.933,67.726,67.803,3526,0
2017-04-03,67.513,67.592,67.513,67.592,430,0
2017-04-04,67.67,67.698,67.426,67.521,1062,0
2017-04-05,68.157,68.157,67.186,67.186,1054,0
2017-04-06,67.69,67.69,67.434,67.434,2611,0
2017-04-07,67.493,67.493,67.493,67.493,274,0
2017-04-10,67.8,67.82,67.493,67.572,1960,0
2017-04-11,67.394,67.572,67.195,67.384,1092,0
2017-04-12,67.543,67.543,67.26,67.354,1498,0
2017-04-13,67.364,67.463,67.126,67.126,1503,0
2017-04-17,67.314,67.552,67.214,67.324,1735,0
2017-04-18,67.126,67.241,67.126,67.241,1139,0
2017-04-19,67.424,67.424,67.329,67.329,717,0
2017-04-20,67.487,67.487,67.487,67.487,476,0
2017-04-21,67.711,67.73,67.711,67.73,327,0
2017-04-24,69.347,69.347,68.141,68.4,20005,0
2017-04-25,68.782,68.782,68.098,68.285,20458,0
2017-04-26,68.484,68.728,68.335,68.425,29585,0
2017-04-27,68.722,68.752,68.583,68.642,2941,0
2017-04-28,68.713,68.713,68.445,68.651,5618,0
2017-05-01,69.108,69.108,68.543,68.772,8954,0
2017-05-02,69.009,69.009,68.44,68.612,8916,0
2017-05-03,68.692,68.692,68.018,68.285,8659,0
2017-05-04,68.474,68.474,68.028,68.197,6749,0
2017-05-05,68.315,68.563,68.216,68.563,2326,0
2017-05-08,68.901,68.901,68.464,68.642,2688,0
2017-05-09,68.712,68.712,68.602,68.632,789,0
2017-05-10,68.622,68.851,68.622,68.846,830,0
2017-05-11,69.029,69.029,68.335,68.847,20231,0
2017-05-12,68.702,68.702,68.633,68.633,504,0
2017-05-15,68.891,68.891,68.846,68.851,822,0
2017-05-16,68.712,68.851,68.669,68.851,1280,0
2017-05-17,68.036,68.036,67.496,67.496,111272,0
2017-05-18,67.528,67.841,66.928,67.513,13319,0
2017-05-19,68.152,68.365,67.999,68.225,13933,0
2017-05-22,68.341,68.426,68.341,68.354,3139,0
2017-05-23,69.029,69.029,68.395,68.851,4016,0
2017-05-24,69.098,69.152,68.999,68.999,1726,0
2017-05-25,70.179,70.515,70.04,70.297,1141,0
2017-05-26,70.575,70.575,70.05,70.119,391707,0
2017-05-30,70.308,70.328,70.154,70.278,2709,0
2017-05-31,70.04,70.417,69.806,70.417,836,0
2017-06-01,70.674,70.922,70.447,70.922,1930,0
2017-06-02,70.869,71.011,70.869,71.011,1468,0
2017-06-05,71.21,71.21,70.693,70.863,571,0
2017-06-06,71.121,71.121,70.536,70.536,6600,0
2017-06-07,70.832,71.051,70.725,71.051,5075,0
2017-06-08,71.053,71.053,70.649,70.739,1971,0
2017-06-09,71.021,71.021,69.903,70.169,1565,0
2017-06-12,69.871,70.05,69.733,70.05,2031,0
2017-06-13,70.268,70.625,70.239,70.477,5481,0
2017-06-14,70.743,70.843,70.328,70.535,4269,0
2017-06-15,70,70.239,70,70.209,1030,0
2017-06-16,70.129,70.209,70.129,70.209,427,0
2017-06-19,70.922,70.991,70.853,70.92,1880,0
2017-06-20,71.071,71.071,70.387,70.387,1798,0
2017-06-22,71.031,71.19,71.031,71.033,1288,0
2017-06-23,71.338,71.338,70.975,71.274,648,0
2017-06-26,71.625,71.625,71.22,71.427,4512,0
2017-06-27,71.226,71.249,70.535,70.605,342779,0
2017-06-28,70.525,71.222,70.525,71.071,3973,0
2017-06-29,70.853,70.853,70.05,70.625,3973,0
2017-06-30,70.98,70.995,70.553,70.772,3215,0
2017-07-03,70.772,70.944,70.772,70.944,1252,0
2017-07-05,70.454,70.882,70.454,70.731,1369,0
2017-07-06,70.468,70.543,70.256,70.256,1668,0
2017-07-07,70.875,70.875,70.875,70.875,830,0
2017-07-10,71.18,71.18,70.762,71.16,17785,0
2017-07-11,71.076,71.076,70.822,71.009,1127,0
2017-07-12,71.836,71.836,71.507,71.539,4101,0
2017-07-13,71.15,71.666,71.14,71.606,3275,0
2017-07-14,72.053,72.153,71.736,72.123,2784,0
2017-07-17,72.441,72.441,72.173,72.212,3304,0
2017-07-18,72.089,72.112,71.776,72.003,27061,0
2017-07-19,72.769,72.769,72.445,72.445,1009,0
2017-07-20,72.752,72.752,72.744,72.744,740,0
2017-07-21,72.549,72.56,72.481,72.56,1440,0
2017-07-24,72.813,72.813,72.813,72.813,233,0
2017-07-25,72.976,73.151,72.976,73.068,598,0
2017-07-26,73.097,73.097,73.024,73.034,1330,0
2017-07-27,73.375,73.375,72.51,72.51,1866,0
2017-07-31,72.773,72.902,72.773,72.775,1049,0
2017-08-01,72.69,72.932,72.69,72.867,2164,0
2017-08-02,72.63,72.903,72.63,72.87,3704,0
2017-08-03,73.111,73.24,73.111,73.233,878,0
2017-08-04,73.154,73.305,73.154,73.305,360,0
2017-08-07,73.731,73.731,73.693,73.693,1587,0
2017-08-08,73.811,74.199,73.737,74.199,1199,0
2017-08-09,73.633,73.633,73.196,73.355,2715,0
2017-08-10,73.603,73.603,72.287,72.287,4315,0
2017-08-11,72.299,72.61,72.299,72.52,1773,0
2017-08-14,73.132,73.275,73.132,73.245,855,0
2017-08-15,73.335,73.345,73.146,73.146,7186,0
2017-08-16,73.206,73.628,73.206,73.34,42341,0
2017-08-17,73.226,73.226,72.292,72.3,4078,0
2017-08-18,72.271,72.441,72.157,72.401,819,0
2017-08-21,71.914,72.316,71.914,72.191,3249,0
2017-08-22,73.216,73.382,73.216,73.382,1290,0
2017-08-23,73.228,73.284,73.053,73.054,2054,0
2017-08-24,73.067,73.067,72.854,72.967,2102,0
2017-08-25,72.72,72.72,72.72,72.72,727,0
2017-08-28,73.107,73.107,72.828,72.972,2219,0
2017-08-29,72.351,72.897,72.351,72.897,1711,0
2017-08-30,73.255,73.653,73.037,73.484,3226,0
2017-08-31,73.886,74.189,73.886,74.072,3713,0
2017-09-01,74.497,74.497,72.346,74.2,3301,0
2017-09-05,74.239,74.239,73.34,73.472,1699,0
2017-09-06,73.543,73.934,73.398,73.934,3932,0
2017-09-07,73.981,74.047,73.981,74.033,1115,0
2017-09-08,73.926,73.926,73.778,73.778,471,0
2017-09-11,74.394,74.557,74.343,74.384,2402,0
2017-09-12,74.408,74.617,74.408,74.471,2304,0
2017-09-13,74.517,74.665,74.517,74.575,3273,0
2017-09-14,74.805,74.805,73.891,74.467,1091,0
2017-09-15,74.645,74.645,74.259,74.367,3193,0
2017-09-18,74.401,74.421,74.394,74.397,1971,0
2017-09-19,74.805,74.805,74.17,74.192,1064,0
2017-09-20,73.921,73.921,73.714,73.714,430,0
2017-09-21,74.079,74.079,74.003,74.003,284,0
2017-09-22,74.14,74.14,73.921,73.921,884,0
2017-09-25,74.288,74.288,73.301,73.301,2824,0
2017-09-26,73.583,73.921,73.583,73.849,1473,0
2017-09-27,73.703,74.369,73.703,74.369,2854,0
2017-09-28,74.011,74.412,73.951,74.402,1729,0
2017-09-29,74.776,74.906,74.387,74.896,3205,0
2017-10-02,75.283,75.283,74.808,74.955,1551,0
2017-10-03,75.117,75.134,75.029,75.029,2514,0
2017-10-04,75.204,75.393,75.204,75.304,3063,0
2017-10-05,75.841,75.841,75.489,75.676,2793,0
2017-10-06,75.667,75.667,75.667,75.667,322,0
2017-10-09,75.801,75.9,75.694,75.761,1445,0
2017-10-10,75.988,76.102,75.642,75.701,3753,0
2017-10-11,76.12,76.12,75.687,75.89,5491,0
2017-10-12,76.189,76.189,75.692,75.832,1290,0
2017-10-13,76.339,76.339,75.841,75.98,2064,0
2017-10-17,76.15,76.164,75.801,75.801,5123,0
2017-10-18,76.727,76.727,76.259,76.339,1898,0
2017-10-19,75.672,76.189,75.624,76.164,5248,0
2017-10-20,76.339,76.677,76.339,76.553,2746,0
2017-10-23,76.757,76.757,76.309,76.309,1475,0
2017-10-24,76.358,76.577,76.289,76.309,11085,0
2017-10-25,76.08,76.299,75.652,75.652,1388,0
2017-10-26,76.289,76.319,76.08,76.179,2882,0
2017-10-27,76.209,76.667,76.209,76.667,3213,0
2017-10-30,76.747,76.747,76.498,76.697,2825,0
2017-10-31,76.876,77.155,76.762,77.145,2492,0
2017-11-01,77.493,77.493,77.046,77.106,1655,0
2017-11-02,76.916,76.986,76.737,76.906,2246,0
2017-11-03,76.826,77.095,76.657,77.095,12249,0
2017-11-06,77.155,77.245,77.046,77.185,3002,0
2017-11-07,76.846,76.846,76.657,76.657,2168,0
2017-11-08,76.925,77.453,76.925,77.344,1323,0
2017-11-09,76.966,76.966,76.427,76.818,1970,0
2017-11-10,76.767,76.996,76.767,76.996,1992,0
2017-11-13,76.677,77.006,76.507,76.866,1958,0
2017-11-14,77.175,77.175,76.647,76.876,2879,0
2017-11-15,76.537,76.67,76.537,76.667,3971,0
2017-11-16,76.816,77.324,76.816,77.106,2095,0
2017-11-17,77.009,77.043,76.995,77.025,900,0
2017-11-20,77.195,77.195,77.034,77.095,2747,0
2017-11-21,77.125,77.802,77.125,77.673,6277,0
2017-11-22,77.656,77.668,77.603,77.603,1095,0
2017-11-24,77.663,77.663,77.663,77.663,554,0
2017-11-27,78.22,78.22,77.473,77.682,4831,0
2017-11-28,77.832,77.842,77.583,77.593,1934,0
2017-11-29,77.952,77.952,77.334,77.383,51578,0
2017-11-30,77.643,78.17,77.643,78.17,51428,0
2017-12-01,77.653,78.08,76.996,78.03,4769,0
2017-12-04,78.278,78.319,77.553,77.553,5160,0
2017-12-05,77.742,78.01,77.533,77.533,2008,0
2017-12-06,77.533,77.692,77.533,77.692,962,0
2017-12-07,78.205,78.205,77.942,77.942,51461,0
2017-12-08,78.07,78.787,78.07,78.708,2654,0
2017-12-11,78.78,78.857,78.762,78.807,7953,0
2017-12-12,78.946,80.659,78.857,78.976,19560,0
2017-12-13,79.148,80.181,79.148,79.335,17662,0
2017-12-14,79.515,79.543,78.986,79.046,4726,0
2017-12-15,79.112,79.723,79.112,79.523,7451,0
2017-12-18,80.022,80.141,79.882,80.082,12335,0
2017-12-19,80.171,80.171,79.683,79.773,2487,0
2017-12-20,79.683,79.808,79.485,79.653,13353,0
2017-12-21,79.733,79.822,79.653,79.822,2175,0
2017-12-22,79.465,79.573,79.465,79.553,2815,0
2017-12-26,79.465,79.489,79.345,79.365,1715,0
2017-12-27,79.455,79.644,79.455,79.534,2355,0
2017-12-28,80.044,80.044,79.594,79.814,4352,0
2017-12-29,79.814,79.814,79.495,79.495,5465,0
2018-01-02,79.505,80.184,79.505,80.18,6408,0
2018-01-03,80.603,80.953,80.403,80.953,29040,0
2018-01-04,81.163,81.163,80.833,80.893,36671,0
2018-01-05,81.032,81.986,80.973,81.871,25482,0
2018-01-08,82.161,82.261,81.886,82.239,3473,0
2018-01-09,82.491,82.641,82.224,82.58,2074,0
2018-01-10,82.511,82.511,81.996,82.318,2020,0
2018-01-11,82.331,83.03,82.331,83.03,4477,0
2018-01-12,83.28,83.558,83.27,83.558,4409,0
2018-01-16,84.088,84.428,83.05,83.329,5007,0
2018-01-17,83.839,84.473,83.839,84.368,2124,0
2018-01-18,84.498,84.538,84.13,84.488,9331,0
2018-01-19,84.748,84.79,84.473,84.79,6006,0
2018-01-22,84.678,85.157,84.678,85.147,4674,0
2018-01-23,85.447,85.453,85.257,85.337,2994,0
2018-01-24,85.824,85.824,85.297,85.297,1457,0
2018-01-25,85.067,85.257,85.067,85.167,1722,0
2018-01-26,85.606,86.051,85.606,86.051,443,0
2018-01-29,85.706,85.936,85.452,85.584,1704,0
2018-01-30,84.638,84.659,84.135,84.42,4471,0
2018-01-31,84.977,85.267,84.723,84.867,1646,0
2018-02-01,84.578,84.858,84.228,84.308,5513,0
2018-02-02,84.138,84.138,82.411,82.56,4251,0
2018-02-05,81.642,82.463,79.325,79.415,9746,0
2018-02-06,77.347,80.613,77.347,80.613,216732,0
2018-02-07,80.843,81.672,80.154,80.154,12131,0
2018-02-08,79.694,79.694,76.908,76.908,8046,0
2018-02-09,78.076,78.466,76.479,78.466,7804,0
2018-02-12,79.235,79.599,78.484,79.155,3771,0
2018-02-13,78.516,79.429,78.516,79.165,9359,0
2018-02-14,79.235,80.134,79.133,80.134,2066,0
2018-02-15,81.342,81.342,80.234,81.122,4272,0
2018-02-16,81.577,81.592,81.452,81.452,1754,0
2018-02-20,80.753,81.377,80.753,80.753,3701,0
2018-02-21,81.653,82.146,81.562,81.562,3381,0
2018-02-22,81.667,81.667,81.132,81.357,1657,0
2018-02-23,81.991,81.991,81.469,81.871,5307,0
2018-02-26,82.85,83.174,82.806,83.174,1782,0
2018-02-27,83.16,83.319,82.465,82.695,2466,0
2018-02-28,82.471,82.471,82.471,82.471,217,0
2018-03-01,81.612,81.612,79.974,80.059,4995,0
2018-03-02,79.375,80.224,79.375,80.106,5889,0
2018-03-05,80.893,81.627,80.893,81.627,899,0
2018-03-06,82.201,82.201,81.682,81.712,1164,0
2018-03-07,80.883,82.08,80.883,82.067,7845,0
2018-03-08,82.71,82.71,82.091,82.096,3001,0
2018-03-09,83.565,83.749,83.565,83.749,1739,0
2018-03-12,84.246,84.246,83.879,83.879,1124,0
2018-03-13,84.337,84.337,83.689,83.689,1572,0
2018-03-14,83.25,83.25,82.7,82.7,961,0
2018-03-15,82.91,83.13,82.828,82.909,1570,0
2018-03-19,81.9,82.29,81.09,81.452,6625,0
2018-03-20,81.27,81.422,81.09,81.422,1408,0
2018-03-21,81.1403,81.79,81.1403,81.42,1642,0
2018-03-22,80.54,80.64,79.34,79.34,7285,0
2018-03-23,78.92,79.19,77.7568,77.77,3948,0
2018-03-26,78.3,78.94,77.59,78.94,10420,0
2018-03-27,79.4,79.75,77.41,77.41,1845,0
2018-03-28,77.84,77.9441,77.55,77.904,3993,0
2018-03-29,79.3,79.3,78.79,78.79,1034,0
