Date,Open,High,Low,Close,Volume,OpenInt
2009-03-06,11.915,11.915,11.915,11.915,0,0
2009-03-09,11.915,11.915,8.8137,10.246,0,0
2009-03-10,10.728,11.199,9.0584,9.775,0,0
2009-03-11,10.255,10.255,9.0584,9.53,0,0
2009-03-12,9.2948,9.2948,8.3422,8.5779,0,0
2009-03-13,8.5779,8.5779,8.3422,8.5779,0,0
2009-03-16,8.5779,8.5779,7.8616,8.3422,0,0
2009-03-17,8.3422,8.3422,7.1543,7.1543,0,0
2009-03-18,7.6348,7.6348,7.1543,7.6259,0,0
2009-03-19,7.3901,7.3901,6.9095,7.1543,0,0
2009-03-20,7.1543,7.8707,6.9185,7.8616,0,0
2009-03-23,8.0973,9.0584,8.0973,9.0584,0,0
2009-03-24,9.2948,9.775,8.8227,9.53,0,0
2009-03-25,9.0494,10.482,9.0494,10.482,0,0
2009-03-26,10.482,14.055,10.482,13.348,0,0
2009-03-27,13.583,17.165,13.112,13.819,0,0
2009-03-30,14.055,14.055,12.15,12.15,0,0
2009-03-31,12.868,12.868,11.915,12.396,0,0
2009-04-01,12.631,12.876,11.207,12.868,0,0
2009-04-02,12.631,15.016,12.631,13.819,0,0
2009-04-03,14.535,15.732,14.064,15.016,0,0
2009-04-06,15.016,15.968,14.3,14.3,0,0
2009-04-07,14.3,14.535,13.348,13.819,0,0
2009-04-08,13.819,14.3,13.348,14.064,0,0
2009-04-09,13.819,16.203,13.819,15.732,0,0
2009-04-14,15.968,16.203,15.488,15.488,0,0
2009-04-15,15.732,16.448,15.251,15.968,0,0
2009-04-16,16.448,17.156,15.968,16.92,0,0
2009-04-17,17.156,17.156,15.968,16.685,0,0
2009-04-20,16.92,16.92,15.732,15.968,0,0
2009-04-21,16.203,16.203,14.78,15.488,0,0
2009-04-22,15.732,16.448,15.732,15.968,0,0
2009-04-23,15.968,15.968,15.732,15.968,0,0
2009-04-24,15.968,15.968,15.488,15.968,0,0
2009-04-27,15.968,15.968,15.251,15.732,0,0
2009-04-28,15.251,15.251,15.016,15.251,0,0
2009-04-29,15.016,16.448,15.016,16.203,0,0
2009-04-30,16.203,16.448,15.968,15.968,0,0
2009-05-04,15.968,16.203,15.251,15.732,0,0
2009-05-05,15.488,15.488,15.016,15.251,0,0
2009-05-06,15.251,15.488,14.78,15.488,0,0
2009-05-07,15.488,15.488,14.3,14.3,0,0
2009-05-08,14.3,14.78,14.064,14.535,0,0
2009-05-11,14.78,14.78,13.348,13.819,0,0
2009-05-12,13.348,13.583,13.112,13.583,0,0
2009-05-13,13.348,13.348,12.631,12.868,0,0
2009-05-14,12.868,13.112,12.396,13.112,0,0
2009-05-15,13.583,14.064,13.112,14.064,0,0
2009-05-18,14.064,14.535,14.064,14.535,0,0
2009-05-19,14.3,14.3,14.3,14.3,0,0
2009-05-20,14.535,14.535,14.064,14.535,0,0
2009-05-21,14.3,14.3,14.064,14.064,0,0
2009-05-22,14.064,14.3,13.819,14.064,0,0
2009-05-25,14.3,14.3,13.819,14.064,0,0
2009-05-26,14.064,14.064,11.915,12.631,0,0
2009-05-27,12.631,12.631,11.915,11.915,0,0
2009-05-28,12.396,12.868,12.15,12.631,0,0
2009-05-29,12.868,13.583,11.915,13.348,0,0
2009-06-01,12.868,12.868,12.868,12.868,0,0
2009-06-02,13.112,13.112,12.15,12.631,0,0
2009-06-03,12.631,12.631,12.396,12.396,0,0
2009-06-04,12.396,13.348,12.396,13.348,0,0
2009-06-05,13.348,13.348,13.112,13.348,0,0
2009-06-08,13.348,13.348,13.112,13.112,0,0
2009-06-09,12.15,12.396,11.199,11.915,0,0
2009-06-10,11.915,11.915,10.01,10.728,0,0
2009-06-12,10.01,10.963,10.01,10.963,0,0
2009-06-15,10.963,10.963,10.482,10.963,0,0
2009-06-16,10.963,10.963,10.482,10.728,0,0
2009-06-17,10.01,10.482,10.01,10.482,0,0
2009-06-18,10.482,10.482,10.01,10.482,0,0
2009-06-19,10.728,10.728,10.01,10.482,0,0
2009-06-22,10.246,10.246,10.246,10.246,0,0
2009-06-23,10.246,10.246,10.01,10.246,0,0
2009-06-24,10.01,10.01,10.01,10.01,0,0
2009-06-25,10.246,10.246,10.01,10.246,0,0
2009-06-26,10.246,10.246,10.01,10.246,0,0
2009-06-29,10.246,10.246,9.2948,10.246,0,0
2009-06-30,10.01,10.246,10.01,10.246,0,0
2009-07-01,10.246,10.963,10.246,10.963,0,0
2009-07-02,10.963,10.963,10.482,10.963,0,0
2009-07-03,10.963,12.15,10.728,11.443,0,0
2009-07-06,12.15,12.15,11.678,11.915,0,0
2009-07-07,11.915,12.15,11.443,11.915,0,0
2009-07-08,11.443,11.678,11.443,11.678,0,0
2009-07-09,11.443,11.443,11.199,11.443,0,0
2009-07-10,11.443,11.443,10.482,11.199,0,0
2009-07-13,11.443,11.443,10.963,11.443,0,0
2009-07-14,11.443,11.443,10.482,11.199,0,0
2009-07-15,11.443,11.443,11.443,11.443,0,0
2009-07-16,11.443,11.443,10.482,10.963,0,0
2009-07-17,10.963,10.963,10.728,10.963,0,0
2009-07-20,10.963,11.199,10.246,11.199,0,0
2009-07-21,11.199,11.199,10.728,11.199,0,0
2009-07-22,11.199,11.199,10.482,10.963,0,0
2009-07-23,10.963,10.963,10.482,10.963,0,0
2009-07-24,10.963,11.443,10.728,11.443,0,0
2009-07-27,11.443,11.443,10.963,11.199,0,0
2009-07-28,11.443,11.915,11.199,11.915,0,0
2009-07-29,12.15,12.15,10.728,11.443,0,0
2009-07-30,11.443,11.678,10.963,11.678,0,0
2009-07-31,11.678,11.678,10.963,11.443,0,0
2009-08-03,11.443,11.443,10.482,10.728,0,0
2009-08-04,10.482,10.482,9.53,9.775,0,0
2009-08-05,10.482,10.482,9.775,10.482,0,0
2009-08-06,10.246,10.246,9.53,9.53,0,0
2009-08-07,10.246,10.246,10.01,10.01,0,0
2009-08-10,10.01,10.246,9.2948,10.246,0,0
2009-08-11,10.246,10.246,9.775,10.246,0,0
2009-08-12,10.01,10.246,9.53,10.246,0,0
2009-08-13,10.246,10.246,8.8137,9.0584,0,0
2009-08-14,9.53,10.01,9.2948,10.01,0,0
2009-08-17,9.775,10.01,9.2948,9.775,0,0
2009-08-18,9.775,9.775,9.0584,9.775,0,0
2009-08-19,9.775,9.775,9.0584,9.775,0,0
2009-08-20,9.53,9.775,9.2948,9.2948,0,0
2009-08-21,9.53,10.246,9.53,10.246,0,0
2009-08-24,10.246,10.246,9.53,10.01,0,0
2009-08-25,9.775,9.775,9.2948,9.53,0,0
2009-08-26,9.775,9.775,9.2948,9.775,0,0
2009-08-27,9.775,9.775,9.53,9.53,0,0
2009-08-28,9.775,9.775,9.2948,9.775,0,0
2009-08-31,9.775,9.775,9.2948,9.53,0,0
2009-09-01,9.53,9.53,9.2948,9.2948,0,0
2009-09-02,9.53,9.53,9.2948,9.53,0,0
2009-09-03,9.53,9.53,9.0584,9.53,0,0
2009-09-04,9.53,9.53,9.0584,9.53,0,0
2009-09-07,9.53,10.01,9.53,9.775,0,0
2009-09-08,9.775,9.775,9.2948,9.53,0,0
2009-09-09,9.53,9.53,9.2948,9.53,0,0
2009-09-10,9.53,10.01,9.0584,10.01,0,0
2009-09-11,10.01,10.01,9.775,9.775,0,0
2009-09-14,9.775,9.775,9.53,9.53,0,0
2009-09-15,9.775,9.775,9.2948,9.775,0,0
2009-09-16,9.775,9.775,9.53,9.775,0,0
2009-09-17,10.01,10.01,9.53,9.53,0,0
2009-09-18,9.53,9.775,9.53,9.775,0,0
2009-09-21,9.53,9.53,9.2948,9.53,0,0
2009-09-22,9.2948,9.53,9.2948,9.53,0,0
2009-09-23,9.53,9.775,9.2948,9.775,0,0
2009-09-24,9.53,9.775,9.53,9.775,0,0
2009-09-25,9.775,9.775,9.53,9.775,0,0
2009-09-28,9.775,9.775,9.53,9.775,0,0
2009-09-29,9.775,9.775,9.53,9.775,0,0
2009-09-30,9.53,9.53,9.53,9.53,0,0
2009-10-01,9.53,10.728,9.53,10.482,0,0
2009-10-02,10.246,10.246,9.53,10.01,0,0
2009-10-05,9.53,10.01,9.53,10.01,0,0
2009-10-06,10.01,10.01,10.01,10.01,0,0
2009-10-07,10.01,10.01,9.775,9.775,0,0
2009-10-08,10.01,10.01,9.53,9.775,0,0
2009-10-09,9.53,9.775,9.2948,9.775,0,0
2009-10-12,9.53,9.53,9.53,9.53,0,0
2009-10-13,9.53,9.775,9.53,9.775,0,0
2009-10-14,9.53,9.775,9.53,9.775,0,0
2009-10-15,9.53,9.775,9.53,9.775,0,0
2009-10-16,9.53,9.775,9.53,9.775,0,0
2009-10-19,9.53,9.775,9.53,9.775,0,0
2009-10-20,9.53,9.775,9.53,9.775,0,0
2009-10-21,9.53,9.775,9.53,9.775,0,0
2009-10-22,9.53,9.53,9.2948,9.53,0,0
2009-10-23,9.53,9.53,9.2948,9.53,0,0
2009-10-26,9.53,9.53,9.2948,9.53,0,0
2009-10-27,9.53,9.53,9.2948,9.53,0,0
2009-10-28,9.53,9.53,9.53,9.53,0,0
2009-10-29,9.2948,9.2948,9.0584,9.0584,0,0
2009-10-30,9.2948,9.2948,9.0584,9.2948,0,0
2009-11-02,9.2948,9.2948,9.0584,9.2948,0,0
2009-11-03,9.2948,9.2948,9.0584,9.2948,0,0
2009-11-04,9.2948,9.53,9.2948,9.53,0,0
2009-11-05,9.53,9.53,9.2948,9.53,0,0
2009-11-06,9.53,9.775,9.53,9.775,0,0
2009-11-09,9.53,9.775,9.53,9.775,0,0
2009-11-10,9.775,9.775,9.53,9.775,0,0
2009-11-12,9.53,9.53,9.53,9.53,0,0
2009-11-13,9.53,9.53,9.53,9.53,0,0
2009-11-16,9.775,9.775,9.53,9.775,0,0
2009-11-17,9.775,9.775,9.2948,9.53,0,0
2009-11-18,9.53,9.53,9.2948,9.53,0,0
2009-11-19,9.53,9.53,9.53,9.53,0,0
2009-11-20,9.53,9.53,9.53,9.53,0,0
2009-11-23,9.53,9.775,9.53,9.775,0,0
2009-11-24,9.775,9.775,9.2948,9.53,0,0
2009-11-25,9.53,9.53,9.53,9.53,0,0
2009-11-26,9.53,9.53,9.2948,9.53,0,0
2009-11-27,9.53,9.53,9.2948,9.2948,0,0
2009-11-30,9.2948,10.963,9.2948,10.963,0,0
2009-12-01,10.963,11.443,10.482,10.963,0,0
2009-12-02,10.246,10.728,10.01,10.246,0,0
2009-12-03,10.246,10.482,10.01,10.246,0,0
2009-12-04,10.246,10.246,10.01,10.246,0,0
2009-12-07,10.482,10.482,10.01,10.246,0,0
2009-12-08,10.246,10.246,10.01,10.246,0,0
2009-12-09,10.482,10.482,10.01,10.246,0,0
2009-12-10,10.246,12.15,10.01,11.443,0,0
2009-12-11,11.443,13.112,11.199,11.915,0,0
2009-12-14,11.915,11.915,11.678,11.915,0,0
2009-12-15,11.915,11.915,10.963,11.443,0,0
2009-12-16,10.963,11.443,10.482,10.963,0,0
2009-12-17,10.963,10.963,10.482,10.963,0,0
2009-12-18,10.963,10.963,10.246,10.728,0,0
2009-12-21,10.728,10.728,10.246,10.482,0,0
2009-12-22,10.728,10.728,10.482,10.482,0,0
2009-12-23,10.482,10.728,10.246,10.728,0,0
2009-12-28,9.53,10.246,9.53,10.246,0,0
2009-12-29,10.246,10.246,10.01,10.246,0,0
2009-12-30,10.482,10.482,9.775,10.482,0,0
2009-12-31,10.482,10.482,10.01,10.482,0,0
2010-01-04,10.482,10.482,10.01,10.482,0,0
2010-01-05,10.728,11.199,10.728,11.199,0,0
2010-01-06,11.199,11.199,11.199,11.199,0,0
2010-01-07,10.963,10.963,10.246,10.963,0,0
2010-01-08,10.963,10.963,10.482,10.963,0,0
2010-01-11,10.963,11.678,10.482,11.678,0,0
2010-01-12,11.678,11.678,10.963,10.963,0,0
2010-01-13,11.443,14.064,11.443,13.819,0,0
2010-01-14,13.819,14.3,13.583,13.819,0,0
2010-01-15,13.819,14.3,13.112,13.112,0,0
2010-01-18,13.819,13.819,12.868,13.819,0,0
2010-01-19,14.064,16.685,14.064,16.685,0,0
2010-01-20,16.685,16.92,15.488,16.448,0,0
2010-01-21,16.685,16.685,14.3,15.968,0,0
2010-01-22,15.251,15.251,12.868,15.016,0,0
2010-01-25,15.251,15.251,15.016,15.016,0,0
2010-01-26,14.3,14.3,13.112,14.064,0,0
2010-01-27,13.819,13.819,12.868,13.348,0,0
2010-01-28,13.348,13.583,12.631,13.112,0,0
2010-01-29,13.112,13.348,12.631,12.868,0,0
2010-02-01,13.348,13.583,13.112,13.583,0,0
2010-02-02,13.112,13.112,12.631,12.631,0,0
2010-02-03,12.631,12.631,11.915,12.631,0,0
2010-02-04,12.631,12.868,12.15,12.868,0,0
2010-02-05,12.631,12.868,11.915,12.868,0,0
2010-02-08,12.868,12.868,12.15,12.15,0,0
2010-02-09,12.868,12.868,11.915,12.868,0,0
2010-02-10,12.868,12.868,12.15,12.868,0,0
2010-02-11,12.868,12.868,12.15,12.396,0,0
2010-02-12,12.396,12.396,11.915,12.396,0,0
2010-02-15,12.396,12.396,11.678,11.678,0,0
2010-02-16,10.963,10.963,9.2948,9.2948,0,0
2010-02-17,9.2948,9.775,9.2948,9.775,0,0
2010-02-18,10.01,10.01,9.2948,9.53,0,0
2010-02-19,9.2948,9.2948,8.8137,9.2948,0,0
2010-02-22,8.8137,9.775,8.8137,9.775,0,0
2010-02-23,9.775,10.246,9.775,9.775,0,0
2010-02-24,10.01,10.01,9.775,10.01,0,0
2010-02-25,9.775,9.775,9.53,9.775,0,0
2010-02-26,9.775,9.775,9.53,9.775,0,0
2010-03-01,9.775,9.775,9.53,9.53,0,0
2010-03-02,9.775,10.482,9.53,9.775,0,0
2010-03-03,9.775,10.246,9.775,10.246,0,0
2010-03-04,10.246,10.246,10.01,10.246,0,0
2010-03-05,10.482,10.482,9.775,9.775,0,0
2010-03-08,10.246,10.246,9.775,10.246,0,0
2010-03-09,10.246,10.246,10.01,10.246,0,0
2010-03-10,10.246,10.246,9.775,10.01,0,0
2010-03-11,10.246,10.246,9.775,10.246,0,0
2010-03-12,10.246,10.246,9.775,10.01,0,0
2010-03-15,9.775,10.01,9.775,9.775,0,0
2010-03-16,9.53,9.775,9.2948,9.775,0,0
2010-03-17,9.53,9.53,9.2948,9.53,0,0
2010-03-18,9.2948,9.2948,9.0584,9.2948,0,0
2010-03-19,9.2948,9.53,9.2948,9.53,0,0
2010-03-22,9.53,9.53,9.2948,9.2948,0,0
2010-03-23,9.53,9.53,9.0584,9.0584,0,0
2010-03-24,9.2948,9.2948,9.0584,9.2948,0,0
2010-03-25,9.2948,9.2948,8.8137,9.2948,0,0
2010-03-26,9.2948,9.2948,8.8137,9.2948,0,0
2010-03-29,9.2948,9.2948,9.2948,9.2948,0,0
2010-03-30,9.2948,9.2948,9.0584,9.0584,0,0
2010-03-31,9.2948,9.2948,9.2948,9.2948,0,0
2010-04-01,9.2948,9.2948,9.2948,9.2948,0,0
2010-04-06,9.2948,9.2948,9.2948,9.2948,0,0
2010-04-07,9.2948,9.2948,9.2948,9.2948,0,0
2010-04-09,9.0584,9.0584,9.0584,9.0584,0,0
2010-04-12,9.2948,9.2948,9.0584,9.2948,0,0
2010-04-13,9.2948,9.2948,9.0584,9.2948,0,0
2010-04-14,9.2948,9.2948,9.0584,9.2948,0,0
2010-04-15,9.2948,9.2948,9.0584,9.2948,0,0
2010-04-16,9.2948,9.2948,9.0584,9.2948,0,0
2010-04-19,9.0584,9.2948,9.0584,9.2948,0,0
2010-04-20,9.2948,9.53,9.0584,9.53,0,0
2010-04-21,9.2948,9.53,9.0584,9.53,0,0
2010-04-22,9.53,9.53,9.53,9.53,0,0
2010-04-23,9.53,9.53,9.2948,9.53,0,0
2010-04-26,9.53,9.53,9.2948,9.2948,0,0
2010-04-27,9.0584,9.2948,9.0584,9.2948,0,0
2010-04-28,9.2948,9.2948,9.0584,9.2948,0,0
2010-04-29,9.2948,9.2948,9.2948,9.2948,0,0
2010-04-30,9.2948,9.2948,9.0584,9.2948,0,0
2010-05-04,9.2948,9.2948,9.0584,9.2948,0,0
2010-05-05,9.0584,9.2948,9.0584,9.2948,0,0
2010-05-06,9.2948,9.2948,9.0584,9.2948,0,0
2010-05-07,9.2948,9.2948,9.0584,9.2948,0,0
2010-05-10,9.2948,9.2948,9.0584,9.2948,0,0
2010-05-11,9.2948,9.775,9.2948,9.775,0,0
2010-05-12,9.775,9.775,9.2948,9.53,0,0
2010-05-13,9.53,9.53,9.2948,9.2948,0,0
2010-05-14,9.2948,9.2948,9.0584,9.2948,0,0
2010-05-17,9.2948,9.2948,9.0584,9.2948,0,0
2010-05-18,9.2948,9.2948,9.0584,9.2948,0,0
2010-05-19,9.2948,9.2948,9.0584,9.2948,0,0
2010-05-20,9.2948,9.2948,8.8137,9.0584,0,0
2010-05-21,9.0584,9.0584,8.8137,9.0584,0,0
2010-05-24,9.0584,9.0584,8.8137,8.8137,0,0
2010-05-25,9.0584,9.0584,8.8137,8.8137,0,0
2010-05-26,8.8137,9.0584,8.8137,9.0584,0,0
2010-05-27,9.0584,9.0584,9.0584,9.0584,0,0
2010-05-28,9.0584,9.0584,8.5779,8.5779,0,0
2010-05-31,8.8137,8.8137,8.8137,8.8137,0,0
2010-06-01,8.8137,8.8137,8.5779,8.8137,0,0
2010-06-02,8.8137,8.8137,8.5779,8.8137,0,0
2010-06-04,8.8137,8.8137,8.5779,8.8137,0,0
2010-06-07,8.8137,8.8137,8.3422,8.5779,0,0
2010-06-08,8.5779,8.5779,8.3422,8.5779,0,0
2010-06-09,8.5779,11.733,8.1065,11.733,0,0
2010-06-10,11.733,11.733,11.08,11.08,0,0
2010-06-11,11.733,11.733,11.08,11.733,0,0
2010-06-14,11.733,11.733,11.733,11.733,0,0
2010-06-15,11.733,11.733,11.407,11.733,0,0
2010-06-16,11.733,11.733,11.733,11.733,0,0
2010-06-17,11.733,11.733,11.733,11.733,0,0
2010-06-18,11.733,12.06,11.407,12.06,0,0
2010-06-21,12.06,12.06,11.733,12.06,0,0
2010-06-22,12.06,12.06,12.06,12.06,0,0
2010-06-23,12.06,12.06,11.407,12.06,0,0
2010-06-24,12.06,12.06,12.06,12.06,0,0
2010-06-25,12.06,12.06,12.06,12.06,0,0
2010-06-28,12.06,12.06,12.06,12.06,0,0
2010-06-29,12.06,12.06,11.407,11.407,0,0
2010-06-30,12.06,12.06,11.407,12.06,0,0
2010-07-01,12.06,12.06,11.407,12.06,0,0
2010-07-02,11.407,11.733,11.407,11.733,0,0
2010-07-05,12.06,12.06,11.407,12.06,0,0
2010-07-06,12.06,12.06,12.06,12.06,0,0
2010-07-07,12.06,12.06,12.06,12.06,0,0
2010-07-08,12.06,12.06,12.06,12.06,0,0
2010-07-09,12.06,12.06,12.06,12.06,0,0
2010-07-12,12.06,12.386,12.06,12.386,0,0
2010-07-13,12.386,12.704,12.386,12.704,0,0
2010-07-14,12.704,12.704,12.386,12.704,0,0
2010-07-15,12.704,12.704,12.704,12.704,0,0
2010-07-16,12.704,12.704,12.704,12.704,0,0
2010-07-19,12.704,12.704,12.386,12.704,0,0
2010-07-20,12.704,12.704,12.704,12.704,0,0
2010-07-21,12.704,12.704,12.704,12.704,0,0
2010-07-22,12.704,12.704,12.704,12.704,0,0
2010-07-23,12.704,12.704,12.386,12.704,0,0
2010-07-26,12.704,12.704,12.386,12.704,0,0
2010-07-27,12.386,12.704,12.06,12.704,0,0
2010-07-28,12.704,12.704,12.704,12.704,0,0
2010-07-29,12.704,12.704,12.704,12.704,0,0
2010-07-30,12.704,12.704,12.06,12.386,0,0
2010-08-02,12.704,12.704,12.386,12.704,0,0
2010-08-03,12.704,12.704,12.704,12.704,0,0
2010-08-04,12.704,12.704,12.704,12.704,0,0
2010-08-05,12.704,12.704,12.386,12.704,0,0
2010-08-06,12.704,13.357,12.386,13.357,0,0
2010-08-09,13.357,14.01,13.357,14.01,0,0
2010-08-10,14.01,15.315,14.01,14.662,0,0
2010-08-11,14.988,14.988,14.01,14.662,0,0
2010-08-12,14.662,14.988,14.662,14.988,0,0
2010-08-13,14.988,15.968,14.662,15.641,0,0
2010-08-16,15.641,15.641,14.988,15.641,0,0
2010-08-17,15.641,15.641,14.336,15.315,0,0
2010-08-18,15.315,15.315,15.315,15.315,0,0
2010-08-19,15.315,15.315,14.01,14.336,0,0
2010-08-20,14.662,14.662,14.01,14.336,0,0
2010-08-23,13.684,13.684,13.684,13.684,0,0
2010-08-24,14.01,14.01,14.01,14.01,0,0
2010-08-25,14.01,14.01,13.684,14.01,0,0
2010-08-27,14.01,14.01,14.01,14.01,0,0
2010-08-30,14.01,14.01,13.684,13.684,0,0
2010-08-31,13.684,14.01,13.684,14.01,0,0
2010-09-01,13.357,13.357,13.031,13.031,0,0
2010-09-02,13.684,13.684,13.684,13.684,0,0
2010-09-03,13.684,13.684,13.684,13.684,0,0
2010-09-06,13.031,13.031,13.031,13.031,0,0
2010-09-07,13.357,13.357,13.357,13.357,0,0
2010-09-08,13.684,13.684,13.684,13.684,0,0
2010-09-09,13.357,13.357,13.031,13.031,0,0
2010-09-10,13.031,13.031,13.031,13.031,0,0
2010-09-13,13.357,14.01,13.357,14.01,0,0
2010-09-14,14.336,14.336,14.336,14.336,0,0
2010-09-15,14.336,14.336,14.336,14.336,0,0
2010-09-16,14.336,14.336,13.684,14.336,0,0
2010-09-17,13.684,14.01,13.684,14.01,0,0
2010-09-20,14.01,14.01,13.684,13.684,0,0
2010-09-21,13.357,14.01,13.357,14.01,0,0
2010-09-22,13.684,14.01,13.684,14.01,0,0
2010-09-23,14.336,14.336,13.684,14.01,0,0
2010-09-24,14.01,14.01,13.684,14.01,0,0
2010-09-27,14.01,14.336,13.684,14.336,0,0
2010-09-28,14.336,14.336,14.01,14.336,0,0
2010-09-29,14.336,14.336,14.336,14.336,0,0
2010-09-30,14.336,14.336,13.684,14.01,0,0
2010-10-01,14.01,14.01,14.01,14.01,0,0
2010-10-04,14.01,17.591,14.01,16.947,0,0
2010-10-05,16.947,19.877,15.968,17.591,0,0
2010-10-06,17.273,17.917,15.641,15.968,0,0
2010-10-07,15.968,15.968,14.662,15.315,0,0
2010-10-08,15.315,15.315,14.336,14.662,0,0
2010-10-11,14.988,14.988,14.336,14.988,0,0
2010-10-12,14.336,15.315,14.336,14.988,0,0
2010-10-13,14.988,14.988,14.336,14.988,0,0
2010-10-14,14.988,14.988,14.336,14.988,0,0
2010-10-15,14.988,14.988,14.336,14.662,0,0
2010-10-18,14.988,16.62,14.988,15.641,0,0
2010-10-19,16.62,17.273,16.62,16.62,0,0
2010-10-20,16.947,16.947,15.641,16.62,0,0
2010-10-21,16.62,16.947,15.968,16.947,0,0
2010-10-22,16.947,16.947,15.968,16.62,0,0
2010-10-25,16.62,16.62,16.62,16.62,0,0
2010-10-26,16.62,16.62,15.641,16.294,0,0
2010-10-27,16.294,16.294,15.315,15.968,0,0
2010-10-28,15.968,15.968,15.315,15.641,0,0
2010-10-29,15.641,15.641,15.315,15.641,0,0
2010-11-02,15.641,15.968,15.641,15.968,0,0
2010-11-03,15.968,15.968,15.315,15.641,0,0
2010-11-04,15.968,15.968,15.315,15.641,0,0
2010-11-05,15.641,15.641,14.988,15.641,0,0
2010-11-08,15.641,15.641,15.641,15.641,0,0
2010-11-09,15.641,18.245,15.641,17.917,0,0
2010-11-10,17.591,17.917,16.947,16.947,0,0
2010-11-12,16.947,18.571,16.62,18.245,0,0
2010-11-15,18.245,18.571,17.273,17.917,0,0
2010-11-16,17.917,17.917,16.294,17.273,0,0
2010-11-17,17.273,17.273,16.294,16.947,0,0
2010-11-18,16.947,16.947,15.968,16.294,0,0
2010-11-19,16.294,16.947,15.968,15.968,0,0
2010-11-22,16.294,16.294,16.294,16.294,0,0
2010-11-23,16.294,16.294,15.315,15.968,0,0
2010-11-24,15.968,16.294,15.968,16.294,0,0
2010-11-25,16.294,18.245,16.294,17.917,0,0
2010-11-26,17.917,17.917,17.273,17.591,0,0
2010-11-29,17.591,18.245,17.591,17.591,0,0
2010-11-30,17.591,17.917,17.591,17.917,0,0
2010-12-01,17.917,17.917,17.273,17.591,0,0
2010-12-02,17.273,17.273,16.62,16.947,0,0
2010-12-03,16.947,17.273,16.62,17.273,0,0
2010-12-06,17.273,17.273,16.62,17.273,0,0
2010-12-07,17.273,17.273,16.947,16.947,0,0
2010-12-08,16.947,16.947,16.62,16.947,0,0
2010-12-09,16.947,16.947,16.62,16.947,0,0
2010-12-10,16.947,16.947,16.62,16.62,0,0
2010-12-13,16.947,16.947,16.294,16.62,0,0
2010-12-14,16.947,16.947,16.947,16.947,0,0
2010-12-15,16.294,16.947,16.294,16.947,0,0
2010-12-16,16.294,16.947,16.294,16.294,0,0
2010-12-17,16.294,16.62,16.294,16.294,0,0
2010-12-20,16.62,16.62,15.968,16.294,0,0
2010-12-21,15.968,16.62,15.641,16.294,0,0
2010-12-22,16.294,16.294,16.294,16.294,0,0
2010-12-23,16.294,16.294,15.641,16.294,0,0
2010-12-27,16.294,16.294,16.294,16.294,0,0
2010-12-28,16.294,16.294,15.315,15.968,0,0
2010-12-29,15.968,15.968,15.315,15.968,0,0
2010-12-30,15.315,15.968,15.315,15.968,0,0
2010-12-31,15.315,15.968,15.315,15.968,0,0
2011-01-03,16.294,16.294,15.641,16.294,0,0
2011-01-05,15.641,16.294,15.641,16.294,0,0
2011-01-07,15.641,16.294,15.641,16.294,0,0
2011-01-10,15.641,15.968,15.641,15.968,0,0
2011-01-11,15.968,15.968,15.641,15.968,0,0
2011-01-12,15.968,15.968,15.641,15.968,0,0
2011-01-13,15.641,15.968,15.641,15.968,0,0
2011-01-14,15.968,15.968,15.968,15.968,0,0
2011-01-17,15.968,15.968,15.641,15.968,0,0
2011-01-18,15.968,16.294,15.641,15.968,0,0
2011-01-19,16.294,16.294,16.294,16.294,0,0
2011-01-20,16.294,16.294,16.294,16.294,0,0
2011-01-21,16.294,16.294,15.968,16.294,0,0
2011-01-24,16.294,16.294,15.641,16.294,0,0
2011-01-25,16.294,16.294,15.968,16.294,0,0
2011-01-26,16.294,16.62,15.968,16.294,0,0
2011-01-27,16.294,16.294,15.968,15.968,0,0
2011-01-28,16.294,16.294,16.294,16.294,0,0
2011-01-31,16.294,16.294,16.294,16.294,0,0
2011-02-01,16.294,16.294,15.641,16.294,0,0
2011-02-02,16.294,16.294,15.315,16.294,0,0
2011-02-03,16.294,16.294,15.641,16.294,0,0
2011-02-04,16.294,16.294,16.294,16.294,0,0
2011-02-07,16.294,16.294,15.641,16.294,0,0
2011-02-08,16.294,16.294,15.968,15.968,0,0
2011-02-09,15.968,15.968,15.968,15.968,0,0
2011-02-10,15.968,16.294,15.968,15.968,0,0
2011-02-11,16.294,16.947,15.641,16.62,0,0
2011-02-14,16.62,16.947,15.968,16.294,0,0
2011-02-15,16.294,16.294,15.641,16.294,0,0
2011-02-16,15.968,15.968,15.315,15.968,0,0
2011-02-17,15.968,15.968,15.968,15.968,0,0
2011-02-18,15.968,15.968,14.336,14.662,0,0
2011-02-21,14.662,14.988,14.662,14.988,0,0
2011-02-22,14.988,14.988,14.336,14.662,0,0
2011-02-23,14.662,14.662,14.662,14.662,0,0
2011-02-24,14.662,14.662,14.336,14.336,0,0
2011-02-25,14.336,14.336,14.336,14.336,0,0
2011-02-28,14.336,14.988,14.336,14.662,0,0
2011-03-01,14.336,14.988,14.336,14.662,0,0
2011-03-02,14.662,14.988,14.336,14.988,0,0
2011-03-03,14.988,14.988,14.336,14.988,0,0
2011-03-04,14.988,14.988,14.988,14.988,0,0
2011-03-07,14.988,15.315,14.662,15.315,0,0
2011-03-08,15.315,15.315,14.662,15.315,0,0
2011-03-09,14.662,15.315,14.336,14.988,0,0
2011-03-10,14.988,14.988,14.662,14.988,0,0
2011-03-11,14.988,14.988,14.988,14.988,0,0
2011-03-14,14.988,14.988,14.988,14.988,0,0
2011-03-15,14.988,14.988,14.336,14.988,0,0
2011-03-16,14.988,14.988,14.988,14.988,0,0
2011-03-17,14.988,14.988,14.662,14.988,0,0
2011-03-18,14.988,14.988,14.662,14.662,0,0
2011-03-21,14.662,14.662,14.336,14.662,0,0
2011-03-22,14.662,14.662,14.01,14.336,0,0
2011-03-23,14.662,14.662,14.336,14.336,0,0
2011-03-24,14.662,14.662,14.01,14.01,0,0
2011-03-25,14.336,14.336,14.336,14.336,0,0
2011-03-30,14.01,14.336,14.01,14.336,0,0
2011-03-31,14.336,14.336,14.336,14.336,0,0
2011-04-01,14.336,14.336,14.336,14.336,0,0
2011-04-04,14.336,14.336,14.336,14.336,0,0
2011-04-05,14.336,14.336,14.336,14.336,0,0
2011-04-07,14.336,14.336,14.336,14.336,0,0
2011-04-08,14.336,14.336,14.336,14.336,0,0
2011-04-11,14.336,14.336,14.336,14.336,0,0
2011-04-12,14.336,14.336,14.01,14.336,0,0
2011-04-13,14.336,14.336,14.336,14.336,0,0
2011-04-14,14.336,14.336,14.336,14.336,0,0
2011-04-15,14.01,14.01,14.01,14.01,0,0
2011-04-18,14.01,14.01,14.01,14.01,0,0
2011-04-19,14.01,14.01,14.01,14.01,0,0
2011-04-20,14.01,14.01,14.01,14.01,0,0
2011-04-26,13.031,14.336,13.031,13.684,0,0
2011-04-27,13.684,14.662,13.684,14.662,0,0
2011-04-28,14.336,14.662,14.336,14.662,0,0
2011-04-29,14.336,14.662,14.336,14.662,0,0
2011-05-02,14.988,14.988,14.988,14.988,0,0
2011-05-04,14.662,14.662,14.662,14.662,0,0
2011-05-05,14.336,14.336,14.01,14.01,0,0
2011-05-06,14.01,14.01,13.357,14.01,0,0
2011-05-09,14.662,14.662,13.684,14.336,0,0
2011-05-10,14.01,14.01,14.01,14.01,0,0
2011-05-11,14.01,14.01,14.01,14.01,0,0
2011-05-12,14.336,14.336,14.336,14.336,0,0
2011-05-13,14.336,14.336,14.336,14.336,0,0
2011-05-16,14.336,14.336,14.336,14.336,0,0
2011-05-17,14.336,14.988,14.01,14.336,0,0
2011-05-18,14.336,14.336,14.336,14.336,0,0
2011-05-19,14.662,14.662,14.336,14.336,0,0
2011-05-20,14.662,14.662,14.662,14.662,0,0
2011-05-23,14.336,14.336,14.336,14.336,0,0
2011-05-24,14.336,14.336,14.336,14.336,0,0
2011-05-25,14.336,14.336,14.336,14.336,0,0
2011-05-27,14.336,14.336,14.01,14.01,0,0
2011-05-30,14.662,14.662,13.684,14.01,0,0
2011-05-31,14.01,14.01,13.031,13.357,0,0
2011-06-01,13.357,13.357,13.357,13.357,0,0
2011-06-02,13.357,14.01,13.357,14.01,0,0
2011-06-03,14.01,14.01,13.684,14.01,0,0
2011-06-06,14.01,14.01,14.01,14.01,0,0
2011-06-07,14.01,14.01,13.684,14.01,0,0
2011-06-08,13.684,14.01,13.684,14.01,0,0
2011-06-09,14.01,14.01,14.01,14.01,0,0
2011-06-10,14.01,14.01,13.684,13.684,0,0
2011-06-13,13.684,13.684,13.357,13.357,0,0
2011-06-14,13.684,13.684,13.357,13.684,0,0
2011-06-15,13.684,13.684,13.684,13.684,0,0
2011-06-16,13.684,13.684,13.684,13.684,0,0
2011-06-17,13.684,13.684,13.684,13.684,0,0
2011-06-20,13.684,13.684,13.684,13.684,0,0
2011-06-21,13.684,13.684,13.031,13.684,0,0
2011-06-22,13.357,13.684,13.357,13.684,0,0
2011-06-24,13.684,13.684,13.684,13.684,0,0
2011-06-27,13.684,13.684,13.684,13.684,0,0
2011-06-28,13.684,13.684,13.684,13.684,0,0
2011-06-29,13.357,13.357,13.357,13.357,0,0
2011-06-30,13.684,13.684,13.684,13.684,0,0
2011-07-01,13.684,13.684,13.684,13.684,0,0
2011-07-04,13.357,13.357,13.357,13.357,0,0
2011-07-05,13.684,13.684,13.357,13.684,0,0
2011-07-06,13.684,13.684,13.684,13.684,0,0
2011-07-07,13.684,13.684,13.357,13.357,0,0
2011-07-08,13.684,13.684,13.684,13.684,0,0
2011-07-11,13.684,13.684,13.357,13.684,0,0
2011-07-12,13.684,13.684,13.031,13.031,0,0
2011-07-13,13.357,13.357,13.031,13.357,0,0
2011-07-14,13.357,13.357,13.357,13.357,0,0
2011-07-15,13.357,13.357,13.031,13.357,0,0
2011-07-18,13.357,13.357,13.357,13.357,0,0
2011-07-19,13.357,13.357,13.357,13.357,0,0
2011-07-20,13.357,13.357,13.357,13.357,0,0
2011-07-21,13.357,13.357,13.031,13.357,0,0
2011-07-22,13.357,13.357,13.357,13.357,0,0
2011-07-25,13.357,13.357,13.357,13.357,0,0
2011-07-26,13.357,13.357,13.031,13.357,0,0
2011-07-27,12.704,12.704,12.06,12.06,0,0
2011-07-28,12.386,13.031,12.386,13.031,0,0
2011-07-29,13.031,13.031,13.031,13.031,0,0
2011-08-01,13.031,13.031,13.031,13.031,0,0
2011-08-02,13.031,13.031,13.031,13.031,0,0
2011-08-03,13.031,13.031,13.031,13.031,0,0
2011-08-04,13.031,13.031,12.386,12.386,0,0
2011-08-05,12.386,12.386,11.733,12.386,0,0
2011-08-08,12.386,12.386,12.386,12.386,0,0
2011-08-09,12.386,12.386,11.407,11.407,0,0
2011-08-10,12.06,12.06,12.06,12.06,0,0
2011-08-11,12.06,12.06,12.06,12.06,0,0
2011-08-12,12.06,12.06,11.407,12.06,0,0
2011-08-16,12.06,12.06,12.06,12.06,0,0
2011-08-17,12.06,12.06,12.06,12.06,0,0
2011-08-18,12.06,12.386,11.08,11.733,0,0
2011-08-19,11.733,11.733,10.427,11.407,0,0
2011-08-22,11.407,11.407,10.427,11.08,0,0
2011-08-23,11.08,11.407,10.754,11.407,0,0
2011-08-24,11.407,11.407,11.08,11.407,0,0
2011-08-25,11.407,11.407,11.08,11.08,0,0
2011-08-26,11.407,11.407,11.407,11.407,0,0
2011-08-29,11.407,11.407,11.407,11.407,0,0
2011-08-30,11.407,12.06,11.407,12.06,0,0
2011-08-31,12.06,12.06,12.06,12.06,0,0
2011-09-01,12.06,12.06,12.06,12.06,0,0
2011-09-02,12.06,12.06,11.407,12.06,0,0
2011-09-05,12.06,12.06,11.407,11.407,0,0
2011-09-06,11.407,11.407,11.407,11.407,0,0
2011-09-07,11.407,11.407,11.407,11.407,0,0
2011-09-08,11.407,11.407,11.407,11.407,0,0
2011-09-09,11.407,11.407,11.407,11.407,0,0
2011-09-12,11.407,11.407,10.754,11.407,0,0
2011-09-13,11.407,11.407,11.407,11.407,0,0
2011-09-14,11.407,11.407,11.407,11.407,0,0
2011-09-15,11.407,11.407,11.407,11.407,0,0
2011-09-16,11.407,11.407,11.407,11.407,0,0
2011-09-19,11.08,11.08,11.08,11.08,0,0
2011-09-20,11.407,11.407,10.754,11.407,0,0
2011-09-21,11.407,11.407,10.427,10.754,0,0
2011-09-22,11.08,11.08,10.101,10.427,0,0
2011-09-23,10.427,10.427,10.427,10.427,0,0
2011-09-26,10.427,10.427,10.427,10.427,0,0
2011-09-27,10.427,10.427,10.427,10.427,0,0
2011-09-28,10.427,10.427,10.427,10.427,0,0
2011-09-29,10.754,10.754,10.754,10.754,0,0
2011-09-30,10.754,10.754,10.754,10.754,0,0
2011-10-03,10.754,10.754,10.754,10.754,0,0
2011-10-04,10.754,10.754,10.101,10.101,0,0
2011-10-05,10.754,10.754,10.754,10.754,0,0
2011-10-06,10.754,10.754,10.754,10.754,0,0
2011-10-07,10.754,10.754,10.754,10.754,0,0
2011-10-10,10.754,11.08,10.754,11.08,0,0
2011-10-11,11.08,11.08,11.08,11.08,0,0
2011-10-12,11.08,11.407,11.08,11.407,0,0
2011-10-13,11.407,11.407,11.407,11.407,0,0
2011-10-14,11.407,11.407,11.407,11.407,0,0
2011-10-17,11.407,11.733,11.407,11.733,0,0
2011-10-18,11.733,11.733,11.407,11.733,0,0
2011-10-19,11.733,11.733,11.733,11.733,0,0
2011-10-20,11.733,11.733,11.733,11.733,0,0
2011-10-21,11.733,11.733,11.733,11.733,0,0
2011-10-24,11.733,11.733,11.733,11.733,0,0
2011-10-25,11.733,11.733,11.407,11.733,0,0
2011-10-26,11.733,11.733,11.733,11.733,0,0
2011-10-27,11.733,11.733,11.407,11.733,0,0
2011-10-28,11.733,11.733,11.407,11.407,0,0
2011-10-31,11.733,11.733,11.733,11.733,0,0
2011-11-02,11.733,11.733,11.733,11.733,0,0
2011-11-03,11.733,11.733,11.733,11.733,0,0
2011-11-04,11.733,11.733,11.733,11.733,0,0
2011-11-07,11.733,11.733,11.733,11.733,0,0
2011-11-08,11.733,11.733,11.733,11.733,0,0
2011-11-09,11.733,11.733,11.733,11.733,0,0
2011-11-10,11.733,11.733,11.733,11.733,0,0
2011-11-14,11.733,11.733,11.733,11.733,0,0
2011-11-15,11.733,12.06,11.733,12.06,0,0
2011-11-16,12.06,12.704,12.06,12.704,0,0
2011-11-17,12.386,12.386,12.386,12.386,0,0
2011-11-18,12.386,12.386,12.386,12.386,0,0
2011-11-21,12.06,12.06,12.06,12.06,0,0
2011-11-22,12.06,12.06,12.06,12.06,0,0
2011-11-23,11.733,12.06,11.733,12.06,0,0
2011-11-24,11.733,11.733,11.407,11.407,0,0
2011-11-25,11.733,11.733,11.08,11.08,0,0
2011-11-28,11.733,11.733,11.733,11.733,0,0
2011-11-29,11.407,11.407,11.407,11.407,0,0
2011-11-30,11.407,11.407,11.407,11.407,0,0
2011-12-01,11.407,11.407,11.407,11.407,0,0
2011-12-02,11.407,11.407,11.407,11.407,0,0
2011-12-05,11.407,11.407,11.407,11.407,0,0
2011-12-06,11.407,11.407,11.407,11.407,0,0
2011-12-07,11.407,11.407,11.407,11.407,0,0
2011-12-08,11.407,11.407,11.407,11.407,0,0
2011-12-09,11.407,11.407,11.407,11.407,0,0
2011-12-12,11.407,11.407,11.407,11.407,0,0
2011-12-13,11.407,11.407,11.08,11.407,0,0
2011-12-14,11.407,11.407,11.407,11.407,0,0
2011-12-15,11.08,11.407,11.08,11.407,0,0
2011-12-16,11.407,11.407,11.407,11.407,0,0
2011-12-19,11.407,11.407,11.08,11.407,0,0
2011-12-20,11.407,11.407,11.08,11.407,0,0
2011-12-21,11.407,11.407,11.08,11.407,0,0
2011-12-22,11.407,11.407,11.08,11.407,0,0
2011-12-23,11.407,11.407,10.754,11.407,0,0
2011-12-27,11.407,11.733,11.407,11.733,0,0
2011-12-28,11.733,11.733,11.407,11.733,0,0
2011-12-29,11.733,12.704,11.733,12.704,0,0
2011-12-30,12.063,12.389,11.729,11.729,0,0
2012-01-02,11.407,12.704,11.407,12.704,0,0
2012-01-03,12.704,12.704,12.386,12.386,0,0
2012-01-04,12.386,12.386,12.386,12.386,0,0
2012-01-05,12.06,12.06,12.06,12.06,0,0
2012-01-09,12.06,12.06,12.06,12.06,0,0
2012-01-10,12.06,12.06,12.06,12.06,0,0
2012-01-11,12.06,12.06,11.407,11.733,0,0
2012-01-12,11.733,11.733,11.733,11.733,0,0
2012-01-13,11.733,11.733,11.733,11.733,0,0
2012-01-16,11.733,11.733,11.733,11.733,0,0
2012-01-17,11.733,11.733,11.733,11.733,0,0
2012-01-18,11.733,11.733,11.733,11.733,0,0
2012-01-19,11.733,11.733,11.733,11.733,0,0
2012-01-20,11.733,12.386,11.733,12.386,0,0
2012-01-23,12.386,13.031,12.386,12.704,0,0
2012-01-24,12.704,12.704,12.704,12.704,0,0
2012-01-25,12.704,13.031,12.704,13.031,0,0
2012-01-26,13.031,13.684,13.031,13.684,0,0
2012-01-27,13.684,14.336,13.684,14.336,0,0
2012-01-30,14.662,15.641,14.662,14.662,0,0
2012-01-31,14.667,15.317,14.667,15.317,0,0
2012-02-01,14.662,15.315,14.662,15.315,0,0
2012-02-02,15.315,15.315,15.315,15.315,0,0
2012-02-03,14.988,14.988,14.988,14.988,0,0
2012-02-06,14.988,14.988,14.988,14.988,0,0
2012-02-07,14.988,14.988,14.988,14.988,0,0
2012-02-08,14.988,14.988,14.988,14.988,0,0
2012-02-09,14.988,14.988,14.988,14.988,0,0
2012-02-10,14.988,14.988,14.988,14.988,0,0
2012-02-13,14.988,14.988,14.988,14.988,0,0
2012-02-14,14.988,14.988,14.988,14.988,0,0
2012-02-15,14.988,14.988,14.988,14.988,0,0
2012-02-16,14.988,14.988,14.988,14.988,0,0
2012-02-17,14.988,14.988,14.988,14.988,0,0
2012-02-20,14.988,15.315,14.988,15.315,0,0
2012-02-21,15.315,15.315,15.315,15.315,0,0
2012-02-22,15.315,15.315,13.684,14.662,0,0
2012-02-23,14.662,14.662,14.662,14.662,0,0
2012-02-24,14.662,14.662,13.684,14.662,0,0
2012-02-27,14.662,14.662,14.662,14.662,0,0
2012-02-28,14.662,14.662,13.357,14.662,0,0
2012-02-29,14.336,14.662,14.336,14.662,0,0
2012-03-01,14.662,14.662,14.662,14.662,0,0
2012-03-02,14.662,14.662,14.662,14.662,0,0
2012-03-05,14.662,14.662,14.662,14.662,0,0
2012-03-06,14.662,14.662,14.662,14.662,0,0
2012-03-07,14.662,14.662,14.662,14.662,0,0
2012-03-08,14.336,14.662,14.01,14.662,0,0
2012-03-09,14.662,14.662,14.662,14.662,0,0
2012-03-12,14.662,14.662,14.662,14.662,0,0
2012-03-13,14.662,14.662,14.662,14.662,0,0
2012-03-14,14.662,14.662,14.662,14.662,0,0
2012-03-15,14.662,14.662,13.684,13.684,0,0
2012-03-16,14.662,14.662,14.662,14.662,0,0
2012-03-19,14.662,14.662,14.662,14.662,0,0
2012-03-20,14.662,14.662,14.01,14.662,0,0
2012-03-21,14.662,14.662,14.662,14.662,0,0
2012-03-23,14.662,14.662,13.031,13.031,0,0
2012-03-26,13.031,13.684,13.031,13.684,0,0
2012-03-27,14.336,14.336,14.336,14.336,0,0
2012-03-28,14.336,14.336,14.336,14.336,0,0
2012-03-29,14.336,14.336,13.031,13.031,0,0
2012-04-02,14.336,14.336,14.336,14.336,0,0
2012-04-03,14.336,14.336,14.336,14.336,0,0
2012-04-05,14.336,14.336,14.336,14.336,0,0
2012-04-12,13.357,13.357,13.031,13.031,0,0
2012-04-13,13.031,13.031,13.031,13.031,0,0
2012-04-16,13.031,13.031,13.031,13.031,0,0
2012-04-18,14.01,14.01,14.01,14.01,0,0
2012-04-19,13.357,13.357,13.357,13.357,0,0
2012-04-20,13.357,13.357,13.357,13.357,0,0
2012-04-23,13.031,13.031,13.031,13.031,0,0
2012-04-25,13.031,13.031,12.704,12.704,0,0
2012-04-26,12.704,12.704,12.704,12.704,0,0
2012-05-02,12.704,12.704,12.704,12.704,0,0
2012-05-04,12.704,12.704,12.704,12.704,0,0
2012-05-11,12.704,12.704,12.704,12.704,0,0
2012-05-15,12.704,12.704,12.704,12.704,0,0
2012-05-16,12.704,12.704,12.704,12.704,0,0
2012-05-17,12.704,12.704,12.704,12.704,0,0
2012-05-18,12.704,12.704,12.704,12.704,0,0
2012-05-22,12.704,12.704,12.704,12.704,0,0
2012-05-23,12.704,12.704,12.704,12.704,0,0
2012-05-24,12.704,12.704,12.704,12.704,0,0
2012-05-25,12.704,12.704,12.704,12.704,0,0
2012-05-28,12.704,12.704,12.704,12.704,0,0
2012-05-29,12.704,12.704,12.704,12.704,0,0
2012-05-30,12.704,12.704,12.704,12.704,0,0
2012-06-01,12.704,12.704,12.704,12.704,0,0
2012-06-05,12.386,12.704,12.386,12.386,0,0
2012-06-06,12.704,12.704,12.704,12.704,0,0
2012-06-08,12.704,12.704,12.704,12.704,0,0
2012-06-11,13.031,13.031,12.704,12.704,0,0
2012-06-12,13.031,13.031,12.704,13.031,0,0
2012-06-13,13.031,13.031,13.031,13.031,0,0
2012-06-14,13.031,13.031,13.031,13.031,0,0
2012-06-15,13.031,13.031,13.031,13.031,0,0
2012-06-18,13.031,13.031,13.031,13.031,0,0
2012-06-19,13.031,13.031,13.031,13.031,0,0
2012-06-20,13.031,13.031,13.031,13.031,0,0
2012-06-21,13.031,13.031,13.031,13.031,0,0
2012-06-22,13.031,13.031,13.031,13.031,0,0
2012-06-25,13.031,13.031,13.031,13.031,0,0
2012-06-26,13.031,13.031,13.031,13.031,0,0
2012-06-27,13.031,13.031,13.031,13.031,0,0
2012-06-28,13.357,13.357,13.357,13.357,0,0
2012-06-29,13.356,13.356,13.356,13.356,0,0
2012-07-02,13.357,13.357,13.357,13.357,0,0
2012-07-03,13.357,13.357,13.357,13.357,0,0
2012-07-04,13.357,13.357,13.357,13.357,0,0
2012-07-05,13.357,13.357,13.031,13.031,0,0
2012-07-06,13.031,13.031,13.031,13.031,0,0
2012-07-09,13.031,13.031,13.031,13.031,0,0
2012-07-10,13.031,13.031,13.031,13.031,0,0
2012-07-11,13.031,13.031,12.386,12.386,0,0
2012-07-12,12.386,12.386,12.386,12.386,0,0
2012-07-13,12.386,12.386,12.386,12.386,0,0
2012-07-16,12.386,12.386,12.386,12.386,0,0
2012-07-17,12.386,12.386,12.386,12.386,0,0
2012-07-18,12.389,12.389,12.389,12.389,0,0
2012-07-19,12.386,12.386,11.733,11.733,0,0
2012-07-20,11.733,11.733,11.733,11.733,0,0
2012-07-23,11.733,11.733,11.733,11.733,0,0
2012-07-24,11.729,11.729,11.729,11.729,0,0
2012-07-25,11.733,11.733,11.733,11.733,0,0
2012-07-26,11.733,12.06,11.733,12.06,0,0
2012-07-27,12.06,12.06,12.06,12.06,0,0
2012-07-30,12.06,12.06,12.06,12.06,0,0
2012-07-31,12.063,12.063,12.063,12.063,0,0
2012-08-01,12.06,12.06,12.06,12.06,0,0
2012-08-02,12.06,12.06,12.06,12.06,0,0
2012-08-03,12.06,13.031,12.06,13.031,0,0
2012-08-06,13.031,13.031,13.031,13.031,0,0
2012-08-07,13.031,13.031,13.031,13.031,0,0
2012-08-08,13.031,13.031,13.031,13.031,0,0
2012-08-09,13.031,13.031,13.031,13.031,0,0
2012-08-10,13.031,13.031,11.733,11.733,0,0
2012-08-13,11.733,11.733,11.733,11.733,0,0
2012-08-14,11.733,11.733,11.733,11.733,0,0
2012-08-16,11.733,11.733,11.733,11.733,0,0
2012-08-17,11.733,11.733,11.733,11.733,0,0
2012-08-20,11.733,11.733,11.733,11.733,0,0
2012-08-21,11.733,12.06,11.733,12.06,0,0
2012-08-22,12.06,12.06,12.06,12.06,0,0
2012-08-23,12.704,12.704,12.704,12.704,0,0
2012-08-24,12.704,12.704,12.704,12.704,0,0
2012-08-27,12.704,12.704,11.407,12.06,0,0
2012-08-28,12.06,12.06,10.427,10.427,0,0
2012-08-29,10.427,10.427,10.427,10.427,0,0
2012-08-30,10.427,10.427,10.427,10.427,0,0
2012-08-31,10.754,11.078,10.754,11.078,0,0
2012-09-03,11.407,11.407,10.754,10.754,0,0
2012-09-04,10.754,12.705,10.754,12.705,0,0
2012-09-05,12.705,13.356,12.705,13.356,0,0
2012-09-06,13.356,13.356,13.356,13.356,0,0
2012-09-07,13.356,13.356,11.729,11.729,0,0
2012-09-10,13.031,13.031,13.031,13.031,0,0
2012-09-11,13.031,13.031,13.031,13.031,0,0
2012-09-12,13.031,13.031,13.031,13.031,0,0
2012-09-13,13.031,13.031,13.031,13.031,0,0
2012-09-14,13.031,13.356,13.031,13.356,0,0
2012-09-17,13.356,13.356,13.356,13.356,0,0
2012-09-18,13.69,13.69,13.69,13.69,0,0
2012-09-19,13.356,13.356,13.356,13.356,0,0
2012-09-20,12.362,13.021,12.362,13.021,0,0
2012-09-21,13.021,13.021,13.021,13.021,0,0
2012-09-24,13.021,13.021,13.021,13.021,0,0
2012-09-25,13.021,13.021,13.021,13.021,0,0
2012-09-26,13.021,13.021,13.021,13.021,0,0
2012-09-27,13.021,13.021,13.021,13.021,0,0
2012-09-28,13.021,13.021,13.021,13.021,0,0
2012-10-01,13.021,13.021,12.026,13.021,0,0
2012-10-02,13.021,13.021,13.021,13.021,0,0
2012-10-03,13.021,13.021,12.697,12.697,0,0
2012-10-04,12.697,12.697,12.697,12.697,0,0
2012-10-05,12.697,12.697,12.697,12.697,0,0
2012-10-08,13.021,13.021,13.021,13.021,0,0
2012-10-09,13.021,13.021,12.026,12.026,0,0
2012-10-10,13.021,13.021,12.026,12.026,0,0
2012-10-11,13.021,13.021,13.021,13.021,0,0
2012-10-12,13.021,13.021,13.021,13.021,0,0
2012-10-15,13.021,13.021,13.021,13.021,0,0
2012-10-16,13.021,13.021,12.026,13.021,0,0
2012-10-17,13.021,13.021,13.021,13.021,0,0
2012-10-18,13.021,13.021,13.021,13.021,0,0
2012-10-19,13.021,13.021,13.021,13.021,0,0
2012-10-22,13.356,13.356,11.692,11.692,0,0
2012-10-23,11.692,11.692,11.692,11.692,0,0
2012-10-24,11.692,11.692,11.692,11.692,0,0
2012-10-25,11.692,11.692,11.692,11.692,0,0
2012-10-26,11.692,11.692,11.692,11.692,0,0
2012-10-29,11.692,11.692,11.692,11.692,0,0
2012-10-30,11.692,11.692,11.692,11.692,0,0
2012-10-31,11.692,11.692,11.692,11.692,0,0
2012-11-02,11.692,11.692,11.692,11.692,0,0
2012-11-05,11.692,11.692,11.692,11.692,0,0
2012-11-06,11.692,11.692,11.692,11.692,0,0
2012-11-07,11.692,11.692,11.692,11.692,0,0
2012-11-08,11.692,11.692,11.692,11.692,0,0
2012-11-09,11.692,11.692,11.692,11.692,0,0
2012-11-12,11.692,11.692,11.692,11.692,0,0
2012-11-13,11.692,11.692,11.692,11.692,0,0
2012-11-14,11.692,11.692,11.692,11.692,0,0
2012-11-15,11.692,11.692,11.692,11.692,0,0
2012-11-20,11.692,11.692,11.692,11.692,0,0
2012-11-26,12.026,12.026,12.026,12.026,0,0
2012-11-28,12.697,12.697,12.026,12.697,0,0
2012-12-03,13.021,13.021,13.021,13.021,0,0
2012-12-17,12.026,12.026,12.026,12.026,0,0
2012-12-18,12.697,13.021,12.362,13.021,0,0
2012-12-19,12.026,12.026,12.026,12.026,0,0
2012-12-20,12.697,12.697,12.697,12.697,0,0
2012-12-28,12.362,12.362,12.362,12.362,0,0
2013-01-02,13.021,13.021,13.021,13.021,0,0
2013-01-03,12.362,12.362,12.362,12.362,0,0
2013-01-09,12.362,12.362,12.362,12.362,0,0
2013-01-10,12.362,12.362,12.362,12.362,0,0
2013-01-11,13.021,13.021,13.021,13.021,0,0
2013-01-18,12.362,12.362,12.362,12.362,0,0
2013-01-21,12.362,12.362,12.362,12.362,0,0
2013-01-22,12.362,12.362,12.362,12.362,0,0
2013-01-24,12.362,12.362,12.362,12.362,0,0
2013-01-25,12.362,12.362,12.362,12.362,0,0
2013-01-29,12.362,12.362,12.362,12.362,0,0
2013-02-01,12.362,12.362,12.362,12.362,0,0
2013-02-05,11.692,11.692,11.692,11.692,0,0
2013-02-07,11.692,11.692,11.692,11.692,0,0
2013-02-08,11.692,11.692,11.692,11.692,0,0
2013-02-15,11.692,11.692,11.692,11.692,0,0
2013-02-18,12.362,12.362,12.362,12.362,0,0
2013-02-19,11.692,11.692,11.692,11.692,0,0
2013-02-20,11.692,11.692,11.692,11.692,0,0
2013-02-27,11.692,11.692,11.692,11.692,0,0
2013-03-04,12.362,12.362,12.362,12.362,0,0
2013-03-07,12.362,12.362,12.362,12.362,0,0
2013-03-13,12.362,13.021,12.362,13.021,0,0
2013-03-26,11.692,11.692,11.692,11.692,0,0
2013-04-03,11.692,11.692,11.692,11.692,0,0
2013-04-10,11.692,11.692,11.692,11.692,0,0
2013-04-11,11.692,11.692,11.692,11.692,0,0
2013-04-12,11.692,11.692,11.692,11.692,0,0
2013-04-15,11.692,11.692,11.692,11.692,0,0
2013-04-18,11.692,11.692,11.692,11.692,0,0
2013-04-22,12.697,12.697,12.697,12.697,0,0
2013-04-24,11.692,11.692,11.692,11.692,0,0
2013-04-26,12.362,12.362,12.362,12.362,0,0
2013-04-29,12.362,12.362,12.362,12.362,0,0
2013-04-30,12.362,12.362,12.362,12.362,0,0
2013-05-02,12.362,12.362,12.362,12.362,0,0
2013-05-21,12.362,12.362,12.362,12.362,0,0
2013-05-29,12.026,12.026,12.026,12.026,0,0
2013-05-31,12.362,12.362,12.362,12.362,0,0
2013-06-05,12.026,12.026,12.026,12.026,0,0
2013-06-06,12.362,12.362,12.362,12.362,0,0
2013-06-10,12.026,12.026,12.026,12.026,0,0
2013-06-12,12.026,12.026,12.026,12.026,0,0
2013-06-14,12.026,12.026,12.026,12.026,0,0
2013-06-18,11.692,11.692,11.692,11.692,0,0
2013-06-19,11.692,11.692,11.692,11.692,0,0
2013-06-21,11.023,11.023,11.023,11.023,0,0
2013-06-24,11.357,11.357,11.357,11.357,0,0
2013-06-25,11.357,11.357,11.357,11.357,0,0
2013-06-27,11.692,11.692,11.692,11.692,0,0
2013-07-01,10.688,10.688,10.688,10.688,0,0
2013-07-12,11.357,11.357,11.357,11.357,0,0
2013-07-15,11.357,11.357,11.357,11.357,0,0
2013-07-18,11.357,11.357,11.357,11.357,0,0
2013-07-19,11.357,11.357,11.357,11.357,0,0
2013-07-22,11.357,11.357,11.357,11.357,0,0
2013-07-23,11.357,11.357,11.357,11.357,0,0
2013-07-25,11.357,11.357,11.357,11.357,0,0
2013-07-29,11.357,11.357,11.357,11.357,0,0
2013-08-12,11.692,11.692,11.692,11.692,0,0
2013-08-14,11.692,11.692,11.692,11.692,0,0
2013-08-16,11.692,11.692,11.692,11.692,0,0
2013-08-19,12.026,12.026,12.026,12.026,0,0
2013-08-21,12.026,12.026,12.026,12.026,0,0
2013-08-22,12.026,12.026,12.026,12.026,0,0
2013-08-23,11.692,12.026,11.692,12.026,0,0
2013-08-26,12.026,12.026,12.026,12.026,0,0
2013-08-27,12.027,12.027,12.027,12.027,0,0
2013-09-03,12.027,12.027,12.027,12.027,0,0
2013-09-09,12.696,12.696,12.696,12.696,0,0
2013-09-10,12.696,12.696,12.696,12.696,0,0
2013-09-12,12.696,12.696,12.696,12.696,0,0
2013-09-17,12.008,12.008,12.008,12.008,0,0
2013-09-18,12.696,12.696,12.696,12.696,0,0
2013-09-25,11.665,11.665,11.321,11.321,0,0
2013-09-27,11.321,11.321,11.321,11.321,0,0
2013-09-30,12.696,13.039,12.696,13.039,0,0
2013-10-01,13.373,13.373,13.373,13.373,0,0
2013-10-03,13.373,13.373,13.373,13.373,0,0
2013-10-04,13.373,13.373,13.373,13.373,0,0
2013-10-09,13.373,13.373,13.373,13.373,0,0
2013-10-11,13.373,15.091,13.373,15.091,0,0
2013-10-14,15.435,15.435,14.06,15.435,0,0
2013-10-16,15.435,15.435,15.435,15.435,0,0
2013-10-23,15.091,15.435,15.091,15.435,0,0
2013-10-25,15.435,15.779,15.435,15.779,0,0
2013-10-29,14.404,14.404,14.404,14.404,0,0
2013-10-30,15.091,15.091,15.091,15.091,0,0
2013-10-31,15.091,15.779,15.091,15.779,0,0
2013-11-04,15.435,17.84,15.435,16.809,0,0
2013-11-05,15.779,16.466,15.779,16.466,0,0
2013-11-07,16.466,16.466,16.466,16.466,0,0
2013-11-12,14.748,15.435,14.748,15.435,0,0
2013-11-25,15.091,15.091,15.091,15.091,0,0
2013-11-26,15.091,15.091,15.091,15.091,0,0
2013-11-28,15.091,15.091,12.696,12.696,0,0
2013-12-02,13.717,13.717,13.717,13.717,0,0
2013-12-03,13.717,13.717,13.717,13.717,0,0
2013-12-04,13.717,13.717,13.717,13.717,0,0
2013-12-05,13.717,13.717,13.373,13.373,0,0
2013-12-06,13.373,13.373,13.373,13.373,0,0
2013-12-09,13.373,13.373,13.373,13.373,0,0
2013-12-10,13.373,13.373,13.373,13.373,0,0
2013-12-11,13.039,13.039,13.039,13.039,0,0
2013-12-12,13.039,13.039,13.039,13.039,0,0
2013-12-13,13.039,13.039,13.039,13.039,0,0
2013-12-16,13.039,13.039,13.039,13.039,0,0
2013-12-17,13.039,13.039,12.352,12.352,0,0
2013-12-18,13.039,13.039,12.352,12.352,0,0
2013-12-19,13.039,13.039,13.039,13.039,0,0
2013-12-20,13.039,13.039,13.039,13.039,0,0
2013-12-23,13.039,13.039,13.039,13.039,0,0
2013-12-27,13.039,13.039,13.039,13.039,0,0
2013-12-30,13.039,13.039,13.039,13.039,0,0
2014-01-02,13.039,13.039,13.039,13.039,0,0
2014-01-03,13.039,13.039,12.008,13.039,0,0
2014-01-09,13.039,13.039,13.039,13.039,0,0
2014-01-10,13.039,13.039,13.039,13.039,0,0
2014-01-13,13.039,13.039,13.039,13.039,0,0
2014-01-14,13.039,13.039,13.039,13.039,0,0
2014-01-15,13.039,13.039,13.039,13.039,0,0
2014-01-16,12.008,12.008,12.008,12.008,0,0
2014-01-17,13.039,13.039,13.039,13.039,0,0
2014-01-20,13.039,13.039,13.039,13.039,0,0
2014-01-21,13.039,13.039,13.039,13.039,0,0
2014-01-22,13.039,13.039,13.039,13.039,0,0
2014-01-23,13.039,13.039,13.039,13.039,0,0
2014-01-24,13.039,13.039,13.039,13.039,0,0
2014-01-27,13.717,13.717,13.717,13.717,0,0
2014-01-28,13.717,13.717,13.717,13.717,0,0
2014-01-30,13.717,13.717,13.717,13.717,0,0
2014-01-31,13.717,13.717,13.717,13.717,0,0
2014-02-03,13.717,13.717,13.717,13.717,0,0
2014-02-06,13.717,13.717,13.717,13.717,0,0
2014-02-11,13.373,13.373,13.373,13.373,0,0
2014-02-13,13.373,13.717,13.373,13.717,0,0
2014-02-14,13.717,15.435,13.717,15.435,0,0
2014-02-18,15.091,15.091,15.091,15.091,0,0
2014-02-20,15.091,15.091,15.091,15.091,0,0
2014-02-21,15.091,15.091,15.091,15.091,0,0
2014-02-24,15.091,15.091,15.091,15.091,0,0
2014-02-25,15.091,15.091,15.091,15.091,0,0
2014-02-26,15.091,15.091,15.091,15.091,0,0
2014-02-28,15.091,15.091,15.091,15.091,0,0
2014-03-04,15.091,15.091,15.091,15.091,0,0
2014-03-10,15.091,15.091,15.091,15.091,0,0
2014-03-12,15.091,15.091,15.091,15.091,0,0
2014-03-21,14.748,14.748,14.748,14.748,0,0
2014-03-25,14.748,14.748,14.748,14.748,0,0
2014-03-26,14.748,14.748,14.748,14.748,0,0
2014-03-28,14.748,14.748,14.748,14.748,0,0
2014-03-31,14.748,14.748,14.748,14.748,0,0
2014-04-01,14.748,14.748,14.748,14.748,0,0
2014-04-02,14.748,14.748,14.748,14.748,0,0
2014-04-03,14.748,14.748,14.748,14.748,0,0
2014-04-04,14.748,14.748,14.748,14.748,0,0
2014-04-07,14.748,14.748,14.748,14.748,0,0
2014-04-10,13.717,13.717,13.717,13.717,0,0
2014-04-14,13.717,13.717,13.717,13.717,0,0
2014-04-17,13.717,13.717,13.717,13.717,0,0
2014-04-23,13.717,13.717,13.717,13.717,0,0
2014-04-25,13.717,13.717,13.717,13.717,0,0
2014-04-29,14.748,14.748,14.748,14.748,0,0
2014-05-02,14.748,14.748,14.748,14.748,0,0
2014-05-05,14.748,14.748,14.748,14.748,0,0
2014-05-06,14.748,14.748,14.748,14.748,0,0
2014-05-08,14.06,14.06,13.717,13.717,0,0
2014-05-14,14.748,14.748,14.748,14.748,0,0
2014-05-16,14.748,14.748,14.748,14.748,0,0
2014-05-20,14.748,14.748,14.748,14.748,0,0
2014-05-21,13.717,13.717,13.717,13.717,0,0
2014-05-22,13.717,13.717,13.717,13.717,0,0
2014-05-23,14.748,14.748,14.748,14.748,0,0
2014-05-29,14.748,14.748,14.748,14.748,0,0
2014-06-02,15.091,15.091,13.717,13.717,0,0
2014-06-03,13.717,13.717,13.717,13.717,0,0
2014-06-09,14.748,14.748,14.748,14.748,0,0
2014-06-10,14.748,14.748,14.748,14.748,0,0
2014-06-11,14.748,14.748,14.748,14.748,0,0
2014-06-12,14.404,14.404,14.404,14.404,0,0
2014-06-17,14.748,14.748,14.748,14.748,0,0
2014-06-23,14.395,14.395,14.395,14.395,0,0
2014-06-27,14.043,14.043,14.043,14.043,0,0
2014-07-01,14.043,14.043,14.043,14.043,0,0
2014-07-02,14.043,14.043,14.043,14.043,0,0
2014-07-03,14.043,15.451,14.043,15.451,0,0
2014-07-04,15.451,15.451,15.451,15.451,0,0
2014-07-07,15.451,15.451,15.451,15.451,0,0
2014-07-08,15.451,15.451,15.451,15.451,0,0
2014-07-11,15.099,15.099,15.099,15.099,0,0
2014-07-14,15.099,15.099,15.099,15.099,0,0
2014-07-15,15.099,15.099,15.099,15.099,0,0
2014-07-16,15.099,15.099,15.099,15.099,0,0
2014-07-22,15.099,15.802,15.099,15.802,0,0
2014-07-23,15.451,15.451,15.451,15.451,0,0
2014-07-30,15.451,15.451,15.451,15.451,0,0
2014-07-31,15.451,15.451,15.451,15.451,0,0
2014-08-01,15.451,15.451,15.451,15.451,0,0
2014-08-04,14.747,14.747,14.747,14.747,0,0
2014-08-05,14.747,14.747,14.747,14.747,0,0
2014-08-06,14.747,14.747,13.692,14.747,0,0
2014-08-08,14.747,14.747,14.747,14.747,0,0
2014-08-11,14.747,14.747,14.747,14.747,0,0
2014-08-12,14.747,14.747,14.747,14.747,0,0
2014-08-13,14.747,15.099,14.747,15.099,0,0
2014-08-14,15.099,15.099,15.099,15.099,0,0
2014-08-18,15.099,15.099,15.099,15.099,0,0
2014-08-21,15.099,15.099,15.099,15.099,0,0
2014-08-26,15.099,15.099,14.747,14.747,0,0
2014-08-28,14.747,14.747,14.043,14.043,0,0
2014-08-29,14.747,14.747,14.747,14.747,0,0
2014-09-04,15.802,18.617,15.802,18.617,0,0
2014-09-05,16.506,16.506,16.506,16.506,0,0
2014-09-15,14.747,14.747,14.747,14.747,0,0
2014-09-16,15.802,15.802,15.802,15.802,0,0
2014-09-18,15.451,15.451,15.451,15.451,0,0
2014-09-22,15.451,15.451,15.451,15.451,0,0
2014-09-24,15.451,15.451,15.451,15.451,0,0
2014-09-25,15.802,15.802,15.802,15.802,0,0
2014-09-26,17.21,17.21,17.21,17.21,0,0
2014-09-29,17.21,17.21,17.21,17.21,0,0
2014-09-30,17.21,17.21,15.451,15.451,0,0
2014-10-02,15.451,15.451,15.451,15.451,0,0
2014-10-07,17.562,17.562,17.562,17.562,0,0
2014-10-08,17.562,17.562,17.562,17.562,0,0
2014-10-09,15.802,15.802,15.802,15.802,0,0
2014-10-10,15.802,15.802,15.802,15.802,0,0
2014-10-16,15.802,15.802,15.802,15.802,0,0
2014-10-20,15.802,15.802,15.802,15.802,0,0
2014-10-22,15.802,15.802,15.802,15.802,0,0
2014-11-14,15.802,15.802,15.802,15.802,0,0
2014-11-17,15.802,15.802,15.802,15.802,0,0
2014-11-20,16.858,16.858,16.858,16.858,0,0
2014-11-21,17.21,17.913,17.21,17.913,0,0
2014-11-24,17.913,17.913,17.913,17.913,0,0
2014-11-26,17.913,18.617,17.913,18.617,0,0
2014-11-27,18.617,19.311,18.617,19.311,0,0
2014-12-01,19.311,19.311,19.311,19.311,0,0
2014-12-02,16.858,16.858,16.858,16.858,0,0
2014-12-18,15.802,15.802,15.802,15.802,0,0
2014-12-22,15.802,15.802,15.802,15.802,0,0
2014-12-23,15.802,15.802,15.802,15.802,0,0
2015-01-14,15.802,15.802,15.802,15.802,0,0
2015-01-19,16.858,16.858,15.802,16.858,0,0
2015-01-20,16.858,16.858,16.858,16.858,0,0
2015-01-26,18.265,18.265,18.265,18.265,0,0
2015-02-02,16.858,16.858,16.506,16.506,0,0
2015-02-03,15.802,15.802,15.802,15.802,0,0
2015-02-04,15.802,15.802,15.802,15.802,0,0
2015-02-05,15.802,15.802,15.802,15.802,0,0
2015-02-23,17.913,18.265,17.913,18.265,0,0
2015-03-03,18.265,18.265,18.265,18.265,0,0
2015-03-04,15.802,15.802,15.802,15.802,0,0
2015-03-05,16.154,16.154,16.154,16.154,0,0
2015-03-06,15.802,15.802,15.802,15.802,0,0
2015-03-10,15.802,15.802,15.802,15.802,0,0
2015-03-13,16.858,17.21,16.858,17.21,0,0
2015-03-16,17.21,17.21,17.21,17.21,0,0
2015-03-17,17.562,17.562,17.562,17.562,0,0
2015-03-30,17.562,17.562,17.562,17.562,0,0
2015-04-01,15.802,15.802,15.802,15.802,0,0
2015-04-07,15.802,15.802,15.802,15.802,0,0
2015-04-08,15.802,15.802,15.802,15.802,0,0
2015-04-16,17.562,17.562,17.562,17.562,0,0
2015-04-24,16.506,16.506,16.506,16.506,0,0
2015-04-29,17.562,17.562,17.562,17.562,0,0
2015-05-04,17.21,17.21,17.21,17.21,0,0
2015-05-05,16.154,16.154,16.154,16.154,0,0
2015-05-11,17.21,17.21,15.802,15.802,0,0
2015-05-15,17.21,17.21,17.21,17.21,0,0
2015-05-18,17.21,17.562,17.21,17.562,0,0
2015-05-19,16.154,16.154,16.154,16.154,0,0
2015-06-01,17.21,17.21,17.21,17.21,0,0
2015-06-10,16.154,16.154,16.154,16.154,0,0
2015-06-11,17.21,17.21,17.21,17.21,0,0
2015-06-29,17.21,17.21,17.21,17.21,0,0
2015-06-30,17.21,17.21,17.21,17.21,0,0
2015-07-01,17.21,17.21,17.21,17.21,0,0
2015-07-02,17.21,17.21,17.21,17.21,0,0
2015-07-03,17.21,17.21,17.21,17.21,0,0
2015-07-06,17.21,17.21,16.506,16.506,0,0
2015-07-07,16.506,16.506,16.506,16.506,0,0
2015-07-08,16.506,16.506,16.506,16.506,0,0
2015-07-09,17.21,17.21,17.21,17.21,0,0
2015-07-10,17.21,17.21,17.21,17.21,0,0
2015-07-14,14.747,16.154,14.747,15.451,0,0
2015-07-16,15.451,15.451,15.451,15.451,0,0
2015-08-03,16.89,16.89,16.89,16.89,0,0
2015-08-10,15.45,15.45,14.37,14.37,0,0
2015-08-11,16.17,16.17,16.17,16.17,0,0
2015-08-14,16.17,16.17,16.17,16.17,0,0
2015-08-17,16.17,16.17,15.45,15.45,0,0
2015-08-20,15.45,15.45,15.45,15.45,0,0
2015-08-24,15.45,15.81,15.45,15.81,0,0
2015-08-25,15.81,15.81,15.81,15.81,0,0
2015-08-28,15.81,15.81,15.81,15.81,0,0
2015-09-02,15.81,16.17,15.81,16.17,0,0
2015-09-03,15.45,15.45,15.09,15.09,0,0
2015-09-04,15.45,15.45,12.58,15.09,0,0
2015-09-07,15.09,15.09,15.09,15.09,0,0
2015-09-10,14.73,14.73,14.73,14.73,0,0
2015-09-16,14.37,14.37,14.37,14.37,0,0
2015-09-22,14.37,14.37,14.01,14.01,0,0
2015-09-24,13.66,13.66,13.66,13.66,0,0
2015-09-25,11.86,11.86,11.86,11.86,0,0
2015-09-28,13.66,13.66,13.66,13.66,0,0
2015-09-30,11.86,13.3,11.86,13.3,0,0
2015-10-01,13.66,13.66,12.22,12.22,0,0
2015-10-02,12.22,12.22,12.22,12.22,0,0
2015-10-07,12.94,12.94,12.94,12.94,0,0
2015-10-08,12.94,12.94,12.22,12.22,0,0
2015-10-09,13.66,13.66,12.58,12.58,0,0
2015-10-14,13.66,13.66,13.66,13.66,0,0
2015-10-15,12.94,12.94,12.94,12.94,0,0
2015-10-21,12.58,12.58,12.58,12.58,0,0
2015-10-22,12.22,12.22,12.22,12.22,0,0
2015-10-23,11.5,11.5,11.5,11.5,0,0
2015-10-26,11.5,12.22,11.5,12.22,0,0
2015-10-27,11.5,11.5,11.5,11.5,0,0
2015-10-28,11.14,11.14,11.14,11.14,0,0
2015-10-29,11.14,11.5,11.14,11.5,0,0
2015-10-30,11.5,11.5,11.14,11.14,0,0
2015-11-02,11.14,11.14,11.14,11.14,0,0
2015-11-04,12.22,12.22,10.78,10.78,0,0
2015-11-05,10.78,10.78,10.06,10.06,0,0
2015-11-06,10.06,10.06,9.34,9.34,0,0
2015-11-09,10.78,11.14,9.7,9.7,0,0
2015-11-10,9.7,9.7,9.7,9.7,0,0
2015-11-12,9.34,9.34,9.34,9.34,0,0
2015-11-13,9.34,9.34,9.34,9.34,0,0
2015-11-17,9.34,9.34,8.98,8.98,0,0
2015-11-18,8.98,8.98,8.98,8.98,0,0
2015-11-23,8.62,8.62,8.62,8.62,0,0
2015-11-24,8.62,8.62,8.62,8.62,0,0
2015-11-25,8.27,8.27,8.27,8.27,0,0
2015-11-26,7.19,8.27,7.19,8.27,0,0
2015-12-01,7.19,7.19,7.19,7.19,0,0
2015-12-02,7.19,7.19,7.19,7.19,0,0
2015-12-04,7.55,7.55,7.55,7.55,0,0
2015-12-08,8.27,8.27,7.19,7.19,0,0
2015-12-09,7.19,7.91,7.19,7.91,0,0
2015-12-10,7.55,7.55,7.55,7.55,0,0
2015-12-11,8.27,8.27,7.55,7.55,0,0
2015-12-17,7.55,7.55,7.55,7.55,0,0
2015-12-18,7.55,7.55,7.55,7.55,0,0
2015-12-21,7.55,7.55,7.55,7.55,0,0
2015-12-28,7.55,7.55,7.55,7.55,0,0
2015-12-29,7.91,7.91,7.91,7.91,0,0
2015-12-30,9.34,9.34,9.34,9.34,0,0
2016-01-12,9.7,9.7,9.7,9.7,0,0
2016-01-19,10.06,10.06,10.06,10.06,0,0
2016-01-25,9.34,9.34,9.34,9.34,0,0
2016-01-27,9.7,9.7,9.7,9.7,0,0
2016-01-28,9.7,9.7,9.7,9.7,0,0
2016-02-04,8.98,9.34,8.98,9.34,0,0
2016-02-05,9.7,9.7,9.7,9.7,0,0
2016-02-16,10.42,11.5,10.42,11.5,0,0
2016-02-26,11.5,11.5,11.5,11.5,0,0
2016-02-29,8.62,9.7,8.62,9.7,0,0
2016-03-01,8.27,9.7,8.27,9.7,0,0
2016-03-02,9.7,10.06,9.7,10.06,0,0
2016-03-21,8.98,8.98,8.98,8.98,0,0
2016-03-31,8.98,8.98,8.98,8.98,0,0
2016-04-04,10.42,10.42,10.42,10.42,0,0
2016-04-06,8.98,8.98,8.98,8.98,0,0
2016-04-12,10.42,11.86,10.42,11.86,0,0
2016-04-13,11.86,11.86,8.98,9.34,0,0
2016-04-18,9.34,9.34,8.98,8.98,0,0
2016-04-19,9.34,9.34,8.98,8.98,0,0
2016-04-20,8.98,8.98,8.98,8.98,0,0
2016-04-21,8.98,8.98,8.62,8.62,0,0
2016-04-22,9.7,9.7,9.7,9.7,0,0
2016-04-27,8.98,8.98,8.98,8.98,0,0
2016-05-06,8.98,8.98,8.98,8.98,0,0
2016-05-16,8.62,8.62,8.27,8.27,0,0
2016-05-17,8.98,8.98,8.98,8.98,0,0
2016-05-19,7.91,13.3,7.91,9.34,0,0
2016-05-20,9.34,11.14,9.34,10.78,0,0
2016-05-23,9.34,10.78,9.34,10.42,0,0
2016-05-24,9.34,10.06,9.34,10.06,0,0
2016-05-25,10.78,10.78,10.78,10.78,0,0
2016-05-27,10.78,10.78,10.78,10.78,0,0
2016-05-31,9.34,9.34,9.34,9.34,0,0
2016-06-03,9.34,9.34,9.34,9.34,0,0
2016-06-08,9.34,9.34,9.34,9.34,0,0
2016-06-13,9.34,9.34,9.34,9.34,0,0
2016-06-14,10.78,10.78,10.78,10.78,0,0
2016-06-20,10.78,10.78,10.78,10.78,0,0
2016-07-13,10.78,10.78,10.78,10.78,0,0
2016-07-18,10.78,10.78,10.78,10.78,0,0
2016-07-19,10.78,10.78,10.78,10.78,0,0
2016-07-20,10.78,10.78,10.78,10.78,0,0
2016-07-21,10.78,10.78,10.78,10.78,0,0
2016-07-22,10.78,10.78,10.78,10.78,0,0
2016-07-25,10.78,10.78,10.78,10.78,0,0
2016-07-26,10.78,10.78,10.78,10.78,0,0
2016-07-27,10.78,10.78,10.78,10.78,0,0
2016-07-28,10.78,10.78,10.06,10.06,0,0
2016-07-29,10.78,10.78,10.78,10.78,0,0
2016-08-04,10.78,10.78,10.78,10.78,0,0
2016-08-08,8.98,8.98,8.98,8.98,0,0
2016-08-16,10.78,13.3,10.78,13.3,0,0
2016-08-17,15.45,17.97,15.45,17.97,0,0
2016-08-18,22.64,22.64,17.25,17.25,0,0
2016-08-19,19.76,19.76,13.3,14.01,0,0
2016-08-22,15.45,16.53,14.37,16.53,0,0
2016-08-23,15.45,16.89,14.01,16.17,0,0
2016-08-24,15.81,15.81,14.37,14.37,0,0
2016-08-25,15.81,15.81,13.66,15.81,0,0
2016-08-26,15.81,15.81,15.81,15.81,0,0
2016-08-29,13.3,15.81,12.58,13.3,0,0
2016-08-30,15.09,15.09,12.22,12.22,0,0
2016-08-31,11.5,11.5,10.06,11.5,0,0
2016-09-01,11.5,11.5,10.78,10.78,0,0
2016-09-02,10.78,10.78,10.78,10.78,0,0
2016-09-05,10.78,10.78,10.78,10.78,0,0
2016-09-06,11.5,11.86,11.5,11.86,0,0
2016-09-07,11.5,11.5,11.5,11.5,0,0
2016-09-09,11.86,12.22,10.78,12.22,0,0
2016-09-12,11.86,12.58,10.78,10.78,0,0
2016-09-13,12.58,12.58,10.42,10.42,0,0
2016-09-15,10.42,10.42,10.42,10.42,0,0
2016-09-16,10.42,10.42,10.42,10.42,0,0
2016-09-19,10.42,11.5,10.42,11.5,0,0
2016-09-26,10.42,10.78,9.7,10.78,0,0
2016-09-27,10.78,10.78,10.78,10.78,0,0
2016-09-28,10.78,11.5,10.78,11.14,0,0
2016-09-29,10.42,11.14,10.42,11.14,0,0
2016-09-30,10.06,10.06,10.06,10.06,0,0
2016-10-03,10.06,10.06,10.06,10.06,0,0
2016-10-04,10.42,11.5,10.42,11.5,0,0
2016-10-05,12.22,12.22,12.22,12.22,0,0
2016-10-06,11.14,11.14,11.14,11.14,0,0
2016-10-07,11.14,11.14,11.14,11.14,0,0
2016-10-10,11.5,11.5,10.78,10.78,0,0
2016-10-11,10.78,11.14,10.06,10.42,0,0
2016-10-13,10.42,10.42,10.42,10.42,0,0
2016-10-14,10.78,10.78,10.78,10.78,0,0
2016-10-17,10.78,12.22,10.78,11.86,0,0
2016-10-18,11.86,11.86,11.86,11.86,0,0
2016-10-19,11.86,15.09,11.86,15.09,0,0
2016-10-20,14.01,15.45,12.94,14.01,0,0
2016-10-21,14.73,15.45,14.37,14.73,0,0
2016-10-25,14.01,14.01,14.01,14.01,0,0
2016-10-26,14.01,14.01,14.01,14.01,0,0
2016-10-27,14.37,14.37,14.37,14.37,0,0
2016-10-28,14.01,14.01,14.01,14.01,0,0
2016-10-31,14.01,14.01,14.01,14.01,0,0
2016-11-02,14.01,17.97,14.01,15.45,0,0
2016-11-03,16.53,16.53,13.66,16.53,0,0
2016-11-04,15.09,16.53,14.73,14.73,0,0
2016-11-07,15.45,15.45,13.66,13.66,0,0
2016-11-09,13.3,13.3,13.3,13.3,0,0
2016-11-10,14.37,14.73,14.37,14.73,0,0
2016-11-14,15.09,15.09,15.09,15.09,0,0
2016-11-15,14.73,14.73,12.58,12.58,0,0
2016-11-16,13.66,14.01,13.3,14.01,0,0
2016-11-18,14.01,14.01,12.58,12.58,0,0
2016-11-24,11.5,11.5,11.5,11.5,0,0
2016-11-25,11.86,11.86,11.86,11.86,0,0
2016-11-30,10.78,10.78,10.78,10.78,0,0
2016-12-01,11.14,11.86,11.14,11.86,0,0
2016-12-02,12.58,12.94,12.58,12.94,0,0
2016-12-05,12.94,12.94,12.94,12.94,0,0
2016-12-06,11.86,11.86,11.5,11.5,0,0
2016-12-08,10.78,10.78,10.78,10.78,0,0
2016-12-13,12.58,12.58,12.58,12.58,0,0
2016-12-14,12.58,13.66,12.58,13.66,0,0
2016-12-16,13.3,13.3,11.86,11.86,0,0
2016-12-19,13.3,13.3,13.3,13.3,0,0
2016-12-20,11.86,11.86,11.86,11.86,0,0
2016-12-22,12.22,12.22,12.22,12.22,0,0
2016-12-23,12.22,12.94,12.22,12.94,0,0
2016-12-27,11.86,11.86,11.86,11.86,0,0
2016-12-28,12.58,12.58,12.58,12.58,0,0
2016-12-29,11.5,12.58,11.5,12.58,0,0
2016-12-30,12.58,12.58,12.58,12.58,0,0
2017-01-02,12.58,12.58,12.58,12.58,0,0
2017-01-04,12.58,12.58,12.58,12.58,0,0
2017-01-05,12.22,12.22,12.22,12.22,0,0
2017-01-11,12.22,12.22,12.22,12.22,0,0
2017-01-12,11.5,11.5,11.5,11.5,0,0
2017-01-19,11.86,11.86,11.86,11.86,0,0
2017-01-20,11.86,11.86,11.86,11.86,0,0
2017-01-23,11.86,11.86,11.86,11.86,0,0
2017-01-25,11.86,11.86,11.86,11.86,0,0
2017-01-26,11.86,11.86,11.86,11.86,0,0
2017-02-02,13.3,14.01,12.22,14.01,0,0
2017-02-06,14.01,14.01,14.01,14.01,0,0
2017-02-08,13.3,13.3,13.3,13.3,0,0
2017-02-09,13.3,13.3,13.3,13.3,0,0
2017-02-13,13.3,15.09,12.94,14.73,0,0
2017-02-16,12.94,12.94,12.22,12.58,0,0
2017-02-20,12.22,12.22,12.22,12.22,0,0
2017-02-21,12.22,12.22,12.22,12.22,0,0
2017-02-22,12.22,12.22,12.22,12.22,0,0
2017-02-23,13.3,14.73,13.3,14.73,0,0
2017-02-24,13.3,13.3,12.58,12.58,0,0
2017-03-03,13.3,13.3,13.3,13.3,0,0
2017-03-07,12.94,12.94,12.94,12.94,0,0
2017-03-08,12.94,12.94,12.94,12.94,0,0
2017-03-13,12.94,12.94,12.94,12.94,0,0
2017-03-14,12.94,12.94,12.94,12.94,0,0
2017-03-15,14.37,14.37,14.37,14.37,0,0
2017-03-21,12.58,12.94,12.58,12.94,0,0
2017-03-23,12.58,12.58,12.58,12.58,0,0
2017-03-27,12.58,12.58,12.22,12.22,0,0
2017-03-30,12.22,12.22,12.22,12.22,0,0
2017-04-07,12.22,12.22,12.22,12.22,0,0
2017-04-10,12.22,12.94,12.22,12.94,0,0
2017-04-13,13.66,13.66,13.66,13.66,0,0
2017-04-18,12.22,13.3,12.22,13.3,0,0
2017-04-19,13.3,13.3,13.3,13.3,0,0
2017-04-21,11.86,11.86,11.86,11.86,0,0
2017-04-27,11.86,11.86,11.86,11.86,0,0
2017-04-28,11.86,11.86,11.86,11.86,0,0
2017-05-04,11.86,11.86,11.86,11.86,0,0
2017-05-08,11.86,11.86,11.86,11.86,0,0
2017-05-10,11.86,11.86,11.86,11.86,0,0
2017-05-15,12.58,12.58,12.58,12.58,0,0
2017-05-16,12.94,13.3,12.94,13.3,0,0
2017-05-18,12.22,12.22,12.22,12.22,0,0
2017-05-29,12.58,12.58,12.58,12.58,0,0
2017-05-30,12.22,12.22,11.86,11.86,0,0
2017-06-02,11.86,11.86,11.86,11.86,0,0
2017-06-07,10.78,10.78,10.78,10.78,0,0
2017-06-12,11.5,11.5,11.5,11.5,0,0
2017-06-13,12.22,12.94,12.22,12.94,0,0
2017-06-29,11.5,11.5,11.14,11.14,0,0
2017-07-03,12.22,12.22,12.22,12.22,0,0
2017-07-05,11.5,12.22,10.78,12.22,0,0
2017-07-07,10.78,10.78,10.78,10.78,0,0
2017-07-11,11.86,12.22,11.86,12.22,0,0
2017-07-12,11.14,13.3,11.14,13.3,0,0
2017-07-24,12.94,12.94,12.94,12.94,0,0
2017-07-25,11.5,12.58,11.14,12.58,0,0
2017-07-28,12.58,12.58,11.5,11.5,0,0
2017-08-01,11.5,11.5,11.5,11.5,0,0
2017-08-02,12.58,12.58,12.58,12.58,0,0
2017-08-07,12.58,12.58,12.58,12.58,0,0
2017-08-14,11.5,11.5,11.5,11.5,0,0
2017-09-04,11.5,11.5,11.5,11.5,0,0
2017-09-06,11.5,11.5,11.14,11.5,0,0
2017-09-07,11.5,11.5,11.5,11.5,0,0
2017-09-08,11.5,11.5,11.5,11.5,0,0
2017-09-12,10.06,10.06,10.06,10.06,0,0
2017-09-18,10.42,10.42,10.42,10.42,0,0
2017-09-19,10.78,10.78,10.78,10.78,0,0
2017-09-20,10.78,10.78,10.78,10.78,0,0
2017-09-21,10.78,10.78,10.78,10.78,0,0
2017-09-22,10.78,10.78,10.78,10.78,0,0
2017-09-25,10.78,10.78,10.78,10.78,0,0
2017-09-26,10.78,10.78,10.06,10.42,0,0
2017-09-27,10.78,10.78,10.78,10.78,0,0
2017-09-28,10.78,10.78,10.78,10.78,0,0
2017-09-29,11.14,11.14,11.14,11.14,0,0
2017-10-06,10.06,10.78,10.06,10.78,0,0
2017-10-10,10.78,11.14,10.78,11.14,0,0
2017-10-11,10.42,10.42,10.06,10.06,0,0
2017-10-16,10.78,10.78,10.78,10.78,0,0
2017-10-20,10.06,11.14,10.06,11.14,0,0
2017-10-24,10.06,11.14,9.7,11.14,0,0
2017-10-27,11.14,11.14,11.14,11.14,0,0
2017-10-30,11.14,11.14,11.14,11.14,0,0
2017-11-02,10.78,10.78,10.78,10.78,0,0
2017-11-03,10.78,10.78,10.78,10.78,0,0
2017-11-06,9.7,10.78,9.7,10.78,0,0
2017-11-13,10.78,10.78,10.78,10.78,0,0
2017-11-16,10.78,12.22,10.78,12.22,0,0
2017-11-21,11.86,11.86,11.86,11.86,0,0
2017-11-23,11.5,11.5,11.5,11.5,0,0
2017-11-29,11.5,11.5,9.7,10.06,0,0
2017-11-30,10.42,10.42,8.62,9.7,0,0
2017-12-01,9.7,9.7,9.7,9.7,0,0
2017-12-04,10.06,10.06,10.06,10.06,0,0
2017-12-05,10.78,10.78,10.06,10.06,0,0
2017-12-12,9.34,10.06,9.34,10.06,0,0
2017-12-15,8.62,10.06,8.62,10.06,0,0
2017-12-18,10.78,10.78,10.78,10.78,0,0
2017-12-19,10.78,10.78,8.62,10.06,0,0
2017-12-20,10.06,10.06,10.06,10.06,0,0
2017-12-21,9.34,9.34,9.34,9.34,0,0
2017-12-22,9.34,9.34,9.34,9.34,0,0
2017-12-27,8.27,9.34,8.27,9.34,0,0
2017-12-28,9.34,9.34,9.34,9.34,0,0
2018-01-03,10.06,10.78,10.06,10.42,0,0
2018-01-04,10.78,12.58,10.78,11.86,0,0
2018-01-05,11.86,11.86,11.86,11.86,0,0
2018-01-08,11.14,11.14,11.14,11.14,0,0
2018-01-09,11.14,11.14,11.14,11.14,0,0
2018-01-10,11.86,12.22,11.5,12.22,0,0
2018-01-11,12.58,12.58,12.58,12.58,0,0
2018-01-18,11.5,11.86,11.5,11.86,0,0
2018-01-25,11.86,12.58,11.86,12.58,0,0
2018-01-26,11.86,11.86,11.86,11.86,0,0
2018-02-01,11.86,11.86,11.86,11.86,0,0
2018-02-06,11.14,11.14,11.14,11.14,0,0
2018-02-07,11.14,11.14,11.14,11.14,0,0
2018-02-08,11.14,11.14,11.14,11.14,0,0
2018-02-19,11.14,11.14,11.14,11.14,0,0
2018-03-05,12.58,12.58,12.58,12.58,0,0
2018-03-13,11.14,11.14,10.78,10.78,0,0
2018-03-19,12.58,12.58,12.58,12.58,0,0
2018-03-20,12.58,12.58,12.58,12.58,0,0
