Date,Open,High,Low,Close,Volume,OpenInt
2007-12-03,31,31,31,31,0,0
2007-12-04,30.9,30.9,30.9,30.9,0,0
2007-12-05,30.5,30.5,30.5,30.5,0,0
2007-12-06,28.6,31,28.6,31,0,0
2007-12-07,31.5,31.5,31.5,31.5,0,0
2007-12-10,29.6,30.5,28.6,30.5,0,0
2007-12-11,28.8,30.5,28.6,30.5,0,0
2007-12-12,31.1,31.1,31,31,0,0
2007-12-13,28.6,30.5,26.7,30.5,0,0
2007-12-14,27.2,30,26.3,28.6,0,0
2007-12-17,28.6,28.6,28.6,28.6,0,0
2007-12-18,30,30,30,30,0,0
2007-12-19,29.9,29.9,29.9,29.9,0,0
2007-12-20,28.7,29.6,28.7,29.6,0,0
2007-12-21,29.4,29.8,29.4,29.4,0,0
2007-12-27,29.4,30.5,29.4,30.5,0,0
2007-12-28,30.5,31.5,30.5,30.5,0,0
2008-01-02,30.1,32,30.1,32,0,0
2008-01-03,31.9,31.9,31.7,31.7,0,0
2008-01-04,30.1,31.5,30.1,31.5,0,0
2008-01-07,31.4,31.4,31.4,31.4,0,0
2008-01-08,29.2,31,29.2,31,0,0
2008-01-09,31,31,31,31,0,0
2008-01-10,30.5,31.5,28.7,31.5,0,0
2008-01-11,31.4,31.4,31.4,31.4,0,0
2008-01-14,28.6,28.6,28.6,28.6,0,0
2008-01-15,28.6,28.6,26.7,26.7,0,0
2008-01-17,26.2,30.1,26.2,30.1,0,0
2008-01-21,28.2,28.2,28.2,28.2,0,0
2008-01-22,25.9,25.9,25.8,25.8,0,0
2008-01-23,27.9,27.9,27.9,27.9,0,0
2008-01-24,25.8,27.9,24.2,27.9,0,0
2008-01-28,25.8,25.8,25.8,25.8,0,0
2008-01-29,25.6,27.9,25.6,27.9,0,0
2008-01-30,25.2,28.6,25.2,28.6,0,0
2008-01-31,28.1,28.2,28.1,28.2,0,0
2008-02-01,28.6,28.6,28.6,28.6,0,0
2008-02-04,28.6,28.6,28.6,28.6,0,0
2008-02-06,25.3,28.6,25.3,28.6,0,0
2008-02-08,28.6,28.6,28.6,28.6,0,0
2008-02-12,28.2,28.2,28.2,28.2,0,0
2008-02-14,24.9,27.2,24.9,27.2,0,0
2008-02-15,27.2,28.6,25.8,28.6,0,0
2008-02-18,30.9,30.9,28.6,28.6,0,0
2008-02-19,28.6,28.6,25.5,28.1,0,0
2008-02-20,24.4,27.4,24.4,27.4,0,0
2008-02-21,24.6,27,23.9,26.9,0,0
2008-02-22,25.3,26.5,25.3,26.5,0,0
2008-02-26,24.1,26.5,24.1,26.4,0,0
2008-02-28,23.9,25.6,23.8,23.9,0,0
2008-02-29,23.9,23.9,23.9,23.9,0,0
2008-03-03,23.9,24.4,23.4,23.9,0,0
2008-03-04,23.9,23.9,22.5,23.4,0,0
2008-03-06,23.4,23.4,23.4,23.4,0,0
2008-03-07,23.4,26.3,23.4,26.3,0,0
2008-03-10,25.3,31.1,25.3,31,0,0
2008-03-11,26.2,28.2,26.2,28.2,0,0
2008-03-12,26.3,28.2,26.3,28.1,0,0
2008-03-13,28.5,28.6,28.5,28.6,0,0
2008-03-14,28.7,28.7,28.6,28.6,0,0
2008-03-17,27.6,27.6,26.7,26.7,0,0
2008-03-18,27.2,27.2,26.9,27,0,0
2008-03-19,28.1,28.1,28.1,28.1,0,0
2008-03-20,28.1,28.1,28.1,28.1,0,0
2008-03-25,28.6,28.6,28.6,28.6,0,0
2008-03-26,28.6,28.6,28.6,28.6,0,0
2008-04-02,27,27,27,27,0,0
2008-04-03,27,27,25.1,25.1,0,0
2008-04-04,25.8,25.8,25.8,25.8,0,0
2008-04-07,25.8,25.8,25.8,25.8,0,0
2008-04-09,25.6,27.2,24.8,27.2,0,0
2008-04-14,24.3,24.3,24.2,24.2,0,0
2008-04-15,25.7,25.8,25.7,25.8,0,0
2008-04-16,25.7,25.7,25.7,25.7,0,0
2008-04-17,25.1,25.1,25.1,25.1,0,0
2008-04-18,24.2,24.2,24.2,24.2,0,0
2008-04-23,23.4,25.7,23.4,25.7,0,0
2008-04-28,24.8,24.8,24.8,24.8,0,0
2008-05-07,24.8,24.8,24.8,24.8,0,0
2008-05-09,25.8,25.8,25.7,25.7,0,0
2008-05-12,24.4,24.4,24.3,24.3,0,0
2008-05-15,22,24.1,22,24.1,0,0
2008-05-16,21.5,23.9,19.7,23.9,0,0
2008-05-20,21.5,23.9,21.5,23.9,0,0
2008-05-28,21.3,21.3,21.2,21.2,0,0
2008-06-02,21.2,21.2,21.2,21.2,0,0
2008-06-03,23.6,23.6,23.6,23.6,0,0
2008-06-05,20,23.6,20,23.6,0,0
2008-06-09,21.3,21.3,21.2,21.2,0,0
2008-06-16,17,17,17,17,0,0
2008-06-17,19.1,19.1,19.1,19.1,0,0
2008-06-25,19.1,19.1,19.1,19.1,0,0
2008-06-26,22.8,22.8,21,21,0,0
2008-07-01,20.5,21.5,20.5,21.5,0,0
2008-07-02,21.5,21.5,17.2,21.4,0,0
2008-07-03,22.4,22.4,17.3,22.4,0,0
2008-07-04,22.8,22.8,22.8,22.8,0,0
2008-07-08,22.4,22.4,18.3,22.4,0,0
2008-07-09,22.4,22.4,22.4,22.4,0,0
2008-07-15,22.4,22.4,18,22.4,0,0
2008-07-21,18,22.3,18,22.3,0,0
2008-07-22,18.1,18.5,18.1,18.5,0,0
2008-07-23,14.8,14.8,14.8,14.8,0,0
2008-07-24,15.2,17.6,15,15,0,0
2008-07-25,15,16.4,15,16.4,0,0
2008-07-28,16.6,16.6,16.4,16.4,0,0
2008-07-29,15.3,15.3,15.3,15.3,0,0
2008-07-30,15.6,15.6,15,15.6,0,0
2008-07-31,14.6,15,14.3,15,0,0
2008-08-01,14.4,15,14.4,15,0,0
2008-08-04,16.4,16.5,16.4,16.5,0,0
2008-08-05,15.1,16,14.3,15.7,0,0
2008-08-06,14.4,14.8,13.9,14.3,0,0
2008-08-07,13.8,14.3,13.7,14.3,0,0
2008-08-08,13.9,15.3,12.5,13.2,0,0
2008-08-11,15.3,15.3,10.6,12.6,0,0
2008-08-12,12.8,13.7,11.3,13.6,0,0
2008-08-13,13.5,14.1,13.5,14.1,0,0
2008-08-14,14.7,14.7,14.1,14.6,0,0
2008-08-18,12.3,14.4,12.2,14.3,0,0
2008-08-19,14.5,14.5,13.3,14.3,0,0
2008-08-20,12.4,13.4,12.2,12.3,0,0
2008-08-22,12.3,12.4,12.3,12.4,0,0
2008-08-25,13.5,14.3,13.5,14.3,0,0
2008-08-26,13.4,13.9,13.4,13.8,0,0
2008-08-27,13.8,14.2,13.8,14.2,0,0
2008-08-28,14.2,15.5,13.4,15.5,0,0
2008-09-01,13.7,14.5,13,14.5,0,0
2008-09-02,14.4,14.5,14.1,14.5,0,0
2008-09-03,13.3,13.4,12.4,13.4,0,0
2008-09-04,11.7,13.3,11.7,13.1,0,0
2008-09-08,12.9,13,12.9,13,0,0
2008-09-09,13.3,14.2,13.3,13.8,0,0
2008-09-10,13.4,14.3,12.4,13.5,0,0
2008-09-11,12.5,13.9,12.4,13.9,0,0
2008-09-12,13.8,14.2,13.8,14.2,0,0
2008-09-15,13.4,13.7,13.1,13.7,0,0
2008-09-16,13.6,13.7,13.6,13.7,0,0
2008-09-19,13.2,15,13.2,14.7,0,0
2008-09-22,13.1,13.1,13,13,0,0
2008-09-23,13.6,14.3,13.3,14.3,0,0
2008-09-24,14.6,14.7,14.6,14.7,0,0
2008-09-25,14.4,14.4,13.4,14.3,0,0
2008-09-29,14.1,15,14.1,15,0,0
2008-09-30,13.6,14.9,13.6,14.9,0,0
2008-10-02,13.3,14.7,13.3,14.7,0,0
2008-10-03,15,15,15,15,0,0
2008-10-06,13.2,14.2,13.2,14.2,0,0
2008-10-07,13.1,13.4,11.4,13.4,0,0
2008-10-08,11.7,12.6,10.7,12.6,0,0
2008-10-09,11.4,12.4,10.5,10.5,0,0
2008-10-10,10.5,10.5,9.1,9.6,0,0
2008-10-13,11.5,11.5,9.6,11.5,0,0
2008-10-14,11.3,11.5,11.3,11.4,0,0
2008-10-15,9.6,12.3,9.6,12.3,0,0
2008-10-17,10.8,11.9,10.3,11.8,0,0
2008-10-20,10.5,11.4,10.3,11.4,0,0
2008-10-21,11.6,11.7,11.6,11.7,0,0
2008-10-22,11.5,11.5,11.5,11.5,0,0
2010-03-04,21.3,21.3,21.3,21.3,0,0
2010-03-05,20.7,22.8,20.7,22.8,0,0
2010-03-08,22,22.8,22,22.8,0,0
2010-03-09,21.5,22.5,20.7,22.5,0,0
2010-03-10,22.5,22.5,22.5,22.5,0,0
2010-03-11,21.3,22.6,21.3,22.5,0,0
2010-03-16,21.2,21.3,21.2,21.3,0,0
2010-03-18,21.1,22.6,21.1,22.5,0,0
2010-03-22,21,22.5,21,22.5,0,0
2010-03-25,21.6,22.5,20.4,20.5,0,0
2010-03-26,20.4,21,20.4,21,0,0
2010-03-29,20.5,20.5,20.4,20.4,0,0
2010-03-30,20.3,20.4,20.2,20.4,0,0
2010-03-31,21,21,21,21,0,0
2010-04-06,20.9,21.3,20.9,21.3,0,0
2010-04-07,20.4,20.4,20.3,20.3,0,0
2010-04-12,21.3,22.3,21.3,22.2,0,0
2010-04-16,20.4,20.4,20.4,20.4,0,0
2010-04-20,20.8,20.8,20.8,20.8,0,0
2010-04-22,20.7,22.4,20.7,22.4,0,0
2010-04-27,20.6,20.6,20.2,20.2,0,0
2010-04-30,22.3,22.3,22.2,22.2,0,0
2010-05-05,20.1,20.2,20.1,20.2,0,0
2010-05-06,22.1,22.1,22.1,22.1,0,0
2010-05-17,22.2,26.4,22.2,26.4,0,0
2010-08-05,10,10,10,10,0,0
2010-08-06,10,11,9,9.1,0,0
2010-08-10,10.3,10.3,10.2,10.2,0,0
2010-08-16,10.6,10.6,10.6,10.6,0,0
2010-08-30,10.4,10.6,10.4,10.6,0,0
2010-08-31,10.6,11.7,10.6,11.7,0,0
2010-09-01,11.8,11.8,9.3,9.3,0,0
2010-09-02,9.7,11.2,9.7,11.2,0,0
2010-09-03,11.3,11.4,11.1,11.4,0,0
2010-09-06,11.3,11.8,11.3,11.8,0,0
2010-09-15,9.5,11.8,9.5,11.8,0,0
2010-09-30,14.1,14.1,14.1,14.1,0,0
2010-10-01,11.3,13.5,11.3,13.5,0,0
2010-10-04,13.8,13.8,13.8,13.8,0,0
2010-10-11,10.6,13.3,10.6,13.2,0,0
2010-10-12,10.6,13.3,10.6,13.3,0,0
2010-10-13,11.8,11.8,11.2,11.2,0,0
2010-10-14,12.2,12.2,12.2,12.2,0,0
2010-10-15,11.2,11.9,11.2,11.9,0,0
2010-10-18,11.9,12.6,11.9,12.5,0,0
2010-10-19,11.2,12.8,11.2,12.8,0,0
2010-10-21,12.1,12.8,12.1,12.7,0,0
2010-10-22,13.1,13.1,11.3,11.4,0,0
2010-10-25,12,12,11.4,11.9,0,0
2010-11-03,10.8,11.6,10.8,11.6,0,0
2010-11-04,11.8,11.8,10.8,11.8,0,0
2010-11-05,11.6,11.8,11.6,11.8,0,0
2010-11-08,11.8,11.8,11.8,11.8,0,0
2010-11-09,11.8,11.8,11.8,11.8,0,0
2010-11-12,10.9,10.9,10.8,10.8,0,0
2010-11-15,10.8,11.5,10.8,11.5,0,0
2010-11-16,10.9,11.4,10.8,11.4,0,0
2010-11-17,10.8,10.8,10.8,10.8,0,0
2010-11-19,11.4,11.8,11.4,11.8,0,0
2010-11-23,12.2,12.2,12.2,12.2,0,0
2010-12-08,11.8,12.1,11.8,12.1,0,0
2010-12-09,11.9,11.9,11.9,11.9,0,0
2010-12-16,11.2,12.1,11.2,12.1,0,0
2010-12-22,11.1,11.2,10.6,11.2,0,0
2010-12-23,11.2,11.6,11.2,11.6,0,0
2010-12-28,11.3,11.6,11,11.5,0,0
2010-12-30,11,11.5,10.9,11.5,0,0
2011-01-11,10.6,10.6,10.4,10.4,0,0
2011-01-12,11.1,11.2,11.1,11.2,0,0
2011-01-18,11.2,11.2,10.8,10.8,0,0
2011-01-19,10.8,10.8,10.6,10.6,0,0
2011-01-20,11.2,11.2,10.5,11.2,0,0
2011-01-31,10.6,10.6,10.5,10.5,0,0
2011-02-02,10.5,11,10.5,11,0,0
2011-02-04,11,11.2,10.6,11,0,0
2011-02-07,10.8,11.1,10.8,10.9,0,0
2011-02-08,10.6,11.2,10.6,11.2,0,0
2011-02-09,10.7,11.2,10.6,11.2,0,0
2011-02-10,10.6,11.1,10.6,11.1,0,0
2011-02-11,10.6,11,10.5,11,0,0
2011-02-15,11.4,11.4,11.4,11.4,0,0
2011-02-23,11.5,11.5,11.5,11.5,0,0
2011-03-04,11,11.3,11,11.3,0,0
2011-03-14,10.8,11.3,10.8,11.2,0,0
2011-03-15,10.7,11,10.4,11,0,0
2011-03-17,11,11,11,11,0,0
2011-03-22,10.9,11,10.4,10.9,0,0
2011-03-25,10.4,10.4,10.2,10.2,0,0
2011-03-28,10.2,10.2,9.5,10.1,0,0
2011-04-01,9.7,9.8,9.7,9.8,0,0
2011-04-06,9.5,9.6,9.1,9.6,0,0
2011-04-12,9.6,9.6,9.6,9.6,0,0
2011-04-14,9.6,9.6,9.6,9.6,0,0
2011-04-18,9.6,10.6,9.6,10.6,0,0
2011-05-09,10.2,10.6,10.2,10.6,0,0
2011-05-11,10.6,10.6,10.6,10.6,0,0
2011-05-16,9.8,9.8,9.6,9.6,0,0
2011-05-17,10.1,10.5,9.6,9.6,0,0
2011-05-18,10.1,10.1,10.1,10.1,0,0
2011-05-19,10.1,10.1,9.6,9.6,0,0
2011-05-20,9.6,9.6,9.6,9.6,0,0
2011-05-30,9.2,9.3,9.2,9.3,0,0
2011-06-03,8.5,8.5,7.5,7.8,0,0
2011-06-06,7.8,8.1,7.8,8.1,0,0
2011-06-07,8,8,8,8,0,0
2011-06-08,7.6,7.6,7.6,7.6,0,0
2011-06-09,7.8,7.8,7.6,7.6,0,0
2011-06-10,7.6,7.9,6.8,7.9,0,0
2011-06-24,6.7,6.7,6.7,6.7,0,0
2011-06-29,7.2,7.8,6.7,7.8,0,0
2011-07-13,7.5,7.5,7.5,7.5,0,0
2011-07-14,7.8,7.8,7.8,7.8,0,0
2011-07-15,7.8,8.7,7.8,8.7,0,0
2011-07-18,8.2,9.7,8.2,9.6,0,0
2011-07-19,8.9,9.8,8.9,9,0,0
2011-07-20,9.2,9.2,9.2,9.2,0,0
2011-07-21,9,9.7,8.8,8.8,0,0
2011-07-22,8.8,9.7,8.8,9.7,0,0
2011-07-25,9.7,10.1,9.7,10.1,0,0
2011-07-26,10,10,9.3,9.7,0,0
2011-08-08,8.6,9.7,8.6,9.6,0,0
2011-08-09,8.5,8.5,7.7,7.8,0,0
2011-08-10,8.2,8.2,8.2,8.2,0,0
2011-08-11,7.5,8.2,7.5,8.2,0,0
2011-08-12,7.5,7.9,7.4,7.9,0,0
2011-08-16,7.9,8.2,7.9,8.2,0,0
2011-08-18,6.3,6.8,6.1,6.7,0,0
2011-08-19,6.7,7.1,6.7,7.1,0,0
2011-08-26,7,7.1,7,7.1,0,0
2011-08-30,7.5,7.5,7.4,7.4,0,0
2011-09-05,7.3,8.4,7,8.1,0,0
2011-09-09,8.4,8.4,8.4,8.4,0,0
2011-09-28,7.1,7.6,7.1,7.6,0,0
2011-09-30,6.5,6.5,6.5,6.5,0,0
2011-10-03,7.6,7.6,7.6,7.6,0,0
2011-10-05,7,7.6,7,7.6,0,0
2011-10-06,7.2,7.6,7.2,7.6,0,0
2011-10-07,7.6,7.6,7.6,7.6,0,0
2011-10-11,6.8,6.9,6.1,6.9,0,0
2011-10-13,6.8,6.8,6.8,6.8,0,0
2011-10-14,7.3,7.7,7.3,7.7,0,0
2011-10-17,7.7,7.8,7.7,7.7,0,0
2011-10-18,7.1,7.1,7.1,7.1,0,0
2011-10-19,6.8,6.8,6.7,6.7,0,0
2011-10-31,7.1,7.2,6.2,7.2,0,0
2011-11-02,6.7,9.3,6.7,9.3,0,0
2011-11-04,9.4,9.4,9.4,9.4,0,0
2011-11-08,9.4,9.9,9.4,9.9,0,0
2011-11-10,9.8,9.8,8.9,9.3,0,0
2011-11-14,8.8,8.8,7.5,7.6,0,0
2011-11-15,7.6,8.4,7.6,8.4,0,0
2011-11-16,8,8.5,8,8.4,0,0
2011-11-17,8.3,8.3,8.3,8.3,0,0
2011-11-18,8.3,8.3,7.2,7.8,0,0
2011-11-21,7.2,7.2,6.7,6.7,0,0
2011-11-22,6.7,6.7,6.3,6.3,0,0
2011-11-23,6.7,7.3,6.3,6.7,0,0
2011-11-25,6.9,7.8,6.9,7.8,0,0
2011-11-28,7.4,8.3,7.4,8.3,0,0
2011-11-29,8.4,9.3,7.9,9.3,0,0
2011-11-30,8.1,8.9,7.9,8.8,0,0
2011-12-02,9,9,8.4,8.9,0,0
2011-12-05,8.4,8.4,7.9,8.1,0,0
2011-12-06,8.3,8.5,8,8.5,0,0
2011-12-07,8,9.8,8,9.8,0,0
2011-12-08,9.4,9.9,9.4,9.9,0,0
2011-12-09,9.8,9.8,9.8,9.8,0,0
2011-12-12,9.3,9.7,9.3,9.7,0,0
2011-12-13,9.7,9.8,9.7,9.8,0,0
2011-12-14,9.8,9.8,9.6,9.6,0,0
2011-12-15,9.4,9.4,9.1,9.1,0,0
2011-12-16,9.4,9.8,8.5,9.8,0,0
2011-12-19,9.8,9.8,9.8,9.8,0,0
2011-12-20,9.8,9.8,9.8,9.8,0,0
2011-12-21,9.8,9.8,9.8,9.8,0,0
2011-12-22,9.3,9.3,9.3,9.3,0,0
2011-12-23,10.1,10.1,10.1,10.1,0,0
2011-12-27,9.3,10.1,9.3,10.1,0,0
2011-12-28,9.8,10.3,9.8,10.3,0,0
2011-12-29,10.3,10.3,10.3,10.3,0,0
2011-12-30,10.3,10.3,10.3,10.3,0,0
2012-01-03,10.7,10.7,9.9,9.9,0,0
2012-01-04,9.9,9.9,9.9,9.9,0,0
2012-01-05,10.1,10.1,10.1,10.1,0,0
2012-01-09,10.4,10.4,10.4,10.4,0,0
2012-01-10,9.9,10.4,9.9,10.4,0,0
2012-01-11,10.4,10.4,10,10,0,0
2012-01-12,9.9,9.9,9.9,9.9,0,0
2012-01-13,10.2,10.3,10.2,10.3,0,0
2012-01-18,10.8,10.8,10.8,10.8,0,0
2012-01-20,10.2,14,10.2,14,0,0
2012-01-23,13.6,13.6,13.1,13.1,0,0
2012-01-24,11.1,11.1,10.8,10.8,0,0
2012-01-25,11,11.7,11,11.7,0,0
2012-01-26,11.7,13,11.4,12.7,0,0
2012-01-30,11.3,12.5,11.2,12.5,0,0
2012-01-31,11.1,11.8,10.8,11.5,0,0
2012-02-01,11.3,11.3,11.3,11.3,0,0
2012-02-02,11.3,11.3,11.3,11.3,0,0
2012-02-03,11.3,11.3,10.6,11.3,0,0
2012-02-06,11.3,11.3,11.1,11.1,0,0
2012-02-07,11.1,12.3,11.1,12.3,0,0
2012-02-08,12.2,12.2,12.1,12.1,0,0
2012-02-09,11.1,11.1,11.1,11.1,0,0
2012-02-13,10.8,10.8,10.8,10.8,0,0
2012-02-15,10.4,10.8,10.1,10.8,0,0
2012-02-16,10.3,10.5,10.3,10.5,0,0
2012-02-17,10.5,10.5,10,10,0,0
2012-02-20,10.3,10.4,10.3,10.4,0,0
2012-02-21,10,10,10,10,0,0
2012-02-22,10.7,10.7,10.7,10.7,0,0
2012-02-23,9.5,10.5,9.5,10.5,0,0
2012-02-24,10.8,10.8,10.7,10.7,0,0
2012-02-27,10.5,10.5,10.5,10.5,0,0
2012-02-28,10.3,10.3,10.2,10.2,0,0
2012-03-01,10,11,10,11,0,0
2012-03-02,11,11,11,11,0,0
2012-03-05,11,11,11,11,0,0
2012-03-06,10,11,10,11,0,0
2012-03-07,11,11,11,11,0,0
2012-03-08,11,11,11,11,0,0
2012-03-09,9.8,11,9.8,11,0,0
2012-03-12,9.5,9.5,9.5,9.5,0,0
2012-03-13,9.3,10.3,9.3,10.2,0,0
2012-03-14,10.1,10.1,9.5,9.5,0,0
2012-03-15,9.5,10,9.3,9.5,0,0
2012-03-16,9.5,9.5,9.5,9.5,0,0
2012-03-19,9.5,9.5,9,9.4,0,0
2012-03-20,9.4,9.4,9.4,9.4,0,0
2012-03-21,9.3,9.4,9.3,9.4,0,0
2012-03-22,10,10,9.4,9.4,0,0
2012-03-23,9.2,9.2,9.2,9.2,0,0
2012-03-26,9.9,10,9.9,10,0,0
2012-03-27,9.3,9.3,9.2,9.2,0,0
2012-03-28,9.2,9.2,9.2,9.2,0,0
2012-03-29,9.9,9.9,9.2,9.2,0,0
2012-03-30,9.2,9.2,9.2,9.2,0,0
2012-04-02,9,9,8.5,8.5,0,0
2012-04-03,8.3,9,8.3,9,0,0
2012-04-04,9,9,9,9,0,0
2012-04-05,9.2,9.2,9.2,9.2,0,0
2012-04-10,9.2,9.2,9.2,9.2,0,0
2012-04-11,9.2,9.2,9.2,9.2,0,0
2012-04-12,9.2,9.2,9.2,9.2,0,0
2012-04-13,9.2,9.2,9.2,9.2,0,0
2012-04-16,9.1,9.1,9.1,9.1,0,0
2012-04-17,9.1,9.1,9.1,9.1,0,0
2012-04-18,9.1,9.1,9.1,9.1,0,0
2012-04-19,9,9.1,8.4,9.1,0,0
2012-04-20,8.5,8.5,8.5,8.5,0,0
2012-04-23,8.7,8.7,8.7,8.7,0,0
2012-04-24,8.4,8.4,8,8,0,0
2012-04-25,7.8,8,7.5,7.5,0,0
2012-04-26,7.6,7.6,7.6,7.6,0,0
2012-04-27,8,8,7.6,7.6,0,0
2012-04-30,8,8,8,8,0,0
2012-05-02,8,8,8,8,0,0
2012-05-04,8,8,8,8,0,0
2012-05-07,8,8.2,7.3,8,0,0
2012-05-08,7.3,7.3,7.2,7.2,0,0
2012-05-09,7.2,7.2,7.2,7.2,0,0
2012-05-10,7.4,7.5,7.4,7.5,0,0
2012-05-11,7.3,7.7,7.3,7.7,0,0
2012-05-14,7.2,7.7,7.2,7.7,0,0
2012-05-15,7.7,7.7,7.7,7.7,0,0
2012-05-16,7.7,7.7,7.7,7.7,0,0
2012-05-17,7.3,7.6,6.9,7.6,0,0
2012-05-18,7.5,7.5,7.5,7.5,0,0
2012-05-21,6.9,6.9,6.7,6.7,0,0
2012-05-22,6.5,6.5,6.2,6.5,0,0
2012-05-23,7,7,6.2,6.2,0,0
2012-05-24,6.2,6.5,6.2,6.5,0,0
2012-05-25,6.1,6.5,6.1,6.5,0,0
2012-08-27,7.2,7.2,7.2,7.2,0,0
2012-08-28,7.1,7.2,7.1,7.2,0,0
2012-08-29,6.8,7.2,6.8,7.2,0,0
2012-08-30,6.8,6.8,6.8,6.8,0,0
2012-08-31,6.8,6.8,6.5,6.8,0,0
2012-09-03,7,7,7,7,0,0
2012-09-04,7,7.3,7,7.3,0,0
2012-09-05,7.1,7.1,7.1,7.1,0,0
2012-09-06,7.2,7.3,7.2,7.3,0,0
2012-09-07,6.8,6.8,6.8,6.8,0,0
2012-09-10,6.9,9.5,6.9,9.5,0,0
2012-09-11,9.5,9.5,8.6,8.6,0,0
2012-09-12,8.2,8.9,7.2,8.9,0,0
2012-09-19,7.7,8.8,7.7,8.8,0,0
2012-09-20,7.8,8.3,7.8,8.3,0,0
2012-09-21,7.7,7.8,7.7,7.8,0,0
2012-09-24,7.8,7.8,7.7,7.7,0,0
2012-09-25,7.7,7.7,7.7,7.7,0,0
2012-09-26,8,8.1,8,8.1,0,0
2012-09-27,8.1,8.1,8.1,8.1,0,0
2012-09-28,7.8,7.8,7.1,7.1,0,0
2012-10-01,7.8,8.2,7.8,8.2,0,0
2012-10-02,8.2,8.2,8.2,8.2,0,0
2012-10-03,8.2,8.2,8.2,8.2,0,0
2012-10-08,8.2,8.2,8.2,8.2,0,0
2012-10-09,8.2,8.2,8.2,8.2,0,0
2012-10-10,8.2,8.2,8.2,8.2,0,0
2012-10-12,8.2,8.2,8.2,8.2,0,0
2012-10-15,8.2,8.2,7.7,7.7,0,0
2012-10-16,6.5,8,6.5,8,0,0
2012-10-18,7.7,8.8,7.7,8.8,0,0
2012-10-19,7.8,8.4,7.8,8.4,0,0
2012-10-23,8.4,8.4,8.4,8.4,0,0
2012-10-24,8.4,8.4,8.4,8.4,0,0
2012-10-25,7.9,8,7.9,8,0,0
2012-10-29,8.1,8.1,8,8,0,0
2012-10-30,7.6,7.6,7.6,7.6,0,0
2012-10-31,7.6,7.6,7.6,7.6,0,0
2012-11-02,8.1,9,8.1,9,0,0
2012-11-05,8.6,9.2,8.6,9.2,0,0
2012-11-07,9.1,9.1,9.1,9.1,0,0
2012-11-08,9.1,9.1,8.4,8.7,0,0
2012-11-09,9.1,9.1,9.1,9.1,0,0
2012-11-12,9.1,9.1,9.1,9.1,0,0
2012-11-13,9.1,9.1,9.1,9.1,0,0
2012-11-14,9.1,9.1,9.1,9.1,0,0
2012-11-15,9.1,9.1,9.1,9.1,0,0
2012-11-16,9.1,9.6,9.1,9.6,0,0
2012-11-19,9.9,10.6,9.9,10.6,0,0
2012-11-20,9.5,10.6,9.5,10.6,0,0
2012-11-21,9.1,10.6,9.1,10.6,0,0
2012-11-22,10.6,10.6,10.5,10.5,0,0
2012-11-23,10,10.5,10,10,0,0
2012-11-26,10.3,10.3,10.2,10.2,0,0
2012-11-27,9.9,10,9.9,10,0,0
2012-11-28,10.1,13.5,10,13.3,0,0
2012-11-29,13.3,13.3,11.9,12.3,0,0
2012-11-30,12.3,12.3,12.3,12.3,0,0
2012-12-03,11.4,11.4,9.9,11.3,0,0
2012-12-04,10.8,13.1,10.8,13.1,0,0
2012-12-05,12.5,13,11.8,13,0,0
2012-12-06,11.8,12.1,11.8,12.1,0,0
2012-12-07,11.3,12.2,11.3,12.2,0,0
2012-12-10,11.3,11.3,10.9,10.9,0,0
2012-12-11,11.5,12.6,11.5,12.6,0,0
2012-12-12,11.3,14,10.7,14,0,0
2012-12-13,14.4,14.4,14.4,14.4,0,0
2012-12-14,13.2,13.2,13.1,13.2,0,0
2012-12-17,13.8,13.8,13.7,13.7,0,0
2012-12-19,13.7,13.7,13.7,13.7,0,0
2012-12-20,13.7,13.7,10.3,12.8,0,0
2012-12-27,12.6,12.7,12.6,12.7,0,0
2013-01-03,12.7,12.7,12.7,12.7,0,0
2013-01-04,12.7,12.7,12.7,12.7,0,0
2013-01-07,12.7,12.7,12.7,12.7,0,0
2013-01-08,12.7,12.7,12.7,12.7,0,0
2013-01-09,12.9,12.9,12.9,12.9,0,0
2013-01-10,13.1,13.1,13.1,13.1,0,0
2013-01-14,13.1,13.7,13.1,13.7,0,0
2013-01-15,14,14,14,14,0,0
2013-01-16,13.9,13.9,13.9,13.9,0,0
2013-01-17,13.9,13.9,13.9,13.9,0,0
2013-01-18,13.9,13.9,13.9,13.9,0,0
2013-01-21,13.2,13.7,13.2,13.7,0,0
2013-01-22,13.2,13.2,13.2,13.2,0,0
2013-01-23,13.2,13.2,13.2,13.2,0,0
2013-01-24,13.5,13.5,13.2,13.2,0,0
2013-01-25,12.7,12.7,12.6,12.6,0,0
2013-01-28,13.6,13.6,13.6,13.6,0,0
2013-01-29,12.9,12.9,12.9,12.9,0,0
2013-01-30,12.9,12.9,12.9,12.9,0,0
2013-02-05,13.1,13.2,13.1,13.2,0,0
2013-02-06,13.2,13.2,13.2,13.2,0,0
2013-02-07,13.2,13.2,13.2,13.2,0,0
2013-02-11,12,12.6,12,12.6,0,0
2013-02-12,12,12,11.4,11.4,0,0
2013-02-15,12.9,12.9,11.4,11.4,0,0
2013-02-18,12.1,12.1,12.1,12.1,0,0
2013-02-19,12.2,12.2,12.1,12.1,0,0
2013-02-20,12.1,12.1,11.4,12.1,0,0
2013-02-21,12,12,12,12,0,0
2013-02-27,13,13.2,13,13.2,0,0
2013-02-28,12.8,12.8,12.8,12.8,0,0
2013-03-05,12.8,12.8,12.8,12.8,0,0
2013-03-06,12.8,12.8,12.8,12.8,0,0
2013-03-11,12.8,12.8,12.8,12.8,0,0
2013-03-12,12,12,12,12,0,0
2013-03-13,11.6,11.6,11.6,11.6,0,0
2013-03-14,11.1,11.8,11.1,11.5,0,0
2013-03-19,11.8,11.8,11.8,11.8,0,0
2013-03-20,12.3,12.3,12.2,12.2,0,0
2013-03-21,12,12.5,12,12.5,0,0
2013-03-22,11.9,11.9,11.7,11.8,0,0
2013-03-26,11.8,11.8,11.8,11.8,0,0
2013-03-28,12.2,12.2,12.1,12.1,0,0
2013-04-08,12.3,13.8,12.3,13.8,0,0
2013-04-09,12.2,14,12.2,14,0,0
2013-04-10,12.2,12.2,12.1,12.1,0,0
2013-04-11,12.4,12.5,12.4,12.5,0,0
2013-04-15,13,13,13,13,0,0
2013-04-18,11.4,11.4,10.8,10.8,0,0
2013-04-19,10.8,12,10.8,12,0,0
2013-04-22,12,12,10.9,11.8,0,0
2013-04-29,12,12,12,12,0,0
2013-05-06,11.5,11.5,11.4,11.4,0,0
2013-05-10,12.3,12.3,11.4,12.3,0,0
2013-05-15,12.7,13.1,12.7,13.1,0,0
2013-05-23,11.5,11.5,11.5,11.5,0,0
2013-05-27,12.2,12.2,12.2,12.2,0,0
2013-05-29,11.8,11.8,11.1,11.6,0,0
2013-06-06,11.4,12,11.4,12,0,0
2013-06-07,11.6,11.6,11.6,11.6,0,0
2013-06-10,11.6,11.6,11.4,11.4,0,0
2013-06-11,11,12.5,10.9,12.5,0,0
2013-06-12,11.7,12.1,11.6,12.1,0,0
2013-06-13,12,12,11.9,11.9,0,0
2013-06-18,11.6,11.6,11.4,11.4,0,0
2013-06-19,11.7,11.7,11.7,11.7,0,0
2013-06-28,11.1,11.9,11.1,11.9,0,0
2013-07-03,11,11.4,11,11.4,0,0
2013-07-08,8.9,9,8.9,9,0,0
2013-07-10,9.6,11.5,9.6,11.4,0,0
2013-07-12,11.7,11.8,11.7,11.8,0,0
2013-07-15,10.3,11.7,10.2,11.7,0,0
2013-07-18,11.6,11.9,11.6,11.9,0,0
2013-07-22,11.1,11.9,11.1,11.9,0,0
2013-07-24,11.1,11.4,11,11.4,0,0
2013-07-29,10.6,11.9,10.6,11.9,0,0
2013-08-07,9.6,11.3,9.6,11.3,0,0
2013-08-20,10.2,10.2,10.1,10.1,0,0
2013-08-21,10.7,12.8,10.7,12.8,0,0
2013-08-22,10.3,11.6,10.3,11.5,0,0
2013-08-27,10.2,10.8,10.2,10.8,0,0
2013-08-28,10.9,10.9,10.9,10.9,0,0
2013-09-03,10.3,10.5,10.1,10.1,0,0
2013-09-04,10.1,10.1,10.1,10.1,0,0
2013-09-05,10.1,10.6,10.1,10.6,0,0
2013-09-10,10.2,10.7,9.7,10.7,0,0
2013-09-13,10.2,10.2,10.1,10.1,0,0
2013-09-20,9.2,10.2,9.2,10.2,0,0
2013-09-23,9.6,9.8,9.2,9.8,0,0
2013-09-24,9.8,10.8,9.8,10.7,0,0
2013-09-26,10.2,10.2,10,10,0,0
2013-09-27,9.8,9.9,9.8,9.9,0,0
2013-10-02,9.9,11.3,9.9,10.4,0,0
2013-10-07,9.6,9.6,9.6,9.6,0,0
2013-10-08,9.2,9.2,9,9,0,0
2013-10-09,10.1,10.1,10.1,10.1,0,0
2013-10-14,9.5,9.5,9.5,9.5,0,0
2013-10-15,10.1,10.8,10.1,10.6,0,0
2013-10-16,10.2,10.2,10.2,10.2,0,0
2013-10-18,10.1,10.1,9.9,9.9,0,0
2013-10-21,9.7,9.7,9.7,9.7,0,0
2013-10-23,10.4,10.4,10.4,10.4,0,0
2013-10-25,9.8,10.3,9.7,10.3,0,0
2013-10-29,10.2,10.2,10.2,10.2,0,0
2013-10-30,9.8,9.8,9.7,9.7,0,0
2013-10-31,9.7,9.7,9.7,9.7,0,0
2013-11-04,9.7,9.7,9.7,9.7,0,0
2013-11-05,9.5,9.5,9.5,9.5,0,0
2013-11-06,9.8,9.9,9.8,9.9,0,0
2013-11-07,9.7,9.7,9.7,9.7,0,0
2013-11-08,9.9,9.9,9.9,9.9,0,0
2013-11-12,10.2,10.2,10.2,10.2,0,0
2013-11-13,9.9,9.9,9.9,9.9,0,0
2013-11-15,9.7,9.9,9,9.5,0,0
2013-11-18,9,9,8,8,0,0
2013-11-19,8.3,8.8,8.3,8.7,0,0
2013-11-20,9,9,9,9,0,0
2013-11-21,8.9,8.9,8.9,8.9,0,0
2013-11-22,8.9,9.7,8.9,9.6,0,0
2013-11-25,9.2,9.9,8.8,9.9,0,0
2013-11-26,9,9.4,8.5,9.3,0,0
2013-11-27,8.1,8.7,7.8,7.9,0,0
2013-11-28,8.2,8.6,8.2,8.2,0,0
2013-12-02,8.2,8.2,8.2,8.2,0,0
2013-12-03,7.8,7.9,7,7.9,0,0
2013-12-04,8.7,8.9,8.7,8.9,0,0
2013-12-06,7.8,8.3,7.8,8.3,0,0
2013-12-09,7.6,8.1,7.6,7.8,0,0
2013-12-10,7.8,8.1,7.8,8.1,0,0
2013-12-11,8.5,8.5,7.6,7.6,0,0
2013-12-12,7.8,8.1,7.8,8.1,0,0
2013-12-13,8.1,8.4,8.1,8.4,0,0
2013-12-16,8.2,9,8.2,9,0,0
2013-12-17,8.9,9.2,8.6,8.6,0,0
2013-12-18,7.7,8.2,7.5,7.7,0,0
2013-12-19,8.3,8.7,8.3,8.7,0,0
2013-12-20,8.3,8.5,8.2,8.2,0,0
2013-12-23,9.5,9.5,8.2,8.6,0,0
2014-01-02,10.2,10.2,8.9,8.9,0,0
2014-01-07,8.9,8.9,8.9,8.9,0,0
2014-01-10,9.1,9.6,9.1,9.5,0,0
2014-01-13,9.7,9.7,8.2,9.2,0,0
2014-01-14,8.6,8.6,8.5,8.5,0,0
2014-01-16,9,9,9,9,0,0
2014-01-17,9.1,9.1,9.1,9.1,0,0
2014-01-20,8.5,9.1,8.1,9.1,0,0
2014-01-21,9,9,9,9,0,0
2014-01-24,8.7,9,8.7,9,0,0
2014-01-27,9,9,8.2,8.7,0,0
2014-01-28,8.4,8.6,8.1,8.6,0,0
2014-01-29,8.5,8.5,8.4,8.4,0,0
2014-01-31,9,11.7,9,11.7,0,0
2014-02-04,11,11.1,11,11.1,0,0
2014-02-06,10.7,10.9,10,10.9,0,0
2014-02-07,9.8,9.8,9.7,9.7,0,0
2014-02-10,11.2,12.7,11.2,11.3,0,0
2014-02-12,11.5,11.5,11.5,11.5,0,0
2014-02-13,11.5,12.6,11.5,12.6,0,0
2014-02-17,12,12,11.8,11.8,0,0
2014-02-19,10.8,10.8,9.8,10.6,0,0
2014-02-21,12.1,12.1,12.1,12.1,0,0
2014-02-24,11.1,11.2,11.1,11.2,0,0
2014-02-26,11.5,11.5,11.5,11.5,0,0
2014-03-04,9.5,10.2,9.5,10.2,0,0
2014-03-05,9.8,9.8,9.7,9.7,0,0
2014-03-10,9.7,9.7,9.7,9.7,0,0
2014-03-13,10.2,10.2,9.7,9.8,0,0
2014-03-17,10.1,10.1,10.1,10.1,0,0
2014-03-18,10,10.7,10,10.6,0,0
2014-03-19,9.8,9.8,9.8,9.8,0,0
2014-03-20,9.8,9.8,8.9,9.4,0,0
2014-03-21,10.2,10.2,9.4,10,0,0
2014-03-24,9.2,9.2,8.9,8.9,0,0
2014-03-25,9,9,8.9,8.9,0,0
2014-03-26,9.1,9.3,8.9,9.3,0,0
2014-03-27,8.9,8.9,8.9,8.9,0,0
2014-03-28,8.9,8.9,8.9,8.9,0,0
2014-03-31,8.9,8.9,8.9,8.9,0,0
2014-04-01,9.3,9.3,9.3,9.3,0,0
2014-04-03,8.9,8.9,8.9,8.9,0,0
2014-04-07,9.3,9.3,9.3,9.3,0,0
2014-04-08,9.3,9.3,9.3,9.3,0,0
2014-04-09,9.2,9.2,9.2,9.2,0,0
2014-04-10,9.2,9.3,9.2,9.3,0,0
2014-04-11,9.5,9.5,9.5,9.5,0,0
2014-04-16,9.5,9.7,9.5,9.7,0,0
2014-04-22,9.8,13.4,9.8,13.4,0,0
2014-04-23,13.4,13.4,13.4,13.4,0,0
2014-04-25,12.9,12.9,12.6,12.6,0,0
2014-04-30,12,12,12,12,0,0
2014-05-06,12.8,12.8,11.8,11.8,0,0
2014-05-07,10.1,11.7,10,11.7,0,0
2014-05-14,11.4,11.4,11.4,11.4,0,0
2014-05-15,11.4,12.1,11.4,12.1,0,0
2014-05-16,13.3,13.3,10.8,10.9,0,0
2014-05-20,12.2,12.2,10.9,10.9,0,0
2014-05-21,12.2,12.3,12.2,12.2,0,0
2014-05-23,12.2,12.2,12.2,12.2,0,0
2014-05-30,12.2,12.4,12.2,12.4,0,0
2014-06-02,13.3,13.4,13.3,13.4,0,0
2014-06-03,12.6,12.8,12.6,12.7,0,0
2014-06-04,12.7,12.7,12.7,12.7,0,0
2014-06-05,12.7,12.7,12.7,12.7,0,0
2014-06-06,12.7,12.7,12.7,12.7,0,0
2014-06-10,12.3,12.3,12.3,12.3,0,0
2014-06-11,12.4,12.7,12.4,12.7,0,0
2014-06-12,12.7,12.7,12.7,12.7,0,0
2014-06-13,12.7,12.7,12.7,12.7,0,0
2014-06-16,12.7,13.4,12.7,13.4,0,0
2014-06-17,13.9,59.6,13.9,59.6,0,0
2014-06-18,63.2,68.7,63.2,68.6,0,0
2014-06-30,9.3,10.8,9.3,10.8,0,0
2014-07-01,10.8,10.8,10.8,10.8,0,0
2014-07-02,10.5,11.5,10.5,11.5,0,0
2014-07-03,11.4,11.4,11.3,11.3,0,0
2014-07-04,11.1,11.3,11.1,11.1,0,0
2014-07-08,11.3,11.4,11.1,11.4,0,0
2014-07-09,11.3,11.3,11.3,11.3,0,0
2014-07-10,10.2,11.3,10.2,11.3,0,0
2014-07-11,10.2,11.1,10.2,10.8,0,0
2014-07-14,10.8,10.8,9.8,9.8,0,0
2014-07-15,10.3,10.3,10.3,10.3,0,0
2014-07-16,9.6,9.7,9.6,9.7,0,0
2014-07-17,9.2,9.2,9.2,9.2,0,0
2014-07-21,8.7,9,8.7,9,0,0
2014-07-22,8.9,10.3,8.9,10.3,0,0
2014-07-23,10.5,10.5,10.5,10.5,0,0
2014-07-24,9.5,9.5,9.5,9.5,0,0
2014-07-25,9.8,9.8,9.8,9.8,0,0
2014-07-28,9.8,9.9,9.8,9.9,0,0
2014-07-29,9.6,11.3,9.6,11.3,0,0
2014-07-30,11.1,11.1,11.1,11.1,0,0
2014-07-31,11.1,11.1,11.1,11.1,0,0
2014-08-01,11.1,11.1,11.1,11.1,0,0
2014-08-06,10.1,11.5,9.9,11.5,0,0
2014-08-08,9.9,11,9.9,11,0,0
2014-08-11,10,10,8.9,10,0,0
2014-08-14,8.7,9.3,8.7,9.3,0,0
2014-08-20,9.3,9.3,9.3,9.3,0,0
2014-08-28,8.8,8.8,8.8,8.8,0,0
2014-08-29,8.8,8.8,8.8,8.8,0,0
2014-09-05,8.4,8.4,8.3,8.3,0,0
2014-09-08,8.3,8.3,8.3,8.3,0,0
2014-09-26,13.4,15.1,13.4,15,0,0
2014-09-30,15,15,15,15,0,0
2014-10-01,15,15,15,15,0,0
2014-10-07,15,15,15,15,0,0
2014-10-13,13.2,13.2,13.2,13.2,0,0
2014-10-14,13,13,12.9,12.9,0,0
2014-10-21,12.9,12.9,12.6,12.7,0,0
2014-10-22,13.2,13.2,13.2,13.2,0,0
2014-10-27,12.8,13.3,12.8,13.2,0,0
2014-10-29,12.8,12.9,12.8,12.9,0,0
2014-10-30,12.9,13.6,12.9,13.6,0,0
2014-10-31,13.6,13.6,13.6,13.6,0,0
2014-11-04,13.6,13.6,13.6,13.6,0,0
2014-11-06,12.9,12.9,12.9,12.9,0,0
2014-11-10,12.5,12.5,12.5,12.5,0,0
2014-11-12,12.5,12.5,12.5,12.5,0,0
2014-11-13,11.6,11.6,11.6,11.6,0,0
2014-11-14,11.4,11.5,10.8,11.5,0,0
2014-11-19,11.1,11.1,11.1,11.1,0,0
2014-11-20,10.8,11.5,10.8,11.5,0,0
2014-11-25,11.4,11.4,11.4,11.4,0,0
2014-11-26,11.7,11.7,11.7,11.7,0,0
2014-12-02,11.7,11.7,11.3,11.3,0,0
2014-12-03,11.5,11.5,11.4,11.4,0,0
2014-12-04,10.9,10.9,10.9,10.9,0,0
2014-12-05,10.9,10.9,10.9,10.9,0,0
2014-12-09,10.9,12.1,10.9,12.1,0,0
2014-12-11,12,12,12,12,0,0
2014-12-15,14.1,14.1,13.7,13.7,0,0
2014-12-16,13.2,13.2,13.2,13.2,0,0
2014-12-18,12.3,13.2,12.3,13.2,0,0
2014-12-23,13.2,13.2,13.2,13.2,0,0
2014-12-30,12.4,12.5,12.3,12.3,0,0
2015-01-05,12.8,14.3,12.8,14.3,0,0
2015-01-07,13.6,13.6,13.5,13.5,0,0
2015-01-08,13.8,13.8,13.5,13.5,0,0
2015-01-09,13.5,14,13.5,14,0,0
2015-01-21,13.1,13.1,13,13,0,0
2015-01-23,13,13,13,13,0,0
2015-01-28,12.8,12.8,12.8,12.8,0,0
2015-02-05,12.1,12.1,12.1,12.1,0,0
2015-02-09,12.3,12.4,12.3,12.4,0,0
2015-02-10,12.4,12.4,12.4,12.4,0,0
2015-02-11,11.5,12.3,11.5,12.3,0,0
2015-02-13,12.3,12.3,12.3,12.3,0,0
2015-02-17,12.3,12.3,12.3,12.3,0,0
2015-02-23,11.7,11.7,8.4,8.4,0,0
2015-02-25,8.2,8.8,8.2,8.8,0,0
2015-02-27,8.8,8.8,8.7,8.8,0,0
2015-03-05,8.8,8.8,8.8,8.8,0,0
2015-03-10,8.3,8.3,8.3,8.3,0,0
2015-03-11,8,8.3,8,8.3,0,0
2015-03-16,8.3,8.3,8.3,8.3,0,0
2015-03-19,8,8,7.1,7.7,0,0
2015-03-20,7.7,7.7,7,7,0,0
2015-03-23,6.5,6.5,6.5,6.5,0,0
2015-03-24,6.6,6.6,6.5,6.5,0,0
2015-03-25,7,7.1,6.6,6.6,0,0
2015-03-26,6.6,6.6,6.1,6.1,0,0
2015-03-27,6.1,6.3,6.1,6.3,0,0
2015-03-30,6.3,6.3,6.3,6.3,0,0
2015-03-31,6.1,6.1,6.1,6.1,0,0
2015-04-01,6.1,6.1,6.1,6.1,0,0
2015-04-02,5.8,5.8,5.8,5.8,0,0
2015-04-07,5.7,5.8,5.7,5.8,0,0
2015-04-08,5.8,5.8,5.8,5.8,0,0
2015-04-09,5.8,5.8,5.8,5.8,0,0
2015-04-10,5.8,5.8,5.8,5.8,0,0
2015-04-13,5.7,5.7,5.6,5.6,0,0
2015-04-14,5.4,5.4,5.4,5.4,0,0
2015-04-15,5.2,5.2,4.6,5.1,0,0
2015-04-16,5.1,5.9,5.1,5.9,0,0
2015-04-17,5.3,5.3,5.2,5.2,0,0
2015-04-20,5.1,5.1,5.1,5.1,0,0
2015-04-21,4.9,5.4,4.9,5.4,0,0
2015-04-22,4.8,5.4,4.8,4.8,0,0
2015-04-23,4.8,5.4,4.8,5.4,0,0
2015-04-24,5.2,5.2,5.2,5.2,0,0
2015-04-27,4.9,4.9,4.8,4.8,0,0
2015-04-28,4.8,5.4,4.8,5.4,0,0
2015-04-29,4.9,5.5,4.9,5.5,0,0
2015-04-30,5.3,6.3,5.3,6.3,0,0
2015-05-04,6.4,7,6.4,6.6,0,0
2015-05-05,6.1,6.1,5.8,5.8,0,0
2015-05-07,5.4,5.4,5,5.3,0,0
2015-05-08,5.1,5.4,5.1,5.4,0,0
2015-05-11,4.9,4.9,4.9,4.9,0,0
2015-05-12,4.9,4.9,4.9,4.9,0,0
2015-05-13,4.9,4.9,4.9,4.9,0,0
2015-05-14,4.9,4.9,4.8,4.8,0,0
2015-05-15,4.8,4.8,4.8,4.8,0,0
2015-05-18,4.8,4.8,4.1,4.5,0,0
2015-05-19,4.5,4.5,4.5,4.5,0,0
2015-05-21,4.4,4.4,4.3,4.3,0,0
2015-05-22,4.1,4.2,4.1,4.2,0,0
2015-05-25,3.9,4.3,3.9,4.3,0,0
2015-05-27,4,4,4,4,0,0
2015-06-10,9.7,9.7,9.7,9.7,0,0
2015-06-12,8.5,8.5,8.5,8.5,0,0
2015-06-16,8.5,8.5,8.5,8.5,0,0
2015-06-19,7.6,7.6,7.5,7.5,0,0
2015-06-25,7.5,7.5,6.5,6.8,0,0
2015-06-29,6.6,6.6,6.6,6.6,0,0
2015-07-01,6.5,6.5,6.5,6.5,0,0
2015-07-03,6.6,6.8,6.6,6.8,0,0
2015-07-09,6.7,6.8,6.7,6.8,0,0
2015-07-10,6.7,6.7,6.7,6.7,0,0
2015-07-14,6.8,6.8,6.8,6.8,0,0
2015-07-20,6.7,6.7,6.7,6.7,0,0
2015-07-23,6.7,6.7,6.7,6.7,0,0
2015-07-28,6.6,6.6,6.6,6.6,0,0
2015-08-03,6.6,6.6,6.6,6.6,0,0
2015-08-04,6.6,6.6,6.6,6.6,0,0
2015-08-10,6.5,6.5,6.5,6.5,0,0
2015-08-11,6.6,6.6,6.4,6.4,0,0
2015-08-12,6.8,9.7,6.8,9.7,0,0
2015-08-13,13.6,13.6,13.6,13.6,0,0
2015-08-14,14,16.5,11.8,11.8,0,0
2015-08-17,9.4,11.3,9,9,0,0
2015-08-18,8.5,11.4,8.5,11.3,0,0
2015-08-19,10.9,10.9,8.8,9.9,0,0
2015-08-20,9.2,10,8.6,9.4,0,0
2015-08-21,9.8,10.1,8.7,8.8,0,0
2015-08-24,8.9,10.1,7.6,7.6,0,0
2015-08-25,7.8,8.9,6.5,8.8,0,0
2015-08-26,8.7,9,7.6,8.9,0,0
2015-08-27,9.8,9.8,8.2,8.2,0,0
2015-08-28,8.7,9.3,8.7,9.3,0,0
2015-08-31,9.2,9.3,9.2,9.3,0,0
2015-09-01,8.5,9.3,8.5,9.3,0,0
2015-09-02,8.5,9.7,8.5,9.7,0,0
2015-09-03,9.6,9.7,9,9.6,0,0
2015-09-04,9,9,9,9,0,0
2015-09-07,9.6,9.6,8.6,8.7,0,0
2015-09-08,8.7,9.1,8.4,9,0,0
2015-09-09,8.3,8.9,8.1,8.9,0,0
2015-09-10,8.7,8.7,8.3,8.4,0,0
2015-09-17,8.6,8.6,8.6,8.6,0,0
2015-09-22,8.6,9.2,8.6,9.1,0,0
2015-09-24,8,8.3,8,8.3,0,0
2015-09-25,8.8,8.8,8.7,8.7,0,0
2015-09-28,7.9,8,7.9,8,0,0
2015-09-29,8.8,8.8,7.9,7.9,0,0
2015-09-30,8.5,8.5,7.9,8.5,0,0
2015-10-05,8.5,8.5,8.5,8.5,0,0
2015-10-06,7.9,7.9,7.6,7.6,0,0
2015-10-13,8.5,8.5,8.5,8.5,0,0
2015-10-14,8.4,8.4,7.7,7.7,0,0
2015-10-16,7.7,8.9,7.7,8.9,0,0
2015-10-20,8.8,9,8.8,9,0,0
2015-10-21,9.2,9.2,9.2,9.2,0,0
2015-10-27,8.1,8.1,8.1,8.1,0,0
2015-11-03,9.2,9.2,8.3,9.1,0,0
2015-11-04,9.2,9.5,9.2,9.5,0,0
2015-11-05,10.2,11.7,9.5,11.7,0,0
2015-11-06,11.2,11.2,11.2,11.2,0,0
2015-11-09,10,10,10,10,0,0
2015-11-12,9.1,9.1,8.8,8.8,0,0
2015-11-16,8.4,8.5,8.4,8.5,0,0
2015-11-17,9.3,10.8,8.2,10,0,0
2015-11-18,10,10,8.5,9,0,0
2015-11-25,8.8,8.8,8.7,8.7,0,0
2015-12-01,8.4,8.6,8.4,8.6,0,0
2015-12-02,8.4,8.4,7.8,7.8,0,0
2015-12-03,7.8,7.8,7.6,7.6,0,0
2015-12-04,7.6,7.6,7.3,7.3,0,0
2015-12-07,7.5,62,7.5,62,0,0
2015-12-08,59.7,59.7,58.1,58.1,0,0
2015-12-11,58.1,58.1,58.1,58.1,0,0
2015-12-14,58.1,58.1,58.1,58.1,0,0
2015-12-17,62,62,62,62,0,0
2015-12-28,58.9,58.9,58.9,58.9,0,0
2015-12-30,58.9,58.9,58.9,58.9,0,0
2016-01-04,55.8,55.8,55.8,55.8,0,0
2016-01-14,54.3,54.3,54.2,54.2,0,0
2016-01-18,58.9,58.9,58.9,58.9,0,0
2016-01-21,54.3,69.8,54.3,69.7,0,0
2016-01-22,77.5,83.7,77.5,83.7,0,0
2016-01-27,73.6,75.2,69,75.2,0,0
2016-02-05,75.2,75.2,75.2,75.2,0,0
2016-02-09,69.8,70.5,69.8,70.5,0,0
2016-02-10,70.5,77.5,70.5,77.5,0,0
2016-02-16,66.7,66.7,62,62,0,0
2016-02-19,63.6,63.6,63.5,63.5,0,0
2016-02-22,68.2,70.5,68.2,70.5,0,0
2016-02-25,72.1,76.7,72.1,72.1,0,0
2016-08-26,74.7,74.7,74.7,74.7,0,0
2016-08-29,66.9,75.4,60.8,73.2,0,0
2016-08-30,67.2,67.2,67.2,67.2,0,0
2016-08-31,62.7,67.2,62.7,67.2,0,0
2016-09-06,59,59,59,59,0,0
2016-09-07,59,59,59,59,0,0
2016-09-08,56.7,62.7,56.7,62.7,0,0
2016-09-09,59,59,59,59,0,0
2016-09-12,56.7,58.2,56.7,56.8,0,0
2016-09-13,53.7,56.8,53.7,56.8,0,0
2016-09-14,59.7,59.7,59.7,59.7,0,0
2016-09-15,53.7,53.8,53.7,53.8,0,0
2016-09-16,53.7,53.8,53.7,53.8,0,0
2016-09-19,56.7,67.2,56.7,65.7,0,0
2016-09-20,59.7,59.7,59.7,59.7,0,0
2016-09-23,56.7,62.7,56.7,62.7,0,0
2016-09-26,56.7,57.5,56.7,57.5,0,0
2016-09-27,57.5,57.5,57.5,57.5,0,0
2016-10-06,53,53,53,53,0,0
2016-10-10,59.7,65,59.7,65,0,0
2016-10-12,67.2,73.9,61.9,62,0,0
2016-10-13,60.4,60.5,60.4,60.5,0,0
2016-10-24,56.7,56.8,56.7,56.8,0,0
2016-10-27,56,56,55.2,55.3,0,0
2016-11-02,53.7,53.8,53.7,53.8,0,0
2016-11-04,52.2,52.3,52.2,52.3,0,0
2016-11-07,52.2,52.3,52.2,52.3,0,0
2016-11-09,53,53,53,53,0,0
2016-11-10,53.7,53.8,53.7,53.8,0,0
2016-11-14,53.7,53.8,53.7,53.8,0,0
2016-11-16,53,53.7,53,53.7,0,0
2017-05-18,22,22,22,22,0,0
2017-05-24,19.5,19.5,17.8,17.8,0,0
2017-05-25,18.4,18.4,18.4,18.4,0,0
2017-05-30,18,18,18,18,0,0
2017-05-31,18,18,17,17,0,0
2017-06-01,18.1,18.1,17.4,17.4,0,0
2017-06-06,18,19.8,18,18.7,0,0
2017-06-07,18.9,20.3,18.9,20.3,0,0
2017-06-08,20.3,20.3,20.3,20.3,0,0
2017-06-09,20.3,20.3,20.3,20.3,0,0
2017-06-12,20.7,20.9,20.7,20.8,0,0
2017-06-14,18.9,18.9,18.9,18.9,0,0
2017-06-19,21.4,21.4,21.4,21.4,0,0
2017-06-21,19.7,19.7,19.7,19.7,0,0
2017-06-22,18.9,19.7,18.9,19.7,0,0
2017-06-30,19.7,19.7,18,18,0,0
2017-07-03,18.6,18.6,18.5,18.5,0,0
2017-07-12,17.9,18,17.9,18,0,0
2017-07-13,18.9,18.9,18.9,18.9,0,0
2017-07-28,17.6,18.5,14.2,18.5,0,0
2017-08-01,15.1,15.1,12.3,14.2,0,0
2017-08-02,14.2,15.5,14.2,15.5,0,0
2017-08-03,15.7,17,15.7,17,0,0
2017-08-04,16.8,16.8,16.8,16.8,0,0
2017-08-07,16.8,21.5,16.8,18.9,0,0
2017-08-08,21.6,21.6,21.6,21.6,0,0
2017-08-11,19.1,19.7,18.8,19.7,0,0
2017-08-16,19.1,19.1,15.3,15.3,0,0
2017-08-22,16.8,16.8,16.8,16.8,0,0
2017-08-24,16.4,16.5,16.4,16.5,0,0
