Date,Open,High,Low,Close,Volume,OpenInt
2010-12-28,10.71,10.71,10.71,10.71,0,0
2010-12-30,23.2,23.2,23.2,23.2,0,0
2010-12-31,25.53,30.63,25.53,30.63,0,0
2011-01-03,36.76,44.11,36.76,43.82,0,0
2011-01-04,43.82,52.34,43.82,52.34,0,0
2011-01-05,53.28,53.77,41.63,41.63,0,0
2011-01-07,41.62,45.19,27.36,45.19,0,0
2011-01-10,39.25,46.39,39.25,44.01,0,0
2011-01-11,43.72,44.01,39.32,44.01,0,0
2011-01-12,44.01,44.61,44.01,44.55,0,0
2011-01-13,44.61,59.47,44.61,59.47,0,0
2011-01-14,59.47,71.01,59.47,68.52,0,0
2011-01-17,69.94,78.51,55.96,71.37,0,0
2011-01-18,76.13,76.13,63.04,66.61,0,0
2011-01-19,65.42,92.66,61.26,92.66,0,0
2011-01-20,89.2,89.2,67.81,67.81,0,0
2011-01-21,67.81,67.81,54.25,54.25,0,0
2011-01-24,43.4,45.2,34.74,34.74,0,0
2011-01-25,34.35,36.28,28.2,28.2,0,0
2011-01-26,30.21,30.93,26.77,27.96,0,0
2011-01-27,27.96,28.18,24.98,25.92,0,0
2011-01-28,23.07,23.07,23.07,23.07,0,0
2011-01-31,22.95,25.58,21.41,25.09,0,0
2011-02-01,24.39,26.64,23.2,26.59,0,0
2011-02-02,24.98,24.98,23.55,23.55,0,0
2011-02-03,23.79,23.79,20.72,23.2,0,0
2011-02-04,23.79,25.16,22.84,25.16,0,0
2011-02-07,26.17,26.17,24.8,24.98,0,0
2011-02-08,23.79,24.98,22.72,23.67,0,0
2011-02-09,23.66,24.43,22.31,23.07,0,0
2011-02-10,22.6,23.02,20.31,20.31,0,0
2011-02-11,20.82,21.63,19.63,21.63,0,0
2011-02-14,22.01,22.24,20.28,22.01,0,0
2011-02-15,20.22,21.65,19.04,19.15,0,0
2011-02-16,19.39,19.63,18.49,19.63,0,0
2011-02-17,19.25,20.82,17.37,18.36,0,0
2011-02-18,17.48,19.51,17.48,18.56,0,0
2011-02-21,17.78,18.01,8.39,8.39,0,0
2011-02-22,8.39,9.53,8.39,9.13,0,0
2011-02-23,8.56,9.08,8.56,9.06,0,0
2011-02-24,8.62,8.87,8.28,8.28,0,0
2011-02-25,8.42,8.54,8.02,8.54,0,0
2011-02-28,8.55,8.72,8.11,8.43,0,0
2011-03-01,8.3,8.53,7.88,8.28,0,0
2011-03-02,8.28,8.28,7.71,8.24,0,0
2011-03-03,8.19,8.39,7.94,7.94,0,0
2011-03-04,7.99,9.65,7.71,9.65,0,0
2011-03-07,9.7,10.16,8.56,9.25,0,0
2011-03-08,9.02,9.13,8.56,9.02,0,0
2011-03-09,9.02,12.56,8.56,10.27,0,0
2011-03-10,10.33,11.02,9.71,10.47,0,0
2011-03-11,10.49,11.02,9.7,10.22,0,0
2011-03-14,9.99,10.27,9.15,9.25,0,0
2011-03-15,9.16,9.42,8.79,9.42,0,0
2011-03-16,9.13,9.57,8.68,9.42,0,0
2011-03-17,9.36,9.36,8.68,9.13,0,0
2011-03-18,8.87,9.27,8.62,8.62,0,0
2011-03-21,9.05,9.05,8.44,8.44,0,0
2011-03-22,8.42,8.68,7.92,8.56,0,0
2011-03-23,8.05,8.51,7.99,8.47,0,0
2011-03-24,8.44,8.44,8.05,8.44,0,0
2011-03-25,8.44,8.44,7.99,8.27,0,0
2011-03-28,8.26,8.47,8.13,8.13,0,0
2011-03-29,8.28,8.47,7.87,8.28,0,0
2011-03-30,8.25,8.25,7.82,8.19,0,0
2011-03-31,8.13,8.28,7.82,8.25,0,0
2011-04-01,8.21,8.21,7.82,8.11,0,0
2011-04-04,7.99,8.9,7.82,8.7,0,0
2011-04-05,8.36,9.59,8.28,9.59,0,0
2011-04-06,9.53,10.96,9.42,10.26,0,0
2011-04-07,10.2,10.2,8.91,9.3,0,0
2011-04-08,9.3,9.87,9.3,9.72,0,0
2011-04-11,9.78,12.36,9.78,11.13,0,0
2011-04-12,11.27,11.3,9.89,9.89,0,0
2011-04-13,10.05,10.44,9.16,9.16,0,0
2011-04-14,9.16,9.83,8.88,9.21,0,0
2011-04-15,9.16,9.61,8.94,8.96,0,0
2011-04-18,8.96,9.52,7.91,7.91,0,0
2011-04-19,8.11,8.39,7.84,7.91,0,0
2011-04-20,7.91,9.04,7.86,8.58,0,0
2011-04-21,8.64,9.04,7.91,8.48,0,0
2011-04-26,8.87,9.58,8.48,9.04,0,0
2011-04-27,9.07,9.07,8.35,8.72,0,0
2011-04-28,8.76,8.78,8.38,8.38,0,0
2011-04-29,8.25,8.47,8,8.47,0,0
2011-05-02,8.45,8.46,7.97,8.21,0,0
2011-05-04,8.26,8.48,8.2,8.45,0,0
2011-05-05,8.59,8.59,8.09,8.51,0,0
2011-05-06,8.28,8.28,7.91,8.08,0,0
2011-05-09,8.04,8.11,7.91,8.11,0,0
2011-05-10,8.11,8.3,7.81,8.17,0,0
2011-05-11,8.2,8.25,7.94,8.23,0,0
2011-05-12,8.21,8.23,7.92,8.05,0,0
2011-05-13,7.95,7.95,7.83,7.91,0,0
2011-05-16,7.91,8.1,7.83,8.1,0,0
2011-05-17,8.11,8.45,8.11,8.36,0,0
2011-05-18,8.34,8.34,7.86,7.91,0,0
2011-05-19,7.91,8.05,7.69,7.91,0,0
2011-05-20,7.91,7.91,4.87,4.87,0,0
2011-05-23,4.89,4.89,4.87,4.87,0,0
2011-05-24,4.84,4.92,4.17,4.73,0,0
2011-05-25,4.54,4.67,4.09,4.48,0,0
2011-05-26,4.34,4.82,4.34,4.58,0,0
2011-05-27,4.54,4.71,4.52,4.67,0,0
2011-05-30,4.69,4.71,4.35,4.69,0,0
2011-05-31,4.67,4.67,4.31,4.35,0,0
2011-06-01,4.52,4.52,4.26,4.47,0,0
2011-06-02,4.46,4.48,3.98,4.48,0,0
2011-06-03,4.44,4.44,4.05,4.27,0,0
2011-06-06,4.16,4.5,3.98,4.26,0,0
2011-06-07,4.26,4.35,4.16,4.35,0,0
2011-06-08,4.2,4.42,4.16,4.28,0,0
2011-06-09,4.28,4.64,4.28,4.52,0,0
2011-06-10,4.52,4.61,4.46,4.61,0,0
2011-06-13,4.61,4.61,4.3,4.48,0,0
2011-06-14,4.54,4.54,4.21,4.35,0,0
2011-06-15,4.35,4.5,4.14,4.18,0,0
2011-06-16,4.24,4.54,4.22,4.52,0,0
2011-06-17,4.26,4.54,4.16,4.54,0,0
2011-06-20,4.31,4.53,4.24,4.53,0,0
2011-06-21,4.24,4.46,4.18,4.2,0,0
2011-06-22,4.2,4.31,3.99,4.19,0,0
2011-06-24,4.19,4.35,3.98,4.31,0,0
2011-06-27,4.16,4.24,4.07,4.22,0,0
2011-06-28,3.94,4.05,3.8,4.05,0,0
2011-06-29,3.98,4.19,3.84,4.19,0,0
2011-06-30,4.13,4.34,3.95,4.34,0,0
2011-07-01,4.2,4.2,4.13,4.2,0,0
2011-07-04,4.24,4.34,3.98,4.21,0,0
2011-07-05,4.07,4.34,3.98,4.33,0,0
2011-07-06,4.28,4.28,4.01,4.16,0,0
2011-07-07,3.9,4.2,3.9,4.16,0,0
2011-07-08,4.19,4.24,3.96,4.16,0,0
2011-07-11,4.16,4.16,4.16,4.16,0,0
2011-07-12,3.98,4.09,3.86,4.09,0,0
2011-07-13,4.06,4.06,3.78,3.99,0,0
2011-07-14,3.98,3.98,3.58,3.9,0,0
2011-07-15,3.84,3.98,3.75,3.98,0,0
2011-07-18,4.01,4.05,3.67,3.82,0,0
2011-07-19,3.78,3.78,3.41,3.63,0,0
2011-07-20,3.71,3.71,3.33,3.33,0,0
2011-07-21,3.41,3.41,3.03,3.41,0,0
2011-07-22,3.4,3.4,3.37,3.37,0,0
2011-07-25,3.29,3.4,3.06,3.22,0,0
2011-07-26,3.22,3.86,3.22,3.82,0,0
2011-07-27,3.79,3.82,3.37,3.56,0,0
2011-07-28,3.48,3.48,3.26,3.31,0,0
2011-07-29,3.36,3.36,3.03,3.22,0,0
2011-08-01,3.22,3.44,3.16,3.44,0,0
2011-08-02,3.22,3.4,3.2,3.4,0,0
2011-08-03,3.37,3.37,3.14,3.31,0,0
2011-08-04,3.3,3.3,2.66,2.66,0,0
2011-08-05,2.57,2.57,2.31,2.56,0,0
2011-08-08,2.46,2.5,2.29,2.42,0,0
2011-08-09,2.27,2.27,2.08,2.08,0,0
2011-08-10,2.08,2.35,1.82,2.26,0,0
2011-08-11,2.08,2.27,2.08,2.19,0,0
2011-08-12,2.19,2.27,2.08,2.27,0,0
2011-08-16,2.27,2.27,2.08,2.23,0,0
2011-08-17,2.26,2.27,2.18,2.27,0,0
2011-08-18,2.19,2.25,1.89,2.02,0,0
2011-08-19,1.71,2.16,1.71,2.16,0,0
2011-08-22,2.16,2.27,1.82,2.08,0,0
2011-08-23,2.03,2.14,1.86,2.08,0,0
2011-08-24,1.97,1.97,1.97,1.97,0,0
2011-08-25,1.84,1.95,1.82,1.95,0,0
2011-08-26,1.93,1.95,1.86,1.95,0,0
2011-08-29,1.92,1.93,1.89,1.89,0,0
2011-08-30,1.93,2.06,1.82,2.06,0,0
2011-08-31,2.04,2.04,1.89,2.04,0,0
2011-09-01,2.04,2.04,1.9,1.9,0,0
2011-09-02,1.82,1.84,1.82,1.84,0,0
2011-09-05,1.86,1.89,1.86,1.89,0,0
2011-09-06,1.87,1.89,1.87,1.89,0,0
2011-09-07,1.87,1.92,1.8,1.89,0,0
2011-09-08,1.93,2.02,1.93,2.02,0,0
2011-09-09,1.95,1.99,1.86,1.99,0,0
2011-09-13,1.87,1.99,1.84,1.91,0,0
2011-09-15,1.91,1.91,1.89,1.89,0,0
2011-09-16,1.89,1.89,1.87,1.87,0,0
2011-09-19,1.89,1.89,1.84,1.84,0,0
2011-09-20,1.85,1.85,1.82,1.82,0,0
2011-09-21,1.78,1.78,1.46,1.47,0,0
2011-09-22,1.47,1.51,1.4,1.5,0,0
2011-09-23,1.44,1.5,1.29,1.5,0,0
2011-09-26,1.5,1.5,1.4,1.46,0,0
2011-09-27,1.46,1.46,1.4,1.46,0,0
2011-09-28,1.46,1.46,1.33,1.36,0,0
2011-09-29,1.36,1.55,1.36,1.51,0,0
2011-09-30,1.51,1.51,1.44,1.5,0,0
2011-10-03,1.51,1.51,1.4,1.51,0,0
2011-10-04,1.4,1.63,1.28,1.51,0,0
2011-10-05,1.51,1.51,1.51,1.51,0,0
2011-10-06,1.51,1.51,1.4,1.49,0,0
2011-10-07,1.5,1.5,1.5,1.5,0,0
2011-10-10,1.43,1.43,1.28,1.36,0,0
2011-10-11,1.36,1.5,1.33,1.33,0,0
2011-10-12,1.36,1.58,1.36,1.51,0,0
2011-10-13,1.51,1.51,1.36,1.49,0,0
2011-10-14,1.42,1.48,1.42,1.48,0,0
2011-10-17,1.44,1.48,1.4,1.48,0,0
2011-10-18,1.47,1.47,1.22,1.33,0,0
2011-10-19,1.33,1.59,1.33,1.51,0,0
2011-10-20,1.55,1.82,1.51,1.82,0,0
2011-10-21,1.74,1.97,1.62,1.97,0,0
2011-10-24,1.99,1.99,1.46,1.51,0,0
2011-10-25,1.53,1.65,1.51,1.59,0,0
2011-10-26,1.54,1.63,1.36,1.55,0,0
2011-10-27,1.55,1.65,1.35,1.51,0,0
2011-10-28,1.5,1.59,1.43,1.59,0,0
2011-10-31,1.51,1.51,1.42,1.43,0,0
2011-11-02,1.51,1.51,1.31,1.44,0,0
2011-11-03,1.47,1.47,1.43,1.44,0,0
2011-11-04,1.4,1.44,1.4,1.44,0,0
2011-11-07,1.44,1.48,1.36,1.43,0,0
2011-11-08,1.43,1.62,1.38,1.49,0,0
2011-11-09,1.44,1.44,1.36,1.37,0,0
2011-11-10,1.36,1.43,1.36,1.43,0,0
2011-11-14,1.42,1.42,1.13,1.35,0,0
2011-11-15,1.24,1.24,1.14,1.14,0,0
2011-11-16,1.14,1.22,1.06,1.22,0,0
2011-11-17,1.17,1.17,1.08,1.17,0,0
2011-11-18,1.17,1.18,1.13,1.17,0,0
2011-11-21,1.13,1.15,1.06,1.1,0,0
2011-11-22,1.13,1.43,1.02,1.43,0,0
2011-11-23,1.39,1.61,1.34,1.5,0,0
2011-11-24,1.5,1.5,1.3,1.36,0,0
2011-11-25,1.34,1.41,1.3,1.34,0,0
2011-11-28,1.34,1.36,1.34,1.34,0,0
2011-11-29,1.36,1.36,1.12,1.19,0,0
2011-11-30,1.19,1.25,1.15,1.23,0,0
2011-12-01,1.23,1.25,1.12,1.12,0,0
2011-12-02,1.18,1.19,1.13,1.17,0,0
2011-12-05,1.17,1.24,1.12,1.23,0,0
2011-12-06,1.23,1.3,1.12,1.25,0,0
2011-12-07,1.34,1.34,1.1,1.28,0,0
2011-12-08,1.26,1.31,1.17,1.31,0,0
2011-12-09,1.31,1.34,1.19,1.31,0,0
2011-12-12,1.34,1.34,1.21,1.28,0,0
2011-12-13,1.17,1.24,1.05,1.12,0,0
2011-12-14,1.08,1.08,0.99,1.08,0,0
2011-12-15,1.03,1.07,1.01,1.07,0,0
2011-12-16,0.95,1.07,0.95,1.04,0,0
2011-12-19,1.04,1.07,0.99,1.07,0,0
2011-12-20,1.03,1.03,0.97,1.01,0,0
2011-12-21,1.01,1.01,0.96,0.99,0,0
2011-12-22,0.99,0.99,0.93,0.98,0,0
2011-12-23,0.98,1.03,0.98,1.03,0,0
2011-12-27,1.01,1.01,0.82,0.94,0,0
2011-12-28,0.94,0.99,0.89,0.96,0,0
2011-12-29,0.95,0.95,0.84,0.84,0,0
2011-12-30,0.84,0.89,0.84,0.89,0,0
2012-01-02,0.96,0.96,0.89,0.94,0,0
2012-01-03,0.94,0.94,0.94,0.94,0,0
2012-01-04,0.94,0.94,0.89,0.89,0,0
2012-01-05,0.89,0.96,0.89,0.96,0,0
2012-01-09,0.96,1.07,0.96,1.05,0,0
2012-01-10,1.05,1.24,1.05,1.24,0,0
2012-01-11,1.24,1.24,1.01,1.05,0,0
2012-01-12,1.05,1.13,1.05,1.13,0,0
2012-01-13,1.12,1.14,1.05,1.14,0,0
2012-01-16,1.14,1.15,1.03,1.14,0,0
2012-01-17,1.13,1.13,1.11,1.13,0,0
2012-01-18,1.13,1.13,1.11,1.13,0,0
2012-01-19,1.07,1.13,1.07,1.13,0,0
2012-01-20,1.13,1.13,1.02,1.06,0,0
2012-01-23,1.07,1.07,1.07,1.07,0,0
2012-01-24,1.1,1.29,1.1,1.23,0,0
2012-01-25,1.35,1.39,1.34,1.34,0,0
2012-01-26,1.38,1.61,1.38,1.61,0,0
2012-01-27,1.71,2,1.54,1.73,0,0
2012-01-30,1.73,1.73,1.4,1.54,0,0
2012-01-31,1.52,1.73,1.31,1.52,0,0
2012-02-01,1.53,1.53,1.3,1.43,0,0
2012-02-02,1.43,1.43,1.21,1.32,0,0
2012-02-03,1.32,1.32,1.17,1.29,0,0
2012-02-06,1.25,1.32,1.23,1.3,0,0
2012-02-07,1.32,1.32,1.23,1.28,0,0
2012-02-08,1.23,1.54,1.23,1.48,0,0
2012-02-09,1.53,1.53,1.31,1.48,0,0
2012-02-10,1.41,1.48,1.41,1.48,0,0
2012-02-13,1.5,1.5,1.4,1.48,0,0
2012-02-14,1.48,1.81,1.37,1.81,0,0
2012-02-15,1.71,2.15,1.7,1.88,0,0
2012-02-16,1.79,1.87,1.46,1.46,0,0
2012-02-17,1.44,1.46,1.4,1.46,0,0
2012-02-20,1.46,1.46,1.28,1.45,0,0
2012-02-21,1.33,1.39,1.32,1.36,0,0
2012-02-22,1.36,1.36,1.28,1.32,0,0
2012-02-23,1.29,1.33,1.27,1.33,0,0
2012-02-24,1.34,1.34,1.27,1.33,0,0
2012-02-27,1.34,1.49,1.28,1.49,0,0
2012-02-28,1.48,1.58,1.41,1.41,0,0
2012-02-29,1.41,1.44,1.4,1.44,0,0
2012-03-01,1.44,1.44,1.32,1.32,0,0
2012-03-02,1.32,1.32,1.32,1.32,0,0
2012-03-05,1.32,1.35,1.25,1.31,0,0
2012-03-06,1.25,1.26,1.16,1.26,0,0
2012-03-07,1.21,1.47,1.21,1.38,0,0
2012-03-08,1.37,1.37,1.33,1.33,0,0
2012-03-09,1.32,1.32,1.28,1.28,0,0
2012-03-12,1.3,1.3,1.22,1.23,0,0
2012-03-13,1.22,1.25,1.22,1.25,0,0
2012-03-14,1.22,1.22,1.19,1.21,0,0
2012-03-15,1.19,1.19,1.18,1.18,0,0
2012-03-16,1.18,1.21,1.16,1.21,0,0
2012-03-19,1.17,1.17,1.16,1.16,0,0
2012-03-20,1.16,1.21,1.16,1.21,0,0
2012-03-21,1.17,1.17,1.15,1.15,0,0
2012-03-22,1.15,1.15,1.15,1.15,0,0
2012-03-23,1.12,1.19,1.11,1.19,0,0
2012-03-26,1.2,1.21,1.17,1.17,0,0
2012-03-27,1.16,1.32,1.1,1.26,0,0
2012-03-28,1.26,1.37,1.17,1.17,0,0
2012-03-29,1.16,1.28,1.16,1.19,0,0
2012-03-30,1.16,1.32,1.16,1.26,0,0
2012-04-02,1.21,1.21,1.19,1.19,0,0
2012-04-03,1.19,1.24,1.19,1.24,0,0
2012-04-04,1.24,1.24,1.16,1.21,0,0
2012-04-05,1.2,1.2,1.16,1.16,0,0
2012-04-10,1.16,1.16,1.14,1.14,0,0
2012-04-11,1.16,1.16,1.13,1.13,0,0
2012-04-12,1.13,1.16,1.13,1.16,0,0
2012-04-13,1.16,1.16,1.16,1.16,0,0
2012-04-16,1.16,1.16,1.13,1.13,0,0
2012-04-17,1.13,1.13,1.1,1.1,0,0
2012-04-19,1.12,1.14,1.12,1.14,0,0
2012-04-23,1.11,1.11,1.11,1.11,0,0
2012-04-24,1.1,1.1,1.08,1.08,0,0
2012-04-25,1.07,1.08,1.07,1.08,0,0
2012-04-26,1.07,1.07,1.07,1.07,0,0
2012-04-27,1.07,1.07,1.07,1.07,0,0
2012-04-30,1.07,1.07,1.07,1.07,0,0
2012-05-02,1.07,1.07,1.07,1.07,0,0
2012-05-04,1.11,1.19,1.1,1.19,0,0
2012-05-07,1.19,1.24,1.19,1.24,0,0
2012-05-08,1.17,1.17,1.17,1.17,0,0
2012-05-09,1.17,1.17,1.17,1.17,0,0
2012-05-11,1.17,1.17,1.11,1.11,0,0
2012-05-14,1.11,1.11,1.11,1.11,0,0
2012-05-15,1.11,1.11,1.11,1.11,0,0
2012-05-16,1.08,1.08,1.07,1.07,0,0
2012-05-18,1.07,1.08,1.07,1.08,0,0
2012-05-21,1.14,1.14,1.1,1.1,0,0
2012-05-22,1.16,1.16,1.06,1.06,0,0
2012-05-23,1.07,1.07,1.07,1.07,0,0
2012-05-24,1.07,1.07,1.07,1.07,0,0
2012-05-25,1.07,1.07,1,1,0,0
2012-05-28,1,1,0.96,0.96,0,0
2012-05-29,0.98,0.98,0.98,0.98,0,0
2012-05-30,0.99,0.99,0.99,0.99,0,0
2012-05-31,0.99,0.99,0.93,0.99,0,0
2012-06-01,0.98,0.98,0.98,0.98,0,0
2012-06-04,0.98,0.98,0.98,0.98,0,0
2012-06-05,0.98,0.98,0.98,0.98,0,0
2012-06-06,0.94,0.94,0.94,0.94,0,0
2012-06-08,0.93,0.97,0.93,0.97,0,0
2012-06-11,0.98,0.98,0.98,0.98,0,0
2012-06-12,0.94,0.94,0.93,0.93,0,0
2012-06-14,0.93,0.93,0.71,0.71,0,0
2012-06-15,0.67,0.68,0.54,0.54,0,0
2012-06-18,0.5,0.55,0.5,0.52,0,0
2012-06-19,0.52,0.57,0.46,0.54,0,0
2012-06-20,0.54,0.54,0.49,0.54,0,0
2012-06-21,0.54,0.61,0.54,0.57,0,0
2012-06-22,0.57,0.61,0.52,0.57,0,0
2012-06-25,0.55,0.55,0.55,0.55,0,0
2012-06-26,0.55,0.55,0.53,0.53,0,0
2012-06-27,0.54,0.57,0.54,0.57,0,0
2012-06-28,0.57,0.64,0.57,0.63,0,0
2012-06-29,0.68,0.76,0.64,0.7,0,0
2012-07-02,0.68,0.69,0.56,0.69,0,0
2012-07-03,0.64,0.64,0.57,0.6,0,0
2012-07-04,0.6,0.63,0.56,0.62,0,0
2012-07-05,0.62,0.65,0.55,0.62,0,0
2012-07-06,0.54,0.62,0.54,0.62,0,0
2012-07-09,0.62,0.62,0.59,0.59,0,0
2012-07-10,0.57,0.57,0.51,0.53,0,0
2012-07-11,0.56,0.56,0.48,0.54,0,0
2012-07-12,0.56,0.56,0.56,0.56,0,0
2012-07-13,0.54,0.54,0.43,0.47,0,0
2012-07-16,0.46,0.46,0.41,0.41,0,0
2012-07-17,0.4,0.46,0.4,0.41,0,0
2012-07-18,0.45,0.46,0.33,0.37,0,0
2012-07-19,0.39,0.43,0.39,0.43,0,0
2012-07-20,0.43,0.46,0.43,0.43,0,0
2012-07-23,0.43,0.56,0.41,0.56,0,0
2012-07-24,0.56,0.62,0.5,0.59,0,0
2012-07-25,0.59,0.59,0.48,0.54,0,0
2012-07-26,0.53,0.53,0.34,0.34,0,0
2012-07-27,0.36,0.36,0.34,0.34,0,0
2012-07-30,0.35,0.38,0.35,0.38,0,0
2012-07-31,0.36,0.42,0.36,0.42,0,0
2012-08-01,0.42,0.42,0.36,0.41,0,0
2012-08-02,0.41,0.42,0.41,0.42,0,0
2012-08-03,0.42,0.42,0.42,0.42,0,0
2012-08-06,0.42,0.42,0.42,0.42,0,0
2012-08-07,0.42,0.43,0.42,0.42,0,0
2012-08-08,0.45,0.52,0.45,0.46,0,0
2012-08-09,0.48,0.55,0.46,0.46,0,0
2012-08-10,0.49,0.49,0.48,0.48,0,0
2012-08-13,0.46,0.46,0.43,0.43,0,0
2012-08-14,0.39,0.43,0.39,0.43,0,0
2012-08-16,0.45,0.53,0.45,0.49,0,0
2012-08-17,0.52,0.52,0.46,0.46,0,0
2012-08-20,0.45,0.45,0.37,0.38,0,0
2012-08-21,0.39,0.45,0.39,0.4,0,0
2012-08-22,0.4,0.43,0.4,0.4,0,0
2012-08-23,0.4,0.4,0.39,0.4,0,0
2012-08-24,0.42,0.42,0.42,0.42,0,0
2012-08-27,0.42,0.43,0.34,0.34,0,0
2012-08-28,0.34,0.37,0.31,0.31,0,0
2012-08-30,0.31,0.35,0.28,0.35,0,0
2012-08-31,0.35,0.35,0.35,0.35,0,0
2012-09-03,0.33,0.33,0.33,0.33,0,0
2012-09-04,0.33,0.33,0.33,0.33,0,0
2012-09-05,0.33,0.33,0.33,0.33,0,0
2012-09-06,0.33,0.33,0.33,0.33,0,0
2012-09-07,0.33,0.33,0.31,0.31,0,0
2012-09-10,0.32,0.32,0.32,0.32,0,0
2012-09-11,0.31,0.31,0.28,0.28,0,0
2012-09-12,0.32,0.33,0.3,0.3,0,0
2012-09-13,0.3,0.3,0.29,0.29,0,0
2012-09-14,0.29,0.29,0.29,0.29,0,0
2012-09-17,0.29,0.33,0.29,0.33,0,0
2012-09-18,0.33,0.35,0.33,0.34,0,0
2012-09-19,0.35,0.4,0.35,0.39,0,0
2012-09-20,0.39,0.39,0.34,0.38,0,0
2012-09-25,0.38,0.4,0.35,0.35,0,0
2012-09-26,0.34,0.37,0.34,0.37,0,0
2012-09-27,0.36,0.36,0.34,0.34,0,0
2012-09-28,0.37,0.37,0.37,0.37,0,0
2012-10-01,0.37,0.4,0.37,0.4,0,0
2012-10-02,0.39,0.39,0.37,0.37,0,0
2012-10-03,0.37,0.37,0.37,0.37,0,0
2012-10-04,0.37,0.37,0.37,0.37,0,0
2012-10-05,0.39,0.53,0.38,0.47,0,0
2012-10-08,0.47,0.52,0.42,0.47,0,0
2012-10-09,0.46,0.46,0.45,0.46,0,0
2012-10-10,0.45,0.45,0.38,0.38,0,0
2012-10-11,0.41,0.41,0.38,0.41,0,0
2012-10-12,0.41,0.42,0.37,0.42,0,0
2012-10-15,0.37,0.43,0.37,0.43,0,0
2012-10-16,0.41,0.41,0.4,0.4,0,0
2012-10-18,0.4,0.47,0.4,0.47,0,0
2012-10-19,0.47,0.47,0.4,0.4,0,0
2012-10-22,0.4,0.4,0.4,0.4,0,0
2012-10-23,0.4,0.43,0.4,0.43,0,0
2012-10-24,0.43,0.43,0.38,0.38,0,0
2012-10-25,0.38,0.38,0.38,0.38,0,0
2012-10-26,0.41,0.44,0.4,0.44,0,0
2012-10-29,0.44,0.47,0.44,0.47,0,0
2012-10-30,0.47,0.49,0.43,0.49,0,0
2012-10-31,0.49,0.52,0.49,0.52,0,0
2012-11-02,0.48,0.59,0.48,0.52,0,0
2012-11-05,0.5,0.58,0.46,0.58,0,0
2012-11-07,0.54,0.54,0.54,0.54,0,0
2012-11-08,0.54,0.54,0.48,0.54,0,0
2012-11-09,0.54,0.54,0.54,0.54,0,0
2012-11-12,0.53,0.53,0.53,0.53,0,0
2012-11-13,0.48,0.48,0.46,0.46,0,0
2012-11-14,0.46,0.46,0.43,0.46,0,0
2012-11-15,0.4,0.4,0.37,0.38,0,0
2012-11-16,0.38,0.39,0.37,0.39,0,0
2012-11-19,0.39,0.42,0.39,0.42,0,0
2012-11-20,0.41,0.41,0.41,0.41,0,0
2012-11-21,0.41,0.41,0.41,0.41,0,0
2012-11-22,0.41,0.41,0.41,0.41,0,0
2012-11-23,0.41,0.41,0.32,0.35,0,0
2012-11-26,0.32,0.32,0.32,0.32,0,0
2012-11-27,0.33,0.33,0.33,0.33,0,0
2012-11-28,0.33,0.37,0.33,0.37,0,0
2012-11-29,0.38,0.41,0.36,0.38,0,0
2012-12-03,0.4,0.4,0.4,0.4,0,0
2012-12-04,0.4,0.4,0.36,0.39,0,0
2012-12-05,0.38,0.38,0.37,0.37,0,0
2012-12-06,0.37,0.37,0.36,0.36,0,0
2012-12-07,0.36,0.4,0.36,0.4,0,0
2012-12-10,0.42,0.42,0.42,0.42,0,0
2012-12-11,0.42,0.46,0.39,0.44,0,0
2012-12-12,0.44,0.44,0.41,0.41,0,0
2012-12-13,0.41,0.45,0.41,0.45,0,0
2012-12-14,0.45,0.45,0.45,0.45,0,0
2012-12-17,0.45,0.45,0.45,0.45,0,0
2012-12-18,0.45,0.48,0.44,0.44,0,0
2012-12-19,0.44,0.44,0.42,0.42,0,0
2012-12-20,0.42,0.42,0.4,0.4,0,0
2012-12-21,0.39,0.42,0.39,0.39,0,0
2012-12-27,0.39,0.45,0.38,0.44,0,0
2012-12-28,0.44,0.44,0.38,0.44,0,0
2013-01-03,0.44,0.44,0.44,0.44,0,0
2013-01-04,0.42,0.42,0.42,0.42,0,0
2013-01-09,0.44,0.44,0.38,0.41,0,0
2013-01-14,0.41,0.44,0.41,0.44,0,0
2013-01-15,0.43,0.43,0.43,0.43,0,0
2013-01-17,0.43,0.44,0.43,0.44,0,0
2013-01-18,0.44,0.5,0.44,0.5,0,0
2013-01-21,0.47,0.55,0.47,0.52,0,0
2013-01-22,0.52,0.55,0.49,0.49,0,0
2013-01-23,0.55,0.55,0.55,0.55,0,0
2013-01-24,0.53,0.53,0.45,0.52,0,0
2013-01-25,0.52,0.52,0.52,0.52,0,0
2013-01-28,0.52,0.52,0.44,0.44,0,0
2013-01-29,0.51,0.51,0.51,0.51,0,0
2013-01-30,0.51,0.51,0.51,0.51,0,0
2013-01-31,0.51,0.51,0.5,0.5,0,0
2013-02-01,0.5,0.5,0.43,0.43,0,0
2013-02-04,0.43,0.44,0.43,0.44,0,0
2013-02-05,0.43,0.51,0.43,0.51,0,0
2013-02-06,0.5,0.5,0.5,0.5,0,0
2013-02-07,0.5,0.5,0.5,0.5,0,0
2013-02-08,0.5,0.5,0.43,0.43,0,0
2013-02-11,0.44,0.44,0.44,0.44,0,0
2013-02-12,0.44,0.44,0.44,0.44,0,0
2013-02-13,0.43,0.49,0.42,0.49,0,0
2013-02-14,0.5,0.5,0.44,0.44,0,0
2013-02-15,0.44,0.45,0.42,0.45,0,0
2013-02-18,0.43,0.45,0.39,0.45,0,0
2013-02-19,0.39,0.4,0.36,0.4,0,0
2013-02-20,0.4,0.4,0.4,0.4,0,0
2013-02-21,0.39,0.39,0.36,0.36,0,0
2013-02-22,0.36,0.41,0.36,0.4,0,0
2013-02-25,0.4,0.4,0.4,0.4,0,0
2013-02-26,0.38,0.38,0.38,0.38,0,0
2013-02-27,0.38,0.38,0.36,0.38,0,0
2013-02-28,0.38,0.47,0.38,0.47,0,0
2013-03-01,0.47,0.47,0.47,0.47,0,0
2013-03-04,0.47,0.47,0.43,0.43,0,0
2013-03-05,0.42,0.45,0.41,0.45,0,0
2013-03-06,0.45,0.45,0.42,0.42,0,0
2013-03-07,0.41,0.45,0.4,0.45,0,0
2013-03-08,0.45,0.45,0.45,0.45,0,0
2013-03-11,0.45,0.45,0.45,0.45,0,0
2013-03-12,0.43,0.43,0.42,0.42,0,0
2013-03-13,0.42,0.43,0.42,0.43,0,0
2013-03-14,0.43,0.46,0.43,0.46,0,0
2013-03-15,0.44,0.46,0.42,0.46,0,0
2013-03-18,0.44,0.44,0.44,0.44,0,0
2013-03-19,0.41,0.43,0.41,0.43,0,0
2013-03-20,0.43,0.44,0.41,0.44,0,0
2013-03-21,0.44,0.44,0.44,0.44,0,0
2013-03-22,0.44,0.44,0.44,0.44,0,0
2013-03-25,0.46,0.46,0.46,0.46,0,0
2013-03-26,0.45,0.45,0.45,0.45,0,0
2013-03-27,0.45,0.45,0.41,0.45,0,0
2013-03-28,0.44,0.44,0.44,0.44,0,0
2013-04-02,0.44,0.44,0.42,0.42,0,0
2013-04-03,0.42,0.42,0.42,0.42,0,0
2013-04-04,0.41,0.41,0.4,0.4,0,0
2013-04-05,0.41,0.41,0.4,0.4,0,0
2013-04-08,0.41,0.41,0.41,0.41,0,0
2013-04-09,0.41,0.41,0.41,0.41,0,0
2013-04-10,0.41,0.41,0.41,0.41,0,0
2013-04-11,0.41,0.41,0.41,0.41,0,0
2013-04-12,0.42,0.42,0.42,0.42,0,0
2013-04-15,0.43,0.43,0.43,0.43,0,0
2013-04-17,0.41,0.43,0.41,0.43,0,0
2013-04-24,0.43,0.43,0.41,0.41,0,0
2013-04-26,0.41,0.41,0.33,0.38,0,0
2013-04-29,0.37,0.37,0.37,0.37,0,0
2013-05-02,0.36,0.37,0.36,0.37,0,0
2013-05-06,0.38,0.38,0.38,0.38,0,0
2013-05-07,0.38,0.38,0.38,0.38,0,0
2013-05-09,0.37,0.37,0.37,0.37,0,0
2013-05-10,0.37,0.41,0.37,0.41,0,0
2013-05-13,0.4,0.42,0.4,0.42,0,0
2013-05-14,0.42,0.42,0.38,0.41,0,0
2013-05-15,0.38,0.39,0.36,0.39,0,0
2013-05-16,0.38,0.38,0.38,0.38,0,0
2013-05-21,0.39,0.39,0.39,0.39,0,0
2013-05-22,0.37,0.37,0.33,0.33,0,0
2013-05-23,0.33,0.33,0.31,0.31,0,0
2013-05-27,0.31,0.33,0.31,0.32,0,0
2013-05-28,0.34,0.37,0.34,0.37,0,0
2013-05-29,0.37,0.44,0.37,0.44,0,0
2013-05-31,0.44,0.53,0.44,0.52,0,0
2013-06-03,0.51,0.61,0.51,0.61,0,0
2013-06-04,0.63,0.69,0.63,0.67,0,0
2013-06-05,0.67,0.67,0.6,0.63,0,0
2013-06-06,0.58,0.58,0.47,0.5,0,0
2013-06-07,0.5,0.54,0.44,0.54,0,0
2013-06-10,0.61,0.61,0.61,0.61,0,0
2013-06-12,0.61,0.61,0.61,0.61,0,0
2013-06-17,0.61,0.63,0.54,0.54,0,0
2013-06-18,0.52,0.54,0.52,0.54,0,0
2013-06-21,0.52,0.52,0.5,0.5,0,0
2013-06-24,0.47,0.5,0.45,0.5,0,0
2013-06-25,0.5,0.5,0.5,0.5,0,0
2013-06-26,0.56,0.56,0.56,0.56,0,0
2013-06-27,0.56,0.56,0.56,0.56,0,0
2013-06-28,0.56,0.56,0.5,0.5,0,0
2013-07-01,0.5,0.5,0.5,0.5,0,0
2013-07-02,0.5,0.5,0.5,0.5,0,0
2013-07-03,0.5,0.5,0.5,0.5,0,0
2013-07-10,0.5,0.5,0.5,0.5,0,0
2013-07-12,0.52,0.52,0.52,0.52,0,0
2013-07-15,0.52,0.52,0.52,0.52,0,0
2013-07-16,0.52,0.52,0.48,0.48,0,0
2013-07-17,0.48,0.48,0.47,0.47,0,0
2013-07-19,0.48,0.48,0.48,0.48,0,0
2013-07-22,0.52,0.52,0.52,0.52,0,0
2013-07-23,0.52,0.52,0.52,0.52,0,0
2013-07-24,0.52,0.52,0.52,0.52,0,0
2013-07-25,0.48,0.51,0.48,0.51,0,0
2013-07-26,0.52,0.52,0.52,0.52,0,0
2013-07-29,0.53,0.53,0.53,0.53,0,0
2013-07-30,0.53,0.53,0.53,0.53,0,0
2013-07-31,0.53,0.53,0.52,0.52,0,0
2013-08-01,0.52,0.52,0.52,0.52,0,0
2013-08-02,0.51,0.51,0.5,0.5,0,0
2013-08-05,0.5,0.51,0.5,0.51,0,0
2013-08-16,0.48,0.48,0.46,0.46,0,0
2013-08-19,0.45,0.45,0.45,0.45,0,0
2013-08-20,0.45,0.45,0.45,0.45,0,0
2013-08-21,0.44,0.44,0.44,0.44,0,0
2013-08-22,0.42,0.42,0.42,0.42,0,0
2013-08-26,0.43,0.43,0.43,0.43,0,0
2013-08-30,0.43,0.43,0.43,0.43,0,0
2013-09-02,0.44,0.44,0.44,0.44,0,0
2013-09-03,0.44,0.44,0.44,0.44,0,0
2013-09-05,0.43,0.44,0.41,0.44,0,0
2013-09-06,0.44,0.44,0.44,0.44,0,0
2013-09-09,0.44,0.44,0.44,0.44,0,0
2013-09-11,0.45,0.45,0.44,0.44,0,0
2013-09-12,0.44,0.44,0.44,0.44,0,0
2013-09-13,0.44,0.46,0.41,0.46,0,0
2013-09-16,0.45,0.45,0.45,0.45,0,0
2013-09-17,0.45,0.45,0.45,0.45,0,0
2013-09-18,0.45,0.45,0.45,0.45,0,0
2013-09-19,0.45,0.45,0.45,0.45,0,0
2013-09-20,0.45,0.45,0.45,0.45,0,0
2013-09-23,0.45,0.45,0.45,0.45,0,0
2013-09-24,0.45,0.45,0.45,0.45,0,0
2013-09-25,0.45,0.45,0.45,0.45,0,0
2013-09-26,0.45,0.45,0.45,0.45,0,0
2013-09-27,0.45,0.45,0.45,0.45,0,0
2013-09-30,0.45,0.45,0.45,0.45,0,0
2013-10-01,0.45,0.45,0.45,0.45,0,0
2013-10-04,0.47,0.5,0.47,0.5,0,0
2013-10-08,0.52,0.54,0.52,0.54,0,0
2013-10-09,0.56,0.56,0.55,0.55,0,0
2013-10-10,0.58,0.58,0.58,0.58,0,0
2013-10-11,0.58,0.58,0.58,0.58,0,0
2013-10-14,0.58,0.58,0.58,0.58,0,0
2013-10-16,0.58,0.58,0.58,0.58,0,0
2013-10-17,0.58,0.58,0.58,0.58,0,0
2013-10-18,0.58,0.58,0.58,0.58,0,0
2013-10-22,0.6,0.69,0.6,0.69,0,0
2013-10-23,0.72,0.72,0.65,0.65,0,0
2013-10-24,0.63,0.63,0.63,0.63,0,0
2013-10-25,0.63,0.63,0.63,0.63,0,0
2013-10-28,0.63,0.63,0.58,0.58,0,0
2013-10-29,0.59,0.59,0.59,0.59,0,0
2013-10-30,0.56,0.68,0.56,0.68,0,0
2013-10-31,0.7,0.8,0.65,0.8,0,0
2013-11-04,0.7,0.7,0.65,0.7,0,0
2013-11-05,0.7,0.7,0.7,0.7,0,0
2013-11-06,0.7,0.7,0.7,0.7,0,0
2013-11-07,0.7,0.7,0.64,0.64,0,0
2013-11-08,0.68,0.7,0.68,0.7,0,0
2013-11-12,0.7,0.7,0.7,0.7,0,0
2013-11-13,0.7,0.7,0.7,0.7,0,0
2013-11-14,0.7,0.7,0.7,0.7,0,0
2013-11-15,0.7,0.7,0.7,0.7,0,0
2013-11-18,0.7,0.7,0.6,0.6,0,0
2013-11-19,0.6,0.6,0.6,0.6,0,0
2013-11-20,0.6,0.6,0.6,0.6,0,0
2013-11-22,0.6,0.6,0.6,0.6,0,0
2013-11-25,0.6,0.6,0.6,0.6,0,0
2013-11-26,0.6,0.6,0.53,0.53,0,0
2013-11-27,0.51,0.51,0.49,0.49,0,0
2013-11-29,0.46,0.49,0.46,0.48,0,0
2013-12-02,0.47,0.47,0.47,0.47,0,0
2013-12-03,0.44,0.53,0.43,0.47,0,0
2013-12-04,0.47,0.47,0.47,0.47,0,0
2013-12-05,0.44,0.46,0.41,0.41,0,0
2013-12-06,0.44,0.44,0.44,0.44,0,0
2013-12-09,0.46,0.46,0.46,0.46,0,0
2013-12-10,0.46,0.48,0.46,0.48,0,0
2013-12-12,0.49,0.49,0.49,0.49,0,0
2013-12-13,0.49,0.49,0.42,0.42,0,0
2013-12-16,0.43,0.43,0.41,0.41,0,0
2013-12-17,0.41,0.42,0.41,0.41,0,0
2013-12-18,0.41,0.41,0.41,0.41,0,0
2013-12-19,0.41,0.42,0.41,0.42,0,0
2013-12-20,0.43,0.43,0.43,0.43,0,0
2013-12-23,0.43,0.44,0.43,0.44,0,0
2013-12-27,0.44,0.44,0.44,0.44,0,0
2013-12-30,0.44,0.48,0.44,0.48,0,0
2014-01-02,0.49,0.5,0.47,0.5,0,0
2014-01-03,0.53,0.53,0.48,0.48,0,0
2014-01-07,0.47,0.52,0.46,0.52,0,0
2014-01-08,0.54,0.55,0.54,0.55,0,0
2014-01-09,0.56,0.58,0.56,0.58,0,0
2014-01-10,0.59,0.59,0.59,0.59,0,0
2014-01-13,0.55,0.59,0.55,0.59,0,0
2014-01-14,0.55,0.55,0.54,0.54,0,0
2014-01-17,0.57,0.57,0.57,0.57,0,0
2014-01-28,0.53,0.53,0.46,0.46,0,0
2014-01-29,0.46,0.52,0.46,0.52,0,0
2014-02-05,0.52,0.52,0.52,0.52,0,0
2014-02-11,0.53,0.57,0.53,0.57,0,0
2014-02-12,0.55,0.61,0.55,0.61,0,0
2014-02-17,0.59,0.63,0.59,0.63,0,0
2014-02-19,0.57,0.57,0.57,0.57,0,0
2014-02-20,0.55,0.6,0.55,0.6,0,0
2014-03-05,0.56,0.56,0.52,0.52,0,0
2014-03-06,0.52,0.52,0.52,0.52,0,0
2014-03-07,0.54,0.54,0.54,0.54,0,0
2014-03-12,0.54,0.54,0.54,0.54,0,0
2014-03-24,0.55,0.55,0.55,0.55,0,0
2014-03-25,0.55,0.6,0.55,0.6,0,0
2014-03-26,0.63,0.63,0.55,0.63,0,0
2014-03-27,0.63,0.63,0.63,0.63,0,0
2014-03-28,0.63,0.63,0.63,0.63,0,0
2014-03-31,0.63,0.63,0.63,0.63,0,0
2014-04-01,0.63,0.63,0.63,0.63,0,0
2014-04-02,0.63,0.65,0.63,0.65,0,0
2014-04-03,0.66,0.72,0.66,0.72,0,0
2014-04-04,0.72,0.72,0.63,0.63,0,0
2014-04-08,0.65,0.69,0.65,0.69,0,0
2014-04-09,0.72,0.72,0.72,0.72,0,0
2014-04-10,0.72,0.72,0.72,0.72,0,0
2014-04-11,0.72,0.72,0.72,0.72,0,0
2014-04-14,0.7,0.7,0.7,0.7,0,0
2014-04-15,0.7,0.7,0.68,0.68,0,0
2014-04-17,0.65,0.65,0.65,0.65,0,0
2014-04-23,0.84,0.91,0.84,0.91,0,0
2014-04-25,0.84,0.84,0.84,0.84,0,0
2014-04-28,0.84,0.84,0.84,0.84,0,0
2014-04-29,0.91,0.91,0.91,0.91,0,0
2014-05-06,0.79,0.79,0.73,0.78,0,0
2014-05-09,0.78,0.78,0.73,0.73,0,0
2014-05-12,0.71,0.78,0.71,0.78,0,0
2014-05-14,0.75,0.78,0.75,0.78,0,0
2014-05-20,0.75,0.75,0.71,0.71,0,0
2014-05-21,0.68,0.68,0.68,0.68,0,0
2014-05-22,0.68,0.68,0.68,0.68,0,0
2014-05-23,0.68,0.68,0.68,0.68,0,0
2014-05-26,0.68,0.68,0.68,0.68,0,0
2014-05-27,0.68,0.68,0.68,0.68,0,0
2014-05-28,0.68,0.68,0.68,0.68,0,0
2014-05-29,0.68,0.68,0.68,0.68,0,0
2014-05-30,0.68,0.84,0.68,0.84,0,0
2014-06-02,0.74,0.84,0.67,0.84,0,0
2014-06-13,0.76,0.76,0.67,0.67,0,0
2014-06-16,0.67,0.67,0.67,0.67,0,0
2014-06-17,0.66,0.66,0.66,0.66,0,0
2014-06-18,0.66,0.66,0.66,0.66,0,0
2014-06-20,0.65,0.65,0.65,0.65,0,0
2014-06-23,0.65,0.65,0.65,0.65,0,0
2014-06-24,0.65,0.65,0.65,0.65,0,0
2014-06-25,0.65,0.65,0.65,0.65,0,0
2014-06-26,0.65,0.65,0.65,0.65,0,0
2014-06-27,0.65,0.69,0.65,0.69,0,0
2014-07-02,0.82,0.82,0.78,0.78,0,0
2014-07-03,0.69,0.69,0.64,0.64,0,0
2014-07-10,0.66,0.66,0.62,0.62,0,0
2014-08-08,0.55,0.55,0.55,0.55,0,0
2014-08-18,0.55,0.55,0.55,0.55,0,0
2014-08-20,0.55,0.55,0.55,0.55,0,0
2014-08-22,0.55,0.66,0.55,0.66,0,0
2014-09-01,0.53,0.62,0.53,0.62,0,0
2014-09-02,0.65,0.65,0.65,0.65,0,0
2014-09-11,0.48,0.52,0.48,0.52,0,0
2014-09-12,0.53,0.53,0.51,0.51,0,0
2014-09-17,0.61,0.69,0.54,0.54,0,0
2014-09-22,0.66,0.66,0.66,0.66,0,0
2014-09-23,0.51,0.51,0.51,0.51,0,0
2014-09-24,0.51,0.51,0.51,0.51,0,0
2014-09-26,0.51,0.51,0.51,0.51,0,0
2014-10-01,0.51,0.59,0.49,0.59,0,0
2014-10-27,0.48,0.48,0.48,0.48,0,0
2014-11-17,0.56,0.57,0.56,0.57,0,0
2014-11-18,0.47,0.47,0.47,0.47,0,0
2014-11-19,0.47,0.47,0.47,0.47,0,0
2014-11-20,0.54,0.54,0.54,0.54,0,0
2014-11-24,0.48,0.57,0.47,0.54,0,0
2014-12-01,0.49,0.49,0.49,0.49,0,0
2014-12-03,0.49,0.49,0.49,0.49,0,0
2014-12-15,0.49,0.49,0.48,0.48,0,0
2014-12-17,0.46,0.46,0.45,0.45,0,0
2014-12-22,0.45,0.45,0.45,0.45,0,0
2014-12-23,0.45,0.45,0.45,0.45,0,0
2015-01-02,0.5,0.5,0.5,0.5,0,0
2015-01-05,0.51,0.51,0.51,0.51,0,0
2015-01-14,0.46,0.46,0.37,0.37,0,0
2015-01-15,0.37,0.37,0.28,0.3,0,0
2015-01-16,0.3,0.3,0.3,0.3,0,0
2015-01-19,0.3,0.3,0.3,0.3,0,0
2015-01-20,0.3,0.34,0.29,0.34,0,0
2015-01-30,0.16,0.16,0.16,0.16,0,0
2015-02-02,0.17,0.2,0.17,0.2,0,0
2015-02-03,0.17,0.17,0.17,0.17,0,0
2015-02-04,0.17,0.17,0.17,0.17,0,0
2015-02-06,0.17,0.17,0.17,0.17,0,0
2015-02-10,0.2,0.24,0.17,0.24,0,0
2015-02-17,0.22,0.22,0.18,0.18,0,0
2015-02-19,0.17,0.2,0.13,0.13,0,0
2015-02-20,0.11,0.12,0.11,0.12,0,0
2015-02-23,0.17,0.18,0.17,0.18,0,0
2015-02-24,0.16,0.19,0.16,0.19,0,0
2015-02-27,0.18,0.19,0.14,0.14,0,0
2015-03-03,0.16,0.19,0.16,0.19,0,0
2015-03-04,0.18,0.18,0.18,0.18,0,0
2015-03-05,0.19,0.23,0.19,0.23,0,0
2015-03-06,0.24,0.24,0.24,0.24,0,0
2015-03-10,0.23,0.27,0.23,0.27,0,0
2015-03-11,0.29,0.29,0.29,0.29,0,0
2015-03-26,0.24,0.24,0.24,0.24,0,0
2015-04-02,0.18,0.18,0.18,0.18,0,0
2015-04-09,0.18,0.19,0.18,0.19,0,0
2015-04-20,0.18,0.2,0.18,0.2,0,0
2015-04-27,0.18,0.18,0.18,0.18,0,0
2015-04-28,0.19,0.19,0.19,0.19,0,0
2015-04-29,0.24,0.24,0.24,0.24,0,0
2015-04-30,0.18,0.18,0.18,0.18,0,0
2015-05-04,0.18,0.18,0.18,0.18,0,0
2015-05-05,0.22,0.22,0.22,0.22,0,0
2015-05-15,0.87,1.01,0.87,1.01,0,0
2015-05-28,0.87,0.97,0.87,0.97,0,0
2015-06-02,0.8,0.8,0.8,0.8,0,0
2015-06-03,0.66,0.97,0.66,0.97,0,0
2015-07-14,0.57,0.57,0.57,0.57,0,0
2015-07-15,0.67,0.67,0.57,0.57,0,0
2015-07-16,0.67,0.79,0.67,0.76,0,0
2015-07-17,0.63,0.63,0.51,0.6,0,0
2015-07-22,0.51,0.51,0.41,0.48,0,0
2015-07-23,0.57,0.67,0.57,0.6,0,0
2015-07-27,0.76,0.92,0.76,0.92,0,0
2015-07-28,0.95,1.14,0.95,1.14,0,0
2015-07-29,1.14,1.14,0.92,1.05,0,0
2015-07-30,0.86,1.11,0.86,1.11,0,0
2015-07-31,1.08,1.11,1.08,1.11,0,0
2015-08-03,0.92,0.92,0.86,0.92,0,0
2015-08-04,0.82,0.82,0.76,0.76,0,0
2015-08-05,0.76,0.76,0.76,0.76,0,0
2015-08-06,0.76,0.76,0.76,0.76,0,0
2015-08-07,0.89,0.89,0.89,0.89,0,0
2015-08-10,0.73,0.73,0.6,0.6,0,0
2015-08-12,0.67,0.79,0.67,0.79,0,0
2015-08-13,0.92,0.92,0.76,0.89,0,0
2015-08-17,0.89,0.89,0.73,0.76,0,0
2015-08-18,0.73,0.82,0.73,0.82,0,0
2015-08-20,0.82,0.82,0.7,0.82,0,0
2015-08-24,0.7,0.7,0.6,0.6,0,0
2015-08-25,0.57,0.57,0.57,0.57,0,0
2015-08-27,0.54,0.57,0.54,0.57,0,0
2015-09-01,0.73,0.79,0.73,0.79,0,0
2015-09-02,0.86,0.86,0.82,0.82,0,0
2015-09-04,0.63,0.63,0.63,0.63,0,0
2015-09-08,0.76,0.82,0.76,0.82,0,0
2015-09-15,0.57,0.57,0.57,0.57,0,0
2015-09-16,0.64,0.67,0.64,0.67,0,0
2015-09-17,0.64,0.64,0.62,0.62,0,0
2015-09-18,0.72,0.72,0.72,0.72,0,0
2015-09-24,0.7,0.72,0.6,0.72,0,0
2015-09-25,0.64,0.64,0.64,0.64,0,0
2015-10-05,0.55,0.55,0.5,0.5,0,0
2015-10-06,0.6,0.6,0.6,0.6,0,0
2015-10-07,0.6,0.6,0.6,0.6,0,0
2015-10-13,0.6,0.6,0.6,0.6,0,0
2015-10-15,0.6,0.6,0.6,0.6,0,0
2015-10-19,0.52,0.62,0.52,0.62,0,0
2015-10-20,0.7,0.7,0.7,0.7,0,0
2015-10-21,0.67,0.77,0.67,0.77,0,0
2015-10-22,0.77,0.9,0.77,0.9,0,0
2015-10-23,0.9,1.27,0.9,1.27,0,0
2015-10-26,1.29,1.37,1.29,1.29,0,0
2015-10-27,1.09,1.09,1.09,1.09,0,0
2015-10-28,1.07,1.09,0.87,1.09,0,0
2015-10-29,1.07,1.07,0.92,0.92,0,0
2015-10-30,0.77,1.12,0.77,1.12,0,0
2015-11-02,1.12,1.29,1.12,1.29,0,0
2015-11-03,1.27,1.47,1.04,1.47,0,0
2015-11-05,1.44,1.47,1.44,1.47,0,0
2015-11-09,1.44,1.44,1.44,1.44,0,0
2015-11-20,1.17,1.47,1.07,1.47,0,0
2015-11-25,1.44,1.47,1.44,1.47,0,0
2015-11-26,1.44,1.47,1.44,1.47,0,0
2015-11-30,1.22,1.37,1.04,1.22,0,0
2015-12-01,1.19,1.27,1.19,1.27,0,0
2015-12-02,1.24,1.24,1.01,1.19,0,0
2015-12-03,1.21,1.21,1.21,1.21,0,0
2015-12-04,1.27,1.44,1.27,1.44,0,0
2015-12-07,1.42,1.7,1.42,1.7,0,0
2015-12-08,1.92,1.95,1.62,1.8,0,0
2015-12-10,1.8,1.8,1.8,1.8,0,0
2015-12-14,1.44,1.72,1.44,1.7,0,0
2015-12-15,1.47,1.77,1.47,1.77,0,0
2015-12-16,2.13,2.13,2.13,2.13,0,0
2015-12-21,0.48,0.48,0.48,0.48,0,0
2015-12-22,0.56,0.66,0.53,0.63,0,0
2015-12-23,0.63,0.66,0.53,0.66,0,0
2015-12-28,0.53,0.61,0.48,0.5,0,0
2015-12-29,0.48,0.66,0.48,0.66,0,0
2015-12-30,0.71,0.81,0.69,0.81,0,0
2016-01-04,0.96,0.96,0.63,0.71,0,0
2016-01-05,0.73,0.73,0.63,0.71,0,0
2016-01-07,0.63,0.73,0.61,0.69,0,0
2016-01-08,0.63,0.71,0.63,0.71,0,0
2016-01-11,0.66,0.69,0.66,0.69,0,0
2016-01-12,0.69,0.69,0.61,0.69,0,0
2016-01-13,0.61,0.66,0.61,0.66,0,0
2016-01-14,0.58,0.71,0.58,0.71,0,0
2016-01-15,0.69,0.69,0.58,0.69,0,0
2016-01-18,0.63,0.69,0.63,0.69,0,0
2016-01-19,0.69,0.71,0.69,0.71,0,0
2016-01-20,0.69,0.71,0.63,0.71,0,0
2016-01-21,0.71,0.71,0.71,0.71,0,0
2016-01-26,0.69,0.81,0.69,0.76,0,0
2016-01-27,0.91,0.96,0.76,0.96,0,0
2016-01-28,0.96,0.99,0.86,0.99,0,0
2016-01-29,0.86,1.01,0.86,1.01,0,0
2016-02-03,0.76,0.81,0.69,0.81,0,0
2016-02-04,0.71,0.81,0.71,0.81,0,0
2016-02-05,0.66,0.76,0.61,0.71,0,0
2016-02-08,0.61,0.63,0.5,0.56,0,0
2016-02-09,0.56,0.56,0.56,0.56,0,0
2016-02-10,0.61,0.61,0.61,0.61,0,0
2016-02-11,0.61,0.61,0.61,0.61,0,0
2016-02-12,0.58,0.58,0.58,0.58,0,0
2016-02-15,0.58,0.61,0.58,0.61,0,0
2016-02-16,0.61,0.61,0.5,0.61,0,0
2016-02-17,0.58,0.58,0.58,0.58,0,0
2016-02-18,0.53,0.61,0.5,0.5,0,0
2016-02-19,0.58,0.61,0.58,0.61,0,0
2016-02-22,0.61,0.63,0.61,0.63,0,0
2016-02-23,0.63,0.63,0.63,0.63,0,0
2016-02-24,0.61,0.63,0.61,0.63,0,0
2016-02-26,0.63,0.63,0.63,0.63,0,0
2016-02-29,0.63,0.63,0.61,0.61,0,0
2016-03-01,0.56,0.56,0.56,0.56,0,0
2016-03-03,0.61,0.61,0.61,0.61,0,0
2016-03-04,0.61,0.61,0.61,0.61,0,0
2016-03-09,0.56,0.56,0.53,0.53,0,0
2016-03-10,0.53,0.53,0.48,0.48,0,0
2016-03-11,0.58,0.58,0.58,0.58,0,0
2016-03-14,0.61,0.63,0.53,0.53,0,0
2016-03-15,0.53,0.53,0.53,0.53,0,0
2016-03-18,0.58,0.58,0.58,0.58,0,0
2016-03-22,0.58,0.61,0.58,0.61,0,0
2016-03-29,0.51,0.61,0.51,0.61,0,0
2016-03-30,0.58,0.58,0.58,0.58,0,0
2016-03-31,0.58,0.58,0.58,0.58,0,0
2016-04-04,0.58,0.58,0.58,0.58,0,0
2016-04-05,0.48,0.51,0.48,0.51,0,0
2016-04-12,0.53,0.53,0.53,0.53,0,0
2016-04-13,0.53,0.53,0.53,0.53,0,0
2016-04-14,0.53,0.6,0.53,0.6,0,0
2016-04-18,0.6,0.6,0.6,0.6,0,0
2016-04-19,0.53,0.6,0.5,0.6,0,0
2016-04-20,0.5,0.6,0.5,0.6,0,0
2016-04-22,0.5,0.5,0.5,0.5,0,0
2016-04-25,0.53,0.6,0.53,0.6,0,0
2016-04-26,0.6,0.73,0.6,0.73,0,0
2016-04-27,0.73,0.73,0.63,0.68,0,0
2016-04-28,0.68,0.7,0.65,0.68,0,0
2016-05-02,0.65,0.68,0.58,0.68,0,0
2016-05-04,0.65,0.68,0.65,0.68,0,0
2016-05-06,0.63,0.8,0.63,0.8,0,0
2016-05-09,0.83,0.88,0.75,0.85,0,0
2016-05-10,0.83,0.9,0.83,0.88,0,0
2016-05-11,0.88,0.98,0.88,0.98,0,0
2016-05-12,0.93,0.98,0.93,0.98,0,0
2016-05-13,0.88,0.98,0.88,0.95,0,0
2016-05-16,0.83,0.9,0.78,0.88,0,0
2016-05-17,0.78,0.83,0.73,0.83,0,0
2016-05-18,0.83,0.9,0.83,0.9,0,0
2016-05-20,0.88,0.9,0.88,0.9,0,0
2016-05-23,0.88,0.88,0.83,0.83,0,0
2016-05-24,0.78,0.88,0.73,0.75,0,0
2016-05-25,0.75,0.83,0.75,0.83,0,0
2016-05-27,0.75,0.83,0.75,0.83,0,0
2016-05-30,0.78,0.88,0.78,0.88,0,0
2016-05-31,0.88,0.88,0.75,0.88,0,0
2016-06-01,0.83,1.16,0.83,1.11,0,0
2016-06-02,1.11,1.31,1.03,1.08,0,0
2016-06-03,0.95,1.03,0.78,0.95,0,0
2016-06-06,1.01,1.07,0.9,1.07,0,0
2016-06-07,1.01,1.09,1.01,1.09,0,0
2016-06-08,1.07,1.07,1.04,1.07,0,0
2016-06-09,0.98,1.18,0.98,1.07,0,0
2016-06-10,1.01,1.07,1.01,1.07,0,0
2016-06-13,1.07,1.15,1.07,1.15,0,0
2016-06-14,1.04,1.09,1.01,1.09,0,0
2016-06-16,0.98,0.98,0.98,0.98,0,0
2016-06-17,1.01,1.09,1.01,1.09,0,0
2016-06-20,1.04,1.04,0.98,1.04,0,0
2016-06-21,0.92,0.92,0.92,0.92,0,0
2016-06-22,1.04,1.04,1.04,1.04,0,0
2016-06-24,0.9,0.92,0.9,0.92,0,0
2016-06-27,0.84,0.84,0.81,0.81,0,0
2016-06-28,0.92,0.92,0.92,0.92,0,0
2016-06-29,0.84,0.84,0.84,0.84,0,0
2016-06-30,0.92,0.92,0.92,0.92,0,0
2016-07-01,0.84,0.86,0.81,0.86,0,0
2016-07-04,0.78,0.81,0.78,0.81,0,0
2016-07-05,0.9,0.95,0.84,0.84,0,0
2016-07-06,0.92,1.07,0.92,1.04,0,0
2016-07-07,1.04,1.04,0.9,0.9,0,0
2016-07-08,0.9,0.95,0.9,0.9,0,0
2016-07-12,0.86,0.95,0.86,0.95,0,0
2016-07-13,0.86,0.86,0.84,0.84,0,0
2016-07-14,0.84,0.84,0.84,0.84,0,0
2016-07-15,0.84,0.84,0.84,0.84,0,0
2016-07-19,0.84,0.9,0.84,0.9,0,0
2016-07-20,0.9,0.92,0.9,0.92,0,0
2016-07-22,0.81,0.86,0.78,0.78,0,0
2016-07-25,0.9,0.9,0.9,0.9,0,0
2016-07-26,0.9,0.9,0.9,0.9,0,0
2016-07-27,0.84,0.84,0.84,0.84,0,0
2016-08-01,0.81,0.81,0.81,0.81,0,0
2016-08-02,0.81,0.9,0.78,0.9,0,0
2016-08-03,0.9,1.01,0.9,1.01,0,0
2016-08-04,1.04,1.04,0.92,1.04,0,0
2016-08-05,0.95,1.01,0.86,0.86,0,0
2016-08-08,0.9,0.98,0.9,0.98,0,0
2016-08-09,0.9,0.9,0.9,0.9,0,0
2016-08-16,0.9,0.9,0.9,0.9,0,0
2016-08-17,0.92,0.92,0.92,0.92,0,0
2016-08-18,0.84,0.92,0.84,0.92,0,0
2016-08-19,0.84,0.84,0.84,0.84,0,0
2016-08-22,0.84,0.9,0.84,0.9,0,0
2016-08-24,0.81,0.81,0.81,0.81,0,0
2016-08-29,0.78,0.78,0.78,0.78,0,0
2016-08-31,0.78,0.78,0.78,0.78,0,0
2016-09-01,0.78,0.78,0.78,0.78,0,0
2016-09-02,0.9,0.9,0.9,0.9,0,0
2016-09-08,0.83,0.89,0.72,0.89,0,0
2016-09-09,0.78,0.89,0.74,0.74,0,0
2016-09-12,0.72,0.78,0.72,0.78,0,0
2016-09-13,0.74,0.74,0.74,0.74,0,0
2016-09-21,0.83,0.83,0.83,0.83,0,0
2016-09-23,0.72,0.74,0.66,0.74,0,0
2016-09-26,0.74,0.74,0.74,0.74,0,0
2016-09-27,0.74,0.74,0.74,0.74,0,0
2016-09-29,0.78,0.83,0.74,0.8,0,0
2016-09-30,0.66,0.78,0.66,0.69,0,0
2016-10-03,0.8,0.8,0.8,0.8,0,0
2016-10-04,0.66,0.72,0.66,0.72,0,0
2016-10-07,0.72,0.72,0.72,0.72,0,0
2016-10-11,0.8,0.8,0.8,0.8,0,0
2016-10-17,0.8,0.95,0.74,0.83,0,0
2016-10-18,0.86,0.86,0.86,0.86,0,0
2016-10-19,0.83,0.95,0.83,0.95,0,0
2016-10-20,0.8,0.92,0.8,0.83,0,0
2016-10-24,0.8,0.92,0.8,0.92,0,0
2016-10-25,0.92,0.92,0.86,0.86,0,0
2016-10-26,0.86,0.86,0.86,0.86,0,0
2016-10-27,0.92,0.95,0.92,0.92,0,0
2016-11-03,0.92,0.92,0.92,0.92,0,0
2016-11-04,0.83,0.83,0.83,0.83,0,0
2016-11-07,0.89,0.89,0.78,0.78,0,0
2016-11-09,0.78,0.78,0.78,0.78,0,0
2016-11-10,0.78,0.78,0.78,0.78,0,0
2016-11-15,0.89,0.92,0.89,0.92,0,0
2016-11-18,0.89,0.89,0.83,0.89,0,0
2016-11-22,0.83,0.83,0.8,0.83,0,0
2016-11-24,0.89,0.89,0.89,0.89,0,0
2016-11-29,0.83,0.83,0.83,0.83,0,0
2016-12-01,0.83,0.83,0.83,0.83,0,0
2016-12-05,0.78,0.78,0.72,0.72,0,0
2016-12-06,0.72,0.72,0.72,0.72,0,0
2016-12-08,0.72,0.72,0.72,0.72,0,0
2016-12-09,0.72,0.72,0.67,0.67,0,0
2016-12-12,0.69,0.69,0.67,0.67,0,0
2016-12-15,0.74,0.8,0.74,0.8,0,0
2016-12-16,0.72,0.72,0.72,0.72,0,0
2016-12-19,0.8,0.83,0.8,0.83,0,0
2016-12-20,0.8,0.8,0.8,0.8,0,0
2016-12-22,0.69,0.8,0.69,0.77,0,0
2016-12-27,0.72,0.72,0.69,0.69,0,0
2016-12-28,0.72,0.83,0.72,0.83,0,0
2016-12-29,0.72,0.83,0.72,0.83,0,0
2016-12-30,0.83,0.83,0.74,0.83,0,0
2017-01-02,0.88,0.88,0.85,0.85,0,0
2017-01-04,0.77,0.8,0.77,0.8,0,0
2017-01-09,0.72,0.72,0.72,0.72,0,0
2017-01-10,0.8,0.96,0.8,0.96,0,0
2017-01-11,1.04,1.06,0.88,1.01,0,0
2017-01-12,1.09,1.09,0.83,0.83,0,0
2017-01-13,0.85,1.01,0.85,1.01,0,0
2017-01-16,0.99,1.12,0.96,0.96,0,0
2017-01-17,0.88,1.01,0.88,1.01,0,0
2017-01-18,0.88,1.01,0.88,1.01,0,0
2017-01-19,1.09,1.3,1.01,1.25,0,0
2017-01-20,1.3,1.43,1.3,1.36,0,0
2017-01-23,1.3,1.33,1.2,1.2,0,0
2017-01-24,1.2,1.25,1.14,1.25,0,0
2017-01-25,1.25,1.25,1.25,1.25,0,0
2017-01-26,1.17,1.28,1.17,1.28,0,0
2017-01-27,1.28,1.33,1.28,1.33,0,0
2017-01-30,1.33,1.49,1.14,1.14,0,0
2017-01-31,1.17,1.22,1.17,1.2,0,0
2017-02-01,1.14,1.14,0.96,1.14,0,0
2017-02-02,1.14,1.2,1.06,1.06,0,0
2017-02-03,1.14,1.14,1.14,1.14,0,0
2017-02-06,1.09,1.09,1.09,1.09,0,0
2017-02-07,1.14,1.14,1.14,1.14,0,0
2017-02-08,1.25,1.59,1.25,1.59,0,0
2017-02-09,1.86,1.86,1.54,1.73,0,0
2017-02-10,1.68,1.68,1.49,1.52,0,0
2017-02-13,1.52,1.62,1.49,1.62,0,0
2017-02-14,1.52,1.57,1.43,1.46,0,0
2017-02-15,1.46,1.57,1.43,1.46,0,0
2017-02-16,1.46,1.57,1.41,1.57,0,0
2017-02-17,1.43,1.57,1.43,1.52,0,0
2017-02-20,1.57,1.57,1.57,1.57,0,0
2017-02-21,1.43,1.46,1.22,1.28,0,0
2017-02-22,1.28,1.28,1.09,1.25,0,0
2017-02-23,1.17,1.3,1.17,1.3,0,0
2017-02-24,1.3,1.3,1.3,1.3,0,0
2017-02-27,1.3,1.46,1.3,1.43,0,0
2017-02-28,1.43,1.43,1.36,1.43,0,0
2017-03-01,1.43,1.7,1.43,1.57,0,0
2017-03-02,1.49,1.59,1.49,1.59,0,0
2017-03-03,1.52,1.59,1.52,1.59,0,0
2017-03-06,1.54,1.54,1.54,1.54,0,0
2017-03-07,1.54,1.54,1.54,1.54,0,0
2017-03-09,1.49,1.59,1.43,1.59,0,0
2017-03-13,1.38,1.54,1.38,1.54,0,0
2017-03-14,1.38,1.49,1.38,1.49,0,0
2017-03-16,1.49,1.49,1.49,1.49,0,0
2017-03-17,1.54,1.54,1.54,1.54,0,0
2017-03-22,1.38,1.49,1.33,1.49,0,0
2017-03-23,1.43,1.49,1.43,1.46,0,0
2017-03-24,1.36,1.49,1.36,1.49,0,0
2017-03-27,1.49,1.57,1.49,1.54,0,0
2017-03-29,1.98,1.98,1.84,1.98,0,0
2017-03-30,1.88,1.88,1.88,1.88,0,0
2017-03-31,1.81,1.95,1.81,1.95,0,0
2017-04-03,1.81,1.81,1.81,1.81,0,0
2017-04-04,1.81,1.88,1.81,1.88,0,0
2017-04-06,1.75,1.88,1.75,1.88,0,0
2017-04-07,1.75,1.81,1.75,1.81,0,0
2017-04-10,1.88,2.05,1.88,2.05,0,0
2017-04-12,1.84,1.95,1.84,1.95,0,0
2017-04-13,1.84,1.84,1.84,1.84,0,0
2017-04-18,1.95,2.8,1.95,2.8,0,0
2017-04-19,2.98,3.14,2.6,2.84,0,0
2017-04-20,2.39,2.84,2.39,2.84,0,0
2017-04-21,2.63,2.63,2.46,2.63,0,0
2017-04-24,2.39,2.57,2.32,2.57,0,0
2017-04-25,3.07,3.07,2.66,2.91,0,0
2017-04-26,2.53,2.57,2.32,2.57,0,0
2017-04-27,2.57,2.57,2.39,2.39,0,0
2017-04-28,2.39,2.39,2.32,2.39,0,0
2017-05-04,2.32,2.57,2.29,2.57,0,0
2017-05-05,2.57,2.57,2.57,2.57,0,0
2017-05-08,2.57,3.04,2.57,2.91,0,0
2017-05-09,2.73,2.73,2.36,2.36,0,0
2017-05-10,2.36,2.53,2.36,2.43,0,0
2017-05-11,2.43,2.53,2.29,2.39,0,0
2017-05-12,2.29,2.39,2.29,2.29,0,0
2017-05-15,2.29,2.39,2.22,2.39,0,0
2017-05-16,2.25,2.25,2.22,2.22,0,0
2017-05-17,2.22,2.22,2.22,2.22,0,0
2017-05-19,2.22,2.22,2.19,2.22,0,0
2017-05-22,2.19,2.29,2.19,2.29,0,0
2017-05-23,2.22,2.22,2.22,2.22,0,0
2017-05-25,2.14,2.25,2.14,2.25,0,0
2017-05-29,2.25,2.25,2.25,2.25,0,0
2017-05-30,2.25,2.39,2.25,2.39,0,0
2017-05-31,2.35,2.81,2.35,2.81,0,0
2017-06-02,2.35,2.6,2.35,2.35,0,0
2017-06-05,2.35,2.6,2.35,2.6,0,0
2017-06-06,2.6,3.08,2.6,3.04,0,0
2017-06-07,3.04,3.04,3.04,3.04,0,0
2017-06-08,2.63,2.63,2.53,2.63,0,0
2017-06-09,2.46,2.46,2.46,2.46,0,0
2017-06-12,2.46,2.53,2.42,2.53,0,0
2017-06-13,2.42,2.42,2.35,2.35,0,0
2017-06-14,2.35,2.53,2.35,2.53,0,0
2017-06-19,2.35,2.53,2.28,2.28,0,0
2017-06-20,2.35,2.53,2.28,2.28,0,0
2017-06-21,2.28,2.35,2.25,2.25,0,0
2017-06-26,2.25,2.25,2.14,2.21,0,0
2017-06-27,2.14,2.21,2.08,2.18,0,0
2017-06-28,2.21,2.21,2.08,2.08,0,0
2017-06-29,2.21,2.25,2.21,2.25,0,0
2017-07-03,2.18,2.49,2.18,2.49,0,0
2017-07-04,2.74,2.74,2.74,2.74,0,0
2017-07-05,2.74,2.74,2.74,2.74,0,0
2017-07-10,2.01,2.39,2.01,2.39,0,0
2017-07-11,2.63,2.63,2.63,2.63,0,0
2017-07-13,2.39,2.39,2.08,2.21,0,0
2017-07-17,2.21,2.21,2.21,2.21,0,0
2017-07-18,2.14,2.14,2.14,2.14,0,0
2017-07-19,2.14,2.14,2.14,2.14,0,0
2017-07-20,2.08,2.14,2.08,2.14,0,0
2017-07-24,2.14,2.35,2.14,2.35,0,0
2017-07-25,2.28,2.28,2.28,2.28,0,0
2017-07-26,2.28,2.28,2.04,2.28,0,0
2017-07-31,2.28,2.28,2.28,2.28,0,0
2017-08-04,2.28,2.28,2.28,2.28,0,0
2017-08-07,2.08,2.18,2.08,2.18,0,0
2017-08-11,2.01,2.01,2.01,2.01,0,0
2017-08-14,2.25,2.25,2.18,2.18,0,0
2017-08-16,2.01,2.01,1.94,1.94,0,0
2017-08-17,1.94,1.94,1.94,1.94,0,0
2017-08-21,2.1,2.1,1.69,1.69,0,0
2017-08-22,1.8,1.8,1.8,1.8,0,0
2017-08-23,2.06,2.06,1.87,1.87,0,0
2017-08-28,1.87,1.87,1.87,1.87,0,0
2017-08-29,2.06,2.06,2.06,2.06,0,0
2017-08-31,2.17,2.17,2.17,2.17,0,0
2017-09-01,2.21,2.24,2.17,2.24,0,0
2017-09-04,2.66,2.66,2.62,2.62,0,0
2017-09-15,2.32,2.32,2.32,2.32,0,0
2017-09-18,2.1,2.17,2.1,2.17,0,0
2017-09-19,2.17,2.17,2.17,2.17,0,0
2017-09-20,2.17,2.17,2.17,2.17,0,0
2017-09-28,2.17,2.17,2.17,2.17,0,0
2017-09-29,2.06,2.06,2.06,2.06,0,0
2017-10-03,2.06,2.06,1.95,1.95,0,0
2017-10-04,1.95,1.95,1.95,1.95,0,0
2017-10-05,1.95,1.95,1.87,1.87,0,0
2017-10-09,1.91,1.91,1.91,1.91,0,0
2017-10-11,1.87,1.87,1.87,1.87,0,0
2017-10-24,1.87,1.87,1.87,1.87,0,0
2017-10-25,1.84,1.84,1.84,1.84,0,0
2017-10-30,1.84,1.84,1.84,1.84,0,0
2017-11-14,1.8,1.8,1.8,1.8,0,0
2017-11-15,1.72,1.72,1.72,1.72,0,0
2017-11-20,1.57,1.57,1.31,1.31,0,0
2017-11-21,1.31,1.31,1.24,1.24,0,0
2017-11-22,1.5,1.5,1.5,1.5,0,0
2017-11-28,1.27,1.33,1.27,1.33,0,0
2017-12-01,1.64,1.64,1.64,1.64,0,0
2017-12-04,1.37,1.64,1.37,1.64,0,0
2017-12-08,1.37,1.48,1.17,1.48,0,0
2017-12-12,1.21,1.45,1.21,1.45,0,0
2017-12-13,1.33,1.33,1.33,1.33,0,0
2017-12-15,1.37,1.4,1.37,1.4,0,0
2017-12-21,1.21,1.21,1.21,1.21,0,0
2017-12-22,1.21,1.37,1.21,1.37,0,0
2017-12-27,1.21,1.21,1.21,1.21,0,0
2017-12-29,1.25,1.25,1.17,1.17,0,0
2018-01-08,1.21,1.21,1.17,1.17,0,0
2018-01-29,2.02,2.02,2.02,2.02,0,0
2018-01-30,2.02,2.02,2.02,2.02,0,0
2018-01-31,2.02,2.83,2.02,2.83,0,0
2018-02-06,2.29,2.29,2.29,2.29,0,0
2018-02-15,2.96,2.96,2.96,2.96,0,0
2018-02-16,2.96,2.96,2.96,2.96,0,0
2018-02-22,2.5,2.5,2.5,2.5,0,0
2018-03-08,2.43,2.43,2.43,2.43,0,0
2018-03-13,2.83,2.83,2.83,2.83,0,0
2018-03-27,1.39,1.39,1.39,1.39,0,0
