Date,Open,High,Low,Close,Volume,OpenInt
2015-06-10,5.3273,5.3273,5.3273,5.3273,0,0
2015-06-11,4.2058,5.1404,4.2058,5.1404,0,0
2015-06-12,5.7011,5.7011,5.2338,5.4208,0,0
2015-06-15,5.4208,5.4208,5.0469,5.4208,0,0
2015-06-16,5.0469,5.0469,4.0188,4.2058,0,0
2015-06-17,3.9254,3.9254,3.0842,3.5515,0,0
2015-06-18,3.5515,4.2058,3.5515,4.2058,0,0
2015-06-19,3.8319,4.3927,3.645,4.3927,0,0
2015-06-22,3.7385,4.0188,3.4581,3.9254,0,0
2015-06-23,3.3646,3.9254,3.3646,3.9254,0,0
2015-06-24,3.3646,3.9254,3.2711,3.9254,0,0
2015-06-25,3.9254,3.9254,3.3646,3.9254,0,0
2015-06-26,4.2992,4.2992,4.2058,4.2058,0,0
2015-06-29,3.8319,4.3927,3.645,4.3927,0,0
2015-06-30,4.3927,4.3927,4.1123,4.3927,0,0
2015-07-01,4.4861,4.4861,3.7385,4.3927,0,0
2015-07-02,4.3927,4.3927,3.8319,3.9254,0,0
2015-07-03,3.9254,4.2058,3.645,4.2058,0,0
2015-07-06,4.2058,4.2058,3.5515,3.5515,0,0
2015-07-07,3.8319,3.8319,3.8319,3.8319,0,0
2015-07-08,3.8319,3.8319,3.8319,3.8319,0,0
2015-07-09,3.8319,3.8319,3.8319,3.8319,0,0
2015-07-10,3.8319,3.8319,3.7385,3.8319,0,0
2015-07-13,3.8319,4.2058,3.7385,4.1123,0,0
2015-07-14,4.1123,4.1123,3.8319,3.9254,0,0
2015-07-15,4.0188,4.1123,3.9254,4.1123,0,0
2015-07-16,4.1123,4.2058,4.1123,4.2058,0,0
2015-07-17,4.2058,4.2058,3.3646,3.5515,0,0
2015-07-20,3.4581,3.5515,3.4581,3.5515,0,0
2015-07-21,3.5515,3.8319,3.5515,3.645,0,0
2015-07-22,3.9254,3.9254,3.645,3.8319,0,0
2015-07-23,3.8319,3.8319,3.5515,3.8319,0,0
2015-07-24,3.9254,3.9254,3.5515,3.5515,0,0
2015-07-27,3.9254,3.9254,3.645,3.8319,0,0
2015-07-28,3.9254,3.9254,3.5515,3.9254,0,0
2015-07-29,3.9254,3.9254,3.9254,3.9254,0,0
2015-07-30,3.9254,3.9254,3.8319,3.9254,0,0
2015-07-31,3.9254,3.9254,3.8319,3.9254,0,0
2015-08-03,4.0188,4.2058,4.0188,4.2058,0,0
2015-08-04,4.2058,4.2058,3.5515,3.645,0,0
2015-08-05,4.2058,4.2058,4.2058,4.2058,0,0
2015-08-06,4.2058,4.2058,4.1123,4.1123,0,0
2015-08-07,4.2058,4.2058,4.2058,4.2058,0,0
2015-08-10,3.5515,4.7665,3.5515,3.5515,0,0
2015-08-11,3.4581,3.4581,3.1777,3.1777,0,0
2015-08-12,3.645,3.645,3.3646,3.4581,0,0
2015-08-13,3.5515,3.5515,2.8973,3.1777,0,0
2015-08-14,3.645,3.645,3.1777,3.3646,0,0
2015-08-17,3.5515,3.5515,2.8038,3.4581,0,0
2015-08-18,3.4581,3.4581,3.4581,3.4581,0,0
2015-08-19,3.4581,3.4581,2.8038,2.8038,0,0
2015-08-20,3.3646,3.3646,2.8038,3.0842,0,0
2015-08-21,3.2711,3.2711,2.8038,3.2711,0,0
2015-08-24,3.2711,3.2711,2.8038,3.1777,0,0
2015-08-25,3.1777,3.1777,3.1777,3.1777,0,0
2015-08-26,3.1777,3.1777,3.1777,3.1777,0,0
2015-08-27,3.1777,3.1777,2.7104,3.1777,0,0
2015-08-28,3.1777,3.1777,3.1777,3.1777,0,0
2015-08-31,3.2711,3.2711,2.6169,2.6169,0,0
2015-09-01,2.9908,3.1777,2.9908,3.1777,0,0
2015-09-02,3.0842,3.0842,2.9908,3.0842,0,0
2015-09-03,3.0842,3.0842,2.8973,2.9908,0,0
2015-09-04,3.0842,3.0842,2.8973,3.0842,0,0
2015-09-07,3.0842,3.0842,2.8973,2.9908,0,0
2015-09-08,2.8973,3.0842,2.8973,3.0842,0,0
2015-09-09,3.0842,3.0842,2.8973,3.0842,0,0
2015-09-10,3.0842,3.1777,3.0842,3.1777,0,0
2015-09-11,3.1777,3.645,2.9908,3.5515,0,0
2015-09-14,3.4581,3.645,3.4581,3.645,0,0
2015-09-15,3.645,3.645,3.4581,3.645,0,0
2015-09-16,3.645,4.2992,3.5515,4.0188,0,0
2015-09-17,4.2058,4.2058,3.9254,3.9254,0,0
2015-09-18,3.9254,4.1123,3.4581,4.1123,0,0
2015-09-21,4.1123,4.2058,3.7385,4.0188,0,0
2015-09-22,4.2058,4.4861,4.2058,4.3927,0,0
2015-09-23,4.3927,4.3927,4.2058,4.2992,0,0
2015-09-24,4.2992,4.2992,4.2058,4.2058,0,0
2015-09-25,4.2058,5.0469,3.5515,5.0469,0,0
2015-09-28,4.5796,5.1404,4.5796,5.1404,0,0
2015-09-29,5.0469,5.1404,4.4861,5.0469,0,0
2015-09-30,4.9534,4.9534,4.9534,4.9534,0,0
2015-10-01,4.1123,5.0469,4.0188,5.0469,0,0
2015-10-02,4.2992,4.7665,4.2992,4.7665,0,0
2015-10-06,4.0188,4.5796,4.0188,4.4861,0,0
2015-10-09,4.5796,5.0469,4.3927,4.3927,0,0
2015-10-12,4.9534,4.9534,4.2058,4.86,0,0
2015-10-13,4.86,4.9534,3.9254,4.9534,0,0
2015-10-14,4.9534,4.9534,4.2058,4.9534,0,0
2015-10-15,4.9534,4.9534,4.2058,4.9534,0,0
2015-10-16,4.9534,4.9534,4.9534,4.9534,0,0
2015-10-19,4.7665,4.7665,4.7665,4.7665,0,0
2015-10-20,4.7665,4.7665,4.0188,4.4861,0,0
2015-10-21,4.6731,4.7665,4.6731,4.7665,0,0
2015-10-22,4.7665,4.7665,3.9254,4.7665,0,0
2015-10-23,4.7665,4.7665,3.8319,4.1123,0,0
2015-10-26,4.7665,4.7665,3.9254,4.7665,0,0
2015-10-27,4.7665,4.7665,3.8319,4.2992,0,0
2015-10-28,4.5796,4.5796,3.7385,4.2992,0,0
2015-10-29,4.2058,4.2058,4.2058,4.2058,0,0
2015-10-30,4.2058,4.2058,3.7385,4.2058,0,0
2015-11-02,4.2058,4.2058,3.5515,3.5515,0,0
2015-11-03,4.2058,4.2058,3.5515,3.9254,0,0
2015-11-04,4.2058,4.2058,3.9254,3.9254,0,0
2015-11-05,4.2058,4.2058,3.7385,3.8319,0,0
2015-11-06,3.8319,4.2992,3.4581,3.4581,0,0
2015-11-09,3.4581,3.4581,3.4581,3.4581,0,0
2015-11-10,4.0188,4.1123,3.8319,4.1123,0,0
2015-11-12,4.2058,5.0469,4.2058,5.0469,0,0
2015-11-13,5.0469,5.0469,4.1123,4.9534,0,0
2015-11-16,4.7665,4.9534,3.8319,4.7665,0,0
2015-11-17,4.7665,4.7665,4.7665,4.7665,0,0
2015-11-18,4.7665,4.7665,4.0188,4.0188,0,0
2015-11-19,4.5796,4.5796,3.7385,4.4861,0,0
2015-11-20,4.4861,4.4861,3.8319,4.4861,0,0
2015-11-23,4.4861,4.4861,3.3646,3.3646,0,0
2015-11-24,3.3646,3.3646,2.8038,3.2711,0,0
2015-11-25,3.2711,3.2711,3.2711,3.2711,0,0
2015-11-26,3.1777,3.1777,2.6169,2.6169,0,0
2015-11-27,2.6169,3.3646,2.6169,3.2711,0,0
2015-11-30,3.0842,3.5515,2.8973,2.9908,0,0
2015-12-01,3.5515,3.5515,3.0842,3.4581,0,0
2015-12-02,3.4581,3.4581,3.1777,3.1777,0,0
2015-12-03,3.1777,3.1777,2.8973,3.1777,0,0
2015-12-04,3.3646,3.3646,2.8038,3.2711,0,0
2015-12-07,3.1777,3.1777,2.8973,3.0842,0,0
2015-12-08,3.0842,3.2711,2.8038,3.2711,0,0
2015-12-09,3.2711,3.2711,3.0842,3.0842,0,0
2015-12-10,3.1777,3.1777,3.1777,3.1777,0,0
2015-12-11,3.0842,3.0842,3.0842,3.0842,0,0
2015-12-14,3.0842,3.3646,2.8973,3.2711,0,0
2015-12-15,2.7104,3.2711,2.7104,3.2711,0,0
2015-12-16,3.1777,3.1777,2.9908,3.1777,0,0
2015-12-17,3.1777,3.1777,3.0842,3.0842,0,0
2015-12-18,3.0842,3.0842,3.0842,3.0842,0,0
2015-12-21,3.0842,3.0842,3.0842,3.0842,0,0
2015-12-22,3.0842,3.0842,2.7104,3.0842,0,0
2015-12-23,3.0842,3.0842,2.5235,2.9908,0,0
2015-12-28,2.9908,2.9908,2.9908,2.9908,0,0
2015-12-29,2.9908,2.9908,2.8973,2.8973,0,0
2015-12-30,2.5235,2.9908,2.5235,2.8038,0,0
2016-01-04,3.0842,3.0842,3.0842,3.0842,0,0
2016-01-05,2.9908,3.3646,2.6169,3.2711,0,0
2016-01-07,3.4581,3.645,3.2711,3.645,0,0
2016-01-08,3.645,3.645,3.3646,3.645,0,0
2016-01-11,3.645,4.2058,3.3646,4.1123,0,0
2016-01-12,4.0188,4.0188,3.2711,4.0188,0,0
2016-01-13,4.0188,4.0188,3.8319,3.8319,0,0
2016-01-14,3.8319,3.8319,3.3646,3.645,0,0
2016-01-15,3.4581,3.8319,3.3646,3.645,0,0
2016-01-18,3.8319,3.9254,3.3646,3.8319,0,0
2016-01-19,3.9254,3.9254,3.1777,3.5515,0,0
2016-01-20,3.9254,3.9254,3.645,3.7385,0,0
2016-01-21,4.0188,4.0188,3.3646,3.645,0,0
2016-01-22,3.645,3.645,3.3646,3.645,0,0
2016-01-25,3.645,3.645,3.3646,3.3646,0,0
2016-01-26,3.645,3.645,3.645,3.645,0,0
2016-01-27,3.645,3.7385,3.2711,3.645,0,0
2016-01-28,3.7385,3.7385,3.4581,3.7385,0,0
2016-01-29,3.4581,3.5515,3.3646,3.5515,0,0
2016-02-01,3.5515,3.5515,3.5515,3.5515,0,0
2016-02-02,3.4581,3.4581,3.4581,3.4581,0,0
2016-02-03,3.4581,3.4581,3.1777,3.4581,0,0
2016-02-04,3.4581,3.4581,3.0842,3.2711,0,0
2016-02-05,3.5515,3.5515,3.3646,3.3646,0,0
2016-02-08,3.645,3.645,3.1777,3.5515,0,0
2016-02-09,3.5515,3.5515,3.2711,3.4581,0,0
2016-02-10,3.4581,3.4581,3.1777,3.4581,0,0
2016-02-11,3.4581,3.4581,3.2711,3.4581,0,0
2016-02-12,3.4581,3.5515,3.3646,3.5515,0,0
2016-02-15,3.4581,3.5515,3.0842,3.4581,0,0
2016-02-16,3.5515,3.5515,3.4581,3.4581,0,0
2016-02-17,3.4581,3.4581,3.0842,3.4581,0,0
2016-02-18,3.4581,3.4581,3.3646,3.3646,0,0
2016-02-19,3.3646,3.3646,3.3646,3.3646,0,0
2016-02-22,3.3646,3.3646,2.8973,2.8973,0,0
2016-02-23,3.3646,3.3646,3.3646,3.3646,0,0
2016-02-24,3.1777,3.3646,2.8973,3.3646,0,0
2016-02-25,3.3646,4.5796,3.2711,4.5796,0,0
2016-02-26,4.9534,4.9534,4.3927,4.9534,0,0
2016-02-29,4.86,4.86,4.4861,4.5796,0,0
2016-03-01,4.6731,4.6731,4.6731,4.6731,0,0
2016-03-02,4.4861,4.4861,4.4861,4.4861,0,0
2016-03-03,4.6731,4.6731,4.1123,4.6731,0,0
2016-03-04,4.5796,4.6731,4.5796,4.6731,0,0
2016-03-07,4.86,4.9534,4.7665,4.9534,0,0
2016-03-08,5.5142,5.5142,5.5142,5.5142,0,0
2016-03-09,5.5142,6.075,5.5142,5.9815,0,0
2016-03-10,5.8881,6.2619,5.8881,6.2619,0,0
2016-03-11,6.3554,6.3554,6.2619,6.3554,0,0
2016-03-14,6.4488,6.4488,6.4488,6.4488,0,0
2016-03-15,6.3554,6.3554,6.3554,6.3554,0,0
2016-03-16,6.3554,6.3554,5.5142,6.3554,0,0
2016-03-17,6.3554,6.3554,5.6077,6.3554,0,0
2016-03-18,5.7011,6.3554,5.7011,6.3554,0,0
2016-03-21,6.3554,6.3554,6.3554,6.3554,0,0
2016-03-22,6.3554,6.3554,6.3554,6.3554,0,0
2016-03-23,5.8881,5.8881,5.8881,5.8881,0,0
2016-03-24,5.5142,6.3554,5.5142,6.3554,0,0
2016-03-29,6.3554,6.3554,5.7011,6.2619,0,0
2016-03-30,6.2619,6.2619,6.2619,6.2619,0,0
2016-03-31,6.2619,6.3554,6.2619,6.3554,0,0
2016-04-01,6.3554,6.3554,6.3554,6.3554,0,0
2016-04-04,6.3554,6.3554,6.3554,6.3554,0,0
2016-04-05,6.3554,6.3554,6.3554,6.3554,0,0
2016-04-06,6.2619,6.2619,6.2619,6.2619,0,0
2016-04-07,6.2619,6.2619,5.5142,5.5142,0,0
2016-04-08,6.2619,6.2619,5.3273,6.2619,0,0
2016-04-11,6.2619,6.2619,5.2338,6.2619,0,0
2016-04-12,6.2619,6.2619,5.9815,5.9815,0,0
2016-04-13,6.1684,6.2619,6.1684,6.2619,0,0
2016-04-14,6.2619,6.2619,5.1404,5.6077,0,0
2016-04-15,6.075,6.075,5.4208,5.8881,0,0
2016-04-18,5.8881,5.8881,4.7665,5.8881,0,0
2016-04-19,5.4208,6.9162,4.7665,6.9162,0,0
2016-04-20,6.9162,7.477,6.1684,7.477,0,0
2016-04-21,7.477,7.6639,5.5142,5.5142,0,0
2016-04-22,5.8881,6.3554,5.8881,6.2619,0,0
2016-04-25,6.2619,6.3554,5.9815,5.9815,0,0
2016-04-26,6.3554,6.3554,5.7011,6.3554,0,0
2016-04-27,6.3554,6.7292,5.7946,6.5423,0,0
2016-04-28,6.4488,6.4488,5.7011,6.3554,0,0
2016-04-29,6.3554,7.1966,5.7011,6.8227,0,0
2016-05-02,7.0097,7.0097,6.6358,6.8227,0,0
2016-05-04,6.9162,6.9162,5.9815,6.7292,0,0
2016-05-05,6.7292,6.7292,6.075,6.2619,0,0
2016-05-06,6.4488,7.7574,5.9815,7.7574,0,0
2016-05-09,7.6639,7.6639,6.9162,7.5705,0,0
2016-05-10,7.5705,7.5705,7.5705,7.5705,0,0
2016-05-11,7.477,7.477,6.7292,7.477,0,0
2016-05-12,7.477,7.5705,6.7292,7.477,0,0
2016-05-13,7.5705,7.5705,6.1684,6.1684,0,0
2016-05-16,6.7292,6.7292,5.4208,6.075,0,0
2016-05-17,6.075,6.075,6.075,6.075,0,0
2016-05-18,6.1684,6.1684,6.1684,6.1684,0,0
2016-05-19,6.1684,6.1684,5.8881,6.1684,0,0
2016-05-20,6.1684,6.1684,5.7011,6.1684,0,0
2016-05-23,6.1684,6.2619,6.075,6.2619,0,0
2016-05-24,6.3554,6.3554,6.3554,6.3554,0,0
2016-05-25,6.3554,6.3554,5.7011,6.3554,0,0
2016-05-27,6.2619,6.2619,6.2619,6.2619,0,0
2016-05-30,6.2619,6.3554,6.2619,6.3554,0,0
2016-05-31,6.3554,6.3554,6.075,6.075,0,0
2016-06-01,6.1684,6.1684,5.6077,5.7011,0,0
2016-06-02,5.6077,5.6077,5.4208,5.4208,0,0
2016-06-03,5.6077,5.7011,5.6077,5.7011,0,0
2016-06-06,6.075,6.075,5.8881,5.9815,0,0
2016-06-07,5.9815,5.9815,5.4208,5.9815,0,0
2016-06-08,5.9815,5.9815,5.9815,5.9815,0,0
2016-06-09,5.9815,5.9815,5.9815,5.9815,0,0
2016-06-10,5.9815,5.9815,5.9815,5.9815,0,0
2016-06-13,5.9815,5.9815,5.9815,5.9815,0,0
2016-06-14,5.9815,5.9815,5.9815,5.9815,0,0
2016-06-15,5.9815,5.9815,5.9815,5.9815,0,0
2016-06-16,5.9815,5.9815,5.5142,5.8881,0,0
2016-06-17,5.9815,5.9815,5.9815,5.9815,0,0
2016-06-20,5.9815,5.9815,5.9815,5.9815,0,0
2016-06-21,5.9815,5.9815,5.7946,5.8881,0,0
2016-06-22,5.8881,5.8881,5.5142,5.5142,0,0
2016-06-23,5.5142,5.8881,5.5142,5.8881,0,0
2016-06-24,5.8881,5.8881,5.7011,5.8881,0,0
2016-06-27,5.8881,5.8881,5.6077,5.7011,0,0
2016-06-28,5.7011,6.075,5.7011,5.9815,0,0
2016-06-29,5.9815,5.9815,5.7946,5.9815,0,0
2016-06-30,6.1684,6.1684,6.1684,6.1684,0,0
2016-07-01,6.075,6.075,5.8881,5.8881,0,0
2016-07-04,5.8881,5.8881,5.7946,5.7946,0,0
2016-07-05,5.7946,6.5423,5.7946,6.5423,0,0
2016-07-06,6.5423,6.7292,6.5423,6.7292,0,0
2016-07-07,6.5423,6.5423,6.5423,6.5423,0,0
2016-07-08,6.5423,6.5423,6.5423,6.5423,0,0
2016-07-11,5.8881,5.8881,5.8881,5.8881,0,0
2016-07-12,6.4488,6.4488,5.6077,5.9815,0,0
2016-07-13,6.4488,6.4488,5.5142,6.4488,0,0
2016-07-14,6.6358,6.9162,5.9815,6.8227,0,0
2016-07-15,6.8227,6.8227,6.5423,6.7292,0,0
2016-07-18,6.8227,7.3835,6.8227,7.3835,0,0
2016-07-19,7.2901,7.477,7.2901,7.477,0,0
2016-07-20,7.477,7.477,6.7292,6.8227,0,0
2016-07-21,7.477,7.477,7.477,7.477,0,0
2016-07-22,7.477,7.477,7.477,7.477,0,0
2016-07-25,7.477,7.477,7.3835,7.3835,0,0
2016-07-26,7.3835,7.3835,6.2619,6.3554,0,0
2016-07-27,6.8227,7.1966,6.7292,6.7292,0,0
2016-07-28,7.9554,8.0536,7.9554,8.0536,0,0
2016-07-29,8.1518,8.1518,6.6786,6.6786,0,0
2016-08-01,7.7589,7.7589,7.5625,7.5625,0,0
2016-08-02,7.0714,7.2679,6.9732,7.1696,0,0
2016-08-03,7.7589,7.7589,7.3661,7.5625,0,0
2016-08-04,7.6607,7.8571,7.6607,7.8571,0,0
2016-08-05,7.8571,7.8571,7.0714,7.1696,0,0
2016-08-08,7.7589,7.7589,7.1696,7.3661,0,0
2016-08-09,7.8571,7.8571,7.7589,7.7589,0,0
2016-08-10,7.7589,7.7589,7.1696,7.7589,0,0
2016-08-11,7.7589,7.7589,6.9732,7.6607,0,0
2016-08-12,7.7589,7.7589,6.7768,7.6607,0,0
2016-08-16,7.5625,7.5625,7.5625,7.5625,0,0
2016-08-17,7.5625,7.5625,7.5625,7.5625,0,0
2016-08-18,7.5625,7.7589,7.3661,7.7589,0,0
2016-08-19,7.7589,7.7589,7.7589,7.7589,0,0
2016-08-22,7.6607,7.6607,7.6607,7.6607,0,0
2016-08-23,7.6607,7.6607,7.6607,7.6607,0,0
2016-08-24,7.6607,7.6607,7.6607,7.6607,0,0
2016-08-25,7.5625,7.5625,7.5625,7.5625,0,0
2016-08-26,7.5625,7.5625,7.5625,7.5625,0,0
2016-08-29,7.5625,7.5625,7.5625,7.5625,0,0
2016-08-30,7.5625,7.7589,7.5625,7.7589,0,0
2016-08-31,7.7589,7.7589,7.7589,7.7589,0,0
2016-09-01,7.7589,7.7589,7.7589,7.7589,0,0
2016-09-02,7.7589,7.7589,7.5625,7.5625,0,0
2016-09-05,7.5625,7.5625,7.5625,7.5625,0,0
2016-09-06,7.4643,7.4643,7.4643,7.4643,0,0
2016-09-07,7.4643,7.4643,7.2679,7.2679,0,0
2016-09-08,7.2679,7.4643,7.2679,7.4643,0,0
2016-09-09,7.5625,7.5625,7.5625,7.5625,0,0
2016-09-12,7.5625,7.5625,7.2679,7.2679,0,0
2016-09-13,7.5625,7.5625,7.1696,7.5625,0,0
2016-09-14,7.5625,7.5625,7.5625,7.5625,0,0
2016-09-15,7.5625,7.5625,7.5625,7.5625,0,0
2016-09-16,7.5625,7.5625,7.5625,7.5625,0,0
2016-09-19,7.5625,7.5625,7.5625,7.5625,0,0
2016-09-20,7.5625,7.5625,7.5625,7.5625,0,0
2016-09-21,7.0714,7.4643,6.875,7.3661,0,0
2016-09-22,7.5625,7.5625,7.5625,7.5625,0,0
2016-09-23,7.4643,7.4643,7.4643,7.4643,0,0
2016-09-26,7.5625,7.5625,7.4643,7.4643,0,0
2016-09-27,7.5625,7.5625,7.3661,7.4643,0,0
2016-09-28,7.5625,7.7589,7.4643,7.7589,0,0
2016-09-29,7.6607,7.6607,7.6607,7.6607,0,0
2016-09-30,7.6607,7.6607,7.6607,7.6607,0,0
2016-10-03,7.6607,7.6607,7.6607,7.6607,0,0
2016-10-04,7.6607,7.6607,7.1696,7.6607,0,0
2016-10-05,7.6607,7.8571,7.6607,7.8571,0,0
2016-10-06,7.8571,8.4464,7.8571,8.4464,0,0
2016-10-07,8.3482,8.3482,7.2679,7.5625,0,0
2016-10-10,7.7589,7.7589,7.4643,7.4643,0,0
2016-10-11,7.4643,7.4643,7.4643,7.4643,0,0
2016-10-12,7.4643,7.4643,7.4643,7.4643,0,0
2016-10-13,7.4643,7.4643,7.4643,7.4643,0,0
2016-10-14,7.4643,7.4643,7.4643,7.4643,0,0
2016-10-17,7.4643,8.3482,7.4643,8.0536,0,0
2016-10-18,8.3482,8.3482,8.3482,8.3482,0,0
2016-10-19,8.3482,8.3482,8.3482,8.3482,0,0
2016-10-20,8.3482,8.3482,8.1518,8.3482,0,0
2016-10-21,8.3482,8.3482,7.1696,8.1518,0,0
2016-10-24,8.0536,8.0536,7.3661,8.0536,0,0
2016-10-25,8.3482,8.3482,7.3661,8.3482,0,0
2016-10-26,8.3482,8.3482,7.3661,8.3482,0,0
2016-10-27,8.3482,8.3482,7.3661,8.3482,0,0
2016-10-28,8.3482,8.3482,7.3661,8.3482,0,0
2016-10-31,8.3482,8.3482,8.3482,8.3482,0,0
2016-11-02,8.3482,8.3482,8.3482,8.3482,0,0
2016-11-03,8.3482,8.3482,8.3482,8.3482,0,0
2016-11-04,8.3482,8.3482,7.3661,7.4643,0,0
2016-11-07,8.3482,8.3482,8.3482,8.3482,0,0
2016-11-08,8.3482,8.3482,7.3661,8.3482,0,0
2016-11-09,8.3482,8.3482,8.3482,8.3482,0,0
2016-11-10,8.3482,8.3482,7.3661,8.3482,0,0
2016-11-14,8.3482,8.3482,7.7589,8.0536,0,0
2016-11-15,8.3482,8.3482,7.8571,8.3482,0,0
2016-11-16,8.3482,8.3482,8.3482,8.3482,0,0
2016-11-17,8.3482,8.3482,8.3482,8.3482,0,0
2016-11-18,8.3482,8.3482,8.25,8.25,0,0
2016-11-21,7.4643,7.9554,7.3661,7.8571,0,0
2016-11-22,8.25,8.25,7.9554,7.9554,0,0
2016-11-23,8.25,8.25,8.25,8.25,0,0
2016-11-24,8.25,8.25,8.25,8.25,0,0
2016-11-25,8.25,8.25,8.25,8.25,0,0
2016-11-28,7.8571,7.8571,7.8571,7.8571,0,0
2016-11-29,7.8571,7.8571,7.4643,7.4643,0,0
2016-11-30,7.7589,7.8571,7.7589,7.8571,0,0
2016-12-01,7.8571,7.8571,7.8571,7.8571,0,0
2016-12-02,7.8571,7.8571,7.8571,7.8571,0,0
2016-12-05,7.8571,7.8571,7.8571,7.8571,0,0
2016-12-06,6.6786,7.8571,6.6786,7.6607,0,0
2016-12-07,7.0714,7.7589,7.0714,7.4643,0,0
2016-12-08,7.4643,7.6607,7.4643,7.6607,0,0
2016-12-09,7.6607,7.6607,7.6607,7.6607,0,0
2016-12-12,7.6607,7.6607,7.6607,7.6607,0,0
2016-12-13,7.6607,7.6607,7.6607,7.6607,0,0
2016-12-14,7.6607,7.6607,6.9732,7.6607,0,0
2016-12-15,7.6607,7.6607,6.875,7.1696,0,0
2016-12-16,7.0714,7.6607,7.0714,7.4643,0,0
2016-12-19,7.5625,7.5625,7.0714,7.5625,0,0
2016-12-20,7.5625,7.5625,6.9732,7.0714,0,0
2016-12-21,7.6607,7.6607,7.4643,7.4643,0,0
2016-12-22,7.4643,7.4643,6.875,6.9732,0,0
2016-12-23,6.9732,6.9732,6.9732,6.9732,0,0
2016-12-27,7.5625,7.5625,7.1696,7.4643,0,0
2016-12-28,7.4643,7.4643,6.5804,6.7768,0,0
2016-12-29,7.4643,7.4643,6.5804,7.0714,0,0
2016-12-30,7.4643,7.4643,6.5804,6.5804,0,0
2017-01-02,7.2679,7.2679,7.0714,7.0714,0,0
2017-01-03,7.2679,7.2679,6.875,7.1696,0,0
2017-01-04,7.1696,7.1696,6.9732,7.0714,0,0
2017-01-05,7.1696,7.1696,6.9732,6.9732,0,0
2017-01-09,6.9732,6.9732,6.7768,6.7768,0,0
2017-01-10,6.875,6.875,6.7768,6.7768,0,0
2017-01-11,6.7768,6.875,6.7768,6.7768,0,0
2017-01-12,6.9732,7.0714,6.9732,7.0714,0,0
2017-01-13,7.0714,7.2679,6.7768,6.7768,0,0
2017-01-16,6.7768,7.1696,6.7768,7.0714,0,0
2017-01-17,7.1696,7.1696,7.1696,7.1696,0,0
2017-01-18,7.1696,7.1696,7.1696,7.1696,0,0
2017-01-19,6.9732,6.9732,6.7768,6.7768,0,0
2017-01-20,7.1696,7.2679,7.1696,7.2679,0,0
2017-01-23,7.2679,7.4643,7.2679,7.4643,0,0
2017-01-24,7.4643,8.3482,7.4643,8.3482,0,0
2017-01-25,8.3482,8.4464,8.3482,8.4464,0,0
2017-01-26,8.4464,9.2321,8.4464,9.2321,0,0
2017-01-27,9.2321,9.2321,8.3482,8.4464,0,0
2017-01-30,8.3482,9.0357,8.3482,8.3482,0,0
2017-01-31,9.92,9.92,7.9554,8.3482,0,0
2017-02-01,9.2321,9.2321,8.1518,8.1518,0,0
2017-02-02,9.2321,9.2321,9.2321,9.2321,0,0
2017-02-03,9.2321,9.2321,8.25,8.25,0,0
2017-02-06,8.1518,8.1518,8.1518,8.1518,0,0
2017-02-07,8.0536,8.0536,8.0536,8.0536,0,0
2017-02-08,8.0536,8.0536,8.0536,8.0536,0,0
2017-02-09,8.6429,9.2321,8.6429,9.2321,0,0
2017-02-13,9.2321,9.2321,8.1518,8.1518,0,0
2017-02-14,9.1339,9.1339,7.9554,8.3482,0,0
2017-02-15,9.1339,9.1339,8.1518,9.1339,0,0
2017-02-16,8.9375,8.9375,8.9375,8.9375,0,0
2017-02-17,9.0357,9.0357,7.8571,8.0536,0,0
2017-02-20,8.9375,8.9375,7.2679,7.2679,0,0
2017-02-21,7.1696,7.1696,6.6786,6.6786,0,0
2017-02-22,6.6786,8.0536,6.5804,8.0536,0,0
2017-02-23,8.1518,8.8393,8.1518,8.8393,0,0
2017-02-24,8.8393,8.8393,8.8393,8.8393,0,0
2017-02-27,8.8393,8.8393,8.25,8.4464,0,0
2017-02-28,8.7411,8.7411,8.7411,8.7411,0,0
2017-03-01,8.6429,8.7411,8.6429,8.7411,0,0
2017-03-02,8.7411,11.491,8.1518,11.393,0,0
2017-03-03,11.491,13.75,11.491,13.75,0,0
2017-03-06,13.455,14.437,13.062,14.437,0,0
2017-03-07,14.634,16.009,12.964,15.125,0,0
2017-03-08,15.125,15.223,14.732,14.83,0,0
2017-03-09,17.777,17.777,16.205,17.482,0,0
2017-03-10,17.286,19.643,15.911,19.643,0,0
2017-03-13,19.643,19.741,19.643,19.741,0,0
2017-03-14,19.643,19.643,19.643,19.643,0,0
2017-03-15,19.643,19.643,17.286,19.25,0,0
2017-03-16,19.741,22.393,17.482,22.393,0,0
2017-03-17,19.937,22.884,17.973,22.884,0,0
2017-03-20,21.607,21.607,19.839,21.607,0,0
2017-03-21,21.607,21.607,21.607,21.607,0,0
2017-03-22,21.607,21.607,18.857,18.857,0,0
2017-03-23,21.607,21.607,21.607,21.607,0,0
2017-03-24,21.607,21.607,18.857,19.937,0,0
2017-03-27,21.607,21.607,21.607,21.607,0,0
2017-03-28,20.232,20.232,18.071,18.366,0,0
2017-03-29,18.366,20.134,18.366,20.036,0,0
2017-03-30,19.348,20.036,19.348,20.036,0,0
2017-03-31,20.036,20.036,19.643,19.643,0,0
2017-04-03,19.643,19.643,19.348,19.348,0,0
2017-04-04,19.741,19.741,16.696,16.795,0,0
2017-04-05,16.795,18.366,16.696,18.366,0,0
2017-04-06,19.545,19.545,16.696,16.696,0,0
2017-04-07,19.545,19.545,16.696,17.973,0,0
2017-04-10,18.464,18.464,17.777,17.777,0,0
2017-04-11,17.777,17.777,17.777,17.777,0,0
2017-04-12,17.777,17.777,17.777,17.777,0,0
2017-04-13,17.777,18.366,17.777,18.366,0,0
2017-04-18,18.366,19.545,16.696,18.857,0,0
2017-04-19,19.741,21.509,19.741,20.625,0,0
2017-04-20,19.741,21.116,19.741,20.625,0,0
2017-04-21,19.741,21.509,19.741,21.509,0,0
2017-04-24,22,22,22,22,0,0
2017-04-25,22,22,21.509,21.509,0,0
2017-04-26,20.527,20.527,17.482,19.545,0,0
2017-04-27,17.973,22.393,17.482,20.625,0,0
2017-04-28,22.196,22.196,18.464,18.464,0,0
2017-05-02,19.741,19.741,17.58,18.071,0,0
2017-05-04,17.679,17.679,17.286,17.679,0,0
2017-05-05,17.777,19.839,17.58,19.839,0,0
2017-05-08,19.152,20.232,19.152,20.134,0,0
2017-05-09,20.134,21.804,19.152,21.804,0,0
2017-05-10,21.804,21.804,20.232,20.232,0,0
2017-05-11,19.348,21.804,19.348,21.804,0,0
2017-05-12,21.804,21.804,20.232,20.232,0,0
2017-05-15,19.348,20.33,19.348,19.643,0,0
2017-05-16,20.527,20.527,19.054,19.054,0,0
2017-05-17,19.937,19.937,19.446,19.545,0,0
2017-05-18,19.937,19.937,18.661,19.937,0,0
2017-05-19,19.937,19.937,17.187,19.545,0,0
2017-05-22,19.937,19.937,19.937,19.937,0,0
2017-05-23,19.937,19.937,18.661,18.661,0,0
2017-05-24,19.937,19.937,19.937,19.937,0,0
2017-05-25,17.384,19.937,17.384,17.384,0,0
2017-05-26,17.384,19.937,17.384,19.937,0,0
2017-05-30,19.545,19.545,17.384,19.446,0,0
2017-05-31,17.384,20.33,17.384,20.33,0,0
2017-06-01,19.937,20.232,19.839,19.839,0,0
2017-06-02,19.545,19.545,19.545,19.545,0,0
2017-06-05,19.152,20.232,17.187,17.187,0,0
2017-06-06,19.643,19.741,18.17,19.643,0,0
2017-06-07,19.741,19.937,19.741,19.839,0,0
2017-06-08,19.054,19.839,19.054,19.839,0,0
2017-06-09,19.839,19.839,18.661,18.661,0,0
2017-06-12,19.839,19.839,18.661,19.839,0,0
2017-06-13,19.839,19.839,19.839,19.839,0,0
2017-06-14,19.839,19.839,18.857,19.839,0,0
2017-06-16,19.348,19.937,19.348,19.937,0,0
2017-06-19,19.937,19.937,19.054,19.937,0,0
2017-06-20,19.937,19.937,19.937,19.937,0,0
2017-06-21,19.937,19.937,18.759,19.937,0,0
2017-06-22,19.937,20.232,19.937,20.232,0,0
2017-06-23,20.232,20.232,19.25,20.232,0,0
2017-06-26,20.232,20.232,20.036,20.036,0,0
2017-06-27,20.036,20.33,20.036,20.232,0,0
2017-06-28,20.232,20.232,20.232,20.232,0,0
2017-06-29,20.134,20.134,20.134,20.134,0,0
2017-06-30,20.232,20.232,19.348,19.348,0,0
2017-07-03,20.232,20.232,20.232,20.232,0,0
2017-07-04,19.348,19.348,19.152,19.152,0,0
2017-07-05,19.348,19.348,18.661,19.054,0,0
2017-07-06,19.054,19.054,18.17,18.268,0,0
2017-07-07,19.054,19.054,19.054,19.054,0,0
2017-07-10,19.054,19.054,18.955,18.955,0,0
2017-07-11,18.955,18.955,18.955,18.955,0,0
2017-07-12,18.955,18.955,18.955,18.955,0,0
2017-07-14,20.6,20.6,17.6,19.6,0,0
2017-07-17,20.5,20.5,19.2,19.2,0,0
2017-07-18,19.3,19.3,19.3,19.3,0,0
2017-07-19,19.3,19.7,19.3,19.3,0,0
2017-07-20,19.7,19.7,18,19.6,0,0
2017-07-21,19.7,19.7,19.7,19.7,0,0
2017-07-24,19.7,19.7,17.7,18.9,0,0
2017-07-25,19.6,19.6,19.6,19.6,0,0
2017-07-26,19.5,19.5,18.9,18.9,0,0
2017-07-27,19.6,19.6,18.6,18.9,0,0
2017-07-28,18.9,19.6,18.6,19.6,0,0
2017-07-31,18.9,19.5,18.9,19.5,0,0
2017-08-01,19.9,19.9,19.3,19.3,0,0
2017-08-02,20.3,20.3,19.8,19.8,0,0
2017-08-03,19.8,19.9,18.8,19.8,0,0
2017-08-04,19.8,19.8,19.8,19.8,0,0
2017-08-07,19.8,19.8,19.8,19.8,0,0
2017-08-08,19.8,19.8,19,19.6,0,0
2017-08-09,19.6,19.8,19,19.8,0,0
2017-08-10,19.4,20.3,19,20.3,0,0
2017-08-11,20.6,20.6,20,20,0,0
2017-08-14,20.6,20.6,19.3,19.3,0,0
2017-08-16,20.5,20.6,20.5,20.6,0,0
2017-08-17,19.9,20.5,19,20.5,0,0
2017-08-18,20.5,20.5,18.8,19.3,0,0
2017-08-21,19.7,20.3,19.4,19.9,0,0
2017-08-22,19.9,19.9,19.9,19.9,0,0
2017-08-23,20.2,21.7,20.2,21.7,0,0
2017-08-24,21.2,21.7,21.2,21.7,0,0
2017-08-25,21.2,21.3,20.6,21.3,0,0
2017-08-28,21.2,21.2,20.8,21.2,0,0
2017-08-29,21.5,21.5,21.2,21.2,0,0
2017-08-30,21.1,21.1,21.1,21.1,0,0
2017-08-31,21.1,21.1,21.1,21.1,0,0
2017-09-01,21.1,21.5,20.4,21.3,0,0
2017-09-04,21.3,21.3,21.3,21.3,0,0
2017-09-05,21.3,21.3,20.3,21.1,0,0
2017-09-06,21.1,21.6,21.1,21.5,0,0
2017-09-07,21,21,21,21,0,0
2017-09-08,21,21.5,20,21.2,0,0
2017-09-11,21.4,21.4,21.4,21.4,0,0
2017-09-12,21.4,21.4,20.8,21.3,0,0
2017-09-13,21.2,21.9,21.2,21.3,0,0
2017-09-14,21.8,21.9,21.8,21.9,0,0
2017-09-15,21.9,21.9,20.6,21.8,0,0
2017-09-18,21.8,21.8,21.8,21.8,0,0
2017-09-19,21.8,21.8,21.8,21.8,0,0
2017-09-20,21.3,21.9,21.3,21.9,0,0
2017-09-21,21.9,21.9,21.9,21.9,0,0
2017-09-22,22,22,22,22,0,0
2017-09-25,22,22.1,22,22,0,0
2017-09-26,21.9,22,21.9,22,0,0
2017-09-27,22,22,21.8,21.8,0,0
2017-09-28,21.8,21.8,21.8,21.8,0,0
2017-09-29,22.7,22.7,22.7,22.7,0,0
2017-10-02,22.7,22.7,22.7,22.7,0,0
2017-10-03,22.7,23.9,22.3,23.2,0,0
2017-10-04,23.2,27.8,23.2,27.7,0,0
2017-10-05,27.7,32.4,27.7,32.4,0,0
2017-10-06,32.4,32.4,28.2,31.5,0,0
2017-10-09,31.3,31.4,28.3,29.7,0,0
2017-10-10,31.3,34.3,29.7,34.3,0,0
2017-10-11,37,37,35.2,35.2,0,0
2017-10-12,36.9,36.9,36.1,36.1,0,0
2017-10-13,36.9,37,36.9,37,0,0
2017-10-16,37,37,35,35.2,0,0
2017-10-17,36.6,36.6,36.5,36.5,0,0
2017-10-18,36.3,36.3,36.3,36.3,0,0
2017-10-19,36.3,36.3,34.5,34.6,0,0
2017-10-20,36.4,36.4,33.5,35,0,0
2017-10-23,36.3,36.3,36.3,36.3,0,0
2017-10-24,33.8,35.1,32.3,33.8,0,0
2017-10-25,33.8,33.8,33.8,33.8,0,0
2017-10-26,33.3,33.3,32.4,33.3,0,0
2017-10-27,34.2,34.2,31.2,33.8,0,0
2017-10-30,34.3,34.3,27.8,32.1,0,0
2017-10-31,31.5,31.5,30.6,31.5,0,0
2017-11-02,31.5,31.5,31.5,31.5,0,0
2017-11-03,31.5,31.5,31.5,31.5,0,0
2017-11-06,31.5,31.5,31.5,31.5,0,0
2017-11-07,31.5,33.4,31.5,33.3,0,0
2017-11-08,33.3,36.6,30.9,36.6,0,0
2017-11-09,35.2,35.2,32.4,32.4,0,0
2017-11-10,34.3,36.2,34,36.2,0,0
2017-11-13,29.2,38.9,29.2,38.1,0,0
2017-11-14,37.9,37.9,37.9,37.9,0,0
2017-11-15,37.9,37.9,35.2,35.2,0,0
2017-11-16,37.9,38.9,35.4,37.1,0,0
2017-11-17,33.9,40.7,33.9,40.7,0,0
2017-11-20,38.9,41.6,36.2,36.2,0,0
2017-11-21,38.8,38.9,38.8,38.9,0,0
2017-11-22,38.9,38.9,35.8,35.8,0,0
2017-11-23,37.9,37.9,37.9,37.9,0,0
2017-11-24,38,38,38,38,0,0
2017-11-27,35.8,38,35.8,38,0,0
2017-11-28,38,38,34.7,35.3,0,0
2017-11-29,37.6,37.6,35.4,35.4,0,0
2017-11-30,37.5,37.5,37.1,37.5,0,0
2017-12-01,37.5,37.5,36.2,37.5,0,0
2017-12-04,37.5,37.5,37.5,37.5,0,0
2017-12-05,37.5,37.5,34.6,37.5,0,0
2017-12-06,37.5,37.5,35.3,35.3,0,0
2017-12-07,37.4,37.5,37.4,37.5,0,0
2017-12-08,37.5,37.5,31.9,34.2,0,0
2017-12-11,36.2,36.2,36.2,36.2,0,0
2017-12-12,35.3,35.3,35.3,35.3,0,0
2017-12-13,35.2,35.3,35.2,35.3,0,0
2017-12-14,35.3,36.3,31.9,35.8,0,0
2017-12-15,35.3,36.3,34.1,34.2,0,0
2017-12-18,35.8,35.8,35,35,0,0
2017-12-19,33.6,34.1,33.6,34.1,0,0
2017-12-20,36,36,34.9,34.9,0,0
2017-12-21,36,36,36,36,0,0
2017-12-22,36,36,36,36,0,0
2017-12-27,36,36,36,36,0,0
2017-12-28,33.8,35.3,33.5,35.3,0,0
2017-12-29,33.6,38.1,33.6,35.3,0,0
2018-01-03,38,38,36.2,36.2,0,0
2018-01-04,36.2,36.9,35.2,36.9,0,0
2018-01-08,36.4,36.4,32.8,34.8,0,0
2018-01-09,34.5,36.8,33.4,36.8,0,0
2018-01-10,36.6,36.6,36,36,0,0
2018-01-11,35.5,35.5,35.5,35.5,0,0
2018-01-12,35.5,35.5,35.5,35.5,0,0
2018-01-15,35.5,35.5,34.1,34.1,0,0
2018-01-16,33.6,36.6,33.6,34.1,0,0
2018-01-17,36.2,36.2,33.6,33.6,0,0
2018-01-18,36.3,36.3,32.9,34.5,0,0
2018-01-19,36.3,36.3,33.4,33.4,0,0
2018-01-22,36.2,36.2,33,34.5,0,0
2018-01-23,36.1,36.1,36,36,0,0
2018-01-24,36,36.2,35.3,35.3,0,0
2018-01-25,36,36,33.5,34.6,0,0
2018-01-26,34.8,35.3,34.8,35.3,0,0
2018-01-29,36.4,36.4,33.4,33.4,0,0
2018-01-30,36.2,36.2,33.7,33.7,0,0
2018-01-31,36.2,36.3,33.3,35.3,0,0
2018-02-01,34.7,36.2,34.7,36.2,0,0
2018-02-02,34.4,35.9,34.4,35.9,0,0
2018-02-05,35.9,35.9,35.9,35.9,0,0
2018-02-06,36.3,36.3,23,23,0,0
2018-02-08,22.3,25.6,22.3,25.5,0,0
2018-02-09,26.7,26.7,25.4,25.4,0,0
2018-02-12,24.7,24.7,24.7,24.7,0,0
2018-02-13,24.3,24.3,23.4,23.6,0,0
2018-02-14,24.9,24.9,23.5,23.6,0,0
2018-02-15,24.4,24.4,23.6,23.6,0,0
2018-02-16,13.4,16.9,12.8,16.8,0,0
2018-02-19,17.3,17.3,16.8,16.8,0,0
2018-02-20,16.3,16.8,16.3,16.8,0,0
2018-02-26,16.8,16.8,16.8,16.8,0,0
2018-02-27,16.5,17.1,16.3,16.4,0,0
2018-02-28,17.2,17.2,17.2,17.2,0,0
2018-03-01,17.2,18.6,17.2,18.6,0,0
2018-03-02,17.2,18.6,17.2,18.6,0,0
2018-03-05,18.6,20.3,18.6,20.3,0,0
2018-03-06,17.5,20.3,17.5,20.3,0,0
2018-03-07,20.2,20.2,20.2,20.2,0,0
2018-03-08,20.1,20.1,19.2,20.1,0,0
2018-03-09,19.9,19.9,17.2,18,0,0
2018-03-12,16.6,17.4,16.6,17.4,0,0
2018-03-14,17.4,18,17.4,18,0,0
2018-03-15,17.4,17.9,16.3,17.4,0,0
2018-03-19,17.4,17.4,17.4,17.4,0,0
2018-03-20,17.4,17.4,17.4,17.4,0,0
2018-03-21,17.4,17.4,16.8,16.8,0,0
2018-03-22,16.8,16.8,16.8,16.8,0,0
2018-03-23,16.8,17.4,16.8,17.4,0,0
2018-03-26,17.2,17.2,16.8,16.8,0,0
2018-03-27,16.7,16.7,15.6,16.4,0,0
2018-03-28,15.7,15.7,14.7,14.7,0,0
2018-03-29,14.6,14.6,14,14,0,0
