Date,Open,High,Low,Close,Volume,OpenInt
2012-02-28,16.399,16.399,16.399,16.399,0,0
2012-02-29,16.39,16.39,14.705,14.73,0,0
2012-03-01,14.73,15.902,14.73,15.902,0,0
2012-03-02,15.902,15.902,15.506,15.893,0,0
2012-03-05,15.893,17.898,14.907,16.196,0,0
2012-03-06,16.204,16.204,14.94,16.103,0,0
2012-03-07,16.204,16.204,13.914,16.155,0,0
2012-03-08,15.902,15.902,15.707,15.902,0,0
2012-03-09,15.902,15.902,15.657,15.657,0,0
2012-03-12,15.809,15.809,15.404,15.404,0,0
2012-03-13,15.404,15.404,15.017,15.118,0,0
2012-03-15,15.118,15.118,14.681,14.681,0,0
2012-03-19,15.009,15.657,15.009,15.404,0,0
2012-03-20,15.404,15.404,15.009,15.009,0,0
2012-03-22,15.211,15.211,15.211,15.211,0,0
2012-03-23,15.211,15.211,15.211,15.211,0,0
2012-03-26,15.211,15.902,15.211,15.657,0,0
2012-03-27,15.657,15.657,15.657,15.657,0,0
2012-03-28,15.657,15.657,15.37,15.37,0,0
2012-03-29,15.404,15.404,15.404,15.404,0,0
2012-03-30,15.404,15.404,15.404,15.404,0,0
2012-04-10,15.404,15.404,15.404,15.404,0,0
2012-04-12,15.312,15.312,14.772,14.772,0,0
2012-04-13,14.714,14.714,14.318,14.318,0,0
2012-04-19,14.318,14.318,14.318,14.318,0,0
2012-04-24,14.318,14.318,13.914,13.914,0,0
2012-05-04,13.914,13.914,13.914,13.914,0,0
2012-05-07,13.914,14.318,13.914,14.318,0,0
2012-05-14,14.016,14.016,11.926,11.926,0,0
2012-05-15,9.939,10.586,9.939,10.435,0,0
2012-05-16,10.932,11.336,9.4999,11.336,0,0
2012-05-17,11.926,13.122,11.926,12.625,0,0
2012-05-18,12.229,12.424,11.732,11.926,0,0
2012-05-21,12.331,12.726,12.331,12.726,0,0
2012-05-22,12.912,12.92,12.912,12.92,0,0
2012-05-23,12.92,12.92,12.726,12.869,0,0
2012-05-24,12.912,12.92,12.912,12.92,0,0
2012-05-25,12.92,12.92,12.92,12.92,0,0
2012-05-28,13.122,13.122,13.122,13.122,0,0
2012-05-30,12.92,12.92,10.932,12.827,0,0
2012-06-05,12.331,12.331,11.926,12.027,0,0
2012-06-11,11.926,11.926,11.875,11.875,0,0
2012-06-12,11.926,11.926,11.926,11.926,0,0
2012-06-13,11.926,11.926,9.939,9.939,0,0
2012-06-14,9.939,9.939,9.939,9.939,0,0
2012-06-15,9.939,9.939,9.939,9.939,0,0
2012-06-18,9.795,9.795,8.4476,8.9446,0,0
2012-06-19,8.8856,8.8856,8.2538,8.8856,0,0
2012-06-20,8.9446,9.4157,8.5486,8.5486,0,0
2012-06-21,9.939,11.429,8.5486,10.881,0,0
2012-06-22,11.63,11.63,9.543,9.543,0,0
2012-06-25,8.9446,10.435,8.4981,10.435,0,0
2012-06-26,10.932,10.932,10.932,10.932,0,0
2012-06-27,10.932,11.926,10.932,11.926,0,0
2012-06-29,11.799,11.799,11.799,11.799,0,0
2012-07-02,11.766,11.766,11.766,11.766,0,0
2012-07-04,11.336,11.336,10.983,10.983,0,0
2012-07-09,10.932,10.932,9.0373,9.0373,0,0
2012-07-10,9.1301,9.939,9.1301,9.939,0,0
2012-07-11,9.939,11.732,9.939,11.732,0,0
2012-07-12,10.983,11.63,9.4418,9.4418,0,0
2012-07-13,8.9446,8.9446,8.8856,8.8856,0,0
2012-07-16,8.9446,10.233,8.9446,10.233,0,0
2012-07-17,9.4418,10.039,8.6076,10.039,0,0
2012-07-18,9.2559,9.2559,8.456,8.456,0,0
2012-07-19,8.8435,8.9277,7.3779,8.9277,0,0
2012-07-20,8.3465,8.9277,7.9507,8.9277,0,0
2012-07-23,8.9446,8.9446,7.7232,7.7232,0,0
2012-07-24,7.7232,7.9507,7.6558,7.6558,0,0
2012-07-25,7.6053,7.8496,7.6053,7.8496,0,0
2012-07-26,7.6053,7.6053,7.3105,7.3105,0,0
2012-07-27,7.4369,7.4369,6.7631,6.7631,0,0
2012-07-30,6.4599,6.7294,6.4599,6.7294,0,0
2012-08-03,6.7294,7.1589,6.7294,7.1589,0,0
2012-08-06,7.1338,7.1338,6.9568,6.9568,0,0
2012-08-07,6.9568,6.9568,6.9568,6.9568,0,0
2012-08-08,6.9568,6.9568,6.9568,6.9568,0,0
2012-08-09,6.9568,6.9568,6.9568,6.9568,0,0
2012-08-10,6.9568,6.9568,6.9568,6.9568,0,0
2012-08-13,8.3465,8.3465,8.3465,8.3465,0,0
2012-08-14,8.4476,11.926,8.4476,11.42,0,0
2012-08-16,11.816,11.816,9.4418,9.4418,0,0
2012-08-17,9.4418,10.292,8.9446,8.9446,0,0
2012-08-20,8.9446,8.9446,8.1443,8.1443,0,0
2012-08-21,8.0434,8.0434,7.4032,7.4032,0,0
2012-08-22,6.9568,6.9568,6.9568,6.9568,0,0
2012-08-23,6.9568,6.9568,6.7631,6.7631,0,0
2012-08-24,6.7125,6.9568,6.4851,6.9568,0,0
2012-09-13,6.6621,6.6621,6.4599,6.4599,0,0
2012-09-14,6.7125,6.7125,6.7125,6.7125,0,0
2012-09-17,6.4683,6.4683,6.4683,6.4683,0,0
2012-09-18,6.4683,6.4683,6.4683,6.4683,0,0
2012-09-19,6.4683,6.4683,6.4683,6.4683,0,0
2012-09-20,6.4683,6.4683,6.4683,6.4683,0,0
2012-09-21,6.4683,6.4683,6.4683,6.4683,0,0
2012-09-24,6.4683,6.4683,6.4683,6.4683,0,0
2012-09-25,6.4683,6.4683,6.4683,6.4683,0,0
2012-09-26,6.4683,6.4683,6.4683,6.4683,0,0
2012-09-27,6.4683,6.4683,6.4683,6.4683,0,0
2012-09-28,6.4683,6.4683,6.4683,6.4683,0,0
2012-10-01,6.5104,6.5104,6.5104,6.5104,0,0
2012-10-02,6.7631,6.7631,6.7631,6.7631,0,0
2012-10-03,6.9568,7.1589,6.9568,7.1505,0,0
2012-10-04,7.1505,7.1589,7.1505,7.1589,0,0
2012-10-05,7.26,7.5548,7.26,7.4537,0,0
2012-10-08,7.6558,7.9507,7.6558,7.9507,0,0
2012-10-09,7.9507,7.9507,7.8496,7.8496,0,0
2012-10-10,7.8496,7.8496,7.3526,7.3526,0,0
2012-10-11,7.3526,7.3526,7.3526,7.3526,0,0
2012-10-12,7.4537,7.4537,7.4537,7.4537,0,0
2012-10-15,7.4537,7.4537,7.4032,7.4032,0,0
2012-10-16,7.4537,7.4537,7.4537,7.4537,0,0
2012-10-17,7.4537,7.4537,7.4537,7.4537,0,0
2012-10-18,7.4537,7.4537,7.1589,7.1589,0,0
2012-10-19,7.1589,7.1589,7.1589,7.1589,0,0
2012-10-22,7.1589,7.1589,6.9568,6.9568,0,0
2012-10-24,6.9568,6.9568,6.7631,6.7631,0,0
2012-10-25,6.9568,6.9568,6.9568,6.9568,0,0
2012-10-30,6.9568,6.9568,6.9568,6.9568,0,0
2012-11-09,6.9568,6.9568,6.9568,6.9568,0,0
2012-11-13,6.8557,6.8557,6.8557,6.8557,0,0
2012-11-15,6.9484,6.9484,6.9484,6.9484,0,0
2012-11-26,6.9568,6.9568,6.9568,6.9568,0,0
2012-11-28,6.9568,6.9568,6.9568,6.9568,0,0
2012-11-29,6.9568,6.9568,6.9568,6.9568,0,0
2012-12-03,6.9568,6.9568,6.9568,6.9568,0,0
2012-12-04,6.9568,6.9568,6.9568,6.9568,0,0
2012-12-05,6.9568,6.9568,6.9568,6.9568,0,0
2012-12-06,6.9484,6.9484,6.9484,6.9484,0,0
2012-12-07,6.8389,6.8389,6.8389,6.8389,0,0
2012-12-11,6.9568,6.9568,6.9568,6.9568,0,0
2012-12-12,6.9568,6.9568,6.8052,6.8052,0,0
2012-12-13,6.9568,7.0579,6.9568,7.0579,0,0
2012-12-14,7.0579,7.5211,7.0579,7.3105,0,0
2012-12-17,7.3526,7.8749,7.0579,7.8749,0,0
2012-12-18,7.8075,8.2285,7.4537,8.2285,0,0
2012-12-19,8.2538,9.543,8.2538,9.2472,0,0
2012-12-20,9.4418,11.092,7.9507,9.4418,0,0
2012-12-21,9.4418,10.435,9.4418,10.435,0,0
2012-12-27,10.435,11.943,10.435,11.943,0,0
2012-12-28,11.926,14.293,11.926,13.914,0,0
2013-01-02,13.619,13.619,13.619,13.619,0,0
2013-01-03,13.619,13.619,12.92,13.257,0,0
2013-01-04,13.257,13.914,13.122,13.231,0,0
2013-01-07,13.61,13.914,13.586,13.896,0,0
2013-01-08,13.905,14.537,13.863,14.537,0,0
2013-01-09,14.814,14.814,14.411,14.798,0,0
2013-01-10,14.781,14.781,14.562,14.562,0,0
2013-01-11,14.562,14.907,13.914,14.907,0,0
2013-01-14,14.814,14.899,13.914,14.899,0,0
2013-01-15,14.891,14.891,13.619,14.344,0,0
2013-01-16,14.293,14.301,14.293,14.301,0,0
2013-01-17,14.293,14.301,14.217,14.275,0,0
2013-01-18,14.268,14.268,11.926,13.694,0,0
2013-01-21,13.914,13.914,13.307,13.896,0,0
2013-01-22,13.914,14.326,12.937,12.937,0,0
2013-01-23,13.307,14.352,13.307,14.065,0,0
2013-01-24,14.318,14.318,13.72,13.914,0,0
2013-01-25,14.065,14.301,13.914,14.268,0,0
2013-01-28,14.318,16.103,14.318,15.809,0,0
2013-01-29,15.783,18.917,15.404,18.917,0,0
2013-01-30,18.858,19.06,17.973,17.982,0,0
2013-01-31,17.931,17.931,17.199,17.796,0,0
2013-02-01,17.796,17.796,16.853,17.199,0,0
2013-02-04,17.206,18.866,17.206,18.866,0,0
2013-02-05,18.875,19.254,17.805,18.639,0,0
2013-02-06,18.587,19.026,17.518,18.891,0,0
2013-02-07,18.933,18.933,17.898,17.898,0,0
2013-02-08,17.898,18.605,17.148,17.898,0,0
2013-02-11,17.695,17.695,15.902,16.896,0,0
2013-02-12,16.896,17.494,15.362,17.494,0,0
2013-02-13,17.594,18.184,17.594,18.032,0,0
2013-02-14,18.032,20.02,18.032,19.733,0,0
2013-02-15,20.862,21.452,19.186,19.961,0,0
2013-02-18,19.869,19.869,18.891,19.388,0,0
2013-02-19,19.784,20.846,19.48,19.86,0,0
2013-02-20,19.851,20.803,16.701,20.053,0,0
2013-02-21,20.079,20.079,18.689,19.784,0,0
2013-02-22,19.784,19.784,17.695,19.372,0,0
2013-02-25,19.085,19.354,18.587,19.32,0,0
2013-02-26,19.32,19.32,16.609,18.158,0,0
2013-02-27,17.99,18.074,17.99,18.074,0,0
2013-02-28,17.687,17.687,17.392,17.662,0,0
2013-03-01,17.392,17.645,15.986,17.645,0,0
2013-03-04,17.662,20.197,17.662,20.197,0,0
2013-03-05,20.23,20.23,19.582,19.582,0,0
2013-03-06,19.287,20.13,18.689,20.13,0,0
2013-03-07,19.869,19.91,19.287,19.388,0,0
2013-03-08,19.236,19.591,19.236,19.591,0,0
2013-03-11,19.616,19.616,18.395,18.395,0,0
2013-03-12,18.395,18.395,18.192,18.192,0,0
2013-03-13,16.896,16.896,15.902,16.803,0,0
2013-03-14,16.896,16.896,16.6,16.896,0,0
2013-03-15,16.896,18.369,14.428,18.369,0,0
2013-03-18,18.428,18.428,17.898,17.898,0,0
2013-03-20,17.973,17.982,17.973,17.982,0,0
2013-03-21,17.982,17.982,17.392,17.392,0,0
2013-03-22,17.392,18.436,16.862,18.377,0,0
2013-03-25,18.377,18.377,17.847,17.847,0,0
2013-03-27,17.645,17.645,17.35,17.35,0,0
2013-03-28,17.199,17.199,16.785,16.785,0,0
2013-04-02,16.785,16.785,13.914,14.115,0,0
2013-04-05,13.914,13.914,11.293,13.012,0,0
2013-04-08,12.92,12.92,12.92,12.92,0,0
2013-04-09,12.726,12.92,10.932,12.92,0,0
2013-04-10,12.726,13.619,12.726,13.619,0,0
2013-04-11,13.619,15.211,13.619,14.907,0,0
2013-04-12,14.739,16.356,14.739,16.356,0,0
2013-04-15,17.199,17.199,17.199,17.199,0,0
2013-04-17,17.299,17.299,17.299,17.299,0,0
2013-04-18,17.291,17.299,16.896,17.097,0,0
2013-04-19,17.073,17.073,15.902,16.254,0,0
2013-04-22,16.254,16.254,15.404,15.902,0,0
2013-04-23,15.707,16.263,15.126,15.53,0,0
2013-04-24,15.286,16.036,15.286,16.036,0,0
2013-04-25,16.196,16.196,16.053,16.053,0,0
2013-04-26,15.902,15.902,15.707,15.707,0,0
2013-04-29,15.506,15.506,14.461,14.461,0,0
2013-04-30,14.612,14.612,12.777,13.282,0,0
2013-05-02,13.08,13.08,12.869,12.869,0,0
2013-05-06,12.726,12.726,12.575,12.575,0,0
2013-05-07,12.575,12.861,12.575,12.861,0,0
2013-05-08,12.179,12.92,12.027,12.92,0,0
2013-05-09,12.869,14.444,12.726,14.444,0,0
2013-05-10,14.461,15.607,14.461,15.607,0,0
2013-05-13,15.404,16.803,15.211,16.803,0,0
2013-05-14,16.92,17.855,16.92,17.805,0,0
2013-05-15,17.19,19.532,17.19,18.891,0,0
2013-05-16,18.529,18.529,17.299,17.332,0,0
2013-05-17,17.299,17.299,16.155,16.701,0,0
2013-05-20,16.869,16.869,16.869,16.869,0,0
2013-05-21,16.869,16.996,16.399,16.399,0,0
2013-05-22,16.744,17.08,16.204,17.08,0,0
2013-05-23,17.08,17.08,16.751,16.751,0,0
2013-05-24,16.896,16.896,16.701,16.701,0,0
2013-05-27,16.887,16.887,16.399,16.399,0,0
2013-05-28,16.399,16.399,16.204,16.204,0,0
2013-05-29,16.003,17.038,15.969,17.038,0,0
2013-05-31,16.659,16.896,16.659,16.896,0,0
2013-06-03,16.204,16.39,16.204,16.39,0,0
2013-06-04,16.39,16.39,14.907,14.907,0,0
2013-06-05,15.362,15.362,14.907,14.907,0,0
2013-06-06,14.907,14.907,14.907,14.907,0,0
2013-06-07,14.798,14.798,14.798,14.798,0,0
2013-06-10,14.798,14.798,14.133,14.191,0,0
2013-06-11,14.167,15.32,14.167,15.32,0,0
2013-06-12,15.295,16.095,15.295,16.095,0,0
2013-06-13,15.733,16.828,15.506,16.828,0,0
2013-06-14,16.896,17.873,16.399,17.873,0,0
2013-06-17,17.873,18.571,17.873,18.192,0,0
2013-06-18,18.285,18.285,17.047,17.047,0,0
2013-06-20,17.131,17.199,16.701,16.701,0,0
2013-06-21,16.399,16.399,16.399,16.399,0,0
2013-06-27,16.684,16.878,16.684,16.878,0,0
2013-06-28,17.047,17.047,17.047,17.047,0,0
2013-07-01,17.392,19.085,17.392,19.085,0,0
2013-07-02,18.983,18.983,18.983,18.983,0,0
2013-07-03,19.085,19.564,19.085,19.564,0,0
2013-07-04,19.557,19.557,18.891,18.891,0,0
2013-07-05,19.287,19.287,19.287,19.287,0,0
2013-07-08,18.891,18.891,18.891,18.891,0,0
2013-07-09,18.791,18.791,18.293,18.293,0,0
2013-07-10,18.377,19.869,18.377,19.869,0,0
2013-07-11,19.869,19.869,19.48,19.48,0,0
2013-07-12,19.48,19.48,19.48,19.48,0,0
2013-07-15,19.472,19.86,19.472,19.86,0,0
2013-07-16,19.851,19.869,19.851,19.869,0,0
2013-07-17,19.86,19.86,19.86,19.86,0,0
2013-07-18,19.851,19.851,19.851,19.851,0,0
2013-07-19,19.86,19.869,19.86,19.869,0,0
2013-07-22,19.86,20.079,19.835,19.835,0,0
2013-07-24,19.835,20.769,19.835,20.769,0,0
2013-07-25,21.342,21.789,21.342,21.629,0,0
2013-07-26,21.687,21.687,20.88,20.88,0,0
2013-07-29,21.35,21.35,20.383,20.383,0,0
2013-07-30,20.39,20.39,20.39,20.39,0,0
2013-07-31,20.298,20.298,20.23,20.23,0,0
2013-08-01,20.079,20.079,19.784,19.784,0,0
2013-08-02,19.649,19.649,18.891,18.891,0,0
2013-08-05,18.689,18.689,18.689,18.689,0,0
2013-08-06,18.689,18.689,18.436,18.436,0,0
2013-08-07,18.454,18.672,18.454,18.672,0,0
2013-08-08,18.891,18.891,18.891,18.891,0,0
2013-08-09,18.891,19.793,18.891,19.793,0,0
2013-08-12,19.885,19.885,19.885,19.885,0,0
2013-08-13,19.994,20.028,19.994,20.028,0,0
2013-08-14,19.885,19.885,19.085,19.085,0,0
2013-08-16,19.388,19.388,18.319,18.487,0,0
2013-08-19,18.479,18.487,18.479,18.487,0,0
2013-08-21,18.293,19.363,18.293,19.363,0,0
2013-08-22,19.363,19.363,19.043,19.043,0,0
2013-08-23,19.043,19.043,19.043,19.043,0,0
2013-08-26,19.093,19.093,18.25,18.25,0,0
2013-08-28,18.243,18.243,17.19,17.299,0,0
2013-08-29,17.299,17.299,16.315,16.315,0,0
2013-08-30,16.399,16.399,15.902,16.003,0,0
2013-09-02,16.204,16.432,16.204,16.432,0,0
2013-09-04,16.306,16.896,15.902,16.896,0,0
2013-09-05,16.896,17.956,16.652,17.898,0,0
2013-09-06,17.898,19.085,17.898,19.085,0,0
2013-09-09,19.085,20.163,19.085,20.163,0,0
2013-09-10,20.272,20.769,19.43,20.247,0,0
2013-09-11,20.305,22.117,19.927,22.117,0,0
2013-09-12,21.873,24.661,21.519,24.661,0,0
2013-09-13,24.45,29.226,24.45,27.743,0,0
2013-09-16,27.835,27.835,27.136,27.751,0,0
2013-09-17,27.339,27.339,27.339,27.339,0,0
2013-09-18,27.339,27.339,23.861,26.741,0,0
2013-09-19,26.64,26.841,24.256,26.841,0,0
2013-09-20,26.539,28.433,25.847,27.735,0,0
2013-09-23,26.774,26.774,25.806,25.806,0,0
2013-09-24,25.949,27.835,25.949,26.841,0,0
2013-09-25,26.892,26.892,26.143,26.841,0,0
2013-09-26,26.841,28.628,25.847,28.628,0,0
2013-09-27,28.164,30.817,27.835,30.716,0,0
2013-09-30,30.817,36.881,30.817,36.881,0,0
2013-10-01,37.328,37.328,33.9,34.001,0,0
2013-10-02,34.001,34.001,28.829,31.213,0,0
2013-10-03,31.113,31.113,28.88,29.823,0,0
2013-10-04,29.773,31.71,29.773,31.061,0,0
2013-10-07,30.817,31.811,27.835,31.811,0,0
2013-10-08,31.811,31.811,31.466,31.811,0,0
2013-10-10,31.811,31.811,31.811,31.811,0,0
2013-10-11,31.811,31.811,30.918,30.918,0,0
2013-10-14,30.918,30.918,30.716,30.716,0,0
2013-10-15,30.665,30.665,26.841,28.721,0,0
2013-10-16,28.433,30.817,25.847,30.817,0,0
2013-10-17,29.823,29.823,27.136,28.821,0,0
2013-10-18,28.829,29.823,25.544,28.829,0,0
2013-10-21,28.889,28.889,28.712,28.829,0,0
2013-10-22,28.829,28.829,28.829,28.829,0,0
2013-10-23,28.829,28.829,28.829,28.829,0,0
2013-10-24,28.805,28.805,28.805,28.805,0,0
2013-10-25,28.628,28.628,28.004,28.576,0,0
2013-10-28,28.526,28.796,28.526,28.796,0,0
2013-10-29,28.628,29.705,26.076,29.705,0,0
2013-10-30,29.723,29.723,29.723,29.723,0,0
2013-10-31,30.151,30.151,30.151,30.151,0,0
2013-11-04,30.371,31.811,30.371,31.811,0,0
2013-11-05,30.893,33.301,30.261,30.615,0,0
2013-11-06,30.665,30.665,30.665,30.665,0,0
2013-11-07,30.674,30.699,30.674,30.699,0,0
2013-11-08,30.699,30.699,29.621,29.621,0,0
2013-11-12,29.621,29.621,29.621,29.621,0,0
2013-11-13,29.823,29.823,29.823,29.823,0,0
2013-11-15,30.118,31.113,30.118,31.113,0,0
2013-11-18,31.415,32.156,31.415,31.811,0,0
2013-11-19,31.811,31.811,31.811,31.811,0,0
2013-11-20,31.811,31.911,31.811,31.911,0,0
2013-11-21,31.904,31.911,31.904,31.911,0,0
2013-11-22,31.911,31.911,31.879,31.879,0,0
2013-11-25,31.911,31.911,31.911,31.911,0,0
2013-11-26,31.911,31.911,31.911,31.911,0,0
2013-11-29,31.963,31.963,31.592,31.592,0,0
2013-12-02,31.558,31.558,30.817,30.817,0,0
2013-12-04,30.514,30.514,29.823,29.823,0,0
2013-12-05,30.042,32.796,30.042,32.493,0,0
2013-12-06,32.409,32.409,32.409,32.409,0,0
2013-12-10,32.804,32.804,32.804,32.804,0,0
2013-12-11,32.796,33.411,32.796,33.411,0,0
2013-12-12,33.411,33.765,33.411,33.765,0,0
2013-12-13,33.798,33.798,32.443,32.804,0,0
2013-12-16,32.804,32.804,32.653,32.653,0,0
2013-12-17,32.754,33.193,32.754,32.804,0,0
2013-12-18,32.804,33.301,32.804,33.301,0,0
2013-12-19,33.352,33.798,33.352,33.798,0,0
2013-12-20,33.798,33.9,33.798,33.9,0,0
2013-12-23,34.001,34.448,34.001,34.448,0,0
2013-12-27,34.591,34.591,33.748,33.748,0,0
2013-12-30,33.748,33.748,32.164,32.417,0,0
2014-01-03,32.603,32.603,31.811,31.811,0,0
2014-01-08,31.811,31.811,31.811,31.811,0,0
2014-01-10,31.66,31.66,31.66,31.66,0,0
2014-01-13,31.802,31.802,31.802,31.802,0,0
2014-01-14,31.525,31.71,31.525,31.71,0,0
2014-01-16,31.71,32.299,31.71,32.299,0,0
2014-01-20,32.299,32.299,32.299,32.299,0,0
2014-01-21,32.299,32.299,31.525,31.525,0,0
2014-01-22,31.365,31.365,29.275,29.52,0,0
2014-01-23,29.773,29.773,29.773,29.773,0,0
2014-01-24,29.823,29.823,29.823,29.823,0,0
2014-01-27,29.823,29.823,29.823,29.823,0,0
2014-01-28,29.816,29.816,29.402,29.402,0,0
2014-01-30,28.299,28.299,28.299,28.299,0,0
2014-01-31,28.299,28.299,28.291,28.299,0,0
2014-02-03,28.291,29.15,28.291,28.846,0,0
2014-02-04,28.829,28.829,28.576,28.576,0,0
2014-02-05,28.829,28.829,28.341,28.341,0,0
2014-02-06,28.332,28.332,27.835,27.835,0,0
2014-02-07,27.835,27.835,27.835,27.835,0,0
2014-02-10,27.835,27.835,27.835,27.835,0,0
2014-02-11,27.835,27.835,27.835,27.835,0,0
2014-02-12,27.835,27.835,27.835,27.835,0,0
2014-02-13,27.835,27.835,27.835,27.835,0,0
2014-02-14,27.835,27.835,27.835,27.835,0,0
2014-02-17,27.835,27.835,27.339,27.339,0,0
2014-02-18,27.339,27.735,26.344,26.344,0,0
2014-02-19,26.841,26.841,26.446,26.446,0,0
2014-02-20,26.841,26.841,26.303,26.303,0,0
2014-02-24,26.344,26.344,26.344,26.344,0,0
2014-02-25,26.344,26.344,26.042,26.042,0,0
2014-02-26,25.958,25.958,25.958,25.958,0,0
2014-02-27,25.797,25.797,24.5,24.5,0,0
2014-02-28,24.602,24.602,24.602,24.602,0,0
2014-03-03,24.45,24.45,22.564,22.564,0,0
2014-03-04,22.462,22.555,22.269,22.555,0,0
2014-03-05,22.42,22.42,22.42,22.42,0,0
2014-03-06,22.513,23.608,22.513,23.557,0,0
2014-03-07,23.861,24.855,23.861,24.408,0,0
2014-03-10,24.256,24.256,22.976,22.976,0,0
2014-03-11,22.867,22.867,20.778,22.867,0,0
2014-03-12,22.959,22.959,21.822,21.822,0,0
2014-03-13,21.822,21.822,21.569,21.569,0,0
2014-03-17,21.569,21.746,21.569,21.687,0,0
2014-03-18,21.679,21.679,21.679,21.679,0,0
2014-03-19,21.78,21.78,21.764,21.764,0,0
2014-03-20,21.856,21.856,21.856,21.856,0,0
2014-03-21,21.671,21.671,21.653,21.653,0,0
2014-03-24,21.671,21.671,21.022,21.022,0,0
2014-03-25,20.609,21.848,19.927,21.848,0,0
2014-03-26,21.174,22.664,21.174,22.546,0,0
2014-03-27,21.965,21.965,21.771,21.771,0,0
2014-03-28,21.671,21.671,21.275,21.275,0,0
2014-03-31,21.848,21.848,21.848,21.848,0,0
2014-04-01,20.88,20.88,20.88,20.88,0,0
2014-04-02,21.174,21.174,20.972,20.972,0,0
2014-04-07,20.972,20.972,20.837,20.837,0,0
2014-04-09,20.778,20.778,20.305,20.305,0,0
2014-04-14,20.281,20.281,19.869,19.869,0,0
2014-04-15,19.809,19.809,19.683,19.683,0,0
2014-04-16,19.885,19.885,19.885,19.885,0,0
2014-04-17,19.885,19.885,19.388,19.388,0,0
2014-04-22,19.388,19.388,19.388,19.388,0,0
2014-04-23,19.388,19.388,19.388,19.388,0,0
2014-04-24,19.388,19.388,19.388,19.388,0,0
2014-04-25,19.388,19.388,19.388,19.388,0,0
2014-04-28,19.388,19.388,19.388,19.388,0,0
2014-04-29,19.388,19.388,19.388,19.388,0,0
2014-04-30,19.388,19.388,19.388,19.388,0,0
2014-05-02,19.388,19.388,19.388,19.388,0,0
2014-05-05,19.388,19.388,19.388,19.388,0,0
2014-05-06,19.388,19.388,19.388,19.388,0,0
2014-05-07,19.388,19.388,19.388,19.388,0,0
2014-05-08,19.388,19.388,19.388,19.388,0,0
2014-05-09,19.388,19.388,19.388,19.388,0,0
2014-05-13,19.514,19.624,19.514,19.624,0,0
2014-05-14,19.388,19.388,19.388,19.388,0,0
2014-05-15,19.135,19.135,19.135,19.135,0,0
2014-05-16,19.135,19.135,19.035,19.035,0,0
2014-05-19,19.035,19.035,19.035,19.035,0,0
2014-05-20,19.035,19.035,18.689,18.689,0,0
2014-05-22,17.898,17.898,17.594,17.594,0,0
2014-05-23,17.41,17.41,14.352,15.009,0,0
2014-05-26,15.404,16.01,15.404,16.01,0,0
2014-05-27,16.053,16.103,16.053,16.103,0,0
2014-05-29,16.204,16.204,16.204,16.204,0,0
2014-06-02,16.204,16.204,16.204,16.204,0,0
2014-06-03,16.213,16.213,16.213,16.213,0,0
2014-06-04,16.213,16.213,16.213,16.213,0,0
2014-06-05,16.213,16.213,16.213,16.213,0,0
2014-06-06,16.213,16.213,15.404,15.404,0,0
2014-06-11,15.506,15.506,15.506,15.506,0,0
2014-06-13,15.539,15.902,15.539,15.902,0,0
2014-06-16,15.902,15.902,15.902,15.902,0,0
2014-06-17,15.902,15.902,15.902,15.902,0,0
2014-06-18,15.902,15.902,15.902,15.902,0,0
2014-06-20,15.902,15.902,15.902,15.902,0,0
2014-06-23,15.902,15.902,15.902,15.902,0,0
2014-06-24,15.902,15.902,15.902,15.902,0,0
2014-06-25,16.103,16.896,16.103,16.896,0,0
2014-06-26,16.896,17.796,16.896,17.796,0,0
2014-06-27,17.796,19.287,17.796,19.035,0,0
2014-06-30,19.101,20.72,19.101,19.499,0,0
2014-07-02,19.602,19.602,19.546,19.546,0,0
2014-07-09,19.546,19.546,19.356,19.356,0,0
2014-07-16,19.536,19.773,19.536,19.773,0,0
2014-07-17,19.971,20.161,19.971,20.161,0,0
2014-07-21,20.331,21.335,20.331,21.335,0,0
2014-07-22,21.23,21.23,21.23,21.23,0,0
2014-07-24,21.23,21.23,21.23,21.23,0,0
2014-07-25,21.23,21.23,21.23,21.23,0,0
2014-07-28,21.23,21.23,21.23,21.23,0,0
2014-07-29,21.003,21.003,21.003,21.003,0,0
2014-08-07,21.003,21.003,19.356,19.356,0,0
2014-08-13,19.158,19.158,17.994,17.994,0,0
2014-08-19,17.994,17.994,17.994,17.994,0,0
2014-08-20,17.994,17.994,17.994,17.994,0,0
2014-08-21,17.994,17.994,17.994,17.994,0,0
2014-08-22,17.994,17.994,17.994,17.994,0,0
2014-08-25,18.069,18.76,18.069,18.76,0,0
2014-08-28,18.712,18.712,17.738,17.738,0,0
2014-09-02,17.681,17.871,17.151,17.871,0,0
2014-09-04,17.653,17.653,17.653,17.653,0,0
2014-09-05,17.861,18.135,17.861,18.135,0,0
2014-09-08,18.135,18.551,18.135,18.429,0,0
2014-09-09,18.429,18.429,18.429,18.429,0,0
2014-09-10,18.429,18.429,18.429,18.429,0,0
2014-09-11,18.277,18.277,18.277,18.277,0,0
2014-09-12,18.268,18.268,18.268,18.268,0,0
2014-09-15,18.145,18.173,18.145,18.173,0,0
2014-09-16,17.984,17.984,17.984,17.984,0,0
2014-09-17,17.927,17.927,17.927,17.927,0,0
2014-09-18,17.927,17.927,17.927,17.927,0,0
2014-09-19,17.927,17.927,17.927,17.927,0,0
2014-09-22,17.151,17.151,16.555,16.555,0,0
2014-09-24,16.65,17.681,16.65,17.681,0,0
2014-10-01,16.753,16.753,16.753,16.753,0,0
2014-10-02,15.978,16.148,15.978,16.148,0,0
2014-10-03,16.195,16.195,16.195,16.195,0,0
2014-10-06,16.195,16.195,16.195,16.195,0,0
2014-10-07,16.195,16.195,16.195,16.195,0,0
2014-10-08,16.195,16.195,16.195,16.195,0,0
2014-10-09,16.309,16.753,16.309,16.753,0,0
2014-10-10,16.252,16.252,16.252,16.252,0,0
2014-10-13,16.195,16.195,16.186,16.186,0,0
2014-10-14,16.195,16.195,16.186,16.186,0,0
2014-10-17,16.091,16.091,15.343,15.343,0,0
2014-10-21,15.343,15.343,15.343,15.343,0,0
2014-10-22,15.343,15.343,15.343,15.343,0,0
2014-10-23,15.343,15.343,15.343,15.343,0,0
2014-10-24,15.343,15.343,15.343,15.343,0,0
2014-10-27,15.343,15.343,15.343,15.343,0,0
2014-10-28,15.343,15.343,15.343,15.343,0,0
2014-11-04,15.343,15.343,15.343,15.343,0,0
2014-11-05,15.343,15.343,15.343,15.343,0,0
2014-11-06,15.343,15.343,15.343,15.343,0,0
2014-11-07,15.343,15.343,15.343,15.343,0,0
2014-11-10,15.343,15.343,15.343,15.343,0,0
2014-11-12,15.343,16.535,14.643,16.535,0,0
2014-11-13,15.873,15.873,15.873,15.873,0,0
2014-11-14,15.239,15.239,15.239,15.239,0,0
2014-11-17,15.163,15.163,15.135,15.135,0,0
2014-11-19,15.125,15.125,15.125,15.125,0,0
2014-11-20,15.078,15.078,15.078,15.078,0,0
2014-11-21,15.078,15.078,15.078,15.078,0,0
2014-11-24,15.078,15.078,15.078,15.078,0,0
2014-11-25,15.078,15.078,14.813,14.813,0,0
2014-11-26,15.078,15.078,15.078,15.078,0,0
2014-11-27,15.078,15.078,15.078,15.078,0,0
2014-11-28,14.52,14.52,14.52,14.52,0,0
2014-12-01,14.52,14.52,13.403,13.403,0,0
2014-12-02,13.403,13.403,13.403,13.403,0,0
2014-12-03,13.403,13.403,12.873,12.873,0,0
2014-12-04,12.901,13.185,12.901,13.185,0,0
2014-12-08,13.185,13.403,13.185,13.403,0,0
2014-12-09,13.403,13.403,12.74,12.74,0,0
2014-12-10,12.627,12.627,12.286,12.286,0,0
2014-12-11,12.286,12.286,12.021,12.021,0,0
2014-12-12,12.03,12.286,12.03,12.286,0,0
2014-12-15,12.286,12.286,12.286,12.286,0,0
2014-12-16,12.286,12.286,12.286,12.286,0,0
2014-12-17,12.286,12.286,12.286,12.286,0,0
2014-12-18,12.286,12.286,12.276,12.276,0,0
2014-12-19,12.286,12.286,12.276,12.276,0,0
2014-12-22,12.229,12.286,12.229,12.286,0,0
2014-12-23,12.286,13.242,12.286,12.968,0,0
2014-12-29,12.976,13.403,12.976,13.403,0,0
2014-12-30,13.403,13.403,13.403,13.403,0,0
2015-01-02,13.678,14.699,13.678,14.52,0,0
2015-01-05,14.52,14.52,13.299,13.299,0,0
2015-01-07,13.185,13.185,12.844,12.844,0,0
2015-01-08,12.844,13.204,12.844,13.204,0,0
2015-01-12,13.081,13.081,13.081,13.081,0,0
2015-01-13,13.081,13.081,13.081,13.081,0,0
2015-01-14,13.081,13.081,13.081,13.081,0,0
2015-01-15,13.081,13.081,13.081,13.081,0,0
2015-01-16,13.081,13.081,13.081,13.081,0,0
2015-01-20,13.081,13.081,12.788,12.788,0,0
2015-01-21,13.071,13.071,13.071,13.071,0,0
2015-01-22,13.071,13.071,13.071,13.071,0,0
2015-01-23,13.071,13.071,13.071,13.071,0,0
2015-01-26,13.071,13.071,13.062,13.062,0,0
2015-01-27,13.034,13.034,12.844,12.844,0,0
2015-01-28,12.844,12.958,12.844,12.958,0,0
2015-01-29,12.958,12.958,12.958,12.958,0,0
2015-01-30,12.958,12.958,12.958,12.958,0,0
2015-02-02,12.958,12.958,12.958,12.958,0,0
2015-02-03,12.958,12.958,12.844,12.844,0,0
2015-02-04,12.901,12.901,12.844,12.844,0,0
2015-02-05,12.844,12.844,12.844,12.844,0,0
2015-02-06,12.844,12.844,12.844,12.844,0,0
2015-02-09,12.844,12.844,12.844,12.844,0,0
2015-02-10,12.844,12.844,12.693,12.844,0,0
2015-02-11,12.844,12.844,12.835,12.835,0,0
2015-02-12,12.844,12.844,12.835,12.835,0,0
2015-02-13,12.844,12.844,12.835,12.835,0,0
2015-02-16,12.778,12.844,12.286,12.844,0,0
2015-02-17,12.844,12.844,12.844,12.844,0,0
2015-02-18,12.844,14.141,12.844,14.141,0,0
2015-02-19,14.302,14.69,12.958,13.403,0,0
2015-02-20,13.743,13.743,12.693,13.024,0,0
2015-02-23,12.844,12.844,12.835,12.835,0,0
2015-02-24,13.147,13.743,12.844,12.844,0,0
2015-02-25,13.147,13.147,12.74,12.844,0,0
2015-02-26,12.683,12.683,12.286,12.286,0,0
2015-02-27,11.168,12.229,11.15,11.822,0,0
2015-03-02,11.737,11.737,11.737,11.737,0,0
2015-03-03,11.737,14.075,11.737,14.075,0,0
2015-03-04,14.075,14.804,13.743,14.804,0,0
2015-03-05,13.819,15.978,13.819,15.978,0,0
2015-03-06,15.978,16.299,15.542,16.299,0,0
2015-03-09,16.299,16.299,15.732,15.732,0,0
2015-03-10,15.637,15.637,14.188,14.264,0,0
2015-03-11,13.961,14.415,12.958,14.415,0,0
2015-03-12,13.961,15.078,13.961,15.078,0,0
2015-03-16,13.63,13.63,13.071,13.071,0,0
2015-03-17,13.071,13.071,11.765,11.765,0,0
2015-03-18,11.898,12.286,11.898,12.286,0,0
2015-03-19,12.286,12.286,12.181,12.181,0,0
2015-03-20,12.191,13.071,12.181,12.627,0,0
2015-03-23,12.513,12.513,11.907,11.907,0,0
2015-03-25,11.955,11.955,11.955,11.955,0,0
2015-03-26,12.153,13.185,12.153,12.352,0,0
2015-03-27,12.598,12.844,12.598,12.844,0,0
2015-03-30,12.958,12.958,12.958,12.958,0,0
2015-03-31,13.014,13.062,13.014,13.062,0,0
2015-04-01,11.973,11.973,11.955,11.955,0,0
2015-04-02,11.955,11.955,11.955,11.955,0,0
2015-04-07,11.955,11.973,11.955,11.955,0,0
2015-04-08,11.955,11.955,11.955,11.955,0,0
2015-04-10,11.955,11.955,11.955,11.955,0,0
2015-04-13,11.955,11.955,11.955,11.955,0,0
2015-04-14,11.955,11.955,11.907,11.907,0,0
2015-04-15,11.841,11.841,11.841,11.841,0,0
2015-04-16,11.898,11.898,11.898,11.898,0,0
2015-04-17,11.955,11.955,11.955,11.955,0,0
2015-04-20,11.955,12.087,11.955,12.087,0,0
2015-04-21,11.955,11.955,11.955,11.955,0,0
2015-04-22,11.955,11.955,11.955,11.955,0,0
2015-04-23,12.011,12.655,12.011,12.655,0,0
2015-04-24,12.788,12.958,12.788,12.958,0,0
2015-04-27,12.958,13.403,12.958,13.403,0,0
2015-04-28,13.251,13.251,13.251,13.251,0,0
2015-04-29,13.403,13.403,13.024,13.024,0,0
2015-05-08,13.024,13.024,13.024,13.024,0,0
2015-05-13,13.024,13.024,12.655,12.655,0,0
2015-05-14,12.844,16.148,12.844,16.148,0,0
2015-05-15,16.981,17.871,15.637,15.637,0,0
2015-05-18,15.637,16.65,15.637,16.65,0,0
2015-05-19,16.753,16.753,15.75,15.75,0,0
2015-05-20,15.665,15.665,15.655,15.655,0,0
2015-05-21,15.674,15.674,15.674,15.674,0,0
2015-05-22,15.674,15.674,15.674,15.674,0,0
2015-05-25,15.75,15.75,15.74,15.74,0,0
2015-05-26,15.732,15.732,15.078,15.485,0,0
2015-06-09,15.476,15.637,15.476,15.637,0,0
2015-06-10,15.637,15.637,15.637,15.637,0,0
2015-06-11,15.637,15.637,15.627,15.627,0,0
2015-06-12,15.637,15.637,15.627,15.627,0,0
2015-06-17,15.627,15.627,15.627,15.627,0,0
2015-06-18,15.627,15.627,15.627,15.627,0,0
2015-06-19,15.617,15.617,15.617,15.617,0,0
2015-06-22,15.617,15.617,15.617,15.617,0,0
2015-06-23,15.609,17.151,15.609,17.151,0,0
2015-06-24,17.094,17.094,17.094,17.094,0,0
2015-06-25,17.274,17.369,16.933,16.933,0,0
2015-06-29,16.981,16.981,16.318,16.318,0,0
2015-07-08,16.376,16.376,16.376,16.376,0,0
2015-07-09,16.288,16.288,15.998,15.998,0,0
2015-07-10,16.172,16.182,16.172,16.182,0,0
2015-07-15,16.162,16.162,15.998,16.153,0,0
2015-07-16,16.114,16.114,16.114,16.114,0,0
2015-07-17,16.114,16.114,16.114,16.114,0,0
2015-07-21,15.833,15.833,15.233,15.233,0,0
2015-07-23,15.107,15.107,11.998,11.998,0,0
2015-07-24,14.342,14.342,13.606,13.606,0,0
2015-07-27,14.971,14.971,13.829,13.829,0,0
2015-07-29,13.373,13.373,13.277,13.277,0,0
2015-07-30,13.277,13.277,13.277,13.277,0,0
2015-07-31,13.277,13.277,13.277,13.277,0,0
2015-08-03,13.277,13.277,13.277,13.277,0,0
2015-08-04,13.277,13.277,13.277,13.277,0,0
2015-08-05,13.277,13.277,13.277,13.277,0,0
2015-08-06,13.277,13.277,13.277,13.277,0,0
2015-08-07,13.277,13.277,13.277,13.277,0,0
2015-08-10,13.277,13.277,13.277,13.277,0,0
2015-08-11,13.277,13.277,13.277,13.277,0,0
2015-08-12,13.277,13.277,13.277,13.277,0,0
2015-08-13,13.296,13.296,13.296,13.296,0,0
2015-08-14,13.296,13.296,13.296,13.296,0,0
2015-08-17,13.296,13.296,13.296,13.296,0,0
2015-08-18,13.296,13.296,13.296,13.296,0,0
2015-08-19,13.296,13.296,13.296,13.296,0,0
2015-08-20,13.296,13.296,13.296,13.296,0,0
2015-08-21,13.296,13.296,13.296,13.296,0,0
2015-08-24,13.296,13.296,13.277,13.277,0,0
2015-08-25,13.277,13.277,13.277,13.277,0,0
2015-08-26,13.277,13.277,13.277,13.277,0,0
2015-08-27,13.277,13.277,13.277,13.277,0,0
2015-08-31,13.296,13.606,13.296,13.606,0,0
2015-09-01,13.606,13.606,13.587,13.587,0,0
2015-09-08,13.606,13.606,13.587,13.587,0,0
2015-09-16,13.587,13.587,13.587,13.587,0,0
2015-10-05,13.49,13.49,12.57,12.57,0,0
2015-10-06,11.33,11.679,11.33,11.679,0,0
2015-10-07,11.601,12.231,11.601,12.231,0,0
2015-10-08,12.56,12.56,12.56,12.56,0,0
2015-10-13,12.57,12.57,12.57,12.57,0,0
2015-10-28,12.57,12.57,12.57,12.57,0,0
2015-10-30,12.686,12.918,12.512,12.918,0,0
2015-11-02,12.822,12.822,12.57,12.57,0,0
2015-11-05,12.802,12.802,12.182,12.182,0,0
2015-11-13,12.347,12.463,12.347,12.463,0,0
2015-11-16,12.57,12.57,12.56,12.56,0,0
2015-11-17,12.56,12.918,12.56,12.918,0,0
2015-11-18,12.947,13.035,12.947,13.035,0,0
2015-11-19,12.918,12.918,12.918,12.918,0,0
2015-11-23,12.744,13.035,12.376,13.035,0,0
2015-11-25,12.947,12.947,12.056,12.056,0,0
2015-11-26,12.056,12.056,11.94,11.94,0,0
2015-12-01,11.805,11.902,11.427,11.902,0,0
2015-12-02,11.563,11.563,9.713,10.565,0,0
2015-12-07,10.575,10.575,10.575,10.575,0,0
2015-12-10,10.585,10.585,8.5703,9.4902,0,0
2015-12-11,9.4902,9.4902,9.4902,9.4902,0,0
2015-12-14,9.4902,9.4902,9.4902,9.4902,0,0
2015-12-15,9.4902,9.597,9.4902,9.597,0,0
2015-12-16,9.713,9.945,9.655,9.655,0,0
2015-12-17,9.674,9.674,9.674,9.674,0,0
2015-12-18,9.674,9.713,9.674,9.713,0,0
2015-12-21,9.713,9.713,9.713,9.713,0,0
2015-12-28,9.771,9.771,9.771,9.771,0,0
2016-01-05,9.674,9.674,9.674,9.674,0,0
2016-01-08,9.771,10.517,9.771,10.517,0,0
2016-01-12,10.517,10.565,10.517,10.565,0,0
2016-01-13,10.168,10.168,10.168,10.168,0,0
2016-01-15,10.439,10.856,10.439,10.856,0,0
2016-01-20,10.982,10.982,10.972,10.982,0,0
2016-01-21,10.982,11.204,10.982,11.204,0,0
2016-01-22,10.246,10.246,10.246,10.246,0,0
2016-01-26,10.226,10.226,10.226,10.226,0,0
2016-01-27,10.062,10.284,10.062,10.284,0,0
2016-01-28,10.284,10.284,10.042,10.042,0,0
2016-01-29,10.284,10.401,10.284,10.381,0,0
2016-02-02,10.12,10.12,10.12,10.12,0,0
2016-02-04,10.062,10.062,10.062,10.062,0,0
2016-02-08,10.1,10.1,10.1,10.1,0,0
2016-02-09,10.1,10.1,10.091,10.091,0,0
2016-02-10,10.091,10.091,10.081,10.081,0,0
2016-02-11,10.091,10.091,10.081,10.081,0,0
2016-02-12,10.091,10.091,10.091,10.091,0,0
2016-02-15,10.091,10.12,10.091,10.12,0,0
2016-02-16,10.12,11.417,10.12,10.284,0,0
2016-02-17,10.284,11.088,10.284,11.088,0,0
2016-02-18,10.517,15.088,10.468,15.029,0,0
2016-02-19,15.088,15.426,12.705,13.829,0,0
2016-02-22,13.606,13.741,13.083,13.49,0,0
2016-02-24,13.49,14.177,13.49,14.177,0,0
2016-02-25,14.177,14.177,14.177,14.177,0,0
2016-02-26,13.829,13.829,13.461,13.461,0,0
2016-03-03,13.432,13.432,12.115,12.976,0,0
2016-03-04,12.976,12.976,12.976,12.976,0,0
2016-03-07,12.57,12.57,12.056,12.434,0,0
2016-03-08,12.57,13.16,12.57,13.044,0,0
2016-03-09,13.054,13.054,13.054,13.054,0,0
2016-03-10,13.432,13.877,13.432,13.712,0,0
2016-03-11,13.712,13.712,13.712,13.712,0,0
2016-03-14,13.945,15.204,13.945,14.749,0,0
2016-03-15,14.749,14.797,14.749,14.749,0,0
2016-03-17,14.72,15.204,14.313,14.855,0,0
2016-03-18,14.855,14.855,14.855,14.855,0,0
2016-03-22,14.913,14.913,14.177,14.177,0,0
2016-03-23,13.887,13.887,13.751,13.751,0,0
2016-03-24,13.712,13.712,13.703,13.703,0,0
2016-03-29,13.703,13.703,13.703,13.703,0,0
2016-03-30,13.703,13.703,13.257,13.257,0,0
2016-03-31,13.49,16.182,13.49,16.182,0,0
2016-04-01,16.405,18.002,16.405,17.944,0,0
2016-04-04,17.886,17.886,16.017,16.918,0,0
2016-04-05,16.918,16.918,16.918,16.918,0,0
2016-04-06,16.918,16.918,16.918,16.918,0,0
2016-04-07,16.918,16.918,16.918,16.918,0,0
2016-04-12,17.034,17.489,16.918,17.489,0,0
2016-04-13,17.712,17.712,17.005,17.005,0,0
2016-04-18,17.141,17.431,17.141,17.431,0,0
2016-04-19,17.16,17.16,17.131,17.131,0,0
2016-04-22,17.141,17.663,17.141,17.663,0,0
2016-04-25,17.993,17.993,17.993,17.993,0,0
2016-04-26,18.177,18.855,18.177,18.855,0,0
2016-04-27,18.855,19.416,18.855,19.416,0,0
2016-04-28,19.775,19.775,19.775,19.775,0,0
2016-04-29,19.997,20.114,19.997,20.114,0,0
2016-05-02,20.114,20.114,19.29,19.29,0,0
2016-05-05,19.203,19.203,18.061,18.235,0,0
2016-05-06,18.061,18.061,17.663,17.663,0,0
2016-05-09,17.712,17.712,17.712,17.712,0,0
2016-05-10,18.061,19.203,18.061,19.203,0,0
2016-05-12,19.252,19.252,19.252,19.252,0,0
2016-05-13,19.232,19.252,18.971,19.252,0,0
2016-05-16,20.578,21.314,20.578,20.685,0,0
2016-05-17,20.724,22.844,20.724,22.835,0,0
2016-05-18,22.786,22.786,22.786,22.786,0,0
2016-05-19,22.341,22.341,21.731,21.731,0,0
2016-05-20,21.721,21.721,20.578,21.663,0,0
2016-05-23,21.644,21.644,20.946,20.946,0,0
2016-05-24,21.256,21.256,21.256,21.256,0,0
2016-05-27,21.256,22.292,20.627,21.702,0,0
2016-05-30,21.663,21.663,20.578,21.595,0,0
2016-05-31,21.605,21.605,21.595,21.605,0,0
2016-06-01,21.15,21.595,20.143,21.595,0,0
2016-06-02,21.256,21.256,20.578,20.578,0,0
2016-06-03,20.462,20.627,20.462,20.627,0,0
2016-06-06,20.627,20.627,20.346,20.346,0,0
2016-06-07,20.607,20.607,18.855,19.949,0,0
2016-06-08,19.949,19.997,19.949,19.997,0,0
2016-06-09,20.23,20.627,20.23,20.627,0,0
2016-06-10,20.627,20.627,19.426,19.426,0,0
2016-06-13,19.542,19.542,19.426,19.426,0,0
2016-06-14,19.426,19.426,19.426,19.426,0,0
2016-06-16,19.426,19.426,19.426,19.426,0,0
2016-06-17,19.426,19.426,19.426,19.426,0,0
2016-06-21,19.426,19.426,19.426,19.426,0,0
2016-06-23,19.426,19.426,19.426,19.426,0,0
2016-06-24,19.203,19.203,18.283,19.039,0,0
2016-06-27,19.426,19.426,19.426,19.426,0,0
2016-06-28,19.426,20.055,19.426,20.055,0,0
2016-06-29,19.891,20.859,19.891,20.346,0,0
2016-06-30,20.578,20.733,20.578,20.733,0,0
2016-07-01,20.859,20.975,20.859,20.975,0,0
2016-07-04,20.975,20.975,20.975,20.975,0,0
2016-07-05,20.975,20.975,20.975,20.975,0,0
2016-07-07,21.25,21.25,21.25,21.25,0,0
2016-07-11,21.25,21.25,21.25,21.25,0,0
2016-07-12,21.25,21.25,21.25,21.25,0,0
2016-07-13,21.25,21.25,21.25,21.25,0,0
2016-07-14,21.25,21.25,21.25,21.25,0,0
2016-07-15,21.25,21.25,21.25,21.25,0,0
2016-07-18,21.25,21.25,21.25,21.25,0,0
2016-07-19,21.25,21.25,21.25,21.25,0,0
2016-07-21,21.42,21.42,21.42,21.42,0,0
2016-07-22,21.42,21.42,21.42,21.42,0,0
2016-07-25,21.42,21.84,21.08,21.84,0,0
2016-07-26,21.61,22.07,21.61,22.07,0,0
2016-07-27,21.84,22.53,21.84,22.53,0,0
2016-07-28,22.63,22.63,22.43,22.43,0,0
2016-07-29,22.43,22.63,22.43,22.63,0,0
2016-08-01,22.63,22.64,22.63,22.64,0,0
2016-08-02,22.64,22.64,22.64,22.64,0,0
2016-08-03,22.66,22.66,22.44,22.44,0,0
2016-08-04,22.44,22.64,22.44,22.64,0,0
2016-08-05,22.64,22.64,22.64,22.64,0,0
2016-08-08,22.66,22.66,22.66,22.66,0,0
2016-08-09,22.65,23.07,22.65,23.07,0,0
2016-08-10,23.07,23.07,23.07,23.07,0,0
2016-08-11,23.13,23.49,23.13,23.49,0,0
2016-08-12,24.2,24.2,20.04,20.04,0,0
2016-08-16,20.11,20.44,19.47,20.44,0,0
2016-08-17,20.38,20.38,18.8,18.8,0,0
2016-08-18,18.32,19.12,17.7,18.13,0,0
2016-08-19,18.13,19.22,18.13,18.65,0,0
2016-08-22,18.65,19.18,18.65,18.65,0,0
2016-08-23,18.87,18.87,18.65,18.86,0,0
2016-08-24,18.94,19.47,18.94,19.36,0,0
2016-08-25,19.32,19.5,18.88,19.5,0,0
2016-08-26,19.5,19.77,19.5,19.77,0,0
2016-08-29,19.95,20.06,19.95,20.06,0,0
2016-08-30,20.3,21.13,20.3,21.13,0,0
2016-08-31,21.13,22.9,21.13,22.87,0,0
2016-09-01,22.84,22.84,22.84,22.84,0,0
2016-09-02,22.43,22.43,20.77,21.95,0,0
2016-09-06,21.84,21.84,21.84,21.84,0,0
2016-09-07,21.78,21.78,20.91,21.56,0,0
2016-09-12,21.25,21.25,19.71,19.71,0,0
2016-09-13,19.36,19.36,18.47,18.54,0,0
2016-09-14,18.62,19.18,18.62,19.18,0,0
2016-09-15,19.47,19.47,19.47,19.47,0,0
2016-09-20,19.47,19.49,18.91,19.49,0,0
2016-09-21,19.47,19.47,19.47,19.47,0,0
2016-09-22,19.47,20.03,19.47,19.98,0,0
2016-09-23,20.01,21.45,20.01,20.3,0,0
2016-09-28,20.3,20.3,20.3,20.3,0,0
2016-09-29,20.3,20.3,20.3,20.3,0,0
2016-09-30,20.3,20.3,20.3,20.3,0,0
2016-10-03,20.06,20.06,20.06,20.06,0,0
2016-10-04,20.06,20.18,20.06,20.18,0,0
2016-10-05,20.18,20.18,19.47,19.47,0,0
2016-10-10,19.47,19.47,19.27,19.27,0,0
2016-10-11,19.29,19.47,19.29,19.3,0,0
2016-10-12,19.3,19.3,19.3,19.3,0,0
2016-10-13,19.32,19.59,19.32,19.59,0,0
2016-10-14,19.83,19.83,19.83,19.83,0,0
2016-10-17,19.33,19.83,19.32,19.32,0,0
2016-10-18,19.3,19.83,19.3,19.83,0,0
2016-10-21,20.05,20.05,18.88,18.88,0,0
2016-10-24,18.88,18.9,18.88,18.9,0,0
2016-10-25,18.9,18.9,18.88,18.88,0,0
2016-10-26,18.88,18.88,18.88,18.88,0,0
2016-10-27,18.88,18.88,18.88,18.88,0,0
2016-10-28,18.88,19.06,18.88,19.06,0,0
2016-10-31,19.06,19.06,18.88,18.88,0,0
2016-11-02,18.88,19.06,18.88,19.06,0,0
2016-11-03,18.91,18.91,18.88,18.88,0,0
2016-11-04,19,19,18.53,18.53,0,0
2016-11-08,18.54,18.54,18.54,18.54,0,0
2016-11-09,18.54,18.54,18.54,18.54,0,0
2016-11-10,18.55,18.83,18.47,18.83,0,0
2016-11-14,18.88,18.88,18.88,18.88,0,0
2016-11-15,21.25,21.25,20.77,21.23,0,0
2016-11-16,21.19,21.19,19.88,19.88,0,0
2016-11-17,19.88,19.88,19.88,19.88,0,0
2016-11-22,19.66,19.66,19.33,19.36,0,0
2016-11-23,19.36,20.05,19.36,20.05,0,0
2016-11-24,20.17,20.17,20.05,20.05,0,0
2016-11-25,20.05,20.05,20.05,20.05,0,0
2016-11-28,20.05,20.05,20.05,20.05,0,0
2016-11-29,20.04,20.04,20.04,20.04,0,0
2016-11-30,20.04,20.04,20.04,20.04,0,0
2016-12-01,20.03,20.03,20.03,20.03,0,0
2016-12-02,20.03,20.03,20.03,20.03,0,0
2016-12-05,20.04,20.04,19.68,19.68,0,0
2016-12-06,19.77,19.92,19.59,19.59,0,0
2016-12-07,19.37,19.37,18.55,18.78,0,0
2016-12-08,18.88,18.98,18.78,18.98,0,0
2016-12-09,18.94,18.94,18.94,18.94,0,0
2016-12-12,18.94,18.94,18.65,18.65,0,0
2016-12-13,18.93,18.94,18.5,18.77,0,0
2016-12-14,18.88,18.88,18.53,18.53,0,0
2016-12-15,18.47,18.47,18.45,18.46,0,0
2016-12-16,18.45,18.46,18.45,18.46,0,0
2016-12-19,18.47,18.47,18.47,18.47,0,0
2016-12-20,18.47,18.47,18.47,18.47,0,0
2016-12-21,18.47,18.47,18.47,18.47,0,0
2016-12-22,18.46,18.46,18.46,18.46,0,0
2016-12-23,18.46,18.46,17.11,17.11,0,0
2016-12-27,17.95,17.95,17.15,17.7,0,0
2016-12-28,17.7,17.7,17.7,17.7,0,0
2016-12-29,17.7,18.88,17.7,18.88,0,0
2016-12-30,18.88,19.33,18.88,19.33,0,0
2017-01-02,19.42,19.64,19.42,19.64,0,0
2017-01-03,19.65,19.83,19.52,19.83,0,0
2017-01-04,19.88,19.89,19.86,19.89,0,0
2017-01-09,19.95,19.95,19.95,19.95,0,0
2017-01-10,19.95,20.02,19.88,20.02,0,0
2017-01-11,20.02,21.25,20.02,21.25,0,0
2017-01-12,21.14,22.83,21.14,22.83,0,0
2017-01-13,22.78,22.78,21.84,21.84,0,0
2017-01-16,21.61,21.61,21.25,21.25,0,0
2017-01-17,21.25,21.25,21.25,21.25,0,0
2017-01-18,21.25,21.25,20.45,20.45,0,0
2017-01-19,20.45,20.45,20.45,20.45,0,0
2017-01-20,20.47,20.47,20.19,20.19,0,0
2017-01-23,20.19,20.45,20.19,20.45,0,0
2017-01-24,20.45,21.82,20.45,21.25,0,0
2017-01-25,21.48,21.48,21.48,21.48,0,0
2017-01-26,21.01,21.01,21.01,21.01,0,0
2017-01-30,21.01,21.01,21.01,21.01,0,0
2017-01-31,21.01,21.01,21.01,21.01,0,0
2017-02-01,21.01,21.01,21.01,21.01,0,0
2017-02-02,21.01,21.01,21.01,21.01,0,0
2017-02-03,21.01,21.01,20.65,20.65,0,0
2017-02-06,20.65,20.65,20.65,20.65,0,0
2017-02-07,20.05,20.05,20.05,20.05,0,0
2017-02-08,20.08,20.24,19.95,19.95,0,0
2017-02-09,20.31,20.31,20.06,20.06,0,0
2017-02-10,20.32,20.32,20.06,20.06,0,0
2017-02-13,20.06,20.32,20.06,20.32,0,0
2017-02-14,20.32,20.32,19.37,19.37,0,0
2017-02-15,19.36,19.36,17.47,18.06,0,0
2017-02-16,17.85,18.06,17.11,18.06,0,0
2017-02-17,17.89,18.18,17.88,18.16,0,0
2017-02-20,17.94,18.16,17.69,18.16,0,0
2017-02-21,18.16,18.16,17.61,17.65,0,0
2017-02-22,17.65,17.65,17.59,17.59,0,0
2017-02-23,17.65,18.83,17.65,18.65,0,0
2017-02-24,18.65,18.65,18.65,18.65,0,0
2017-02-27,18.29,18.7,18.29,18.65,0,0
2017-02-28,18.65,18.65,18.65,18.65,0,0
2017-03-01,18.65,18.65,18.65,18.65,0,0
2017-03-02,18.77,18.88,18.65,18.65,0,0
2017-03-03,18.66,18.66,18.65,18.65,0,0
2017-03-06,18.65,18.65,18.65,18.65,0,0
2017-03-07,18.65,18.65,18.55,18.55,0,0
2017-03-08,18.42,18.42,17.7,17.7,0,0
2017-03-09,17.72,17.72,17.72,17.72,0,0
2017-03-10,17.72,17.72,17.72,17.72,0,0
2017-03-13,17.7,17.7,17.67,17.7,0,0
2017-03-14,18.09,18.24,18.09,18.24,0,0
2017-03-17,18.24,18.24,18.24,18.24,0,0
2017-03-20,18.18,18.18,17.65,17.65,0,0
2017-03-21,17.7,17.7,17.7,17.7,0,0
2017-03-22,17.7,17.7,17.7,17.7,0,0
2017-03-23,17.7,17.7,17.7,17.7,0,0
2017-03-24,17.7,17.7,17.7,17.7,0,0
2017-03-27,17.72,17.81,17.7,17.81,0,0
2017-03-28,17.81,18.22,17.81,18.22,0,0
2017-03-29,18.27,18.27,18.26,18.26,0,0
2017-03-30,17.94,18.65,17.7,18.65,0,0
2017-03-31,18.65,19.14,18.65,19.14,0,0
2017-04-03,19.13,19.14,19.13,19.14,0,0
2017-04-04,19.14,19.71,19.14,19.71,0,0
2017-04-05,19.73,19.86,19.73,19.86,0,0
2017-04-06,19.86,19.86,19.27,19.27,0,0
2017-04-07,19.27,19.27,19.27,19.27,0,0
2017-04-10,19.27,19.4,19,19.4,0,0
2017-04-11,19.4,19.4,19,19,0,0
2017-04-13,19,19.24,19,19.24,0,0
2017-04-19,19.3,19.51,18.88,18.88,0,0
2017-04-20,18.88,18.88,18.88,18.88,0,0
2017-04-21,18.88,18.88,18.88,18.88,0,0
2017-04-24,18.88,18.88,18.88,18.88,0,0
2017-04-25,18.88,18.88,18.59,18.59,0,0
2017-04-26,18.88,18.88,18.88,18.88,0,0
2017-04-27,18.88,18.88,18.88,18.88,0,0
2017-04-28,18.88,18.88,18.88,18.88,0,0
2017-05-02,18.88,18.88,18.88,18.88,0,0
2017-05-04,18.88,18.99,18.88,18.99,0,0
2017-05-05,18.88,18.88,18.88,18.88,0,0
2017-05-08,18.88,18.88,18.88,18.88,0,0
2017-05-10,18.72,19.18,18.72,19.18,0,0
2017-05-11,19.18,19.34,19.18,19.34,0,0
2017-05-12,19.34,19.7,19.12,19.7,0,0
2017-05-15,19.82,20.18,19.82,19.83,0,0
2017-05-16,19.95,20.76,19.95,20.76,0,0
2017-05-17,20.48,21.19,20.48,21.19,0,0
2017-05-18,21.32,21.32,20.48,21.25,0,0
2017-05-19,21.25,21.25,21.23,21.23,0,0
2017-05-22,21.25,21.25,20.06,20.06,0,0
2017-05-23,20.09,20.09,20.09,20.09,0,0
2017-05-24,20.09,20.09,19.71,19.71,0,0
2017-05-26,19.82,19.82,19.82,19.82,0,0
2017-05-29,19.82,20.29,19.82,20.29,0,0
2017-05-30,20.29,20.29,20.29,20.29,0,0
2017-05-31,20.29,20.29,20.06,20.06,0,0
2017-06-01,20.28,21.23,20.28,21.23,0,0
2017-06-02,21.13,21.13,21.13,21.13,0,0
2017-06-05,21.13,21.13,20.65,21.13,0,0
2017-06-06,21.12,21.12,21.12,21.12,0,0
2017-06-07,20.65,20.65,20.65,20.65,0,0
2017-06-08,20.77,20.77,20.77,20.77,0,0
2017-06-09,20.65,20.65,20.6,20.6,0,0
2017-06-13,20.65,20.65,20.65,20.65,0,0
2017-06-14,20.65,20.65,20.09,20.09,0,0
2017-06-16,20.08,20.08,19.55,19.55,0,0
2017-06-19,19.56,19.56,19.56,19.56,0,0
2017-06-20,19.56,19.56,19.56,19.56,0,0
2017-06-21,19.97,19.97,19.71,19.71,0,0
2017-06-22,19.7,19.7,19.7,19.7,0,0
2017-06-23,19.72,19.72,19.72,19.72,0,0
2017-06-26,19.75,19.75,19.75,19.75,0,0
2017-06-27,19.75,19.75,19.75,19.75,0,0
2017-06-28,19.75,19.75,19.75,19.75,0,0
2017-06-29,19.75,19.75,19.75,19.75,0,0
2017-06-30,19.75,19.75,19.75,19.75,0,0
2017-07-03,19.75,19.75,19.75,19.75,0,0
2017-07-04,19.77,19.77,19.75,19.75,0,0
2017-07-05,19.97,19.97,19.97,19.97,0,0
2017-07-06,19.97,19.97,19.97,19.97,0,0
2017-07-07,19.95,19.95,19.95,19.95,0,0
2017-07-10,19.59,19.59,19.59,19.59,0,0
2017-07-11,19.59,19.59,19.59,19.59,0,0
2017-07-12,19.59,19.59,19.59,19.59,0,0
2017-07-13,19.47,19.47,19.47,19.47,0,0
2017-07-14,19.06,19.06,18.77,18.77,0,0
2017-07-18,18.88,18.88,18.88,18.88,0,0
2017-07-19,18.88,18.88,18.88,18.88,0,0
2017-07-20,18.88,18.88,18.88,18.88,0,0
2017-07-21,18.88,18.88,18.88,18.88,0,0
2017-07-24,18.71,18.71,18.35,18.52,0,0
2017-07-25,18.47,18.47,18.47,18.47,0,0
2017-07-26,18.47,18.47,18.47,18.47,0,0
2017-07-27,18.47,18.47,18.47,18.47,0,0
2017-07-28,18.47,18.47,18.47,18.47,0,0
2017-07-31,18.47,18.47,18.47,18.47,0,0
2017-08-01,18.47,19.23,18.47,19.23,0,0
2017-08-02,19.23,19.23,19.23,19.23,0,0
2017-08-03,19.23,19.23,19.23,19.23,0,0
2017-08-04,19.23,19.23,18.94,18.94,0,0
2017-08-07,18.94,18.94,18.94,18.94,0,0
2017-08-08,18.94,18.94,18.94,18.94,0,0
2017-08-09,18.94,18.94,18.71,18.94,0,0
2017-08-10,19,19,19,19,0,0
2017-08-11,19,19,19,19,0,0
2017-08-14,18.99,19.23,18.99,19.23,0,0
2017-08-17,19.23,19.23,19.23,19.23,0,0
2017-08-18,19.23,19.23,19.23,19.23,0,0
2017-08-21,19.23,19.23,19.23,19.23,0,0
2017-08-22,19.23,19.23,19.23,19.23,0,0
2017-08-23,19.23,19.23,19.23,19.23,0,0
2017-08-24,19.23,19.23,18.88,18.88,0,0
2017-08-25,18.53,19.22,17.94,19.22,0,0
2017-08-28,19.12,19.12,19.12,19.12,0,0
2017-08-29,19.12,19.12,18.31,18.31,0,0
2017-08-31,18.24,18.24,18.24,18.24,0,0
2017-09-01,18.53,18.71,18.53,18.71,0,0
2017-09-04,17.7,18.29,17.7,18.29,0,0
2017-09-05,18.62,18.62,18.6,18.6,0,0
2017-09-06,18.6,18.6,18.6,18.6,0,0
2017-09-07,18.6,18.75,18.6,18.75,0,0
2017-09-08,18.29,18.77,18.29,18.77,0,0
2017-09-13,18.93,18.93,18.93,18.93,0,0
2017-09-14,18.92,18.92,18.92,18.92,0,0
2017-09-15,18.92,18.92,18.92,18.92,0,0
2017-09-18,18.83,18.83,18.83,18.83,0,0
2017-09-19,18.83,18.83,18.29,18.29,0,0
2017-09-25,18.35,18.41,18.35,18.41,0,0
2017-09-27,18.12,18.12,18.12,18.12,0,0
2017-10-03,18.12,18.12,18.12,18.12,0,0
2017-10-04,18.12,18.12,17.47,17.72,0,0
2017-10-16,17.7,18.02,17.5,18.02,0,0
2017-10-17,17.94,18.27,17.94,18.27,0,0
2017-10-18,18.27,18.27,18.27,18.27,0,0
2017-10-19,18.27,18.27,17.7,17.7,0,0
2017-10-24,17.7,17.7,17.49,17.49,0,0
2017-10-25,17.49,17.49,17.49,17.49,0,0
2017-10-26,17.49,17.49,17.49,17.49,0,0
2017-10-27,17.49,17.49,17.49,17.49,0,0
2017-11-02,17.48,18.27,17.48,18.27,0,0
2017-11-03,18.24,18.24,17.94,17.94,0,0
2017-11-06,17.94,17.94,17.94,17.94,0,0
2017-11-07,17.76,17.76,17.76,17.76,0,0
2017-11-08,17.7,17.7,17.7,17.7,0,0
2017-11-09,17.76,17.76,17.76,17.76,0,0
2017-11-10,17.74,17.74,17.74,17.74,0,0
2017-11-13,17.74,17.74,17.74,17.74,0,0
2017-11-14,17.72,17.72,17.72,17.72,0,0
2017-11-15,17.72,17.72,17.72,17.72,0,0
2017-11-16,17.72,17.72,17.72,17.72,0,0
2017-11-17,17.72,17.72,17.72,17.72,0,0
2017-11-20,17.72,17.72,17.72,17.72,0,0
2017-11-21,17.72,17.72,17.7,17.7,0,0
2017-11-22,17.72,17.72,17.72,17.72,0,0
2017-11-23,17.7,18.15,17.7,18.15,0,0
2017-11-24,18.15,18.15,18.15,18.15,0,0
2017-11-27,18.15,18.15,17.7,17.7,0,0
2017-11-28,17.88,17.88,17.88,17.88,0,0
2017-11-29,17.88,17.88,17.88,17.88,0,0
2017-11-30,17.88,17.88,17.88,17.88,0,0
2017-12-01,17.88,17.88,17.88,17.88,0,0
2017-12-04,17.88,17.88,17.88,17.88,0,0
2017-12-05,17.88,17.88,17.88,17.88,0,0
2017-12-06,17.88,17.88,17.88,17.88,0,0
2017-12-07,17.88,17.88,17.88,17.88,0,0
2017-12-08,17.88,17.88,17.88,17.88,0,0
2017-12-11,17.86,17.87,17.86,17.87,0,0
2017-12-12,17.87,17.87,17.87,17.87,0,0
2017-12-13,17.7,17.87,16.64,17.87,0,0
2017-12-14,17.87,17.87,17.87,17.87,0,0
2017-12-15,17.87,17.87,17.87,17.87,0,0
2017-12-18,17.87,17.87,17.87,17.87,0,0
2017-12-19,17.87,17.87,17.87,17.87,0,0
2017-12-20,17.87,17.87,17.87,17.87,0,0
2017-12-21,17.88,17.88,17.88,17.88,0,0
2017-12-22,17.88,17.88,17.88,17.88,0,0
2017-12-27,17.86,17.86,17.86,17.86,0,0
2017-12-29,17.88,17.88,17.11,17.13,0,0
2018-01-04,17.59,18.41,17.59,18.29,0,0
2018-01-08,18.29,18.29,18.06,18.06,0,0
2018-01-09,18.06,18.06,18.06,18.06,0,0
2018-01-10,18.18,18.18,18.18,18.18,0,0
2018-01-11,18.18,18.18,18.18,18.18,0,0
2018-01-12,17.82,17.82,17.59,17.59,0,0
2018-01-18,17.7,17.7,17.7,17.7,0,0
2018-01-19,17.7,17.7,17.7,17.7,0,0
2018-01-22,17.7,17.7,17.7,17.7,0,0
2018-01-23,17.7,17.7,17.7,17.7,0,0
2018-01-24,17.7,17.7,17.7,17.7,0,0
2018-01-25,17.7,17.7,17.7,17.7,0,0
2018-01-26,17.7,17.94,17.7,17.94,0,0
2018-01-30,17.94,17.94,17.94,17.94,0,0
2018-01-31,17.94,17.94,17.94,17.94,0,0
2018-02-01,17.94,17.94,17.94,17.94,0,0
2018-02-02,17.94,17.94,17.94,17.94,0,0
2018-02-05,17.7,17.7,17.7,17.7,0,0
2018-02-06,17.23,17.23,17.23,17.23,0,0
2018-02-14,17.23,17.47,17.23,17.47,0,0
2018-02-15,17.47,17.47,16.76,17.47,0,0
2018-02-16,17,17,16.76,16.76,0,0
2018-02-19,16.76,16.76,16.76,16.76,0,0
2018-02-23,16.52,16.52,16.52,16.52,0,0
2018-02-26,16.76,16.76,16.76,16.76,0,0
2018-02-27,16.76,16.76,16.52,16.52,0,0
2018-02-28,16.29,16.52,14.28,15.93,0,0
2018-03-01,15.46,15.46,15.46,15.46,0,0
2018-03-02,15.7,15.7,15.58,15.58,0,0
2018-03-06,15.58,15.58,15.58,15.58,0,0
2018-03-07,15.58,15.58,12.51,12.98,0,0
2018-03-08,12.16,12.51,10.27,12.51,0,0
2018-03-09,12.27,12.27,11.8,11.8,0,0
2018-03-12,11.57,11.8,11.57,11.8,0,0
2018-03-16,11.33,11.33,11.21,11.21,0,0
2018-03-19,11.21,11.21,11.21,11.21,0,0
2018-03-20,11.21,11.21,10.8,10.8,0,0
2018-03-21,10.8,10.8,10.33,10.33,0,0
2018-03-22,10.33,10.33,10.33,10.33,0,0
2018-03-23,10.33,10.33,10.33,10.33,0,0
2018-03-26,10.33,10.33,10.33,10.33,0,0
2018-03-27,10.39,10.39,10.39,10.39,0,0
2018-03-28,10.5,10.5,10.33,10.33,0,0
2018-03-29,10.33,10.33,10.33,10.33,0,0
