Date,Open,High,Low,Close,Volume,OpenInt
2011-07-08,9.635,9.635,7.8067,8.1357,0,0
2011-07-11,8.0991,8.1357,7.505,7.7153,0,0
2011-07-12,7.441,7.441,6.5086,7.1759,0,0
2011-07-13,6.1795,7.4135,6.1246,7.0205,0,0
2011-07-14,6.1795,7.0479,6.1795,6.7554,0,0
2011-07-15,6.1795,8.0443,6.1795,7.505,0,0
2011-07-18,6.2984,7.2033,6.2984,7.2033,0,0
2011-07-19,6.4538,7.0845,6.4538,7.0845,0,0
2011-07-20,6.8376,7.1119,6.6,7.1119,0,0
2011-07-22,6.0332,7.0205,6.0332,7.0205,0,0
2011-07-26,6.8742,7.0205,6.8742,7.0205,0,0
2011-07-28,6.0058,6.9017,6.0058,6.9017,0,0
2011-07-29,6.7554,6.7554,6.2984,6.7188,0,0
2011-08-01,6.8742,6.8742,6.8742,6.8742,0,0
2011-08-02,6.2984,6.8742,6.2984,6.8742,0,0
2011-08-03,6.2984,6.6,6.0058,6.4538,0,0
2011-08-04,5.8504,6.2984,5.8504,5.9418,0,0
2011-08-08,6.5726,6.5726,5.9144,5.9144,0,0
2011-08-09,5.9144,5.9144,5.9144,5.9144,0,0
2011-08-10,6.7554,6.7554,6.7554,6.7554,0,0
2011-08-16,6.8103,6.8103,6.8103,6.8103,0,0
2011-08-17,6.6,6.6,6.6,6.6,0,0
2011-08-19,6.0058,6.0058,6.0058,6.0058,0,0
2011-08-23,5.7042,5.7042,5.7042,5.7042,0,0
2011-08-24,5.1283,5.8504,5.1283,5.8504,0,0
2011-08-25,5.8504,5.8504,4.8631,5.5487,0,0
2011-08-26,5.7042,5.7042,4.4975,5.3385,0,0
2011-08-29,5.3385,5.4573,5.2471,5.2471,0,0
2011-08-30,5.4025,5.4025,5.4025,5.4025,0,0
2011-08-31,5.4025,5.4025,5.4025,5.4025,0,0
2011-09-01,5.4025,5.4025,5.4025,5.4025,0,0
2011-09-02,5.4025,5.4025,5.4025,5.4025,0,0
2011-09-07,5.4573,5.4573,5.4573,5.4573,0,0
2011-09-12,4.4975,4.4975,4.4975,4.4975,0,0
2011-09-19,4.4975,4.4975,4.4975,4.4975,0,0
2011-09-20,4.4975,4.7717,4.4975,4.7717,0,0
2011-09-21,4.7717,4.7717,4.7717,4.7717,0,0
2011-09-26,4.4701,4.4701,4.4701,4.4701,0,0
2011-09-27,4.3238,4.4701,4.3238,4.4701,0,0
2011-09-29,3.6291,4.4427,3.6291,4.4427,0,0
2011-09-30,3.9033,3.9033,3.9033,3.9033,0,0
2011-10-03,3.8393,3.8393,3.7479,3.7479,0,0
2011-10-04,3.6566,4.4427,3.6566,4.4427,0,0
2011-10-05,4.205,4.205,4.205,4.205,0,0
2011-10-06,4.3513,4.4152,4.0496,4.0496,0,0
2011-10-07,4.3238,4.4152,4.3238,4.4152,0,0
2011-10-11,4.205,4.205,4.205,4.205,0,0
2011-10-13,4.2324,4.4701,4.2324,4.2324,0,0
2011-10-14,4.2598,5.3385,4.2598,5.3385,0,0
2011-10-17,4.6529,5.1008,4.6529,5.1008,0,0
2011-10-21,5.4573,5.7042,5.4573,5.7042,0,0
2011-10-24,5.311,5.7042,5.311,5.7042,0,0
2011-10-25,5.9693,5.9693,5.9693,5.9693,0,0
2011-10-31,5.7042,5.7042,5.7042,5.7042,0,0
2011-11-08,5.2471,5.2471,5.2471,5.2471,0,0
2011-11-14,5.6676,5.6676,5.6676,5.6676,0,0
2011-11-16,5.6402,5.6402,5.6402,5.6402,0,0
2011-11-18,4.7992,4.7992,4.7992,4.7992,0,0
2011-11-22,5.6128,5.6128,5.6128,5.6128,0,0
2011-11-23,5.6128,5.6128,5.6128,5.6128,0,0
2011-11-24,5.6128,5.6128,5.6128,5.6128,0,0
2011-11-25,5.6402,5.6402,5.6402,5.6402,0,0
2011-11-29,5.6402,5.6402,5.6402,5.6402,0,0
2011-12-01,4.8631,5.5487,4.5341,5.5487,0,0
2011-12-05,4.205,5.046,4.205,5.046,0,0
2011-12-09,4.5615,5.2197,4.5615,4.5615,0,0
2011-12-12,4.4975,5.2197,3.9033,3.9033,0,0
2011-12-13,4.4975,4.4975,3.8668,4.0221,0,0
2011-12-15,3.8668,3.8668,3.8668,3.8668,0,0
2011-12-16,3.8027,3.8027,3.8027,3.8027,0,0
2011-12-19,4.4518,4.4518,4.4518,4.4518,0,0
2011-12-22,4.0221,4.0496,3.8302,4.0496,0,0
2011-12-27,3.8302,3.8302,3.8027,3.8027,0,0
2011-12-30,4.4518,4.4518,4.4518,4.4518,0,0
2012-01-02,3.9856,5.2928,3.7388,4.8266,0,0
2012-01-04,4.918,4.918,4.918,4.918,0,0
2012-01-09,3.364,3.6474,3.2085,3.6474,0,0
2012-01-10,3.7113,3.7113,3.6108,3.6474,0,0
2012-01-11,4.2964,4.2964,4.2964,4.2964,0,0
2012-01-16,3.236,4.0496,3.236,4.0496,0,0
2012-01-17,3.3,3.7113,3.236,3.7113,0,0
2012-01-18,4.0221,4.0221,4.0221,4.0221,0,0
2012-01-20,3.7113,3.7113,3.7113,3.7113,0,0
2012-01-25,3.5834,3.5834,3.5834,3.5834,0,0
2012-01-27,3.6108,3.6108,3.6108,3.6108,0,0
2012-02-03,3.6748,3.8942,3.6748,3.8942,0,0
2012-02-06,3.7388,4.3604,3.7388,4.3604,0,0
2012-02-07,3.7662,3.7662,3.7388,3.7388,0,0
2012-02-08,3.7113,3.7113,3.428,3.428,0,0
2012-02-13,3.9856,3.9856,3.9856,3.9856,0,0
2012-02-20,3.8027,3.9216,3.7388,3.7388,0,0
2012-02-22,3.7388,3.7388,3.7388,3.7388,0,0
2012-02-28,3.8668,3.8668,3.8668,3.8668,0,0
2012-03-05,4.0496,4.0496,4.0496,4.0496,0,0
2012-03-14,3.8942,3.8942,3.8942,3.8942,0,0
2012-03-15,4.205,4.205,4.205,4.205,0,0
2012-03-26,3.6748,3.6748,3.6748,3.6748,0,0
2012-04-03,3.7388,3.7388,3.7388,3.7388,0,0
2012-04-04,4.205,4.205,4.1776,4.1776,0,0
2012-04-23,4.3055,4.3055,4.3055,4.3055,0,0
2012-04-25,3.949,3.949,3.949,3.949,0,0
2012-05-07,4.2324,4.2324,4.2324,4.2324,0,0
2012-05-15,3.6657,4.2324,3.6657,4.2324,0,0
2012-05-17,4.3421,4.3421,4.3421,4.3421,0,0
2012-05-30,4.1593,4.1593,4.1593,4.1593,0,0
2012-06-04,4.0953,4.0953,4.0953,4.0953,0,0
2012-06-05,4.0953,4.0953,4.0953,4.0953,0,0
2012-06-08,4.0587,4.0587,4.0587,4.0587,0,0
2012-06-11,4.2324,4.2324,4.2324,4.2324,0,0
2012-06-21,3.5925,3.5925,3.5925,3.5925,0,0
2012-06-26,3.1721,3.1721,3.1721,3.1721,0,0
2012-06-27,3.6291,4.2324,3.6291,4.2324,0,0
2012-07-09,3.949,3.949,3.949,3.949,0,0
2012-07-10,3.949,3.949,3.949,3.949,0,0
2012-07-13,3.7388,3.7388,3.7388,3.7388,0,0
2012-07-17,4.0221,4.4061,3.7388,3.7388,0,0
2012-07-18,4.4061,4.4793,4.4061,4.4793,0,0
2012-07-19,5.3293,5.3293,5.2928,5.2928,0,0
2012-07-20,6.1704,6.1704,5.4665,6.1704,0,0
2012-07-24,4.7626,4.7992,4.7626,4.7992,0,0
2012-07-25,4.8997,4.8997,4.8997,4.8997,0,0
2012-07-26,5.11,5.2928,5.0825,5.0825,0,0
2012-07-27,5.046,5.046,5.0094,5.0094,0,0
2012-07-30,5.5031,5.5031,5.5031,5.5031,0,0
2012-07-31,5.0094,5.3293,5.0094,5.3293,0,0
2012-08-03,4.4427,5.5031,4.4427,5.5031,0,0
2012-08-06,4.4427,5.3568,4.4427,5.3568,0,0
2012-08-07,5.11,5.11,5.11,5.11,0,0
2012-08-08,5.0094,5.0094,5.0094,5.0094,0,0
2012-08-09,4.9728,4.9728,4.9728,4.9728,0,0
2012-08-13,4.9363,4.9363,4.9363,4.9363,0,0
2012-08-16,4.8997,4.8997,4.8997,4.8997,0,0
2012-08-22,4.8357,4.8357,4.8357,4.8357,0,0
2012-08-29,5.1831,5.1831,5.1831,5.1831,0,0
2012-08-30,4.4427,5.1831,4.4427,5.1831,0,0
2012-10-16,4.5524,4.5524,4.4061,4.4061,0,0
2012-11-05,4.4061,4.4061,4.4061,4.4061,0,0
2012-11-08,4.4061,4.4061,4.4061,4.4061,0,0
2012-11-12,4.1593,4.1593,4.1593,4.1593,0,0
2012-11-13,3.5286,3.5286,3.5286,3.5286,0,0
2012-11-14,3.5286,3.5286,3.4189,3.5286,0,0
2012-12-05,4.0587,4.0587,4.0587,4.0587,0,0
2012-12-07,4.4793,4.4793,4.4793,4.4793,0,0
2012-12-10,4.9728,4.9728,4.9728,4.9728,0,0
2012-12-13,4.9728,5.9601,4.9728,5.9601,0,0
2012-12-14,5.3568,5.9601,5.3568,5.9601,0,0
2012-12-17,5.4299,5.5031,5.2928,5.5031,0,0
2012-12-18,5.3568,5.3568,5.2928,5.2928,0,0
2012-12-20,4.9728,4.9728,4.9728,4.9728,0,0
2013-01-02,5.3293,5.3293,5.3293,5.3293,0,0
2013-01-17,4.9363,4.9363,4.9363,4.9363,0,0
2013-01-21,4.9363,4.9363,4.9363,4.9363,0,0
2013-01-22,4.7992,4.7992,4.7992,4.7992,0,0
2013-01-23,4.6163,4.6163,4.4427,4.4427,0,0
2013-01-25,4.9728,4.9728,4.9728,4.9728,0,0
2013-01-30,4.4793,4.4793,4.4427,4.4427,0,0
2013-02-04,4.6529,4.6529,4.5524,4.5524,0,0
2013-02-05,4.7626,4.7626,4.7626,4.7626,0,0
2013-02-07,4.6895,4.6895,4.6895,4.6895,0,0
2013-02-12,4.6895,4.6895,4.6895,4.6895,0,0
2013-02-14,4.6895,4.6895,4.6895,4.6895,0,0
2013-02-15,4.5158,4.5158,4.5158,4.5158,0,0
2013-02-18,4.9728,4.9728,4.5524,4.5524,0,0
2013-02-19,4.4427,4.6895,4.4427,4.6895,0,0
2013-03-08,4.8997,4.8997,4.8997,4.8997,0,0
2013-03-13,4.589,4.589,4.589,4.589,0,0
2013-03-19,4.4427,4.4427,4.4427,4.4427,0,0
2013-04-05,5.3293,5.3293,5.3293,5.3293,0,0
2013-05-02,5.11,5.11,5.11,5.11,0,0
2013-05-06,5.11,5.11,5.11,5.11,0,0
2013-05-07,5.11,5.11,5.0094,5.0094,0,0
2013-05-08,5.0094,5.0094,5.0094,5.0094,0,0
2013-05-09,5.0094,5.0094,5.0094,5.0094,0,0
2013-05-10,5.0094,5.0094,5.0094,5.0094,0,0
2013-05-13,5.11,5.11,5.11,5.11,0,0
2013-05-14,5.0825,5.0825,5.0825,5.0825,0,0
2013-05-15,5.0825,5.0825,4.9363,4.9363,0,0
2013-05-16,4.8631,4.8631,4.8631,4.8631,0,0
2013-05-17,4.8631,4.8631,4.8631,4.8631,0,0
2013-05-20,4.7992,4.7992,4.7992,4.7992,0,0
2013-05-22,4.7992,4.7992,4.7992,4.7992,0,0
2013-05-23,4.7992,4.7992,4.7992,4.7992,0,0
2013-05-24,4.7992,4.7992,4.7992,4.7992,0,0
2013-05-27,4.7626,4.7626,4.7626,4.7626,0,0
2013-06-03,4.7626,4.7626,4.6529,4.6529,0,0
2013-06-05,4.6529,4.6529,4.4427,4.4427,0,0
2013-06-06,4.4061,4.4061,4.4061,4.4061,0,0
2013-06-07,4.2324,4.2324,4.0221,4.0221,0,0
2013-08-13,4.1305,4.1305,4.1305,4.1305,0,0
2013-09-05,4.2063,4.2063,4.2063,4.2063,0,0
2013-09-11,4.2063,4.2063,4.1684,4.1684,0,0
2013-09-12,4.1684,4.1684,4.1684,4.1684,0,0
2013-09-13,4.1684,4.1684,4.1684,4.1684,0,0
2013-09-16,4.1684,4.1684,4.0926,4.0926,0,0
2013-09-17,4.0926,4.0926,4.0926,4.0926,0,0
2013-09-18,4.0926,4.0926,4.0926,4.0926,0,0
2013-09-19,4.0926,4.0926,4.0926,4.0926,0,0
2013-09-20,4.0926,4.0926,4.0926,4.0926,0,0
2013-09-23,4.0926,4.0926,4.0926,4.0926,0,0
2013-09-25,4.0926,4.0926,4.0926,4.0926,0,0
2013-09-26,4.0926,4.0926,4.0926,4.0926,0,0
2013-09-27,4.0926,4.0926,4.0926,4.0926,0,0
2013-09-30,4.0926,4.0926,4.0926,4.0926,0,0
2013-10-02,4.0926,4.0926,4.0926,4.0926,0,0
2013-10-03,4.0926,4.0926,4.0926,4.0926,0,0
2013-10-09,4.0926,4.0926,4.0926,4.0926,0,0
2013-10-10,4.0926,4.0926,4.0168,4.0168,0,0
2013-10-11,4.0547,4.0547,4.0547,4.0547,0,0
2013-10-15,4.0547,4.0547,4.0547,4.0547,0,0
2013-10-16,4.0547,4.0547,4.0547,4.0547,0,0
2013-10-17,4.0547,4.0547,4.0547,4.0547,0,0
2013-10-21,4.0168,4.0168,4.0168,4.0168,0,0
2013-10-22,4.0168,4.0168,4.0168,4.0168,0,0
2013-10-23,4.0168,4.0168,4.0168,4.0168,0,0
2013-10-24,4.0168,4.0168,4.0168,4.0168,0,0
2013-10-25,4.0168,4.0168,4.0168,4.0168,0,0
2013-10-28,4.0168,4.0168,4.0168,4.0168,0,0
2013-10-29,4.0168,4.0168,4.0168,4.0168,0,0
2013-10-30,4.0168,4.0168,4.0168,4.0168,0,0
2013-10-31,4.0168,4.0168,4.0168,4.0168,0,0
2013-11-05,4.0168,4.0168,4.0168,4.0168,0,0
2013-11-06,4.0168,4.0168,4.0168,4.0168,0,0
2013-11-07,4.0168,4.0168,4.0168,4.0168,0,0
2013-11-08,4.0168,4.0168,4.0168,4.0168,0,0
2013-11-12,3.9505,3.9505,3.9505,3.9505,0,0
2013-11-13,3.9505,3.9505,3.9505,3.9505,0,0
2013-11-14,3.9505,3.9505,3.9505,3.9505,0,0
2013-11-15,3.9505,3.9505,3.9505,3.9505,0,0
2013-11-18,3.9789,3.9789,3.9789,3.9789,0,0
2013-11-19,3.9789,3.9789,3.9789,3.9789,0,0
2013-11-20,4.0168,4.3863,4.0168,4.3863,0,0
2013-11-25,4.2063,4.2063,4.2063,4.2063,0,0
2013-11-26,4.3863,4.3863,4.3863,4.3863,0,0
2013-11-27,4.2063,4.3863,4.0547,4.3863,0,0
2013-11-28,4.3105,4.3105,4.3105,4.3105,0,0
2013-11-29,4.3105,4.3105,4.3105,4.3105,0,0
2013-12-02,4.3105,4.3105,4.3105,4.3105,0,0
2013-12-03,4.3105,4.3105,4.3105,4.3105,0,0
2013-12-04,4.3105,4.3105,4.3105,4.3105,0,0
2013-12-05,4.3105,4.3105,4.3105,4.3105,0,0
2013-12-11,4.3105,4.3105,4.3105,4.3105,0,0
2013-12-13,4.3105,4.3105,4.2726,4.2726,0,0
2013-12-16,4.2726,4.3105,4.2726,4.3105,0,0
2013-12-17,4.3484,4.3484,4.3484,4.3484,0,0
2013-12-18,4.3105,4.3105,4.3105,4.3105,0,0
2013-12-19,4.2726,4.2726,4.2063,4.2063,0,0
2013-12-20,4.2063,4.2063,4.0168,4.0168,0,0
2013-12-23,4.0168,4.2063,4.0168,4.0168,0,0
2014-01-13,4.0168,4.0168,4.0168,4.0168,0,0
2014-01-14,4.0168,4.0168,4.0168,4.0168,0,0
2014-01-15,4.0168,4.0168,4.0168,4.0168,0,0
2014-01-16,4.0168,4.0168,4.0168,4.0168,0,0
2014-01-17,4.0168,4.0168,4.0168,4.0168,0,0
2014-01-20,4.0168,4.0168,4.0168,4.0168,0,0
2014-01-21,4.0168,4.0168,4.0168,4.0168,0,0
2014-01-22,4.0168,4.0168,4.0168,4.0168,0,0
2014-01-23,4.0168,4.0168,4.0168,4.0168,0,0
2014-01-24,4.0168,4.0168,4.0168,4.0168,0,0
2014-01-27,4.0168,4.0168,4.0168,4.0168,0,0
2014-01-28,4.0168,4.0926,4.0168,4.0926,0,0
2014-01-29,4.0926,4.0926,4.0926,4.0926,0,0
2014-01-30,4.0926,4.0926,4.0926,4.0926,0,0
2014-01-31,4.0926,4.0926,4.0926,4.0926,0,0
2014-02-03,4.0926,4.0926,4.0926,4.0926,0,0
2014-02-04,4.0926,4.0926,4.0926,4.0926,0,0
2014-02-05,4.0926,4.0926,4.0926,4.0926,0,0
2014-02-06,4.0926,4.0926,4.0926,4.0926,0,0
2014-02-07,4.0926,4.0926,4.0926,4.0926,0,0
2014-02-10,4.0926,4.0926,4.0926,4.0926,0,0
2014-02-11,4.0926,4.0926,4.0926,4.0926,0,0
2014-02-12,4.0926,4.0926,4.0926,4.0926,0,0
2014-02-13,4.0926,4.0926,4.0926,4.0926,0,0
2014-02-14,4.0926,4.0926,4.0926,4.0926,0,0
2014-02-17,4.0926,4.0926,4.0926,4.0926,0,0
2014-02-18,4.0926,4.0926,4.0926,4.0926,0,0
2014-02-19,4.0926,4.0926,4.0926,4.0926,0,0
2014-02-20,4.0926,4.0926,4.0926,4.0926,0,0
2014-02-21,4.0926,4.0926,4.0926,4.0926,0,0
2014-02-24,4.0926,4.0926,4.0926,4.0926,0,0
2014-02-25,4.0926,4.0926,4.0926,4.0926,0,0
2014-02-26,4.0926,4.0926,4.0926,4.0926,0,0
2014-02-27,4.0926,4.0926,4.0926,4.0926,0,0
2014-02-28,4.0926,4.0926,4.0926,4.0926,0,0
2014-03-03,4.0926,4.0926,4.0926,4.0926,0,0
2014-03-04,4.0926,4.0926,4.0926,4.0926,0,0
2014-03-05,4.0926,4.0926,4.0926,4.0926,0,0
2014-03-06,4.0547,4.0547,4.0547,4.0547,0,0
2014-03-07,4.0547,4.0547,4.0547,4.0547,0,0
2014-03-10,3.8368,3.8368,3.8368,3.8368,0,0
2014-03-11,3.7611,3.7611,3.7611,3.7611,0,0
2014-03-13,3.8368,3.8368,3.8368,3.8368,0,0
2014-03-14,3.8368,3.8368,3.8368,3.8368,0,0
2014-03-17,3.6189,3.6189,3.6189,3.6189,0,0
2014-03-18,3.6189,3.6189,3.4674,3.4674,0,0
2014-03-19,3.4674,3.4674,3.1074,3.1074,0,0
2014-03-31,3.0316,3.0316,2.9274,2.9274,0,0
2014-04-01,2.9274,2.9274,2.9274,2.9274,0,0
2014-04-02,2.9274,2.9274,2.9274,2.9274,0,0
2014-04-03,2.9274,2.9274,2.9274,2.9274,0,0
2014-04-04,2.9274,2.9274,2.9274,2.9274,0,0
2014-04-07,2.9274,2.9274,2.9274,2.9274,0,0
2014-04-08,2.9274,2.9274,2.9274,2.9274,0,0
2014-04-09,2.9274,2.9274,2.9274,2.9274,0,0
2014-04-10,2.9274,2.9274,2.6716,2.6716,0,0
2014-04-11,2.6716,2.6716,2.6716,2.6716,0,0
2014-04-14,2.6716,2.6716,2.6716,2.6716,0,0
2014-04-15,2.6716,2.6716,2.6716,2.6716,0,0
2014-04-16,2.6716,2.6716,2.6716,2.6716,0,0
2014-04-17,2.6716,2.6716,2.6716,2.6716,0,0
2014-04-22,2.6716,2.6716,2.6716,2.6716,0,0
2014-04-23,2.6716,2.6716,2.6716,2.6716,0,0
2014-04-24,2.7379,2.8137,2.7379,2.8137,0,0
2014-04-25,2.7379,2.8895,2.7379,2.8895,0,0
2014-04-29,2.8895,2.8895,2.8895,2.8895,0,0
2014-04-30,2.8895,2.8895,2.8895,2.8895,0,0
2014-05-02,2.8895,2.8895,2.8895,2.8895,0,0
2014-05-05,2.8895,2.8895,2.8895,2.8895,0,0
2014-05-06,2.8895,2.8895,2.8895,2.8895,0,0
2014-05-07,2.8895,2.8895,2.8895,2.8895,0,0
2014-05-08,2.8895,2.8895,2.8895,2.8895,0,0
2014-05-09,2.8895,2.8895,2.8895,2.8895,0,0
2014-05-12,2.8895,2.8895,2.8895,2.8895,0,0
2014-05-13,2.8895,2.8895,2.8895,2.8895,0,0
2014-05-14,2.8895,2.8895,2.8895,2.8895,0,0
2014-05-15,2.8895,2.8895,2.8895,2.8895,0,0
2014-05-16,2.8895,2.8895,2.8895,2.8895,0,0
2014-05-19,2.8895,2.8895,2.8895,2.8895,0,0
2014-05-20,2.8895,2.8895,2.8895,2.8895,0,0
2014-05-21,2.8895,2.8895,2.8895,2.8895,0,0
2014-05-22,2.9274,3.1453,2.9274,3.1453,0,0
2014-05-23,3.1453,3.1453,3.1453,3.1453,0,0
2014-05-26,3.1832,3.5432,3.1832,3.5432,0,0
2014-05-27,3.5053,3.5053,2.9558,2.9558,0,0
2014-05-29,2.9558,2.9558,2.9274,2.9558,0,0
2014-05-30,2.9558,2.9558,2.9558,2.9558,0,0
2014-06-02,2.9558,3.1074,2.9558,3.1074,0,0
2014-06-09,2.9937,2.9937,2.9937,2.9937,0,0
2014-06-10,2.9937,2.9937,2.9937,2.9937,0,0
2014-06-11,2.9937,2.9937,2.9937,2.9937,0,0
2014-06-12,2.9937,2.9937,2.9937,2.9937,0,0
2014-06-13,2.9937,2.9937,2.9937,2.9937,0,0
2014-06-16,2.9937,2.9937,2.9937,2.9937,0,0
2014-06-17,2.9937,2.9937,2.9937,2.9937,0,0
2014-06-18,2.9937,2.9937,2.9274,2.9274,0,0
2014-06-20,2.9274,2.9274,2.9274,2.9274,0,0
2014-06-23,2.9274,2.9274,2.9274,2.9274,0,0
2014-06-24,2.9274,2.9274,2.9274,2.9274,0,0
2014-06-25,2.9274,2.9274,2.9274,2.9274,0,0
2014-06-26,2.9274,2.9274,2.9274,2.9274,0,0
2014-06-27,2.9274,2.9274,2.9274,2.9274,0,0
2014-06-30,2.9274,2.9274,2.8516,2.8516,0,0
2014-07-01,2.8516,2.8516,2.8516,2.8516,0,0
2014-07-02,2.8516,3.0979,2.8516,3.0979,0,0
2014-07-03,3.0979,3.0979,3.0979,3.0979,0,0
2014-07-04,3.0979,3.1358,3.0979,3.0979,0,0
2014-07-07,2.9937,3.3821,2.9937,3.3821,0,0
2014-07-09,3.3821,3.4863,3.3821,3.4863,0,0
2014-07-10,3.5621,3.5621,3.5621,3.5621,0,0
2014-07-11,3.42,3.42,3.42,3.42,0,0
2014-07-14,3.42,3.42,3.3821,3.3821,0,0
2014-07-15,3.3821,3.3821,3.3821,3.3821,0,0
2014-07-25,3.31,3.31,3.01,3.01,0,0
2014-07-28,3.01,3.01,3.01,3.01,0,0
2014-07-29,2.82,2.82,2.82,2.82,0,0
2014-07-31,2.89,2.89,2.89,2.89,0,0
2014-08-04,2.89,2.89,2.89,2.89,0,0
2014-08-18,2.93,3.08,2.93,3.08,0,0
2014-08-19,3.08,3.08,3.08,3.08,0,0
2014-08-20,3.08,3.08,3.08,3.08,0,0
2014-08-21,3.08,3.08,3.08,3.08,0,0
2014-08-22,3.08,3.08,3.08,3.08,0,0
2014-08-25,3.19,3.38,3.19,3.38,0,0
2014-08-27,3.38,3.38,3.38,3.38,0,0
2014-08-29,3.38,3.38,3.38,3.38,0,0
2014-09-15,3.19,3.19,3.19,3.19,0,0
2014-09-19,3.38,3.38,3.38,3.38,0,0
2014-09-23,3.19,3.19,3.19,3.19,0,0
2014-09-24,3.19,3.19,3.19,3.19,0,0
2014-09-25,3.19,3.19,3.19,3.19,0,0
2014-09-26,3.19,3.19,2.89,2.89,0,0
2014-10-09,2.86,2.86,2.44,2.44,0,0
2014-10-10,2.14,2.14,2.14,2.14,0,0
2014-10-13,2.14,2.22,2.14,2.22,0,0
2014-10-14,2.29,2.4,2.29,2.4,0,0
2014-10-23,2.52,2.52,2.52,2.52,0,0
2014-10-28,2.4,2.4,2.4,2.4,0,0
2014-10-29,2.4,2.4,2.4,2.4,0,0
2014-10-30,2.4,2.4,2.4,2.4,0,0
2014-10-31,2.4,2.4,2.4,2.4,0,0
2014-11-03,2.4,2.4,2.4,2.4,0,0
2014-11-04,2.4,2.4,2.33,2.33,0,0
2014-11-05,2.4,2.4,2.4,2.4,0,0
2014-11-06,2.4,2.4,2.33,2.33,0,0
2014-11-12,2.33,2.33,2.33,2.33,0,0
2014-11-14,2.25,2.48,2.25,2.48,0,0
2014-11-18,2.48,2.56,2.48,2.56,0,0
2014-11-19,2.4,2.4,2.4,2.4,0,0
2014-11-20,2.4,2.63,2.4,2.63,0,0
2014-11-25,2.67,2.89,2.67,2.71,0,0
2014-11-26,2.71,2.71,2.67,2.71,0,0
2014-11-27,2.71,2.71,2.71,2.71,0,0
2014-11-28,2.71,2.74,2.71,2.74,0,0
2014-12-03,2.71,2.71,2.71,2.71,0,0
2014-12-04,2.74,2.74,2.74,2.74,0,0
2014-12-05,2.74,2.74,2.74,2.74,0,0
2014-12-08,2.74,2.74,2.74,2.74,0,0
2014-12-09,2.74,2.74,2.74,2.74,0,0
2014-12-10,2.74,2.74,2.74,2.74,0,0
2014-12-11,2.74,2.74,2.74,2.74,0,0
2014-12-12,2.74,2.82,2.74,2.82,0,0
2014-12-19,2.86,2.93,2.86,2.93,0,0
2014-12-22,3.01,3.57,3.01,3.57,0,0
2014-12-23,3.72,3.72,3.53,3.53,0,0
2014-12-29,3.72,3.72,3.53,3.53,0,0
2014-12-30,3.49,3.49,3.49,3.49,0,0
2015-01-07,3.76,3.76,3.76,3.76,0,0
2015-01-14,3.61,3.61,3.61,3.61,0,0
2015-01-15,3.61,3.61,3.61,3.61,0,0
2015-01-16,3.61,3.61,3.61,3.61,0,0
2015-01-19,3.76,3.76,3.76,3.76,0,0
2015-01-20,3.76,3.76,3.76,3.76,0,0
2015-01-21,3.76,3.76,3.76,3.76,0,0
2015-01-22,3.76,3.76,3.57,3.57,0,0
2015-01-23,3.57,3.57,3.57,3.57,0,0
2015-01-26,3.57,3.57,3.31,3.31,0,0
2015-01-28,3.49,3.49,3.49,3.49,0,0
2015-01-29,3.49,3.49,3.08,3.08,0,0
2015-01-30,2.78,2.78,2.71,2.71,0,0
2015-02-02,2.71,2.93,2.71,2.93,0,0
2015-02-03,3.01,3.01,3.01,3.01,0,0
2015-02-04,3.08,3.19,3.08,3.19,0,0
2015-02-05,2.86,3.42,2.82,3.31,0,0
2015-02-06,3.23,3.76,3.23,3.76,0,0
2015-02-09,3.76,3.76,3.76,3.76,0,0
2015-02-10,3.19,3.19,3.08,3.08,0,0
2015-02-11,3.19,3.19,3.19,3.19,0,0
2015-02-12,3.19,3.19,3.19,3.19,0,0
2015-02-13,3.19,3.72,3.19,3.72,0,0
2015-02-16,3.27,3.65,3.27,3.65,0,0
2015-02-17,3.72,3.72,3.72,3.72,0,0
2015-02-18,3.72,3.72,3.72,3.72,0,0
2015-02-20,3.72,3.72,3.72,3.72,0,0
2015-02-23,3.72,3.72,3.72,3.72,0,0
2015-02-24,3.57,3.57,3.57,3.57,0,0
2015-02-25,3.57,3.57,3.57,3.57,0,0
2015-02-26,3.53,3.53,3.38,3.38,0,0
2015-02-27,3.49,3.49,3.49,3.49,0,0
2015-03-02,3.49,3.49,3.23,3.31,0,0
2015-03-03,3.31,3.31,3.31,3.31,0,0
2015-03-04,3.31,3.31,3.31,3.31,0,0
2015-03-05,3.31,3.31,3.31,3.31,0,0
2015-03-06,3.31,3.31,3.31,3.31,0,0
2015-03-09,3.31,3.31,3.31,3.31,0,0
2015-03-10,3.31,3.31,3.31,3.31,0,0
2015-03-11,3.31,3.31,2.93,2.93,0,0
2015-03-12,2.93,2.93,2.93,2.93,0,0
2015-03-13,2.93,2.93,2.93,2.93,0,0
2015-03-16,2.93,2.93,2.93,2.93,0,0
2015-03-17,2.93,2.93,2.74,2.78,0,0
2015-03-18,2.74,2.74,2.74,2.74,0,0
2015-03-19,2.74,2.89,2.74,2.89,0,0
2015-03-20,2.82,2.82,2.71,2.71,0,0
2015-03-23,2.71,2.82,2.71,2.82,0,0
2015-03-24,2.71,2.71,2.71,2.71,0,0
2015-03-25,2.71,2.71,2.4,2.4,0,0
2015-03-26,2.4,2.63,2.4,2.63,0,0
2015-03-27,2.71,2.71,2.71,2.71,0,0
2015-03-30,2.71,2.71,2.71,2.71,0,0
2015-03-31,2.4,2.4,2.4,2.4,0,0
2015-04-01,2.4,2.82,2.25,2.82,0,0
2015-04-07,2.78,3.01,2.78,3.01,0,0
2015-04-08,3.53,3.53,3.01,3.01,0,0
2015-04-09,3.01,3.01,3.01,3.01,0,0
2015-04-10,2.82,2.82,2.82,2.82,0,0
2015-04-13,2.82,2.82,2.82,2.82,0,0
2015-04-14,2.82,2.82,2.63,2.63,0,0
2015-04-15,2.67,2.67,2.67,2.67,0,0
2015-04-20,2.52,2.52,2.44,2.44,0,0
2015-04-21,2.67,3.08,2.67,3.08,0,0
2015-04-24,2.93,2.93,2.82,2.82,0,0
2015-04-27,2.82,2.82,2.82,2.82,0,0
2015-04-28,2.82,2.82,2.56,2.67,0,0
2015-04-29,2.74,2.74,2.74,2.74,0,0
2015-04-30,2.74,2.74,2.74,2.74,0,0
2015-05-13,2.56,2.56,2.44,2.44,0,0
2015-05-15,2.44,2.93,2.44,2.93,0,0
2015-05-18,2.93,3.01,2.63,3.01,0,0
2015-05-19,3.01,3.01,3.01,3.01,0,0
2015-05-29,2.93,2.93,2.93,2.93,0,0
2015-06-01,2.93,2.93,2.67,2.67,0,0
2015-06-02,2.67,2.93,2.67,2.93,0,0
2015-06-03,2.93,2.93,2.93,2.93,0,0
2015-06-05,2.93,2.93,2.63,2.63,0,0
2015-06-22,2.74,2.74,2.74,2.74,0,0
2015-06-23,2.74,2.82,2.74,2.82,0,0
2015-06-24,2.82,3.01,2.82,3.01,0,0
2015-06-25,3.01,3.38,3.01,3.38,0,0
2015-06-26,3.38,3.38,3.38,3.38,0,0
2015-06-29,3.38,3.38,3.38,3.38,0,0
2015-06-30,3.38,3.38,3.38,3.38,0,0
2015-07-01,3.38,3.38,3.38,3.38,0,0
2015-07-02,3.38,3.38,3.38,3.38,0,0
2015-07-03,3.38,3.38,3.38,3.38,0,0
2015-07-06,3.38,3.38,3.38,3.38,0,0
2015-07-07,3.34,3.34,3.34,3.34,0,0
2015-07-08,3.34,3.34,3.34,3.34,0,0
2015-07-09,3.34,3.34,3.34,3.34,0,0
2015-07-10,3.34,3.34,3.34,3.34,0,0
2015-07-13,3.34,3.34,3.34,3.34,0,0
2015-07-14,3.34,3.34,3.34,3.34,0,0
2015-07-15,3.34,3.34,3.01,3.01,0,0
2015-08-04,2.86,2.86,2.82,2.82,0,0
2015-08-05,2.82,2.82,2.82,2.82,0,0
2015-08-06,2.82,2.82,2.82,2.82,0,0
2015-08-07,2.82,2.82,2.82,2.82,0,0
2015-08-10,2.82,2.82,2.82,2.82,0,0
2015-08-11,2.82,2.82,2.82,2.82,0,0
2015-08-12,2.82,2.82,2.82,2.82,0,0
2015-08-13,2.82,2.82,2.82,2.82,0,0
2015-08-14,2.82,2.82,2.25,2.25,0,0
2015-08-17,2.14,2.14,2.14,2.14,0,0
2015-08-18,2.25,2.25,2.25,2.25,0,0
2015-08-19,2.14,2.14,2.14,2.14,0,0
2015-08-20,2.14,2.14,1.88,1.88,0,0
2015-08-21,1.92,1.95,1.84,1.84,0,0
2015-08-24,1.84,1.84,1.69,1.69,0,0
2015-08-26,1.5,1.58,1.5,1.58,0,0
2015-08-27,1.58,1.77,1.58,1.77,0,0
2015-08-28,1.58,1.58,1.43,1.43,0,0
2015-08-31,1.43,1.43,1.43,1.43,0,0
2015-09-01,1.5,1.5,1.43,1.43,0,0
2015-09-02,1.5,1.5,1.43,1.43,0,0
2015-09-03,1.43,1.43,1.43,1.43,0,0
2015-09-04,1.43,1.69,1.43,1.69,0,0
2015-09-07,1.69,1.69,1.43,1.43,0,0
2015-09-08,1.58,1.62,1.28,1.43,0,0
2015-09-09,1.24,1.5,1.24,1.5,0,0
2015-09-10,1.5,1.8,1.5,1.8,0,0
2015-09-11,1.8,1.8,1.58,1.58,0,0
2015-09-14,1.73,1.73,1.73,1.73,0,0
2015-09-15,1.77,1.77,1.77,1.77,0,0
2015-09-16,1.77,1.77,1.77,1.77,0,0
2015-09-17,1.77,1.77,1.77,1.77,0,0
2015-09-18,1.77,1.77,1.77,1.77,0,0
2015-09-21,1.77,1.77,1.77,1.77,0,0
2015-09-22,1.77,1.77,1.77,1.77,0,0
2015-09-23,1.77,1.77,1.58,1.58,0,0
2015-09-24,1.58,1.58,1.43,1.43,0,0
2015-09-25,1.5,1.5,1.43,1.43,0,0
2015-09-28,1.43,1.69,1.43,1.69,0,0
2015-09-29,1.62,1.62,1.62,1.62,0,0
2015-09-30,1.62,1.62,1.62,1.62,0,0
2015-10-01,1.62,1.62,1.62,1.62,0,0
2015-10-02,1.62,1.62,1.62,1.62,0,0
2015-10-05,1.62,1.62,1.62,1.62,0,0
2015-10-06,1.62,1.62,1.62,1.62,0,0
2015-10-07,1.5,1.62,1.5,1.62,0,0
2015-10-08,1.62,1.62,1.62,1.62,0,0
2015-10-09,1.62,1.62,1.62,1.62,0,0
2015-10-12,1.62,1.62,1.62,1.62,0,0
2015-10-13,1.62,1.62,1.62,1.62,0,0
2015-10-14,1.62,1.62,1.62,1.62,0,0
2015-10-15,1.62,2.29,1.62,2.29,0,0
2015-10-16,2.25,2.71,1.99,2.56,0,0
2015-10-19,2.48,2.48,1.62,1.73,0,0
2015-10-20,2.07,2.07,1.69,1.84,0,0
2015-10-21,1.88,1.88,1.88,1.88,0,0
2015-10-22,1.88,2.03,1.88,2.03,0,0
2015-10-23,2.1,2.1,2.1,2.1,0,0
2015-10-26,1.92,1.92,1.8,1.88,0,0
2015-10-27,1.92,1.92,1.8,1.88,0,0
2015-10-28,1.88,1.88,1.77,1.77,0,0
2015-10-29,1.84,1.84,1.65,1.65,0,0
2015-10-30,1.77,1.84,1.77,1.84,0,0
2015-11-02,1.88,1.88,1.8,1.88,0,0
2015-11-03,1.88,1.88,1.69,1.88,0,0
2015-11-04,1.88,1.88,1.69,1.8,0,0
2015-11-05,1.84,1.84,1.84,1.84,0,0
2015-11-06,1.84,1.84,1.84,1.84,0,0
2015-11-09,1.69,1.69,1.65,1.65,0,0
2015-11-10,1.73,1.73,1.69,1.69,0,0
2015-11-12,1.88,1.88,1.69,1.69,0,0
2015-11-13,1.69,1.88,1.69,1.88,0,0
2015-11-16,1.88,1.88,1.62,1.62,0,0
2015-11-17,1.65,1.65,1.65,1.65,0,0
2015-11-18,1.73,1.73,1.54,1.54,0,0
2015-11-19,1.69,1.69,1.69,1.69,0,0
2015-11-20,1.69,1.69,1.69,1.69,0,0
2015-11-23,1.69,1.69,1.69,1.69,0,0
2015-11-24,1.65,1.65,1.43,1.43,0,0
2015-11-25,1.43,1.43,1.43,1.43,0,0
2015-11-26,1.69,1.69,1.69,1.69,0,0
2015-11-27,1.65,1.65,1.65,1.65,0,0
2015-11-30,1.5,1.62,1.5,1.62,0,0
2015-12-01,1.73,1.73,1.73,1.73,0,0
2015-12-02,1.73,1.73,1.73,1.73,0,0
2015-12-03,1.62,1.62,1.62,1.62,0,0
2015-12-04,1.62,1.62,1.62,1.62,0,0
2015-12-07,1.62,1.62,1.62,1.62,0,0
2015-12-08,1.62,1.73,1.54,1.73,0,0
2015-12-09,1.77,1.77,1.77,1.77,0,0
2015-12-10,1.77,1.77,1.77,1.77,0,0
2015-12-11,1.77,1.77,1.77,1.77,0,0
2015-12-14,1.77,1.77,1.77,1.77,0,0
2015-12-15,1.77,1.77,1.5,1.5,0,0
2015-12-17,1.73,1.73,1.73,1.73,0,0
2015-12-18,1.73,1.73,1.73,1.73,0,0
2015-12-21,1.73,1.73,1.47,1.73,0,0
2015-12-22,1.73,1.73,1.73,1.73,0,0
2015-12-23,1.69,1.69,1.69,1.69,0,0
2015-12-28,1.69,1.69,1.54,1.54,0,0
2015-12-29,1.65,1.65,1.62,1.62,0,0
2015-12-30,1.69,1.69,1.69,1.69,0,0
2016-01-04,1.54,1.54,1.54,1.54,0,0
2016-01-05,1.58,1.58,1.58,1.58,0,0
2016-01-07,1.58,1.58,1.58,1.58,0,0
2016-01-08,1.58,1.58,1.58,1.58,0,0
2016-01-11,1.58,1.58,1.58,1.58,0,0
2016-01-12,1.58,1.58,1.58,1.58,0,0
2016-01-13,1.58,1.58,1.58,1.58,0,0
2016-01-14,1.54,1.54,1.54,1.54,0,0
2016-01-15,1.62,1.62,1.62,1.62,0,0
2016-01-18,1.62,1.62,1.62,1.62,0,0
2016-01-19,1.62,1.62,1.62,1.62,0,0
2016-01-20,1.62,1.62,1.62,1.62,0,0
2016-01-21,1.54,1.54,1.54,1.54,0,0
2016-01-22,1.54,1.54,1.54,1.54,0,0
2016-01-25,1.54,1.54,1.54,1.54,0,0
2016-01-26,1.54,1.8,1.54,1.8,0,0
2016-01-27,1.8,2.03,1.8,2.03,0,0
2016-01-28,2.07,2.07,2.07,2.07,0,0
2016-01-29,2.07,2.07,2.07,2.07,0,0
2016-02-01,2.07,2.07,2.07,2.07,0,0
2016-02-02,2.07,2.07,2.07,2.07,0,0
2016-02-03,2.07,2.07,1.99,2.03,0,0
2016-02-04,2.07,2.07,2.07,2.07,0,0
2016-02-05,2.03,2.03,2.03,2.03,0,0
2016-02-08,2.07,2.07,2.07,2.07,0,0
2016-02-09,2.07,2.07,2.07,2.07,0,0
2016-02-10,2.07,2.07,2.07,2.07,0,0
2016-02-11,2.03,2.03,2.03,2.03,0,0
2016-02-15,1.65,1.65,1.43,1.62,0,0
2016-02-16,1.62,1.62,1.62,1.62,0,0
2016-02-17,1.24,1.24,1.24,1.24,0,0
2016-02-18,1.28,1.28,1.28,1.28,0,0
2016-02-19,1.28,1.43,1.28,1.43,0,0
2016-02-22,1.47,1.47,1.47,1.47,0,0
2016-02-23,1.47,1.47,1.47,1.47,0,0
2016-02-24,1.47,1.47,1.2,1.2,0,0
2016-02-25,1.2,1.2,1.2,1.2,0,0
2016-02-26,1.2,1.35,1.2,1.35,0,0
2016-02-29,1.39,1.39,1.39,1.39,0,0
2016-03-01,1.39,1.39,1.39,1.39,0,0
2016-03-02,1.39,1.47,1.39,1.47,0,0
2016-03-03,1.47,1.47,1.47,1.47,0,0
2016-03-04,1.47,1.5,1.47,1.5,0,0
2016-03-07,1.5,1.54,1.5,1.54,0,0
2016-03-08,1.54,1.58,1.54,1.58,0,0
2016-03-09,1.62,1.62,1.62,1.62,0,0
2016-03-10,1.62,1.62,1.62,1.62,0,0
2016-03-11,1.62,1.62,1.62,1.62,0,0
2016-03-14,1.62,1.62,1.62,1.62,0,0
2016-03-15,1.62,1.62,1.62,1.62,0,0
2016-03-16,1.65,1.65,1.65,1.65,0,0
2016-03-17,1.65,1.65,1.65,1.65,0,0
2016-03-18,1.65,1.65,1.65,1.65,0,0
2016-03-21,1.65,1.65,1.65,1.65,0,0
2016-03-22,1.65,1.65,1.65,1.65,0,0
2016-03-23,1.65,1.65,1.65,1.65,0,0
2016-03-24,1.65,1.65,1.65,1.65,0,0
2016-03-29,1.65,1.65,1.65,1.65,0,0
2016-03-30,1.65,1.65,1.65,1.65,0,0
2016-03-31,1.65,1.65,1.65,1.65,0,0
2016-04-01,1.65,1.65,1.65,1.65,0,0
2016-04-04,1.65,1.65,1.65,1.65,0,0
2016-04-05,1.65,1.65,1.65,1.65,0,0
2016-04-06,1.62,1.62,1.62,1.62,0,0
2016-04-07,1.58,1.58,1.58,1.58,0,0
2016-04-08,1.58,1.58,1.58,1.58,0,0
2016-04-11,1.58,1.58,1.58,1.58,0,0
2016-04-12,1.58,1.58,1.58,1.58,0,0
2016-04-13,1.28,1.47,1.28,1.47,0,0
2016-04-14,1.43,1.43,1.43,1.43,0,0
2016-04-15,1.43,1.43,1.43,1.43,0,0
2016-04-21,1.35,1.35,1.35,1.35,0,0
2016-04-25,1.47,1.47,1.47,1.47,0,0
2016-04-26,1.43,1.43,1.43,1.43,0,0
2016-04-27,1.43,1.43,1.43,1.43,0,0
2016-04-28,1.43,1.43,1.43,1.43,0,0
2016-04-29,1.43,1.43,1.43,1.43,0,0
2016-05-02,1.43,1.43,1.43,1.43,0,0
2016-05-05,1.39,1.39,1.39,1.39,0,0
2016-05-06,1.35,1.35,1.35,1.35,0,0
2016-05-09,1.32,1.58,1.32,1.5,0,0
2016-05-11,1.54,1.54,1.54,1.54,0,0
2016-05-13,1.54,1.54,1.54,1.54,0,0
2016-05-16,1.54,1.54,1.54,1.54,0,0
2016-05-17,1.54,1.54,1.54,1.54,0,0
2016-05-18,1.54,1.54,1.54,1.54,0,0
2016-05-19,1.54,1.54,1.54,1.54,0,0
2016-05-20,1.54,1.54,1.54,1.54,0,0
2016-05-24,1.54,1.54,1.54,1.54,0,0
2016-05-25,1.54,1.54,1.54,1.54,0,0
2016-05-27,1.54,1.54,1.54,1.54,0,0
2016-05-30,1.13,1.5,1.13,1.5,0,0
2016-05-31,1.5,1.5,1.5,1.5,0,0
2016-06-01,1.5,1.5,1.5,1.5,0,0
2016-06-02,1.5,1.5,1.5,1.5,0,0
2016-06-03,1.5,1.5,1.5,1.5,0,0
2016-06-06,1.5,1.5,1.5,1.5,0,0
2016-06-07,1.47,1.47,1.43,1.43,0,0
2016-06-08,1.5,1.5,1.5,1.5,0,0
2016-06-09,1.5,1.5,1.5,1.5,0,0
2016-06-10,1.47,1.5,1.47,1.5,0,0
2016-06-13,1.5,1.5,1.5,1.5,0,0
2016-06-14,1.5,1.62,1.47,1.62,0,0
2016-06-15,1.32,1.58,1.32,1.58,0,0
2016-06-16,1.62,1.62,1.32,1.43,0,0
2016-06-17,1.43,1.43,1.43,1.43,0,0
2016-06-20,1.43,1.43,1.43,1.43,0,0
2016-06-21,1.43,1.43,1.43,1.43,0,0
2016-06-22,1.43,1.43,1.43,1.43,0,0
2016-06-23,1.43,1.43,1.43,1.43,0,0
2016-06-24,1.43,1.43,1.43,1.43,0,0
2016-06-27,1.43,1.43,1.43,1.43,0,0
2016-06-28,1.43,1.43,1.43,1.43,0,0
2016-06-29,1.43,1.43,1.43,1.43,0,0
2016-06-30,1.43,1.43,1.43,1.43,0,0
2016-07-01,1.43,1.43,1.43,1.43,0,0
2016-07-04,1.43,1.43,1.43,1.43,0,0
2016-07-05,1.43,1.43,1.43,1.43,0,0
2016-07-06,1.43,1.43,1.43,1.43,0,0
2016-07-07,1.43,1.43,1.43,1.43,0,0
2016-07-08,1.43,1.43,1.43,1.43,0,0
2016-07-11,1.43,1.43,1.43,1.43,0,0
2016-07-12,1.43,1.43,1.43,1.43,0,0
2016-07-13,1.43,1.43,1.43,1.43,0,0
2016-07-14,1.43,1.43,1.43,1.43,0,0
2016-07-15,1.43,1.43,1.43,1.43,0,0
2016-07-18,1.43,1.43,1.43,1.43,0,0
2016-07-19,1.43,1.43,1.43,1.43,0,0
2016-07-20,1.43,1.43,1.24,1.35,0,0
2016-07-21,1.35,1.35,1.35,1.35,0,0
2016-07-22,1.35,1.35,1.35,1.35,0,0
2016-07-25,1.35,1.35,1.35,1.35,0,0
2016-07-26,1.35,1.35,1.35,1.35,0,0
2016-07-27,1.35,1.35,1.35,1.35,0,0
2016-07-28,1.43,1.43,1.43,1.43,0,0
2016-07-29,1.43,1.43,1.43,1.43,0,0
2016-08-01,1.43,1.43,1.43,1.43,0,0
2016-08-02,1.43,1.43,1.43,1.43,0,0
2016-08-03,1.43,1.43,1.32,1.43,0,0
2016-08-04,1.43,1.43,1.43,1.43,0,0
2016-08-05,1.43,1.43,1.43,1.43,0,0
2016-08-08,1.43,1.43,1.43,1.43,0,0
2016-08-09,1.39,1.39,1.39,1.39,0,0
2016-08-10,1.39,1.5,1.28,1.5,0,0
2016-08-11,1.62,1.62,1.62,1.62,0,0
2016-08-12,1.62,1.62,1.62,1.62,0,0
2016-08-16,1.62,1.62,1.5,1.5,0,0
2016-08-17,1.47,1.47,1.47,1.47,0,0
2016-08-18,1.47,1.58,1.43,1.58,0,0
2016-08-22,1.58,1.62,1.58,1.62,0,0
2016-08-23,1.62,1.62,1.62,1.62,0,0
2016-08-24,1.62,1.62,1.62,1.62,0,0
2016-08-25,1.62,1.62,1.62,1.62,0,0
2016-08-26,1.62,1.62,1.62,1.62,0,0
2016-08-29,1.62,1.62,1.62,1.62,0,0
2016-08-30,1.62,1.62,1.62,1.62,0,0
2016-08-31,1.62,1.77,1.62,1.65,0,0
2016-09-01,1.54,1.54,1.54,1.54,0,0
2016-09-02,1.54,1.54,1.54,1.54,0,0
2016-09-05,1.54,1.54,1.54,1.54,0,0
2016-09-06,1.54,1.54,1.43,1.43,0,0
2016-09-07,1.43,1.43,1.43,1.43,0,0
2016-09-08,1.43,1.43,1.43,1.43,0,0
2016-09-09,1.43,1.43,1.43,1.43,0,0
2016-09-12,1.43,1.43,1.43,1.43,0,0
2016-09-13,1.43,1.43,1.43,1.43,0,0
2016-09-14,1.43,1.43,1.43,1.43,0,0
2016-09-15,1.43,1.43,1.43,1.43,0,0
2016-09-21,1.54,1.54,1.54,1.54,0,0
2016-09-22,1.54,1.54,1.54,1.54,0,0
2016-09-23,1.54,1.54,1.54,1.54,0,0
2016-09-26,1.54,1.54,1.54,1.54,0,0
2016-09-27,1.54,1.54,1.54,1.54,0,0
2016-09-28,1.5,1.5,1.5,1.5,0,0
2016-09-29,1.5,1.5,1.5,1.5,0,0
2016-09-30,1.5,1.5,1.5,1.5,0,0
2016-10-03,1.5,1.5,1.5,1.5,0,0
2016-10-04,1.5,1.5,1.5,1.5,0,0
2016-10-05,1.5,1.5,1.5,1.5,0,0
2016-10-06,1.5,1.5,1.43,1.43,0,0
2016-10-07,1.43,1.43,1.43,1.43,0,0
2016-10-10,1.43,1.43,1.43,1.43,0,0
2016-10-11,1.43,1.43,1.43,1.43,0,0
2016-10-12,1.43,1.43,1.43,1.43,0,0
2016-10-13,1.43,1.43,1.43,1.43,0,0
2016-10-14,1.43,1.43,1.43,1.43,0,0
2016-10-17,1.43,1.43,1.43,1.43,0,0
2016-10-18,1.43,1.69,1.39,1.69,0,0
2016-10-19,1.69,1.69,1.65,1.69,0,0
2016-10-20,1.65,1.65,1.65,1.65,0,0
2016-10-21,1.65,1.65,1.65,1.65,0,0
2016-10-24,1.65,1.65,1.65,1.65,0,0
2016-10-25,1.65,1.65,1.65,1.65,0,0
2016-10-26,1.65,1.65,1.65,1.65,0,0
2016-10-27,1.65,1.65,1.65,1.65,0,0
2016-10-28,1.65,1.65,1.65,1.65,0,0
2016-10-31,1.65,1.65,1.65,1.65,0,0
2016-11-04,1.69,1.69,1.69,1.69,0,0
2016-11-07,1.65,1.65,1.65,1.65,0,0
2016-11-08,1.65,1.65,1.65,1.65,0,0
2016-11-09,1.65,1.65,1.65,1.65,0,0
2016-11-10,1.69,1.69,1.69,1.69,0,0
2016-11-14,1.69,1.69,1.69,1.69,0,0
2016-11-15,1.69,1.69,1.69,1.69,0,0
2016-11-16,1.69,1.69,1.54,1.54,0,0
2016-11-18,1.58,1.58,1.58,1.58,0,0
2016-11-21,1.58,1.58,1.58,1.58,0,0
2016-11-23,1.62,1.62,1.62,1.62,0,0
2016-11-24,1.62,1.62,1.62,1.62,0,0
2016-11-25,1.62,1.62,1.62,1.62,0,0
2016-11-28,1.62,1.62,1.62,1.62,0,0
2016-11-29,1.62,1.62,1.35,1.39,0,0
2016-11-30,1.39,1.39,1.24,1.24,0,0
2016-12-01,1.16,1.16,1.16,1.16,0,0
2016-12-02,1.16,1.16,1.01,1.01,0,0
2016-12-05,1.05,1.05,0.98,0.98,0,0
2016-12-06,0.98,1.01,0.98,0.98,0,0
2016-12-07,0.98,1.01,0.98,0.98,0,0
2016-12-08,0.98,0.98,0.98,0.98,0,0
2016-12-09,0.98,0.98,0.98,0.98,0,0
2016-12-12,0.98,0.98,0.98,0.98,0,0
2016-12-13,0.98,1.05,0.98,1.05,0,0
2016-12-14,1.05,1.05,1.05,1.05,0,0
2016-12-16,1.01,1.01,1.01,1.01,0,0
2016-12-20,0.98,0.98,0.98,0.98,0,0
2016-12-21,0.98,0.98,0.98,0.98,0,0
2016-12-22,0.98,0.98,0.98,0.98,0,0
2016-12-23,0.98,1.05,0.98,1.05,0,0
2016-12-27,1.05,1.05,1.05,1.05,0,0
2016-12-28,1.05,1.28,1.05,1.28,0,0
2016-12-29,1.28,1.28,1.16,1.16,0,0
2017-01-10,1.18,1.18,1.18,1.18,0,0
2017-01-12,1.18,1.24,1.18,1.24,0,0
2017-01-13,1.24,1.31,1.24,1.31,0,0
2017-01-16,1.44,1.44,1.44,1.44,0,0
2017-01-17,1.44,1.44,1.44,1.44,0,0
2017-01-18,1.44,1.44,1.44,1.44,0,0
2017-01-19,1.44,1.44,1.44,1.44,0,0
2017-01-20,1.44,1.44,1.44,1.44,0,0
2017-01-23,1.44,1.44,1.44,1.44,0,0
2017-01-24,1.44,1.44,1.44,1.44,0,0
2017-01-25,1.44,1.44,1.44,1.44,0,0
2017-01-26,1.44,1.44,1.44,1.44,0,0
2017-01-27,1.44,1.44,1.44,1.44,0,0
2017-01-30,1.44,1.44,1.44,1.44,0,0
2017-01-31,1.44,1.44,1.44,1.44,0,0
2017-02-01,1.44,1.44,1.44,1.44,0,0
2017-02-02,1.44,1.44,1.44,1.44,0,0
2017-02-03,1.44,1.44,1.44,1.44,0,0
2017-02-06,1.44,1.44,1.44,1.44,0,0
2017-02-07,1.44,1.44,1.44,1.44,0,0
2017-02-08,1.48,1.48,1.48,1.48,0,0
2017-02-09,1.48,1.48,1.48,1.48,0,0
2017-02-10,1.48,1.48,1.48,1.48,0,0
2017-02-13,1.48,1.48,1.48,1.48,0,0
2017-02-14,1.48,1.48,1.24,1.24,0,0
2017-02-15,1.44,1.71,1.44,1.71,0,0
2017-02-16,1.68,1.68,1.68,1.68,0,0
2017-02-17,1.68,1.68,1.68,1.68,0,0
2017-02-20,1.68,1.68,1.68,1.68,0,0
2017-02-21,1.68,1.68,1.68,1.68,0,0
2017-02-22,1.41,1.58,1.34,1.34,0,0
2017-02-23,1.34,1.34,1.34,1.34,0,0
2017-02-24,1.34,1.44,1.28,1.28,0,0
2017-02-27,1.31,1.54,1.31,1.54,0,0
2017-02-28,1.54,1.65,1.54,1.65,0,0
2017-03-01,1.61,1.61,1.61,1.61,0,0
2017-03-02,1.61,1.61,1.44,1.44,0,0
2017-03-07,1.44,1.68,1.44,1.68,0,0
2017-03-08,1.68,1.78,1.65,1.78,0,0
2017-03-10,1.58,1.58,1.44,1.44,0,0
2017-03-13,1.44,1.58,1.44,1.58,0,0
2017-03-14,1.48,1.48,1.38,1.38,0,0
2017-03-15,1.38,1.38,1.38,1.38,0,0
2017-03-16,1.38,1.38,1.38,1.38,0,0
2017-03-21,1.44,1.61,1.44,1.61,0,0
2017-03-23,1.58,1.58,1.58,1.58,0,0
2017-03-24,1.58,1.58,1.58,1.58,0,0
2017-03-27,1.58,1.58,1.58,1.58,0,0
2017-03-28,1.58,1.58,1.58,1.58,0,0
2017-03-29,1.58,1.58,1.58,1.58,0,0
2017-03-30,1.58,1.58,1.58,1.58,0,0
2017-03-31,1.51,1.51,1.51,1.51,0,0
2017-04-03,1.51,1.51,1.51,1.51,0,0
2017-04-04,1.51,1.51,1.51,1.51,0,0
2017-04-05,1.51,1.51,1.51,1.51,0,0
2017-04-06,1.51,1.51,1.51,1.51,0,0
2017-04-07,1.51,1.51,1.51,1.51,0,0
2017-04-10,1.51,1.51,1.34,1.34,0,0
2017-04-11,1.34,1.34,1.24,1.24,0,0
2017-04-12,1.24,1.24,1.24,1.24,0,0
2017-04-13,1.24,1.24,1.24,1.24,0,0
2017-04-18,1.24,1.24,1.24,1.24,0,0
2017-04-19,1.24,1.24,1.21,1.21,0,0
2017-04-20,1.21,1.21,1.21,1.21,0,0
2017-04-21,1.21,1.21,1.21,1.21,0,0
2017-04-24,1.21,1.21,1.21,1.21,0,0
2017-04-25,1.21,1.21,1.21,1.21,0,0
2017-04-26,1.21,1.21,1.21,1.21,0,0
2017-04-27,1.21,1.21,1.21,1.21,0,0
2017-04-28,1.21,1.21,1.21,1.21,0,0
2017-05-02,1.21,1.21,1.21,1.21,0,0
2017-05-04,1.21,1.21,1.21,1.21,0,0
2017-05-05,1.21,1.21,1.21,1.21,0,0
2017-05-08,1.21,1.21,1.21,1.21,0,0
2017-05-09,1.21,1.34,1.21,1.34,0,0
2017-05-10,1.31,1.31,1.31,1.31,0,0
2017-05-11,1.34,1.34,1.16,1.16,0,0
2017-05-12,1.13,1.13,1.13,1.13,0,0
2017-05-15,1.13,1.25,1.08,1.08,0,0
2017-05-16,1.1,1.1,1.1,1.1,0,0
2017-05-17,1.1,1.1,1.1,1.1,0,0
2017-05-18,1.1,1.1,1.1,1.1,0,0
2017-05-19,1.1,1.1,1.1,1.1,0,0
2017-05-22,1.1,1.1,1.1,1.1,0,0
2017-05-23,1.1,1.1,1.1,1.1,0,0
2017-05-24,1.1,1.1,1.1,1.1,0,0
2017-05-25,1.1,1.1,1.1,1.1,0,0
2017-05-26,1.1,1.1,1.1,1.1,0,0
2017-05-29,1.1,1.1,1.1,1.1,0,0
2017-05-30,1.1,1.1,1.1,1.1,0,0
2017-05-31,1.1,1.1,1.1,1.1,0,0
2017-06-01,1.1,1.1,1.1,1.1,0,0
2017-06-02,1.1,1.1,1.1,1.1,0,0
2017-06-05,1.1,1.1,1.1,1.1,0,0
2017-06-06,1.1,1.1,1.1,1.1,0,0
2017-06-07,1.1,1.1,1.1,1.1,0,0
2017-06-08,1.1,1.19,1.1,1.16,0,0
2017-06-09,1.16,1.16,1.1,1.1,0,0
2017-06-12,1.1,1.1,1.1,1.1,0,0
2017-06-13,1.1,1.1,1.05,1.05,0,0
2017-06-14,1.05,1.05,1.05,1.05,0,0
2017-06-16,1.05,1.16,1.05,1.16,0,0
2017-06-19,1.16,1.16,1.16,1.16,0,0
2017-06-20,1.16,1.16,1.16,1.16,0,0
2017-06-21,1.16,1.16,1.16,1.16,0,0
2017-06-22,1.16,1.16,1.16,1.16,0,0
2017-06-23,1.16,1.16,1.16,1.16,0,0
2017-06-26,1.16,1.16,1.16,1.16,0,0
2017-06-27,1.16,1.16,1.16,1.16,0,0
2017-06-29,1.16,1.16,1.16,1.16,0,0
2017-06-30,1.16,1.16,1.16,1.16,0,0
2017-07-03,1.13,1.13,1.13,1.13,0,0
2017-07-04,1.1,1.1,1.1,1.1,0,0
2017-07-05,1.16,1.16,1.16,1.16,0,0
2017-07-06,1.16,1.16,1.16,1.16,0,0
2017-07-07,1.16,1.16,1.16,1.16,0,0
2017-07-10,1.16,1.16,1.16,1.16,0,0
2017-07-11,1.13,1.13,1.05,1.05,0,0
2017-07-12,1.05,1.05,1.05,1.05,0,0
2017-07-13,1.05,1.05,1.05,1.05,0,0
2017-07-14,1.05,1.05,1.05,1.05,0,0
2017-07-17,1.05,1.05,1.05,1.05,0,0
2017-07-18,1.1,1.1,1.1,1.1,0,0
2017-07-19,1.1,1.1,1.1,1.1,0,0
2017-07-20,1.1,1.1,0.96,0.96,0,0
2017-07-21,0.99,0.99,0.99,0.99,0,0
2017-07-24,0.99,0.99,0.99,0.99,0,0
2017-07-25,0.99,0.99,0.99,0.99,0,0
2017-07-26,0.99,0.99,0.99,0.99,0,0
2017-07-27,0.99,1.05,0.99,1.05,0,0
2017-07-28,1.05,1.08,1.05,1.08,0,0
2017-07-31,1.08,1.08,1.08,1.08,0,0
2017-08-01,1.08,1.08,1.08,1.08,0,0
2017-08-03,1.1,1.1,1.1,1.1,0,0
2017-08-04,1.1,1.13,1.1,1.13,0,0
2017-08-07,1.1,1.1,1.1,1.1,0,0
2017-08-08,1.1,1.1,1.1,1.1,0,0
2017-08-09,1.1,1.1,1.1,1.1,0,0
2017-08-10,1.1,1.1,1.1,1.1,0,0
2017-08-11,1.1,1.1,1.1,1.1,0,0
2017-08-14,1.1,1.1,1.1,1.1,0,0
2017-08-16,1.1,1.1,1.1,1.1,0,0
2017-08-17,1.1,1.1,1.1,1.1,0,0
2017-08-18,1.1,1.1,1.1,1.1,0,0
2017-08-21,1.1,1.1,1.1,1.1,0,0
2017-08-22,1.1,1.1,1.1,1.1,0,0
2017-08-23,1.1,1.1,1.1,1.1,0,0
2017-08-24,1.1,1.1,1.1,1.1,0,0
2017-08-25,1.1,1.1,1.1,1.1,0,0
2017-08-28,1.1,1.1,1.1,1.1,0,0
2017-08-30,1.13,1.13,1.13,1.13,0,0
2017-09-04,1.13,1.13,1.13,1.13,0,0
2017-09-05,1.13,1.13,1.13,1.13,0,0
2017-09-06,1.13,1.13,1.13,1.13,0,0
2017-09-07,1.13,1.13,1.13,1.13,0,0
2017-09-08,1.13,1.13,1.13,1.13,0,0
2017-09-11,1.13,1.13,1.1,1.1,0,0
2017-09-12,1.1,1.1,1.1,1.1,0,0
2017-09-13,1.1,1.1,1.05,1.05,0,0
2017-09-14,1.1,1.1,1.1,1.1,0,0
2017-09-15,1.1,1.13,1.1,1.13,0,0
2017-09-18,1.16,1.16,1.13,1.13,0,0
2017-09-19,1.16,1.16,1.16,1.16,0,0
2017-09-20,1.16,1.16,1.16,1.16,0,0
2017-09-21,1.13,1.13,1.13,1.13,0,0
2017-09-22,1.16,1.16,1.16,1.16,0,0
2017-09-25,1.16,1.16,1.16,1.16,0,0
2017-09-26,1.16,1.16,1.16,1.16,0,0
2017-09-27,1.16,1.16,1.16,1.16,0,0
2017-09-28,1.16,1.16,1.16,1.16,0,0
2017-09-29,1.16,1.16,1.16,1.16,0,0
2017-10-02,1.16,1.16,1.16,1.16,0,0
2017-10-03,1.16,1.16,1.16,1.16,0,0
2017-10-04,1.16,1.16,1.16,1.16,0,0
2017-10-05,1.16,1.16,1.13,1.13,0,0
2017-10-06,1.16,1.16,1.16,1.16,0,0
2017-10-09,1.16,1.16,1.16,1.16,0,0
2017-10-10,1.13,1.13,1.13,1.13,0,0
2017-10-11,1.16,1.16,1.16,1.16,0,0
2017-10-12,1.16,1.16,1.16,1.16,0,0
2017-10-13,1.16,1.16,1.16,1.16,0,0
2017-10-16,1.16,1.16,1.16,1.16,0,0
2017-10-17,1.16,1.16,1.16,1.16,0,0
2017-10-18,1.16,1.16,1.16,1.16,0,0
2017-10-19,1.16,1.16,1.16,1.16,0,0
2017-10-20,1.16,1.16,1.16,1.16,0,0
2017-10-23,1.16,1.28,1.16,1.28,0,0
2017-10-25,1.16,1.16,1.16,1.16,0,0
2017-10-26,1.22,1.22,1.22,1.22,0,0
2017-10-27,1.16,1.16,1.16,1.16,0,0
2017-10-30,1.1,1.1,1.1,1.1,0,0
2017-11-02,1.16,1.16,1.16,1.16,0,0
2017-11-03,1.16,1.16,1.16,1.16,0,0
2017-11-06,1.16,1.16,1.16,1.16,0,0
2017-11-08,1.16,1.16,1.08,1.08,0,0
2017-11-09,1.08,1.08,1.08,1.08,0,0
2017-11-13,1.08,1.08,1.08,1.08,0,0
2017-11-23,1.08,1.08,1.08,1.08,0,0
2017-11-24,1.08,1.08,0.96,0.96,0,0
2017-11-27,0.96,1.08,0.96,1.08,0,0
2017-11-28,1.08,1.08,1.08,1.08,0,0
2017-11-29,1.08,1.08,1.08,1.08,0,0
2017-11-30,1.08,1.08,1.08,1.08,0,0
2017-12-01,1.08,1.08,0.9,0.99,0,0
2017-12-04,0.84,0.84,0.84,0.84,0,0
2017-12-05,0.84,0.84,0.84,0.84,0,0
2017-12-06,0.81,0.81,0.81,0.81,0,0
2017-12-07,0.73,0.81,0.73,0.81,0,0
2017-12-08,0.81,0.81,0.67,0.67,0,0
2017-12-11,0.7,0.7,0.7,0.7,0,0
2017-12-12,0.7,0.7,0.7,0.7,0,0
2017-12-13,0.7,0.7,0.7,0.7,0,0
2017-12-14,0.7,0.7,0.7,0.7,0,0
2017-12-15,0.7,0.7,0.7,0.7,0,0
2017-12-18,0.64,0.64,0.64,0.64,0,0
2017-12-19,0.7,0.7,0.7,0.7,0,0
2017-12-20,0.7,0.7,0.7,0.7,0,0
2017-12-21,0.7,0.7,0.7,0.7,0,0
2017-12-22,0.67,0.67,0.67,0.67,0,0
2017-12-27,0.7,0.7,0.7,0.7,0,0
2017-12-28,0.7,0.7,0.7,0.7,0,0
2017-12-29,0.7,0.73,0.7,0.73,0,0
2018-01-03,0.79,0.79,0.79,0.79,0,0
2018-01-04,0.76,0.76,0.76,0.76,0,0
2018-01-08,0.79,0.79,0.79,0.79,0,0
2018-01-12,0.73,0.73,0.7,0.7,0,0
2018-01-15,0.73,0.84,0.73,0.84,0,0
2018-01-18,0.79,0.79,0.7,0.7,0,0
2018-01-19,0.7,0.79,0.7,0.79,0,0
2018-01-26,0.81,0.81,0.81,0.81,0,0
2018-01-30,1.02,1.16,1.02,1.08,0,0
2018-01-31,1.1,1.1,1.1,1.1,0,0
2018-02-05,1.16,1.16,1.16,1.16,0,0
2018-02-06,0.99,1.1,0.99,1.1,0,0
2018-02-07,1.08,1.08,1.08,1.08,0,0
2018-02-08,1.08,1.08,1.08,1.08,0,0
2018-02-09,1.08,1.16,1.08,1.16,0,0
2018-02-12,1.13,1.13,1.13,1.13,0,0
2018-02-13,1.05,1.08,0.93,1.08,0,0
2018-02-15,1.05,1.05,0.93,0.93,0,0
2018-02-16,0.93,1.02,0.93,0.96,0,0
2018-02-20,1.02,1.08,1.02,1.08,0,0
2018-02-21,1.08,1.08,1.02,1.02,0,0
2018-02-22,1.02,1.02,1.02,1.02,0,0
2018-02-23,1.02,1.02,1.02,1.02,0,0
2018-02-26,1.02,1.02,1.02,1.02,0,0
2018-02-27,1.02,1.02,1.02,1.02,0,0
2018-02-28,1.02,1.02,1.02,1.02,0,0
2018-03-01,1.02,1.02,1.02,1.02,0,0
2018-03-02,1.02,1.22,0.96,0.96,0,0
2018-03-06,1.08,1.19,1.08,1.19,0,0
2018-03-07,1.19,1.19,1.1,1.1,0,0
2018-03-08,1.16,1.16,1.05,1.05,0,0
2018-03-09,1.16,1.16,1.16,1.16,0,0
2018-03-12,1.16,1.16,1.16,1.16,0,0
2018-03-13,1.16,1.16,1.16,1.16,0,0
2018-03-15,1.13,1.13,1.13,1.13,0,0
2018-03-16,1.13,1.13,0.93,0.93,0,0
2018-03-19,0.93,0.93,0.93,0.93,0,0
2018-03-20,0.93,0.93,0.93,0.93,0,0
2018-03-21,0.93,0.93,0.93,0.93,0,0
2018-03-22,0.93,0.93,0.93,0.93,0,0
2018-03-23,0.93,0.93,0.93,0.93,0,0
2018-03-26,0.93,0.93,0.93,0.93,0,0
2018-03-27,0.96,0.96,0.96,0.96,0,0
