Date,Open,High,Low,Close,Volume,OpenInt
2018-01-24,0.81,1.29,0.74,1.29,632000,0
2018-01-25,1.12,1.12,1.12,1.12,0,0
2018-01-26,1.15,1.15,1.15,1.15,0,0
2018-01-29,1.08,1.08,1.08,1.08,0,0
2018-01-30,0.98,0.98,0.98,0.98,0,0
2018-01-31,1.05,1.05,1.05,1.05,0,0
2018-02-01,0.91,0.91,0.91,0.91,0,0
2018-02-02,0.87,0.87,0.87,0.87,0,0
2018-02-05,0.81,0.81,0.81,0.81,0,0
2018-02-06,0.53,0.53,0.53,0.53,0,0
2018-02-07,0.53,0.53,0.53,0.53,0,0
2018-02-08,0.53,0.53,0.53,0.53,0,0
2018-02-09,0.43,0.43,0.43,0.43,0,0
2018-02-12,0.355,0.355,0.355,0.355,0,0
2018-02-13,0.375,0.375,0.375,0.375,0,0
2018-02-14,0.45,0.45,0.45,0.45,0,0
2018-02-15,0.53,0.53,0.53,0.53,0,0
2018-02-20,0.495,0.495,0.495,0.495,0,0
2018-02-21,0.52,0.52,0.52,0.52,0,0
2018-02-22,0.52,0.52,0.52,0.52,0,0
2018-02-23,0.53,0.53,0.53,0.53,0,0
2018-02-26,0.66,0.66,0.66,0.66,0,0
2018-02-27,0.65,0.65,0.65,0.65,0,0
2018-02-28,0.62,0.62,0.56,0.56,33000,0
2018-03-01,0.52,0.61,0.52,0.61,133000,0
2018-03-02,0.56,0.56,0.56,0.56,0,0
2018-03-05,0.455,0.455,0.455,0.455,0,0
2018-03-06,0.475,0.475,0.475,0.475,0,0
2018-03-07,0.44,0.44,0.44,0.44,0,0
2018-03-08,0.455,0.455,0.455,0.455,0,0
2018-03-09,0.455,0.455,0.455,0.455,0,0
2018-03-12,0.54,0.54,0.54,0.54,0,0
2018-03-13,0.54,0.54,0.54,0.54,0,0
2018-03-14,0.52,0.52,0.52,0.52,0,0
2018-03-15,0.52,0.52,0.52,0.52,0,0
2018-03-16,0.42,0.42,0.42,0.42,0,0
2018-03-19,0.365,0.365,0.365,0.365,0,0
2018-03-20,0.32,0.32,0.32,0.32,0,0
2018-03-21,0.26,0.26,0.26,0.26,0,0
2018-03-22,0.198,0.198,0.198,0.198,0,0
2018-03-23,0.171,0.171,0.171,0.171,0,0
2018-03-26,0.171,0.171,0.171,0.171,0,0
2018-03-27,0.171,0.171,0.171,0.171,0,0
2018-03-28,0.137,0.137,0.137,0.137,0,0
2018-03-29,0.128,0.128,0.128,0.128,0,0
