Date,Open,High,Low,Close,Volume,OpenInt
2018-02-02,0.137,0.137,0.134,0.134,1040000,0
2018-02-05,0.125,0.125,0.121,0.121,3680000,0
2018-02-06,0.113,0.113,0.102,0.102,5780000,0
2018-02-07,0.106,0.107,0.093,0.093,8000000,0
2018-02-08,0.098,0.106,0.098,0.101,1640000,0
2018-02-09,0.096,0.097,0.093,0.094,3320000,0
2018-02-12,0.093,0.095,0.092,0.092,3360000,0
2018-02-13,0.092,0.099,0.091,0.096,126300000,0
2018-02-14,0.12,0.157,0.12,0.157,93340000,0
2018-02-15,0.157,0.157,0.14,0.155,84120000,0
2018-02-20,0.15,0.165,0.138,0.139,71500000,0
2018-02-21,0.148,0.152,0.138,0.145,11400000,0
2018-02-22,0.144,0.164,0.142,0.156,12610000,0
2018-02-23,0.164,0.175,0.164,0.17,730000,0
2018-02-26,0.165,0.167,0.165,0.165,470000,0
2018-02-27,0.162,0.162,0.162,0.162,300000,0
2018-02-28,0.165,0.165,0.16,0.16,400000,0
2018-03-01,0.163,0.163,0.16,0.163,200000,0
2018-03-02,0.16,0.16,0.155,0.155,210000,0
2018-03-05,0.125,0.125,0.125,0.125,0,0
2018-03-06,0.119,0.122,0.119,0.119,100000,0
2018-03-07,0.109,0.11,0.109,0.109,110000,0
2018-03-08,0.12,0.12,0.12,0.12,10000,0
2018-03-09,0.12,0.12,0.12,0.12,0,0
2018-03-12,0.137,0.139,0.137,0.137,20000,0
2018-03-13,0.156,0.156,0.146,0.146,30000,0
2018-03-14,0.14,0.14,0.137,0.137,50000,0
2018-03-15,0.135,0.135,0.135,0.135,0,0
2018-03-16,0.127,0.127,0.127,0.127,0,0
2018-03-19,0.125,0.125,0.125,0.125,0,0
2018-03-20,0.122,0.122,0.122,0.122,0,0
2018-03-21,0.122,0.122,0.122,0.122,0,0
2018-03-22,0.121,0.121,0.121,0.121,0,0
2018-03-23,0.11,0.11,0.11,0.11,0,0
2018-03-26,0.104,0.104,0.104,0.104,0,0
2018-03-27,0.106,0.106,0.106,0.106,0,0
2018-03-28,0.101,0.101,0.101,0.101,530000,0
2018-03-29,0.09,0.09,0.09,0.09,70000,0
