Date,Open,High,Low,Close,Volume,OpenInt
2018-02-22,0.41,0.415,0.41,0.41,204000,0
2018-02-23,0.43,0.45,0.425,0.45,1308000,0
2018-02-26,0.445,0.455,0.44,0.44,856000,0
2018-02-27,0.45,0.45,0.435,0.435,240000,0
2018-02-28,0.43,0.43,0.39,0.41,2634000,0
2018-03-01,0.39,0.435,0.385,0.435,74000,0
2018-03-02,0.415,0.43,0.39,0.425,3720000,0
2018-03-05,0.36,0.38,0.36,0.36,2296000,0
2018-03-06,0.41,0.41,0.41,0.41,0,0
2018-03-07,0.425,0.43,0.415,0.42,112000,0
2018-03-08,0.43,0.43,0.43,0.43,0,0
2018-03-09,0.44,0.44,0.405,0.43,2058000,0
2018-03-12,0.45,0.465,0.445,0.465,846000,0
2018-03-13,0.47,0.53,0.47,0.485,1304000,0
2018-03-14,0.43,0.43,0.405,0.43,26000,0
2018-03-15,0.43,0.48,0.42,0.475,322000,0
2018-03-16,0.455,0.465,0.455,0.465,118000,0
2018-03-19,0.44,0.54,0.435,0.5,12155000,0
2018-03-20,0.49,0.53,0.49,0.5,5010000,0
2018-03-21,0.445,0.49,0.445,0.445,1142000,0
2018-03-22,0.485,0.5,0.46,0.465,1724000,0
2018-03-23,0.385,0.405,0.345,0.395,14116000,0
2018-03-26,0.395,0.475,0.39,0.475,1820000,0
2018-03-27,0.47,0.52,0.465,0.5,1667000,0
2018-03-28,0.49,0.51,0.47,0.495,3458000,0
2018-03-29,0.42,0.42,0.39,0.4,1800000,0
