Date,Open,High,Low,Close,Volume,OpenInt
2018-02-27,0.234,0.234,0.193,0.196,9170000,0
2018-02-28,0.18,0.189,0.18,0.185,3360000,0
2018-03-01,0.182,0.203,0.182,0.202,6980000,0
2018-03-02,0.185,0.189,0.18,0.181,4320000,0
2018-03-05,0.195,0.201,0.173,0.175,10600000,0
2018-03-06,0.179,0.198,0.173,0.198,2080000,0
2018-03-07,0.192,0.198,0.181,0.186,3120000,0
2018-03-08,0.19,0.21,0.19,0.208,1040000,0
2018-03-09,0.229,0.232,0.221,0.222,6390000,0
2018-03-12,0.232,0.241,0.222,0.227,4290000,0
2018-03-13,0.223,0.231,0.215,0.219,1160000,0
2018-03-14,0.222,0.231,0.222,0.227,1620000,0
2018-03-15,0.218,0.26,0.218,0.26,9150000,0
2018-03-16,0.255,0.295,0.255,0.29,580000,0
2018-03-19,0.28,0.285,0.27,0.27,80000,0
2018-03-20,0.265,0.28,0.242,0.27,320000,0
2018-03-21,0.29,0.31,0.28,0.28,150000,0
2018-03-22,0.29,0.295,0.275,0.275,40000,0
2018-03-23,0.235,0.236,0.221,0.222,480000,0
2018-03-26,0.207,0.249,0.207,0.249,3520000,0
2018-03-27,0.28,0.28,0.28,0.28,0,0
2018-03-28,0.285,0.285,0.255,0.255,20000,0
2018-03-29,0.25,0.255,0.218,0.255,3300000,0
