Date,Open,High,Low,Close,Volume,OpenInt
2015-12-21,0.197,0.199,0.197,0.198,4000000,0
2015-12-22,0.193,0.193,0.193,0.193,0,0
2015-12-23,0.193,0.193,0.193,0.193,0,0
2015-12-24,0.204,0.204,0.204,0.204,0,0
2015-12-28,0.199,0.199,0.199,0.199,0,0
2015-12-29,0.199,0.199,0.199,0.199,0,0
2015-12-30,0.206,0.206,0.206,0.206,0,0
2015-12-31,0.201,0.201,0.201,0.201,0,0
2016-01-04,0.191,0.191,0.191,0.191,0,0
2016-01-05,0.187,0.187,0.187,0.187,0,0
2016-01-06,0.187,0.187,0.187,0.187,0,0
2016-01-07,0.166,0.168,0.156,0.158,20000000,0
2016-01-08,0.165,0.168,0.165,0.165,12000000,0
2016-01-11,0.156,0.156,0.152,0.152,3000000,0
2016-01-12,0.152,0.152,0.152,0.152,0,0
2016-01-13,0.154,0.154,0.154,0.154,0,0
2016-01-14,0.159,0.159,0.159,0.159,0,0
2016-01-15,0.149,0.149,0.149,0.149,0,0
2016-01-18,0.149,0.149,0.149,0.149,0,0
2016-01-19,0.163,0.163,0.163,0.163,0,0
2016-01-20,0.15,0.15,0.15,0.15,0,0
2016-01-21,0.137,0.137,0.137,0.137,0,0
2016-01-22,0.136,0.143,0.136,0.143,3000000,0
2016-01-25,0.147,0.147,0.147,0.147,0,0
2016-01-26,0.144,0.144,0.144,0.144,1000000,0
2016-01-27,0.135,0.138,0.135,0.138,500000,0
2016-01-28,0.139,0.139,0.139,0.139,0,0
2016-01-29,0.139,0.139,0.139,0.139,0,0
2016-02-01,0.142,0.142,0.142,0.142,0,0
2016-02-02,0.144,0.144,0.144,0.144,0,0
2016-02-03,0.14,0.14,0.14,0.14,0,0
2016-02-04,0.141,0.141,0.141,0.141,0,0
2016-02-05,0.142,0.142,0.142,0.142,0,0
2016-02-11,0.131,0.131,0.131,0.131,0,0
2016-02-12,0.118,0.118,0.118,0.118,0,0
2016-02-15,0.121,0.128,0.121,0.128,500000,0
2016-02-16,0.14,0.141,0.14,0.141,300000,0
2016-02-17,0.142,0.142,0.142,0.142,0,0
2016-02-18,0.15,0.15,0.149,0.149,1000000,0
2016-02-19,0.146,0.146,0.146,0.146,0,0
2016-02-22,0.149,0.149,0.149,0.149,0,0
2016-02-23,0.149,0.149,0.149,0.149,0,0
2016-02-24,0.145,0.145,0.145,0.145,0,0
2016-02-25,0.141,0.141,0.141,0.141,0,0
2016-02-26,0.145,0.145,0.145,0.145,0,0
2016-02-29,0.148,0.148,0.148,0.148,0,0
2016-03-01,0.151,0.151,0.151,0.151,0,0
2016-03-02,0.158,0.158,0.158,0.158,0,0
2016-03-03,0.163,0.163,0.163,0.163,0,0
2016-03-04,0.165,0.17,0.165,0.17,1150000,0
2016-03-07,0.168,0.168,0.168,0.168,0,0
2016-03-08,0.158,0.161,0.158,0.161,500000,0
2016-03-09,0.158,0.158,0.158,0.158,0,0
2016-03-10,0.157,0.157,0.157,0.157,0,0
2016-03-11,0.162,0.162,0.162,0.162,0,0
2016-03-14,0.17,0.17,0.17,0.17,500000,0
2016-03-15,0.166,0.166,0.166,0.166,0,0
2016-03-16,0.158,0.158,0.158,0.158,0,0
2016-03-17,0.169,0.169,0.169,0.169,0,0
2016-03-18,0.176,0.176,0.176,0.176,500000,0
2016-03-21,0.17,0.17,0.17,0.17,0,0
2016-03-22,0.167,0.167,0.167,0.167,0,0
2016-03-23,0.168,0.168,0.168,0.168,0,0
2016-03-24,0.168,0.168,0.168,0.168,0,0
2016-03-29,0.178,0.184,0.171,0.179,22900000,0
2016-03-30,0.177,0.177,0.171,0.175,20400000,0
2016-03-31,0.178,0.179,0.174,0.177,13300000,0
2016-04-01,0.177,0.177,0.167,0.169,12400000,0
2016-04-05,0.158,0.158,0.152,0.153,18000000,0
2016-04-06,0.152,0.156,0.152,0.155,14300000,0
2016-04-07,0.157,0.157,0.154,0.154,12000000,0
2016-04-08,0.153,0.153,0.153,0.153,50000,0
2016-04-11,0.152,0.152,0.152,0.152,0,0
2016-04-12,0.157,0.157,0.156,0.157,400000,0
2016-04-13,0.171,0.172,0.171,0.172,800000,0
2016-04-14,0.167,0.167,0.167,0.167,0,0
2016-04-15,0.167,0.167,0.167,0.167,0,0
2016-04-18,0.167,0.167,0.167,0.167,0,0
2016-04-19,0.175,0.175,0.175,0.175,50000,0
2016-04-20,0.173,0.174,0.168,0.168,1250000,0
2016-04-21,0.173,0.178,0.172,0.172,800000,0
2016-04-22,0.171,0.172,0.171,0.171,200000,0
2016-04-25,0.169,0.17,0.167,0.168,26100000,0
2016-04-26,0.17,0.174,0.169,0.173,1600000,0
2016-04-27,0.175,0.175,0.174,0.175,100000,0
2016-04-28,0.177,0.178,0.174,0.175,1100000,0
2016-04-29,0.181,0.185,0.18,0.182,1100000,0
2016-05-03,0.171,0.175,0.171,0.175,200000,0
2016-05-04,0.173,0.173,0.173,0.173,0,0
2016-05-05,0.17,0.17,0.17,0.17,0,0
2016-05-06,0.161,0.161,0.161,0.161,0,0
2016-05-09,0.156,0.156,0.156,0.156,0,0
2016-05-10,0.156,0.156,0.156,0.156,0,0
2016-05-11,0.156,0.156,0.156,0.156,0,0
2016-05-12,0.156,0.156,0.156,0.156,0,0
2016-05-13,0.154,0.154,0.154,0.154,0,0
2016-05-16,0.154,0.154,0.154,0.154,0,0
2016-05-17,0.155,0.155,0.155,0.155,0,0
2016-05-18,0.154,0.154,0.154,0.154,0,0
2016-05-19,0.156,0.156,0.155,0.155,200000,0
2016-05-20,0.153,0.153,0.153,0.153,0,0
2016-05-23,0.152,0.152,0.152,0.152,0,0
2016-05-24,0.156,0.156,0.156,0.156,0,0
2016-05-25,0.16,0.16,0.16,0.16,0,0
2016-05-26,0.164,0.164,0.164,0.164,0,0
2016-05-27,0.167,0.167,0.167,0.167,0,0
2016-05-30,0.167,0.167,0.167,0.167,0,0
2016-05-31,0.168,0.168,0.168,0.168,0,0
2016-06-01,0.171,0.171,0.166,0.166,18000000,0
2016-06-02,0.17,0.17,0.17,0.17,300000,0
2016-06-03,0.173,0.173,0.173,0.173,0,0
2016-06-06,0.174,0.179,0.174,0.179,400000,0
2016-06-07,0.181,0.181,0.181,0.181,0,0
2016-06-08,0.178,0.178,0.178,0.178,0,0
2016-06-10,0.177,0.177,0.177,0.177,0,0
2016-06-13,0.166,0.166,0.166,0.166,0,0
2016-06-14,0.156,0.156,0.156,0.156,0,0
2016-06-15,0.16,0.16,0.16,0.16,0,0
2016-06-16,0.155,0.155,0.155,0.155,0,0
2016-06-17,0.158,0.158,0.158,0.158,0,0
2016-06-20,0.166,0.166,0.166,0.166,0,0
2016-06-21,0.172,0.172,0.172,0.172,0,0
2016-06-22,0.175,0.175,0.175,0.175,0,0
2016-06-23,0.174,0.174,0.174,0.174,0,0
2016-06-24,0.165,0.165,0.165,0.165,0,0
2016-06-27,0.165,0.165,0.165,0.165,0,0
2016-06-28,0.17,0.17,0.17,0.17,0,0
2016-06-29,0.17,0.17,0.17,0.17,0,0
2016-06-30,0.173,0.173,0.173,0.173,0,0
2016-07-04,0.176,0.176,0.175,0.175,10000000,0
2016-07-05,0.171,0.171,0.169,0.17,12000000,0
2016-07-06,0.163,0.166,0.163,0.166,12000000,0
2016-07-07,0.17,0.172,0.17,0.172,14000000,0
2016-07-08,0.183,0.185,0.177,0.178,16000000,0
2016-07-11,0.174,0.182,0.174,0.174,3000000,0
2016-07-12,0.174,0.174,0.174,0.174,0,0
2016-07-13,0.18,0.18,0.18,0.18,0,0
2016-07-14,0.181,0.181,0.181,0.181,0,0
2016-07-15,0.188,0.2,0.188,0.2,2000000,0
2016-07-18,0.213,0.213,0.213,0.213,0,0
2016-07-19,0.213,0.213,0.213,0.213,0,0
2016-07-20,0.213,0.213,0.213,0.213,0,0
2016-07-21,0.213,0.213,0.213,0.213,0,0
2016-07-22,0.207,0.207,0.207,0.207,0,0
2016-07-25,0.206,0.206,0.206,0.206,0,0
2016-07-26,0.207,0.207,0.207,0.207,0,0
2016-07-27,0.196,0.196,0.196,0.196,0,0
2016-07-28,0.196,0.196,0.196,0.196,0,0
2016-07-29,0.191,0.191,0.191,0.191,0,0
2016-08-01,0.193,0.193,0.193,0.193,0,0
2016-08-03,0.183,0.183,0.183,0.183,0,0
2016-08-04,0.185,0.185,0.185,0.185,0,0
2016-08-05,0.188,0.188,0.188,0.188,0,0
2016-08-08,0.193,0.193,0.193,0.193,0,0
2016-08-09,0.193,0.193,0.193,0.193,0,0
2016-08-10,0.193,0.193,0.193,0.193,0,0
2016-08-11,0.2,0.2,0.2,0.2,0,0
2016-08-12,0.207,0.207,0.207,0.207,0,0
2016-08-15,0.207,0.207,0.207,0.207,0,0
2016-08-16,0.206,0.206,0.206,0.206,0,0
2016-08-17,0.206,0.206,0.206,0.206,0,0
2016-08-18,0.206,0.206,0.206,0.206,0,0
2016-08-19,0.202,0.202,0.202,0.202,0,0
2016-08-22,0.199,0.199,0.199,0.199,0,0
2016-08-23,0.197,0.197,0.197,0.197,0,0
2016-08-24,0.201,0.201,0.201,0.201,0,0
2016-08-25,0.197,0.197,0.197,0.197,0,0
2016-08-26,0.197,0.197,0.197,0.197,0,0
2016-08-29,0.204,0.204,0.204,0.204,0,0
2016-08-30,0.214,0.214,0.214,0.214,0,0
2016-08-31,0.216,0.216,0.216,0.216,0,0
2016-09-01,0.216,0.216,0.216,0.216,0,0
2016-09-02,0.216,0.216,0.216,0.216,0,0
2016-09-05,0.216,0.216,0.216,0.216,0,0
2016-09-06,0.231,0.231,0.231,0.231,0,0
2016-09-07,0.233,0.233,0.233,0.233,0,0
2016-09-08,0.233,0.233,0.233,0.233,0,0
2016-09-09,0.233,0.233,0.233,0.233,0,0
2016-09-12,0.22,0.22,0.212,0.212,1500000,0
2016-09-13,0.212,0.212,0.212,0.212,0,0
2016-09-14,0.207,0.207,0.207,0.207,0,0
2016-09-15,0.208,0.208,0.208,0.208,0,0
2016-09-19,0.209,0.209,0.209,0.209,0,0
2016-09-20,0.209,0.209,0.209,0.209,0,0
2016-09-21,0.209,0.209,0.209,0.209,0,0
2016-09-22,0.212,0.212,0.212,0.212,0,0
2016-09-23,0.212,0.212,0.212,0.212,0,0
2016-09-26,0.202,0.202,0.202,0.202,0,0
2016-09-27,0.202,0.202,0.202,0.202,0,0
2016-09-28,0.202,0.202,0.202,0.202,0,0
2016-09-29,0.202,0.202,0.202,0.202,0,0
2016-09-30,0.192,0.192,0.192,0.192,0,0
2016-10-03,0.192,0.192,0.192,0.192,0,0
2016-10-04,0.196,0.196,0.196,0.196,0,0
2016-10-05,0.196,0.196,0.196,0.196,0,0
2016-10-06,0.196,0.196,0.196,0.196,0,0
2016-10-07,0.194,0.194,0.194,0.194,0,0
2016-10-11,0.194,0.194,0.194,0.194,0,0
2016-10-12,0.189,0.189,0.189,0.189,0,0
2016-10-13,0.187,0.187,0.187,0.187,0,0
2016-10-14,0.187,0.187,0.187,0.187,0,0
2016-10-17,0.182,0.182,0.182,0.182,0,0
2016-10-18,0.194,0.194,0.194,0.194,0,0
2016-10-19,0.193,0.193,0.193,0.193,0,0
2016-10-20,0.193,0.193,0.193,0.193,0,0
2016-10-24,0.2,0.2,0.2,0.2,0,0
2016-10-25,0.207,0.207,0.207,0.207,100000,0
2016-10-26,0.198,0.2,0.198,0.198,200000,0
2016-10-27,0.193,0.193,0.193,0.193,0,0
2016-10-28,0.191,0.192,0.188,0.189,1100000,0
2016-10-31,0.18,0.182,0.18,0.182,400000,0
2016-11-01,0.187,0.187,0.187,0.187,0,0
2016-11-02,0.182,0.182,0.181,0.181,100000,0
2016-11-03,0.177,0.177,0.177,0.177,0,0
2016-11-04,0.175,0.176,0.17,0.17,100000,0
2016-11-07,0.175,0.175,0.175,0.175,100000,0
2016-11-08,0.181,0.181,0.177,0.177,300000,0
2016-11-09,0.177,0.177,0.171,0.171,300000,0
2016-11-10,0.178,0.178,0.174,0.174,100000,0
2016-11-11,0.163,0.163,0.16,0.16,200000,0
2016-11-14,0.155,0.155,0.15,0.15,300000,0
2016-11-15,0.149,0.15,0.147,0.148,12600000,0
2016-11-16,0.153,0.153,0.151,0.151,100000,0
2016-11-17,0.145,0.145,0.145,0.145,0,0
2016-11-18,0.146,0.148,0.145,0.148,100000,0
2016-11-21,0.147,0.148,0.147,0.148,400000,0
2016-11-22,0.148,0.149,0.148,0.149,100000,0
2016-11-23,0.15,0.151,0.145,0.145,100000,0
2016-11-24,0.143,0.146,0.143,0.146,300000,0
2016-11-25,0.147,0.148,0.145,0.145,200000,0
2016-11-28,0.154,0.154,0.154,0.154,0,0
2016-11-29,0.152,0.154,0.152,0.153,400000,0
2016-11-30,0.152,0.153,0.15,0.151,400000,0
2016-12-01,0.15,0.151,0.146,0.146,300000,0
2016-12-02,0.141,0.141,0.141,0.141,0,0
2016-12-05,0.135,0.135,0.131,0.131,200000,0
2016-12-06,0.133,0.133,0.133,0.133,0,0
2016-12-07,0.133,0.133,0.133,0.133,0,0
2016-12-08,0.129,0.133,0.129,0.13,700000,0
2016-12-09,0.123,0.123,0.119,0.123,800000,0
2016-12-12,0.119,0.119,0.112,0.112,1200000,0
2016-12-13,0.115,0.119,0.115,0.119,1500000,0
2016-12-14,0.116,0.117,0.114,0.117,400000,0
2016-12-15,0.112,0.113,0.112,0.113,500000,0
2016-12-16,0.113,0.115,0.113,0.115,600000,0
2016-12-19,0.116,0.116,0.116,0.116,100000,0
2016-12-20,0.112,0.112,0.109,0.11,800000,0
2016-12-21,0.111,0.112,0.11,0.111,700000,0
2016-12-22,0.108,0.108,0.104,0.106,1200000,0
2016-12-23,0.104,0.104,0.102,0.102,700000,0
2016-12-28,0.101,0.102,0.101,0.102,400000,0
2016-12-29,0.104,0.104,0.104,0.104,0,0
2016-12-30,0.109,0.111,0.107,0.107,400000,0
2017-01-03,0.105,0.106,0.105,0.106,300000,0
2017-01-04,0.109,0.109,0.106,0.108,500000,0
2017-01-05,0.112,0.113,0.112,0.113,400000,0
2017-01-06,0.114,0.115,0.112,0.113,900000,0
2017-01-09,0.111,0.111,0.107,0.109,1400000,0
2017-01-10,0.105,0.11,0.105,0.108,12700000,0
2017-01-11,0.109,0.113,0.108,0.113,8400000,0
2017-01-12,0.115,0.119,0.114,0.114,27700000,0
2017-01-13,0.114,0.118,0.114,0.118,1150000,0
2017-01-16,0.111,0.112,0.108,0.108,800000,0
2017-01-17,0.103,0.105,0.103,0.105,600000,0
2017-01-18,0.108,0.11,0.108,0.11,1000000,0
2017-01-19,0.108,0.11,0.108,0.11,1200000,0
2017-01-20,0.111,0.114,0.111,0.112,1200000,0
2017-01-23,0.11,0.111,0.108,0.109,1000000,0
2017-01-24,0.107,0.108,0.106,0.106,600000,0
2017-01-25,0.107,0.108,0.107,0.108,700000,0
2017-01-26,0.114,0.115,0.113,0.113,600000,0
2017-01-27,0.109,0.11,0.109,0.11,100000,0
2017-02-01,0.107,0.107,0.106,0.107,500000,0
2017-02-02,0.108,0.108,0.107,0.107,400000,0
2017-02-03,0.108,0.108,0.106,0.106,400000,0
2017-02-06,0.11,0.111,0.11,0.111,100000,0
2017-02-07,0.111,0.111,0.111,0.111,0,0
2017-02-08,0.114,0.125,0.114,0.125,500000,0
2017-02-09,0.128,0.134,0.126,0.126,1600000,0
2017-02-10,0.126,0.126,0.124,0.125,1600000,0
2017-02-13,0.123,0.124,0.12,0.124,800000,0
2017-02-14,0.119,0.12,0.119,0.119,400000,0
2017-02-15,0.118,0.119,0.117,0.117,850000,0
2017-02-16,0.113,0.114,0.113,0.114,600000,0
2017-02-17,0.114,0.115,0.113,0.113,1200000,0
2017-02-20,0.112,0.116,0.112,0.116,1000000,0
2017-02-21,0.124,0.13,0.124,0.126,1800000,0
2017-02-22,0.126,0.126,0.124,0.124,200000,0
2017-02-23,0.125,0.125,0.122,0.122,300000,0
2017-02-24,0.117,0.118,0.116,0.116,1400000,0
2017-02-27,0.121,0.127,0.121,0.127,1400000,0
2017-02-28,0.125,0.125,0.123,0.124,900000,0
2017-03-01,0.12,0.121,0.12,0.121,800000,0
2017-03-02,0.123,0.123,0.122,0.122,200000,0
2017-03-03,0.119,0.119,0.114,0.116,1200000,0
2017-03-06,0.117,0.117,0.113,0.114,17400000,0
2017-03-07,0.113,0.114,0.112,0.112,10800000,0
2017-03-08,0.115,0.117,0.115,0.117,600000,0
2017-03-09,0.115,0.115,0.113,0.114,900000,0
2017-03-10,0.114,0.116,0.114,0.116,400000,0
2017-03-13,0.114,0.117,0.113,0.117,1400000,0
2017-03-14,0.118,0.121,0.118,0.119,600000,0
2017-03-15,0.116,0.116,0.116,0.116,0,0
2017-03-16,0.116,0.116,0.113,0.113,1600000,0
2017-03-17,0.115,0.115,0.113,0.113,600000,0
2017-03-20,0.107,0.11,0.107,0.109,1300000,0
2017-03-21,0.109,0.11,0.109,0.11,600000,0
2017-03-22,0.11,0.11,0.11,0.11,0,0
2017-03-23,0.109,0.111,0.109,0.111,800000,0
2017-03-24,0.115,0.115,0.113,0.113,400000,0
2017-03-27,0.113,0.113,0.111,0.111,300000,0
2017-03-28,0.11,0.11,0.109,0.109,500000,0
2017-03-29,0.104,0.105,0.101,0.101,200000,0
2017-03-30,0.097,0.098,0.097,0.098,300000,0
2017-03-31,0.1,0.101,0.099,0.101,950000,0
2017-04-03,0.101,0.101,0.1,0.101,400000,0
2017-04-05,0.104,0.111,0.103,0.11,1400000,0
2017-04-06,0.11,0.114,0.11,0.114,700000,0
2017-04-07,0.107,0.107,0.107,0.107,100000,0
2017-04-10,0.107,0.107,0.107,0.107,0,0
2017-04-11,0.11,0.11,0.11,0.11,0,0
2017-04-12,0.113,0.113,0.113,0.113,0,0
2017-04-13,0.113,0.113,0.113,0.113,0,0
2017-04-18,0.112,0.112,0.112,0.112,0,0
2017-04-19,0.112,0.112,0.112,0.112,0,0
2017-04-20,0.112,0.112,0.112,0.112,10000000,0
2017-04-21,0.112,0.112,0.112,0.112,200000,0
2017-04-24,0.112,0.112,0.111,0.111,600000,0
2017-04-25,0.111,0.111,0.111,0.111,0,0
2017-04-26,0.113,0.113,0.113,0.113,100000,0
2017-04-27,0.112,0.112,0.112,0.112,200000,0
2017-04-28,0.11,0.11,0.11,0.11,200000,0
2017-05-02,0.108,0.108,0.107,0.107,200000,0
2017-05-04,0.101,0.101,0.098,0.098,400000,0
2017-05-05,0.097,0.097,0.097,0.097,0,0
2017-05-08,0.094,0.095,0.094,0.094,400000,0
2017-05-09,0.097,0.097,0.097,0.097,0,0
2017-05-10,0.099,0.099,0.098,0.098,400000,0
2017-05-11,0.096,0.096,0.096,0.096,200000,0
2017-05-12,0.094,0.094,0.093,0.094,200000,0
2017-05-15,0.093,0.093,0.091,0.092,1400000,0
2017-05-16,0.093,0.093,0.091,0.092,400000,0
2017-05-17,0.095,0.097,0.095,0.096,2550000,0
2017-05-18,0.096,0.096,0.095,0.095,150000,0
2017-05-19,0.095,0.095,0.092,0.092,300000,0
2017-05-22,0.093,0.093,0.093,0.093,100000,0
2017-05-23,0.092,0.092,0.092,0.092,1000000,0
2017-05-24,0.091,0.091,0.091,0.091,5000000,0
2017-05-25,0.091,0.091,0.091,0.091,0,0
2017-05-26,0.093,0.093,0.093,0.093,0,0
2017-05-29,0.096,0.096,0.096,0.096,0,0
2017-05-31,0.103,0.103,0.103,0.103,1000000,0
2017-06-01,0.103,0.103,0.103,0.103,0,0
2017-06-02,0.103,0.103,0.103,0.103,0,0
2017-06-05,0.106,0.106,0.106,0.106,500000,0
2017-06-06,0.107,0.11,0.107,0.107,1000000,0
2017-06-07,0.103,0.103,0.102,0.103,900000,0
2017-06-08,0.104,0.104,0.104,0.104,100000,0
2017-06-09,0.108,0.108,0.104,0.104,800000,0
2017-06-12,0.101,0.102,0.097,0.097,700000,0
2017-06-13,0.099,0.114,0.099,0.114,300000,0
2017-06-14,0.127,0.134,0.123,0.124,3300000,0
2017-06-15,0.122,0.122,0.116,0.118,3800000,0
2017-06-16,0.122,0.124,0.117,0.117,2500000,0
2017-06-19,0.123,0.123,0.12,0.12,200000,0
2017-06-20,0.116,0.117,0.116,0.117,400000,0
2017-06-21,0.117,0.117,0.117,0.117,0,0
2017-06-22,0.113,0.114,0.11,0.11,1900000,0
2017-06-23,0.11,0.112,0.109,0.109,800000,0
2017-06-26,0.111,0.121,0.11,0.121,2000000,0
2017-06-27,0.123,0.123,0.119,0.121,1300000,0
2017-06-28,0.118,0.119,0.111,0.112,2900000,0
2017-06-29,0.113,0.113,0.113,0.113,0,0
2017-06-30,0.11,0.11,0.105,0.106,1400000,0
2017-07-03,0.109,0.112,0.109,0.111,1900000,0
2017-07-04,0.111,0.112,0.106,0.107,1200000,0
2017-07-05,0.104,0.108,0.104,0.108,900000,0
2017-07-06,0.109,0.112,0.109,0.111,2700000,0
2017-07-07,0.108,0.109,0.106,0.107,900000,0
2017-07-10,0.106,0.106,0.104,0.105,1500000,0
2017-07-11,0.105,0.105,0.104,0.104,200000,0
2017-07-12,0.109,0.11,0.104,0.105,1700000,0
2017-07-13,0.105,0.11,0.105,0.11,2450000,0
2017-07-14,0.11,0.111,0.109,0.111,2300000,0
2017-07-17,0.111,0.111,0.109,0.109,1800000,0
2017-07-18,0.109,0.111,0.107,0.109,3200000,0
2017-07-19,0.111,0.116,0.111,0.113,2900000,0
2017-07-20,0.115,0.116,0.115,0.116,300000,0
2017-07-21,0.118,0.127,0.118,0.12,6050000,0
2017-07-24,0.121,0.121,0.109,0.112,7000000,0
2017-07-25,0.112,0.112,0.11,0.11,50000,0
2017-07-26,0.105,0.105,0.101,0.103,11050000,0
2017-07-27,0.104,0.106,0.102,0.106,1200000,0
2017-07-28,0.104,0.104,0.101,0.103,3200000,0
2017-07-31,0.102,0.103,0.101,0.101,2000000,0
2017-08-01,0.101,0.101,0.098,0.098,1500000,0
2017-08-02,0.099,0.102,0.099,0.101,2500000,0
2017-08-03,0.098,0.098,0.096,0.098,1700000,0
2017-08-04,0.095,0.097,0.095,0.097,900000,0
2017-08-07,0.1,0.1,0.099,0.099,1100000,0
2017-08-08,0.105,0.107,0.104,0.105,2500000,0
2017-08-09,0.104,0.105,0.102,0.104,3100000,0
2017-08-10,0.104,0.104,0.1,0.104,1800000,0
2017-08-11,0.099,0.101,0.097,0.1,5100000,0
2017-08-14,0.099,0.101,0.099,0.1,1500000,0
2017-08-15,0.1,0.101,0.097,0.101,2900000,0
2017-08-16,0.098,0.099,0.096,0.098,1950000,0
2017-08-17,0.096,0.098,0.095,0.098,3400000,0
2017-08-18,0.096,0.097,0.095,0.095,2950000,0
2017-08-21,0.097,0.097,0.094,0.094,3000000,0
2017-08-22,0.096,0.097,0.093,0.093,900000,0
2017-08-24,0.092,0.092,0.089,0.092,1900000,0
2017-08-25,0.093,0.095,0.093,0.093,900000,0
2017-08-28,0.097,0.1,0.095,0.095,4000000,0
2017-08-29,0.086,0.088,0.084,0.085,4400000,0
2017-08-30,0.083,0.084,0.078,0.084,1800000,0
2017-08-31,0.082,0.084,0.081,0.082,2500000,0
2017-09-01,0.081,0.083,0.08,0.082,1300000,0
2017-09-04,0.083,0.086,0.083,0.084,1350000,0
2017-09-05,0.085,0.086,0.082,0.082,1700000,0
2017-09-06,0.083,0.086,0.082,0.085,1300000,0
2017-09-07,0.085,0.085,0.083,0.084,900000,0
2017-09-08,0.083,0.084,0.083,0.084,10100000,0
2017-09-11,0.101,0.102,0.097,0.097,6850000,0
2017-09-12,0.103,0.13,0.103,0.126,26200000,0
2017-09-13,0.128,0.159,0.128,0.159,8100000,0
2017-09-14,0.153,0.153,0.142,0.142,3400000,0
2017-09-15,0.136,0.148,0.136,0.148,2000000,0
2017-09-18,0.159,0.186,0.159,0.186,11000000,0
2017-09-19,0.191,0.191,0.183,0.183,1100000,0
2017-09-20,0.197,0.248,0.197,0.248,350000,0
2017-09-21,0.3,0.3,0.3,0.3,50000,0
2017-09-22,0.29,0.29,0.29,0.29,0,0
2017-09-25,0.285,0.285,0.235,0.235,400000,0
2017-09-26,0.245,0.28,0.245,0.28,50000,0
2017-09-27,0.33,0.33,0.33,0.33,50000,0
2017-09-28,0.33,0.33,0.33,0.33,350000,0
2017-09-29,0.31,0.31,0.31,0.31,0,0
2017-10-03,0.3,0.3,0.3,0.3,0,0
2017-10-04,0.33,0.33,0.33,0.33,3000000,0
2017-10-06,0.345,0.345,0.345,0.345,0,0
2017-10-09,0.355,0.355,0.355,0.355,300000,0
2017-10-10,0.355,0.355,0.355,0.355,0,0
2017-10-11,0.35,0.35,0.35,0.35,0,0
2017-10-12,0.35,0.35,0.35,0.35,0,0
2017-10-13,0.35,0.35,0.35,0.35,0,0
2017-10-16,0.32,0.33,0.32,0.32,1850000,0
2017-10-17,0.32,0.32,0.32,0.32,50000,0
2017-10-18,0.32,0.32,0.32,0.32,0,0
2017-10-19,0.31,0.31,0.31,0.31,0,0
2017-10-20,0.31,0.31,0.31,0.31,0,0
2017-10-23,0.31,0.31,0.31,0.31,0,0
2017-10-24,0.285,0.285,0.285,0.285,0,0
2017-10-25,0.285,0.285,0.285,0.285,0,0
2017-10-26,0.285,0.285,0.285,0.285,0,0
2017-10-27,0.275,0.275,0.275,0.275,0,0
2017-10-30,0.225,0.24,0.225,0.24,2150000,0
2017-10-31,0.23,0.25,0.229,0.242,4500000,0
2017-11-01,0.247,0.247,0.247,0.247,0,0
2017-11-02,0.246,0.246,0.246,0.246,0,0
2017-11-03,0.244,0.244,0.244,0.244,0,0
2017-11-06,0.246,0.246,0.246,0.246,0,0
2017-11-07,0.246,0.246,0.246,0.246,0,0
2017-11-08,0.25,0.25,0.25,0.25,0,0
2017-11-09,0.265,0.265,0.265,0.265,0,0
2017-11-10,0.265,0.265,0.265,0.265,0,0
2017-11-13,0.265,0.265,0.265,0.265,0,0
2017-11-14,0.265,0.265,0.265,0.265,0,0
2017-11-15,0.245,0.245,0.245,0.245,0,0
2017-11-16,0.245,0.245,0.245,0.245,0,0
2017-11-17,0.245,0.245,0.245,0.245,0,0
2017-11-20,0.27,0.27,0.27,0.27,0,0
2017-11-21,0.29,0.29,0.29,0.29,0,0
2017-11-22,0.29,0.29,0.29,0.29,0,0
2017-11-23,0.29,0.29,0.29,0.29,0,0
2017-11-24,0.29,0.29,0.29,0.29,0,0
2017-11-27,0.29,0.29,0.29,0.29,0,0
2017-11-28,0.29,0.29,0.29,0.29,0,0
2017-11-29,0.28,0.28,0.28,0.28,0,0
2017-11-30,0.28,0.28,0.28,0.28,0,0
2017-12-01,0.255,0.255,0.255,0.255,0,0
2017-12-04,0.255,0.255,0.255,0.255,0,0
2017-12-05,0.248,0.248,0.248,0.248,0,0
2017-12-06,0.192,0.208,0.191,0.192,850000,0
2017-12-07,0.175,0.178,0.175,0.178,300000,0
2017-12-08,0.193,0.193,0.193,0.193,0,0
2017-12-11,0.211,0.211,0.211,0.211,0,0
2017-12-12,0.211,0.211,0.211,0.211,0,0
2017-12-13,0.211,0.211,0.211,0.211,0,0
2017-12-14,0.211,0.211,0.211,0.211,0,0
2017-12-15,0.211,0.211,0.211,0.211,0,0
2017-12-18,0.195,0.197,0.195,0.197,100000,0
2017-12-19,0.197,0.197,0.197,0.197,0,0
2017-12-20,0.197,0.197,0.197,0.197,0,0
2017-12-21,0.197,0.197,0.197,0.197,0,0
2017-12-22,0.197,0.197,0.197,0.197,0,0
2017-12-27,0.225,0.225,0.225,0.225,0,0
2017-12-28,0.23,0.23,0.23,0.23,150000,0
2017-12-29,0.23,0.23,0.23,0.23,0,0
2018-01-02,0.236,0.236,0.236,0.236,0,0
2018-01-03,0.243,0.243,0.243,0.243,0,0
2018-01-04,0.243,0.243,0.243,0.243,0,0
2018-01-05,0.243,0.243,0.243,0.243,0,0
2018-01-08,0.243,0.243,0.243,0.243,0,0
2018-01-09,0.243,0.243,0.243,0.243,0,0
2018-01-10,0.24,0.24,0.24,0.24,100000,0
2018-01-11,0.235,0.235,0.235,0.235,100000,0
2018-01-12,0.265,0.265,0.265,0.265,100000,0
2018-01-15,0.265,0.265,0.265,0.265,0,0
2018-01-16,0.265,0.265,0.265,0.265,0,0
2018-01-17,0.265,0.265,0.265,0.265,0,0
2018-01-18,0.265,0.265,0.265,0.265,0,0
2018-01-19,0.265,0.265,0.265,0.265,0,0
2018-01-22,0.265,0.265,0.265,0.265,0,0
2018-01-23,0.265,0.28,0.265,0.28,300000,0
2018-01-24,0.29,0.29,0.29,0.29,100000,0
2018-01-25,0.29,0.29,0.29,0.29,0,0
2018-01-26,0.29,0.29,0.29,0.29,0,0
2018-01-29,0.29,0.29,0.29,0.29,0,0
2018-01-30,0.29,0.29,0.29,0.29,0,0
2018-01-31,0.3,0.3,0.3,0.3,100000,0
2018-02-01,0.3,0.3,0.3,0.3,0,0
2018-02-02,0.3,0.3,0.3,0.3,0,0
2018-02-05,0.3,0.3,0.3,0.3,0,0
2018-02-06,0.214,0.214,0.214,0.214,100000,0
2018-02-07,0.214,0.214,0.214,0.214,0,0
2018-02-08,0.224,0.224,0.224,0.224,0,0
2018-02-09,0.202,0.202,0.202,0.202,50000,0
2018-02-12,0.222,0.222,0.222,0.222,0,0
2018-02-13,0.226,0.226,0.226,0.226,0,0
2018-02-14,0.238,0.238,0.238,0.238,0,0
2018-02-15,0.241,0.241,0.241,0.241,0,0
2018-02-20,0.245,0.245,0.245,0.245,0,0
2018-02-21,0.247,0.247,0.247,0.247,0,0
2018-02-22,0.247,0.247,0.247,0.247,0,0
2018-02-23,0.247,0.247,0.247,0.247,0,0
2018-02-26,0.247,0.247,0.247,0.247,0,0
2018-02-27,0.27,0.27,0.27,0.27,0,0
2018-02-28,0.27,0.27,0.27,0.27,0,0
2018-03-01,0.27,0.27,0.27,0.27,0,0
2018-03-02,0.27,0.27,0.27,0.27,0,0
2018-03-05,0.27,0.27,0.27,0.27,0,0
2018-03-06,0.27,0.27,0.27,0.27,0,0
2018-03-07,0.27,0.27,0.27,0.27,0,0
2018-03-08,0.27,0.27,0.27,0.27,0,0
2018-03-09,0.275,0.275,0.275,0.275,0,0
2018-03-12,0.275,0.275,0.275,0.275,0,0
2018-03-13,0.275,0.275,0.275,0.275,0,0
2018-03-14,0.275,0.275,0.275,0.275,0,0
2018-03-15,0.275,0.275,0.275,0.275,0,0
2018-03-16,0.275,0.275,0.275,0.275,0,0
2018-03-19,0.285,0.285,0.275,0.285,100000,0
2018-03-20,0.285,0.285,0.285,0.285,0,0
2018-03-21,0.285,0.285,0.285,0.285,100000,0
2018-03-22,0.285,0.285,0.285,0.285,0,0
