Date,Open,High,Low,Close,Volume,OpenInt
2017-09-05,28.29,28.29,27.73,27.85,52654,0
2017-09-06,28.26,28.26,27.68,27.75,131463,0
2017-09-07,27.8,27.82,27.52,27.63,98604,0
2017-09-08,27.68,27.7,27.61,27.67,32755,0
2017-09-11,27.89,27.89,27.67,27.75,56659,0
2017-09-12,27.6632,27.75,27.6,27.66,22931,0
2017-09-13,27.75,27.89,27.6,27.75,65544,0
2017-09-14,27.7,27.83,27.56,27.75,25275,0
2017-09-15,27.75,27.75,27.6501,27.66,13899,0
2017-09-18,27.59,27.92,27.59,27.92,13429,0
2017-09-19,27.77,28.05,27.77,27.99,6884,0
2017-09-20,27.92,27.9207,27.7,27.92,17500,0
2017-09-21,27.761,27.92,27.761,27.84,4223,0
2017-09-22,27.79,27.9,27.72,27.8,4253,0
2017-09-25,27.72,27.9,27.7,27.9,12157,0
2017-09-26,27.79,28.02,27.79,28.02,11780,0
2017-09-27,28.01,28.03,27.87,27.97,23284,0
2017-09-28,27.68,27.97,27.68,27.83,24711,0
2017-09-29,27.9,27.91,27.72,27.82,71417,0
2017-10-02,27.86,28.03,27.775,28,57585,0
2017-10-03,28.14,28.3,28.11,28.25,42253,0
2017-10-04,28.22,28.455,28.22,28.45,41033,0
2017-10-05,28.47,28.5,28.3,28.5,133214,0
2017-10-06,28.65,28.65,28.5,28.6,93018,0
2017-10-09,28.72,28.9,28.66,28.85,79485,0
2017-10-10,28.91,29,28.87,28.88,112490,0
2017-10-11,28.87,28.94,28.67,28.85,56635,0
2017-10-12,28.51,28.85,28.51,28.8,75145,0
2017-10-13,28.84,28.85,28.75,28.85,278658,0
2017-10-16,28.82,28.835,28.76,28.79,114378,0
2017-10-17,28.79,28.8,28.665,28.7,175595,0
2017-10-18,28.59,28.745,28.59,28.65,280021,0
2017-10-19,28.7,28.7,28.51,28.57,54361,0
2017-10-20,28.6,28.64,28.38,28.5,1450051,0
2017-10-23,28.37,28.6,28.37,28.5,35365,0
2017-10-24,28.36,28.4,28.3,28.4,7520,0
2017-10-25,28.47,28.47,28.21,28.47,32922,0
2017-10-26,28.27,28.39,28.11,28.2,23615,0
2017-10-27,28.12,28.3,28.12,28.2,4688,0
2017-10-30,28.07,28.295,28.07,28.1,4888,0
2017-10-31,28.27,28.27,28.04,28.09,54598,0
2017-11-01,28.13,28.1575,27.86,27.99,29856,0
2017-11-02,28,28,27.9,28,5325,0
2017-11-03,28,28,27.7234,27.83,9491,0
2017-11-06,27.84,27.93,27.69,27.71,40725,0
2017-11-07,27.66,28.17,27.66,27.94,81477,0
2017-11-08,28.14,28.2,27.9,28,8838,0
2017-11-09,27.9,27.95,27.7,27.95,12972,0
2017-11-10,27.74,27.79,27.55,27.72,27562,0
2017-11-13,27.61,27.785,27.47,27.57,43863,0
2017-11-14,27.44,27.53,27.28,27.45,13826,0
2017-11-15,27.35,27.45,27.12,27.38,28262,0
2017-11-16,27.44,27.6,27.3898,27.5,11745,0
2017-11-17,27.33,27.63,27.33,27.54,3322,0
2017-11-20,27.5004,27.7,27.47,27.7,13868,0
2017-11-21,27.7,27.8,27.66,27.8,6068,0
2017-11-22,27.6813,27.7,27.52,27.53,10651,0
2017-11-24,27.55,27.64,27.47,27.5,8274,0
2017-11-27,27.47,27.57,27.4,27.56,18661,0
2017-11-28,27.4,27.62,27.4,27.58,6984,0
2017-11-29,27.5,27.5873,27.4,27.58,4641,0
2017-11-30,27.46,27.6,27.38,27.38,19314,0
2017-12-01,27.5,27.69,27.25,27.69,22433,0
2017-12-04,27.71,27.92,27.601,27.92,7436,0
2017-12-05,27.64,27.86,27.59,27.85,7872,0
2017-12-06,27.76,27.82,27.76,27.76,6152,0
2017-12-07,27.7,27.83,27.61,27.82,4030,0
2017-12-08,27.69,27.77,27.5125,27.66,15706,0
2017-12-11,27.53,27.65,27.53,27.54,6405,0
2017-12-12,27.611,27.6487,27.4605,27.49,31424,0
2017-12-13,27.45,27.63,27.4,27.63,33268,0
2017-12-14,27.55,27.55,27.43,27.45,57528,0
2017-12-15,27.45,27.57,27.4,27.4,30531,0
2017-12-18,27.49,27.5,27.4,27.469,25870,0
2017-12-19,27.48,27.49,27.4,27.41,31826,0
2017-12-20,27.49,27.49,27.33,27.33,63331,0
2017-12-21,27.45,27.5,27.42,27.5,12666,0
2017-12-22,27.55,27.58,27.45,27.5,7760,0
2017-12-26,27.58,27.63,27.55,27.58,7061,0
2017-12-27,27.58,27.58,27.5,27.53,13763,0
2017-12-28,27.22,27.22,27,27.01,53048,0
2017-12-29,27.0862,27.14,26.92,27.01,23669,0
2018-01-02,27.03,27.1,26.9,26.95,54513,0
2018-01-03,26.9,26.95,26.85,26.85,44666,0
2018-01-04,26.82,26.928,26.82,26.88,84888,0
2018-01-05,26.88,26.88,26.82,26.82,77900,0
2018-01-08,26.8,26.8,26.6,26.73,32478,0
2018-01-09,26.69,26.69,26.45,26.565,34763,0
2018-01-10,26.42,26.52,26.12,26.49,56311,0
2018-01-11,26.45,26.6,26.3119,26.4275,35948,0
2018-01-12,26.5,26.59,26.41,26.5,23842,0
2018-01-16,26.59,26.59,26.27,26.27,14764,0
2018-01-17,26.29,26.38,26.29,26.37,8904,0
2018-01-18,26.26,26.31,26.19,26.3,43946,0
2018-01-19,26.21,26.3542,26.2,26.3,244346,0
2018-01-22,26.4399,26.4399,26.3,26.33,29480,0
2018-01-23,26.3,26.64,26.3,26.55,22919,0
2018-01-24,26.53,26.53,26.45,26.52,3876,0
2018-01-25,26.5,26.55,26.4473,26.539,4727,0
2018-01-26,26.4659,26.4796,26.38,26.4,27956,0
2018-01-29,26.4,26.48,26.35,26.4,159280,0
2018-01-30,25.95,26.38,25.95,25.95,18054,0
2018-01-31,26.37,26.49,25.7777,25.87,58378,0
2018-02-01,25.86,26.12,25.85,25.85,68579,0
2018-02-02,25.75,25.8,25.69,25.75,87922,0
2018-02-05,25.62,25.9,25.62,25.75,26853,0
2018-02-06,25.473,25.82,25.473,25.805,24915,0
2018-02-07,25.81,25.91,25.76,25.76,7083,0
2018-02-08,25.76,25.875,25.76,25.76,35401,0
2018-02-09,25.729,25.7464,25.51,25.58,16291,0
2018-02-12,25.5,25.66,25.37,25.55,31456,0
2018-02-13,25.5,25.5612,25.42,25.42,17535,0
2018-02-14,25.3,25.48,25.2997,25.34,11696,0
2018-02-15,25.35,25.68,25.32,25.41,12677,0
2018-02-16,25.68,25.68,25.43,25.57,15092,0
2018-02-20,25.48,25.53,25.47,25.53,1573,0
2018-02-21,25.68,25.8,25.47,25.56,28319,0
2018-02-22,25.62,25.72,25.45,25.461,3695,0
2018-02-23,25.54,25.8,25.54,25.8,20094,0
2018-02-26,25.95,25.98,25.73,25.83,12168,0
2018-02-27,25.85,25.89,25.63,25.84,34297,0
2018-02-28,25.89,26,25.85,25.99,18489,0
2018-03-01,25.99,26.07,25.8642,26.07,22688,0
2018-03-02,26,26,25.9,25.98,25009,0
2018-03-05,25.97,25.98,25.91,25.96,51114,0
2018-03-06,25.95,26,25.89,25.93,9669,0
2018-03-07,25.94,25.94,25.845,25.9,90127,0
2018-03-08,25.98,25.99,25.8815,25.9,108490,0
2018-03-09,26,26,25.74,25.74,5359,0
2018-03-12,25.74,25.87,25.74,25.85,5808,0
2018-03-13,25.91,26,25.85,25.9,22055,0
2018-03-14,25.95,25.95,25.8583,25.95,20204,0
2018-03-15,25.87,25.95,25.81,25.83,9059,0
2018-03-16,25.94,25.94,25.77,25.85,3366,0
2018-03-19,25.93,25.93,25.815,25.835,13501,0
2018-03-20,25.93,25.93,25.79,25.86,10168,0
2018-03-21,25.78,25.85,25.78,25.82,14335,0
2018-03-22,25.79,25.88,25.7001,25.71,83144,0
2018-03-23,25.77,25.82,25.66,25.66,23209,0
2018-03-26,25.77,25.77,25.62,25.68,27841,0
2018-03-27,25.76,25.83,25.7,25.83,11637,0
2018-03-28,25.34,25.47,25.25,25.26,53778,0
2018-03-29,25.36,25.38,25.25,25.38,78468,0
