Date,Open,High,Low,Close,Volume,OpenInt
2010-04-15,15.49,15.49,15.49,15.49,0,0
2010-04-16,15.46,15.46,15.46,15.46,0,0
2010-04-19,15.37,15.37,15.37,15.37,0,0
2010-04-20,15.42,15.42,15.42,15.42,0,0
2010-04-21,15.39,15.39,15.39,15.39,0,0
2010-04-22,15.32,15.32,15.32,15.32,0,0
2010-04-23,15.39,15.39,15.39,15.39,0,0
2010-04-26,15.44,15.44,15.44,15.44,0,0
2010-04-27,15.36,15.36,15.36,15.36,0,0
2010-04-28,15.2,15.2,15.2,15.2,0,0
2010-04-29,15.33,15.33,15.33,15.33,0,0
2010-04-30,15.41,15.41,15.41,15.41,0,0
2010-05-04,15.27,15.27,15.27,15.27,0,0
2010-05-05,15.22,15.22,15.22,15.22,0,0
2010-05-06,15.16,15.16,15.16,15.16,0,0
2010-05-07,14.95,14.95,14.95,14.95,0,0
2010-05-10,15.31,15.31,15.31,15.31,0,0
2010-05-11,15.27,15.27,15.27,15.27,0,0
2010-05-12,15.36,15.36,15.36,15.36,0,0
2010-05-13,15.4,15.4,15.4,15.4,0,0
2010-05-14,15.31,15.31,15.31,15.31,0,0
2010-05-17,15.32,15.32,15.32,15.32,0,0
2010-05-18,15.37,15.37,15.37,15.37,0,0
2010-05-19,15.24,15.24,15.24,15.24,0,0
2010-05-20,15.09,15.09,15.09,15.09,0,0
2010-05-21,15.11,15.11,15.11,15.11,0,0
2010-05-24,15.14,15.14,15.14,15.14,0,0
2010-05-25,15.01,15.01,15.01,15.01,0,0
2010-05-26,15.17,15.17,15.17,15.17,0,0
2010-05-27,15.23,15.23,15.23,15.23,0,0
2010-05-28,15.3,15.3,15.3,15.3,0,0
2010-05-31,15.31,15.31,15.31,15.31,0,0
2010-06-01,15.23,15.23,15.23,15.23,0,0
2010-06-02,15.24,15.24,15.24,15.24,0,0
2010-06-04,15.15,15.15,15.15,15.15,0,0
2010-06-07,15.02,15.02,15.02,15.02,0,0
2010-06-08,15.06,15.06,15.06,15.06,0,0
2010-06-09,15.08,15.08,15.08,15.08,0,0
2010-06-10,15.15,15.15,15.15,15.15,0,0
2010-06-11,15.17,15.17,15.17,15.17,0,0
2010-06-14,15.24,15.24,15.24,15.24,0,0
2010-06-15,15.25,15.25,15.25,15.25,0,0
2010-06-16,15.24,15.24,15.24,15.24,0,0
2010-06-17,15.22,15.22,15.22,15.22,0,0
2010-06-18,15.24,15.24,15.24,15.24,0,0
2010-06-21,15.29,15.29,15.29,15.29,0,0
2010-06-22,15.26,15.26,15.26,15.26,0,0
2010-06-23,15.19,15.19,15.19,15.19,0,0
2010-06-24,15.16,15.16,15.16,15.16,0,0
2010-06-25,15.16,15.16,15.16,15.16,0,0
2010-06-28,15.16,15.16,15.16,15.16,0,0
2010-06-29,15.07,15.07,15.07,15.07,0,0
2010-06-30,15.09,15.09,15.09,15.09,0,0
2010-07-01,15.09,15.09,15.09,15.09,0,0
2010-07-02,15.15,15.15,15.15,15.15,0,0
2010-07-05,15.15,15.15,15.15,15.15,0,0
2010-07-06,15.21,15.21,15.21,15.21,0,0
2010-07-07,15.24,15.24,15.24,15.24,0,0
2010-07-08,15.26,15.26,15.26,15.26,0,0
2010-07-09,15.26,15.26,15.26,15.26,0,0
2010-07-12,15.31,15.31,15.31,15.31,0,0
2010-07-13,15.35,15.35,15.35,15.35,0,0
2010-07-14,15.39,15.39,15.39,15.39,0,0
2010-07-15,15.37,15.37,15.37,15.37,0,0
2010-07-16,15.34,15.34,15.34,15.34,0,0
2010-07-19,15.34,15.34,15.34,15.34,0,0
2010-07-20,15.32,15.32,15.32,15.32,0,0
2010-07-21,15.41,15.41,15.41,15.41,0,0
2010-07-22,15.48,15.48,15.48,15.48,0,0
2010-07-23,15.48,15.48,15.48,15.48,0,0
2010-07-26,15.55,15.55,15.55,15.55,0,0
2010-07-27,15.56,15.56,15.56,15.56,0,0
2010-07-28,15.54,15.54,15.54,15.54,0,0
2010-07-29,15.58,15.58,15.58,15.58,0,0
2010-07-30,15.57,15.57,15.57,15.57,0,0
2010-08-02,15.7,15.7,15.7,15.7,0,0
2010-08-03,15.7,15.7,15.7,15.7,0,0
2010-08-04,15.71,15.71,15.71,15.71,0,0
2010-08-05,15.67,15.67,15.67,15.67,0,0
2010-08-06,15.66,15.66,15.66,15.66,0,0
2010-08-09,15.64,15.64,15.64,15.64,0,0
2010-08-10,15.62,15.62,15.62,15.62,0,0
2010-08-11,15.55,15.55,15.55,15.55,0,0
2010-08-12,15.57,15.57,15.57,15.57,0,0
2010-08-13,15.57,15.57,15.57,15.57,0,0
2010-08-16,15.6,15.6,15.6,15.6,0,0
2010-08-17,15.66,15.66,15.66,15.66,0,0
2010-08-18,15.67,15.67,15.67,15.67,0,0
2010-08-19,15.67,15.67,15.67,15.67,0,0
2010-08-20,15.61,15.61,15.61,15.61,0,0
2010-08-23,15.66,15.66,15.66,15.66,0,0
2010-08-24,15.55,15.55,15.55,15.55,0,0
2010-08-25,15.51,15.51,15.51,15.51,0,0
2010-08-26,15.54,15.54,15.54,15.54,0,0
2010-08-27,15.57,15.57,15.57,15.57,0,0
2010-08-30,15.57,15.57,15.57,15.57,0,0
2010-08-31,15.61,15.61,15.61,15.61,0,0
2010-09-01,15.66,15.66,15.66,15.66,0,0
2010-09-02,15.69,15.69,15.69,15.69,0,0
2010-09-03,15.72,15.72,15.72,15.72,0,0
2010-09-06,15.7,15.7,15.7,15.7,0,0
2010-09-07,15.71,15.71,15.71,15.71,0,0
2010-09-08,15.79,15.79,15.79,15.79,0,0
2010-09-09,15.81,15.81,15.81,15.81,0,0
2010-09-10,15.82,15.82,15.82,15.82,0,0
2010-09-13,15.9,15.9,15.9,15.9,0,0
2010-09-14,15.87,15.87,15.87,15.87,0,0
2010-09-15,15.88,15.88,15.88,15.88,0,0
2010-09-16,15.86,15.86,15.86,15.86,0,0
2010-09-17,15.87,15.87,15.87,15.87,0,0
2010-09-20,15.87,15.87,15.87,15.87,0,0
2010-09-21,15.92,15.92,15.92,15.92,0,0
2010-09-22,15.89,15.89,15.89,15.89,0,0
2010-09-23,15.88,15.88,15.88,15.88,0,0
2010-09-24,15.93,15.93,15.93,15.93,0,0
2010-09-27,15.94,15.94,15.94,15.94,0,0
2010-09-28,15.9,15.9,15.9,15.9,0,0
2010-09-29,15.92,15.92,15.92,15.92,0,0
2010-09-30,15.97,15.97,15.97,15.97,0,0
2010-10-01,15.97,15.97,15.97,15.97,0,0
2010-10-04,16,16,16,16,0,0
2010-10-05,16.07,16.07,16.07,16.07,0,0
2010-10-06,16.13,16.13,16.13,16.13,0,0
2010-10-07,16.11,16.11,16.11,16.11,0,0
2010-10-08,16.1,16.1,16.1,16.1,0,0
2010-10-11,16.12,16.12,16.12,16.12,0,0
2010-10-12,16.13,16.13,16.13,16.13,0,0
2010-10-13,16.16,16.16,16.16,16.16,0,0
2010-10-14,16.15,16.15,16.15,16.15,0,0
2010-10-15,16.15,16.15,16.15,16.15,0,0
2010-10-18,16.17,16.17,16.17,16.17,0,0
2010-10-19,16.1,16.1,16.1,16.1,0,0
2010-10-20,16.13,16.13,16.13,16.13,0,0
2010-10-21,16.17,16.17,16.17,16.17,0,0
2010-10-22,16.16,16.16,16.16,16.16,0,0
2010-10-25,16.16,16.16,16.16,16.16,0,0
2010-10-26,16.15,16.15,16.15,16.15,0,0
2010-10-27,16.15,16.15,16.15,16.15,0,0
2010-10-28,16.16,16.16,16.16,16.16,0,0
2010-10-29,16.18,16.18,16.18,16.18,0,0
2010-11-02,16.21,16.21,16.21,16.21,0,0
2010-11-03,16.16,16.16,16.16,16.16,0,0
2010-11-04,16.22,16.22,16.22,16.22,0,0
2010-11-05,16.24,16.24,16.24,16.24,0,0
2010-11-08,16.25,16.25,16.25,16.25,0,0
2010-11-09,16.28,16.28,16.28,16.28,0,0
2010-11-10,16.21,16.21,16.21,16.21,0,0
2010-11-12,16.25,16.25,16.25,16.25,0,0
2010-11-15,16.21,16.21,16.21,16.21,0,0
2010-11-16,16.14,16.14,16.14,16.14,0,0
2010-11-17,16.1,16.1,16.1,16.1,0,0
2010-11-18,16.1,16.1,16.1,16.1,0,0
2010-11-19,16.06,16.06,16.06,16.06,0,0
2010-11-22,16.06,16.06,16.06,16.06,0,0
2010-11-23,16.01,16.01,16.01,16.01,0,0
2010-11-24,16.01,16.01,16.01,16.01,0,0
2010-11-25,15.97,15.97,15.97,15.97,0,0
2010-11-26,15.84,15.84,15.84,15.84,0,0
2010-11-29,15.77,15.77,15.77,15.77,0,0
2010-11-30,15.71,15.71,15.71,15.71,0,0
2010-12-01,15.9,15.9,15.9,15.9,0,0
2010-12-02,15.88,15.88,15.88,15.88,0,0
2010-12-03,15.99,15.99,15.99,15.99,0,0
2010-12-06,16.02,16.02,16.02,16.02,0,0
2010-12-07,16.04,16.04,16.04,16.04,0,0
2010-12-08,16.05,16.05,16.05,16.05,0,0
2010-12-09,16.04,16.04,16.04,16.04,0,0
2010-12-10,16.08,16.08,16.08,16.08,0,0
2010-12-13,16.06,16.06,16.06,16.06,0,0
2010-12-14,16.05,16.05,16.05,16.05,0,0
2010-12-15,16.09,16.09,16.09,16.09,0,0
2010-12-16,16.05,16.05,16.05,16.05,0,0
2010-12-17,16.07,16.07,16.07,16.07,0,0
2010-12-20,16.04,16.04,16.04,16.04,0,0
2010-12-21,16.06,16.06,16.06,16.06,0,0
2010-12-22,16.07,16.07,16.07,16.07,0,0
2010-12-23,16.04,16.04,16.04,16.04,0,0
2010-12-27,16.1,16.1,16.1,16.1,0,0
2010-12-28,16.09,16.09,16.09,16.09,0,0
2010-12-29,16.13,16.13,16.13,16.13,0,0
2010-12-30,16.12,16.12,16.12,16.12,0,0
2010-12-31,16.1,16.1,16.1,16.1,0,0
2011-01-03,16.15,16.15,16.15,16.15,0,0
2011-01-04,16.12,16.12,16.12,16.12,0,0
2011-01-05,16.05,16.05,16.05,16.05,0,0
2011-01-07,16,16,16,16,0,0
2011-01-10,15.93,15.93,15.93,15.93,0,0
2011-01-11,15.98,15.98,15.98,15.98,0,0
2011-01-12,16.01,16.01,16.01,16.01,0,0
2011-01-13,16.01,16.01,16.01,16.01,0,0
2011-01-14,15.95,15.95,15.95,15.95,0,0
2011-01-17,15.99,15.99,15.99,15.99,0,0
2011-01-18,16.07,16.07,16.07,16.07,0,0
2011-01-19,16.07,16.07,16.07,16.07,0,0
2011-01-20,16,16,16,16,0,0
2011-01-21,16,16,16,16,0,0
2011-01-24,15.99,15.99,15.99,15.99,0,0
2011-01-25,15.99,15.99,15.99,15.99,0,0
2011-01-26,16.01,16.01,16.01,16.01,0,0
2011-01-27,16.01,16.01,16.01,16.01,0,0
2011-01-28,15.97,15.97,15.97,15.97,0,0
2011-01-31,15.96,15.96,15.96,15.96,0,0
2011-02-01,16.02,16.02,16.02,16.02,0,0
2011-02-02,16.05,16.05,16.05,16.05,0,0
2011-02-03,16.06,16.06,16.06,16.06,0,0
2011-02-04,16.07,16.07,16.07,16.07,0,0
2011-02-07,16.09,16.09,16.09,16.09,0,0
2011-02-08,16.08,16.08,16.08,16.08,0,0
2011-02-09,16.08,16.08,16.08,16.08,0,0
2011-02-10,16.02,16.02,16.02,16.02,0,0
2011-02-11,16.05,16.05,16.05,16.05,0,0
2011-02-14,16.06,16.06,16.06,16.06,0,0
2011-02-15,16.04,16.04,16.04,16.04,0,0
2011-02-16,16.04,16.04,16.04,16.04,0,0
2011-02-17,15.99,15.99,15.99,15.99,0,0
2011-02-18,15.99,15.99,15.99,15.99,0,0
2011-02-21,15.99,15.99,15.99,15.99,0,0
2011-02-22,15.97,15.97,15.97,15.97,0,0
2011-02-23,15.99,15.99,15.99,15.99,0,0
2011-02-24,15.96,15.96,15.96,15.96,0,0
2011-02-25,16,16,16,16,0,0
2011-02-28,16.07,16.07,16.07,16.07,0,0
2011-03-01,16,16,16,16,0,0
2011-03-02,16.02,16.02,16.02,16.02,0,0
2011-03-03,16.05,16.05,16.05,16.05,0,0
2011-03-04,16.07,16.07,16.07,16.07,0,0
2011-03-07,16.08,16.08,16.08,16.08,0,0
2011-03-08,16.09,16.09,16.09,16.09,0,0
2011-03-09,16.05,16.05,16.05,16.05,0,0
2011-03-10,16.02,16.02,16.02,16.02,0,0
2011-03-11,15.97,15.97,15.97,15.97,0,0
2011-03-14,15.97,15.97,15.97,15.97,0,0
2011-03-15,15.94,15.94,15.94,15.94,0,0
2011-03-16,15.9,15.9,15.9,15.9,0,0
2011-03-17,15.96,15.96,15.96,15.96,0,0
2011-03-18,16,16,16,16,0,0
2011-03-21,16.05,16.05,16.05,16.05,0,0
2011-03-22,16.01,16.01,16.01,16.01,0,0
2011-03-23,16.03,16.03,16.03,16.03,0,0
2011-03-24,16.05,16.05,16.05,16.05,0,0
2011-03-25,16.13,16.13,16.13,16.13,0,0
2011-03-28,16.15,16.15,16.15,16.15,0,0
2011-03-29,16.13,16.13,16.13,16.13,0,0
2011-03-30,16.14,16.14,16.14,16.14,0,0
2011-03-31,16.14,16.14,16.14,16.14,0,0
2011-04-01,16.21,16.21,16.21,16.21,0,0
2011-04-04,16.23,16.23,16.23,16.23,0,0
2011-04-05,16.25,16.25,16.25,16.25,0,0
2011-04-06,16.31,16.31,16.31,16.31,0,0
2011-04-07,16.3,16.3,16.3,16.3,0,0
2011-04-08,16.26,16.26,16.26,16.26,0,0
2011-04-11,16.25,16.25,16.25,16.25,0,0
2011-04-12,16.21,16.21,16.21,16.21,0,0
2011-04-13,16.24,16.24,16.24,16.24,0,0
2011-04-14,16.22,16.22,16.22,16.22,0,0
2011-04-15,16.22,16.22,16.22,16.22,0,0
2011-04-18,16.14,16.14,16.14,16.14,0,0
2011-04-19,16.18,16.18,16.18,16.18,0,0
2011-04-20,16.23,16.23,16.23,16.23,0,0
2011-04-21,16.22,16.22,16.22,16.22,0,0
2011-04-26,16.22,16.22,16.22,16.22,0,0
2011-04-27,16.19,16.19,16.19,16.19,0,0
2011-04-28,16.2,16.2,16.2,16.2,0,0
2011-04-29,16.19,16.19,16.19,16.19,0,0
2011-05-02,16.22,16.22,16.22,16.22,0,0
2011-05-04,16.14,16.14,16.14,16.14,0,0
2011-05-05,16.12,16.12,16.12,16.12,0,0
2011-05-06,16.17,16.17,16.17,16.17,0,0
2011-05-09,16.13,16.13,16.13,16.13,0,0
2011-05-10,16.18,16.18,16.18,16.18,0,0
2011-05-11,16.13,16.13,16.13,16.13,0,0
2011-05-12,16.11,16.11,16.11,16.11,0,0
2011-05-13,16.09,16.09,16.09,16.09,0,0
2011-05-16,16.12,16.12,16.12,16.12,0,0
2011-05-17,16.06,16.06,16.06,16.06,0,0
2011-05-18,16.08,16.08,16.08,16.08,0,0
2011-05-19,16.1,16.1,16.1,16.1,0,0
2011-05-20,16.11,16.11,16.11,16.11,0,0
2011-05-23,16.09,16.09,16.09,16.09,0,0
2011-05-24,16.11,16.11,16.11,16.11,0,0
2011-05-25,16.13,16.13,16.13,16.13,0,0
2011-05-26,16.11,16.11,16.11,16.11,0,0
2011-05-27,16.13,16.13,16.13,16.13,0,0
2011-05-30,16.14,16.14,16.14,16.14,0,0
2011-05-31,16.18,16.18,16.18,16.18,0,0
2011-06-01,16.18,16.18,16.18,16.18,0,0
2011-06-02,16.19,16.19,16.19,16.19,0,0
2011-06-03,16.16,16.16,16.16,16.16,0,0
2011-06-06,16.13,16.13,16.13,16.13,0,0
2011-06-07,16.15,16.15,16.15,16.15,0,0
2011-06-08,16.13,16.13,16.13,16.13,0,0
2011-06-09,16.13,16.13,16.13,16.13,0,0
2011-06-10,16.1,16.1,16.1,16.1,0,0
2011-06-13,16.12,16.12,16.12,16.12,0,0
2011-06-14,16.14,16.14,16.14,16.14,0,0
2011-06-15,16.12,16.12,16.12,16.12,0,0
2011-06-16,16.11,16.11,16.11,16.11,0,0
2011-06-17,16.14,16.14,16.14,16.14,0,0
2011-06-20,16.08,16.08,16.08,16.08,0,0
2011-06-21,16.08,16.08,16.08,16.08,0,0
2011-06-22,16.04,16.04,16.04,16.04,0,0
2011-06-24,16.04,16.04,16.04,16.04,0,0
2011-06-27,16.03,16.03,16.03,16.03,0,0
2011-06-28,16.03,16.03,16.03,16.03,0,0
2011-06-29,16.08,16.08,16.08,16.08,0,0
2011-06-30,16.09,16.09,16.09,16.09,0,0
2011-07-01,16.11,16.11,16.11,16.11,0,0
2011-07-04,16.1,16.1,16.1,16.1,0,0
2011-07-05,16.11,16.11,16.11,16.11,0,0
2011-07-06,16.06,16.06,16.06,16.06,0,0
2011-07-07,16.16,16.16,16.16,16.16,0,0
2011-07-08,16.1,16.1,16.1,16.1,0,0
2011-07-11,15.99,15.99,15.99,15.99,0,0
2011-07-12,15.97,15.97,15.97,15.97,0,0
2011-07-13,16.03,16.03,16.03,16.03,0,0
2011-07-14,15.99,15.99,15.99,15.99,0,0
2011-07-15,15.98,15.98,15.98,15.98,0,0
2011-07-18,15.88,15.88,15.88,15.88,0,0
2011-07-19,15.88,15.88,15.88,15.88,0,0
2011-07-20,15.92,15.92,15.92,15.92,0,0
2011-07-21,15.99,15.99,15.99,15.99,0,0
2011-07-22,15.98,15.98,15.98,15.98,0,0
2011-07-25,15.96,15.96,15.96,15.96,0,0
2011-07-26,15.96,15.96,15.96,15.96,0,0
2011-07-27,15.9,15.9,15.9,15.9,0,0
2011-07-28,15.94,15.94,15.94,15.94,0,0
2011-07-29,15.93,15.93,15.93,15.93,0,0
2011-08-01,15.87,15.87,15.87,15.87,0,0
2011-08-02,15.8,15.8,15.8,15.8,0,0
2011-08-03,15.64,15.64,15.64,15.64,0,0
2011-08-04,15.45,15.45,15.45,15.45,0,0
2011-08-05,15.32,15.32,15.32,15.32,0,0
2011-08-08,15.14,15.14,15.14,15.14,0,0
2011-08-09,14.97,14.97,14.97,14.97,0,0
2011-08-10,14.75,14.75,14.75,14.75,0,0
2011-08-11,14.93,14.93,14.93,14.93,0,0
2011-08-12,15.06,15.06,15.06,15.06,0,0
2011-08-16,15.17,15.17,15.17,15.17,0,0
2011-08-17,15.18,15.18,15.18,15.18,0,0
2011-08-18,14.87,14.87,14.87,14.87,0,0
2011-08-19,14.89,14.89,14.89,14.89,0,0
2011-08-22,14.97,14.97,14.97,14.97,0,0
2011-08-23,14.99,14.99,14.99,14.99,0,0
2011-08-24,15.01,15.01,15.01,15.01,0,0
2011-08-25,15.04,15.04,15.04,15.04,0,0
2011-08-26,15.04,15.04,15.04,15.04,0,0
2011-08-29,15.15,15.15,15.15,15.15,0,0
2011-08-30,15.22,15.22,15.22,15.22,0,0
2011-08-31,15.35,15.35,15.35,15.35,0,0
2011-09-01,15.3,15.3,15.3,15.3,0,0
2011-09-02,15.16,15.16,15.16,15.16,0,0
2011-09-05,14.96,14.96,14.96,14.96,0,0
2011-09-06,14.98,14.98,14.98,14.98,0,0
2011-09-07,15.14,15.14,15.14,15.14,0,0
2011-09-08,15.16,15.16,15.16,15.16,0,0
2011-09-09,14.96,14.96,14.96,14.96,0,0
2011-09-12,14.79,14.79,14.79,14.79,0,0
2011-09-13,14.83,14.83,14.83,14.83,0,0
2011-09-14,14.86,14.86,14.86,14.86,0,0
2011-09-15,14.98,14.98,14.98,14.98,0,0
2011-09-16,15.01,15.01,15.01,15.01,0,0
2011-09-19,14.93,14.93,14.93,14.93,0,0
2011-09-20,15.01,15.01,15.01,15.01,0,0
2011-09-21,14.99,14.99,14.99,14.99,0,0
2011-09-22,14.67,14.67,14.67,14.67,0,0
2011-09-23,14.63,14.63,14.63,14.63,0,0
2011-09-26,14.67,14.67,14.67,14.67,0,0
2011-09-27,14.83,14.83,14.83,14.83,0,0
2011-09-28,14.82,14.82,14.82,14.82,0,0
2011-09-29,14.86,14.86,14.86,14.86,0,0
2011-09-30,14.84,14.84,14.84,14.84,0,0
2011-10-03,14.74,14.74,14.74,14.74,0,0
2011-10-04,14.62,14.62,14.62,14.62,0,0
2011-10-05,14.73,14.73,14.73,14.73,0,0
2011-10-06,14.8,14.8,14.8,14.8,0,0
2011-10-07,14.84,14.84,14.84,14.84,0,0
2011-10-10,15,15,15,15,0,0
2011-10-11,15,15,15,15,0,0
2011-10-12,15.14,15.14,15.14,15.14,0,0
2011-10-13,15.06,15.06,15.06,15.06,0,0
2011-10-14,15.13,15.13,15.13,15.13,0,0
2011-10-17,15.08,15.08,15.08,15.08,0,0
2011-10-18,15.06,15.06,15.06,15.06,0,0
2011-10-19,15.09,15.09,15.09,15.09,0,0
2011-10-20,14.96,14.96,14.96,14.96,0,0
2011-10-21,15.09,15.09,15.09,15.09,0,0
2011-10-24,15.18,15.18,15.18,15.18,0,0
2011-10-25,15.13,15.13,15.13,15.13,0,0
2011-10-26,15.14,15.14,15.14,15.14,0,0
2011-10-27,15.28,15.28,15.28,15.28,0,0
2011-10-28,15.26,15.26,15.26,15.26,0,0
2011-10-31,15.21,15.21,15.21,15.21,0,0
2011-11-02,15.17,15.17,15.17,15.17,0,0
2011-11-03,15.25,15.25,15.25,15.25,0,0
2011-11-04,15.2,15.2,15.2,15.2,0,0
2011-11-07,15.22,15.22,15.22,15.22,0,0
2011-11-08,15.22,15.22,15.22,15.22,0,0
2011-11-09,15.1,15.1,15.1,15.1,0,0
2011-11-10,15.03,15.03,15.03,15.03,0,0
2011-11-14,15.08,15.08,15.08,15.08,0,0
2011-11-15,15.05,15.05,15.05,15.05,0,0
2011-11-16,15.06,15.06,15.06,15.06,0,0
2011-11-17,14.98,14.98,14.98,14.98,0,0
2011-11-18,14.9,14.9,14.9,14.9,0,0
2011-11-21,14.78,14.78,14.78,14.78,0,0
2011-11-22,14.81,14.81,14.81,14.81,0,0
2011-11-23,14.73,14.73,14.73,14.73,0,0
2011-11-24,14.73,14.73,14.73,14.73,0,0
2011-11-25,14.71,14.71,14.71,14.71,0,0
2011-11-28,14.78,14.78,14.78,14.78,0,0
2011-11-29,14.74,14.74,14.74,14.74,0,0
2011-11-30,14.89,14.89,14.89,14.89,0,0
2011-12-01,14.88,14.88,14.88,14.88,0,0
2011-12-02,14.88,14.88,14.88,14.88,0,0
2011-12-05,14.93,14.93,14.93,14.93,0,0
2011-12-06,14.84,14.84,14.84,14.84,0,0
2011-12-07,14.85,14.85,14.85,14.85,0,0
2011-12-08,14.79,14.79,14.79,14.79,0,0
2011-12-09,14.81,14.81,14.81,14.81,0,0
2011-12-12,14.72,14.72,14.72,14.72,0,0
2011-12-13,14.72,14.72,14.72,14.72,0,0
2011-12-14,14.71,14.71,14.71,14.71,0,0
2011-12-15,14.72,14.72,14.72,14.72,0,0
2011-12-16,14.66,14.66,14.66,14.66,0,0
2011-12-19,14.62,14.62,14.62,14.62,0,0
2011-12-20,14.66,14.66,14.66,14.66,0,0
2011-12-21,14.69,14.69,14.69,14.69,0,0
2011-12-22,14.68,14.68,14.68,14.68,0,0
2011-12-23,14.71,14.71,14.71,14.71,0,0
2011-12-27,14.7,14.7,14.7,14.7,0,0
2011-12-28,14.67,14.67,14.67,14.67,0,0
2011-12-29,14.69,14.69,14.69,14.69,0,0
2011-12-30,14.68,14.68,14.68,14.68,0,0
2012-01-02,14.76,14.76,14.76,14.76,0,0
2012-01-03,14.79,14.79,14.79,14.79,0,0
2012-01-04,14.75,14.75,14.75,14.75,0,0
2012-01-05,14.73,14.73,14.73,14.73,0,0
2012-01-09,14.7,14.7,14.7,14.7,0,0
2012-01-10,14.73,14.73,14.73,14.73,0,0
2012-01-11,14.73,14.73,14.73,14.73,0,0
2012-01-12,14.81,14.81,14.81,14.81,0,0
2012-01-13,14.81,14.81,14.81,14.81,0,0
2012-01-16,14.85,14.85,14.85,14.85,0,0
2012-01-17,14.94,14.94,14.94,14.94,0,0
2012-01-18,14.97,14.97,14.97,14.97,0,0
2012-01-19,14.99,14.99,14.99,14.99,0,0
2012-01-20,15.04,15.04,15.04,15.04,0,0
2012-01-23,15.1,15.1,15.1,15.1,0,0
2012-01-24,15.09,15.09,15.09,15.09,0,0
2012-01-25,15.1,15.1,15.1,15.1,0,0
2012-01-26,15.19,15.19,15.19,15.19,0,0
2012-01-27,15.22,15.22,15.22,15.22,0,0
2012-01-30,15.24,15.24,15.24,15.24,0,0
2012-01-31,15.29,15.29,15.29,15.29,0,0
2012-02-01,15.34,15.34,15.34,15.34,0,0
2012-02-02,15.36,15.36,15.36,15.36,0,0
2012-02-03,15.38,15.38,15.38,15.38,0,0
2012-02-06,15.42,15.42,15.42,15.42,0,0
2012-02-07,15.43,15.43,15.43,15.43,0,0
2012-02-08,15.46,15.46,15.46,15.46,0,0
2012-02-09,15.41,15.41,15.41,15.41,0,0
2012-02-10,15.34,15.34,15.34,15.34,0,0
2012-02-13,15.4,15.4,15.4,15.4,0,0
2012-02-14,15.38,15.38,15.38,15.38,0,0
2012-02-15,15.38,15.38,15.38,15.38,0,0
2012-02-16,15.36,15.36,15.36,15.36,0,0
2012-02-17,15.45,15.45,15.45,15.45,0,0
2012-02-20,15.45,15.45,15.45,15.45,0,0
2012-02-21,15.46,15.46,15.46,15.46,0,0
2012-02-22,15.41,15.41,15.41,15.41,0,0
2012-02-23,15.37,15.37,15.37,15.37,0,0
2012-02-24,15.38,15.38,15.38,15.38,0,0
2012-02-27,15.35,15.35,15.35,15.35,0,0
2012-02-28,15.38,15.38,15.38,15.38,0,0
2012-02-29,15.38,15.38,15.38,15.38,0,0
2012-03-01,15.37,15.37,15.37,15.37,0,0
2012-03-02,15.38,15.38,15.38,15.38,0,0
2012-03-05,15.33,15.33,15.33,15.33,0,0
2012-03-06,15.24,15.24,15.24,15.24,0,0
2012-03-07,15.27,15.27,15.27,15.27,0,0
2012-03-08,15.33,15.33,15.33,15.33,0,0
2012-03-09,15.33,15.33,15.33,15.33,0,0
2012-03-12,15.35,15.35,15.35,15.35,0,0
2012-03-13,15.36,15.36,15.36,15.36,0,0
2012-03-14,15.44,15.44,15.44,15.44,0,0
2012-03-15,15.45,15.45,15.45,15.45,0,0
2012-03-16,15.44,15.44,15.44,15.44,0,0
2012-03-19,15.41,15.41,15.41,15.41,0,0
2012-03-20,15.36,15.36,15.36,15.36,0,0
2012-03-21,15.33,15.33,15.33,15.33,0,0
2012-03-22,15.26,15.26,15.26,15.26,0,0
2012-03-23,15.3,15.3,15.3,15.3,0,0
2012-03-26,15.34,15.34,15.34,15.34,0,0
2012-03-27,15.37,15.37,15.37,15.37,0,0
2012-03-28,15.34,15.34,15.34,15.34,0,0
2012-03-29,15.27,15.27,15.27,15.27,0,0
2012-03-30,15.28,15.28,15.28,15.28,0,0
2012-04-02,15.31,15.31,15.31,15.31,0,0
2012-04-03,15.31,15.31,15.31,15.31,0,0
2012-04-04,15.22,15.22,15.22,15.22,0,0
2012-04-05,15.23,15.23,15.23,15.23,0,0
2012-04-10,15.16,15.16,15.16,15.16,0,0
2012-04-11,15.19,15.19,15.19,15.19,0,0
2012-04-12,15.22,15.22,15.22,15.22,0,0
2012-04-13,15.16,15.16,15.16,15.16,0,0
2012-04-16,15.15,15.15,15.15,15.15,0,0
2012-04-17,15.17,15.17,15.17,15.17,0,0
2012-04-18,15.14,15.14,15.14,15.14,0,0
2012-04-19,15.12,15.12,15.12,15.12,0,0
2012-04-20,15.1,15.1,15.1,15.1,0,0
2012-04-23,14.98,14.98,14.98,14.98,0,0
2012-04-24,15.02,15.02,15.02,15.02,0,0
2012-04-25,15.03,15.03,15.03,15.03,0,0
2012-04-26,15.07,15.07,15.07,15.07,0,0
2012-04-27,15.13,15.13,15.13,15.13,0,0
2012-04-30,15.14,15.14,15.14,15.14,0,0
2012-05-02,15.12,15.12,15.12,15.12,0,0
2012-05-04,15.11,15.11,15.11,15.11,0,0
2012-05-07,15.11,15.11,15.11,15.11,0,0
2012-05-08,15.03,15.03,15.03,15.03,0,0
2012-05-09,14.99,14.99,14.99,14.99,0,0
2012-05-10,15.01,15.01,15.01,15.01,0,0
2012-05-11,15,15,15,15,0,0
2012-05-14,14.91,14.91,14.91,14.91,0,0
2012-05-15,14.87,14.87,14.87,14.87,0,0
2012-05-16,14.88,14.88,14.88,14.88,0,0
2012-05-17,14.77,14.77,14.77,14.77,0,0
2012-05-18,14.75,14.75,14.75,14.75,0,0
2012-05-21,14.8,14.8,14.8,14.8,0,0
2012-05-22,14.82,14.82,14.82,14.82,0,0
2012-05-23,14.71,14.71,14.71,14.71,0,0
2012-05-24,14.7,14.7,14.7,14.7,0,0
2012-05-25,14.71,14.71,14.71,14.71,0,0
2012-05-28,14.75,14.75,14.75,14.75,0,0
2012-05-29,14.8,14.8,14.8,14.8,0,0
2012-05-30,14.77,14.77,14.77,14.77,0,0
2012-05-31,14.82,14.82,14.82,14.82,0,0
2012-06-01,14.76,14.76,14.76,14.76,0,0
2012-06-04,14.74,14.74,14.74,14.74,0,0
2012-06-05,14.68,14.68,14.68,14.68,0,0
2012-06-06,14.79,14.79,14.79,14.79,0,0
2012-06-08,14.87,14.87,14.87,14.87,0,0
2012-06-11,14.91,14.91,14.91,14.91,0,0
2012-06-12,14.98,14.98,14.98,14.98,0,0
2012-06-13,14.98,14.98,14.98,14.98,0,0
2012-06-14,14.97,14.97,14.97,14.97,0,0
2012-06-15,15.02,15.02,15.02,15.02,0,0
2012-06-18,15.02,15.02,15.02,15.02,0,0
2012-06-19,15.13,15.13,15.13,15.13,0,0
2012-06-20,15.13,15.13,15.13,15.13,0,0
2012-06-21,15.09,15.09,15.09,15.09,0,0
2012-06-22,15.09,15.09,15.09,15.09,0,0
2012-06-25,15.04,15.04,15.04,15.04,0,0
2012-06-26,15.11,15.11,15.11,15.11,0,0
2012-06-27,15.16,15.16,15.16,15.16,0,0
2012-06-28,15.08,15.08,15.08,15.08,0,0
2012-06-29,15.17,15.17,15.17,15.17,0,0
2012-07-02,15.15,15.15,15.15,15.15,0,0
2012-07-03,15.19,15.19,15.19,15.19,0,0
2012-07-04,15.18,15.18,15.18,15.18,0,0
2012-07-05,15.21,15.21,15.21,15.21,0,0
2012-07-06,15.18,15.18,15.18,15.18,0,0
2012-07-09,15.13,15.13,15.13,15.13,0,0
2012-07-10,15.14,15.14,15.14,15.14,0,0
2012-07-11,15.1,15.1,15.1,15.1,0,0
2012-07-12,15.11,15.11,15.11,15.11,0,0
2012-07-13,15.17,15.17,15.17,15.17,0,0
2012-07-16,15.17,15.17,15.17,15.17,0,0
2012-07-17,15.18,15.18,15.18,15.18,0,0
2012-07-18,15.17,15.17,15.17,15.17,0,0
2012-07-19,15.21,15.21,15.21,15.21,0,0
2012-07-20,15.16,15.16,15.16,15.16,0,0
2012-07-23,15.01,15.01,15.01,15.01,0,0
2012-07-24,15.02,15.02,15.02,15.02,0,0
2012-07-25,15.04,15.04,15.04,15.04,0,0
2012-07-26,15.06,15.06,15.06,15.06,0,0
2012-07-27,15.12,15.12,15.12,15.12,0,0
2012-07-30,15.18,15.18,15.18,15.18,0,0
2012-07-31,15.18,15.18,15.18,15.18,0,0
2012-08-01,15.18,15.18,15.18,15.18,0,0
2012-08-02,15.15,15.15,15.15,15.15,0,0
2012-08-03,15.25,15.25,15.25,15.25,0,0
2012-08-06,15.31,15.31,15.31,15.31,0,0
2012-08-07,15.28,15.28,15.28,15.28,0,0
2012-08-08,15.28,15.28,15.28,15.28,0,0
2012-08-09,15.34,15.34,15.34,15.34,0,0
2012-08-10,15.33,15.33,15.33,15.33,0,0
2012-08-13,15.34,15.34,15.34,15.34,0,0
2012-08-14,15.35,15.35,15.35,15.35,0,0
2012-08-16,15.39,15.39,15.39,15.39,0,0
2012-08-17,15.36,15.36,15.36,15.36,0,0
2012-08-20,15.35,15.35,15.35,15.35,0,0
2012-08-21,15.39,15.39,15.39,15.39,0,0
2012-08-22,15.37,15.37,15.37,15.37,0,0
2012-08-23,15.35,15.35,15.35,15.35,0,0
2012-08-24,15.35,15.35,15.35,15.35,0,0
2012-08-27,15.35,15.35,15.35,15.35,0,0
2012-08-28,15.35,15.35,15.35,15.35,0,0
2012-08-29,15.3,15.3,15.3,15.3,0,0
2012-08-30,15.28,15.28,15.28,15.28,0,0
2012-08-31,15.34,15.34,15.34,15.34,0,0
2012-09-03,15.37,15.37,15.37,15.37,0,0
2012-09-04,15.36,15.36,15.36,15.36,0,0
2012-09-05,15.37,15.37,15.37,15.37,0,0
2012-09-06,15.44,15.44,15.44,15.44,0,0
2012-09-07,15.48,15.48,15.48,15.48,0,0
2012-09-10,15.5,15.5,15.5,15.5,0,0
2012-09-11,15.53,15.53,15.53,15.53,0,0
2012-09-12,15.51,15.51,15.51,15.51,0,0
2012-09-13,15.52,15.52,15.52,15.52,0,0
2012-09-14,15.63,15.63,15.63,15.63,0,0
2012-09-17,15.61,15.61,15.61,15.61,0,0
2012-09-18,15.63,15.63,15.63,15.63,0,0
2012-09-19,15.67,15.67,15.67,15.67,0,0
2012-09-20,15.61,15.61,15.61,15.61,0,0
2012-09-21,15.62,15.62,15.62,15.62,0,0
2012-09-24,15.6,15.6,15.6,15.6,0,0
2012-09-25,15.62,15.62,15.62,15.62,0,0
2012-09-26,15.59,15.59,15.59,15.59,0,0
2012-09-27,15.64,15.64,15.64,15.64,0,0
2012-09-28,15.62,15.62,15.62,15.62,0,0
2012-10-01,15.67,15.67,15.67,15.67,0,0
2012-10-02,15.69,15.69,15.69,15.69,0,0
2012-10-03,15.7,15.7,15.7,15.7,0,0
2012-10-04,15.67,15.67,15.67,15.67,0,0
2012-10-05,15.76,15.76,15.76,15.76,0,0
2012-10-08,15.75,15.75,15.75,15.75,0,0
2012-10-09,15.71,15.71,15.71,15.71,0,0
2012-10-10,15.74,15.74,15.74,15.74,0,0
2012-10-11,15.75,15.75,15.75,15.75,0,0
2012-10-12,15.74,15.74,15.74,15.74,0,0
2012-10-15,15.74,15.74,15.74,15.74,0,0
2012-10-16,15.78,15.78,15.78,15.78,0,0
2012-10-17,15.81,15.81,15.81,15.81,0,0
2012-10-18,15.83,15.83,15.83,15.83,0,0
2012-10-19,15.76,15.76,15.76,15.76,0,0
2012-10-22,15.75,15.75,15.75,15.75,0,0
2012-10-23,15.68,15.68,15.68,15.68,0,0
2012-10-24,15.69,15.69,15.69,15.69,0,0
2012-10-25,15.69,15.69,15.69,15.69,0,0
2012-10-26,15.68,15.68,15.68,15.68,0,0
2012-10-29,15.68,15.68,15.68,15.68,0,0
2012-10-30,15.69,15.69,15.69,15.69,0,0
2012-10-31,15.71,15.71,15.71,15.71,0,0
2012-11-02,15.77,15.77,15.77,15.77,0,0
2012-11-05,15.78,15.78,15.78,15.78,0,0
2012-11-06,15.78,15.78,15.78,15.78,0,0
2012-11-07,15.76,15.76,15.76,15.76,0,0
2012-11-08,15.78,15.78,15.78,15.78,0,0
2012-11-09,15.76,15.76,15.76,15.76,0,0
2012-11-12,15.77,15.77,15.77,15.77,0,0
2012-11-13,15.81,15.81,15.81,15.81,0,0
2012-11-14,15.82,15.82,15.82,15.82,0,0
2012-11-15,15.82,15.82,15.82,15.82,0,0
2012-11-16,15.81,15.81,15.81,15.81,0,0
2012-11-19,15.89,15.89,15.89,15.89,0,0
2012-11-20,15.9,15.9,15.9,15.9,0,0
2012-11-21,15.88,15.88,15.88,15.88,0,0
2012-11-22,15.86,15.86,15.86,15.86,0,0
2012-11-23,15.9,15.9,15.9,15.9,0,0
2012-11-26,15.93,15.93,15.93,15.93,0,0
2012-11-27,15.95,15.95,15.95,15.95,0,0
2012-11-28,15.95,15.95,15.95,15.95,0,0
2012-11-29,15.96,15.96,15.96,15.96,0,0
2012-11-30,16,16,16,16,0,0
2012-12-03,16.03,16.03,16.03,16.03,0,0
2012-12-04,16.04,16.04,16.04,16.04,0,0
2012-12-05,16.06,16.06,16.06,16.06,0,0
2012-12-06,16.1,16.1,16.1,16.1,0,0
2012-12-07,16.06,16.06,16.06,16.06,0,0
2012-12-10,16.12,16.12,16.12,16.12,0,0
2012-12-11,16.19,16.19,16.19,16.19,0,0
2012-12-12,16.21,16.21,16.21,16.21,0,0
2012-12-13,16.19,16.19,16.19,16.19,0,0
2012-12-14,16.2,16.2,16.2,16.2,0,0
2012-12-17,16.21,16.21,16.21,16.21,0,0
2012-12-18,16.24,16.24,16.24,16.24,0,0
2012-12-19,16.29,16.29,16.29,16.29,0,0
2012-12-20,16.3,16.3,16.3,16.3,0,0
2012-12-21,16.27,16.27,16.27,16.27,0,0
2012-12-27,16.3,16.3,16.3,16.3,0,0
2012-12-28,16.31,16.31,16.31,16.31,0,0
2013-01-02,16.36,16.36,16.36,16.36,0,0
2013-01-03,16.35,16.35,16.35,16.35,0,0
2013-01-04,16.32,16.32,16.32,16.32,0,0
2013-01-07,16.3,16.3,16.3,16.3,0,0
2013-01-08,16.3,16.3,16.3,16.3,0,0
2013-01-09,16.29,16.29,16.29,16.29,0,0
2013-01-10,16.28,16.28,16.28,16.28,0,0
2013-01-11,16.25,16.25,16.25,16.25,0,0
2013-01-14,16.27,16.27,16.27,16.27,0,0
2013-01-15,16.23,16.23,16.23,16.23,0,0
2013-01-16,16.28,16.28,16.28,16.28,0,0
2013-01-17,16.32,16.32,16.32,16.32,0,0
2013-01-18,16.35,16.35,16.35,16.35,0,0
2013-01-21,16.37,16.37,16.37,16.37,0,0
2013-01-22,16.37,16.37,16.37,16.37,0,0
2013-01-23,16.35,16.35,16.35,16.35,0,0
2013-01-24,16.39,16.39,16.39,16.39,0,0
2013-01-25,16.34,16.34,16.34,16.34,0,0
2013-01-28,16.31,16.31,16.31,16.31,0,0
2013-01-29,16.31,16.31,16.31,16.31,0,0
2013-01-30,16.27,16.27,16.27,16.27,0,0
2013-01-31,16.28,16.28,16.28,16.28,0,0
2013-02-01,16.27,16.27,16.27,16.27,0,0
2013-02-04,16.23,16.23,16.23,16.23,0,0
2013-02-05,16.25,16.25,16.25,16.25,0,0
2013-02-06,16.19,16.19,16.19,16.19,0,0
2013-02-07,16.19,16.19,16.19,16.19,0,0
2013-02-08,16.24,16.24,16.24,16.24,0,0
2013-02-11,16.23,16.23,16.23,16.23,0,0
2013-02-12,16.22,16.22,16.22,16.22,0,0
2013-02-13,16.24,16.24,16.24,16.24,0,0
2013-02-14,16.23,16.23,16.23,16.23,0,0
2013-02-15,16.25,16.25,16.25,16.25,0,0
2013-02-18,16.28,16.28,16.28,16.28,0,0
2013-02-19,16.27,16.27,16.27,16.27,0,0
2013-02-20,16.21,16.21,16.21,16.21,0,0
2013-02-21,16.19,16.19,16.19,16.19,0,0
2013-02-22,16.2,16.2,16.2,16.2,0,0
2013-02-25,16.23,16.23,16.23,16.23,0,0
2013-02-26,16.19,16.19,16.19,16.19,0,0
2013-02-27,16.22,16.22,16.22,16.22,0,0
2013-02-28,16.24,16.24,16.24,16.24,0,0
2013-03-01,16.23,16.23,16.23,16.23,0,0
2013-03-04,16.21,16.21,16.21,16.21,0,0
2013-03-05,16.25,16.25,16.25,16.25,0,0
2013-03-06,16.28,16.28,16.28,16.28,0,0
2013-03-07,16.26,16.26,16.26,16.26,0,0
2013-03-08,16.29,16.29,16.29,16.29,0,0
2013-03-11,16.28,16.28,16.28,16.28,0,0
2013-03-12,16.29,16.29,16.29,16.29,0,0
2013-03-13,16.31,16.31,16.31,16.31,0,0
2013-03-14,16.33,16.33,16.33,16.33,0,0
2013-03-15,16.33,16.33,16.33,16.33,0,0
2013-03-18,16.28,16.28,16.28,16.28,0,0
2013-03-19,16.2,16.2,16.2,16.2,0,0
2013-03-20,16.2,16.2,16.2,16.2,0,0
2013-03-21,16.15,16.15,16.15,16.15,0,0
2013-03-22,16.1,16.1,16.1,16.1,0,0
2013-03-25,16.05,16.05,16.05,16.05,0,0
2013-03-26,16.06,16.06,16.06,16.06,0,0
2013-03-27,16.12,16.12,16.12,16.12,0,0
2013-03-28,16.11,16.11,16.11,16.11,0,0
2013-04-02,16.15,16.15,16.15,16.15,0,0
2013-04-03,16.08,16.08,16.08,16.08,0,0
2013-04-04,16.1,16.1,16.1,16.1,0,0
2013-04-05,16.11,16.11,16.11,16.11,0,0
2013-04-08,16.14,16.14,16.14,16.14,0,0
2013-04-09,16.14,16.14,16.14,16.14,0,0
2013-04-10,16.18,16.18,16.18,16.18,0,0
2013-04-11,16.24,16.24,16.24,16.24,0,0
2013-04-12,16.21,16.21,16.21,16.21,0,0
2013-04-15,16.12,16.12,16.12,16.12,0,0
2013-04-17,16.06,16.06,16.06,16.06,0,0
2013-04-18,16.02,16.02,16.02,16.02,0,0
2013-04-19,16.02,16.02,16.02,16.02,0,0
2013-04-22,16.04,16.04,16.04,16.04,0,0
2013-04-23,16.04,16.04,16.04,16.04,0,0
2013-04-24,16.08,16.08,16.08,16.08,0,0
2013-04-25,16.08,16.08,16.08,16.08,0,0
2013-04-26,16.11,16.11,16.11,16.11,0,0
2013-04-29,16.13,16.13,16.13,16.13,0,0
2013-04-30,16.17,16.17,16.17,16.17,0,0
2013-05-02,16.16,16.16,16.16,16.16,0,0
2013-05-06,16.19,16.19,16.19,16.19,0,0
2013-05-07,16.21,16.21,16.21,16.21,0,0
2013-05-08,16.26,16.26,16.26,16.26,0,0
2013-05-09,16.24,16.24,16.24,16.24,0,0
2013-05-10,16.23,16.23,16.23,16.23,0,0
2013-05-13,16.24,16.24,16.24,16.24,0,0
2013-05-14,16.3,16.3,16.3,16.3,0,0
2013-05-15,16.32,16.32,16.32,16.32,0,0
2013-05-16,16.3,16.3,16.3,16.3,0,0
2013-05-17,16.32,16.32,16.32,16.32,0,0
2013-05-20,16.29,16.29,16.29,16.29,0,0
2013-05-21,16.28,16.28,16.28,16.28,0,0
2013-05-22,16.29,16.29,16.29,16.29,0,0
2013-05-23,16.22,16.22,16.22,16.22,0,0
2013-05-24,16.28,16.28,16.28,16.28,0,0
2013-05-27,16.38,16.38,16.38,16.38,0,0
2013-05-28,16.4,16.4,16.4,16.4,0,0
2013-05-29,16.37,16.37,16.37,16.37,0,0
2013-05-31,16.4,16.4,16.4,16.4,0,0
2013-06-03,16.31,16.31,16.31,16.31,0,0
2013-06-04,16.37,16.37,16.37,16.37,0,0
2013-06-05,16.35,16.35,16.35,16.35,0,0
2013-06-06,16.27,16.27,16.27,16.27,0,0
2013-06-07,16.37,16.37,16.37,16.37,0,0
2013-06-10,16.37,16.37,16.37,16.37,0,0
2013-06-11,16.32,16.32,16.32,16.32,0,0
2013-06-12,16.34,16.34,16.34,16.34,0,0
2013-06-13,16.35,16.35,16.35,16.35,0,0
2013-06-14,16.38,16.38,16.38,16.38,0,0
2013-06-17,16.36,16.36,16.36,16.36,0,0
2013-06-18,16.36,16.36,16.36,16.36,0,0
2013-06-19,16.32,16.32,16.32,16.32,0,0
2013-06-20,16.09,16.09,16.09,16.09,0,0
2013-06-21,15.97,15.97,15.97,15.97,0,0
2013-06-24,15.88,15.88,15.88,15.88,0,0
2013-06-25,15.92,15.92,15.92,15.92,0,0
2013-06-26,15.94,15.94,15.94,15.94,0,0
2013-06-27,15.84,15.84,15.84,15.84,0,0
2013-06-28,15.92,15.92,15.92,15.92,0,0
2013-07-01,15.97,15.97,15.97,15.97,0,0
2013-07-02,16.04,16.04,16.04,16.04,0,0
2013-07-03,16,16,16,16,0,0
2013-07-04,16.07,16.07,16.07,16.07,0,0
2013-07-05,15.99,15.99,15.99,15.99,0,0
2013-07-08,15.95,15.95,15.95,15.95,0,0
2013-07-09,15.95,15.95,15.95,15.95,0,0
2013-07-10,16.01,16.01,16.01,16.01,0,0
2013-07-11,16.08,16.08,16.08,16.08,0,0
2013-07-12,16.14,16.14,16.14,16.14,0,0
2013-07-15,16.15,16.15,16.15,16.15,0,0
2013-07-16,16.14,16.14,16.14,16.14,0,0
2013-07-17,16.14,16.14,16.14,16.14,0,0
2013-07-18,16.15,16.15,16.15,16.15,0,0
2013-07-19,16.16,16.16,16.16,16.16,0,0
2013-07-22,16.16,16.16,16.16,16.16,0,0
2013-07-23,16.17,16.17,16.17,16.17,0,0
2013-07-24,16.18,16.18,16.18,16.18,0,0
2013-07-25,16.17,16.17,16.17,16.17,0,0
2013-07-26,16.15,16.15,16.15,16.15,0,0
2013-07-29,16.17,16.17,16.17,16.17,0,0
2013-07-30,16.19,16.19,16.19,16.19,0,0
2013-07-31,16.22,16.22,16.22,16.22,0,0
2013-08-01,16.27,16.27,16.27,16.27,0,0
2013-08-02,16.37,16.37,16.37,16.37,0,0
2013-08-05,16.37,16.37,16.37,16.37,0,0
2013-08-06,16.29,16.29,16.29,16.29,0,0
2013-08-07,16.32,16.32,16.32,16.32,0,0
2013-08-08,16.38,16.38,16.38,16.38,0,0
2013-08-09,16.42,16.42,16.42,16.42,0,0
2013-08-12,16.48,16.48,16.48,16.48,0,0
2013-08-13,16.49,16.49,16.49,16.49,0,0
2013-08-14,16.53,16.53,16.53,16.53,0,0
2013-08-16,16.49,16.49,16.49,16.49,0,0
2013-08-19,16.43,16.43,16.43,16.43,0,0
2013-08-20,16.38,16.38,16.38,16.38,0,0
2013-08-21,16.36,16.36,16.36,16.36,0,0
2013-08-22,16.42,16.42,16.42,16.42,0,0
2013-08-23,16.42,16.42,16.42,16.42,0,0
2013-08-26,16.42,16.42,16.42,16.42,0,0
2013-08-27,16.31,16.31,16.31,16.31,0,0
2013-08-28,16.28,16.28,16.28,16.28,0,0
2013-08-29,16.3,16.3,16.3,16.3,0,0
2013-08-30,16.29,16.29,16.29,16.29,0,0
2013-09-02,16.33,16.33,16.33,16.33,0,0
2013-09-03,16.29,16.29,16.29,16.29,0,0
2013-09-04,16.16,16.16,16.16,16.16,0,0
2013-09-05,15.96,15.96,15.96,15.96,0,0
2013-09-06,16.07,16.07,16.07,16.07,0,0
2013-09-09,16.21,16.21,16.21,16.21,0,0
2013-09-10,16.33,16.33,16.33,16.33,0,0
2013-09-11,16.38,16.38,16.38,16.38,0,0
2013-09-12,16.42,16.42,16.42,16.42,0,0
2013-09-13,16.37,16.37,16.37,16.37,0,0
2013-09-16,16.34,16.34,16.34,16.34,0,0
2013-09-17,16.37,16.37,16.37,16.37,0,0
2013-09-18,16.38,16.38,16.38,16.38,0,0
2013-09-19,16.49,16.49,16.49,16.49,0,0
2013-09-20,16.49,16.49,16.49,16.49,0,0
2013-09-23,16.45,16.45,16.45,16.45,0,0
2013-09-24,16.45,16.45,16.45,16.45,0,0
2013-09-25,16.48,16.48,16.48,16.48,0,0
2013-09-26,16.54,16.54,16.54,16.54,0,0
2013-09-27,16.53,16.53,16.53,16.53,0,0
2013-09-30,16.47,16.47,16.47,16.47,0,0
2013-10-01,16.51,16.51,16.51,16.51,0,0
2013-10-02,16.53,16.53,16.53,16.53,0,0
2013-10-03,16.54,16.54,16.54,16.54,0,0
2013-10-04,16.52,16.52,16.52,16.52,0,0
2013-10-07,16.5,16.5,16.5,16.5,0,0
2013-10-08,16.49,16.49,16.49,16.49,0,0
2013-10-09,16.52,16.52,16.52,16.52,0,0
2013-10-10,16.67,16.67,16.67,16.67,0,0
2013-10-11,16.71,16.71,16.71,16.71,0,0
2013-10-14,16.76,16.76,16.76,16.76,0,0
2013-10-15,16.78,16.78,16.78,16.78,0,0
2013-10-16,16.8,16.8,16.8,16.8,0,0
2013-10-17,16.79,16.79,16.79,16.79,0,0
2013-10-18,16.79,16.79,16.79,16.79,0,0
2013-10-21,16.9,16.9,16.9,16.9,0,0
2013-10-22,16.89,16.89,16.89,16.89,0,0
2013-10-23,16.85,16.85,16.85,16.85,0,0
2013-10-24,16.92,16.92,16.92,16.92,0,0
2013-10-25,16.92,16.92,16.92,16.92,0,0
2013-10-28,16.95,16.95,16.95,16.95,0,0
2013-10-29,16.99,16.99,16.99,16.99,0,0
2013-10-30,16.97,16.97,16.97,16.97,0,0
2013-10-31,16.93,16.93,16.93,16.93,0,0
2013-11-04,16.98,16.98,16.98,16.98,0,0
2013-11-05,16.92,16.92,16.92,16.92,0,0
2013-11-06,16.96,16.96,16.96,16.96,0,0
2013-11-07,16.96,16.96,16.96,16.96,0,0
2013-11-08,16.91,16.91,16.91,16.91,0,0
2013-11-12,16.92,16.92,16.92,16.92,0,0
2013-11-13,16.84,16.84,16.84,16.84,0,0
2013-11-14,16.89,16.89,16.89,16.89,0,0
2013-11-15,16.95,16.95,16.95,16.95,0,0
2013-11-18,17.05,17.05,17.05,17.05,0,0
2013-11-19,17.01,17.01,17.01,17.01,0,0
2013-11-20,17.01,17.01,17.01,17.01,0,0
2013-11-21,17.02,17.02,17.02,17.02,0,0
2013-11-22,17.03,17.03,17.03,17.03,0,0
2013-11-25,17.06,17.06,17.06,17.06,0,0
2013-11-26,16.98,16.98,16.98,16.98,0,0
2013-11-27,16.99,16.99,16.99,16.99,0,0
2013-11-28,16.96,16.96,16.96,16.96,0,0
2013-11-29,16.99,16.99,16.99,16.99,0,0
2013-12-02,16.92,16.92,16.92,16.92,0,0
2013-12-03,16.87,16.87,16.87,16.87,0,0
2013-12-04,16.81,16.81,16.81,16.81,0,0
2013-12-05,16.78,16.78,16.78,16.78,0,0
2013-12-06,16.82,16.82,16.82,16.82,0,0
2013-12-09,16.87,16.87,16.87,16.87,0,0
2013-12-10,16.87,16.87,16.87,16.87,0,0
2013-12-11,16.86,16.86,16.86,16.86,0,0
2013-12-12,16.79,16.79,16.79,16.79,0,0
2013-12-13,16.78,16.78,16.78,16.78,0,0
2013-12-16,16.79,16.79,16.79,16.79,0,0
2013-12-17,16.68,16.68,16.68,16.68,0,0
2013-12-18,16.7,16.7,16.7,16.7,0,0
2013-12-19,16.68,16.68,16.68,16.68,0,0
2013-12-20,16.7,16.7,16.7,16.7,0,0
2013-12-23,16.74,16.74,16.74,16.74,0,0
2013-12-27,16.73,16.73,16.73,16.73,0,0
2013-12-30,16.74,16.74,16.74,16.74,0,0
2014-01-02,16.77,16.77,16.77,16.77,0,0
2014-01-03,16.74,16.74,16.74,16.74,0,0
2014-01-07,16.67,16.67,16.67,16.67,0,0
2014-01-08,16.69,16.69,16.69,16.69,0,0
2014-01-09,16.61,16.61,16.61,16.61,0,0
2014-01-10,16.65,16.65,16.65,16.65,0,0
2014-01-13,16.73,16.73,16.73,16.73,0,0
2014-01-14,16.76,16.76,16.76,16.76,0,0
2014-01-15,16.81,16.81,16.81,16.81,0,0
2014-01-16,16.82,16.82,16.82,16.82,0,0
2014-01-17,16.79,16.79,16.79,16.79,0,0
2014-01-20,16.8,16.8,16.8,16.8,0,0
2014-01-21,16.84,16.84,16.84,16.84,0,0
2014-01-22,16.89,16.89,16.89,16.89,0,0
2014-01-23,16.86,16.86,16.86,16.86,0,0
2014-01-24,16.72,16.72,16.72,16.72,0,0
2014-01-27,16.64,16.64,16.64,16.64,0,0
2014-01-28,16.69,16.69,16.69,16.69,0,0
2014-01-29,16.61,16.61,16.61,16.61,0,0
2014-01-30,16.62,16.62,16.62,16.62,0,0
2014-01-31,16.63,16.63,16.63,16.63,0,0
2014-02-03,16.65,16.65,16.65,16.65,0,0
2014-02-04,16.66,16.66,16.66,16.66,0,0
2014-02-05,16.68,16.68,16.68,16.68,0,0
2014-02-06,16.81,16.81,16.81,16.81,0,0
2014-02-07,16.81,16.81,16.81,16.81,0,0
2014-02-10,16.78,16.78,16.78,16.78,0,0
2014-02-11,16.82,16.82,16.82,16.82,0,0
2014-02-12,16.89,16.89,16.89,16.89,0,0
2014-02-13,16.9,16.9,16.9,16.9,0,0
2014-02-14,16.95,16.95,16.95,16.95,0,0
2014-02-17,16.96,16.96,16.96,16.96,0,0
2014-02-18,16.93,16.93,16.93,16.93,0,0
2014-02-19,16.94,16.94,16.94,16.94,0,0
2014-02-20,16.91,16.91,16.91,16.91,0,0
2014-02-21,16.95,16.95,16.95,16.95,0,0
2014-02-24,17.02,17.02,17.02,17.02,0,0
2014-02-25,16.97,16.97,16.97,16.97,0,0
2014-02-26,16.9,16.9,16.9,16.9,0,0
2014-02-27,16.88,16.88,16.88,16.88,0,0
2014-02-28,16.95,16.95,16.95,16.95,0,0
2014-03-03,16.63,16.63,16.63,16.63,0,0
2014-03-04,16.78,16.78,16.78,16.78,0,0
2014-03-05,16.81,16.81,16.81,16.81,0,0
2014-03-06,16.85,16.85,16.85,16.85,0,0
2014-03-07,16.78,16.78,16.78,16.78,0,0
2014-03-10,16.69,16.69,16.69,16.69,0,0
2014-03-11,16.68,16.68,16.68,16.68,0,0
2014-03-12,16.6,16.6,16.6,16.6,0,0
2014-03-13,16.53,16.53,16.53,16.53,0,0
2014-03-14,16.49,16.49,16.49,16.49,0,0
2014-03-17,16.62,16.62,16.62,16.62,0,0
2014-03-18,16.63,16.63,16.63,16.63,0,0
2014-03-19,16.61,16.61,16.61,16.61,0,0
2014-03-20,16.63,16.63,16.63,16.63,0,0
2014-03-21,16.63,16.63,16.63,16.63,0,0
2014-03-24,16.6,16.6,16.6,16.6,0,0
2014-03-25,16.68,16.68,16.68,16.68,0,0
2014-03-26,16.75,16.75,16.75,16.75,0,0
2014-03-27,16.74,16.74,16.74,16.74,0,0
2014-03-28,16.79,16.79,16.79,16.79,0,0
2014-03-31,16.85,16.85,16.85,16.85,0,0
2014-04-01,16.89,16.89,16.89,16.89,0,0
2014-04-02,16.9,16.9,16.9,16.9,0,0
2014-04-03,16.87,16.87,16.87,16.87,0,0
2014-04-04,16.92,16.92,16.92,16.92,0,0
2014-04-07,16.88,16.88,16.88,16.88,0,0
2014-04-08,16.91,16.91,16.91,16.91,0,0
2014-04-09,16.91,16.91,16.91,16.91,0,0
2014-04-10,16.92,16.92,16.92,16.92,0,0
2014-04-11,16.89,16.89,16.89,16.89,0,0
2014-04-14,16.82,16.82,16.82,16.82,0,0
2014-04-15,16.75,16.75,16.75,16.75,0,0
2014-04-16,16.72,16.72,16.72,16.72,0,0
2014-04-17,16.79,16.79,16.79,16.79,0,0
2014-04-22,16.85,16.85,16.85,16.85,0,0
2014-04-23,16.83,16.83,16.83,16.83,0,0
2014-04-24,16.8,16.8,16.8,16.8,0,0
2014-04-25,16.76,16.76,16.76,16.76,0,0
2014-04-28,16.78,16.78,16.78,16.78,0,0
2014-04-29,16.81,16.81,16.81,16.81,0,0
2014-04-30,16.85,16.85,16.85,16.85,0,0
2014-05-02,16.84,16.84,16.84,16.84,0,0
2014-05-05,16.79,16.79,16.79,16.79,0,0
2014-05-06,16.75,16.75,16.75,16.75,0,0
2014-05-07,16.74,16.74,16.74,16.74,0,0
2014-05-08,16.77,16.77,16.77,16.77,0,0
2014-05-09,16.73,16.73,16.73,16.73,0,0
2014-05-12,16.74,16.74,16.74,16.74,0,0
2014-05-13,16.76,16.76,16.76,16.76,0,0
2014-05-14,16.8,16.8,16.8,16.8,0,0
2014-05-15,16.75,16.75,16.75,16.75,0,0
2014-05-16,16.69,16.69,16.69,16.69,0,0
2014-05-19,16.71,16.71,16.71,16.71,0,0
2014-05-20,16.7,16.7,16.7,16.7,0,0
2014-05-21,16.76,16.76,16.76,16.76,0,0
2014-05-22,16.88,16.88,16.88,16.88,0,0
2014-05-23,16.9,16.9,16.9,16.9,0,0
2014-05-26,16.94,16.94,16.94,16.94,0,0
2014-05-27,16.93,16.93,16.93,16.93,0,0
2014-05-28,16.9,16.9,16.9,16.9,0,0
2014-05-29,16.95,16.95,16.95,16.95,0,0
2014-05-30,16.9,16.9,16.9,16.9,0,0
2014-06-02,16.9,16.9,16.9,16.9,0,0
2014-06-03,16.92,16.92,16.92,16.92,0,0
2014-06-04,16.94,16.94,16.94,16.94,0,0
2014-06-05,17.01,17.01,17.01,17.01,0,0
2014-06-06,17.09,17.09,17.09,17.09,0,0
2014-06-09,17.08,17.08,17.08,17.08,0,0
2014-06-10,17.08,17.08,17.08,17.08,0,0
2014-06-11,17.05,17.05,17.05,17.05,0,0
2014-06-12,17.05,17.05,17.05,17.05,0,0
2014-06-13,17.04,17.04,17.04,17.04,0,0
2014-06-16,17,17,17,17,0,0
2014-06-17,17.02,17.02,17.02,17.02,0,0
2014-06-18,17.02,17.02,17.02,17.02,0,0
2014-06-20,17.01,17.01,17.01,17.01,0,0
2014-06-23,17.02,17.02,17.02,17.02,0,0
2014-06-24,17.03,17.03,17.03,17.03,0,0
2014-06-25,16.97,16.97,16.97,16.97,0,0
2014-06-26,16.95,16.95,16.95,16.95,0,0
2014-06-27,16.94,16.94,16.94,16.94,0,0
2014-06-30,16.95,16.95,16.95,16.95,0,0
2014-07-01,16.93,16.93,16.93,16.93,0,0
2014-07-02,16.9,16.9,16.9,16.9,0,0
2014-07-03,16.86,16.86,16.86,16.86,0,0
2014-07-04,16.85,16.85,16.85,16.85,0,0
2014-07-07,16.88,16.88,16.88,16.88,0,0
2014-07-08,16.84,16.84,16.84,16.84,0,0
2014-07-09,16.8,16.8,16.8,16.8,0,0
2014-07-10,16.77,16.77,16.77,16.77,0,0
2014-07-11,16.83,16.83,16.83,16.83,0,0
2014-07-14,16.86,16.86,16.86,16.86,0,0
2014-07-15,16.85,16.85,16.85,16.85,0,0
2014-07-16,16.86,16.86,16.86,16.86,0,0
2014-07-17,16.88,16.88,16.88,16.88,0,0
2014-07-18,16.87,16.87,16.87,16.87,0,0
2014-07-21,16.84,16.84,16.84,16.84,0,0
2014-07-22,16.91,16.91,16.91,16.91,0,0
2014-07-23,16.93,16.93,16.93,16.93,0,0
2014-07-24,16.92,16.92,16.92,16.92,0,0
2014-07-25,16.92,16.92,16.92,16.92,0,0
2014-07-28,16.92,16.92,16.92,16.92,0,0
2014-07-29,16.9,16.9,16.9,16.9,0,0
2014-07-30,16.79,16.79,16.79,16.79,0,0
2014-07-31,16.72,16.72,16.72,16.72,0,0
2014-08-01,16.74,16.74,16.74,16.74,0,0
2014-08-04,16.82,16.82,16.82,16.82,0,0
2014-08-05,16.77,16.77,16.77,16.77,0,0
2014-08-06,16.74,16.74,16.74,16.74,0,0
2014-08-07,16.69,16.69,16.69,16.69,0,0
2014-08-08,16.64,16.64,16.64,16.64,0,0
2014-08-11,16.74,16.74,16.74,16.74,0,0
2014-08-12,16.74,16.74,16.74,16.74,0,0
2014-08-13,16.8,16.8,16.8,16.8,0,0
2014-08-14,16.88,16.88,16.88,16.88,0,0
2014-08-18,16.94,16.94,16.94,16.94,0,0
2014-08-19,16.95,16.95,16.95,16.95,0,0
2014-08-20,16.96,16.96,16.96,16.96,0,0
2014-08-21,16.95,16.95,16.95,16.95,0,0
2014-08-22,16.94,16.94,16.94,16.94,0,0
2014-08-25,16.97,16.97,16.97,16.97,0,0
2014-08-26,17.03,17.03,17.03,17.03,0,0
2014-08-27,17.04,17.04,17.04,17.04,0,0
2014-08-28,16.92,16.92,16.92,16.92,0,0
2014-08-29,16.93,16.93,16.93,16.93,0,0
2014-09-01,16.97,16.97,16.97,16.97,0,0
2014-09-02,16.98,16.98,16.98,16.98,0,0
2014-09-03,17.13,17.13,17.13,17.13,0,0
2014-09-04,17.2,17.2,17.2,17.2,0,0
2014-09-05,17.2,17.2,17.2,17.2,0,0
2014-09-08,17.24,17.24,17.24,17.24,0,0
2014-09-09,17.2,17.2,17.2,17.2,0,0
2014-09-10,17.2,17.2,17.2,17.2,0,0
2014-09-11,17.16,17.16,17.16,17.16,0,0
2014-09-12,17.14,17.14,17.14,17.14,0,0
2014-09-15,17.18,17.18,17.18,17.18,0,0
2014-09-16,17.2,17.2,17.2,17.2,0,0
2014-09-17,17.26,17.26,17.26,17.26,0,0
2014-09-18,17.24,17.24,17.24,17.24,0,0
2014-09-19,17.3,17.3,17.3,17.3,0,0
2014-09-22,17.28,17.28,17.28,17.28,0,0
2014-09-23,17.21,17.21,17.21,17.21,0,0
2014-09-24,17.23,17.23,17.23,17.23,0,0
2014-09-25,17.23,17.23,17.23,17.23,0,0
2014-09-26,17.24,17.24,17.24,17.24,0,0
2014-09-29,17.24,17.24,17.24,17.24,0,0
2014-09-30,17.24,17.24,17.24,17.24,0,0
2014-10-01,17.18,17.18,17.18,17.18,0,0
2014-10-02,17.09,17.09,17.09,17.09,0,0
2014-10-03,17.13,17.13,17.13,17.13,0,0
2014-10-06,17.17,17.17,17.17,17.17,0,0
2014-10-07,17.16,17.16,17.16,17.16,0,0
2014-10-08,17.1,17.1,17.1,17.1,0,0
2014-10-09,17.14,17.14,17.14,17.14,0,0
2014-10-10,17.07,17.07,17.07,17.07,0,0
2014-10-13,17.07,17.07,17.07,17.07,0,0
2014-10-14,17.11,17.11,17.11,17.11,0,0
2014-10-15,17.06,17.06,17.06,17.06,0,0
2014-10-16,17.03,17.03,17.03,17.03,0,0
2014-10-17,17.08,17.08,17.08,17.08,0,0
2014-10-20,17.07,17.07,17.07,17.07,0,0
2014-10-21,17.18,17.18,17.18,17.18,0,0
2014-10-22,17.21,17.21,17.21,17.21,0,0
2014-10-23,17.2,17.2,17.2,17.2,0,0
2014-10-24,17.19,17.19,17.19,17.19,0,0
2014-10-27,17.21,17.21,17.21,17.21,0,0
2014-10-28,17.25,17.25,17.25,17.25,0,0
2014-10-29,17.22,17.22,17.22,17.22,0,0
2014-10-30,17.22,17.22,17.22,17.22,0,0
2014-10-31,17.27,17.27,17.27,17.27,0,0
2014-11-03,17.26,17.26,17.26,17.26,0,0
2014-11-04,17.26,17.26,17.26,17.26,0,0
2014-11-05,17.21,17.21,17.21,17.21,0,0
2014-11-06,17.19,17.19,17.19,17.19,0,0
2014-11-07,17.17,17.17,17.17,17.17,0,0
2014-11-10,17.16,17.16,17.16,17.16,0,0
2014-11-12,17.14,17.14,17.14,17.14,0,0
2014-11-13,17.15,17.15,17.15,17.15,0,0
2014-11-14,17.18,17.18,17.18,17.18,0,0
2014-11-17,17.18,17.18,17.18,17.18,0,0
2014-11-18,17.22,17.22,17.22,17.22,0,0
2014-11-19,17.21,17.21,17.21,17.21,0,0
2014-11-20,17.16,17.16,17.16,17.16,0,0
2014-11-21,17.23,17.23,17.23,17.23,0,0
2014-11-24,17.22,17.22,17.22,17.22,0,0
2014-11-25,17.23,17.23,17.23,17.23,0,0
2014-11-26,17.27,17.27,17.27,17.27,0,0
2014-11-27,17.3,17.3,17.3,17.3,0,0
2014-11-28,17.28,17.28,17.28,17.28,0,0
2014-12-01,17.24,17.24,17.24,17.24,0,0
2014-12-02,17.3,17.3,17.3,17.3,0,0
2014-12-03,17.29,17.29,17.29,17.29,0,0
2014-12-04,17.24,17.24,17.24,17.24,0,0
2014-12-05,17.28,17.28,17.28,17.28,0,0
2014-12-08,17.27,17.27,17.27,17.27,0,0
2014-12-09,17.18,17.18,17.18,17.18,0,0
2014-12-10,17.13,17.13,17.13,17.13,0,0
2014-12-11,17.13,17.13,17.13,17.13,0,0
2014-12-12,17.09,17.09,17.09,17.09,0,0
2014-12-15,17,17,17,17,0,0
2014-12-16,16.87,16.87,16.87,16.87,0,0
2014-12-17,16.92,16.92,16.92,16.92,0,0
2014-12-18,17.01,17.01,17.01,17.01,0,0
2014-12-19,16.97,16.97,16.97,16.97,0,0
2014-12-22,17,17,17,17,0,0
2014-12-23,17,17,17,17,0,0
2014-12-29,16.95,16.95,16.95,16.95,0,0
2014-12-30,16.98,16.98,16.98,16.98,0,0
2015-01-02,16.99,16.99,16.99,16.99,0,0
2015-01-05,16.9,16.9,16.9,16.9,0,0
2015-01-07,17,17,17,17,0,0
2015-01-08,17.14,17.14,17.14,17.14,0,0
2015-01-09,17.09,17.09,17.09,17.09,0,0
2015-01-12,17.1,17.1,17.1,17.1,0,0
2015-01-13,17.16,17.16,17.16,17.16,0,0
2015-01-14,17.11,17.11,17.11,17.11,0,0
2015-01-15,16.93,16.93,16.93,16.93,0,0
2015-01-16,16.89,16.89,16.89,16.89,0,0
2015-01-19,16.87,16.87,16.87,16.87,0,0
2015-01-20,16.85,16.85,16.85,16.85,0,0
2015-01-21,16.96,16.96,16.96,16.96,0,0
2015-01-22,17,17,17,17,0,0
2015-01-23,17.08,17.08,17.08,17.08,0,0
2015-01-26,17.06,17.06,17.06,17.06,0,0
2015-01-27,17.09,17.09,17.09,17.09,0,0
2015-01-28,17.09,17.09,17.09,17.09,0,0
2015-01-29,17.14,17.14,17.14,17.14,0,0
2015-01-30,17.15,17.15,17.15,17.15,0,0
2015-02-02,17.13,17.13,17.13,17.13,0,0
2015-02-03,17.14,17.14,17.14,17.14,0,0
2015-02-04,17.15,17.15,17.15,17.15,0,0
2015-02-05,17.14,17.14,17.14,17.14,0,0
2015-02-06,17.16,17.16,17.16,17.16,0,0
2015-02-09,17.1,17.1,17.1,17.1,0,0
2015-02-10,17.1,17.1,17.1,17.1,0,0
2015-02-11,17.07,17.07,17.07,17.07,0,0
2015-02-12,17.18,17.18,17.18,17.18,0,0
2015-02-13,17.23,17.23,17.23,17.23,0,0
2015-02-16,17.27,17.27,17.27,17.27,0,0
2015-02-17,17.25,17.25,17.25,17.25,0,0
2015-02-18,17.21,17.21,17.21,17.21,0,0
2015-02-19,17.24,17.24,17.24,17.24,0,0
2015-02-20,17.22,17.22,17.22,17.22,0,0
2015-02-23,17.27,17.27,17.27,17.27,0,0
2015-02-24,17.3,17.3,17.3,17.3,0,0
2015-02-25,17.29,17.29,17.29,17.29,0,0
2015-02-26,17.34,17.34,17.34,17.34,0,0
2015-02-27,17.36,17.36,17.36,17.36,0,0
2015-03-02,17.38,17.38,17.38,17.38,0,0
2015-03-03,17.29,17.29,17.29,17.29,0,0
2015-03-04,17.34,17.34,17.34,17.34,0,0
2015-03-05,17.39,17.39,17.39,17.39,0,0
2015-03-06,17.36,17.36,17.36,17.36,0,0
2015-03-09,17.35,17.35,17.35,17.35,0,0
2015-03-10,17.28,17.28,17.28,17.28,0,0
2015-03-11,17.32,17.32,17.32,17.32,0,0
2015-03-12,17.33,17.33,17.33,17.33,0,0
2015-03-13,17.28,17.28,17.28,17.28,0,0
2015-03-16,17.29,17.29,17.29,17.29,0,0
2015-03-17,17.32,17.32,17.32,17.32,0,0
2015-03-18,17.32,17.32,17.32,17.32,0,0
2015-03-19,17.44,17.44,17.44,17.44,0,0
2015-03-20,17.5,17.5,17.5,17.5,0,0
2015-03-23,17.5,17.5,17.5,17.5,0,0
2015-03-24,17.48,17.48,17.48,17.48,0,0
2015-03-25,17.46,17.46,17.46,17.46,0,0
2015-03-26,17.37,17.37,17.37,17.37,0,0
2015-03-27,17.37,17.37,17.37,17.37,0,0
2015-03-30,17.42,17.42,17.42,17.42,0,0
2015-03-31,17.42,17.42,17.42,17.42,0,0
2015-04-01,17.42,17.42,17.42,17.42,0,0
2015-04-02,17.45,17.45,17.45,17.45,0,0
2015-04-07,17.49,17.49,17.49,17.49,0,0
2015-04-08,17.53,17.53,17.53,17.53,0,0
2015-04-09,17.58,17.58,17.58,17.58,0,0
2015-04-10,17.56,17.56,17.56,17.56,0,0
2015-04-13,17.55,17.55,17.55,17.55,0,0
2015-04-14,17.55,17.55,17.55,17.55,0,0
2015-04-15,17.62,17.62,17.62,17.62,0,0
2015-04-16,17.65,17.65,17.65,17.65,0,0
2015-04-17,17.57,17.57,17.57,17.57,0,0
2015-04-20,17.64,17.64,17.64,17.64,0,0
2015-04-21,17.62,17.62,17.62,17.62,0,0
2015-04-22,17.64,17.64,17.64,17.64,0,0
2015-04-23,17.65,17.65,17.65,17.65,0,0
2015-04-24,17.65,17.65,17.65,17.65,0,0
2015-04-27,17.71,17.71,17.71,17.71,0,0
2015-04-28,17.69,17.69,17.69,17.69,0,0
2015-04-29,17.65,17.65,17.65,17.65,0,0
2015-04-30,17.66,17.66,17.66,17.66,0,0
2015-05-04,17.7,17.7,17.7,17.7,0,0
2015-05-05,17.66,17.66,17.66,17.66,0,0
2015-05-06,17.68,17.68,17.68,17.68,0,0
2015-05-07,17.69,17.69,17.69,17.69,0,0
2015-05-08,17.78,17.78,17.78,17.78,0,0
2015-05-11,17.76,17.76,17.76,17.76,0,0
2015-05-12,17.73,17.73,17.73,17.73,0,0
2015-05-13,17.73,17.73,17.73,17.73,0,0
2015-05-14,17.7,17.7,17.7,17.7,0,0
2015-05-15,17.7,17.7,17.7,17.7,0,0
2015-05-18,17.68,17.68,17.68,17.68,0,0
2015-05-19,17.69,17.69,17.69,17.69,0,0
2015-05-20,17.66,17.66,17.66,17.66,0,0
2015-05-21,17.68,17.68,17.68,17.68,0,0
2015-05-22,17.66,17.66,17.66,17.66,0,0
2015-05-25,17.52,17.52,17.52,17.52,0,0
2015-05-26,17.46,17.46,17.46,17.46,0,0
2015-05-27,17.52,17.52,17.52,17.52,0,0
2015-05-28,17.48,17.48,17.48,17.48,0,0
2015-05-29,17.47,17.47,17.47,17.47,0,0
2015-06-01,17.5,17.5,17.5,17.5,0,0
2015-06-02,17.45,17.45,17.45,17.45,0,0
2015-06-03,17.41,17.41,17.41,17.41,0,0
2015-06-05,17.32,17.32,17.32,17.32,0,0
2015-06-08,17.27,17.27,17.27,17.27,0,0
2015-06-09,17.23,17.23,17.23,17.23,0,0
2015-06-10,17.31,17.31,17.31,17.31,0,0
2015-06-11,17.32,17.32,17.32,17.32,0,0
2015-06-12,17.26,17.26,17.26,17.26,0,0
2015-06-15,17.2,17.2,17.2,17.2,0,0
2015-06-16,17.19,17.19,17.19,17.19,0,0
2015-06-17,17.09,17.09,17.09,17.09,0,0
2015-06-18,17.15,17.15,17.15,17.15,0,0
2015-06-19,17.1,17.1,17.1,17.1,0,0
2015-06-22,17.23,17.23,17.23,17.23,0,0
2015-06-23,17.25,17.25,17.25,17.25,0,0
2015-06-24,17.25,17.25,17.25,17.25,0,0
2015-06-25,17.25,17.25,17.25,17.25,0,0
2015-06-26,17.24,17.24,17.24,17.24,0,0
2015-06-29,17.06,17.06,17.06,17.06,0,0
2015-06-30,17.11,17.11,17.11,17.11,0,0
2015-07-01,17.08,17.08,17.08,17.08,0,0
2015-07-02,17.08,17.08,17.08,17.08,0,0
2015-07-03,17.06,17.06,17.06,17.06,0,0
2015-07-06,17.03,17.03,17.03,17.03,0,0
2015-07-07,16.92,16.92,16.92,16.92,0,0
2015-07-08,16.89,16.89,16.89,16.89,0,0
2015-07-09,16.94,16.94,16.94,16.94,0,0
2015-07-10,17.06,17.06,17.06,17.06,0,0
2015-07-13,17.1,17.1,17.1,17.1,0,0
2015-07-14,17.08,17.08,17.08,17.08,0,0
2015-07-15,17.12,17.12,17.12,17.12,0,0
2015-07-16,17.22,17.22,17.22,17.22,0,0
2015-07-17,17.21,17.21,17.21,17.21,0,0
2015-07-20,17.16,17.16,17.16,17.16,0,0
2015-07-21,17.15,17.15,17.15,17.15,0,0
2015-07-22,17.01,17.01,17.01,17.01,0,0
2015-07-23,17.02,17.02,17.02,17.02,0,0
2015-07-24,17.01,17.01,17.01,17.01,0,0
2015-07-27,16.99,16.99,16.99,16.99,0,0
2015-07-28,17.03,17.03,17.03,17.03,0,0
2015-07-29,17.07,17.07,17.07,17.07,0,0
2015-07-30,17.05,17.05,17.05,17.05,0,0
2015-07-31,17.12,17.12,17.12,17.12,0,0
2015-08-03,17.11,17.11,17.11,17.11,0,0
2015-08-04,17.16,17.16,17.16,17.16,0,0
2015-08-05,17.23,17.23,17.23,17.23,0,0
2015-08-06,17.06,17.06,17.06,17.06,0,0
2015-08-07,17.08,17.08,17.08,17.08,0,0
2015-08-10,17.15,17.15,17.15,17.15,0,0
2015-08-11,17.15,17.15,17.15,17.15,0,0
2015-08-12,17.09,17.09,17.09,17.09,0,0
2015-08-13,17.17,17.17,17.17,17.17,0,0
2015-08-14,17.11,17.11,17.11,17.11,0,0
2015-08-17,17.05,17.05,17.05,17.05,0,0
2015-08-18,17.05,17.05,17.05,17.05,0,0
2015-08-19,17.11,17.11,17.11,17.11,0,0
2015-08-20,17.1,17.1,17.1,17.1,0,0
2015-08-21,17,17,17,17,0,0
2015-08-24,16.59,16.59,16.59,16.59,0,0
2015-08-25,16.63,16.63,16.63,16.63,0,0
2015-08-26,16.64,16.64,16.64,16.64,0,0
2015-08-27,16.78,16.78,16.78,16.78,0,0
2015-08-28,16.85,16.85,16.85,16.85,0,0
2015-08-31,16.9,16.9,16.9,16.9,0,0
2015-09-01,16.75,16.75,16.75,16.75,0,0
2015-09-02,16.74,16.74,16.74,16.74,0,0
2015-09-03,16.86,16.86,16.86,16.86,0,0
2015-09-04,16.82,16.82,16.82,16.82,0,0
2015-09-07,16.78,16.78,16.78,16.78,0,0
2015-09-08,16.78,16.78,16.78,16.78,0,0
2015-09-09,16.8,16.8,16.8,16.8,0,0
2015-09-10,16.89,16.89,16.89,16.89,0,0
2015-09-11,16.89,16.89,16.89,16.89,0,0
2015-09-14,16.89,16.89,16.89,16.89,0,0
2015-09-15,16.88,16.88,16.88,16.88,0,0
2015-09-16,16.88,16.88,16.88,16.88,0,0
2015-09-17,16.93,16.93,16.93,16.93,0,0
2015-09-18,16.91,16.91,16.91,16.91,0,0
2015-09-21,16.93,16.93,16.93,16.93,0,0
2015-09-22,16.84,16.84,16.84,16.84,0,0
2015-09-23,16.76,16.76,16.76,16.76,0,0
2015-09-24,16.72,16.72,16.72,16.72,0,0
2015-09-25,16.74,16.74,16.74,16.74,0,0
2015-09-28,16.65,16.65,16.65,16.65,0,0
2015-09-29,16.64,16.64,16.64,16.64,0,0
2015-09-30,16.72,16.72,16.72,16.72,0,0
2015-10-01,16.72,16.72,16.72,16.72,0,0
2015-10-02,16.72,16.72,16.72,16.72,0,0
2015-10-05,16.88,16.88,16.88,16.88,0,0
2015-10-06,16.94,16.94,16.94,16.94,0,0
2015-10-07,16.96,16.96,16.96,16.96,0,0
2015-10-08,16.98,16.98,16.98,16.98,0,0
2015-10-09,17.05,17.05,17.05,17.05,0,0
2015-10-12,17.02,17.02,17.02,17.02,0,0
2015-10-13,16.97,16.97,16.97,16.97,0,0
2015-10-14,16.97,16.97,16.97,16.97,0,0
2015-10-15,17.05,17.05,17.05,17.05,0,0
2015-10-16,17,17,17,17,0,0
2015-10-19,16.98,16.98,16.98,16.98,0,0
2015-10-20,16.99,16.99,16.99,16.99,0,0
2015-10-21,16.97,16.97,16.97,16.97,0,0
2015-10-22,17,17,17,17,0,0
2015-10-23,17.02,17.02,17.02,17.02,0,0
2015-10-26,17.01,17.01,17.01,17.01,0,0
2015-10-27,17.02,17.02,17.02,17.02,0,0
2015-10-28,17.03,17.03,17.03,17.03,0,0
2015-10-29,16.91,16.91,16.91,16.91,0,0
2015-10-30,16.92,16.92,16.92,16.92,0,0
2015-11-02,16.98,16.98,16.98,16.98,0,0
2015-11-03,16.94,16.94,16.94,16.94,0,0
2015-11-04,16.92,16.92,16.92,16.92,0,0
2015-11-05,16.89,16.89,16.89,16.89,0,0
2015-11-06,16.81,16.81,16.81,16.81,0,0
2015-11-09,16.75,16.75,16.75,16.75,0,0
2015-11-10,16.76,16.76,16.76,16.76,0,0
2015-11-12,16.77,16.77,16.77,16.77,0,0
2015-11-13,16.71,16.71,16.71,16.71,0,0
2015-11-16,16.69,16.69,16.69,16.69,0,0
2015-11-17,16.77,16.77,16.77,16.77,0,0
2015-11-18,16.8,16.8,16.8,16.8,0,0
2015-11-19,16.8,16.8,16.8,16.8,0,0
2015-11-20,16.84,16.84,16.84,16.84,0,0
2015-11-23,16.72,16.72,16.72,16.72,0,0
2015-11-24,16.67,16.67,16.67,16.67,0,0
2015-11-25,16.68,16.68,16.68,16.68,0,0
2015-11-26,16.75,16.75,16.75,16.75,0,0
2015-11-27,16.69,16.69,16.69,16.69,0,0
2015-11-30,16.67,16.67,16.67,16.67,0,0
2015-12-01,16.67,16.67,16.67,16.67,0,0
2015-12-02,16.57,16.57,16.57,16.57,0,0
2015-12-03,16.51,16.51,16.51,16.51,0,0
2015-12-04,16.47,16.47,16.47,16.47,0,0
2015-12-07,16.48,16.48,16.48,16.48,0,0
2015-12-08,16.36,16.36,16.36,16.36,0,0
2015-12-09,16.25,16.25,16.25,16.25,0,0
2015-12-10,16.33,16.33,16.33,16.33,0,0
2015-12-11,16.19,16.19,16.19,16.19,0,0
2015-12-14,16.1,16.1,16.1,16.1,0,0
2015-12-15,16.15,16.15,16.15,16.15,0,0
2015-12-16,16.25,16.25,16.25,16.25,0,0
2015-12-17,16.39,16.39,16.39,16.39,0,0
2015-12-18,16.45,16.45,16.45,16.45,0,0
2015-12-21,16.49,16.49,16.49,16.49,0,0
2015-12-22,16.5,16.5,16.5,16.5,0,0
2015-12-23,16.53,16.53,16.53,16.53,0,0
2015-12-28,16.55,16.55,16.55,16.55,0,0
2015-12-29,16.63,16.63,16.63,16.63,0,0
2015-12-30,16.6,16.6,16.6,16.6,0,0
2016-01-04,16.46,16.46,16.46,16.46,0,0
2016-01-05,16.44,16.44,16.44,16.44,0,0
2016-01-07,16.32,16.32,16.32,16.32,0,0
2016-01-08,16.31,16.31,16.31,16.31,0,0
2016-01-11,16.25,16.25,16.25,16.25,0,0
2016-01-12,16.37,16.37,16.37,16.37,0,0
2016-01-13,16.42,16.42,16.42,16.42,0,0
2016-01-14,16.39,16.39,16.39,16.39,0,0
2016-01-15,16.24,16.24,16.24,16.24,0,0
2016-01-18,15.98,15.98,15.98,15.98,0,0
2016-01-19,16.01,16.01,16.01,16.01,0,0
2016-01-20,15.94,15.94,15.94,15.94,0,0
2016-01-21,15.91,15.91,15.91,15.91,0,0
2016-01-22,16.02,16.02,16.02,16.02,0,0
2016-01-25,16.04,16.04,16.04,16.04,0,0
2016-01-26,16.01,16.01,16.01,16.01,0,0
2016-01-27,16.06,16.06,16.06,16.06,0,0
2016-01-28,16.16,16.16,16.16,16.16,0,0
2016-01-29,16.24,16.24,16.24,16.24,0,0
2016-02-01,16.24,16.24,16.24,16.24,0,0
2016-02-02,16.16,16.16,16.16,16.16,0,0
2016-02-03,16.2,16.2,16.2,16.2,0,0
2016-02-04,16.32,16.32,16.32,16.32,0,0
2016-02-05,16.34,16.34,16.34,16.34,0,0
2016-02-08,16.23,16.23,16.23,16.23,0,0
2016-02-09,16.16,16.16,16.16,16.16,0,0
2016-02-10,16.18,16.18,16.18,16.18,0,0
2016-02-11,16.17,16.17,16.17,16.17,0,0
2016-02-12,16.22,16.22,16.22,16.22,0,0
2016-02-15,16.32,16.32,16.32,16.32,0,0
2016-02-16,16.31,16.31,16.31,16.31,0,0
2016-02-17,16.46,16.46,16.46,16.46,0,0
2016-02-18,16.5,16.5,16.5,16.5,0,0
2016-02-19,16.46,16.46,16.46,16.46,0,0
2016-02-22,16.52,16.52,16.52,16.52,0,0
2016-02-23,16.52,16.52,16.52,16.52,0,0
2016-02-24,16.46,16.46,16.46,16.46,0,0
2016-02-25,16.48,16.48,16.48,16.48,0,0
2016-02-26,16.51,16.51,16.51,16.51,0,0
2016-02-29,16.46,16.46,16.46,16.46,0,0
2016-03-01,16.45,16.45,16.45,16.45,0,0
2016-03-02,16.44,16.44,16.44,16.44,0,0
2016-03-03,16.57,16.57,16.57,16.57,0,0
2016-03-04,16.58,16.58,16.58,16.58,0,0
2016-03-07,16.66,16.66,16.66,16.66,0,0
2016-03-08,16.65,16.65,16.65,16.65,0,0
2016-03-09,16.63,16.63,16.63,16.63,0,0
2016-03-10,16.67,16.67,16.67,16.67,0,0
2016-03-11,16.75,16.75,16.75,16.75,0,0
2016-03-14,16.78,16.78,16.78,16.78,0,0
2016-03-15,16.76,16.76,16.76,16.76,0,0
2016-03-16,16.72,16.72,16.72,16.72,0,0
2016-03-17,16.84,16.84,16.84,16.84,0,0
2016-03-18,16.91,16.91,16.91,16.91,0,0
2016-03-21,16.86,16.86,16.86,16.86,0,0
2016-03-22,16.87,16.87,16.87,16.87,0,0
2016-03-23,16.83,16.83,16.83,16.83,0,0
2016-03-24,16.83,16.83,16.83,16.83,0,0
2016-03-29,16.87,16.87,16.87,16.87,0,0
2016-03-30,16.95,16.95,16.95,16.95,0,0
2016-03-31,16.97,16.97,16.97,16.97,0,0
2016-04-01,16.93,16.93,16.93,16.93,0,0
2016-04-04,16.93,16.93,16.93,16.93,0,0
2016-04-05,16.81,16.81,16.81,16.81,0,0
2016-04-06,16.78,16.78,16.78,16.78,0,0
2016-04-07,16.75,16.75,16.75,16.75,0,0
2016-04-08,16.78,16.78,16.78,16.78,0,0
2016-04-11,16.77,16.77,16.77,16.77,0,0
2016-04-12,16.77,16.77,16.77,16.77,0,0
2016-04-13,16.87,16.87,16.87,16.87,0,0
2016-04-14,16.87,16.87,16.87,16.87,0,0
2016-04-15,16.84,16.84,16.84,16.84,0,0
2016-04-18,16.84,16.84,16.84,16.84,0,0
2016-04-19,16.87,16.87,16.87,16.87,0,0
2016-04-20,16.88,16.88,16.88,16.88,0,0
2016-04-21,16.86,16.86,16.86,16.86,0,0
2016-04-22,16.87,16.87,16.87,16.87,0,0
2016-04-25,16.84,16.84,16.84,16.84,0,0
2016-04-26,16.81,16.81,16.81,16.81,0,0
2016-04-27,16.78,16.78,16.78,16.78,0,0
2016-04-28,16.77,16.77,16.77,16.77,0,0
2016-04-29,16.79,16.79,16.79,16.79,0,0
2016-05-02,16.79,16.79,16.79,16.79,0,0
2016-05-04,16.69,16.69,16.69,16.69,0,0
2016-05-05,16.63,16.63,16.63,16.63,0,0
2016-05-06,16.68,16.68,16.68,16.68,0,0
2016-05-09,16.66,16.66,16.66,16.66,0,0
2016-05-10,16.59,16.59,16.59,16.59,0,0
2016-05-11,16.57,16.57,16.57,16.57,0,0
2016-05-12,16.57,16.57,16.57,16.57,0,0
2016-05-13,16.6,16.6,16.6,16.6,0,0
2016-05-16,16.69,16.69,16.69,16.69,0,0
2016-05-17,16.66,16.66,16.66,16.66,0,0
2016-05-18,16.65,16.65,16.65,16.65,0,0
2016-05-19,16.54,16.54,16.54,16.54,0,0
2016-05-20,16.53,16.53,16.53,16.53,0,0
2016-05-23,16.55,16.55,16.55,16.55,0,0
2016-05-24,16.59,16.59,16.59,16.59,0,0
2016-05-25,16.63,16.63,16.63,16.63,0,0
2016-05-27,16.61,16.61,16.61,16.61,0,0
2016-05-30,16.6,16.6,16.6,16.6,0,0
2016-05-31,16.51,16.51,16.51,16.51,0,0
2016-06-01,16.37,16.37,16.37,16.37,0,0
2016-06-02,16.4,16.4,16.4,16.4,0,0
2016-06-03,16.48,16.48,16.48,16.48,0,0
2016-06-06,16.47,16.47,16.47,16.47,0,0
2016-06-07,16.55,16.55,16.55,16.55,0,0
2016-06-08,16.57,16.57,16.57,16.57,0,0
2016-06-09,16.49,16.49,16.49,16.49,0,0
2016-06-10,16.43,16.43,16.43,16.43,0,0
2016-06-13,16.39,16.39,16.39,16.39,0,0
2016-06-14,16.35,16.35,16.35,16.35,0,0
2016-06-15,16.35,16.35,16.35,16.35,0,0
2016-06-16,16.24,16.24,16.24,16.24,0,0
2016-06-17,16.35,16.35,16.35,16.35,0,0
2016-06-20,16.46,16.46,16.46,16.46,0,0
2016-06-21,16.49,16.49,16.49,16.49,0,0
2016-06-22,16.56,16.56,16.56,16.56,0,0
2016-06-23,16.64,16.64,16.64,16.64,0,0
2016-06-24,16.36,16.36,16.36,16.36,0,0
2016-06-27,16.27,16.27,16.27,16.27,0,0
2016-06-28,16.36,16.36,16.36,16.36,0,0
2016-06-29,16.4,16.4,16.4,16.4,0,0
2016-06-30,16.42,16.42,16.42,16.42,0,0
2016-07-01,16.42,16.42,16.42,16.42,0,0
2016-07-04,16.35,16.35,16.35,16.35,0,0
2016-07-05,16.32,16.32,16.32,16.32,0,0
2016-07-06,16.24,16.24,16.24,16.24,0,0
2016-07-07,16.3,16.3,16.3,16.3,0,0
2016-07-08,16.31,16.31,16.31,16.31,0,0
2016-07-11,16.44,16.44,16.44,16.44,0,0
2016-07-12,16.47,16.47,16.47,16.47,0,0
2016-07-13,16.44,16.44,16.44,16.44,0,0
2016-07-14,16.5,16.5,16.5,16.5,0,0
2016-07-15,16.55,16.55,16.55,16.55,0,0
2016-07-18,16.61,16.61,16.61,16.61,0,0
2016-07-19,16.62,16.62,16.62,16.62,0,0
2016-07-20,16.63,16.63,16.63,16.63,0,0
2016-07-21,16.65,16.65,16.65,16.65,0,0
2016-07-22,16.65,16.65,16.65,16.65,0,0
2016-07-25,16.69,16.69,16.69,16.69,0,0
2016-07-26,16.67,16.67,16.67,16.67,0,0
2016-07-27,16.67,16.67,16.67,16.67,0,0
2016-07-28,16.68,16.68,16.68,16.68,0,0
2016-07-29,16.62,16.62,16.62,16.62,0,0
2016-08-01,16.61,16.61,16.61,16.61,0,0
2016-08-02,16.77,16.77,16.77,16.77,0,0
2016-08-03,16.74,16.74,16.74,16.74,0,0
2016-08-04,16.83,16.83,16.83,16.83,0,0
2016-08-05,16.84,16.84,16.84,16.84,0,0
2016-08-08,16.86,16.86,16.86,16.86,0,0
2016-08-09,16.9,16.9,16.9,16.9,0,0
2016-08-10,16.92,16.92,16.92,16.92,0,0
2016-08-11,16.95,16.95,16.95,16.95,0,0
2016-08-12,16.98,16.98,16.98,16.98,0,0
2016-08-16,16.96,16.96,16.96,16.96,0,0
2016-08-17,16.93,16.93,16.93,16.93,0,0
2016-08-18,16.94,16.94,16.94,16.94,0,0
2016-08-19,16.92,16.92,16.92,16.92,0,0
2016-08-22,16.92,16.92,16.92,16.92,0,0
2016-08-23,16.93,16.93,16.93,16.93,0,0
2016-08-24,16.94,16.94,16.94,16.94,0,0
2016-08-25,16.92,16.92,16.92,16.92,0,0
2016-08-26,16.94,16.94,16.94,16.94,0,0
2016-08-29,16.94,16.94,16.94,16.94,0,0
2016-08-30,16.93,16.93,16.93,16.93,0,0
2016-08-31,16.93,16.93,16.93,16.93,0,0
2016-09-01,16.87,16.87,16.87,16.87,0,0
2016-09-02,16.89,16.89,16.89,16.89,0,0
2016-09-05,16.92,16.92,16.92,16.92,0,0
2016-09-06,16.94,16.94,16.94,16.94,0,0
2016-09-07,16.97,16.97,16.97,16.97,0,0
2016-09-08,16.94,16.94,16.94,16.94,0,0
2016-09-09,16.88,16.88,16.88,16.88,0,0
2016-09-12,16.85,16.85,16.85,16.85,0,0
2016-09-13,16.88,16.88,16.88,16.88,0,0
2016-09-14,16.88,16.88,16.88,16.88,0,0
2016-09-15,16.88,16.88,16.88,16.88,0,0
2016-09-16,16.9,16.9,16.9,16.9,0,0
2016-09-19,16.89,16.89,16.89,16.89,0,0
2016-09-20,16.91,16.91,16.91,16.91,0,0
2016-09-21,16.9,16.9,16.9,16.9,0,0
2016-09-22,16.93,16.93,16.93,16.93,0,0
2016-09-23,16.91,16.91,16.91,16.91,0,0
2016-09-26,16.89,16.89,16.89,16.89,0,0
2016-09-27,16.85,16.85,16.85,16.85,0,0
2016-09-28,16.87,16.87,16.87,16.87,0,0
2016-09-29,16.9,16.9,16.9,16.9,0,0
2016-09-30,16.89,16.89,16.89,16.89,0,0
2016-10-03,16.88,16.88,16.88,16.88,0,0
2016-10-04,16.9,16.9,16.9,16.9,0,0
2016-10-05,16.87,16.87,16.87,16.87,0,0
2016-10-06,16.86,16.86,16.86,16.86,0,0
2016-10-07,16.85,16.85,16.85,16.85,0,0
2016-10-10,16.85,16.85,16.85,16.85,0,0
2016-10-11,16.81,16.81,16.81,16.81,0,0
2016-10-12,16.81,16.81,16.81,16.81,0,0
2016-10-13,16.77,16.77,16.77,16.77,0,0
2016-10-14,16.77,16.77,16.77,16.77,0,0
2016-10-17,16.78,16.78,16.78,16.78,0,0
2016-10-18,16.8,16.8,16.8,16.8,0,0
2016-10-19,16.84,16.84,16.84,16.84,0,0
2016-10-20,16.85,16.85,16.85,16.85,0,0
2016-10-21,16.84,16.84,16.84,16.84,0,0
2016-10-24,16.86,16.86,16.86,16.86,0,0
2016-10-25,16.83,16.83,16.83,16.83,0,0
2016-10-26,16.82,16.82,16.82,16.82,0,0
2016-10-27,16.79,16.79,16.79,16.79,0,0
2016-10-28,16.85,16.85,16.85,16.85,0,0
2016-10-31,16.83,16.83,16.83,16.83,0,0
2016-11-02,16.74,16.74,16.74,16.74,0,0
2016-11-03,16.75,16.75,16.75,16.75,0,0
2016-11-04,16.74,16.74,16.74,16.74,0,0
2016-11-07,16.75,16.75,16.75,16.75,0,0
2016-11-08,16.78,16.78,16.78,16.78,0,0
2016-11-09,16.75,16.75,16.75,16.75,0,0
2016-11-10,16.73,16.73,16.73,16.73,0,0
2016-11-14,16.67,16.67,16.67,16.67,0,0
2016-11-15,16.66,16.66,16.66,16.66,0,0
2016-11-16,16.6,16.6,16.6,16.6,0,0
2016-11-17,16.57,16.57,16.57,16.57,0,0
2016-11-18,16.51,16.51,16.51,16.51,0,0
2016-11-21,16.57,16.57,16.57,16.57,0,0
2016-11-22,16.63,16.63,16.63,16.63,0,0
2016-11-23,16.57,16.57,16.57,16.57,0,0
2016-11-24,16.59,16.59,16.59,16.59,0,0
2016-11-25,16.6,16.6,16.6,16.6,0,0
2016-11-28,16.59,16.59,16.59,16.59,0,0
2016-11-29,16.58,16.58,16.58,16.58,0,0
2016-11-30,16.58,16.58,16.58,16.58,0,0
2016-12-01,16.53,16.53,16.53,16.53,0,0
2016-12-02,16.52,16.52,16.52,16.52,0,0
2016-12-05,16.58,16.58,16.58,16.58,0,0
2016-12-06,16.65,16.65,16.65,16.65,0,0
2016-12-07,16.7,16.7,16.7,16.7,0,0
2016-12-08,16.72,16.72,16.72,16.72,0,0
2016-12-09,16.7,16.7,16.7,16.7,0,0
2016-12-12,16.67,16.67,16.67,16.67,0,0
2016-12-13,16.73,16.73,16.73,16.73,0,0
2016-12-14,16.76,16.76,16.76,16.76,0,0
2016-12-15,16.72,16.72,16.72,16.72,0,0
2016-12-16,16.76,16.76,16.76,16.76,0,0
2016-12-19,16.75,16.75,16.75,16.75,0,0
2016-12-20,16.79,16.79,16.79,16.79,0,0
2016-12-21,16.77,16.77,16.77,16.77,0,0
2016-12-22,16.79,16.79,16.79,16.79,0,0
2016-12-23,16.79,16.79,16.79,16.79,0,0
2016-12-27,16.8,16.8,16.8,16.8,0,0
2016-12-28,16.78,16.78,16.78,16.78,0,0
2016-12-29,16.84,16.84,16.84,16.84,0,0
2016-12-30,16.84,16.84,16.84,16.84,0,0
2017-01-02,16.84,16.84,16.84,16.84,0,0
2017-01-03,16.89,16.89,16.89,16.89,0,0
2017-01-04,16.9,16.9,16.9,16.9,0,0
2017-01-05,16.89,16.89,16.89,16.89,0,0
2017-01-09,16.89,16.89,16.89,16.89,0,0
2017-01-10,16.94,16.94,16.94,16.94,0,0
2017-01-11,16.97,16.97,16.97,16.97,0,0
2017-01-12,16.98,16.98,16.98,16.98,0,0
2017-01-13,16.96,16.96,16.96,16.96,0,0
2017-01-16,16.99,16.99,16.99,16.99,0,0
2017-01-17,16.99,16.99,16.99,16.99,0,0
2017-01-18,16.97,16.97,16.97,16.97,0,0
2017-01-19,16.97,16.97,16.97,16.97,0,0
2017-01-20,16.99,16.99,16.99,16.99,0,0
2017-01-23,17.01,17.01,17.01,17.01,0,0
2017-01-24,17.05,17.05,17.05,17.05,0,0
2017-01-25,17.15,17.15,17.15,17.15,0,0
2017-01-26,17.13,17.13,17.13,17.13,0,0
2017-01-27,17.15,17.15,17.15,17.15,0,0
2017-01-30,17.14,17.14,17.14,17.14,0,0
2017-01-31,17.16,17.16,17.16,17.16,0,0
2017-02-01,17.19,17.19,17.19,17.19,0,0
2017-02-02,17.19,17.19,17.19,17.19,0,0
2017-02-03,17.2,17.2,17.2,17.2,0,0
2017-02-06,17.2,17.2,17.2,17.2,0,0
2017-02-07,17.21,17.21,17.21,17.21,0,0
2017-02-08,17.2,17.2,17.2,17.2,0,0
2017-02-09,17.26,17.26,17.26,17.26,0,0
2017-02-10,17.31,17.31,17.31,17.31,0,0
2017-02-13,17.33,17.33,17.33,17.33,0,0
2017-02-14,17.3,17.3,17.3,17.3,0,0
2017-02-15,17.31,17.31,17.31,17.31,0,0
2017-02-16,17.36,17.36,17.36,17.36,0,0
2017-02-17,17.33,17.33,17.33,17.33,0,0
2017-02-20,17.34,17.34,17.34,17.34,0,0
2017-02-21,17.4,17.4,17.4,17.4,0,0
2017-02-22,17.43,17.43,17.43,17.43,0,0
2017-02-23,17.43,17.43,17.43,17.43,0,0
2017-02-24,17.37,17.37,17.37,17.37,0,0
2017-02-27,17.37,17.37,17.37,17.37,0,0
2017-02-28,17.36,17.36,17.36,17.36,0,0
2017-03-01,17.47,17.47,17.47,17.47,0,0
2017-03-02,17.48,17.48,17.48,17.48,0,0
2017-03-03,17.48,17.48,17.48,17.48,0,0
2017-03-06,17.45,17.45,17.45,17.45,0,0
2017-03-07,17.42,17.42,17.42,17.42,0,0
2017-03-08,17.4,17.4,17.4,17.4,0,0
2017-03-09,17.36,17.36,17.36,17.36,0,0
2017-03-10,17.39,17.39,17.39,17.39,0,0
2017-03-13,17.44,17.44,17.44,17.44,0,0
2017-03-14,17.44,17.44,17.44,17.44,0,0
2017-03-15,17.43,17.43,17.43,17.43,0,0
2017-03-16,17.49,17.49,17.49,17.49,0,0
2017-03-17,17.49,17.49,17.49,17.49,0,0
2017-03-20,17.47,17.47,17.47,17.47,0,0
2017-03-21,17.43,17.43,17.43,17.43,0,0
2017-03-22,17.4,17.4,17.4,17.4,0,0
2017-03-23,17.41,17.41,17.41,17.41,0,0
2017-03-24,17.42,17.42,17.42,17.42,0,0
2017-03-27,17.38,17.38,17.38,17.38,0,0
2017-03-28,17.44,17.44,17.44,17.44,0,0
2017-03-29,17.44,17.44,17.44,17.44,0,0
2017-03-30,17.41,17.41,17.41,17.41,0,0
2017-03-31,17.38,17.38,17.38,17.38,0,0
2017-04-03,17.42,17.42,17.42,17.42,0,0
2017-04-04,17.44,17.44,17.44,17.44,0,0
2017-04-05,17.48,17.48,17.48,17.48,0,0
2017-04-06,17.48,17.48,17.48,17.48,0,0
2017-04-07,17.5,17.5,17.5,17.5,0,0
2017-04-10,17.49,17.49,17.49,17.49,0,0
2017-04-11,17.45,17.45,17.45,17.45,0,0
2017-04-12,17.42,17.42,17.42,17.42,0,0
2017-04-13,17.45,17.45,17.45,17.45,0,0
2017-04-18,17.44,17.44,17.44,17.44,0,0
2017-04-19,17.47,17.47,17.47,17.47,0,0
2017-04-20,17.47,17.47,17.47,17.47,0,0
2017-04-21,17.46,17.46,17.46,17.46,0,0
2017-04-24,17.5,17.5,17.5,17.5,0,0
2017-04-25,17.57,17.57,17.57,17.57,0,0
2017-04-26,17.58,17.58,17.58,17.58,0,0
2017-04-27,17.63,17.63,17.63,17.63,0,0
2017-04-28,17.62,17.62,17.62,17.62,0,0
2017-05-02,17.65,17.65,17.65,17.65,0,0
2017-05-04,17.65,17.65,17.65,17.65,0,0
2017-05-05,17.64,17.64,17.64,17.64,0,0
2017-05-08,17.61,17.61,17.61,17.61,0,0
2017-05-09,17.61,17.61,17.61,17.61,0,0
2017-05-10,17.61,17.61,17.61,17.61,0,0
2017-05-11,17.63,17.63,17.63,17.63,0,0
2017-05-12,17.59,17.59,17.59,17.59,0,0
2017-05-15,17.61,17.61,17.61,17.61,0,0
2017-05-16,17.57,17.57,17.57,17.57,0,0
2017-05-17,17.53,17.53,17.53,17.53,0,0
2017-05-18,17.47,17.47,17.47,17.47,0,0
2017-05-19,17.54,17.54,17.54,17.54,0,0
2017-05-22,17.55,17.55,17.55,17.55,0,0
2017-05-23,17.53,17.53,17.53,17.53,0,0
2017-05-24,17.56,17.56,17.56,17.56,0,0
2017-05-25,17.59,17.59,17.59,17.59,0,0
2017-05-26,17.58,17.58,17.58,17.58,0,0
2017-05-29,17.58,17.58,17.58,17.58,0,0
2017-05-30,17.54,17.54,17.54,17.54,0,0
2017-05-31,17.51,17.51,17.51,17.51,0,0
2017-06-01,17.54,17.54,17.54,17.54,0,0
2017-06-02,17.59,17.59,17.59,17.59,0,0
2017-06-05,17.52,17.52,17.52,17.52,0,0
2017-06-06,17.54,17.54,17.54,17.54,0,0
2017-06-07,17.55,17.55,17.55,17.55,0,0
2017-06-08,17.57,17.57,17.57,17.57,0,0
2017-06-09,17.56,17.56,17.56,17.56,0,0
2017-06-12,17.52,17.52,17.52,17.52,0,0
2017-06-13,17.54,17.54,17.54,17.54,0,0
2017-06-14,17.54,17.54,17.54,17.54,0,0
2017-06-16,17.54,17.54,17.54,17.54,0,0
2017-06-19,17.57,17.57,17.57,17.57,0,0
2017-06-20,17.55,17.55,17.55,17.55,0,0
2017-06-21,17.59,17.59,17.59,17.59,0,0
2017-06-22,17.57,17.57,17.57,17.57,0,0
2017-06-23,17.56,17.56,17.56,17.56,0,0
2017-06-26,17.59,17.59,17.59,17.59,0,0
2017-06-27,17.59,17.59,17.59,17.59,0,0
2017-06-28,17.57,17.57,17.57,17.57,0,0
2017-06-29,17.55,17.55,17.55,17.55,0,0
2017-06-30,17.53,17.53,17.53,17.53,0,0
2017-07-03,17.56,17.56,17.56,17.56,0,0
2017-07-04,17.52,17.52,17.52,17.52,0,0
2017-07-05,17.52,17.52,17.52,17.52,0,0
2017-07-06,17.53,17.53,17.53,17.53,0,0
2017-07-07,17.53,17.53,17.53,17.53,0,0
2017-07-10,17.55,17.55,17.55,17.55,0,0
2017-07-11,17.54,17.54,17.54,17.54,0,0
2017-07-12,17.61,17.61,17.61,17.61,0,0
2017-07-13,17.65,17.65,17.65,17.65,0,0
2017-07-14,17.67,17.67,17.67,17.67,0,0
2017-07-17,17.69,17.69,17.69,17.69,0,0
2017-07-18,17.67,17.67,17.67,17.67,0,0
2017-07-19,17.68,17.68,17.68,17.68,0,0
2017-07-20,17.66,17.66,17.66,17.66,0,0
2017-07-21,17.66,17.66,17.66,17.66,0,0
2017-07-24,17.63,17.63,17.63,17.63,0,0
2017-07-25,17.64,17.64,17.64,17.64,0,0
2017-07-26,17.65,17.65,17.65,17.65,0,0
2017-07-27,17.63,17.63,17.63,17.63,0,0
2017-07-28,17.64,17.64,17.64,17.64,0,0
2017-07-31,17.64,17.64,17.64,17.64,0,0
2017-08-01,17.66,17.66,17.66,17.66,0,0
2017-08-02,17.66,17.66,17.66,17.66,0,0
2017-08-03,17.66,17.66,17.66,17.66,0,0
2017-08-04,17.66,17.66,17.66,17.66,0,0
2017-08-07,17.68,17.68,17.68,17.68,0,0
2017-08-08,17.71,17.71,17.71,17.71,0,0
2017-08-09,17.69,17.69,17.69,17.69,0,0
2017-08-10,17.64,17.64,17.64,17.64,0,0
2017-08-11,17.62,17.62,17.62,17.62,0,0
2017-08-14,17.63,17.63,17.63,17.63,0,0
2017-08-16,17.67,17.67,17.67,17.67,0,0
2017-08-17,17.65,17.65,17.65,17.65,0,0
2017-08-18,17.66,17.66,17.66,17.66,0,0
2017-08-21,17.72,17.72,17.72,17.72,0,0
2017-08-22,17.72,17.72,17.72,17.72,0,0
2017-08-23,17.72,17.72,17.72,17.72,0,0
2017-08-24,17.78,17.78,17.78,17.78,0,0
2017-08-25,17.77,17.77,17.77,17.77,0,0
2017-08-28,17.82,17.82,17.82,17.82,0,0
2017-08-29,17.76,17.76,17.76,17.76,0,0
2017-08-30,17.79,17.79,17.79,17.79,0,0
2017-08-31,17.79,17.79,17.79,17.79,0,0
2017-09-01,17.81,17.81,17.81,17.81,0,0
2017-09-04,17.77,17.77,17.77,17.77,0,0
2017-09-05,17.78,17.78,17.78,17.78,0,0
2017-09-06,17.76,17.76,17.76,17.76,0,0
2017-09-07,17.73,17.73,17.73,17.73,0,0
2017-09-08,17.72,17.72,17.72,17.72,0,0
2017-09-11,17.74,17.74,17.74,17.74,0,0
2017-09-12,17.71,17.71,17.71,17.71,0,0
2017-09-13,17.71,17.71,17.71,17.71,0,0
2017-09-14,17.7,17.7,17.7,17.7,0,0
2017-09-15,17.72,17.72,17.72,17.72,0,0
2017-09-18,17.71,17.71,17.71,17.71,0,0
2017-09-19,17.7,17.7,17.7,17.7,0,0
2017-09-20,17.68,17.68,17.68,17.68,0,0
2017-09-21,17.65,17.65,17.65,17.65,0,0
2017-09-22,17.66,17.66,17.66,17.66,0,0
2017-09-25,17.63,17.63,17.63,17.63,0,0
2017-09-26,17.63,17.63,17.63,17.63,0,0
2017-09-27,17.61,17.61,17.61,17.61,0,0
2017-09-28,17.63,17.63,17.63,17.63,0,0
2017-09-29,17.67,17.67,17.67,17.67,0,0
2017-10-02,17.64,17.64,17.64,17.64,0,0
2017-10-03,17.6,17.6,17.6,17.6,0,0
2017-10-04,17.56,17.56,17.56,17.56,0,0
2017-10-05,17.58,17.58,17.58,17.58,0,0
2017-10-06,17.6,17.6,17.6,17.6,0,0
2017-10-09,17.61,17.61,17.61,17.61,0,0
2017-10-10,17.62,17.62,17.62,17.62,0,0
2017-10-11,17.67,17.67,17.67,17.67,0,0
2017-10-12,17.66,17.66,17.66,17.66,0,0
2017-10-13,17.67,17.67,17.67,17.67,0,0
2017-10-16,17.69,17.69,17.69,17.69,0,0
2017-10-17,17.64,17.64,17.64,17.64,0,0
2017-10-18,17.6,17.6,17.6,17.6,0,0
2017-10-19,17.58,17.58,17.58,17.58,0,0
2017-10-20,17.53,17.53,17.53,17.53,0,0
2017-10-23,17.52,17.52,17.52,17.52,0,0
2017-10-24,17.47,17.47,17.47,17.47,0,0
2017-10-25,17.46,17.46,17.46,17.46,0,0
2017-10-26,17.46,17.46,17.46,17.46,0,0
2017-10-27,17.53,17.53,17.53,17.53,0,0
2017-10-30,17.58,17.58,17.58,17.58,0,0
2017-10-31,17.6,17.6,17.6,17.6,0,0
2017-11-02,17.52,17.52,17.52,17.52,0,0
2017-11-03,17.51,17.51,17.51,17.51,0,0
2017-11-06,17.54,17.54,17.54,17.54,0,0
2017-11-07,17.59,17.59,17.59,17.59,0,0
2017-11-08,17.53,17.53,17.53,17.53,0,0
2017-11-09,17.5,17.5,17.5,17.5,0,0
2017-11-10,17.49,17.49,17.49,17.49,0,0
2017-11-13,17.45,17.45,17.45,17.45,0,0
2017-11-14,17.42,17.42,17.42,17.42,0,0
2017-11-15,17.38,17.38,17.38,17.38,0,0
2017-11-16,17.4,17.4,17.4,17.4,0,0
2017-11-17,17.44,17.44,17.44,17.44,0,0
2017-11-20,17.46,17.46,17.46,17.46,0,0
2017-11-21,17.5,17.5,17.5,17.5,0,0
2017-11-22,17.52,17.52,17.52,17.52,0,0
2017-11-23,17.58,17.58,17.58,17.58,0,0
2017-11-24,17.55,17.55,17.55,17.55,0,0
2017-11-27,17.58,17.58,17.58,17.58,0,0
2017-11-28,17.57,17.57,17.57,17.57,0,0
2017-11-29,17.49,17.49,17.49,17.49,0,0
2017-11-30,17.48,17.48,17.48,17.48,0,0
2017-12-01,17.43,17.43,17.43,17.43,0,0
2017-12-04,17.46,17.46,17.46,17.46,0,0
2017-12-05,17.46,17.46,17.46,17.46,0,0
2017-12-06,17.43,17.43,17.43,17.43,0,0
2017-12-07,17.45,17.45,17.45,17.45,0,0
2017-12-08,17.49,17.49,17.49,17.49,0,0
2017-12-11,17.47,17.47,17.47,17.47,0,0
2017-12-12,17.49,17.49,17.49,17.49,0,0
2017-12-13,17.49,17.49,17.49,17.49,0,0
2017-12-14,17.52,17.52,17.52,17.52,0,0
2017-12-15,17.5,17.5,17.5,17.5,0,0
2017-12-18,17.57,17.57,17.57,17.57,0,0
2017-12-19,17.53,17.53,17.53,17.53,0,0
2017-12-20,17.52,17.52,17.52,17.52,0,0
2017-12-21,17.52,17.52,17.52,17.52,0,0
2017-12-22,17.5,17.5,17.5,17.5,0,0
2017-12-27,17.54,17.54,17.54,17.54,0,0
2017-12-28,17.57,17.57,17.57,17.57,0,0
2017-12-29,17.57,17.57,17.57,17.57,0,0
2018-01-03,17.58,17.58,17.58,17.58,0,0
2018-01-04,17.71,17.71,17.71,17.71,0,0
2018-01-05,17.73,17.73,17.73,17.73,0,0
2018-01-08,17.76,17.76,17.76,17.76,0,0
2018-01-09,17.74,17.74,17.74,17.74,0,0
2018-01-10,17.7,17.7,17.7,17.7,0,0
2018-01-11,17.72,17.72,17.72,17.72,0,0
2018-01-12,17.74,17.74,17.74,17.74,0,0
2018-01-15,17.75,17.75,17.75,17.75,0,0
2018-01-16,17.81,17.81,17.81,17.81,0,0
2018-01-17,17.82,17.82,17.82,17.82,0,0
2018-01-18,17.82,17.82,17.82,17.82,0,0
2018-01-19,17.86,17.86,17.86,17.86,0,0
2018-01-22,17.89,17.89,17.89,17.89,0,0
2018-01-23,17.93,17.93,17.93,17.93,0,0
2018-01-24,17.91,17.91,17.91,17.91,0,0
2018-01-25,17.83,17.83,17.83,17.83,0,0
2018-01-26,17.82,17.82,17.82,17.82,0,0
2018-01-29,17.81,17.81,17.81,17.81,0,0
2018-01-30,17.77,17.77,17.77,17.77,0,0
2018-01-31,17.77,17.77,17.77,17.77,0,0
2018-02-01,17.74,17.74,17.74,17.74,0,0
2018-02-02,17.71,17.71,17.71,17.71,0,0
2018-02-05,17.66,17.66,17.66,17.66,0,0
2018-02-06,17.49,17.49,17.49,17.49,0,0
2018-02-07,17.56,17.56,17.56,17.56,0,0
2018-02-08,17.49,17.49,17.49,17.49,0,0
2018-02-09,17.39,17.39,17.39,17.39,0,0
2018-02-12,17.39,17.39,17.39,17.39,0,0
2018-02-13,17.42,17.42,17.42,17.42,0,0
2018-02-14,17.44,17.44,17.44,17.44,0,0
2018-02-15,17.43,17.43,17.43,17.43,0,0
2018-02-16,17.41,17.41,17.41,17.41,0,0
2018-02-19,17.41,17.41,17.41,17.41,0,0
2018-02-20,17.39,17.39,17.39,17.39,0,0
2018-02-21,17.38,17.38,17.38,17.38,0,0
2018-02-22,17.41,17.41,17.41,17.41,0,0
2018-02-23,17.4,17.4,17.4,17.4,0,0
2018-02-26,17.41,17.41,17.41,17.41,0,0
2018-02-27,17.44,17.44,17.44,17.44,0,0
2018-02-28,17.36,17.36,17.36,17.36,0,0
2018-03-01,17.31,17.31,17.31,17.31,0,0
2018-03-02,17.26,17.26,17.26,17.26,0,0
2018-03-05,17.24,17.24,17.24,17.24,0,0
2018-03-06,17.26,17.26,17.26,17.26,0,0
2018-03-07,17.3,17.3,17.3,17.3,0,0
2018-03-08,17.24,17.24,17.24,17.24,0,0
2018-03-09,17.29,17.29,17.29,17.29,0,0
2018-03-12,17.33,17.33,17.33,17.33,0,0
2018-03-13,17.28,17.28,17.28,17.28,0,0
2018-03-14,17.26,17.26,17.26,17.26,0,0
2018-03-15,17.22,17.22,17.22,17.22,0,0
2018-03-16,17.18,17.18,17.18,17.18,0,0
2018-03-19,17.1,17.1,17.1,17.1,0,0
2018-03-20,17.14,17.14,17.14,17.14,0,0
2018-03-21,17.2,17.2,17.2,17.2,0,0
2018-03-22,17.13,17.13,17.13,17.13,0,0
2018-03-23,17.09,17.09,17.09,17.09,0,0
2018-03-26,17.05,17.05,17.05,17.05,0,0
2018-03-27,17.04,17.04,17.04,17.04,0,0
2018-03-28,16.96,16.96,16.96,16.96,0,0
2018-03-29,16.99,16.99,16.99,16.99,0,0
