Date,Open,High,Low,Close,Volume,OpenInt
2012-08-29,2156.78,2156.78,2156.78,2156.78,0,0
2012-08-30,2154.61,2154.61,2154.61,2154.61,0,0
2012-08-31,2160.57,2160.57,2160.57,2160.57,0,0
2012-09-03,2162.91,2162.91,2162.91,2162.91,0,0
2012-09-04,2161.51,2161.51,2161.51,2161.51,0,0
2012-09-05,2162.44,2162.44,2162.44,2162.44,0,0
2012-09-06,2167.81,2167.81,2167.81,2167.81,0,0
2012-09-07,2174.45,2174.45,2174.45,2174.45,0,0
2012-09-10,2175.63,2175.63,2175.63,2175.63,0,0
2012-09-11,2177.66,2177.66,2177.66,2177.66,0,0
2012-09-12,2179.15,2179.15,2179.15,2179.15,0,0
2012-09-13,2180.2,2180.2,2180.2,2180.2,0,0
2012-09-14,2192.9,2192.9,2192.9,2192.9,0,0
2012-09-17,2190.02,2190.02,2190.02,2190.02,0,0
2012-09-18,2190.4,2190.4,2190.4,2190.4,0,0
2012-09-19,2192.85,2192.85,2192.85,2192.85,0,0
2012-09-20,2191.09,2191.09,2191.09,2191.09,0,0
2012-09-21,2192.34,2192.34,2192.34,2192.34,0,0
2012-09-24,2188.98,2188.98,2188.98,2188.98,0,0
2012-09-25,2190.95,2190.95,2190.95,2190.95,0,0
2012-09-26,2184,2184,2184,2184,0,0
2012-09-27,2191.28,2191.28,2191.28,2191.28,0,0
2012-09-28,2190.91,2190.91,2190.91,2190.91,0,0
2012-10-01,2195.58,2195.58,2195.58,2195.58,0,0
2012-10-02,2198.52,2198.52,2198.52,2198.52,0,0
2012-10-03,2201.75,2201.75,2201.75,2201.75,0,0
2012-10-04,2201.39,2201.39,2201.39,2201.39,0,0
2012-10-05,2210.37,2210.37,2210.37,2210.37,0,0
2012-10-08,2209.56,2209.56,2209.56,2209.56,0,0
2012-10-09,2206.31,2206.31,2206.31,2206.31,0,0
2012-10-10,2207.96,2207.96,2207.96,2207.96,0,0
2012-10-11,2214.4,2214.4,2214.4,2214.4,0,0
2012-10-12,2211.69,2211.69,2211.69,2211.69,0,0
2012-10-15,2213.1,2213.1,2213.1,2213.1,0,0
2012-10-16,2218.71,2218.71,2218.71,2218.71,0,0
2012-10-17,2221.44,2221.44,2221.44,2221.44,0,0
2012-10-18,2225.31,2225.31,2225.31,2225.31,0,0
2012-10-19,2218.67,2218.67,2218.67,2218.67,0,0
2012-10-22,2216.72,2216.72,2216.72,2216.72,0,0
2012-10-23,2209.1349,2209.1349,2209.1349,2209.1349,0,0
2012-10-24,2208.7405,2208.7405,2208.7405,2208.7405,0,0
2012-10-25,2210.3671,2210.3671,2210.3671,2210.3671,0,0
2012-10-26,2208.1208,2208.1208,2208.1208,2208.1208,0,0
2012-10-29,2207.1391,2207.1391,2207.1391,2207.1391,0,0
2012-10-30,2206.54,2206.54,2206.54,2206.54,0,0
2012-10-31,2211.5856,2211.5856,2211.5856,2211.5856,0,0
2012-11-02,2214.4478,2214.4478,2214.4478,2214.4478,0,0
2012-11-05,2218.2612,2218.2612,2218.2612,2218.2612,0,0
2012-11-06,2221.9075,2221.9075,2221.9075,2221.9075,0,0
2012-11-07,2218.4687,2218.4687,2218.4687,2218.4687,0,0
2012-11-08,2215.7958,2215.7958,2215.7958,2215.7958,0,0
2012-11-09,2215.4162,2215.4162,2215.4162,2215.4162,0,0
2012-11-12,2215.3371,2215.3371,2215.3371,2215.3371,0,0
2012-11-13,2216.0097,2216.0097,2216.0097,2216.0097,0,0
2012-11-14,2216.8107,2216.8107,2216.8107,2216.8107,0,0
2012-11-15,2216.8089,2216.8089,2216.8089,2216.8089,0,0
2012-11-16,2215.4925,2215.4925,2215.4925,2215.4925,0,0
2012-11-19,2223.4012,2223.4012,2223.4012,2223.4012,0,0
2012-11-20,2224.4322,2224.4322,2224.4322,2224.4322,0,0
2012-11-21,2225.1606,2225.1606,2225.1606,2225.1606,0,0
2012-11-22,2224.6092,2224.6092,2224.6092,2224.6092,0,0
2012-11-23,2228.6526,2228.6526,2228.6526,2228.6526,0,0
2012-11-26,2232.2236,2232.2236,2232.2236,2232.2236,0,0
2012-11-27,2234.0698,2234.0698,2234.0698,2234.0698,0,0
2012-11-28,2233.6732,2233.6732,2233.6732,2233.6732,0,0
2012-11-29,2238.7049,2238.7049,2238.7049,2238.7049,0,0
2012-11-30,2244.2871,2244.2871,2244.2871,2244.2871,0,0
2012-12-03,2247.7762,2247.7762,2247.7762,2247.7762,0,0
2012-12-04,2251.0564,2251.0564,2251.0564,2251.0564,0,0
2012-12-05,2253.7857,2253.7857,2253.7857,2253.7857,0,0
2012-12-06,2255.6982,2255.6982,2255.6982,2255.6982,0,0
2012-12-07,2255.8236,2255.8236,2255.8236,2255.8236,0,0
2012-12-10,2259.9814,2259.9814,2259.9814,2259.9814,0,0
2012-12-11,2264.3416,2264.3416,2264.3416,2264.3416,0,0
2012-12-12,2268.1312,2268.1312,2268.1312,2268.1312,0,0
2012-12-13,2266.0352,2266.0352,2266.0352,2266.0352,0,0
2012-12-14,2267.4647,2267.4647,2267.4647,2267.4647,0,0
2012-12-17,2268.4964,2268.4964,2268.4964,2268.4964,0,0
2012-12-18,2273.6925,2273.6925,2273.6925,2273.6925,0,0
2012-12-19,2278.1647,2278.1647,2278.1647,2278.1647,0,0
2012-12-20,2277.321,2277.321,2277.321,2277.321,0,0
2012-12-21,2273.924,2273.924,2273.924,2273.924,0,0
2012-12-27,2278.6313,2278.6313,2278.6313,2278.6313,0,0
2012-12-28,2276.9807,2276.9807,2276.9807,2276.9807,0,0
2013-01-02,2289.8704,2289.8704,2289.8704,2289.8704,0,0
2013-01-03,2290.8777,2290.8777,2290.8777,2290.8777,0,0
2013-01-04,2289.4152,2289.4152,2289.4152,2289.4152,0,0
2013-01-07,2288.682,2288.682,2288.682,2288.682,0,0
2013-01-08,2290.599,2290.599,2290.599,2290.599,0,0
2013-01-09,2289.9057,2289.9057,2289.9057,2289.9057,0,0
2013-01-10,2288.658,2288.658,2288.658,2288.658,0,0
2013-01-11,2287.2623,2287.2623,2287.2623,2287.2623,0,0
2013-01-14,2289.5831,2289.5831,2289.5831,2289.5831,0,0
2013-01-15,2286.5792,2286.5792,2286.5792,2286.5792,0,0
2013-01-16,2287.9996,2287.9996,2287.9996,2287.9996,0,0
2013-01-17,2294.201,2294.201,2294.201,2294.201,0,0
2013-01-18,2298.482,2298.482,2298.482,2298.482,0,0
2013-01-21,2303.4297,2303.4297,2303.4297,2303.4297,0,0
2013-01-22,2303.3741,2303.3741,2303.3741,2303.3741,0,0
2013-01-23,2304.4712,2304.4712,2304.4712,2304.4712,0,0
2013-01-24,2309.4095,2309.4095,2309.4095,2309.4095,0,0
2013-01-25,2307.0251,2307.0251,2307.0251,2307.0251,0,0
2013-01-28,2301.4342,2301.4342,2301.4342,2301.4342,0,0
2013-01-29,2303.3414,2303.3414,2303.3414,2303.3414,0,0
2013-01-30,2296.1421,2296.1421,2296.1421,2296.1421,0,0
2013-01-31,2297.624,2297.624,2297.624,2297.624,0,0
2013-02-01,2301.9978,2301.9978,2301.9978,2301.9978,0,0
2013-02-04,2297.039,2297.039,2297.039,2297.039,0,0
2013-02-05,2296.982,2296.982,2296.982,2296.982,0,0
2013-02-06,2291.8037,2291.8037,2291.8037,2291.8037,0,0
2013-02-07,2289.858,2289.858,2289.858,2289.858,0,0
2013-02-08,2294.0076,2294.0076,2294.0076,2294.0076,0,0
2013-02-11,2293.2028,2293.2028,2293.2028,2293.2028,0,0
2013-02-12,2293.0191,2293.0191,2293.0191,2293.0191,0,0
2013-02-13,2296.3156,2296.3156,2296.3156,2296.3156,0,0
2013-02-14,2294.3759,2294.3759,2294.3759,2294.3759,0,0
2013-02-15,2296.3186,2296.3186,2296.3186,2296.3186,0,0
2013-02-18,2298.4097,2298.4097,2298.4097,2298.4097,0,0
2013-02-19,2296.9673,2296.9673,2296.9673,2296.9673,0,0
2013-02-20,2290.8849,2290.8849,2290.8849,2290.8849,0,0
2013-02-21,2285.0075,2285.0075,2285.0075,2285.0075,0,0
2013-02-22,2286.2729,2286.2729,2286.2729,2286.2729,0,0
2013-02-25,2291.3108,2291.3108,2291.3108,2291.3108,0,0
2013-02-26,2287.8175,2287.8175,2287.8175,2287.8175,0,0
2013-02-27,2290.1955,2290.1955,2290.1955,2290.1955,0,0
2013-02-28,2293.4376,2293.4376,2293.4376,2293.4376,0,0
2013-03-01,2292.7434,2292.7434,2292.7434,2292.7434,0,0
2013-03-04,2290.5394,2290.5394,2290.5394,2290.5394,0,0
2013-03-05,2296.5161,2296.5161,2296.5161,2296.5161,0,0
2013-03-06,2301.8302,2301.8302,2301.8302,2301.8302,0,0
2013-03-07,2303.0024,2303.0024,2303.0024,2303.0024,0,0
2013-03-08,2307.8101,2307.8101,2307.8101,2307.8101,0,0
2013-03-12,2309.343,2309.343,2309.343,2309.343,0,0
2013-03-13,2308.0051,2308.0051,2308.0051,2308.0051,0,0
2013-03-14,2313.0571,2313.0571,2313.0571,2313.0571,0,0
2013-03-15,2315.2403,2315.2403,2315.2403,2315.2403,0,0
2013-03-18,2308.4609,2308.4609,2308.4609,2308.4609,0,0
2013-03-19,2299.732,2299.732,2299.732,2299.732,0,0
2013-03-20,2301.5303,2301.5303,2301.5303,2301.5303,0,0
2013-03-21,2296.026,2296.026,2296.026,2296.026,0,0
2013-03-22,2289.4123,2289.4123,2289.4123,2289.4123,0,0
2013-03-25,2286.161,2286.161,2286.161,2286.161,0,0
2013-03-26,2285.8905,2285.8905,2285.8905,2285.8905,0,0
2013-03-27,2289.3136,2289.3136,2289.3136,2289.3136,0,0
2013-03-28,2292.2155,2292.2155,2292.2155,2292.2155,0,0
2013-04-02,2293.4646,2293.4646,2293.4646,2293.4646,0,0
2013-04-03,2286.2984,2286.2984,2286.2984,2286.2984,0,0
2013-04-04,2287.1895,2287.1895,2287.1895,2287.1895,0,0
2013-04-05,2289.2036,2289.2036,2289.2036,2289.2036,0,0
2013-04-08,2294.314,2294.314,2294.314,2294.314,0,0
2013-04-09,2295.5465,2295.5465,2295.5465,2295.5465,0,0
2013-04-10,2302.6412,2302.6412,2302.6412,2302.6412,0,0
2013-04-11,2308.44,2308.44,2308.44,2308.44,0,0
2013-04-12,2304.4842,2304.4842,2304.4842,2304.4842,0,0
2013-04-15,2292.52,2292.52,2292.52,2292.52,0,0
2013-04-16,2292.8124,2292.8124,2292.8124,2292.8124,0,0
2013-04-17,2280.8303,2280.8303,2280.8303,2280.8303,0,0
2013-04-18,2274.6984,2274.6984,2274.6984,2274.6984,0,0
2013-04-19,2276.3144,2276.3144,2276.3144,2276.3144,0,0
2013-04-22,2275.2265,2275.2265,2275.2265,2275.2265,0,0
2013-04-23,2274.7026,2274.7026,2274.7026,2274.7026,0,0
2013-04-24,2279.7037,2279.7037,2279.7037,2279.7037,0,0
2013-04-25,2281.266,2281.266,2281.266,2281.266,0,0
2013-04-26,2286.2029,2286.2029,2286.2029,2286.2029,0,0
2013-04-29,2289.6117,2289.6117,2289.6117,2289.6117,0,0
2013-04-30,2293.7963,2293.7963,2293.7963,2293.7963,0,0
2013-05-02,2296.1798,2296.1798,2296.1798,2296.1798,0,0
2013-05-06,2302.5498,2302.5498,2302.5498,2302.5498,0,0
2013-05-07,2306.0843,2306.0843,2306.0843,2306.0843,0,0
2013-05-08,2313.5527,2313.5527,2313.5527,2313.5527,0,0
2013-05-09,2313.5667,2313.5667,2313.5667,2313.5667,0,0
2013-05-10,2312.8453,2312.8453,2312.8453,2312.8453,0,0
2013-05-13,2316.0221,2316.0221,2316.0221,2316.0221,0,0
2013-05-14,2324.0749,2324.0749,2324.0749,2324.0749,0,0
2013-05-15,2330.2986,2330.2986,2330.2986,2330.2986,0,0
2013-05-16,2330.9038,2330.9038,2330.9038,2330.9038,0,0
2013-05-17,2331.8069,2331.8069,2331.8069,2331.8069,0,0
2013-05-20,2331.4185,2331.4185,2331.4185,2331.4185,0,0
2013-05-21,2332.5232,2332.5232,2332.5232,2332.5232,0,0
2013-05-22,2335.9339,2335.9339,2335.9339,2335.9339,0,0
2013-05-23,2324.4642,2324.4642,2324.4642,2324.4642,0,0
2013-05-24,2328.5774,2328.5774,2328.5774,2328.5774,0,0
2013-05-27,2340.7114,2340.7114,2340.7114,2340.7114,0,0
2013-05-28,2346.0744,2346.0744,2346.0744,2346.0744,0,0
2013-05-29,2340.603,2340.603,2340.603,2340.603,0,0
2013-05-31,2340.5284,2340.5284,2340.5284,2340.5284,0,0
2013-06-03,2330.6358,2330.6358,2330.6358,2330.6358,0,0
2013-06-04,2338.5715,2338.5715,2338.5715,2338.5715,0,0
2013-06-05,2338.2039,2338.2039,2338.2039,2338.2039,0,0
2013-06-06,2330.4775,2330.4775,2330.4775,2330.4775,0,0
2013-06-07,2340.3249,2340.3249,2340.3249,2340.3249,0,0
2013-06-10,2339.0621,2339.0621,2339.0621,2339.0621,0,0
2013-06-11,2331.5845,2331.5845,2331.5845,2331.5845,0,0
2013-06-12,2335.409,2335.409,2335.409,2335.409,0,0
2013-06-13,2335.8828,2335.8828,2335.8828,2335.8828,0,0
2013-06-14,2343.3634,2343.3634,2343.3634,2343.3634,0,0
2013-06-17,2340.4888,2340.4888,2340.4888,2340.4888,0,0
2013-06-18,2339.2722,2339.2722,2339.2722,2339.2722,0,0
2013-06-19,2335.1238,2335.1238,2335.1238,2335.1238,0,0
2013-06-20,2299.1048,2299.1048,2299.1048,2299.1048,0,0
2013-06-21,2285.5338,2285.5338,2285.5338,2285.5338,0,0
2013-06-24,2273.7631,2273.7631,2273.7631,2273.7631,0,0
2013-06-25,2280.108,2280.108,2280.108,2280.108,0,0
2013-06-26,2282.6618,2282.6618,2282.6618,2282.6618,0,0
2013-06-27,2278.6449,2278.6449,2278.6449,2278.6449,0,0
2013-06-28,2284.2876,2284.2876,2284.2876,2284.2876,0,0
2013-07-01,2288.4597,2288.4597,2288.4597,2288.4597,0,0
2013-07-02,2296.8427,2296.8427,2296.8427,2296.8427,0,0
2013-07-03,2290.633,2290.633,2290.633,2290.633,0,0
2013-07-04,2302.0979,2302.0979,2302.0979,2302.0979,0,0
2013-07-05,2296.1976,2296.1976,2296.1976,2296.1976,0,0
2013-07-08,2293.7944,2293.7944,2293.7944,2293.7944,0,0
2013-07-09,2292.9602,2292.9602,2292.9602,2292.9602,0,0
2013-07-10,2296.9248,2296.9248,2296.9248,2296.9248,0,0
2013-07-11,2307.5081,2307.5081,2307.5081,2307.5081,0,0
2013-07-12,2314.2608,2314.2608,2314.2608,2314.2608,0,0
2013-07-15,2316.4698,2316.4698,2316.4698,2316.4698,0,0
2013-07-16,2314.9491,2314.9491,2314.9491,2314.9491,0,0
2013-07-17,2314.6085,2314.6085,2314.6085,2314.6085,0,0
2013-07-18,2317.7566,2317.7566,2317.7566,2317.7566,0,0
2013-07-19,2320.6515,2320.6515,2320.6515,2320.6515,0,0
2013-07-22,2323.3768,2323.3768,2323.3768,2323.3768,0,0
2013-07-23,2325.3277,2325.3277,2325.3277,2325.3277,0,0
2013-07-24,2324.534,2324.534,2324.534,2324.534,0,0
2013-07-25,2322.7378,2322.7378,2322.7378,2322.7378,0,0
2013-07-26,2319.8415,2319.8415,2319.8415,2319.8415,0,0
2013-07-29,2320.5197,2320.5197,2320.5197,2320.5197,0,0
2013-07-30,2322.6179,2322.6179,2322.6179,2322.6179,0,0
2013-07-31,2323.3682,2323.3682,2323.3682,2323.3682,0,0
2013-08-01,2330.895,2330.895,2330.895,2330.895,0,0
2013-08-02,2339.5266,2339.5266,2339.5266,2339.5266,0,0
2013-08-05,2343.0643,2343.0643,2343.0643,2343.0643,0,0
2013-08-06,2338.2675,2338.2675,2338.2675,2338.2675,0,0
2013-08-07,2340.5166,2340.5166,2340.5166,2340.5166,0,0
2013-08-08,2350.2309,2350.2309,2350.2309,2350.2309,0,0
2013-08-09,2355.143,2355.143,2355.143,2355.143,0,0
2013-08-12,2359.4607,2359.4607,2359.4607,2359.4607,0,0
2013-08-13,2362.5202,2362.5202,2362.5202,2362.5202,0,0
2013-08-14,2367.9045,2367.9045,2367.9045,2367.9045,0,0
2013-08-16,2362.7883,2362.7883,2362.7883,2362.7883,0,0
2013-08-19,2355.2391,2355.2391,2355.2391,2355.2391,0,0
2013-08-20,2348.4087,2348.4087,2348.4087,2348.4087,0,0
2013-08-21,2346.7444,2346.7444,2346.7444,2346.7444,0,0
2013-08-22,2353.2006,2353.2006,2353.2006,2353.2006,0,0
2013-08-23,2357.5327,2357.5327,2357.5327,2357.5327,0,0
2013-08-26,2356.6902,2356.6902,2356.6902,2356.6902,0,0
2013-08-27,2340.9773,2340.9773,2340.9773,2340.9773,0,0
2013-08-28,2330.9852,2330.9852,2330.9852,2330.9852,0,0
2013-08-29,2336.5729,2336.5729,2336.5729,2336.5729,0,0
2013-08-30,2334.8223,2334.8223,2334.8223,2334.8223,0,0
2013-09-02,2344.6985,2344.6985,2344.6985,2344.6985,0,0
2013-09-03,2341.846,2341.846,2341.846,2341.846,0,0
2013-09-04,2329.7851,2329.7851,2329.7851,2329.7851,0,0
2013-09-05,2307.0676,2307.0676,2307.0676,2307.0676,0,0
2013-09-06,2317.8789,2317.8789,2317.8789,2317.8789,0,0
2013-09-09,2333.052,2333.052,2333.052,2333.052,0,0
2013-09-10,2348.4489,2348.4489,2348.4489,2348.4489,0,0
2013-09-11,2352.1857,2352.1857,2352.1857,2352.1857,0,0
2013-09-12,2356.5468,2356.5468,2356.5468,2356.5468,0,0
2013-09-13,2355.1226,2355.1226,2355.1226,2355.1226,0,0
2013-09-16,2357.2733,2357.2733,2357.2733,2357.2733,0,0
2013-09-17,2356.4973,2356.4973,2356.4973,2356.4973,0,0
2013-09-18,2360.3832,2360.3832,2360.3832,2360.3832,0,0
2013-09-19,2372.4886,2372.4886,2372.4886,2372.4886,0,0
2013-09-20,2370.2589,2370.2589,2370.2589,2370.2589,0,0
2013-09-23,2366.7724,2366.7724,2366.7724,2366.7724,0,0
2013-09-24,2368.2871,2368.2871,2368.2871,2368.2871,0,0
2013-09-25,2369.7258,2369.7258,2369.7258,2369.7258,0,0
2013-09-26,2375.7632,2375.7632,2375.7632,2375.7632,0,0
2013-09-27,2376.6859,2376.6859,2376.6859,2376.6859,0,0
2013-09-30,2372.9717,2372.9717,2372.9717,2372.9717,0,0
2013-10-01,2377.6606,2377.6606,2377.6606,2377.6606,0,0
2013-10-02,2379.5587,2379.5587,2379.5587,2379.5587,0,0
2013-10-03,2381.2654,2381.2654,2381.2654,2381.2654,0,0
2013-10-04,2380.0295,2380.0295,2380.0295,2380.0295,0,0
2013-10-07,2375.8231,2375.8231,2375.8231,2375.8231,0,0
2013-10-08,2372.3281,2372.3281,2372.3281,2372.3281,0,0
2013-10-09,2374.3523,2374.3523,2374.3523,2374.3523,0,0
2013-10-10,2391.0442,2391.0442,2391.0442,2391.0442,0,0
2013-10-11,2398.7954,2398.7954,2398.7954,2398.7954,0,0
2013-10-14,2405.2718,2405.2718,2405.2718,2405.2718,0,0
2013-10-15,2412.9103,2412.9103,2412.9103,2412.9103,0,0
2013-10-16,2416.7124,2416.7124,2416.7124,2416.7124,0,0
2013-10-17,2419.5602,2419.5602,2419.5602,2419.5602,0,0
2013-10-18,2422.0486,2422.0486,2422.0486,2422.0486,0,0
2013-10-21,2434.4893,2434.4893,2434.4893,2434.4893,0,0
2013-10-22,2436.8482,2436.8482,2436.8482,2436.8482,0,0
2013-10-23,2434.9496,2434.9496,2434.9496,2434.9496,0,0
2013-10-24,2442.9296,2442.9296,2442.9296,2442.9296,0,0
2013-10-25,2442.8975,2442.8975,2442.8975,2442.8975,0,0
2013-10-28,2445.998,2445.998,2445.998,2445.998,0,0
2013-10-29,2452.5068,2452.5068,2452.5068,2452.5068,0,0
2013-10-30,2450.2822,2450.2822,2450.2822,2450.2822,0,0
2013-10-31,2444.6072,2444.6072,2444.6072,2444.6072,0,0
2013-11-04,2445.4577,2445.4577,2445.4577,2445.4577,0,0
2013-11-05,2441.389,2441.389,2441.389,2441.389,0,0
2013-11-06,2443.3395,2443.3395,2443.3395,2443.3395,0,0
2013-11-07,2443.6362,2443.6362,2443.6362,2443.6362,0,0
2013-11-08,2439.2721,2439.2721,2439.2721,2439.2721,0,0
2013-11-12,2436.7031,2436.7031,2436.7031,2436.7031,0,0
2013-11-13,2430.971,2430.971,2430.971,2430.971,0,0
2013-11-14,2436.499,2436.499,2436.499,2436.499,0,0
2013-11-15,2443.2598,2443.2598,2443.2598,2443.2598,0,0
2013-11-18,2452.4609,2452.4609,2452.4609,2452.4609,0,0
2013-11-19,2449.7147,2449.7147,2449.7147,2449.7147,0,0
2013-11-20,2449.2485,2449.2485,2449.2485,2449.2485,0,0
2013-11-21,2449.33,2449.33,2449.33,2449.33,0,0
2013-11-22,2450.3033,2450.3033,2450.3033,2450.3033,0,0
2013-11-25,2456.7569,2456.7569,2456.7569,2456.7569,0,0
2013-11-26,2449.5343,2449.5343,2449.5343,2449.5343,0,0
2013-11-27,2448.5538,2448.5538,2448.5538,2448.5538,0,0
2013-11-28,2446.6816,2446.6816,2446.6816,2446.6816,0,0
2013-11-29,2448.9891,2448.9891,2448.9891,2448.9891,0,0
2013-12-02,2442.7829,2442.7829,2442.7829,2442.7829,0,0
2013-12-03,2432.7185,2432.7185,2432.7185,2432.7185,0,0
2013-12-04,2428.5254,2428.5254,2428.5254,2428.5254,0,0
2013-12-05,2423.213,2423.213,2423.213,2423.213,0,0
2013-12-06,2423.1134,2423.1134,2423.1134,2423.1134,0,0
2013-12-09,2427.2744,2427.2744,2427.2744,2427.2744,0,0
2013-12-10,2426.7491,2426.7491,2426.7491,2426.7491,0,0
2013-12-11,2423.4014,2423.4014,2423.4014,2423.4014,0,0
2013-12-12,2415.5876,2415.5876,2415.5876,2415.5876,0,0
2013-12-13,2415.0483,2415.0483,2415.0483,2415.0483,0,0
2013-12-16,2417.8887,2417.8887,2417.8887,2417.8887,0,0
2013-12-17,2409.9632,2409.9632,2409.9632,2409.9632,0,0
2013-12-18,2411.5794,2411.5794,2411.5794,2411.5794,0,0
2013-12-19,2410.6755,2410.6755,2410.6755,2410.6755,0,0
2013-12-20,2412.6345,2412.6345,2412.6345,2412.6345,0,0
2013-12-23,2415.5289,2415.5289,2415.5289,2415.5289,0,0
2013-12-27,2415.184,2415.184,2415.184,2415.184,0,0
2013-12-30,2414.3707,2414.3707,2414.3707,2414.3707,0,0
2014-01-02,2415.7999,2415.7999,2415.7999,2415.7999,0,0
2014-01-03,2412.8966,2412.8966,2412.8966,2412.8966,0,0
2014-01-07,2403.3717,2403.3717,2403.3717,2403.3717,0,0
2014-01-08,2404.363,2404.363,2404.363,2404.363,0,0
2014-01-09,2398.5357,2398.5357,2398.5357,2398.5357,0,0
2014-01-10,2399.2558,2399.2558,2399.2558,2399.2558,0,0
2014-01-13,2405.7923,2405.7923,2405.7923,2405.7923,0,0
2014-01-14,2408.0179,2408.0179,2408.0179,2408.0179,0,0
2014-01-15,2412.1504,2412.1504,2412.1504,2412.1504,0,0
2014-01-16,2413.4894,2413.4894,2413.4894,2413.4894,0,0
2014-01-17,2411.0453,2411.0453,2411.0453,2411.0453,0,0
2014-01-20,2410.6098,2410.6098,2410.6098,2410.6098,0,0
2014-01-21,2414.6365,2414.6365,2414.6365,2414.6365,0,0
2014-01-22,2418.118,2418.118,2418.118,2418.118,0,0
2014-01-23,2414.2334,2414.2334,2414.2334,2414.2334,0,0
2014-01-24,2401.5682,2401.5682,2401.5682,2401.5682,0,0
2014-01-27,2394.3172,2394.3172,2394.3172,2394.3172,0,0
2014-01-28,2398.5022,2398.5022,2398.5022,2398.5022,0,0
2014-01-29,2393.2169,2393.2169,2393.2169,2393.2169,0,0
2014-01-30,2391.91,2391.91,2391.91,2391.91,0,0
2014-01-31,2394.0144,2394.0144,2394.0144,2394.0144,0,0
2014-02-03,2396.2762,2396.2762,2396.2762,2396.2762,0,0
2014-02-04,2396.3122,2396.3122,2396.3122,2396.3122,0,0
2014-02-05,2398.625,2398.625,2398.625,2398.625,0,0
2014-02-06,2409.7487,2409.7487,2409.7487,2409.7487,0,0
2014-02-07,2411.6883,2411.6883,2411.6883,2411.6883,0,0
2014-02-10,2410.759,2410.759,2410.759,2410.759,0,0
2014-02-11,2413.9625,2413.9625,2413.9625,2413.9625,0,0
2014-02-12,2419.8731,2419.8731,2419.8731,2419.8731,0,0
2014-02-13,2420.0909,2420.0909,2420.0909,2420.0909,0,0
2014-02-14,2421.2085,2421.2085,2421.2085,2421.2085,0,0
2014-02-17,2423.6543,2423.6543,2423.6543,2423.6543,0,0
2014-02-18,2421.8805,2421.8805,2421.8805,2421.8805,0,0
2014-02-19,2422.5363,2422.5363,2422.5363,2422.5363,0,0
2014-02-20,2419.0194,2419.0194,2419.0194,2419.0194,0,0
2014-02-21,2424.5855,2424.5855,2424.5855,2424.5855,0,0
2014-02-24,2431.0361,2431.0361,2431.0361,2431.0361,0,0
2014-02-25,2428.9044,2428.9044,2428.9044,2428.9044,0,0
2014-02-26,2423.5747,2423.5747,2423.5747,2423.5747,0,0
2014-02-27,2420.3573,2420.3573,2420.3573,2420.3573,0,0
2014-02-28,2428.1412,2428.1412,2428.1412,2428.1412,0,0
2014-03-03,2404.1999,2404.1999,2404.1999,2404.1999,0,0
2014-03-04,2416.6173,2416.6173,2416.6173,2416.6173,0,0
2014-03-05,2418.2635,2418.2635,2418.2635,2418.2635,0,0
2014-03-06,2420.363,2420.363,2420.363,2420.363,0,0
2014-03-07,2416.8034,2416.8034,2416.8034,2416.8034,0,0
2014-03-10,2413.996,2413.996,2413.996,2413.996,0,0
2014-03-11,2413.5332,2413.5332,2413.5332,2413.5332,0,0
2014-03-12,2410.3597,2410.3597,2410.3597,2410.3597,0,0
2014-03-13,2405.5888,2405.5888,2405.5888,2405.5888,0,0
2014-03-14,2403.8571,2403.8571,2403.8571,2403.8571,0,0
2014-03-17,2412.4271,2412.4271,2412.4271,2412.4271,0,0
2014-03-18,2412.9887,2412.9887,2412.9887,2412.9887,0,0
2014-03-19,2410.8822,2410.8822,2410.8822,2410.8822,0,0
2014-03-20,2410.8174,2410.8174,2410.8174,2410.8174,0,0
2014-03-21,2410.7029,2410.7029,2410.7029,2410.7029,0,0
2014-03-24,2409.7381,2409.7381,2409.7381,2409.7381,0,0
2014-03-25,2414.2179,2414.2179,2414.2179,2414.2179,0,0
2014-03-26,2418.3494,2418.3494,2418.3494,2418.3494,0,0
2014-03-27,2418.1286,2418.1286,2418.1286,2418.1286,0,0
2014-03-28,2419.8124,2419.8124,2419.8124,2419.8124,0,0
2014-03-31,2424.2006,2424.2006,2424.2006,2424.2006,0,0
2014-04-01,2425.3669,2425.3669,2425.3669,2425.3669,0,0
2014-04-02,2427.0149,2427.0149,2427.0149,2427.0149,0,0
2014-04-03,2425.4754,2425.4754,2425.4754,2425.4754,0,0
2014-04-04,2429.0249,2429.0249,2429.0249,2429.0249,0,0
2014-04-07,2428.2578,2428.2578,2428.2578,2428.2578,0,0
2014-04-08,2429.3914,2429.3914,2429.3914,2429.3914,0,0
2014-04-09,2429.218,2429.218,2429.218,2429.218,0,0
2014-04-10,2428.9715,2428.9715,2428.9715,2428.9715,0,0
2014-04-11,2425.2088,2425.2088,2425.2088,2425.2088,0,0
2014-04-14,2421.6357,2421.6357,2421.6357,2421.6357,0,0
2014-04-15,2418.0402,2418.0402,2418.0402,2418.0402,0,0
2014-04-16,2414.5589,2414.5589,2414.5589,2414.5589,0,0
2014-04-17,2419.9506,2419.9506,2419.9506,2419.9506,0,0
2014-04-22,2424.6251,2424.6251,2424.6251,2424.6251,0,0
2014-04-23,2423.342,2423.342,2423.342,2423.342,0,0
2014-04-24,2424.4014,2424.4014,2424.4014,2424.4014,0,0
2014-04-25,2419.3671,2419.3671,2419.3671,2419.3671,0,0
2014-04-28,2420.8822,2420.8822,2420.8822,2420.8822,0,0
2014-04-29,2425.0747,2425.0747,2425.0747,2425.0747,0,0
2014-04-30,2426.1754,2426.1754,2426.1754,2426.1754,0,0
2014-05-02,2426.0153,2426.0153,2426.0153,2426.0153,0,0
2014-05-05,2422.0715,2422.0715,2422.0715,2422.0715,0,0
2014-05-06,2420.2136,2420.2136,2420.2136,2420.2136,0,0
2014-05-07,2419.8291,2419.8291,2419.8291,2419.8291,0,0
2014-05-08,2425.3094,2425.3094,2425.3094,2425.3094,0,0
2014-05-09,2422.2736,2422.2736,2422.2736,2422.2736,0,0
2014-05-12,2426.2393,2426.2393,2426.2393,2426.2393,0,0
2014-05-13,2427.7838,2427.7838,2427.7838,2427.7838,0,0
2014-05-14,2431.5127,2431.5127,2431.5127,2431.5127,0,0
2014-05-15,2428.4941,2428.4941,2428.4941,2428.4941,0,0
2014-05-16,2425.5594,2425.5594,2425.5594,2425.5594,0,0
2014-05-19,2427.1517,2427.1517,2427.1517,2427.1517,0,0
2014-05-20,2427.2807,2427.2807,2427.2807,2427.2807,0,0
2014-05-21,2431.3475,2431.3475,2431.3475,2431.3475,0,0
2014-05-22,2439.7045,2439.7045,2439.7045,2439.7045,0,0
2014-05-23,2443.7943,2443.7943,2443.7943,2443.7943,0,0
2014-05-26,2445.3898,2445.3898,2445.3898,2445.3898,0,0
2014-05-27,2444.6822,2444.6822,2444.6822,2444.6822,0,0
2014-05-28,2443.7758,2443.7758,2443.7758,2443.7758,0,0
2014-05-29,2446.001,2446.001,2446.001,2446.001,0,0
2014-05-30,2442.5496,2442.5496,2442.5496,2442.5496,0,0
2014-06-02,2443.7647,2443.7647,2443.7647,2443.7647,0,0
2014-06-03,2445.2618,2445.2618,2445.2618,2445.2618,0,0
2014-06-04,2447.4726,2447.4726,2447.4726,2447.4726,0,0
2014-06-05,2452.3682,2452.3682,2452.3682,2452.3682,0,0
2014-06-06,2460.6033,2460.6033,2460.6033,2460.6033,0,0
2014-06-09,2460.2433,2460.2433,2460.2433,2460.2433,0,0
2014-06-10,2461.3204,2461.3204,2461.3204,2461.3204,0,0
2014-06-11,2457.3953,2457.3953,2457.3953,2457.3953,0,0
2014-06-12,2455.1934,2455.1934,2455.1934,2455.1934,0,0
2014-06-13,2454.882,2454.882,2454.882,2454.882,0,0
2014-06-16,2449.759,2449.759,2449.759,2449.759,0,0
2014-06-17,2451.9545,2451.9545,2451.9545,2451.9545,0,0
2014-06-18,2453.0977,2453.0977,2453.0977,2453.0977,0,0
2014-06-20,2453.602,2453.602,2453.602,2453.602,0,0
2014-06-23,2455.0119,2455.0119,2455.0119,2455.0119,0,0
2014-06-24,2456.3106,2456.3106,2456.3106,2456.3106,0,0
2014-06-25,2449.9077,2449.9077,2449.9077,2449.9077,0,0
2014-06-26,2446.455,2446.455,2446.455,2446.455,0,0
2014-06-27,2446.2736,2446.2736,2446.2736,2446.2736,0,0
2014-06-30,2446.8286,2446.8286,2446.8286,2446.8286,0,0
2014-07-01,2446.8211,2446.8211,2446.8211,2446.8211,0,0
2014-07-02,2440.4488,2440.4488,2440.4488,2440.4488,0,0
2014-07-03,2440.8814,2440.8814,2440.8814,2440.8814,0,0
2014-07-04,2441.796,2441.796,2441.796,2441.796,0,0
2014-07-07,2443.7525,2443.7525,2443.7525,2443.7525,0,0
2014-07-08,2441.7661,2441.7661,2441.7661,2441.7661,0,0
2014-07-09,2439.6044,2439.6044,2439.6044,2439.6044,0,0
2014-07-10,2437.1016,2437.1016,2437.1016,2437.1016,0,0
2014-07-11,2441.6255,2441.6255,2441.6255,2441.6255,0,0
2014-07-14,2445.1352,2445.1352,2445.1352,2445.1352,0,0
2014-07-16,2447.6313,2447.6313,2447.6313,2447.6313,0,0
2014-07-17,2447.5791,2447.5791,2447.5791,2447.5791,0,0
2014-07-18,2447.1283,2447.1283,2447.1283,2447.1283,0,0
2014-07-21,2445.9372,2445.9372,2445.9372,2445.9372,0,0
2014-07-22,2450.4282,2450.4282,2450.4282,2450.4282,0,0
2014-07-23,2453.1198,2453.1198,2453.1198,2453.1198,0,0
2014-07-24,2454.6332,2454.6332,2454.6332,2454.6332,0,0
2014-07-25,2453.2106,2453.2106,2453.2106,2453.2106,0,0
2014-07-28,2453.9075,2453.9075,2453.9075,2453.9075,0,0
2014-07-29,2453.1551,2453.1551,2453.1551,2453.1551,0,0
2014-07-30,2444.9029,2444.9029,2444.9029,2444.9029,0,0
2014-07-31,2435.7651,2435.7651,2435.7651,2435.7651,0,0
2014-08-01,2434.777,2434.777,2434.777,2434.777,0,0
2014-08-04,2439.9628,2439.9628,2439.9628,2439.9628,0,0
2014-08-05,2440.1846,2440.1846,2440.1846,2440.1846,0,0
2014-08-06,2435.4712,2435.4712,2435.4712,2435.4712,0,0
2014-08-07,2432.2217,2432.2217,2432.2217,2432.2217,0,0
2014-08-08,2428.8885,2428.8885,2428.8885,2428.8885,0,0
2014-08-11,2437.1463,2437.1463,2437.1463,2437.1463,0,0
2014-08-12,2436.638,2436.638,2436.638,2436.638,0,0
2014-08-13,2443.2194,2443.2194,2443.2194,2443.2194,0,0
2014-08-14,2449.1987,2449.1987,2449.1987,2449.1987,0,0
2014-08-18,2455.3029,2455.3029,2455.3029,2455.3029,0,0
2014-08-19,2458.2077,2458.2077,2458.2077,2458.2077,0,0
2014-08-20,2459.4536,2459.4536,2459.4536,2459.4536,0,0
2014-08-21,2460.3971,2460.3971,2460.3971,2460.3971,0,0
2014-08-22,2458.4025,2458.4025,2458.4025,2458.4025,0,0
2014-08-25,2462.2583,2462.2583,2462.2583,2462.2583,0,0
2014-08-26,2467.3653,2467.3653,2467.3653,2467.3653,0,0
2014-08-27,2469.9478,2469.9478,2469.9478,2469.9478,0,0
2014-08-28,2464.8122,2464.8122,2464.8122,2464.8122,0,0
2014-08-29,2464.1136,2464.1136,2464.1136,2464.1136,0,0
2014-09-01,2468.9149,2468.9149,2468.9149,2468.9149,0,0
2014-09-02,2471.3882,2471.3882,2471.3882,2471.3882,0,0
2014-09-03,2484.1783,2484.1783,2484.1783,2484.1783,0,0
2014-09-04,2489.8137,2489.8137,2489.8137,2489.8137,0,0
2014-09-05,2493.6367,2493.6367,2493.6367,2493.6367,0,0
2014-09-08,2495.458,2495.458,2495.458,2495.458,0,0
2014-09-09,2493.937,2493.937,2493.937,2493.937,0,0
2014-09-10,2490.9565,2490.9565,2490.9565,2490.9565,0,0
2014-09-11,2487.4219,2487.4219,2487.4219,2487.4219,0,0
2014-09-12,2485.4829,2485.4829,2485.4829,2485.4829,0,0
2014-09-15,2487.0504,2487.0504,2487.0504,2487.0504,0,0
2014-09-16,2490.1628,2490.1628,2490.1628,2490.1628,0,0
2014-09-17,2494.3056,2494.3056,2494.3056,2494.3056,0,0
2014-09-18,2492.0335,2492.0335,2492.0335,2492.0335,0,0
2014-09-19,2496.9726,2496.9726,2496.9726,2496.9726,0,0
2014-09-22,2493.7823,2493.7823,2493.7823,2493.7823,0,0
2014-09-23,2488.2034,2488.2034,2488.2034,2488.2034,0,0
2014-09-24,2489.9234,2489.9234,2489.9234,2489.9234,0,0
2014-09-25,2488.4908,2488.4908,2488.4908,2488.4908,0,0
2014-09-26,2488.8633,2488.8633,2488.8633,2488.8633,0,0
2014-09-29,2487.7009,2487.7009,2487.7009,2487.7009,0,0
2014-09-30,2485.6288,2485.6288,2485.6288,2485.6288,0,0
2014-10-01,2480.4914,2480.4914,2480.4914,2480.4914,0,0
2014-10-02,2471.3694,2471.3694,2471.3694,2471.3694,0,0
2014-10-03,2474.7111,2474.7111,2474.7111,2474.7111,0,0
2014-10-06,2476.9989,2476.9989,2476.9989,2476.9989,0,0
2014-10-07,2474.2098,2474.2098,2474.2098,2474.2098,0,0
2014-10-08,2471.6969,2471.6969,2471.6969,2471.6969,0,0
2014-10-09,2474.2676,2474.2676,2474.2676,2474.2676,0,0
2014-10-10,2465.663,2465.663,2465.663,2465.663,0,0
2014-10-13,2467.3271,2467.3271,2467.3271,2467.3271,0,0
2014-10-14,2469.2776,2469.2776,2469.2776,2469.2776,0,0
2014-10-15,2465.5944,2465.5944,2465.5944,2465.5944,0,0
2014-10-16,2461.6745,2461.6745,2461.6745,2461.6745,0,0
2014-10-17,2468.2868,2468.2868,2468.2868,2468.2868,0,0
2014-10-20,2464.48,2464.48,2464.48,2464.48,0,0
2014-10-21,2470.6527,2470.6527,2470.6527,2470.6527,0,0
2014-10-22,2473.5144,2473.5144,2473.5144,2473.5144,0,0
2014-10-23,2474.6767,2474.6767,2474.6767,2474.6767,0,0
2014-10-24,2472.3787,2472.3787,2472.3787,2472.3787,0,0
2014-10-27,2472.666,2472.666,2472.666,2472.666,0,0
2014-10-28,2476.9243,2476.9243,2476.9243,2476.9243,0,0
2014-10-29,2477.7685,2477.7685,2477.7685,2477.7685,0,0
2014-10-30,2475.3602,2475.3602,2475.3602,2475.3602,0,0
2014-10-31,2480.9239,2480.9239,2480.9239,2480.9239,0,0
2014-11-03,2480.1455,2480.1455,2480.1455,2480.1455,0,0
2014-11-04,2480.1904,2480.1904,2480.1904,2480.1904,0,0
2014-11-05,2475.9824,2475.9824,2475.9824,2475.9824,0,0
2014-11-06,2472.9227,2472.9227,2472.9227,2472.9227,0,0
2014-11-07,2468.3433,2468.3433,2468.3433,2468.3433,0,0
2014-11-10,2466.6432,2466.6432,2466.6432,2466.6432,0,0
2014-11-12,2467.127,2467.127,2467.127,2467.127,0,0
2014-11-13,2469.5442,2469.5442,2469.5442,2469.5442,0,0
2014-11-14,2469.925,2469.925,2469.925,2469.925,0,0
2014-11-17,2470.0139,2470.0139,2470.0139,2470.0139,0,0
2014-11-18,2471.6691,2471.6691,2471.6691,2471.6691,0,0
2014-11-19,2467.6994,2467.6994,2467.6994,2467.6994,0,0
2014-11-20,2466.539,2466.539,2466.539,2466.539,0,0
2014-11-21,2473.3451,2473.3451,2473.3451,2473.3451,0,0
2014-11-24,2469.8818,2469.8818,2469.8818,2469.8818,0,0
2014-11-25,2469.1542,2469.1542,2469.1542,2469.1542,0,0
2014-11-26,2472.4777,2472.4777,2472.4777,2472.4777,0,0
2014-11-27,2474.9082,2474.9082,2474.9082,2474.9082,0,0
2014-11-28,2474.0754,2474.0754,2474.0754,2474.0754,0,0
2014-12-01,2469.7577,2469.7577,2469.7577,2469.7577,0,0
2014-12-02,2472.3642,2472.3642,2472.3642,2472.3642,0,0
2014-12-03,2471.8461,2471.8461,2471.8461,2471.8461,0,0
2014-12-04,2466.8214,2466.8214,2466.8214,2466.8214,0,0
2014-12-05,2468.4951,2468.4951,2468.4951,2468.4951,0,0
2014-12-08,2467.532,2467.532,2467.532,2467.532,0,0
2014-12-09,2460.6724,2460.6724,2460.6724,2460.6724,0,0
2014-12-10,2453.954,2453.954,2453.954,2453.954,0,0
2014-12-11,2453.4445,2453.4445,2453.4445,2453.4445,0,0
2014-12-12,2447.8568,2447.8568,2447.8568,2447.8568,0,0
2014-12-15,2442.7312,2442.7312,2442.7312,2442.7312,0,0
2014-12-16,2430.0671,2430.0671,2430.0671,2430.0671,0,0
2014-12-17,2433.5746,2433.5746,2433.5746,2433.5746,0,0
2014-12-18,2446.8766,2446.8766,2446.8766,2446.8766,0,0
2014-12-19,2443.9868,2443.9868,2443.9868,2443.9868,0,0
2014-12-22,2447.1484,2447.1484,2447.1484,2447.1484,0,0
2014-12-23,2449.9776,2449.9776,2449.9776,2449.9776,0,0
2014-12-29,2446.9894,2446.9894,2446.9894,2446.9894,0,0
2014-12-30,2447.318,2447.318,2447.318,2447.318,0,0
2014-12-31,2447.318,2447.318,2447.318,2447.318,0,0
2015-01-02,2446.8826,2446.8826,2446.8826,2446.8826,0,0
2015-01-05,2440.2224,2440.2224,2440.2224,2440.2224,0,0
2015-01-07,2449.4249,2449.4249,2449.4249,2449.4249,0,0
2015-01-08,2462.5678,2462.5678,2462.5678,2462.5678,0,0
2015-01-09,2456.7918,2456.7918,2456.7918,2456.7918,0,0
2015-01-12,2457.9417,2457.9417,2457.9417,2457.9417,0,0
2015-01-13,2464.0996,2464.0996,2464.0996,2464.0996,0,0
2015-01-14,2460.9977,2460.9977,2460.9977,2460.9977,0,0
2015-01-15,2449.5172,2449.5172,2449.5172,2449.5172,0,0
2015-01-16,2448.5205,2448.5205,2448.5205,2448.5205,0,0
2015-01-19,2446.9016,2446.9016,2446.9016,2446.9016,0,0
2015-01-20,2445.8569,2445.8569,2445.8569,2445.8569,0,0
2015-01-21,2455.0123,2455.0123,2455.0123,2455.0123,0,0
2015-01-22,2463.8744,2463.8744,2463.8744,2463.8744,0,0
2015-01-23,2471.7535,2471.7535,2471.7535,2471.7535,0,0
2015-01-26,2469.0548,2469.0548,2469.0548,2469.0548,0,0
2015-01-27,2470.6579,2470.6579,2470.6579,2470.6579,0,0
2015-01-28,2470.5023,2470.5023,2470.5023,2470.5023,0,0
2015-01-29,2475.2521,2475.2521,2475.2521,2475.2521,0,0
2015-01-30,2473.2417,2473.2417,2473.2417,2473.2417,0,0
2015-02-02,2470.3035,2470.3035,2470.3035,2470.3035,0,0
2015-02-03,2473.3455,2473.3455,2473.3455,2473.3455,0,0
2015-02-04,2472.2036,2472.2036,2472.2036,2472.2036,0,0
2015-02-05,2471.9642,2471.9642,2471.9642,2471.9642,0,0
2015-02-06,2468.6339,2468.6339,2468.6339,2468.6339,0,0
2015-02-09,2462.5649,2462.5649,2462.5649,2462.5649,0,0
2015-02-10,2462.6259,2462.6259,2462.6259,2462.6259,0,0
2015-02-11,2459.5433,2459.5433,2459.5433,2459.5433,0,0
2015-02-12,2469.0831,2469.0831,2469.0831,2469.0831,0,0
2015-02-13,2472.4667,2472.4667,2472.4667,2472.4667,0,0
2015-02-16,2474.2726,2474.2726,2474.2726,2474.2726,0,0
2015-02-17,2472.5548,2472.5548,2472.5548,2472.5548,0,0
2015-02-18,2467.4477,2467.4477,2467.4477,2467.4477,0,0
2015-02-19,2471.4602,2471.4602,2471.4602,2471.4602,0,0
2015-02-20,2469.3385,2469.3385,2469.3385,2469.3385,0,0
2015-02-23,2474.3572,2474.3572,2474.3572,2474.3572,0,0
2015-02-24,2475.1578,2475.1578,2475.1578,2475.1578,0,0
2015-02-25,2475.0202,2475.0202,2475.0202,2475.0202,0,0
2015-02-26,2478.5948,2478.5948,2478.5948,2478.5948,0,0
2015-02-27,2478.6133,2478.6133,2478.6133,2478.6133,0,0
2015-03-02,2478.4831,2478.4831,2478.4831,2478.4831,0,0
2015-03-03,2470.8068,2470.8068,2470.8068,2470.8068,0,0
2015-03-04,2471.6531,2471.6531,2471.6531,2471.6531,0,0
2015-03-05,2475.856,2475.856,2475.856,2475.856,0,0
2015-03-06,2469.1505,2469.1505,2469.1505,2469.1505,0,0
2015-03-09,2467.8924,2467.8924,2467.8924,2467.8924,0,0
2015-03-10,2460.3008,2460.3008,2460.3008,2460.3008,0,0
2015-03-11,2465.1972,2465.1972,2465.1972,2465.1972,0,0
2015-03-12,2468.6138,2468.6138,2468.6138,2468.6138,0,0
2015-03-13,2463.443,2463.443,2463.443,2463.443,0,0
2015-03-16,2465.2213,2465.2213,2465.2213,2465.2213,0,0
2015-03-17,2468.25,2468.25,2468.25,2468.25,0,0
2015-03-18,2472.7241,2472.7241,2472.7241,2472.7241,0,0
2015-03-19,2482.6213,2482.6213,2482.6213,2482.6213,0,0
2015-03-20,2490.2637,2490.2637,2490.2637,2490.2637,0,0
2015-03-23,2488.9128,2488.9128,2488.9128,2488.9128,0,0
2015-03-24,2489.7951,2489.7951,2489.7951,2489.7951,0,0
2015-03-25,2484.2209,2484.2209,2484.2209,2484.2209,0,0
2015-03-26,2474.7773,2474.7773,2474.7773,2474.7773,0,0
2015-03-27,2476.4075,2476.4075,2476.4075,2476.4075,0,0
2015-03-30,2482.7761,2482.7761,2482.7761,2482.7761,0,0
2015-03-31,2480.9955,2480.9955,2480.9955,2480.9955,0,0
2015-04-01,2481.6337,2481.6337,2481.6337,2481.6337,0,0
2015-04-02,2483.2269,2483.2269,2483.2269,2483.2269,0,0
2015-04-07,2489.3789,2489.3789,2489.3789,2489.3789,0,0
2015-04-08,2490.9956,2490.9956,2490.9956,2490.9956,0,0
2015-04-09,2493.7868,2493.7868,2493.7868,2493.7868,0,0
2015-04-10,2495.8661,2495.8661,2495.8661,2495.8661,0,0
2015-04-13,2493.1854,2493.1854,2493.1854,2493.1854,0,0
2015-04-14,2488.1444,2488.1444,2488.1444,2488.1444,0,0
2015-04-15,2498.8621,2498.8621,2498.8621,2498.8621,0,0
2015-04-16,2500.803,2500.803,2500.803,2500.803,0,0
2015-04-17,2494.7583,2494.7583,2494.7583,2494.7583,0,0
2015-04-20,2500.7252,2500.7252,2500.7252,2500.7252,0,0
2015-04-21,2500.5537,2500.5537,2500.5537,2500.5537,0,0
2015-04-22,2501.3752,2501.3752,2501.3752,2501.3752,0,0
2015-04-23,2499.4009,2499.4009,2499.4009,2499.4009,0,0
2015-04-24,2497.6028,2497.6028,2497.6028,2497.6028,0,0
2015-04-27,2506.959,2506.959,2506.959,2506.959,0,0
2015-04-28,2504.6844,2504.6844,2504.6844,2504.6844,0,0
2015-04-29,2496.8062,2496.8062,2496.8062,2496.8062,0,0
2015-04-30,2493.575,2493.575,2493.575,2493.575,0,0
2015-05-04,2494.2918,2494.2918,2494.2918,2494.2918,0,0
2015-05-05,2486.8352,2486.8352,2486.8352,2486.8352,0,0
2015-05-06,2484.717,2484.717,2484.717,2484.717,0,0
2015-05-07,2483.2847,2483.2847,2483.2847,2483.2847,0,0
2015-05-08,2500.3742,2500.3742,2500.3742,2500.3742,0,0
2015-05-11,2498.0413,2498.0413,2498.0413,2498.0413,0,0
2015-05-12,2494.8742,2494.8742,2494.8742,2494.8742,0,0
2015-05-13,2496.8229,2496.8229,2496.8229,2496.8229,0,0
2015-05-14,2495.0438,2495.0438,2495.0438,2495.0438,0,0
2015-05-15,2494.6503,2494.6503,2494.6503,2494.6503,0,0
2015-05-18,2497.1692,2497.1692,2497.1692,2497.1692,0,0
2015-05-19,2500.8863,2500.8863,2500.8863,2500.8863,0,0
2015-05-20,2498.8339,2498.8339,2498.8339,2498.8339,0,0
2015-05-21,2502.8387,2502.8387,2502.8387,2502.8387,0,0
2015-05-22,2498.6165,2498.6165,2498.6165,2498.6165,0,0
2015-05-25,2486.6405,2486.6405,2486.6405,2486.6405,0,0
2015-05-26,2478.6583,2478.6583,2478.6583,2478.6583,0,0
2015-05-27,2480.6815,2480.6815,2480.6815,2480.6815,0,0
2015-05-28,2477.8326,2477.8326,2477.8326,2477.8326,0,0
2015-05-29,2474.1414,2474.1414,2474.1414,2474.1414,0,0
2015-06-01,2471.3505,2471.3505,2471.3505,2471.3505,0,0
2015-06-02,2463.5526,2463.5526,2463.5526,2463.5526,0,0
2015-06-03,2458.3403,2458.3403,2458.3403,2458.3403,0,0
2015-06-05,2448.4511,2448.4511,2448.4511,2448.4511,0,0
2015-06-08,2434.6613,2434.6613,2434.6613,2434.6613,0,0
2015-06-09,2431.4937,2431.4937,2431.4937,2431.4937,0,0
2015-06-10,2442.3254,2442.3254,2442.3254,2442.3254,0,0
2015-06-11,2444.3399,2444.3399,2444.3399,2444.3399,0,0
2015-06-12,2438.2857,2438.2857,2438.2857,2438.2857,0,0
2015-06-15,2432.2073,2432.2073,2432.2073,2432.2073,0,0
2015-06-16,2431.4573,2431.4573,2431.4573,2431.4573,0,0
2015-06-17,2425.279,2425.279,2425.279,2425.279,0,0
2015-06-18,2427.1371,2427.1371,2427.1371,2427.1371,0,0
2015-06-19,2426.9247,2426.9247,2426.9247,2426.9247,0,0
2015-06-22,2443.3069,2443.3069,2443.3069,2443.3069,0,0
2015-06-23,2448.1088,2448.1088,2448.1088,2448.1088,0,0
2015-06-24,2447.2711,2447.2711,2447.2711,2447.2711,0,0
2015-06-25,2449.3462,2449.3462,2449.3462,2449.3462,0,0
2015-06-26,2444.6842,2444.6842,2444.6842,2444.6842,0,0
2015-06-29,2423.7998,2423.7998,2423.7998,2423.7998,0,0
2015-06-30,2427.463,2427.463,2427.463,2427.463,0,0
2015-07-01,2429.8557,2429.8557,2429.8557,2429.8557,0,0
2015-07-02,2427.0546,2427.0546,2427.0546,2427.0546,0,0
2015-07-03,2425.2767,2425.2767,2425.2767,2425.2767,0,0
2015-07-06,2418.9478,2418.9478,2418.9478,2418.9478,0,0
2015-07-07,2413.9549,2413.9549,2413.9549,2413.9549,0,0
2015-07-08,2407.8363,2407.8363,2407.8363,2407.8363,0,0
2015-07-09,2415.2442,2415.2442,2415.2442,2415.2442,0,0
2015-07-10,2430.8347,2430.8347,2430.8347,2430.8347,0,0
2015-07-13,2434.4463,2434.4463,2434.4463,2434.4463,0,0
2015-07-14,2434.1373,2434.1373,2434.1373,2434.1373,0,0
2015-07-15,2433.8406,2433.8406,2433.8406,2433.8406,0,0
2015-07-16,2446.9307,2446.9307,2446.9307,2446.9307,0,0
2015-07-17,2445.8346,2445.8346,2445.8346,2445.8346,0,0
2015-07-20,2438.3416,2438.3416,2438.3416,2438.3416,0,0
2015-07-21,2436.6273,2436.6273,2436.6273,2436.6273,0,0
2015-07-22,2418.6812,2418.6812,2418.6812,2418.6812,0,0
2015-07-23,2417.4452,2417.4452,2417.4452,2417.4452,0,0
2015-07-24,2414.3822,2414.3822,2414.3822,2414.3822,0,0
2015-07-27,2408.4202,2408.4202,2408.4202,2408.4202,0,0
2015-07-28,2412.0443,2412.0443,2412.0443,2412.0443,0,0
2015-07-29,2419.3866,2419.3866,2419.3866,2419.3866,0,0
2015-07-30,2413.7439,2413.7439,2413.7439,2413.7439,0,0
2015-07-31,2421.2803,2421.2803,2421.2803,2421.2803,0,0
2015-08-03,2424.0614,2424.0614,2424.0614,2424.0614,0,0
2015-08-04,2423.1893,2423.1893,2423.1893,2423.1893,0,0
2015-08-05,2432.4113,2432.4113,2432.4113,2432.4113,0,0
2015-08-06,2415.5189,2415.5189,2415.5189,2415.5189,0,0
2015-08-07,2416.3464,2416.3464,2416.3464,2416.3464,0,0
2015-08-10,2422.7263,2422.7263,2422.7263,2422.7263,0,0
2015-08-11,2425.4528,2425.4528,2425.4528,2425.4528,0,0
2015-08-12,2417.4769,2417.4769,2417.4769,2417.4769,0,0
2015-08-13,2423.8615,2423.8615,2423.8615,2423.8615,0,0
2015-08-14,2417.9804,2417.9804,2417.9804,2417.9804,0,0
2015-08-17,2412.2644,2412.2644,2412.2644,2412.2644,0,0
2015-08-18,2407.3938,2407.3938,2407.3938,2407.3938,0,0
2015-08-19,2408.503,2408.503,2408.503,2408.503,0,0
2015-08-20,2404.3686,2404.3686,2404.3686,2404.3686,0,0
2015-08-21,2396.0158,2396.0158,2396.0158,2396.0158,0,0
2015-08-24,2347.6226,2347.6226,2347.6226,2347.6226,0,0
2015-08-25,2349.3737,2349.3737,2349.3737,2349.3737,0,0
2015-08-26,2350.4599,2350.4599,2350.4599,2350.4599,0,0
2015-08-27,2371.9627,2371.9627,2371.9627,2371.9627,0,0
2015-08-28,2378.6634,2378.6634,2378.6634,2378.6634,0,0
2015-08-31,2379.5874,2379.5874,2379.5874,2379.5874,0,0
2015-09-01,2362.1966,2362.1966,2362.1966,2362.1966,0,0
2015-09-02,2362.437,2362.437,2362.437,2362.437,0,0
2015-09-03,2375.826,2375.826,2375.826,2375.826,0,0
2015-09-04,2371.3788,2371.3788,2371.3788,2371.3788,0,0
2015-09-07,2365.6843,2365.6843,2365.6843,2365.6843,0,0
2015-09-08,2368.898,2368.898,2368.898,2368.898,0,0
2015-09-09,2372.1276,2372.1276,2372.1276,2372.1276,0,0
2015-09-10,2377.3215,2377.3215,2377.3215,2377.3215,0,0
2015-09-11,2376.6902,2376.6902,2376.6902,2376.6902,0,0
2015-09-14,2373.8845,2373.8845,2373.8845,2373.8845,0,0
2015-09-15,2375.9595,2375.9595,2375.9595,2375.9595,0,0
2015-09-16,2378.9224,2378.9224,2378.9224,2378.9224,0,0
2015-09-17,2386.0317,2386.0317,2386.0317,2386.0317,0,0
2015-09-18,2378.0321,2378.0321,2378.0321,2378.0321,0,0
2015-09-21,2379.367,2379.367,2379.367,2379.367,0,0
2015-09-22,2369.7445,2369.7445,2369.7445,2369.7445,0,0
2015-09-23,2362.8039,2362.8039,2362.8039,2362.8039,0,0
2015-09-24,2353.0443,2353.0443,2353.0443,2353.0443,0,0
2015-09-25,2356.7227,2356.7227,2356.7227,2356.7227,0,0
2015-09-28,2344.4912,2344.4912,2344.4912,2344.4912,0,0
2015-09-29,2341.7134,2341.7134,2341.7134,2341.7134,0,0
2015-09-30,2350.8225,2350.8225,2350.8225,2350.8225,0,0
2015-10-01,2350.7337,2350.7337,2350.7337,2350.7337,0,0
2015-10-02,2350.3419,2350.3419,2350.3419,2350.3419,0,0
2015-10-05,2367.5017,2367.5017,2367.5017,2367.5017,0,0
2015-10-06,2373.4263,2373.4263,2373.4263,2373.4263,0,0
2015-10-07,2377.3128,2377.3128,2377.3128,2377.3128,0,0
2015-10-08,2381.8973,2381.8973,2381.8973,2381.8973,0,0
2015-10-09,2389.7379,2389.7379,2389.7379,2389.7379,0,0
2015-10-12,2385.4838,2385.4838,2385.4838,2385.4838,0,0
2015-10-13,2377.5278,2377.5278,2377.5278,2377.5278,0,0
2015-10-14,2377.2879,2377.2879,2377.2879,2377.2879,0,0
2015-10-15,2388.3576,2388.3576,2388.3576,2388.3576,0,0
2015-10-16,2386.9616,2386.9616,2386.9616,2386.9616,0,0
2015-10-19,2386.0294,2386.0294,2386.0294,2386.0294,0,0
2015-10-20,2385.5001,2385.5001,2385.5001,2385.5001,0,0
2015-10-21,2384.1015,2384.1015,2384.1015,2384.1015,0,0
2015-10-22,2387.2802,2387.2802,2387.2802,2387.2802,0,0
2015-10-23,2393.937,2393.937,2393.937,2393.937,0,0
2015-10-26,2394.1947,2394.1947,2394.1947,2394.1947,0,0
2015-10-27,2394.4916,2394.4916,2394.4916,2394.4916,0,0
2015-10-28,2394.4957,2394.4957,2394.4957,2394.4957,0,0
2015-10-29,2385.4798,2385.4798,2385.4798,2385.4798,0,0
2015-10-30,2384.0712,2384.0712,2384.0712,2384.0712,0,0
2015-11-02,2396.0724,2396.0724,2396.0724,2396.0724,0,0
2015-11-03,2391.974,2391.974,2391.974,2391.974,0,0
2015-11-04,2392.2604,2392.2604,2392.2604,2392.2604,0,0
2015-11-05,2386.2981,2386.2981,2386.2981,2386.2981,0,0
2015-11-06,2379.7358,2379.7358,2379.7358,2379.7358,0,0
2015-11-09,2370.2971,2370.2971,2370.2971,2370.2971,0,0
2015-11-10,2375.4607,2375.4607,2375.4607,2375.4607,0,0
2015-11-12,2378.5352,2378.5352,2378.5352,2378.5352,0,0
2015-11-13,2374.0303,2374.0303,2374.0303,2374.0303,0,0
2015-11-16,2371.9324,2371.9324,2371.9324,2371.9324,0,0
2015-11-17,2378.1481,2378.1481,2378.1481,2378.1481,0,0
2015-11-18,2378.9821,2378.9821,2378.9821,2378.9821,0,0
2015-11-19,2378.9114,2378.9114,2378.9114,2378.9114,0,0
2015-11-20,2382.8417,2382.8417,2382.8417,2382.8417,0,0
2015-11-23,2374.4229,2374.4229,2374.4229,2374.4229,0,0
2015-11-24,2366.8007,2366.8007,2366.8007,2366.8007,0,0
2015-11-25,2366.5612,2366.5612,2366.5612,2366.5612,0,0
2015-11-26,2371.3102,2371.3102,2371.3102,2371.3102,0,0
2015-11-27,2368.1504,2368.1504,2368.1504,2368.1504,0,0
2015-11-30,2362.5724,2362.5724,2362.5724,2362.5724,0,0
2015-12-01,2364.6849,2364.6849,2364.6849,2364.6849,0,0
2015-12-02,2358.5497,2358.5497,2358.5497,2358.5497,0,0
2015-12-03,2344.5405,2344.5405,2344.5405,2344.5405,0,0
2015-12-04,2332.2904,2332.2904,2332.2904,2332.2904,0,0
2015-12-07,2339.0662,2339.0662,2339.0662,2339.0662,0,0
2015-12-08,2324.7465,2324.7465,2324.7465,2324.7465,0,0
2015-12-09,2310.7326,2310.7326,2310.7326,2310.7326,0,0
2015-12-10,2312.2667,2312.2667,2312.2667,2312.2667,0,0
2015-12-11,2293.6062,2293.6062,2293.6062,2293.6062,0,0
2015-12-14,2284.0016,2284.0016,2284.0016,2284.0016,0,0
2015-12-15,2290.7557,2290.7557,2290.7557,2290.7557,0,0
2015-12-16,2298.8219,2298.8219,2298.8219,2298.8219,0,0
2015-12-17,2316.8786,2316.8786,2316.8786,2316.8786,0,0
2015-12-18,2321.4126,2321.4126,2321.4126,2321.4126,0,0
2015-12-21,2325.882,2325.882,2325.882,2325.882,0,0
2015-12-22,2322.0828,2322.0828,2322.0828,2322.0828,0,0
2015-12-23,2325.9503,2325.9503,2325.9503,2325.9503,0,0
2015-12-28,2325.5985,2325.5985,2325.5985,2325.5985,0,0
2015-12-29,2333.962,2333.962,2333.962,2333.962,0,0
2015-12-30,2330.128,2330.128,2330.128,2330.128,0,0
2016-01-04,2312.7651,2312.7651,2312.7651,2312.7651,0,0
2016-01-05,2305.83,2305.83,2305.83,2305.83,0,0
2016-01-07,2295.8321,2295.8321,2295.8321,2295.8321,0,0
2016-01-08,2292.8321,2292.8321,2292.8321,2292.8321,0,0
2016-01-11,2289.4172,2289.4172,2289.4172,2289.4172,0,0
2016-01-12,2301.9198,2301.9198,2301.9198,2301.9198,0,0
2016-01-13,2311.0806,2311.0806,2311.0806,2311.0806,0,0
2016-01-14,2304.2048,2304.2048,2304.2048,2304.2048,0,0
2016-01-15,2290.4607,2290.4607,2290.4607,2290.4607,0,0
2016-01-18,2269.9158,2269.9158,2269.9158,2269.9158,0,0
2016-01-19,2275.1786,2275.1786,2275.1786,2275.1786,0,0
2016-01-20,2265.8127,2265.8127,2265.8127,2265.8127,0,0
2016-01-21,2269.2827,2269.2827,2269.2827,2269.2827,0,0
2016-01-22,2279.5085,2279.5085,2279.5085,2279.5085,0,0
2016-01-25,2280.1935,2280.1935,2280.1935,2280.1935,0,0
2016-01-26,2279.9216,2279.9216,2279.9216,2279.9216,0,0
2016-01-27,2283.3274,2283.3274,2283.3274,2283.3274,0,0
2016-01-28,2290.8172,2290.8172,2290.8172,2290.8172,0,0
2016-01-29,2295.9129,2295.9129,2295.9129,2295.9129,0,0
2016-02-01,2294.5188,2294.5188,2294.5188,2294.5188,0,0
2016-02-02,2290.5596,2290.5596,2290.5596,2290.5596,0,0
2016-02-03,2288.8222,2288.8222,2288.8222,2288.8222,0,0
2016-02-04,2296.721,2296.721,2296.721,2296.721,0,0
2016-02-05,2297.927,2297.927,2297.927,2297.927,0,0
2016-02-08,2289.418,2289.418,2289.418,2289.418,0,0
2016-02-09,2285.4164,2285.4164,2285.4164,2285.4164,0,0
2016-02-10,2289.7065,2289.7065,2289.7065,2289.7065,0,0
2016-02-11,2283.8116,2283.8116,2283.8116,2283.8116,0,0
2016-02-12,2291.308,2291.308,2291.308,2291.308,0,0
2016-02-15,2296.6048,2296.6048,2296.6048,2296.6048,0,0
2016-02-16,2295.9999,2295.9999,2295.9999,2295.9999,0,0
2016-02-17,2310.3993,2310.3993,2310.3993,2310.3993,0,0
2016-02-18,2315.6228,2315.6228,2315.6228,2315.6228,0,0
2016-02-19,2314.2352,2314.2352,2314.2352,2314.2352,0,0
2016-02-22,2319.6631,2319.6631,2319.6631,2319.6631,0,0
2016-02-23,2317.9586,2317.9586,2317.9586,2317.9586,0,0
2016-02-24,2314.1236,2314.1236,2314.1236,2314.1236,0,0
2016-02-25,2319.9954,2319.9954,2319.9954,2319.9954,0,0
2016-02-26,2319.4234,2319.4234,2319.4234,2319.4234,0,0
2016-02-29,2315.182,2315.182,2315.182,2315.182,0,0
2016-03-01,2317.6154,2317.6154,2317.6154,2317.6154,0,0
2016-03-02,2316.7755,2316.7755,2316.7755,2316.7755,0,0
2016-03-03,2324.7395,2324.7395,2324.7395,2324.7395,0,0
2016-03-04,2327.729,2327.729,2327.729,2327.729,0,0
2016-03-07,2332.4123,2332.4123,2332.4123,2332.4123,0,0
2016-03-08,2330.6041,2330.6041,2330.6041,2330.6041,0,0
2016-03-09,2330.3176,2330.3176,2330.3176,2330.3176,0,0
2016-03-10,2332.0384,2332.0384,2332.0384,2332.0384,0,0
2016-03-11,2337.7164,2337.7164,2337.7164,2337.7164,0,0
2016-03-14,2339.481,2339.481,2339.481,2339.481,0,0
2016-03-15,2337.9211,2337.9211,2337.9211,2337.9211,0,0
2016-03-16,2333.8807,2333.8807,2333.8807,2333.8807,0,0
2016-03-17,2341.6229,2341.6229,2341.6229,2341.6229,0,0
2016-03-18,2347.7344,2347.7344,2347.7344,2347.7344,0,0
2016-03-21,2345.4141,2345.4141,2345.4141,2345.4141,0,0
2016-03-22,2343.3619,2343.3619,2343.3619,2343.3619,0,0
2016-03-23,2341.3966,2341.3966,2341.3966,2341.3966,0,0
2016-03-24,2338.5138,2338.5138,2338.5138,2338.5138,0,0
2016-03-29,2343.0945,2343.0945,2343.0945,2343.0945,0,0
2016-03-30,2351.145,2351.145,2351.145,2351.145,0,0
2016-03-31,2353.1051,2353.1051,2353.1051,2353.1051,0,0
2016-04-01,2351.6811,2351.6811,2351.6811,2351.6811,0,0
2016-04-04,2350.9854,2350.9854,2350.9854,2350.9854,0,0
2016-04-05,2340.8766,2340.8766,2340.8766,2340.8766,0,0
2016-04-06,2336.9231,2336.9231,2336.9231,2336.9231,0,0
2016-04-07,2329.9676,2329.9676,2329.9676,2329.9676,0,0
2016-04-08,2333.8503,2333.8503,2333.8503,2333.8503,0,0
2016-04-11,2334.4373,2334.4373,2334.4373,2334.4373,0,0
2016-04-12,2331.9687,2331.9687,2331.9687,2331.9687,0,0
2016-04-13,2340.453,2340.453,2340.453,2340.453,0,0
2016-04-14,2341.3959,2341.3959,2341.3959,2341.3959,0,0
2016-04-15,2339.7502,2339.7502,2339.7502,2339.7502,0,0
2016-04-18,2339.2792,2339.2792,2339.2792,2339.2792,0,0
2016-04-19,2345.9101,2345.9101,2345.9101,2345.9101,0,0
2016-04-20,2347.7158,2347.7158,2347.7158,2347.7158,0,0
2016-04-21,2345.3555,2345.3555,2345.3555,2345.3555,0,0
2016-04-22,2340.4243,2340.4243,2340.4243,2340.4243,0,0
2016-04-25,2338.2878,2338.2878,2338.2878,2338.2878,0,0
2016-04-26,2335.0288,2335.0288,2335.0288,2335.0288,0,0
2016-04-27,2334.0488,2334.0488,2334.0488,2334.0488,0,0
2016-04-28,2332.8661,2332.8661,2332.8661,2332.8661,0,0
2016-04-29,2331.9715,2331.9715,2331.9715,2331.9715,0,0
2016-05-02,2331.3844,2331.3844,2331.3844,2331.3844,0,0
2016-05-04,2321.377,2321.377,2321.377,2321.377,0,0
2016-05-05,2315.6373,2315.6373,2315.6373,2315.6373,0,0
2016-05-06,2317.8835,2317.8835,2317.8835,2317.8835,0,0
2016-05-09,2321.2048,2321.2048,2321.2048,2321.2048,0,0
2016-05-10,2318.0348,2318.0348,2318.0348,2318.0348,0,0
2016-05-11,2317.4196,2317.4196,2317.4196,2317.4196,0,0
2016-05-12,2320.9517,2320.9517,2320.9517,2320.9517,0,0
2016-05-13,2319.8501,2319.8501,2319.8501,2319.8501,0,0
2016-05-16,2328.4158,2328.4158,2328.4158,2328.4158,0,0
2016-05-17,2326.248,2326.248,2326.248,2326.248,0,0
2016-05-18,2321.537,2321.537,2321.537,2321.537,0,0
2016-05-19,2314.5411,2314.5411,2314.5411,2314.5411,0,0
2016-05-20,2313.0063,2313.0063,2313.0063,2313.0063,0,0
2016-05-23,2311.4951,2311.4951,2311.4951,2311.4951,0,0
2016-05-24,2314.8008,2314.8008,2314.8008,2314.8008,0,0
2016-05-27,2322.2776,2322.2776,2322.2776,2322.2776,0,0
2016-05-30,2320.3002,2320.3002,2320.3002,2320.3002,0,0
2016-05-31,2314.5318,2314.5318,2314.5318,2314.5318,0,0
2016-06-01,2302.8304,2302.8304,2302.8304,2302.8304,0,0
2016-06-02,2302.4356,2302.4356,2302.4356,2302.4356,0,0
2016-06-03,2306.6603,2306.6603,2306.6603,2306.6603,0,0
2016-06-06,2305.5868,2305.5868,2305.5868,2305.5868,0,0
2016-06-07,2311.06,2311.06,2311.06,2311.06,0,0
2016-06-08,2315.2799,2315.2799,2315.2799,2315.2799,0,0
2016-06-09,2313.0519,2313.0519,2313.0519,2313.0519,0,0
2016-06-10,2305.1077,2305.1077,2305.1077,2305.1077,0,0
2016-06-13,2296.8882,2296.8882,2296.8882,2296.8882,0,0
2016-06-14,2286.6171,2286.6171,2286.6171,2286.6171,0,0
2016-06-15,2288.0588,2288.0588,2288.0588,2288.0588,0,0
2016-06-16,2282.9725,2282.9725,2282.9725,2282.9725,0,0
2016-06-17,2291.9729,2291.9729,2291.9729,2291.9729,0,0
2016-06-20,2305.0383,2305.0383,2305.0383,2305.0383,0,0
2016-06-21,2307.0718,2307.0718,2307.0718,2307.0718,0,0
2016-06-22,2314.1656,2314.1656,2314.1656,2314.1656,0,0
2016-06-23,2324.9387,2324.9387,2324.9387,2324.9387,0,0
2016-06-24,2288.6683,2288.6683,2288.6683,2288.6683,0,0
2016-06-27,2288.9583,2288.9583,2288.9583,2288.9583,0,0
2016-06-28,2299.0923,2299.0923,2299.0923,2299.0923,0,0
2016-06-29,2306.4837,2306.4837,2306.4837,2306.4837,0,0
2016-06-30,2310.7336,2310.7336,2310.7336,2310.7336,0,0
2016-07-01,2312.9793,2312.9793,2312.9793,2312.9793,0,0
2016-07-04,2307.1362,2307.1362,2307.1362,2307.1362,0,0
2016-07-05,2307.225,2307.225,2307.225,2307.225,0,0
2016-07-06,2297.6749,2297.6749,2297.6749,2297.6749,0,0
2016-07-07,2299.9803,2299.9803,2299.9803,2299.9803,0,0
2016-07-08,2303.5034,2303.5034,2303.5034,2303.5034,0,0
2016-07-11,2314.2791,2314.2791,2314.2791,2314.2791,0,0
2016-07-12,2319.1978,2319.1978,2319.1978,2319.1978,0,0
2016-07-13,2315.8204,2315.8204,2315.8204,2315.8204,0,0
2016-07-19,2323.1997,2323.1997,2323.1997,2323.1997,0,0
2016-07-20,2324.0159,2324.0159,2324.0159,2324.0159,0,0
2016-07-21,2322.0058,2322.0058,2322.0058,2322.0058,0,0
2016-07-22,2321.7558,2321.7558,2321.7558,2321.7558,0,0
2016-07-25,2327.9068,2327.9068,2327.9068,2327.9068,0,0
2016-07-26,2326.4087,2326.4087,2326.4087,2326.4087,0,0
2016-07-27,2324.827,2324.827,2324.827,2324.827,0,0
2016-07-28,2323.7566,2323.7566,2323.7566,2323.7566,0,0
2016-07-29,2319.7427,2319.7427,2319.7427,2319.7427,0,0
2016-08-01,2322.7639,2322.7639,2322.7639,2322.7639,0,0
2016-08-02,2330.3568,2330.3568,2330.3568,2330.3568,0,0
2016-08-03,2328.8606,2328.8606,2328.8606,2328.8606,0,0
2016-08-04,2336.0699,2336.0699,2336.0699,2336.0699,0,0
2016-08-05,2339.1175,2339.1175,2339.1175,2339.1175,0,0
2016-08-08,2342.704,2342.704,2342.704,2342.704,0,0
2016-08-09,2347.9048,2347.9048,2347.9048,2347.9048,0,0
2016-08-10,2352.7542,2352.7542,2352.7542,2352.7542,0,0
2016-08-11,2355.3212,2355.3212,2355.3212,2355.3212,0,0
2016-08-12,2359.3136,2359.3136,2359.3136,2359.3136,0,0
2016-08-16,2354.8104,2354.8104,2354.8104,2354.8104,0,0
2016-08-17,2348.4115,2348.4115,2348.4115,2348.4115,0,0
2016-08-18,2348.6054,2348.6054,2348.6054,2348.6054,0,0
2016-08-19,2346.6111,2346.6111,2346.6111,2346.6111,0,0
2016-08-22,2345.8903,2345.8903,2345.8903,2345.8903,0,0
2016-08-23,2344.674,2344.674,2344.674,2344.674,0,0
2016-08-24,2344.3573,2344.3573,2344.3573,2344.3573,0,0
2016-08-25,2343.4166,2343.4166,2343.4166,2343.4166,0,0
2016-08-26,2343.1289,2343.1289,2343.1289,2343.1289,0,0
2016-08-29,2342.5145,2342.5145,2342.5145,2342.5145,0,0
2016-08-30,2344.6304,2344.6304,2344.6304,2344.6304,0,0
2016-08-31,2344.8827,2344.8827,2344.8827,2344.8827,0,0
2016-09-01,2335.4775,2335.4775,2335.4775,2335.4775,0,0
2016-09-02,2333.3975,2333.3975,2333.3975,2333.3975,0,0
2016-09-05,2338.7989,2338.7989,2338.7989,2338.7989,0,0
2016-09-06,2343.0721,2343.0721,2343.0721,2343.0721,0,0
2016-09-07,2352.0323,2352.0323,2352.0323,2352.0323,0,0
2016-09-08,2345.0041,2345.0041,2345.0041,2345.0041,0,0
2016-09-09,2331.1946,2331.1946,2331.1946,2331.1946,0,0
2016-09-12,2322.0002,2322.0002,2322.0002,2322.0002,0,0
2016-09-13,2321.5976,2321.5976,2321.5976,2321.5976,0,0
2016-09-14,2322.3142,2322.3142,2322.3142,2322.3142,0,0
2016-09-15,2321.8418,2321.8418,2321.8418,2321.8418,0,0
2016-09-16,2321.1071,2321.1071,2321.1071,2321.1071,0,0
2016-09-19,2326.1907,2326.1907,2326.1907,2326.1907,0,0
2016-09-20,2328.1623,2328.1623,2328.1623,2328.1623,0,0
2016-09-21,2330.8867,2330.8867,2330.8867,2330.8867,0,0
2016-09-22,2341.3301,2341.3301,2341.3301,2341.3301,0,0
2016-09-23,2337.6292,2337.6292,2337.6292,2337.6292,0,0
2016-09-26,2326.6763,2326.6763,2326.6763,2326.6763,0,0
2016-09-27,2326.7604,2326.7604,2326.7604,2326.7604,0,0
2016-09-28,2325.7985,2325.7985,2325.7985,2325.7985,0,0
2016-09-29,2324.7135,2324.7135,2324.7135,2324.7135,0,0
2016-09-30,2324.935,2324.935,2324.935,2324.935,0,0
2016-10-03,2321.9103,2321.9103,2321.9103,2321.9103,0,0
2016-10-04,2326.8505,2326.8505,2326.8505,2326.8505,0,0
2016-10-05,2323.7969,2323.7969,2323.7969,2323.7969,0,0
2016-10-06,2321.5561,2321.5561,2321.5561,2321.5561,0,0
2016-10-07,2315.3884,2315.3884,2315.3884,2315.3884,0,0
2016-10-10,2317.5044,2317.5044,2317.5044,2317.5044,0,0
2016-10-11,2313.3081,2313.3081,2313.3081,2313.3081,0,0
2016-10-12,2313.1406,2313.1406,2313.1406,2313.1406,0,0
2016-10-13,2308.3033,2308.3033,2308.3033,2308.3033,0,0
2016-10-14,2307.0209,2307.0209,2307.0209,2307.0209,0,0
2016-10-17,2303.9486,2303.9486,2303.9486,2303.9486,0,0
2016-10-18,2307.1414,2307.1414,2307.1414,2307.1414,0,0
2016-10-19,2313.0468,2313.0468,2313.0468,2313.0468,0,0
2016-10-20,2316.9982,2316.9982,2316.9982,2316.9982,0,0
2016-10-21,2317.1604,2317.1604,2317.1604,2317.1604,0,0
2016-10-24,2320.1232,2320.1232,2320.1232,2320.1232,0,0
2016-10-25,2320.4492,2320.4492,2320.4492,2320.4492,0,0
2016-10-26,2316.2283,2316.2283,2316.2283,2316.2283,0,0
2016-10-27,2313.7627,2313.7627,2313.7627,2313.7627,0,0
2016-10-28,2315.9732,2315.9732,2315.9732,2315.9732,0,0
2016-10-31,2317.5351,2317.5351,2317.5351,2317.5351,0,0
2016-11-02,2304.5996,2304.5996,2304.5996,2304.5996,0,0
2016-11-03,2303.288,2303.288,2303.288,2303.288,0,0
2016-11-04,2300.9514,2300.9514,2300.9514,2300.9514,0,0
2016-11-07,2303.486,2303.486,2303.486,2303.486,0,0
2016-11-08,2304.1262,2304.1262,2304.1262,2304.1262,0,0
2016-11-09,2301.6066,2301.6066,2301.6066,2301.6066,0,0
2016-11-10,2301.278,2301.278,2301.278,2301.278,0,0
2016-11-14,2285.2349,2285.2349,2285.2349,2285.2349,0,0
2016-11-15,2291.7396,2291.7396,2291.7396,2291.7396,0,0
2016-11-16,2285.9351,2285.9351,2285.9351,2285.9351,0,0
2016-11-17,2282.1269,2282.1269,2282.1269,2282.1269,0,0
2016-11-18,2272.5924,2272.5924,2272.5924,2272.5924,0,0
2016-11-21,2280.6234,2280.6234,2280.6234,2280.6234,0,0
2016-11-22,2288.0662,2288.0662,2288.0662,2288.0662,0,0
2016-11-23,2283.4014,2283.4014,2283.4014,2283.4014,0,0
2016-11-24,2286.8201,2286.8201,2286.8201,2286.8201,0,0
2016-11-25,2285.6557,2285.6557,2285.6557,2285.6557,0,0
2016-11-28,2286.6415,2286.6415,2286.6415,2286.6415,0,0
2016-11-29,2285.5129,2285.5129,2285.5129,2285.5129,0,0
2016-11-30,2285.5175,2285.5175,2285.5175,2285.5175,0,0
2016-12-01,2279.1422,2279.1422,2279.1422,2279.1422,0,0
2016-12-02,2274.3715,2274.3715,2274.3715,2274.3715,0,0
2016-12-05,2283.3956,2283.3956,2283.3956,2283.3956,0,0
2016-12-06,2295.6486,2295.6486,2295.6486,2295.6486,0,0
2016-12-07,2304.975,2304.975,2304.975,2304.975,0,0
2016-12-08,2310.1601,2310.1601,2310.1601,2310.1601,0,0
2016-12-09,2308.0897,2308.0897,2308.0897,2308.0897,0,0
2016-12-12,2302.3947,2302.3947,2302.3947,2302.3947,0,0
2016-12-13,2313.1543,2313.1543,2313.1543,2313.1543,0,0
2016-12-14,2317.2502,2317.2502,2317.2502,2317.2502,0,0
2016-12-15,2311.9029,2311.9029,2311.9029,2311.9029,0,0
2016-12-16,2316.6307,2316.6307,2316.6307,2316.6307,0,0
2016-12-19,2318.113,2318.113,2318.113,2318.113,0,0
2016-12-20,2321.6831,2321.6831,2321.6831,2321.6831,0,0
2016-12-21,2322.719,2322.719,2322.719,2322.719,0,0
2016-12-22,2321.3126,2321.3126,2321.3126,2321.3126,0,0
2016-12-23,2320.4962,2320.4962,2320.4962,2320.4962,0,0
2016-12-27,2319.0059,2319.0059,2319.0059,2319.0059,0,0
2016-12-28,2317.3827,2317.3827,2317.3827,2317.3827,0,0
2016-12-29,2317.6742,2317.6742,2317.6742,2317.6742,0,0
2016-12-30,2314.8961,2314.8961,2314.8961,2314.8961,0,0
2017-01-02,2313.6109,2313.6109,2313.6109,2313.6109,0,0
2017-01-03,2317.2502,2317.2502,2317.2502,2317.2502,0,0
2017-01-04,2319.6193,2319.6193,2319.6193,2319.6193,0,0
2017-01-05,2320.2964,2320.2964,2320.2964,2320.2964,0,0
2017-01-09,2317.5317,2317.5317,2317.5317,2317.5317,0,0
2017-01-10,2324.6069,2324.6069,2324.6069,2324.6069,0,0
2017-01-11,2326.3971,2326.3971,2326.3971,2326.3971,0,0
2017-01-12,2325.2354,2325.2354,2325.2354,2325.2354,0,0
2017-01-13,2320.4592,2320.4592,2320.4592,2320.4592,0,0
2017-01-16,2326.1903,2326.1903,2326.1903,2326.1903,0,0
2017-01-17,2323.4809,2323.4809,2323.4809,2323.4809,0,0
2017-01-18,2322.8411,2322.8411,2322.8411,2322.8411,0,0
2017-01-19,2321.0174,2321.0174,2321.0174,2321.0174,0,0
2017-01-20,2320.121,2320.121,2320.121,2320.121,0,0
2017-01-23,2320.9779,2320.9779,2320.9779,2320.9779,0,0
2017-01-24,2323.8564,2323.8564,2323.8564,2323.8564,0,0
2017-01-25,2333.2237,2333.2237,2333.2237,2333.2237,0,0
2017-01-26,2330.9274,2330.9274,2330.9274,2330.9274,0,0
2017-01-27,2331.2286,2331.2286,2331.2286,2331.2286,0,0
2017-01-30,2330.5007,2330.5007,2330.5007,2330.5007,0,0
2017-01-31,2331.0484,2331.0484,2331.0484,2331.0484,0,0
2017-02-01,2333.7464,2333.7464,2333.7464,2333.7464,0,0
2017-02-02,2335.9373,2335.9373,2335.9373,2335.9373,0,0
2017-02-03,2336.872,2336.872,2336.872,2336.872,0,0
2017-02-06,2341.2819,2341.2819,2341.2819,2341.2819,0,0
2017-02-07,2337.6736,2337.6736,2337.6736,2337.6736,0,0
2017-02-08,2339.4791,2339.4791,2339.4791,2339.4791,0,0
2017-02-09,2346.046,2346.046,2346.046,2346.046,0,0
2017-02-10,2351.3437,2351.3437,2351.3437,2351.3437,0,0
2017-02-13,2355.3643,2355.3643,2355.3643,2355.3643,0,0
2017-02-14,2355.7862,2355.7862,2355.7862,2355.7862,0,0
2017-02-15,2357.3634,2357.3634,2357.3634,2357.3634,0,0
2017-02-16,2360.7756,2360.7756,2360.7756,2360.7756,0,0
2017-02-17,2359.4063,2359.4063,2359.4063,2359.4063,0,0
2017-02-20,2360.4119,2360.4119,2360.4119,2360.4119,0,0
2017-02-21,2366.2661,2366.2661,2366.2661,2366.2661,0,0
2017-02-22,2367.7795,2367.7795,2367.7795,2367.7795,0,0
2017-02-23,2371.27,2371.27,2371.27,2371.27,0,0
2017-02-24,2366.9981,2366.9981,2366.9981,2366.9981,0,0
2017-02-27,2363.0511,2363.0511,2363.0511,2363.0511,0,0
2017-02-28,2360.7629,2360.7629,2360.7629,2360.7629,0,0
2017-03-01,2370.1655,2370.1655,2370.1655,2370.1655,0,0
2017-03-02,2373.7166,2373.7166,2373.7166,2373.7166,0,0
2017-03-03,2372.7956,2372.7956,2372.7956,2372.7956,0,0
2017-03-06,2372.3322,2372.3322,2372.3322,2372.3322,0,0
2017-03-07,2370.4398,2370.4398,2370.4398,2370.4398,0,0
2017-03-08,2365.2427,2365.2427,2365.2427,2365.2427,0,0
2017-03-09,2362.5401,2362.5401,2362.5401,2362.5401,0,0
2017-03-10,2365.1609,2365.1609,2365.1609,2365.1609,0,0
2017-03-13,2368.9987,2368.9987,2368.9987,2368.9987,0,0
2017-03-14,2367.7156,2367.7156,2367.7156,2367.7156,0,0
2017-03-15,2367.5191,2367.5191,2367.5191,2367.5191,0,0
2017-03-16,2374.8848,2374.8848,2374.8848,2374.8848,0,0
2017-03-17,2377.6501,2377.6501,2377.6501,2377.6501,0,0
2017-03-20,2373.158,2373.158,2373.158,2373.158,0,0
2017-03-21,2370.4686,2370.4686,2370.4686,2370.4686,0,0
2017-03-22,2363.4929,2363.4929,2363.4929,2363.4929,0,0
2017-03-23,2367.9314,2367.9314,2367.9314,2367.9314,0,0
2017-03-24,2367.844,2367.844,2367.844,2367.844,0,0
2017-03-27,2364.472,2364.472,2364.472,2364.472,0,0
2017-03-28,2369.2498,2369.2498,2369.2498,2369.2498,0,0
2017-03-29,2369.7613,2369.7613,2369.7613,2369.7613,0,0
2017-03-30,2368.2461,2368.2461,2368.2461,2368.2461,0,0
2017-03-31,2365.7697,2365.7697,2365.7697,2365.7697,0,0
2017-04-03,2370.3987,2370.3987,2370.3987,2370.3987,0,0
2017-04-04,2374.8641,2374.8641,2374.8641,2374.8641,0,0
2017-04-05,2376.1603,2376.1603,2376.1603,2376.1603,0,0
2017-04-06,2375.5831,2375.5831,2375.5831,2375.5831,0,0
2017-04-07,2375.479,2375.479,2375.479,2375.479,0,0
2017-04-10,2373.6751,2373.6751,2373.6751,2373.6751,0,0
2017-04-11,2374.4569,2374.4569,2374.4569,2374.4569,0,0
2017-04-12,2370.8168,2370.8168,2370.8168,2370.8168,0,0
2017-04-13,2372.2465,2372.2465,2372.2465,2372.2465,0,0
2017-04-18,2372.4138,2372.4138,2372.4138,2372.4138,0,0
2017-04-19,2374.6288,2374.6288,2374.6288,2374.6288,0,0
2017-04-20,2378.5008,2378.5008,2378.5008,2378.5008,0,0
2017-04-21,2377.7923,2377.7923,2377.7923,2377.7923,0,0
2017-04-24,2385.7768,2385.7768,2385.7768,2385.7768,0,0
2017-04-25,2390.3851,2390.3851,2390.3851,2390.3851,0,0
2017-04-26,2391.0097,2391.0097,2391.0097,2391.0097,0,0
2017-04-27,2394.5707,2394.5707,2394.5707,2394.5707,0,0
2017-04-28,2393.7384,2393.7384,2393.7384,2393.7384,0,0
2017-05-02,2397.8881,2397.8881,2397.8881,2397.8881,0,0
2017-05-04,2398.6579,2398.6579,2398.6579,2398.6579,0,0
2017-05-05,2396.6201,2396.6201,2396.6201,2396.6201,0,0
2017-05-08,2397.4491,2397.4491,2397.4491,2397.4491,0,0
2017-05-09,2397.6563,2397.6563,2397.6563,2397.6563,0,0
2017-05-10,2396.5057,2396.5057,2396.5057,2396.5057,0,0
2017-05-11,2397.293,2397.293,2397.293,2397.293,0,0
2017-05-12,2397.5668,2397.5668,2397.5668,2397.5668,0,0
2017-05-15,2397.0489,2397.0489,2397.0489,2397.0489,0,0
2017-05-16,2391.9447,2391.9447,2391.9447,2391.9447,0,0
2017-05-17,2384.9827,2384.9827,2384.9827,2384.9827,0,0
2017-05-18,2376.704,2376.704,2376.704,2376.704,0,0
2017-05-19,2381.1535,2381.1535,2381.1535,2381.1535,0,0
2017-05-22,2386.0356,2386.0356,2386.0356,2386.0356,0,0
2017-05-23,2383.4826,2383.4826,2383.4826,2383.4826,0,0
2017-05-24,2386.0968,2386.0968,2386.0968,2386.0968,0,0
2017-05-25,2389.854,2389.854,2389.854,2389.854,0,0
2017-05-26,2387.1252,2387.1252,2387.1252,2387.1252,0,0
2017-05-29,2386.4524,2386.4524,2386.4524,2386.4524,0,0
2017-05-30,2383.1701,2383.1701,2383.1701,2383.1701,0,0
2017-05-31,2383.4008,2383.4008,2383.4008,2383.4008,0,0
2017-06-01,2382.1645,2382.1645,2382.1645,2382.1645,0,0
2017-06-02,2388.387,2388.387,2388.387,2388.387,0,0
2017-06-05,2386.6106,2386.6106,2386.6106,2386.6106,0,0
2017-06-06,2386.2543,2386.2543,2386.2543,2386.2543,0,0
2017-06-07,2390.1084,2390.1084,2390.1084,2390.1084,0,0
2017-06-08,2391.2055,2391.2055,2391.2055,2391.2055,0,0
2017-06-09,2394.7164,2394.7164,2394.7164,2394.7164,0,0
2017-06-12,2388.1784,2388.1784,2388.1784,2388.1784,0,0
2017-06-13,2387.9351,2387.9351,2387.9351,2387.9351,0,0
2017-06-14,2390.332,2390.332,2390.332,2390.332,0,0
2017-06-16,2390.194,2390.194,2390.194,2390.194,0,0
2017-06-19,2395.2658,2395.2658,2395.2658,2395.2658,0,0
2017-06-20,2392.6682,2392.6682,2392.6682,2392.6682,0,0
2017-06-21,2390.7247,2390.7247,2390.7247,2390.7247,0,0
2017-06-22,2393.9638,2393.9638,2393.9638,2393.9638,0,0
2017-06-23,2393.7284,2393.7284,2393.7284,2393.7284,0,0
2017-06-26,2395.5453,2395.5453,2395.5453,2395.5453,0,0
2017-06-27,2395.6106,2395.6106,2395.6106,2395.6106,0,0
2017-06-28,2392.2461,2392.2461,2392.2461,2392.2461,0,0
2017-06-29,2389.3216,2389.3216,2389.3216,2389.3216,0,0
2017-06-30,2385.7087,2385.7087,2385.7087,2385.7087,0,0
2017-07-03,2391.6536,2391.6536,2391.6536,2391.6536,0,0
2017-07-04,2388.5532,2388.5532,2388.5532,2388.5532,0,0
2017-07-05,2387.0847,2387.0847,2387.0847,2387.0847,0,0
2017-07-06,2383.2953,2383.2953,2383.2953,2383.2953,0,0
2017-07-07,2380.9696,2380.9696,2380.9696,2380.9696,0,0
2017-07-10,2385.8371,2385.8371,2385.8371,2385.8371,0,0
2017-07-11,2383.9625,2383.9625,2383.9625,2383.9625,0,0
2017-07-12,2391.5636,2391.5636,2391.5636,2391.5636,0,0
2017-07-13,2396.8128,2396.8128,2396.8128,2396.8128,0,0
2017-07-14,2398.759,2398.759,2398.759,2398.759,0,0
2017-07-17,2402.4394,2402.4394,2402.4394,2402.4394,0,0
2017-07-18,2401.2088,2401.2088,2401.2088,2401.2088,0,0
2017-07-19,2402.6631,2402.6631,2402.6631,2402.6631,0,0
2017-07-20,2401.6657,2401.6657,2401.6657,2401.6657,0,0
2017-07-21,2398.4101,2398.4101,2398.4101,2398.4101,0,0
2017-07-24,2396.0644,2396.0644,2396.0644,2396.0644,0,0
2017-07-25,2396.8271,2396.8271,2396.8271,2396.8271,0,0
2017-07-26,2398.553,2398.553,2398.553,2398.553,0,0
2017-07-27,2399.5272,2399.5272,2399.5272,2399.5272,0,0
2017-07-28,2397.7601,2397.7601,2397.7601,2397.7601,0,0
2017-07-31,2399.9091,2399.9091,2399.9091,2399.9091,0,0
2017-08-01,2399.2207,2399.2207,2399.2207,2399.2207,0,0
2017-08-02,2398.3303,2398.3303,2398.3303,2398.3303,0,0
2017-08-03,2396.466,2396.466,2396.466,2396.466,0,0
2017-08-04,2397.9462,2397.9462,2397.9462,2397.9462,0,0
2017-08-07,2398.3334,2398.3334,2398.3334,2398.3334,0,0
2017-08-08,2397.7808,2397.7808,2397.7808,2397.7808,0,0
2017-08-09,2394.5872,2394.5872,2394.5872,2394.5872,0,0
2017-08-10,2389.9448,2389.9448,2389.9448,2389.9448,0,0
2017-08-11,2384.436,2384.436,2384.436,2384.436,0,0
2017-08-14,2386.1904,2386.1904,2386.1904,2386.1904,0,0
2017-08-16,2390.7487,2390.7487,2390.7487,2390.7487,0,0
2017-08-17,2386.8668,2386.8668,2386.8668,2386.8668,0,0
2017-08-18,2386.7581,2386.7581,2386.7581,2386.7581,0,0
2017-08-21,2390.3254,2390.3254,2390.3254,2390.3254,0,0
2017-08-22,2394.2248,2394.2248,2394.2248,2394.2248,0,0
2017-08-23,2395.2067,2395.2067,2395.2067,2395.2067,0,0
2017-08-24,2403.0545,2403.0545,2403.0545,2403.0545,0,0
2017-08-25,2407.1065,2407.1065,2407.1065,2407.1065,0,0
2017-08-28,2412.1548,2412.1548,2412.1548,2412.1548,0,0
2017-08-29,2408.7496,2408.7496,2408.7496,2408.7496,0,0
2017-08-30,2411.903,2411.903,2411.903,2411.903,0,0
2017-08-31,2413.9718,2413.9718,2413.9718,2413.9718,0,0
2017-09-01,2415.2546,2415.2546,2415.2546,2415.2546,0,0
2017-09-04,2416.2101,2416.2101,2416.2101,2416.2101,0,0
2017-09-05,2417.9129,2417.9129,2417.9129,2417.9129,0,0
2017-09-06,2415.6686,2415.6686,2415.6686,2415.6686,0,0
2017-09-07,2415.493,2415.493,2415.493,2415.493,0,0
2017-09-08,2413.3691,2413.3691,2413.3691,2413.3691,0,0
2017-09-11,2420.5254,2420.5254,2420.5254,2420.5254,0,0
2017-09-12,2420.1312,2420.1312,2420.1312,2420.1312,0,0
2017-09-13,2417.1738,2417.1738,2417.1738,2417.1738,0,0
2017-09-14,2416.3056,2416.3056,2416.3056,2416.3056,0,0
2017-09-15,2415.7943,2415.7943,2415.7943,2415.7943,0,0
2017-09-18,2415.8638,2415.8638,2415.8638,2415.8638,0,0
2017-09-19,2413.1091,2413.1091,2413.1091,2413.1091,0,0
2017-09-20,2412.4618,2412.4618,2412.4618,2412.4618,0,0
2017-09-21,2410.1198,2410.1198,2410.1198,2410.1198,0,0
2017-09-22,2409.7838,2409.7838,2409.7838,2409.7838,0,0
2017-09-25,2409.4912,2409.4912,2409.4912,2409.4912,0,0
2017-09-26,2408.0275,2408.0275,2408.0275,2408.0275,0,0
2017-09-27,2406.7804,2406.7804,2406.7804,2406.7804,0,0
2017-09-28,2406.3506,2406.3506,2406.3506,2406.3506,0,0
2017-09-29,2409.8864,2409.8864,2409.8864,2409.8864,0,0
2017-10-02,2412.8299,2412.8299,2412.8299,2412.8299,0,0
2017-10-03,2413.8175,2413.8175,2413.8175,2413.8175,0,0
2017-10-04,2411.2499,2411.2499,2411.2499,2411.2499,0,0
2017-10-05,2410.2594,2410.2594,2410.2594,2410.2594,0,0
2017-10-06,2411.3278,2411.3278,2411.3278,2411.3278,0,0
2017-10-09,2408.9072,2408.9072,2408.9072,2408.9072,0,0
2017-10-10,2410.8314,2410.8314,2410.8314,2410.8314,0,0
2017-10-11,2415.0282,2415.0282,2415.0282,2415.0282,0,0
2017-10-12,2417.7753,2417.7753,2417.7753,2417.7753,0,0
2017-10-13,2417.682,2417.682,2417.682,2417.682,0,0
2017-10-16,2418.9858,2418.9858,2418.9858,2418.9858,0,0
2017-10-17,2415.8736,2415.8736,2415.8736,2415.8736,0,0
2017-10-18,2413.5337,2413.5337,2413.5337,2413.5337,0,0
2017-10-19,2408.1339,2408.1339,2408.1339,2408.1339,0,0
2017-10-20,2406.3419,2406.3419,2406.3419,2406.3419,0,0
2017-10-23,2405.3559,2405.3559,2405.3559,2405.3559,0,0
2017-10-24,2399.0774,2399.0774,2399.0774,2399.0774,0,0
2017-10-25,2397.1376,2397.1376,2397.1376,2397.1376,0,0
2017-10-26,2396.3322,2396.3322,2396.3322,2396.3322,0,0
2017-10-27,2403.1717,2403.1717,2403.1717,2403.1717,0,0
2017-10-30,2410.3041,2410.3041,2410.3041,2410.3041,0,0
2017-10-31,2411.9592,2411.9592,2411.9592,2411.9592,0,0
2017-11-02,2407.0789,2407.0789,2407.0789,2407.0789,0,0
2017-11-03,2404.3441,2404.3441,2404.3441,2404.3441,0,0
2017-11-06,2404.3894,2404.3894,2404.3894,2404.3894,0,0
2017-11-07,2412.2099,2412.2099,2412.2099,2412.2099,0,0
2017-11-08,2407.3236,2407.3236,2407.3236,2407.3236,0,0
2017-11-09,2404.379,2404.379,2404.379,2404.379,0,0
2017-11-10,2399.8734,2399.8734,2399.8734,2399.8734,0,0
2017-11-13,2396.3801,2396.3801,2396.3801,2396.3801,0,0
2017-11-14,2396.7883,2396.7883,2396.7883,2396.7883,0,0
2017-11-15,2390.0806,2390.0806,2390.0806,2390.0806,0,0
2017-11-16,2390.874,2390.874,2390.874,2390.874,0,0
2017-11-17,2393.6795,2393.6795,2393.6795,2393.6795,0,0
2017-11-20,2398.2232,2398.2232,2398.2232,2398.2232,0,0
2017-11-21,2397.9226,2397.9226,2397.9226,2397.9226,0,0
2017-11-22,2398.8802,2398.8802,2398.8802,2398.8802,0,0
2017-11-23,2406.8499,2406.8499,2406.8499,2406.8499,0,0
2017-11-24,2404.6724,2404.6724,2404.6724,2404.6724,0,0
2017-11-27,2404.2129,2404.2129,2404.2129,2404.2129,0,0
2017-11-28,2404.9921,2404.9921,2404.9921,2404.9921,0,0
2017-11-29,2401.2932,2401.2932,2401.2932,2401.2932,0,0
2017-11-30,2396.0096,2396.0096,2396.0096,2396.0096,0,0
2017-12-01,2389.7176,2389.7176,2389.7176,2389.7176,0,0
2017-12-04,2392.4659,2392.4659,2392.4659,2392.4659,0,0
2017-12-05,2397.3498,2397.3498,2397.3498,2397.3498,0,0
2017-12-06,2396.6745,2396.6745,2396.6745,2396.6745,0,0
2017-12-07,2397.0986,2397.0986,2397.0986,2397.0986,0,0
2017-12-08,2399.7782,2399.7782,2399.7782,2399.7782,0,0
2017-12-11,2401.1403,2401.1403,2401.1403,2401.1403,0,0
2017-12-12,2401.094,2401.094,2401.094,2401.094,0,0
2017-12-13,2401.6681,2401.6681,2401.6681,2401.6681,0,0
2017-12-14,2405.0201,2405.0201,2405.0201,2405.0201,0,0
2017-12-15,2402.1025,2402.1025,2402.1025,2402.1025,0,0
2017-12-18,2408.7053,2408.7053,2408.7053,2408.7053,0,0
2017-12-19,2404.7973,2404.7973,2404.7973,2404.7973,0,0
2017-12-20,2404.332,2404.332,2404.332,2404.332,0,0
2017-12-21,2404.1392,2404.1392,2404.1392,2404.1392,0,0
2017-12-22,2405.4147,2405.4147,2405.4147,2405.4147,0,0
2017-12-27,2407.9037,2407.9037,2407.9037,2407.9037,0,0
2017-12-28,2409.1749,2409.1749,2409.1749,2409.1749,0,0
2017-12-29,2409.6115,2409.6115,2409.6115,2409.6115,0,0
2018-01-02,2409.6115,2409.6115,2409.6115,2409.6115,0,0
2018-01-03,2410.9124,2410.9124,2410.9124,2410.9124,0,0
2018-01-04,2422.1227,2422.1227,2422.1227,2422.1227,0,0
2018-01-05,2427.7988,2427.7988,2427.7988,2427.7988,0,0
2018-01-08,2431.247,2431.247,2431.247,2431.247,0,0
2018-01-09,2428.2337,2428.2337,2428.2337,2428.2337,0,0
2018-01-10,2423.684,2423.684,2423.684,2423.684,0,0
2018-01-11,2424.31,2424.31,2424.31,2424.31,0,0
2018-01-12,2427.83,2427.83,2427.83,2427.83,0,0
2018-01-15,2426.22,2426.22,2426.22,2426.22,0,0
2018-01-16,2430.04,2430.04,2430.04,2430.04,0,0
2018-01-17,2432.65,2432.65,2432.65,2432.65,0,0
2018-01-18,2432.68,2432.68,2432.68,2432.68,0,0
2018-01-19,2436.55,2436.55,2436.55,2436.55,0,0
2018-01-22,2439.49,2439.49,2439.49,2439.49,0,0
2018-01-23,2444.41,2444.41,2444.41,2444.41,0,0
2018-01-24,2441.45,2441.45,2441.45,2441.45,0,0
2018-01-25,2437.48,2437.48,2437.48,2437.48,0,0
2018-01-26,2437.3,2437.3,2437.3,2437.3,0,0
2018-01-29,2433.19,2433.19,2433.19,2433.19,0,0
2018-01-30,2427.96,2427.96,2427.96,2427.96,0,0
2018-01-31,2428.86,2428.86,2428.86,2428.86,0,0
2018-02-01,2427.8,2427.8,2427.8,2427.8,0,0
2018-02-02,2418.71,2418.71,2418.71,2418.71,0,0
2018-02-05,2408.12,2408.12,2408.12,2408.12,0,0
2018-02-06,2394.61,2394.61,2394.61,2394.61,0,0
2018-02-07,2399.47,2399.47,2399.47,2399.47,0,0
2018-02-08,2390.88,2390.88,2390.88,2390.88,0,0
2018-02-09,2386.81,2386.81,2386.81,2386.81,0,0
2018-02-12,2392.84,2392.84,2392.84,2392.84,0,0
2018-02-13,2396.05,2396.05,2396.05,2396.05,0,0
2018-02-14,2401.36,2401.36,2401.36,2401.36,0,0
2018-02-15,2402.44,2402.44,2402.44,2402.44,0,0
2018-02-16,2399.97,2399.97,2399.97,2399.97,0,0
2018-02-19,2399.59,2399.59,2399.59,2399.59,0,0
2018-02-20,2399.02,2399.02,2399.02,2399.02,0,0
2018-02-21,2400.72,2400.72,2400.72,2400.72,0,0
2018-02-22,2399.6,2399.6,2399.6,2399.6,0,0
2018-02-23,2403.47,2403.47,2403.47,2403.47,0,0
2018-02-26,2405.7,2405.7,2405.7,2405.7,0,0
2018-02-27,2405.29,2405.29,2405.29,2405.29,0,0
2018-02-28,2399.44,2399.44,2399.44,2399.44,0,0
2018-03-01,2393.38,2393.38,2393.38,2393.38,0,0
2018-03-02,2392.55,2392.55,2392.55,2392.55,0,0
2018-03-05,2391.77,2391.77,2391.77,2391.77,0,0
2018-03-06,2391.61,2391.61,2391.61,2391.61,0,0
2018-03-07,2393.97,2393.97,2393.97,2393.97,0,0
2018-03-08,2391.99,2391.99,2391.99,2391.99,0,0
2018-03-09,2393.81,2393.81,2393.81,2393.81,0,0
2018-03-12,2399.83,2399.83,2399.83,2399.83,0,0
2018-03-13,2394.81,2394.81,2394.81,2394.81,0,0
2018-03-14,2392.62,2392.62,2392.62,2392.62,0,0
2018-03-15,2392.21,2392.21,2392.21,2392.21,0,0
2018-03-16,2388,2388,2388,2388,0,0
2018-03-19,2381.58,2381.58,2381.58,2381.58,0,0
2018-03-20,2380.53,2380.53,2380.53,2380.53,0,0
2018-03-21,2384.32,2384.32,2384.32,2384.32,0,0
2018-03-22,2384.74,2384.74,2384.74,2384.74,0,0
2018-03-23,2374.5,2374.5,2374.5,2374.5,0,0
2018-03-26,2375.61,2375.61,2375.61,2375.61,0,0
2018-03-27,2375.2,2375.2,2375.2,2375.2,0,0
2018-03-28,2368.08,2368.08,2368.08,2368.08,0,0
