Date,Open,High,Low,Close,Volume,OpenInt
2013-07-11,1,1,1,1,0,0
2013-07-12,1.09,1.4,1.04,1.32,20206000,0
2013-07-15,1.33,1.48,1.3,1.33,10762000,0
2013-07-16,1.33,1.43,1.25,1.37,7748000,0
2013-07-17,1.38,1.39,1.29,1.3,4164000,0
2013-07-18,1.29,1.29,1.2,1.22,3300000,0
2013-07-19,1.2,1.2,1.16,1.18,2702000,0
2013-07-22,1.16,1.17,1.13,1.16,1474000,0
2013-07-23,1.15,1.25,1.14,1.18,2190000,0
2013-07-24,1.18,1.19,1.17,1.18,1060000,0
2013-07-25,1.18,1.21,1.14,1.14,1382000,0
2013-07-26,1.14,1.19,1.12,1.16,1166000,0
2013-07-29,1.16,1.19,1.16,1.17,700000,0
2013-07-30,1.18,1.23,1.18,1.21,1204000,0
2013-07-31,1.2,1.24,1.2,1.21,772000,0
2013-08-01,1.22,1.27,1.22,1.26,1790000,0
2013-08-02,1.23,1.26,1.22,1.24,970000,0
2013-08-05,1.23,1.26,1.21,1.21,1044000,0
2013-08-06,1.21,1.26,1.2,1.24,862000,0
2013-08-07,1.23,1.26,1.23,1.23,824000,0
2013-08-08,1.23,1.28,1.23,1.28,528000,0
2013-08-09,1.27,1.28,1.24,1.24,854000,0
2013-08-12,1.23,1.28,1.22,1.25,1032000,0
2013-08-13,1.25,1.31,1.24,1.28,1650000,0
2013-08-15,1.26,1.3,1.26,1.28,614000,0
2013-08-16,1.25,1.28,1.23,1.26,408000,0
2013-08-19,1.26,1.3,1.23,1.28,1006000,0
2013-08-20,1.26,1.26,1.24,1.24,406000,0
2013-08-21,1.24,1.24,1.22,1.23,470000,0
2013-08-22,1.22,1.25,1.22,1.24,1088000,0
2013-08-23,1.25,1.3,1.25,1.3,464000,0
2013-08-26,1.27,1.31,1.27,1.31,938000,0
2013-08-27,1.3,1.32,1.23,1.28,870000,0
2013-08-28,1.26,1.3,1.26,1.3,274000,0
2013-08-29,1.27,1.3,1.24,1.26,350000,0
2013-08-30,1.25,1.27,1.25,1.25,466000,0
2013-09-02,1.25,1.32,1.25,1.3,224000,0
2013-09-03,1.27,1.35,1.27,1.33,222000,0
2013-09-04,1.28,1.33,1.28,1.3,172000,0
2013-09-05,1.27,1.36,1.27,1.36,298000,0
2013-09-06,1.3,1.35,1.3,1.32,558000,0
2013-09-09,1.26,1.37,1.25,1.37,1054000,0
2013-09-10,1.33,1.37,1.31,1.37,162000,0
2013-09-11,1.34,1.38,1.34,1.37,730000,0
2013-09-12,1.34,1.38,1.34,1.37,358000,0
2013-09-13,1.39,1.39,1.33,1.38,310000,0
2013-09-16,1.36,1.57,1.36,1.5,1108000,0
2013-09-17,1.49,1.51,1.36,1.42,694000,0
2013-09-18,1.45,1.5,1.43,1.44,396000,0
2013-09-19,1.41,1.49,1.41,1.44,172000,0
2013-09-23,1.41,1.41,1.34,1.38,268000,0
2013-09-24,1.34,1.38,1.32,1.38,226000,0
2013-09-25,1.35,1.38,1.35,1.35,110000,0
2013-09-26,1.35,1.44,1.35,1.35,554000,0
2013-09-27,1.36,1.38,1.36,1.38,262000,0
2013-09-30,1.35,1.45,1.33,1.36,156000,0
2013-10-02,1.42,1.44,1.38,1.4,1256000,0
2013-10-03,1.42,1.45,1.37,1.37,186000,0
2013-10-04,1.4,1.45,1.4,1.41,362000,0
2013-10-07,1.43,1.43,1.37,1.4,208000,0
2013-10-08,1.43,1.44,1.36,1.36,522000,0
2013-10-09,1.35,1.39,1.35,1.37,392000,0
2013-10-10,1.38,1.38,1.37,1.38,230000,0
2013-10-11,1.37,1.4,1.35,1.4,224000,0
2013-10-15,1.41,1.41,1.38,1.38,312000,0
2013-10-16,1.35,1.39,1.35,1.37,272000,0
2013-10-17,1.35,1.4,1.34,1.38,204000,0
2013-10-18,1.36,1.4,1.36,1.39,364000,0
2013-10-21,1.38,1.39,1.37,1.38,274000,0
2013-10-22,1.39,1.49,1.38,1.39,704000,0
2013-10-23,1.43,1.44,1.39,1.4,386000,0
2013-10-24,1.42,1.45,1.41,1.42,308000,0
2013-10-25,1.45,1.52,1.41,1.43,322000,0
2013-10-28,1.42,1.52,1.42,1.52,484000,0
2013-10-29,1.55,1.62,1.43,1.46,588000,0
2013-10-30,1.48,1.49,1.36,1.38,642000,0
2013-10-31,1.34,1.4,1.34,1.39,216000,0
2013-11-01,1.34,1.44,1.34,1.44,528000,0
2013-11-04,1.37,1.43,1.37,1.42,354000,0
2013-11-05,1.42,1.43,1.39,1.41,228000,0
2013-11-06,1.37,1.4,1.36,1.4,256000,0
2013-11-07,1.37,1.45,1.36,1.45,534000,0
2013-11-08,1.47,1.61,1.41,1.47,416000,0
2013-11-11,1.42,1.49,1.38,1.48,432000,0
2013-11-12,1.52,1.61,1.41,1.46,374000,0
2013-11-13,1.42,1.49,1.41,1.46,344000,0
2013-11-14,1.43,1.49,1.43,1.48,396000,0
2013-11-15,1.5,1.51,1.48,1.49,368000,0
2013-11-18,1.44,1.52,1.44,1.51,598000,0
2013-11-19,1.54,1.54,1.45,1.52,386000,0
2013-11-20,1.55,1.57,1.47,1.52,420000,0
2013-11-21,1.48,1.53,1.48,1.52,400000,0
2013-11-22,1.52,1.54,1.46,1.52,456000,0
2013-11-25,1.54,1.54,1.49,1.51,412000,0
2013-11-26,1.52,1.52,1.41,1.46,892000,0
2013-11-27,1.43,1.46,1.4,1.44,758000,0
2013-11-28,1.38,1.44,1.38,1.42,472000,0
2013-11-29,1.41,1.43,1.41,1.41,296000,0
2013-12-02,1.38,1.42,1.38,1.41,296000,0
2013-12-03,1.39,1.42,1.39,1.41,286000,0
2013-12-04,1.41,1.42,1.41,1.41,306000,0
2013-12-05,1.42,1.44,1.41,1.42,342000,0
2013-12-06,1.42,1.53,1.42,1.53,280000,0
2013-12-09,1.46,1.65,1.45,1.57,1536000,0
2013-12-10,1.5,1.63,1.48,1.6,1102000,0
2013-12-11,1.63,1.69,1.55,1.59,1052000,0
2013-12-12,1.56,1.6,1.53,1.58,672000,0
2013-12-13,1.53,1.59,1.53,1.59,592000,0
2013-12-16,1.61,1.61,1.55,1.58,570000,0
2013-12-17,1.6,1.6,1.56,1.57,582000,0
2013-12-18,1.57,1.6,1.55,1.58,576000,0
2013-12-19,1.61,1.64,1.57,1.57,532000,0
2013-12-20,1.59,1.69,1.54,1.6,1522000,0
2013-12-23,1.59,1.6,1.49,1.55,2264000,0
2013-12-24,1.5,1.61,1.5,1.56,1944000,0
2013-12-27,1.5,1.62,1.48,1.51,1758000,0
2013-12-30,1.52,1.55,1.48,1.51,724000,0
2013-12-31,1.51,1.56,1.49,1.55,346000,0
2014-01-02,1.54,1.59,1.5,1.57,870000,0
2014-01-03,1.52,1.55,1.52,1.53,626000,0
2014-01-06,1.54,1.56,1.52,1.54,480000,0
2014-01-07,1.52,1.61,1.52,1.56,1034000,0
2014-01-08,1.58,1.61,1.58,1.6,592000,0
2014-01-09,1.6,1.6,1.56,1.57,600000,0
2014-01-10,1.58,1.6,1.56,1.57,646000,0
2014-01-13,1.59,1.6,1.57,1.58,538000,0
2014-01-14,1.56,1.59,1.55,1.57,718000,0
2014-01-15,1.58,1.69,1.57,1.59,708000,0
2014-01-16,1.6,1.61,1.58,1.6,628000,0
2014-01-17,1.59,1.65,1.57,1.64,810000,0
2014-01-20,1.66,1.66,1.6,1.61,968000,0
2014-01-21,1.64,1.64,1.6,1.62,604000,0
2014-01-22,1.63,1.63,1.59,1.63,694000,0
2014-01-23,1.62,1.62,1.56,1.58,662000,0
2014-01-24,1.6,1.6,1.55,1.56,752000,0
2014-01-27,1.54,1.55,1.51,1.54,694000,0
2014-01-28,1.57,1.61,1.57,1.57,868000,0
2014-01-29,1.61,1.64,1.57,1.59,910000,0
2014-01-30,1.59,1.59,1.54,1.55,356000,0
2014-02-04,1.56,1.58,1.54,1.58,730000,0
2014-02-05,1.58,1.6,1.56,1.59,762000,0
2014-02-06,1.6,1.61,1.54,1.6,1098000,0
2014-02-07,1.58,1.6,1.55,1.58,668000,0
2014-02-10,1.61,1.71,1.58,1.59,790000,0
2014-02-11,1.61,1.62,1.55,1.62,854000,0
2014-02-12,1.62,1.63,1.59,1.63,832000,0
2014-02-13,1.62,1.62,1.58,1.61,660000,0
2014-02-14,1.62,1.62,1.58,1.6,712000,0
2014-02-17,1.64,1.64,1.55,1.57,796000,0
2014-02-18,1.6,1.6,1.57,1.58,828000,0
2014-02-19,1.63,1.63,1.55,1.56,1148000,0
2014-02-20,1.6,1.6,1.53,1.55,752000,0
2014-02-21,1.57,1.6,1.57,1.57,688000,0
2014-02-24,1.58,1.6,1.54,1.59,996000,0
2014-02-25,1.58,1.59,1.57,1.59,704000,0
2014-02-26,1.59,1.6,1.57,1.6,670000,0
2014-02-27,1.59,1.63,1.58,1.6,714000,0
2014-02-28,1.6,1.6,1.54,1.58,1082000,0
2014-03-03,1.6,1.6,1.56,1.57,774000,0
2014-03-04,1.59,1.59,1.56,1.58,730000,0
2014-03-05,1.57,1.58,1.56,1.57,686000,0
2014-03-06,1.57,1.61,1.55,1.61,908000,0
2014-03-07,1.6,1.63,1.57,1.63,858000,0
2014-03-10,1.62,1.62,1.56,1.56,786000,0
2014-03-11,1.59,1.59,1.55,1.59,774000,0
2014-03-12,1.58,1.58,1.55,1.56,668000,0
2014-03-13,1.59,1.59,1.56,1.56,680000,0
2014-03-14,1.56,1.56,1.54,1.55,778000,0
2014-03-17,1.55,1.58,1.54,1.55,632000,0
2014-03-18,1.58,1.59,1.55,1.58,698000,0
2014-03-19,1.59,1.61,1.57,1.58,656000,0
2014-03-20,1.59,1.59,1.52,1.52,1176000,0
2014-03-21,1.52,1.57,1.52,1.55,1020000,0
2014-03-24,1.58,1.58,1.56,1.58,806000,0
2014-03-25,1.57,1.58,1.54,1.54,958000,0
2014-03-26,1.57,1.57,1.53,1.55,904000,0
2014-03-27,1.56,1.56,1.53,1.54,892000,0
2014-03-28,1.56,1.61,1.55,1.6,1048000,0
2014-03-31,1.6,1.6,1.56,1.57,870000,0
2014-04-01,1.59,1.61,1.58,1.58,984000,0
2014-04-02,1.59,1.6,1.57,1.58,910000,0
2014-04-03,1.6,1.62,1.56,1.59,936000,0
2014-04-04,1.6,1.6,1.56,1.58,958000,0
2014-04-07,1.57,1.59,1.55,1.57,856000,0
2014-04-08,1.58,1.59,1.57,1.59,962000,0
2014-04-09,1.58,1.6,1.57,1.58,1100000,0
2014-04-10,1.59,1.6,1.57,1.59,1126000,0
2014-04-11,1.6,1.6,1.54,1.56,1266000,0
2014-04-14,1.55,1.57,1.53,1.53,1288000,0
2014-04-15,1.54,1.54,1.49,1.51,1126000,0
2014-04-16,1.5,1.51,1.46,1.5,1054000,0
2014-04-17,1.51,1.51,1.48,1.5,982000,0
2014-04-22,1.5,1.53,1.49,1.52,1398000,0
2014-04-23,1.51,1.51,1.47,1.49,1356000,0
2014-04-24,1.5,1.5,1.48,1.5,1102000,0
2014-04-25,1.48,1.49,1.47,1.47,1116000,0
2014-04-28,1.46,1.5,1.45,1.45,1394000,0
2014-04-29,1.43,1.49,1.41,1.48,1328000,0
2014-04-30,1.49,1.5,1.45,1.5,1438000,0
2014-05-02,1.49,1.49,1.46,1.46,1200000,0
2014-05-05,1.46,1.46,1.44,1.45,894000,0
2014-05-07,1.46,1.46,1.41,1.42,1072000,0
2014-05-08,1.4,1.48,1.39,1.43,1224000,0
2014-05-09,1.44,1.44,1.4,1.43,878000,0
2014-05-12,1.44,1.47,1.42,1.46,1120000,0
2014-05-13,1.46,1.48,1.46,1.46,804000,0
2014-05-14,1.47,1.48,1.46,1.48,950000,0
2014-05-15,1.49,1.49,1.46,1.47,882000,0
2014-05-16,1.45,1.46,1.44,1.45,1008000,0
2014-05-19,1.46,1.46,1.42,1.43,924000,0
2014-05-20,1.44,1.45,1.43,1.44,930000,0
2014-05-21,1.43,1.44,1.42,1.43,1030000,0
2014-05-22,1.46,1.49,1.42,1.44,1208000,0
2014-05-23,1.47,1.51,1.45,1.45,1010000,0
2014-05-26,1.46,1.46,1.25,1.35,1702000,0
2014-05-27,1.35,1.36,1.29,1.36,1586000,0
2014-05-28,1.36,1.38,1.3,1.37,1766000,0
2014-05-29,1.36,1.36,1.3,1.33,1842000,0
2014-05-30,1.36,1.36,1.3,1.3,1838000,0
2014-06-03,1.25,1.27,1.23,1.26,1568000,0
2014-06-04,1.28,1.29,1.26,1.27,954000,0
2014-06-05,1.29,1.29,1.23,1.23,2388000,0
2014-06-06,1.21,1.24,1.2,1.24,816000,0
2014-06-09,1.23,1.24,1.21,1.24,850000,0
2014-06-10,1.25,1.25,1.23,1.23,1004000,0
2014-06-11,1.23,1.23,1.18,1.18,1750000,0
2014-06-12,1.18,1.18,1.15,1.17,934000,0
2014-06-13,1.14,1.18,1.14,1.18,676000,0
2014-06-16,1.17,1.19,1.14,1.14,976000,0
2014-06-17,1.14,1.14,1.11,1.12,844000,0
2014-06-18,1.13,1.13,1.1,1.11,872000,0
2014-06-19,1.13,1.13,1.1,1.11,770000,0
2014-06-20,1.11,1.12,1.09,1.09,744000,0
2014-06-23,1.1,1.11,1.07,1.07,838000,0
2014-06-24,1.08,1.09,1.08,1.09,822000,0
2014-06-25,1.09,1.09,1.06,1.07,800000,0
2014-06-26,1.08,1.09,1.06,1.08,998000,0
2014-06-27,1.1,1.16,1.1,1.15,1106000,0
2014-06-30,1.17,1.4,1.15,1.18,2418000,0
2014-07-02,1.14,1.19,1.14,1.16,1298000,0
2014-07-03,1.16,1.19,1.09,1.14,1456000,0
2014-07-04,1.17,1.17,1.14,1.14,1006000,0
2014-07-07,1.16,1.17,1.14,1.15,1454000,0
2014-07-08,1.14,1.15,1.12,1.14,1002000,0
2014-07-09,1.16,1.16,1.14,1.14,1064000,0
2014-07-10,1.17,1.17,1.15,1.15,856000,0
2014-07-11,1.16,1.19,1.16,1.17,972000,0
2014-07-14,1.17,1.19,1.1,1.1,1986000,0
2014-07-15,1.11,1.11,1.08,1.1,1166000,0
2014-07-16,1.09,1.09,1.06,1.06,1216000,0
2014-07-17,1.07,1.07,1.05,1.05,820000,0
2014-07-18,1.04,1.05,1.02,1.05,832000,0
2014-07-21,1.05,1.06,1.03,1.04,792000,0
2014-07-22,1.06,1.09,1.05,1.07,1290000,0
2014-07-23,1.08,1.08,1.06,1.06,830000,0
2014-07-24,1.06,1.09,1.06,1.07,822000,0
2014-07-25,1.08,1.09,1.07,1.08,946000,0
2014-07-28,1.08,1.14,1.08,1.13,1252000,0
2014-07-29,1.15,1.16,1.13,1.15,822000,0
2014-07-30,1.15,1.17,1.14,1.16,842000,0
2014-07-31,1.16,1.18,1.16,1.18,734000,0
2014-08-01,1.17,1.18,1.15,1.16,788000,0
2014-08-04,1.16,1.17,1.15,1.15,966000,0
2014-08-05,1.15,1.16,1.15,1.15,870000,0
2014-08-06,1.15,1.16,1.12,1.12,1020000,0
2014-08-07,1.13,1.13,1.12,1.12,802000,0
2014-08-08,1.12,1.14,1.05,1.05,978000,0
2014-08-11,1.06,1.11,1.06,1.09,464000,0
2014-08-12,1.09,1.13,1.09,1.11,840000,0
2014-08-13,1.11,1.14,1.09,1.09,1018000,0
2014-08-14,1.09,1.16,1.09,1.14,1012000,0
2014-08-15,1.15,1.17,1.11,1.11,1504000,0
2014-08-18,1.13,1.15,1.11,1.11,780000,0
2014-08-19,1.12,1.15,1.1,1.12,732000,0
2014-08-20,1.12,1.14,1.05,1.06,1252000,0
2014-08-21,1.08,1.11,1.07,1.07,806000,0
2014-08-22,1.08,1.17,1.08,1.11,3522000,0
2014-08-25,1.13,1.15,1.12,1.13,886000,0
2014-08-26,1.14,1.19,1.13,1.16,1730000,0
2014-08-27,1.17,1.26,1.17,1.22,1400000,0
2014-08-28,1.2,1.25,1.2,1.22,1162000,0
2014-08-29,1.23,1.23,1.19,1.21,558000,0
2014-09-01,1.21,1.22,1.2,1.21,716000,0
2014-09-02,1.21,1.24,1.21,1.23,628000,0
2014-09-03,1.22,1.26,1.19,1.19,970000,0
2014-09-04,1.2,1.22,1.19,1.19,680000,0
2014-09-05,1.2,1.21,1.2,1.2,562000,0
2014-09-08,1.2,1.24,1.2,1.22,818000,0
2014-09-10,1.22,1.22,1.14,1.14,786000,0
2014-09-11,1.13,1.18,1.13,1.16,744000,0
2014-09-12,1.15,1.18,1.15,1.16,696000,0
2014-09-15,1.16,1.2,1.15,1.15,666000,0
2014-09-16,1.14,1.14,1.08,1.08,546000,0
2014-09-17,1.09,1.12,1.09,1.12,574000,0
2014-09-18,1.13,1.16,1.13,1.13,578000,0
2014-09-19,1.14,1.16,1.1,1.1,1734000,0
2014-09-22,1.12,1.12,1.08,1.08,904000,0
2014-09-23,1.11,1.11,1.09,1.09,628000,0
2014-09-24,1.1,1.11,1.09,1.1,698000,0
2014-09-25,1.11,1.15,1.08,1.08,834000,0
2014-09-26,1.09,1.11,1.06,1.06,1002000,0
2014-09-29,1.07,1.08,1.04,1.06,1002000,0
2014-09-30,1.06,1.08,1.05,1.05,722000,0
2014-10-03,1.05,1.07,1.04,1.06,736000,0
2014-10-06,1.11,1.38,1.09,1.31,2606000,0
2014-10-07,1.31,1.36,1.29,1.29,1596000,0
2014-10-08,1.29,1.3,1.25,1.3,1492000,0
2014-10-09,1.28,1.31,1.25,1.31,1838000,0
2014-10-10,1.27,1.33,1.26,1.28,1594000,0
2014-10-13,1.28,1.32,1.26,1.31,1204000,0
2014-10-14,1.29,1.3,1.27,1.3,1228000,0
2014-10-15,1.3,1.37,1.28,1.35,1642000,0
2014-10-16,1.34,1.35,1.31,1.33,1124000,0
2014-10-17,1.33,1.34,1.31,1.34,1214000,0
2014-10-20,1.36,1.37,1.33,1.35,1190000,0
2014-10-21,1.35,1.39,1.35,1.38,1074000,0
2014-10-22,1.38,1.46,1.37,1.44,1712000,0
2014-10-23,1.44,1.44,1.37,1.38,980000,0
2014-10-24,1.38,1.42,1.34,1.42,1170000,0
2014-10-27,1.41,1.43,1.37,1.41,1116000,0
2014-10-28,1.41,1.46,1.4,1.44,1562000,0
2014-10-29,1.44,1.48,1.4,1.46,1284000,0
2014-10-30,1.47,1.47,1.41,1.44,1128000,0
2014-10-31,1.47,1.47,1.42,1.45,1084000,0
2014-11-03,1.45,1.46,1.41,1.45,1196000,0
2014-11-04,1.44,1.44,1.41,1.44,1120000,0
2014-11-05,1.42,1.42,1.39,1.41,990000,0
2014-11-06,1.43,1.43,1.37,1.42,1350000,0
2014-11-07,1.4,1.44,1.37,1.4,1740000,0
2014-11-10,1.39,1.39,1.34,1.36,1686000,0
2014-11-11,1.36,1.39,1.34,1.39,1282000,0
2014-11-12,1.37,1.44,1.36,1.44,2668000,0
2014-11-13,1.45,1.53,1.44,1.47,2052000,0
2014-11-14,1.49,1.51,1.44,1.47,1930000,0
2014-11-17,1.5,1.55,1.44,1.45,2190000,0
2014-11-18,1.46,1.52,1.39,1.52,2390000,0
2014-11-19,1.49,1.5,1.42,1.5,2020000,0
2014-11-20,1.49,1.5,1.46,1.5,2070000,0
2014-11-21,1.46,1.5,1.44,1.5,2622000,0
2014-11-24,1.51,1.53,1.46,1.53,2964000,0
2014-11-25,1.55,1.58,1.51,1.58,3990000,0
2014-11-26,1.56,1.6,1.52,1.6,4104000,0
2014-11-27,1.57,1.88,1.54,1.77,4028000,0
2014-11-28,1.85,1.94,1.76,1.9,5508000,0
2014-12-01,1.89,1.9,1.81,1.85,3130000,0
2014-12-02,1.87,1.93,1.79,1.86,3064000,0
2014-12-03,1.89,1.9,1.83,1.85,3264000,0
2014-12-04,1.84,1.9,1.8,1.9,3828000,0
2014-12-05,1.86,1.86,1.79,1.83,2870000,0
2014-12-08,1.83,1.9,1.76,1.79,3210000,0
2014-12-09,1.8,1.87,1.79,1.83,3050000,0
2014-12-10,1.83,1.83,1.6,1.65,4438000,0
2014-12-11,1.68,1.75,1.55,1.75,3734000,0
2014-12-12,1.8,1.83,1.54,1.63,3384000,0
2014-12-15,1.59,1.74,1.52,1.73,3154000,0
2014-12-16,1.74,1.75,1.67,1.73,3124000,0
2014-12-17,1.74,1.83,1.72,1.82,3126000,0
2014-12-18,1.83,1.88,1.8,1.88,3260000,0
2014-12-19,1.87,1.87,1.84,1.84,3148000,0
2014-12-22,1.87,1.88,1.79,1.85,3176000,0
2014-12-23,1.86,1.87,1.81,1.84,3302000,0
2014-12-24,1.84,1.85,1.8,1.84,1206000,0
2014-12-29,1.85,1.85,1.83,1.85,3118000,0
2014-12-30,1.86,1.87,1.82,1.85,3208000,0
2014-12-31,1.84,1.92,1.83,1.9,1786000,0
2015-01-02,1.9,2.18,1.9,2.03,4332000,0
2015-01-05,2.03,2.13,1.95,2,2998000,0
2015-01-06,1.98,1.99,1.93,1.99,2800000,0
2015-01-07,1.99,2.01,1.9,1.92,2768000,0
2015-01-08,1.93,1.96,1.84,1.88,2816000,0
2015-01-09,1.91,1.91,1.86,1.88,2900000,0
2015-01-12,1.86,1.89,1.82,1.85,2864000,0
2015-01-13,1.9,2.03,1.85,1.91,3252000,0
2015-01-14,1.91,1.94,1.84,1.86,2844000,0
2015-01-15,1.89,1.9,1.8,1.85,2926000,0
2015-01-16,1.87,1.87,1.8,1.84,2844000,0
2015-01-19,1.84,1.86,1.8,1.82,2896000,0
2015-01-20,1.84,1.95,1.76,1.78,2884000,0
2015-01-21,1.81,1.82,1.69,1.71,2890000,0
2015-01-22,1.74,1.8,1.67,1.75,2718000,0
2015-01-23,1.78,1.78,1.61,1.73,2954000,0
2015-01-26,1.75,1.76,1.68,1.7,2540000,0
2015-01-27,1.74,1.74,1.67,1.73,2494000,0
2015-01-28,1.76,1.76,1.68,1.7,2250000,0
2015-01-29,1.7,1.71,1.65,1.68,2248000,0
2015-01-30,1.7,1.7,1.61,1.68,2386000,0
2015-02-02,1.71,1.71,1.63,1.67,2322000,0
2015-02-03,1.69,1.69,1.61,1.63,1878000,0
2015-02-04,1.64,1.68,1.61,1.64,1848000,0
2015-02-05,1.64,1.66,1.59,1.59,2038000,0
2015-02-06,1.62,1.62,1.57,1.58,1830000,0
2015-02-09,1.57,1.61,1.57,1.6,1946000,0
2015-02-10,1.61,1.63,1.51,1.54,1894000,0
2015-02-11,1.56,1.58,1.54,1.55,1720000,0
2015-02-12,1.58,1.58,1.55,1.57,1688000,0
2015-02-13,1.58,1.59,1.58,1.59,1332000,0
2015-02-16,1.58,1.66,1.58,1.63,1118000,0
2015-02-17,1.64,1.66,1.58,1.64,702000,0
2015-02-18,1.63,1.65,1.61,1.65,268000,0
2015-02-23,1.66,1.67,1.63,1.66,1086000,0
2015-02-24,1.65,1.69,1.58,1.62,864000,0
2015-02-25,1.64,1.64,1.6,1.63,812000,0
2015-02-26,1.64,1.65,1.6,1.62,826000,0
2015-02-27,1.64,1.68,1.62,1.64,862000,0
2015-03-02,1.66,1.67,1.63,1.65,868000,0
2015-03-03,1.68,1.68,1.58,1.6,908000,0
2015-03-04,1.62,1.62,1.57,1.59,1302000,0
2015-03-05,1.62,1.62,1.58,1.58,1382000,0
2015-03-06,1.6,1.64,1.58,1.63,1592000,0
2015-03-09,1.63,1.81,1.62,1.77,2546000,0
2015-03-10,1.8,1.81,1.73,1.76,2376000,0
2015-03-11,1.75,1.75,1.71,1.74,1978000,0
2015-03-12,1.75,1.81,1.74,1.81,2136000,0
2015-03-13,1.82,1.93,1.82,1.9,3798000,0
2015-03-16,1.92,1.94,1.72,1.84,2808000,0
2015-03-17,1.81,1.91,1.74,1.91,2890000,0
2015-03-18,1.92,1.94,1.88,1.93,3694000,0
2015-03-19,1.94,1.95,1.87,1.88,3350000,0
2015-03-20,1.88,1.9,1.86,1.9,2776000,0
2015-03-23,1.92,1.95,1.88,1.9,2820000,0
2015-03-24,1.92,1.93,1.86,1.87,2710000,0
2015-03-25,1.87,1.87,1.83,1.87,2734000,0
2015-03-26,1.85,1.88,1.82,1.88,3092000,0
2015-03-27,1.86,1.99,1.85,1.95,8414000,0
2015-03-30,1.99,2.3,1.96,2,9464000,0
2015-03-31,2.02,2.15,2,2.15,35330000,0
2015-04-01,2.15,2.3,2.15,2.25,6024000,0
2015-04-02,2.27,2.34,2.17,2.2,5096000,0
2015-04-08,2.2,2.27,2.12,2.17,4202000,0
2015-04-09,2.22,2.25,2.09,2.14,3444000,0
2015-04-10,2.19,2.19,2.09,2.18,2758000,0
2015-04-13,2.18,2.39,2.18,2.3,5608000,0
2015-04-14,2.34,2.38,2.23,2.24,3234000,0
2015-04-15,2.25,2.26,2.17,2.17,3332000,0
2015-04-16,2.19,2.3,2.17,2.29,3802000,0
2015-04-17,2.33,2.5,2.33,2.46,5634000,0
2015-04-20,2.48,2.48,2.38,2.4,2276000,0
2015-04-21,2.43,2.52,2.39,2.5,2328000,0
2015-04-22,2.55,2.6,2.5,2.54,2712000,0
2015-04-23,2.56,2.6,2.44,2.48,2212000,0
2015-04-24,2.51,2.58,2.45,2.47,3072000,0
2015-04-27,2.5,2.56,2.3,2.55,4480000,0
2015-04-28,2.58,2.6,2.43,2.47,2468000,0
2015-04-29,2.49,2.55,2.44,2.55,5588000,0
2015-04-30,2.58,2.78,2.58,2.66,4880000,0
2015-05-04,2.72,2.8,2.59,2.62,2848000,0
2015-05-05,2.66,2.68,2.51,2.55,2398000,0
2015-05-06,2.55,2.56,2.42,2.47,3318000,0
2015-05-07,2.45,2.5,2.29,2.46,5870000,0
2015-05-08,2.46,2.53,2.46,2.51,1784000,0
2015-05-11,2.54,2.54,2.48,2.5,1684000,0
2015-05-12,2.5,2.5,2.4,2.4,2216000,0
2015-05-13,2.45,2.6,2.45,2.59,11744000,0
2015-05-14,2.6,2.61,2.48,2.57,2030000,0
2015-05-15,2.59,2.62,2.5,2.55,1408000,0
2015-05-18,2.55,2.55,2.5,2.53,2216000,0
2015-05-19,2.55,2.58,2.53,2.56,2052019,0
2015-05-20,2.56,2.6,2.54,2.57,3560000,0
2015-05-21,2.59,2.59,2.54,2.57,1956000,0
2015-05-22,2.57,2.6,2.5,2.6,2280000,0
2015-05-26,2.61,2.9,2.57,2.76,7496019,0
2015-05-27,2.9,2.9,2.78,2.8,1190000,0
2015-05-28,2.82,2.83,2.71,2.76,1444000,0
2015-05-29,2.77,2.78,2.69,2.74,2250000,0
2015-06-01,2.78,2.78,2.62,2.69,3918000,0
2015-06-02,2.75,2.75,2.64,2.69,2038000,0
2015-06-03,2.8,2.8,2.55,2.59,2270000,0
2015-06-04,2.64,2.65,2.5,2.6,4170000,0
2015-06-05,2.6,2.75,2.47,2.49,2944000,0
2015-06-08,2.52,2.55,2.22,2.54,6206000,0
2015-06-09,2.55,2.56,2.23,2.36,52434000,0
2015-06-10,2.33,2.46,2.22,2.31,8946000,0
2015-06-11,2.3,2.33,2.23,2.31,2468000,0
2015-06-12,2.31,2.35,2.27,2.34,2638000,0
2015-06-15,2.34,2.34,2.26,2.28,2054000,0
2015-06-16,2.25,2.27,2.16,2.17,1328000,0
2015-06-17,2.09,2.18,2.07,2.08,1180000,0
2015-06-18,2.15,2.15,1.83,1.83,5764000,0
2015-06-19,1.85,1.85,1.47,1.56,15668000,0
2015-06-22,1.58,1.74,1.56,1.69,3730000,0
2015-06-23,1.73,1.77,1.63,1.7,1996000,0
2015-06-24,1.69,1.75,1.65,1.72,1414000,0
2015-06-25,1.79,1.79,1.67,1.68,2524000,0
2015-06-26,1.74,1.75,1.63,1.65,5740000,0
2015-06-29,1.69,1.72,1.6,1.7,7058000,0
2015-06-30,1.8,2.3,1.79,2.3,26342000,0
2015-07-02,2.29,2.33,1.95,2.28,17400000,0
2015-07-03,2.3,2.3,2.03,2.09,1834000,0
2015-07-06,2.14,2.14,1.67,1.82,2244000,0
2015-07-07,1.85,1.9,1.66,1.78,3878000,0
2015-07-08,1.68,1.74,1.45,1.72,16612000,0
2015-07-09,1.72,2.15,1.72,2.06,5030000,0
2015-07-10,1.9,2.15,1.86,2.04,3300000,0
2015-07-13,2.1,2.12,2.02,2.1,1196000,0
2015-07-14,2.1,2.15,2.04,2.1,2574000,0
2015-07-15,2.01,2.09,1.9,1.96,2086000,0
2015-07-16,1.91,2,1.86,1.98,1156000,0
2015-07-17,1.98,2,1.93,1.97,404000,0
2015-07-20,2.02,2.05,1.98,2.03,598000,0
2015-07-21,2.02,2.02,1.94,1.98,14488000,0
2015-07-22,1.94,1.98,1.92,1.97,1296000,0
2015-07-23,1.99,2.03,1.95,1.97,656000,0
2015-07-24,1.96,2.03,1.93,1.96,976000,0
2015-07-27,1.93,1.99,1.9,1.96,2402000,0
2015-07-28,1.94,2,1.87,1.91,962000,0
2015-07-29,1.91,1.93,1.84,1.9,1930000,0
2015-07-30,1.9,1.91,1.79,1.85,686000,0
2015-07-31,1.85,1.89,1.79,1.8,490000,0
2015-08-03,1.78,1.83,1.76,1.79,1210000,0
2015-08-04,1.77,1.89,1.75,1.78,400000,0
2015-08-05,1.77,1.8,1.71,1.75,740000,0
2015-08-06,1.75,1.76,1.67,1.7,518000,0
2015-08-07,1.68,1.71,1.68,1.71,212000,0
2015-08-10,1.69,1.79,1.66,1.78,408000,0
2015-08-11,1.82,1.96,1.82,1.93,1754000,0
2015-08-12,1.96,1.98,1.9,1.92,1400000,0
2015-08-13,1.95,1.99,1.91,1.98,1306000,0
2015-08-14,2.02,2.03,1.96,1.99,668000,0
2015-08-17,2,2,1.9,1.99,1068000,0
2015-08-18,2,2.01,1.91,1.95,6570000,0
2015-08-19,1.96,1.98,1.85,1.92,624000,0
2015-08-20,1.91,1.91,1.79,1.89,1104000,0
2015-08-21,1.83,1.98,1.72,1.97,4266000,0
2015-08-24,2,2,1.7,1.75,2534000,0
2015-08-25,1.73,1.87,1.69,1.76,968000,0
2015-08-26,1.78,1.78,1.65,1.74,1053500,0
2015-08-27,1.77,1.82,1.72,1.77,236000,0
2015-08-28,1.81,1.81,1.73,1.78,736000,0
2015-08-31,1.79,1.79,1.71,1.74,242000,0
2015-09-01,1.73,1.74,1.68,1.69,262000,0
2015-09-02,1.67,1.69,1.66,1.69,190000,0
2015-09-04,1.72,1.72,1.65,1.69,216000,0
2015-09-07,1.65,1.71,1.6,1.69,462000,0
2015-09-08,1.7,1.72,1.65,1.72,238000,0
2015-09-09,1.72,1.72,1.67,1.69,112000,0
2015-09-10,1.65,1.72,1.63,1.68,598000,0
2015-09-11,1.71,1.71,1.62,1.65,286000,0
2015-09-14,1.67,1.67,1.63,1.64,80000,0
2015-09-15,1.63,1.66,1.6,1.65,46000,0
2015-09-16,1.66,1.66,1.58,1.62,322000,0
2015-09-17,1.63,1.66,1.6,1.63,138000,0
2015-09-18,1.6,1.65,1.6,1.65,148000,0
2015-09-21,1.6,1.64,1.57,1.62,784000,0
2015-09-22,1.64,1.67,1.61,1.63,892000,0
2015-09-23,1.64,1.65,1.59,1.62,744000,0
2015-09-24,1.6,1.63,1.59,1.62,778000,0
2015-09-25,1.61,1.62,1.58,1.62,906000,0
2015-09-29,1.6,1.62,1.56,1.6,680000,0
2015-09-30,1.63,1.63,1.55,1.61,812000,0
2015-10-02,1.75,1.8,1.65,1.71,868000,0
2015-10-05,1.74,1.75,1.67,1.75,1034000,0
2015-10-06,1.76,1.79,1.67,1.79,1558000,0
2015-10-07,1.8,1.82,1.75,1.81,1570000,0
2015-10-08,1.83,1.83,1.73,1.77,932000,0
2015-10-09,1.77,1.78,1.71,1.75,1476000,0
2015-10-12,1.76,1.78,1.74,1.77,1470000,0
2015-10-13,1.79,1.79,1.72,1.75,1388000,0
2015-10-14,1.73,1.74,1.7,1.73,1138000,0
2015-10-15,1.75,1.8,1.63,1.75,1938000,0
2015-10-16,1.77,1.77,1.69,1.72,1256000,0
2015-10-19,1.73,1.73,1.67,1.7,1296000,0
2015-10-20,1.68,1.69,1.62,1.63,1334000,0
2015-10-22,1.62,1.68,1.56,1.64,3008000,0
2015-10-23,1.68,1.7,1.62,1.69,1330000,0
2015-10-26,1.7,1.7,1.62,1.7,1680000,0
2015-10-27,1.69,1.71,1.63,1.67,1820000,0
2015-10-28,1.67,1.67,1.59,1.66,1874000,0
2015-10-29,1.67,1.68,1.62,1.66,1450000,0
2015-10-30,1.67,1.67,1.6,1.65,1650000,0
2015-11-02,1.66,1.67,1.59,1.6,1154000,0
2015-11-03,1.63,1.63,1.6,1.61,1344000,0
2015-11-04,1.64,1.67,1.58,1.61,1308000,0
2015-11-05,1.62,1.62,1.57,1.59,1274000,0
2015-11-06,1.6,1.61,1.57,1.59,1486000,0
2015-11-09,1.59,1.59,1.56,1.57,1464000,0
2015-11-10,1.56,1.6,1.55,1.58,1286000,0
2015-11-11,1.58,1.59,1.53,1.57,1590000,0
2015-11-12,1.58,1.6,1.54,1.58,1418000,0
2015-11-13,1.57,1.58,1.53,1.55,1130000,0
2015-11-16,1.51,1.52,1.45,1.46,1878000,0
2015-11-17,1.49,1.52,1.48,1.49,1514000,0
2015-11-18,1.51,1.53,1.44,1.44,1378000,0
2015-11-19,1.47,1.48,1.41,1.47,1902000,0
2015-11-20,1.48,1.5,1.43,1.43,1426600,0
2015-11-23,1.45,1.46,1.39,1.41,1562000,0
2015-11-24,1.42,1.48,1.42,1.48,2116000,0
2015-11-25,1.49,1.49,1.41,1.42,1378000,0
2015-11-26,1.43,1.43,1.38,1.42,2084000,0
2015-11-27,1.42,1.43,1.39,1.4,1594000,0
2015-11-30,1.41,1.44,1.31,1.39,1986000,0
2015-12-01,1.38,1.39,1.35,1.36,1538000,0
2015-12-02,1.37,1.7,1.3,1.35,2468000,0
2015-12-03,1.35,1.37,1.33,1.36,1932000,0
2015-12-04,1.36,1.45,1.35,1.42,4172000,0
2015-12-07,1.44,1.48,1.41,1.42,1616000,0
2015-12-08,1.42,1.42,1.39,1.4,1592000,0
2015-12-09,1.4,1.47,1.39,1.41,1722000,0
2015-12-10,1.41,1.42,1.38,1.39,1682000,0
2015-12-11,1.41,1.41,1.35,1.37,1706000,0
2015-12-14,1.36,1.39,1.27,1.29,1808000,0
2015-12-15,1.3,1.35,1.24,1.27,1894000,0
2015-12-16,1.34,1.34,1.26,1.27,2112000,0
2015-12-17,1.29,1.4,1.27,1.4,3064000,0
2015-12-18,1.39,1.44,1.37,1.43,1822000,0
2015-12-21,1.44,1.62,1.39,1.61,3190000,0
2015-12-22,1.61,1.8,1.55,1.75,3254000,0
2015-12-23,1.78,1.79,1.67,1.73,2896000,0
2015-12-24,1.76,1.77,1.68,1.71,2572000,0
2015-12-28,1.72,1.72,1.61,1.65,2484000,0
2015-12-29,1.66,1.66,1.6,1.65,2268000,0
2015-12-30,1.67,1.76,1.61,1.76,4640000,0
2015-12-31,1.79,1.85,1.73,1.8,11706000,0
2016-01-04,1.8,1.8,1.63,1.65,1916000,0
2016-01-05,1.66,1.7,1.57,1.59,1382000,0
2016-01-06,1.57,1.58,1.53,1.54,1234000,0
2016-01-07,1.55,1.61,1.44,1.6,2616000,0
2016-01-08,1.64,1.67,1.56,1.6,1708000,0
2016-01-11,1.55,1.56,1.5,1.53,754000,0
2016-01-12,1.52,1.52,1.4,1.47,1110000,0
2016-01-13,1.48,1.48,1.37,1.44,2106000,0
2016-01-14,1.38,1.47,1.38,1.47,1705500,0
2016-01-15,1.45,1.51,1.42,1.5,1938000,0
2016-01-18,1.51,1.61,1.45,1.46,1930000,0
2016-01-19,1.45,1.54,1.42,1.52,724000,0
2016-01-20,1.48,1.52,1.4,1.48,1174000,0
2016-01-21,1.49,1.55,1.44,1.49,714000,0
2016-01-22,1.51,1.55,1.4,1.45,902000,0
2016-01-25,1.46,1.47,1.32,1.35,1776000,0
2016-01-26,1.35,1.37,1.3,1.37,736000,0
2016-01-27,1.36,1.38,1.28,1.3,1064000,0
2016-01-28,1.29,1.33,1.26,1.31,2412000,0
2016-01-29,1.32,1.34,1.25,1.33,1188000,0
2016-02-01,1.35,1.38,1.29,1.35,984000,0
2016-02-02,1.35,1.36,1.29,1.29,2832000,0
2016-02-03,1.28,1.32,1.22,1.32,1216000,0
2016-02-04,1.34,1.34,1.29,1.3,2324000,0
2016-02-05,1.29,1.31,1.19,1.3,2576000,0
2016-02-11,1.31,1.31,1.18,1.25,1544000,0
2016-02-12,1.18,1.19,1.11,1.12,976000,0
2016-02-15,1.14,1.32,1.1,1.32,1848000,0
2016-02-16,1.33,1.35,1.25,1.31,1372000,0
2016-02-17,1.32,1.34,1.26,1.34,898000,0
2016-02-18,1.33,1.34,1.32,1.34,2688000,0
2016-02-19,1.35,1.35,1.27,1.32,1222000,0
2016-02-22,1.35,1.35,1.26,1.32,1160000,0
2016-02-23,1.33,1.33,1.29,1.31,712000,0
2016-02-24,1.32,1.32,1.28,1.32,702000,0
2016-02-25,1.32,1.32,1.26,1.31,698000,0
2016-02-26,1.27,1.29,1.2,1.21,1926000,0
2016-02-29,1.21,1.27,1.11,1.23,2040000,0
2016-03-01,1.26,1.26,1.08,1.21,3666000,0
2016-03-02,1.22,1.26,1.21,1.26,1792000,0
2016-03-03,1.3,1.3,1.21,1.26,714000,0
2016-03-04,1.31,1.31,1.23,1.26,560000,0
2016-03-07,1.28,1.28,1.24,1.26,646000,0
2016-03-08,1.27,1.27,1.21,1.26,1668000,0
2016-03-09,1.29,1.29,1.21,1.24,1026000,0
2016-03-10,1.26,1.27,1.18,1.21,832000,0
2016-03-11,1.23,1.23,1.16,1.21,568000,0
2016-03-14,1.27,1.28,1.2,1.22,570000,0
2016-03-15,1.21,1.21,1.16,1.18,10756000,0
2016-03-16,1.22,1.22,1.16,1.19,2250000,0
2016-03-17,1.22,1.25,1.18,1.2,540000,0
2016-03-18,1.19,1.2,1.18,1.2,8140000,0
2016-03-21,1.26,1.27,1.19,1.2,4522000,0
2016-03-22,1.2,1.21,1.19,1.21,376000,0
2016-03-23,1.21,1.25,1.17,1.25,1210000,0
2016-03-24,1.25,1.25,1.18,1.2,664000,0
2016-03-29,1.23,1.23,1.18,1.19,1440000,0
2016-03-30,1.27,1.27,1.18,1.21,430000,0
2016-03-31,1.23,1.23,1.19,1.22,460000,0
2016-04-01,1.24,1.24,1.18,1.22,762000,0
2016-04-05,1.31,1.31,1.19,1.22,492000,0
2016-04-06,1.22,1.22,1.18,1.19,434000,0
2016-04-07,1.19,1.2,1.17,1.2,874600,0
2016-04-08,1.2,1.2,1.18,1.19,1526000,0
2016-04-11,1.18,1.2,1.18,1.2,470000,0
2016-04-12,1.19,1.2,1.18,1.2,410000,0
2016-04-13,1.2,1.21,1.18,1.21,530000,0
2016-04-14,1.22,1.26,1.21,1.26,1516000,0
2016-04-15,1.3,1.3,1.23,1.23,1128000,0
2016-04-18,1.25,1.26,1.24,1.24,456000,0
2016-04-19,1.25,1.28,1.23,1.28,624000,0
2016-04-20,1.28,1.29,1.27,1.28,774000,0
2016-04-21,1.32,1.32,1.26,1.3,584000,0
2016-04-22,1.3,1.3,1.28,1.29,540000,0
2016-04-25,1.33,1.33,1.28,1.29,1542000,0
2016-04-26,1.25,1.28,1.24,1.28,620000,0
2016-04-27,1.29,1.29,1.24,1.26,640000,0
2016-04-28,1.26,1.31,1.24,1.26,814000,0
2016-04-29,1.25,1.25,1.22,1.25,478000,0
2016-05-03,1.24,1.24,1.22,1.23,638000,0
2016-05-04,1.23,1.26,1.21,1.21,644000,0
2016-05-05,1.26,1.26,1.21,1.23,4798000,0
2016-05-06,1.25,1.25,1.19,1.25,902000,0
2016-05-09,1.26,1.26,1.23,1.25,490000,0
2016-05-10,1.26,1.26,1.22,1.25,404000,0
2016-05-11,1.26,1.26,1.21,1.25,530000,0
2016-05-12,1.24,1.25,1.23,1.25,388000,0
2016-05-13,1.26,1.26,1.19,1.24,1842000,0
2016-05-16,1.23,1.27,1.2,1.25,622000,0
2016-05-17,1.26,1.28,1.24,1.26,800000,0
2016-05-18,1.26,1.26,1.23,1.25,826000,0
2016-05-19,1.24,1.27,1.22,1.25,570000,0
2016-05-20,1.32,1.32,1.23,1.25,798000,0
2016-05-23,1.29,1.29,1.24,1.25,684000,0
2016-05-24,1.27,1.28,1.23,1.28,1416000,0
2016-05-25,1.29,1.29,1.26,1.28,1364000,0
2016-05-26,1.29,1.29,1.24,1.26,1194000,0
2016-05-27,1.27,1.41,1.27,1.41,2256000,0
2016-05-30,1.44,1.55,1.44,1.48,3009000,0
2016-05-31,1.5,1.55,1.5,1.54,1684000,0
2016-06-01,1.55,1.55,1.51,1.52,858000,0
2016-06-02,1.54,1.59,1.53,1.54,658000,0
2016-06-03,1.56,1.59,1.53,1.59,1446000,0
2016-06-06,1.58,1.58,1.53,1.55,534000,0
2016-06-07,1.54,1.58,1.5,1.58,6420000,0
2016-06-08,1.57,1.67,1.55,1.6,2570000,0
2016-06-10,1.61,1.66,1.58,1.65,1542000,0
2016-06-13,1.64,1.67,1.59,1.67,1278000,0
2016-06-14,1.64,1.68,1.61,1.66,3436000,0
2016-06-15,1.65,1.7,1.64,1.7,1766000,0
2016-06-16,1.79,1.79,1.68,1.73,2758000,0
2016-06-17,1.75,1.75,1.69,1.71,766000,0
2016-06-20,1.71,1.75,1.65,1.74,1800000,0
2016-06-21,1.74,1.76,1.66,1.7,3144000,0
2016-06-22,1.72,1.72,1.68,1.71,2566000,0
2016-06-23,1.71,1.75,1.68,1.74,1934000,0
2016-06-24,1.72,1.75,1.66,1.7,2516000,0
2016-06-27,1.68,1.69,1.62,1.68,826000,0
2016-06-28,1.66,1.75,1.6,1.71,8174000,0
2016-06-29,1.78,1.8,1.63,1.73,2026000,0
2016-06-30,1.77,2,1.69,1.9,6878000,0
2016-07-04,1.88,1.9,1.68,1.74,2145000,0
2016-07-05,1.76,1.83,1.72,1.76,2940000,0
2016-07-06,1.75,1.75,1.69,1.72,846000,0
2016-07-07,1.82,1.82,1.69,1.76,1744000,0
2016-07-08,1.74,1.74,1.72,1.74,604000,0
2016-07-11,1.78,1.78,1.72,1.73,530000,0
2016-07-12,1.73,1.73,1.68,1.7,848000,0
2016-07-13,1.69,1.7,1.65,1.7,1806000,0
2016-07-14,1.69,1.69,1.6,1.65,910000,0
2016-07-15,1.67,1.69,1.62,1.69,752000,0
2016-07-18,1.68,1.74,1.64,1.73,1572000,0
2016-07-19,1.72,1.73,1.68,1.69,622000,0
2016-07-20,1.69,1.71,1.68,1.7,480000,0
2016-07-21,1.7,1.7,1.68,1.69,608000,0
2016-07-22,1.69,1.7,1.66,1.69,878000,0
2016-07-25,1.77,1.78,1.7,1.75,3228000,0
2016-07-26,1.74,1.77,1.7,1.74,2646000,0
2016-07-27,1.73,1.74,1.67,1.73,3214000,0
2016-07-28,1.72,1.74,1.7,1.73,1788000,0
2016-07-29,1.72,1.74,1.69,1.74,1748000,0
2016-08-01,1.73,1.74,1.68,1.7,1798000,0
2016-08-03,1.7,1.7,1.67,1.7,922000,0
2016-08-04,1.69,1.7,1.6,1.7,1023980,0
2016-08-05,1.69,1.72,1.66,1.71,634000,0
2016-08-08,1.7,1.72,1.68,1.72,1316000,0
2016-08-09,1.72,1.72,1.68,1.7,604000,0
2016-08-10,1.69,1.69,1.67,1.68,586000,0
2016-08-11,1.68,1.68,1.64,1.66,676000,0
2016-08-12,1.66,1.66,1.64,1.66,630000,0
2016-08-15,1.65,1.66,1.6,1.66,626000,0
2016-08-16,1.65,1.7,1.65,1.69,988000,0
2016-08-17,1.68,1.69,1.64,1.68,674000,0
2016-08-18,1.68,1.68,1.65,1.68,686000,0
2016-08-19,1.67,1.67,1.61,1.66,1896000,0
2016-08-22,1.66,1.66,1.59,1.62,1182000,0
2016-08-23,1.62,1.62,1.52,1.56,1160000,0
2016-08-24,1.58,1.65,1.5,1.58,990000,0
2016-08-25,1.56,1.58,1.49,1.52,884000,0
2016-08-26,1.51,1.63,1.51,1.59,1190000,0
2016-08-29,1.59,1.66,1.58,1.65,1192000,0
2016-08-30,1.66,1.71,1.42,1.71,3332000,0
2016-08-31,1.71,1.75,1.62,1.67,896000,0
2016-09-01,1.68,1.69,1.64,1.68,1156000,0
2016-09-02,1.67,1.68,1.65,1.66,610000,0
2016-09-05,1.72,1.72,1.55,1.61,1430000,0
2016-09-06,1.64,1.64,1.54,1.56,1020000,0
2016-09-07,1.56,1.59,1.52,1.59,922000,0
2016-09-08,1.59,1.63,1.55,1.62,860000,0
2016-09-09,1.63,1.63,1.54,1.57,924000,0
2016-09-12,1.59,1.6,1.47,1.5,1374000,0
2016-09-13,1.51,1.51,1.46,1.49,754000,0
2016-09-14,1.48,1.5,1.42,1.48,780000,0
2016-09-15,1.47,1.6,1.44,1.51,680000,0
2016-09-19,1.49,1.49,1.47,1.48,702000,0
2016-09-20,1.47,1.47,1.46,1.47,518000,0
2016-09-21,1.46,1.48,1.43,1.48,768000,0
2016-09-22,1.49,1.52,1.44,1.46,644000,0
2016-09-23,1.49,1.5,1.45,1.49,512000,0
2016-09-26,1.49,1.49,1.44,1.45,1024000,0
2016-09-27,1.49,1.66,1.25,1.29,4240000,0
2016-09-28,1.3,1.35,1.29,1.35,2094000,0
2016-09-29,1.33,1.34,1.2,1.28,2190000,0
2016-09-30,1.27,1.32,1.24,1.3,1538000,0
2016-10-03,1.33,1.34,1.26,1.29,658000,0
2016-10-04,1.3,1.3,1.2,1.24,1822000,0
2016-10-05,1.2,1.29,1.2,1.28,1606000,0
2016-10-06,1.32,1.32,1.26,1.28,632000,0
2016-10-07,1.26,1.33,1.25,1.3,802000,0
2016-10-11,1.34,1.34,1.2,1.26,2420000,0
2016-10-12,1.28,1.3,1.17,1.25,9140000,0
2016-10-13,1.24,1.24,1.17,1.23,2182000,0
2016-10-14,1.22,1.3,1.19,1.29,11488000,0
2016-10-17,1.34,1.34,1.2,1.22,4458000,0
2016-10-18,1.25,1.27,1.19,1.24,6160000,0
2016-10-19,1.23,1.25,1.21,1.24,2628000,0
2016-10-20,1.24,1.3,1.23,1.24,5090000,0
2016-10-24,1.27,1.32,1.26,1.32,2856000,0
2016-10-25,1.31,1.32,1.28,1.32,2480000,0
2016-10-26,1.3,1.4,1.29,1.36,3780000,0
2016-10-27,1.36,1.41,1.35,1.41,2326000,0
2016-10-28,1.41,1.5,1.41,1.48,2644000,0
2016-10-31,1.48,1.48,1.42,1.44,904000,0
2016-11-01,1.45,1.46,1.41,1.44,1322000,0
2016-11-02,1.46,1.46,1.41,1.45,840000,0
2016-11-03,1.46,1.5,1.44,1.46,1354000,0
2016-11-04,1.48,1.48,1.43,1.47,618000,0
2016-11-07,1.46,1.47,1.43,1.45,1396000,0
2016-11-08,1.47,1.47,1.43,1.44,740000,0
2016-11-09,1.44,1.48,1.36,1.48,3424000,0
2016-11-10,1.51,1.55,1.47,1.5,20350000,0
2016-11-11,1.53,1.6,1.51,1.59,1944000,0
2016-11-14,1.64,1.64,1.56,1.64,1246000,0
2016-11-15,1.65,1.65,1.56,1.62,2150000,0
2016-11-16,1.62,1.63,1.57,1.62,770000,0
2016-11-17,1.63,1.65,1.61,1.64,2952000,0
2016-11-18,1.64,1.65,1.61,1.64,1868000,0
2016-11-21,1.68,1.68,1.61,1.63,1422000,0
2016-11-22,1.64,1.73,1.62,1.69,2976000,0
2016-11-23,1.68,1.8,1.66,1.7,2754000,0
2016-11-24,1.73,1.73,1.67,1.7,1622000,0
2016-11-25,1.69,1.69,1.66,1.69,1032000,0
2016-11-28,1.69,1.72,1.65,1.72,1033000,0
2016-11-29,1.72,1.72,1.65,1.67,1044000,0
2016-11-30,1.68,1.68,1.55,1.59,1966000,0
2016-12-01,1.64,1.64,1.53,1.58,1396000,0
2016-12-02,1.57,1.57,1.52,1.52,940000,0
2016-12-05,1.5,1.53,1.5,1.51,702000,0
2016-12-06,1.6,1.61,1.51,1.53,1420000,0
2016-12-07,1.53,1.54,1.49,1.54,996000,0
2016-12-08,1.58,1.59,1.54,1.55,792000,0
2016-12-09,1.54,1.54,1.49,1.52,674000,0
2016-12-12,1.51,1.51,1.44,1.5,1100000,0
2016-12-13,1.49,1.5,1.48,1.5,598000,0
2016-12-14,1.52,1.52,1.47,1.51,810000,0
2016-12-15,1.54,1.54,1.48,1.49,604000,0
2016-12-16,1.51,1.51,1.48,1.5,644000,0
2016-12-19,1.51,1.51,1.45,1.45,1942000,0
2016-12-20,1.47,1.49,1.45,1.48,1238000,0
2016-12-21,1.48,1.48,1.4,1.43,1410000,0
2016-12-22,1.47,1.48,1.44,1.47,618000,0
2016-12-23,1.49,1.56,1.42,1.56,1650000,0
2016-12-28,1.58,1.67,1.55,1.64,936000,0
2016-12-29,1.64,1.67,1.6,1.66,1188000,0
2016-12-30,1.68,1.72,1.55,1.67,3914000,0
2017-01-03,1.65,1.65,1.37,1.38,4006000,0
2017-01-04,1.38,1.39,1.35,1.37,1106000,0
2017-01-05,1.33,1.39,1.33,1.36,722000,0
2017-01-06,1.33,1.36,1.3,1.36,1302000,0
2017-01-09,1.31,1.34,1.31,1.33,88000,0
2017-01-10,1.33,1.33,1.31,1.32,152000,0
2017-01-11,1.33,1.36,1.33,1.33,168000,0
2017-01-12,1.33,1.33,1.31,1.31,118000,0
2017-01-13,1.31,1.36,1.31,1.36,224000,0
2017-01-16,1.36,1.36,1.36,1.36,0,0
2017-01-17,1.32,1.33,1.31,1.32,594000,0
2017-01-18,1.32,1.35,1.31,1.34,238000,0
2017-01-19,1.31,1.35,1.31,1.35,158000,0
2017-01-20,1.33,1.35,1.31,1.35,138000,0
2017-01-23,1.34,1.34,1.34,1.34,0,0
2017-01-24,1.33,1.33,1.33,1.33,0,0
2017-01-25,1.33,1.33,1.32,1.32,54000,0
2017-01-26,1.33,1.33,1.32,1.33,66000,0
2017-01-27,1.36,1.45,1.36,1.44,364000,0
2017-02-01,1.49,1.52,1.42,1.49,292000,0
2017-02-02,1.48,1.48,1.48,1.48,0,0
2017-02-03,1.46,1.46,1.46,1.46,0,0
2017-02-06,1.37,1.38,1.37,1.37,72000,0
2017-02-07,1.46,1.46,1.37,1.37,130000,0
2017-02-08,1.39,1.39,1.39,1.39,2000,0
2017-02-09,1.44,1.45,1.39,1.39,82000,0
2017-02-10,1.38,1.44,1.36,1.43,110000,0
2017-02-13,1.42,1.42,1.42,1.42,0,0
2017-02-14,1.48,1.48,1.42,1.48,148000,0
2017-02-15,1.4,1.42,1.38,1.4,324000,0
2017-02-16,1.36,1.41,1.36,1.37,162000,0
2017-02-17,1.37,1.37,1.37,1.37,56000,0
2017-02-20,1.37,1.37,1.36,1.36,76000,0
2017-02-21,1.35,1.42,1.35,1.35,296000,0
2017-02-22,1.35,1.35,1.35,1.35,0,0
2017-02-23,1.35,1.35,1.31,1.32,270000,0
2017-02-24,1.31,1.36,1.3,1.31,470000,0
2017-02-27,1.31,1.31,1.31,1.31,0,0
2017-02-28,1.31,1.31,1.31,1.31,0,0
2017-03-01,1.3,1.31,1.3,1.3,328000,0
2017-03-02,1.3,1.35,1.3,1.35,26000,0
2017-03-03,1.35,1.35,1.35,1.35,0,0
2017-03-06,1.34,1.37,1.32,1.32,192000,0
2017-03-07,1.36,1.37,1.34,1.36,34000,0
2017-03-08,1.37,1.4,1.36,1.38,146000,0
2017-03-09,1.39,1.39,1.36,1.38,110000,0
2017-03-10,1.4,1.4,1.35,1.35,224000,0
2017-03-13,1.31,1.38,1.3,1.37,258000,0
2017-03-14,1.34,1.34,1.3,1.34,144000,0
2017-03-15,1.31,1.34,1.31,1.34,448000,0
2017-03-16,1.33,1.35,1.32,1.35,194000,0
2017-03-17,1.35,1.35,1.34,1.34,116000,0
2017-03-20,1.35,1.35,1.34,1.35,46000,0
2017-03-21,1.35,1.35,1.35,1.35,0,0
2017-03-22,1.35,1.35,1.32,1.35,92000,0
2017-03-23,1.34,1.34,1.34,1.34,0,0
2017-03-24,1.34,1.34,1.31,1.34,106000,0
2017-03-27,1.34,1.34,1.3,1.34,116000,0
2017-03-28,1.33,1.33,1.31,1.33,360000,0
2017-03-29,1.3,1.31,1.3,1.3,16000,0
2017-03-30,1.31,1.33,1.31,1.33,26000,0
2017-03-31,1.3,1.33,1.3,1.33,28000,0
2017-04-03,1.3,1.33,1.3,1.33,42000,0
2017-04-05,1.31,1.33,1.3,1.33,142000,0
2017-04-06,1.33,1.33,1.33,1.33,30000,0
2017-04-07,1.3,1.3,1.28,1.3,80000,0
2017-04-10,1.3,1.3,1.3,1.3,0,0
2017-04-11,1.3,1.3,1.3,1.3,80000,0
2017-04-12,1.31,1.31,1.28,1.31,44000,0
2017-04-13,1.3,1.3,1.3,1.3,0,0
2017-04-18,1.29,1.29,1.25,1.29,122000,0
2017-04-19,1.26,1.26,1.25,1.26,36000,0
2017-04-20,1.27,1.27,1.27,1.27,20000,0
2017-04-21,1.3,1.3,1.29,1.3,100000,0
2017-04-24,1.3,1.3,1.3,1.3,0,0
2017-04-25,1.3,1.3,1.3,1.3,10000,0
2017-04-26,1.3,1.34,1.3,1.33,180000,0
2017-04-27,1.3,1.34,1.3,1.33,120000,0
2017-04-28,1.31,1.31,1.29,1.31,52000,0
2017-05-02,1.3,1.31,1.3,1.31,46000,0
2017-05-04,1.3,1.3,1.3,1.3,78000,0
2017-05-05,1.3,1.31,1.28,1.3,104000,0
2017-05-08,1.31,1.31,1.3,1.31,336000,0
2017-05-09,1.3,1.3,1.29,1.3,64000,0
2017-05-10,1.3,1.31,1.29,1.31,66000,0
2017-05-11,1.31,1.31,1.31,1.31,0,0
2017-05-12,1.31,1.31,1.3,1.3,16000,0
2017-05-15,1.3,1.3,1.3,1.3,12000,0
2017-05-16,1.3,1.3,1.3,1.3,10000,0
2017-05-17,1.29,1.31,1.28,1.29,132000,0
2017-05-18,1.29,1.29,1.28,1.29,100000,0
2017-05-19,1.29,1.29,1.29,1.29,0,0
2017-05-22,1.29,1.29,1.29,1.29,60000,0
2017-05-23,1.29,1.29,1.28,1.28,82000,0
2017-05-24,1.29,1.29,1.27,1.29,174000,0
2017-05-25,1.29,1.29,1.27,1.28,384000,0
2017-05-26,1.29,1.29,1.25,1.28,282000,0
2017-05-29,1.29,1.31,1.26,1.29,9108000,0
2017-05-31,1.3,1.3,1.27,1.3,2100000,0
2017-06-01,1.34,1.48,1.31,1.35,162000,0
2017-06-02,1.33,1.37,1.32,1.37,22000,0
2017-06-05,1.37,1.37,1.34,1.36,54000,0
2017-06-06,1.34,1.34,1.34,1.34,0,0
2017-06-07,1.31,1.34,1.31,1.34,24000,0
2017-06-08,1.34,1.34,1.34,1.34,0,0
2017-06-09,1.31,1.34,1.28,1.3,220000,0
2017-06-12,1.3,1.33,1.3,1.31,76000,0
2017-06-13,1.31,1.32,1.31,1.31,46000,0
2017-06-14,1.33,1.35,1.32,1.34,58000,0
2017-06-15,1.32,1.32,1.3,1.32,28000,0
2017-06-16,1.32,1.33,1.28,1.32,80000,0
2017-06-19,1.31,1.33,1.3,1.32,48000,0
2017-06-20,1.32,1.32,1.32,1.32,4000,0
2017-06-21,1.31,1.32,1.28,1.32,230000,0
2017-06-22,1.31,1.31,1.31,1.31,4000,0
2017-06-23,1.31,1.32,1.3,1.32,36000,0
2017-06-26,1.3,1.32,1.27,1.31,88000,0
2017-06-27,1.32,1.32,1.25,1.32,216000,0
2017-06-28,1.31,1.31,1.29,1.3,38000,0
2017-06-29,1.32,1.32,1.32,1.32,50000,0
2017-06-30,1.32,1.4,1.27,1.3,1988000,0
2017-07-03,1.3,1.32,1.27,1.29,390000,0
2017-07-04,1.26,1.28,1.26,1.28,44000,0
2017-07-05,1.28,1.31,1.28,1.3,16000,0
2017-07-06,1.28,1.29,1.26,1.29,28000,0
2017-07-07,1.28,1.29,1.28,1.29,6000,0
2017-07-10,1.28,1.29,1.25,1.28,84000,0
2017-07-11,1.27,1.27,1.24,1.26,364000,0
2017-07-12,1.27,1.27,1.27,1.27,38000,0
2017-07-13,1.27,1.28,1.26,1.27,26000,0
2017-07-14,1.27,1.29,1.26,1.27,40000,0
2017-07-17,1.27,1.29,1.27,1.28,18000,0
2017-07-18,1.27,1.28,1.26,1.27,18000,0
2017-07-19,1.27,1.29,1.26,1.26,48000,0
2017-07-20,1.23,1.31,1.23,1.29,880000,0
2017-07-21,1.28,1.3,1.25,1.26,186000,0
2017-07-24,1.25,1.28,1.23,1.26,40000,0
2017-07-25,1.26,1.26,1.26,1.26,0,0
2017-07-26,1.26,1.26,1.21,1.24,422000,0
2017-07-27,1.24,1.27,1.21,1.26,300000,0
2017-07-28,1.25,1.26,1.2,1.26,106000,0
2017-07-31,1.26,1.26,1.21,1.25,146000,0
2017-08-01,1.25,1.25,1.25,1.25,0,0
2017-08-02,1.24,1.25,1.23,1.25,18000,0
2017-08-03,1.23,1.26,1.23,1.26,34000,0
2017-08-04,1.24,1.27,1.23,1.26,22000,0
2017-08-07,1.24,1.26,1.23,1.26,42000,0
2017-08-08,1.24,1.26,1.23,1.25,86000,0
2017-08-09,1.25,1.25,1.22,1.25,20000,0
2017-08-10,1.24,1.24,1.2,1.24,32000,0
2017-08-11,1.22,1.25,1.19,1.21,70000,0
2017-08-14,1.2,1.2,1.19,1.2,104000,0
2017-08-15,1.19,1.19,1.17,1.19,136000,0
2017-08-16,1.19,1.19,1.18,1.19,58000,0
2017-08-17,1.19,1.19,1.19,1.19,24000,0
2017-08-18,1.19,1.19,1.19,1.19,0,0
2017-08-21,1.17,1.17,1.11,1.13,238000,0
2017-08-22,1.12,1.12,1.08,1.1,432000,0
2017-08-24,1.09,1.1,1.07,1.1,240000,0
2017-08-25,1.11,1.13,1.11,1.13,46000,0
2017-08-28,1.12,1.12,1.12,1.12,22000,0
2017-08-29,1.12,1.12,1.1,1.12,78000,0
2017-08-30,1.18,1.18,1.13,1.18,312000,0
2017-08-31,1.19,1.2,1.15,1.19,2034000,0
2017-09-01,1.2,1.22,1.18,1.21,182000,0
2017-09-04,1.19,1.2,1.16,1.19,62000,0
2017-09-05,1.17,1.17,1.09,1.12,198000,0
2017-09-06,1.1,1.17,1.1,1.17,412000,0
2017-09-07,1.15,1.15,1.15,1.15,18000,0
2017-09-08,1.15,1.15,1.15,1.15,0,0
2017-09-11,1.15,1.15,1.15,1.15,0,0
2017-09-12,1.13,1.14,1.09,1.14,312000,0
2017-09-13,1.14,1.14,1.14,1.14,0,0
2017-09-14,1.14,1.14,1.14,1.14,0,0
2017-09-15,1.15,1.17,1.13,1.17,22000,0
2017-09-18,1.15,1.16,1.14,1.16,224000,0
2017-09-19,1.13,1.16,1.1,1.13,122000,0
2017-09-20,1.13,1.13,1.13,1.13,0,0
2017-09-21,1.12,1.12,1.12,1.12,0,0
2017-09-22,1.15,1.15,1.12,1.15,34000,0
2017-09-25,1.13,1.13,1.06,1.07,124000,0
2017-09-26,1.08,1.11,1.07,1.07,74000,0
2017-09-27,1.06,1.06,1.06,1.06,28000,0
2017-09-28,1.06,1.12,1.06,1.12,50000,0
2017-09-29,1.11,1.11,1.09,1.11,6000,0
2017-10-03,1.14,1.14,1.11,1.14,148000,0
2017-10-04,1.12,1.2,1.12,1.16,168000,0
2017-10-06,1.16,1.16,1.16,1.16,0,0
2017-10-09,1.16,1.16,1.13,1.16,6000,0
2017-10-10,1.12,1.13,1.12,1.12,8000,0
2017-10-11,1.11,1.19,1.04,1.09,1236000,0
2017-10-12,1.09,1.09,1.08,1.08,90000,0
2017-10-13,1.08,1.09,1.08,1.08,6000,0
2017-10-16,1.06,1.06,1.04,1.05,314000,0
2017-10-17,1.03,1.1,1.03,1.1,186000,0
2017-10-18,1.11,1.11,1.08,1.09,30000,0
2017-10-19,1.08,1.15,1.08,1.1,120000,0
2017-10-20,1.1,1.1,1.1,1.1,2000,0
2017-10-23,1.1,1.1,1.1,1.1,34000,0
2017-10-24,1.09,1.09,1.09,1.09,0,0
2017-10-25,1.08,1.09,1.08,1.09,10000,0
2017-10-26,1.09,1.09,1.09,1.09,0,0
2017-10-27,1.09,1.13,1.09,1.1,32000,0
2017-10-30,1.09,1.09,1.08,1.08,22000,0
2017-10-31,1.08,1.08,1.08,1.08,42000,0
2017-11-01,1.08,1.08,1.07,1.07,978000,0
2017-11-02,1.07,1.07,1.07,1.07,4000,0
2017-11-03,1.07,1.07,1.07,1.07,22000,0
2017-11-06,1.06,1.06,1.04,1.06,60000,0
2017-11-07,1.05,1.08,1.05,1.08,44000,0
2017-11-08,1.06,1.1,1.05,1.09,20000,0
2017-11-09,1.09,1.09,1.07,1.09,8000,0
2017-11-10,1.07,1.07,1.04,1.06,44000,0
2017-11-13,1.05,1.09,1.05,1.08,32000,0
2017-11-14,1.08,1.08,1.08,1.08,72000,0
2017-11-15,1.07,1.07,1.07,1.07,114000,0
2017-11-16,1.07,1.07,1.07,1.07,6000,0
2017-11-17,1.06,1.06,1.05,1.06,6000,0
2017-11-20,1.06,1.06,1.06,1.06,0,0
2017-11-21,1.06,1.06,1.06,1.06,14000,0
2017-11-22,1.04,1.05,1.03,1.05,126000,0
2017-11-23,1.05,1.05,1.04,1.05,4000,0
2017-11-24,1.05,1.05,1.05,1.05,3516000,0
2017-11-27,1.09,1.12,1.04,1.07,404000,0
2017-11-28,1.1,1.1,1.08,1.08,16000,0
2017-11-29,1.08,1.08,1.08,1.08,0,0
2017-11-30,1.06,1.07,1.06,1.07,16000,0
2017-12-01,1.07,1.07,1.07,1.07,0,0
2017-12-04,1.07,1.07,1.07,1.07,2000,0
2017-12-05,1.07,1.07,1.07,1.07,0,0
2017-12-06,1.07,1.07,1.07,1.07,0,0
2017-12-07,1.06,1.06,1.06,1.06,0,0
2017-12-08,1.05,1.05,1.03,1.05,12000,0
2017-12-11,1.05,1.05,1.03,1.05,90000,0
2017-12-12,1.05,1.05,1.03,1.05,40000,0
2017-12-13,1.04,1.04,1.04,1.04,10000,0
2017-12-14,1.04,1.04,1.04,1.04,28000,0
2017-12-15,1.02,1.03,0.99,1.03,124000,0
2017-12-18,1.03,1.03,1.03,1.03,0,0
2017-12-19,1.03,1.03,1.03,1.03,0,0
2017-12-20,1.03,1.03,1,1.03,54000,0
2017-12-21,1.07,1.07,1.01,1.07,68000,0
2017-12-22,1.05,1.05,1.05,1.05,38000,0
2017-12-27,1.07,1.16,1.05,1.15,14622500,0
2017-12-28,1.14,1.19,1.12,1.15,3582000,0
2017-12-29,1.15,1.15,1.13,1.15,1926000,0
2018-01-02,1.15,1.21,1.13,1.15,416000,0
2018-01-03,1.12,1.16,1.1,1.1,92000,0
2018-01-04,1.09,1.09,1.09,1.09,0,0
2018-01-05,1.07,1.07,1.05,1.05,156000,0
2018-01-08,1.07,1.07,1.05,1.05,126000,0
2018-01-09,1.03,1.09,1.01,1.02,280000,0
2018-01-10,1.02,1.02,1.02,1.02,24000,0
2018-01-11,1,1.02,0.99,1.02,102000,0
2018-01-12,1.02,1.05,1.02,1.05,64000,0
2018-01-15,1.05,1.05,1.05,1.05,0,0
2018-01-16,1.05,1.05,1.05,1.05,0,0
2018-01-17,1,1.02,0.99,1,136000,0
2018-01-18,0.98,1.01,0.95,1.01,250000,0
2018-01-19,1.01,1.01,1.01,1.01,0,0
2018-01-22,1.03,1.03,0.99,1.03,56000,0
2018-01-23,1.01,1.02,1.01,1.01,14000,0
2018-01-24,1.01,1.01,0.99,1.01,90000,0
2018-01-25,0.99,1.01,0.99,1.01,16000,0
2018-01-26,1.01,1.01,0.99,1.01,8000,0
2018-01-29,1.01,1.01,1.01,1.01,0,0
2018-01-30,0.99,0.99,0.95,0.98,52000,0
2018-01-31,0.98,0.98,0.95,0.98,76000,0
2018-02-01,0.98,0.98,0.98,0.98,0,0
2018-02-02,0.98,0.98,0.98,0.98,0,0
2018-02-05,0.97,0.97,0.96,0.96,28000,0
2018-02-06,0.94,0.94,0.94,0.94,0,0
2018-02-07,0.91,0.92,0.9,0.92,24000,0
2018-02-08,0.92,0.92,0.92,0.92,8000,0
2018-02-09,0.87,0.98,0.85,0.97,188000,0
2018-02-12,1.01,1.01,0.97,1,80000,0
2018-02-13,1.06,1.06,0.99,1.04,60000,0
2018-02-14,1.04,1.08,1,1.06,238000,0
2018-02-15,1.04,1.07,1.01,1.06,266000,0
2018-02-20,1.07,1.1,1.06,1.07,744000,0
2018-02-21,1.12,1.12,1.05,1.07,126000,0
2018-02-22,1.09,1.09,1.05,1.06,62000,0
2018-02-23,1.02,1.04,1.02,1.02,22000,0
2018-02-26,1.1,1.1,1.03,1.06,108000,0
2018-02-27,1.04,1.08,1.02,1.04,70000,0
2018-02-28,1.08,1.08,1,1.02,42000,0
2018-03-01,1.02,1.02,1.02,1.02,0,0
2018-03-02,1,1.08,1,1.02,122000,0
2018-03-05,1.07,1.07,1.06,1.07,14000,0
2018-03-06,1.05,1.09,1.05,1.08,38000,0
2018-03-07,1.08,1.08,1.04,1.05,218000,0
2018-03-08,1.05,1.05,1.05,1.05,0,0
2018-03-09,1.08,1.08,1.05,1.05,12000,0
2018-03-12,1.05,1.05,1.05,1.05,0,0
2018-03-13,1.07,1.07,1.06,1.06,20000,0
2018-03-14,1.06,1.06,1.06,1.06,0,0
2018-03-15,1.03,1.08,1.03,1.05,34000,0
2018-03-16,1.08,1.08,1.02,1.06,34000,0
2018-03-19,1.06,1.06,1.06,1.06,0,0
2018-03-20,1.04,1.04,1.04,1.04,0,0
2018-03-21,1.04,1.05,1.03,1.04,526000,0
2018-03-22,1.04,1.04,1.04,1.04,188000,0
2018-03-23,1.04,1.04,1.04,1.04,0,0
2018-03-26,1,1.05,0.99,1.05,220000,0
2018-03-27,1.05,1.05,1.05,1.05,0,0
2018-03-28,1.04,1.04,0.99,1.04,30000,0
2018-03-29,1.04,1.04,1.04,1.04,0,0
