Date,Open,High,Low,Close,Volume,OpenInt
2016-07-08,100,100,100,100,0,0
2016-07-11,100.01,100.01,100.01,100.01,0,0
2016-07-12,100.01,100.01,100.01,100.01,0,0
2016-07-13,100.01,100.01,100.01,100.01,0,0
2016-07-14,100.01,100.01,100.01,100.01,0,0
2016-07-15,100.02,100.02,100.02,100.02,0,0
2016-07-18,100.03,100.03,100.03,100.03,0,0
2016-07-19,100.03,100.03,100.03,100.03,0,0
2016-07-20,100.03,100.03,100.03,100.03,0,0
2016-07-21,100.03,100.03,100.03,100.03,0,0
2016-07-22,100.04,100.04,100.04,100.04,0,0
2016-07-25,100.05,100.05,100.05,100.05,0,0
2016-07-26,100.05,100.05,100.05,100.05,0,0
2016-07-27,100.05,100.05,100.05,100.05,0,0
2016-07-28,100.06,100.06,100.06,100.06,0,0
2016-07-29,100.06,100.06,100.06,100.06,0,0
2016-08-01,100.07,100.07,100.07,100.07,0,0
2016-08-02,100.07,100.07,100.07,100.07,0,0
2016-08-03,100.07,100.07,100.07,100.07,0,0
2016-08-04,100.07,100.07,100.07,100.07,0,0
2016-08-05,100.07,100.07,100.07,100.07,0,0
2016-08-08,100.08,100.08,100.08,100.08,0,0
2016-08-09,100.08,100.08,100.08,100.08,0,0
2016-08-10,100.09,100.09,100.09,100.09,0,0
2016-08-11,100.09,100.09,100.09,100.09,0,0
2016-08-12,100.09,100.09,100.09,100.09,0,0
2016-08-16,100.1,100.1,100.1,100.1,0,0
2016-08-17,100.1,100.1,100.1,100.1,0,0
2016-08-18,100.19,100.19,100.19,100.19,0,0
2016-08-19,100.2,100.2,100.2,100.2,0,0
2016-08-22,100.12,100.12,100.12,100.12,0,0
2016-08-23,100.21,100.21,100.21,100.21,0,0
2016-08-24,100.29,100.29,100.29,100.29,0,0
2016-08-25,100.3,100.3,100.3,100.3,0,0
2016-08-26,100.25,100.25,100.25,100.25,0,0
2016-08-29,100.33,100.33,100.33,100.33,0,0
2016-08-30,100.42,100.42,100.42,100.42,0,0
2016-08-31,100.5,100.5,100.5,100.5,0,0
2016-09-01,100.52,100.52,100.52,100.52,0,0
2016-09-02,100.69,100.69,100.69,100.69,0,0
2016-09-05,100.66,100.66,100.66,100.66,0,0
2016-09-06,100.7,100.7,100.7,100.7,0,0
2016-09-07,100.7,100.7,100.7,100.7,0,0
2016-09-08,100.7,100.7,100.7,100.7,0,0
2016-09-09,100.55,100.55,100.55,100.55,0,0
2016-09-12,100.44,100.44,100.44,100.44,0,0
2016-09-13,100.37,100.37,100.37,100.37,0,0
2016-09-14,100.37,100.37,100.37,100.37,0,0
2016-09-15,100.37,100.37,100.37,100.37,0,0
2016-09-16,100.29,100.29,100.29,100.29,0,0
2016-09-19,100.35,100.35,100.35,100.35,0,0
2016-09-20,100.35,100.35,100.35,100.35,0,0
2016-09-21,100.54,100.54,100.54,100.54,0,0
2016-09-22,100.84,100.84,100.84,100.84,0,0
2016-09-23,100.86,100.86,100.86,100.86,0,0
2016-09-26,100.79,100.79,100.79,100.79,0,0
2016-09-27,100.76,100.76,100.76,100.76,0,0
2016-09-28,100.9,100.9,100.9,100.9,0,0
2016-09-29,100.86,100.86,100.86,100.86,0,0
2016-09-30,101.15,101.15,101.15,101.15,0,0
2016-10-03,101.2,101.2,101.2,101.2,0,0
2016-10-04,101.21,101.21,101.21,101.21,0,0
2016-10-05,101.22,101.22,101.22,101.22,0,0
2016-10-06,101.3,101.3,101.3,101.3,0,0
2016-10-07,101.22,101.22,101.22,101.22,0,0
2016-10-10,101.21,101.21,101.21,101.21,0,0
2016-10-11,101.2,101.2,101.2,101.2,0,0
2016-10-12,101.21,101.21,101.21,101.21,0,0
2016-10-13,101.23,101.23,101.23,101.23,0,0
2016-10-14,101.3,101.3,101.3,101.3,0,0
2016-10-17,101.3,101.3,101.3,101.3,0,0
2016-10-18,101.35,101.35,101.35,101.35,0,0
2016-10-19,101.43,101.43,101.43,101.43,0,0
2016-10-20,101.52,101.52,101.52,101.52,0,0
2016-10-21,101.53,101.53,101.53,101.53,0,0
2016-10-24,101.58,101.58,101.58,101.58,0,0
2016-10-25,101.57,101.57,101.57,101.57,0,0
2016-10-26,101.5,101.5,101.5,101.5,0,0
2016-10-27,101.46,101.46,101.46,101.46,0,0
2016-10-28,101.45,101.45,101.45,101.45,0,0
2016-10-31,101.36,101.36,101.36,101.36,0,0
2016-11-02,101.13,101.13,101.13,101.13,0,0
2016-11-03,101.15,101.15,101.15,101.15,0,0
2016-11-04,101.13,101.13,101.13,101.13,0,0
2016-11-07,101.43,101.43,101.43,101.43,0,0
2016-11-08,101.42,101.42,101.42,101.42,0,0
2016-11-09,101.3,101.3,101.3,101.3,0,0
2016-11-10,101.01,101.01,101.01,101.01,0,0
2016-11-14,100.65,100.65,100.65,100.65,0,0
2016-11-15,100.89,100.89,100.89,100.89,0,0
2016-11-16,100.98,100.98,100.98,100.98,0,0
2016-11-17,100.99,100.99,100.99,100.99,0,0
2016-11-18,100.84,100.84,100.84,100.84,0,0
2016-11-21,100.83,100.83,100.83,100.83,0,0
2016-11-22,100.97,100.97,100.97,100.97,0,0
2016-11-23,100.97,100.97,100.97,100.97,0,0
2016-11-24,100.98,100.98,100.98,100.98,0,0
2016-11-25,100.98,100.98,100.98,100.98,0,0
2016-11-28,101.04,101.04,101.04,101.04,0,0
2016-11-29,101.05,101.05,101.05,101.05,0,0
2016-11-30,101.2,101.2,101.2,101.2,0,0
2016-12-01,101.07,101.07,101.07,101.07,0,0
2016-12-02,101.16,101.16,101.16,101.16,0,0
2016-12-05,101.23,101.23,101.23,101.23,0,0
2016-12-06,101.39,101.39,101.39,101.39,0,0
2016-12-07,101.57,101.57,101.57,101.57,0,0
2016-12-08,101.67,101.67,101.67,101.67,0,0
2016-12-09,101.59,101.59,101.59,101.59,0,0
2016-12-12,101.59,101.59,101.59,101.59,0,0
2016-12-13,101.59,101.59,101.59,101.59,0,0
2016-12-14,101.5,101.5,101.5,101.5,0,0
2016-12-15,101.37,101.37,101.37,101.37,0,0
2016-12-16,101.44,101.44,101.44,101.44,0,0
2016-12-19,101.49,101.49,101.49,101.49,0,0
2016-12-20,101.57,101.57,101.57,101.57,0,0
2016-12-21,101.57,101.57,101.57,101.57,0,0
2016-12-22,101.58,101.58,101.58,101.58,0,0
2016-12-23,101.65,101.65,101.65,101.65,0,0
2016-12-27,101.62,101.62,101.62,101.62,0,0
2016-12-28,101.74,101.74,101.74,101.74,0,0
2016-12-29,101.85,101.85,101.85,101.85,0,0
2016-12-30,102,102,102,102,0,0
2017-01-02,102,102,102,102,0,0
2017-01-03,102,102,102,102,0,0
2017-01-04,101.92,101.92,101.92,101.92,0,0
2017-01-05,102.09,102.09,102.09,102.09,0,0
2017-01-09,102.23,102.23,102.23,102.23,0,0
2017-01-10,102.15,102.15,102.15,102.15,0,0
2017-01-11,102.23,102.23,102.23,102.23,0,0
2017-01-12,102.23,102.23,102.23,102.23,0,0
2017-01-13,102.31,102.31,102.31,102.31,0,0
2017-01-16,102.3,102.3,102.3,102.3,0,0
2017-01-17,102.3,102.3,102.3,102.3,0,0
2017-01-18,102.15,102.15,102.15,102.15,0,0
2017-01-19,102.09,102.09,102.09,102.09,0,0
2017-01-20,102.16,102.16,102.16,102.16,0,0
2017-01-23,102.3,102.3,102.3,102.3,0,0
2017-01-24,102.23,102.23,102.23,102.23,0,0
2017-01-25,102.3,102.3,102.3,102.3,0,0
2017-01-26,102.38,102.38,102.38,102.38,0,0
2017-01-27,102.45,102.45,102.45,102.45,0,0
2017-01-30,102.51,102.51,102.51,102.51,0,0
2017-01-31,102.51,102.51,102.51,102.51,0,0
2017-02-01,102.5,102.5,102.5,102.5,0,0
2017-02-02,102.58,102.58,102.58,102.58,0,0
2017-02-03,102.64,102.64,102.64,102.64,0,0
2017-02-06,102.77,102.77,102.77,102.77,0,0
2017-02-07,102.77,102.77,102.77,102.77,0,0
2017-02-08,102.86,102.86,102.86,102.86,0,0
2017-02-09,102.88,102.88,102.88,102.88,0,0
2017-02-10,102.88,102.88,102.88,102.88,0,0
2017-02-13,102.94,102.94,102.94,102.94,0,0
2017-02-14,102.86,102.86,102.86,102.86,0,0
2017-02-15,102.86,102.86,102.86,102.86,0,0
2017-02-16,102.89,102.89,102.89,102.89,0,0
2017-02-17,102.97,102.97,102.97,102.97,0,0
2017-02-20,102.96,102.96,102.96,102.96,0,0
2017-02-21,103.1,103.1,103.1,103.1,0,0
2017-02-22,103.16,103.16,103.16,103.16,0,0
2017-02-23,103.34,103.34,103.34,103.34,0,0
2017-02-24,103.63,103.63,103.63,103.63,0,0
2017-02-27,103.55,103.55,103.55,103.55,0,0
2017-02-28,103.55,103.55,103.55,103.55,0,0
2017-03-01,103.47,103.47,103.47,103.47,0,0
2017-03-02,103.4,103.4,103.4,103.4,0,0
2017-03-03,103.56,103.56,103.56,103.56,0,0
2017-03-06,103.55,103.55,103.55,103.55,0,0
2017-03-07,103.4,103.4,103.4,103.4,0,0
2017-03-08,103.33,103.33,103.33,103.33,0,0
2017-03-09,103.12,103.12,103.12,103.12,0,0
2017-03-10,103.28,103.28,103.28,103.28,0,0
2017-03-13,103.21,103.21,103.21,103.21,0,0
2017-03-14,103.2,103.2,103.2,103.2,0,0
2017-03-15,103.49,103.49,103.49,103.49,0,0
2017-03-16,103.5,103.5,103.5,103.5,0,0
2017-03-17,103.56,103.56,103.56,103.56,0,0
2017-03-20,103.62,103.62,103.62,103.62,0,0
2017-03-21,103.61,103.61,103.61,103.61,0,0
2017-03-22,103.69,103.69,103.69,103.69,0,0
2017-03-23,103.7,103.7,103.7,103.7,0,0
2017-03-24,103.84,103.84,103.84,103.84,0,0
2017-03-27,103.77,103.77,103.77,103.77,0,0
2017-03-28,103.77,103.77,103.77,103.77,0,0
2017-03-29,103.9,103.9,103.9,103.9,0,0
2017-03-30,103.98,103.98,103.98,103.98,0,0
2017-03-31,103.97,103.97,103.97,103.97,0,0
2017-04-03,104.12,104.12,104.12,104.12,0,0
2017-04-04,104.13,104.13,104.13,104.13,0,0
2017-04-05,104.2,104.2,104.2,104.2,0,0
2017-04-06,104.12,104.12,104.12,104.12,0,0
2017-04-07,104.11,104.11,104.11,104.11,0,0
2017-04-10,104.09,104.09,104.09,104.09,0,0
2017-04-11,104.18,104.18,104.18,104.18,0,0
2017-04-12,104.21,104.21,104.21,104.21,0,0
2017-04-13,104.35,104.35,104.35,104.35,0,0
2017-04-14,104.35,104.35,104.35,104.35,0,0
2017-04-18,104.34,104.34,104.34,104.34,0,0
2017-04-19,104.27,104.27,104.27,104.27,0,0
2017-04-20,104.29,104.29,104.29,104.29,0,0
2017-04-21,104.37,104.37,104.37,104.37,0,0
2017-04-24,104.5,104.5,104.5,104.5,0,0
2017-04-25,104.42,104.42,104.42,104.42,0,0
2017-04-26,104.48,104.48,104.48,104.48,0,0
2017-04-27,104.5,104.5,104.5,104.5,0,0
2017-04-28,104.64,104.64,104.64,104.64,0,0
2017-05-02,104.71,104.71,104.71,104.71,0,0
2017-05-04,104.57,104.57,104.57,104.57,0,0
2017-05-05,104.72,104.72,104.72,104.72,0,0
2017-05-08,104.63,104.63,104.63,104.63,0,0
2017-05-09,104.65,104.65,104.65,104.65,0,0
2017-05-10,104.72,104.72,104.72,104.72,0,0
2017-05-11,104.8,104.8,104.8,104.8,0,0
2017-05-12,104.95,104.95,104.95,104.95,0,0
2017-05-15,105.01,105.01,105.01,105.01,0,0
2017-05-16,105.07,105.07,105.07,105.07,0,0
2017-05-17,105.07,105.07,105.07,105.07,0,0
2017-05-18,104.88,104.88,104.88,104.88,0,0
2017-05-19,105.02,105.02,105.02,105.02,0,0
2017-05-22,105.08,105.08,105.08,105.08,0,0
2017-05-23,105.08,105.08,105.08,105.08,0,0
2017-05-24,105.23,105.23,105.23,105.23,0,0
2017-05-25,105.31,105.31,105.31,105.31,0,0
2017-05-26,105.31,105.31,105.31,105.31,0,0
2017-05-29,105.3,105.3,105.3,105.3,0,0
2017-05-30,105.29,105.29,105.29,105.29,0,0
2017-05-31,105.37,105.37,105.37,105.37,0,0
2017-06-01,105.46,105.46,105.46,105.46,0,0
2017-06-02,105.54,105.54,105.54,105.54,0,0
2017-06-05,105.52,105.52,105.52,105.52,0,0
2017-06-06,105.61,105.61,105.61,105.61,0,0
2017-06-07,105.54,105.54,105.54,105.54,0,0
2017-06-08,105.56,105.56,105.56,105.56,0,0
2017-06-09,105.61,105.61,105.61,105.61,0,0
2017-06-12,105.54,105.54,105.54,105.54,0,0
2017-06-13,105.62,105.62,105.62,105.62,0,0
2017-06-14,105.77,105.77,105.77,105.77,0,0
2017-06-16,105.72,105.72,105.72,105.72,0,0
2017-06-19,105.78,105.78,105.78,105.78,0,0
2017-06-20,105.71,105.71,105.71,105.71,0,0
2017-06-21,105.65,105.65,105.65,105.65,0,0
2017-06-22,105.74,105.74,105.74,105.74,0,0
2017-06-23,105.88,105.88,105.88,105.88,0,0
2017-06-26,105.94,105.94,105.94,105.94,0,0
2017-06-27,105.8,105.8,105.8,105.8,0,0
2017-06-28,105.81,105.81,105.81,105.81,0,0
2017-06-29,105.66,105.66,105.66,105.66,0,0
2017-06-30,105.58,105.58,105.58,105.58,0,0
2017-07-03,105.58,105.58,105.58,105.58,0,0
2017-07-04,105.58,105.58,105.58,105.58,0,0
2017-07-05,105.59,105.59,105.59,105.59,0,0
2017-07-06,105.44,105.44,105.44,105.44,0,0
2017-07-07,105.51,105.51,105.51,105.51,0,0
2017-07-10,105.58,105.58,105.58,105.58,0,0
2017-07-11,105.66,105.66,105.66,105.66,0,0
2017-07-12,105.74,105.74,105.74,105.74,0,0
2017-07-13,105.82,105.82,105.82,105.82,0,0
2017-07-14,105.89,105.89,105.89,105.89,0,0
2017-07-17,105.88,105.88,105.88,105.88,0,0
2017-07-18,105.88,105.88,105.88,105.88,0,0
2017-07-19,105.96,105.96,105.96,105.96,0,0
2017-07-20,105.97,105.97,105.97,105.97,0,0
2017-07-21,106.04,106.04,106.04,106.04,0,0
2017-07-24,105.97,105.97,105.97,105.97,0,0
2017-07-25,105.9,105.9,105.9,105.9,0,0
2017-07-26,106.04,106.04,106.04,106.04,0,0
2017-07-27,106.06,106.06,106.06,106.06,0,0
2017-07-28,106.05,106.05,106.05,106.05,0,0
2017-07-31,106.04,106.04,106.04,106.04,0,0
2017-08-01,106.12,106.12,106.12,106.12,0,0
2017-08-02,106.12,106.12,106.12,106.12,0,0
2017-08-03,106.13,106.13,106.13,106.13,0,0
2017-08-04,106.2,106.2,106.2,106.2,0,0
2017-08-07,106.27,106.27,106.27,106.27,0,0
2017-08-08,106.27,106.27,106.27,106.27,0,0
2017-08-09,106.2,106.2,106.2,106.2,0,0
2017-08-10,106.14,106.14,106.14,106.14,0,0
2017-08-11,106.14,106.14,106.14,106.14,0,0
2017-08-14,106.2,106.2,106.2,106.2,0,0
2017-08-16,106.35,106.35,106.35,106.35,0,0
2017-08-17,106.28,106.28,106.28,106.28,0,0
2017-08-18,106.22,106.22,106.22,106.22,0,0
2017-08-21,106.28,106.28,106.28,106.28,0,0
2017-08-22,106.44,106.44,106.44,106.44,0,0
2017-08-23,106.43,106.43,106.43,106.43,0,0
2017-08-24,106.45,106.45,106.45,106.45,0,0
2017-08-25,106.59,106.59,106.59,106.59,0,0
2017-08-28,106.59,106.59,106.59,106.59,0,0
2017-08-29,106.59,106.59,106.59,106.59,0,0
2017-08-30,106.66,106.66,106.66,106.66,0,0
2017-08-31,106.75,106.75,106.75,106.75,0,0
2017-09-01,106.74,106.74,106.74,106.74,0,0
2017-09-04,106.74,106.74,106.74,106.74,0,0
2017-09-05,106.73,106.73,106.73,106.73,0,0
2017-09-06,106.73,106.73,106.73,106.73,0,0
2017-09-07,106.81,106.81,106.81,106.81,0,0
2017-09-08,106.82,106.82,106.82,106.82,0,0
2017-09-11,106.81,106.81,106.81,106.81,0,0
2017-09-12,106.81,106.81,106.81,106.81,0,0
2017-09-13,106.82,106.82,106.82,106.82,0,0
2017-09-14,106.84,106.84,106.84,106.84,0,0
2017-09-15,106.84,106.84,106.84,106.84,0,0
2017-09-18,106.83,106.83,106.83,106.83,0,0
2017-09-19,106.83,106.83,106.83,106.83,0,0
2017-09-20,106.74,106.74,106.74,106.74,0,0
2017-09-21,106.76,106.76,106.76,106.76,0,0
2017-09-22,106.82,106.82,106.82,106.82,0,0
2017-09-25,106.88,106.88,106.88,106.88,0,0
2017-09-26,106.88,106.88,106.88,106.88,0,0
2017-09-27,106.8,106.8,106.8,106.8,0,0
2017-09-28,106.82,106.82,106.82,106.82,0,0
2017-09-29,106.9,106.9,106.9,106.9,0,0
2017-10-02,106.89,106.89,106.89,106.89,0,0
2017-10-03,106.96,106.96,106.96,106.96,0,0
2017-10-04,106.97,106.97,106.97,106.97,0,0
2017-10-05,106.98,106.98,106.98,106.98,0,0
2017-10-06,106.9,106.9,106.9,106.9,0,0
2017-10-09,106.9,106.9,106.9,106.9,0,0
2017-10-10,106.89,106.89,106.89,106.89,0,0
2017-10-11,106.89,106.89,106.89,106.89,0,0
2017-10-12,106.9,106.9,106.9,106.9,0,0
2017-10-13,107.12,107.12,107.12,107.12,0,0
2017-10-16,106.96,106.96,106.96,106.96,0,0
2017-10-17,107.03,107.03,107.03,107.03,0,0
2017-10-18,107.1,107.1,107.1,107.1,0,0
2017-10-19,107.04,107.04,107.04,107.04,0,0
2017-10-20,107.04,107.04,107.04,107.04,0,0
2017-10-23,107.11,107.11,107.11,107.11,0,0
2017-10-24,107.03,107.03,107.03,107.03,0,0
2017-10-25,106.96,106.96,106.96,106.96,0,0
2017-10-26,106.98,106.98,106.98,106.98,0,0
2017-10-27,107.06,107.06,107.06,107.06,0,0
2017-10-30,107.19,107.19,107.19,107.19,0,0
2017-10-31,107.27,107.27,107.27,107.27,0,0
2017-11-02,107.35,107.35,107.35,107.35,0,0
2017-11-03,107.35,107.35,107.35,107.35,0,0
2017-11-06,107.35,107.35,107.35,107.35,0,0
2017-11-07,107.27,107.27,107.27,107.27,0,0
2017-11-08,107.19,107.19,107.19,107.19,0,0
2017-11-09,107.12,107.12,107.12,107.12,0,0
2017-11-10,106.97,106.97,106.97,106.97,0,0
2017-11-13,106.88,106.88,106.88,106.88,0,0
2017-11-14,106.81,106.81,106.81,106.81,0,0
2017-11-15,106.89,106.89,106.89,106.89,0,0
2017-11-16,106.97,106.97,106.97,106.97,0,0
2017-11-17,107.05,107.05,107.05,107.05,0,0
2017-11-20,107.04,107.04,107.04,107.04,0,0
2017-11-21,107.11,107.11,107.11,107.11,0,0
2017-11-22,107.27,107.27,107.27,107.27,0,0
2017-11-23,107.28,107.28,107.28,107.28,0,0
2017-11-24,107.35,107.35,107.35,107.35,0,0
2017-11-27,107.34,107.34,107.34,107.34,0,0
2017-11-28,107.34,107.34,107.34,107.34,0,0
2017-11-29,107.34,107.34,107.34,107.34,0,0
2017-11-30,107.2,107.2,107.2,107.2,0,0
2017-12-01,107.28,107.28,107.28,107.28,0,0
2017-12-04,107.27,107.27,107.27,107.27,0,0
2017-12-05,107.27,107.27,107.27,107.27,0,0
2017-12-06,107.37,107.37,107.37,107.37,0,0
2017-12-07,107.31,107.31,107.31,107.31,0,0
2017-12-08,107.39,107.39,107.39,107.39,0,0
2017-12-11,107.31,107.31,107.31,107.31,0,0
2017-12-12,107.31,107.31,107.31,107.31,0,0
2017-12-13,107.44,107.44,107.44,107.44,0,0
2017-12-14,107.28,107.28,107.28,107.28,0,0
2017-12-15,107.27,107.27,107.27,107.27,0,0
2017-12-18,107.31,107.31,107.31,107.31,0,0
2017-12-19,107.14,107.14,107.14,107.14,0,0
2017-12-20,107.03,107.03,107.03,107.03,0,0
2017-12-21,107.11,107.11,107.11,107.11,0,0
2017-12-22,107.01,107.01,107.01,107.01,0,0
2017-12-27,107.1,107.1,107.1,107.1,0,0
2017-12-28,107.07,107.07,107.07,107.07,0,0
2017-12-29,107.14,107.14,107.14,107.14,0,0
2018-01-03,107.29,107.29,107.29,107.29,0,0
2018-01-04,107.37,107.37,107.37,107.37,0,0
2018-01-05,107.37,107.37,107.37,107.37,0,0
2018-01-08,107.36,107.36,107.36,107.36,0,0
2018-01-09,107.21,107.21,107.21,107.21,0,0
2018-01-10,107.21,107.21,107.21,107.21,0,0
2018-01-11,107.23,107.23,107.23,107.23,0,0
2018-01-12,107.22,107.22,107.22,107.22,0,0
2018-01-15,107.21,107.21,107.21,107.21,0,0
2018-01-16,107.21,107.21,107.21,107.21,0,0
2018-01-17,107.14,107.14,107.14,107.14,0,0
2018-01-18,107.07,107.07,107.07,107.07,0,0
2018-01-19,107,107,107,107,0,0
2018-01-22,106.91,106.91,106.91,106.91,0,0
2018-01-23,107.07,107.07,107.07,107.07,0,0
2018-01-24,107.07,107.07,107.07,107.07,0,0
2018-01-25,107.16,107.16,107.16,107.16,0,0
2018-01-26,107.09,107.09,107.09,107.09,0,0
2018-01-29,106.92,106.92,106.92,106.92,0,0
2018-01-30,106.76,106.76,106.76,106.76,0,0
2018-01-31,106.83,106.83,106.83,106.83,0,0
2018-02-01,106.77,106.77,106.77,106.77,0,0
2018-02-02,106.54,106.54,106.54,106.54,0,0
2018-02-05,106.54,106.54,106.54,106.54,0,0
2018-02-06,106.54,106.54,106.54,106.54,0,0
2018-02-07,106.46,106.46,106.46,106.46,0,0
2018-02-08,106.09,106.09,106.09,106.09,0,0
2018-02-09,106.01,106.01,106.01,106.01,0,0
2018-02-12,106.07,106.07,106.07,106.07,0,0
2018-02-13,106,106,106,106,0,0
2018-02-14,105.77,105.77,105.77,105.77,0,0
2018-02-15,105.94,105.94,105.94,105.94,0,0
2018-02-16,106.1,106.1,106.1,106.1,0,0
2018-02-19,106.09,106.09,106.09,106.09,0,0
2018-02-20,106.01,106.01,106.01,106.01,0,0
2018-02-21,105.86,105.86,105.86,105.86,0,0
2018-02-22,105.87,105.87,105.87,105.87,0,0
2018-02-23,106.1,106.1,106.1,106.1,0,0
2018-02-26,106.25,106.25,106.25,106.25,0,0
2018-02-27,106.01,106.01,106.01,106.01,0,0
2018-02-28,106.01,106.01,106.01,106.01,0,0
2018-03-01,106.18,106.18,106.18,106.18,0,0
2018-03-02,106.03,106.03,106.03,106.03,0,0
2018-03-05,105.95,105.95,105.95,105.95,0,0
2018-03-06,105.95,105.95,105.95,105.95,0,0
2018-03-07,105.94,105.94,105.94,105.94,0,0
2018-03-08,106.04,106.04,106.04,106.04,0,0
2018-03-09,106.11,106.11,106.11,106.11,0,0
2018-03-12,106.03,106.03,106.03,106.03,0,0
2018-03-13,106.03,106.03,106.03,106.03,0,0
2018-03-14,106.12,106.12,106.12,106.12,0,0
2018-03-15,105.97,105.97,105.97,105.97,0,0
2018-03-16,105.97,105.97,105.97,105.97,0,0
2018-03-19,105.88,105.88,105.88,105.88,0,0
2018-03-20,105.8,105.8,105.8,105.8,0,0
2018-03-21,105.81,105.81,105.81,105.81,0,0
2018-03-22,105.81,105.81,105.81,105.81,0,0
2018-03-23,105.74,105.74,105.74,105.74,0,0
2018-03-26,105.8,105.8,105.8,105.8,0,0
2018-03-27,106.01,106.01,106.01,106.01,0,0
2018-03-28,106.05,106.05,106.05,106.05,0,0
2018-03-29,106.28,106.28,106.28,106.28,0,0
