Date,Open,High,Low,Close,Volume,OpenInt
2017-03-31,437.75,452.438,437.75,447.6,43486,0
2017-04-20,444.5,453.946,444.5,453.946,1154,0
2017-05-02,465.375,472.364,463.607,472.364,10369,0
2017-05-03,462.5,463.2,456.8,460,9787,0
2017-05-11,458.625,466.182,458.6,461.901,5977,0
2017-05-16,460.5,469.516,460.5,469.516,13795,0
2017-05-19,454.125,461.5,454.125,457.421,31431,0
2017-05-24,466.5,466.785,464.3,466.785,10778,0
2017-05-30,465.25,467.1,456.8,457.647,4362,0
2017-05-31,457.5,463.804,457.5,463.7,30165,0
2017-06-01,462.875,468.933,462.875,468.251,22605,0
2017-06-02,470.5,476.7,470.5,476.66,2307,0
2017-06-06,474.5,475.8,470.301,470.301,33134,0
2017-06-09,468.25,472.526,468.25,472.082,13604,0
2017-06-12,474,474,470.3,471.7,7547,0
2017-06-13,473.658,475.8,466.408,473.658,20244,0
2017-06-14,476.125,480.8,476.125,480.102,12006,0
2017-06-16,479.5,491.382,479.5,483.458,29935,0
2017-06-29,475.5,475.5,464.2,466.785,13547,0
2017-07-05,489.375,504.5,487.3,503.082,15246,0
2017-07-07,490.5,490.5,484.8,484.8,51117,0
2017-07-10,500.75,500.75,491.073,492.812,10573,0
2017-07-11,487.25,487.25,478.2,479.1,69563,0
2017-07-14,495.25,499.173,491.929,497.984,35200,0
2017-07-18,504.5,515.81,504.5,515.81,34386,0
2017-07-21,501.75,505.5,500.5,500.5,7805,0
2017-07-24,503.75,503.75,497.7,498.462,20534,0
2017-08-02,509,512.5,505.938,506.485,27023,0
2017-08-03,508.5,509.5,503.472,504.445,18728,0
2017-08-09,502,505,500,504.461,5120,0
2017-08-10,502.25,502.25,499.5,501.691,2179,0
2017-08-11,498.5,505.028,495.763,498.916,9960,0
2017-08-14,507.25,514.835,507,514.835,20097,0
2017-08-15,516,516,510,511.243,32414,0
2017-08-16,513.25,518.5,513.25,517.5,3462,0
2017-08-17,516.5,527.25,516.5,521.505,35664,0
2017-08-21,524.25,527,521.5,527,5675,0
2017-08-22,523.25,526.5,523.25,523.269,15363,0
2017-08-23,524,524,517.5,518.616,23685,0
2017-08-24,520,535,520,526.5,27910,0
2017-08-29,521.5,527.029,519.5,521.05,2668,0
2017-08-30,528.75,531,527.5,528,5277,0
2017-08-31,531.75,540.5,531,538.07,40998,0
2017-09-04,541.25,545.5,541.25,543.866,6661,0
2017-09-05,544.5,547.25,543,546.54,6456,0
2017-09-06,556.875,562.5,543.5,543.825,6982,0
2017-09-07,544.75,548.03,541,546.784,9077,0
2017-09-08,549,553.957,547.5,551.39,10547,0
2017-09-11,555.375,563.537,555,563.537,22197,0
2017-09-12,564,565.954,558.969,560,27931,0
2017-09-14,554.25,555.5,550.25,554.236,23386,0
2017-09-15,551.75,551.75,542.446,542.5,74398,0
2017-09-18,551.766,551.766,551.766,551.766,0,0
2017-09-19,552.395,552.395,552.395,552.395,0,0
2017-09-20,552.5,554.5,549.5,550,61026,0
2017-09-21,552.328,552.328,552.328,552.328,0,0
2017-09-22,549.562,549.562,549.562,549.562,0,0
2017-09-25,542,542,534.5,541,42505,0
2017-09-26,539.75,542.5,535,539.755,28520,0
2017-09-27,541,541,536,539.956,1459,0
2017-09-28,539.9,539.9,539.9,539.9,0,0
2017-09-29,541.75,543.5,539.5,540,14137,0
2017-10-02,535.5,544.248,535,540.916,5879,0
2017-10-03,543.842,543.842,543.842,543.842,0,0
2017-10-04,546,552.528,546,550.438,63834,0
2017-10-05,556.807,556.807,556.807,556.807,0,0
2017-10-06,549.979,549.979,549.979,549.979,0,0
2017-10-09,543.625,543.625,532.971,533.25,13176,0
2017-10-10,541.352,541.352,541.352,541.352,0,0
2017-10-11,544.109,544.109,544.109,544.109,0,0
2017-10-12,545.152,545.152,545.152,545.152,0,0
2017-10-13,545.5,546,542.75,543.285,13444,0
2017-10-16,544.44,544.44,544.44,544.44,0,0
2017-10-17,543.625,545,543,543.344,58866,0
2017-10-18,544.5,547.938,543,543.5,15778,0
2017-10-19,547.5,548,537.5,539.759,17524,0
2017-10-20,543.125,547.5,543.125,545.466,4129,0
2017-10-23,545,545,540.5,540.5,12232,0
2017-10-24,540.5,541,534.5,534.5,22947,0
2017-10-25,543.858,543.858,543.858,543.858,0,0
2017-10-26,543.375,547.5,531.5,541.543,26061,0
2017-10-27,547,550.5,540.75,548.5,8258,0
2017-10-30,547.75,551.53,546,550.406,10981,0
2017-10-31,552.75,561.5,552.75,557.799,45725,0
2017-11-01,561.25,564.5,558.5,560.373,19044,0
2017-11-02,561.75,565.5,552.438,565.459,11815,0
2017-11-03,555.381,555.381,555.381,555.381,0,0
2017-11-06,566.372,566.372,566.372,566.372,0,0
2017-11-07,571.25,577,570,574.965,973,0
2017-11-08,572.837,572.837,572.837,572.837,0,0
2017-11-09,564.92,564.92,564.92,564.92,0,0
2017-11-10,564.25,567.373,562.5,564.375,10620,0
2017-11-13,561.25,561.5,554.25,559.26,18698,0
2017-11-14,561,572.063,561,564.832,12592,0
2017-11-15,564.5,566.5,558.5,559.5,7935,0
2017-11-16,564,568.5,563.5,567.5,59921,0
2017-11-17,572.042,572.042,572.042,572.042,0,0
2017-11-20,572.042,572.042,572.042,572.042,0,0
2017-11-21,572.042,572.042,572.042,572.042,0,0
2017-11-22,572.042,572.042,572.042,572.042,0,0
2017-11-23,572.042,572.042,572.042,572.042,0,0
2017-11-24,572.042,572.042,572.042,572.042,0,0
2017-11-27,578.25,578.25,571.95,571.95,9429,0
2017-11-28,557.25,557.25,556.581,556.581,128071,0
2017-11-29,552.5,552.5,548.825,548.825,23143,0
2017-11-30,551.5,557.563,551.5,557.563,30429,0
2017-12-01,568.125,568.125,564.723,564.723,10461,0
2017-12-04,565.75,565.75,558.86,558.86,24742,0
2017-12-05,558.75,558.75,552.213,552.213,21127,0
2017-12-06,548.25,558.388,548.25,558.388,11545,0
2017-12-07,559.25,564.531,559.25,564.531,38461,0
2017-12-08,561.75,561.75,556.5,556.5,11282,0
2017-12-11,557.25,557.25,553.327,553.327,11356,0
2017-12-12,555.375,555.375,551.031,551.031,31272,0
2017-12-13,554.25,555.68,554.25,555.68,32806,0
2017-12-14,552,555.625,552,555.625,4907,0
2017-12-15,559,559,554.733,554.733,11584,0
2017-12-18,556.875,565.5,556.875,565.5,25674,0
2017-12-19,565.75,565.75,565.5,565.5,8825,0
2017-12-20,566.5,566.5,564.5,564.5,23135,0
2017-12-21,565.25,567.246,565.25,567.246,6228,0
2017-12-22,565.75,572,565.75,572,2013,0
2017-12-27,583.5,583.5,581.734,581.734,11919,0
2017-12-28,582.25,582.25,580.641,580.641,12206,0
2017-12-29,581.375,583.5,581.375,583.5,636,0
2018-01-02,583,583,572.2,572.2,34927,0
2018-01-03,579.1,579.8,579.1,579.8,13,0
2018-01-04,583.9,583.9,583.9,583.9,2122,0
2018-01-05,588.4,588.4,587.8,587.8,697,0
2018-01-08,591.5,591.5,591.5,591.5,105,0
2018-01-09,589.9,594.9,589.9,594.9,162,0
2018-01-10,595.1,595.1,588.3,588.3,87227,0
2018-01-11,578.3,578.3,577.8,577.8,27767,0
2018-01-12,545.3,545.3,533.4,533.4,61446,0
2018-01-15,538.7,538.7,538.4,538.4,4755,0
2018-01-16,536.4,536.4,530.8,530.8,2552,0
2018-01-17,526.5,532.3,526.5,532.3,986,0
2018-01-18,532.1,532.1,526.7,526.7,14031,0
2018-01-19,540,541.2,540,541.2,9825,0
2018-01-22,546,546,540.3,540.3,26157,0
2018-01-23,543.4,543.4,542.8,542.8,15306,0
2018-01-24,544.4,544.4,544.4,544.4,6767,0
2018-01-25,544,544,537.9,537.9,12720,0
2018-01-26,536.5,536.5,536.5,536.5,20515,0
2018-01-29,536.7,536.7,531.502,531.502,10528,0
2018-01-30,527.1,527.1,527.1,527.1,8615,0
2018-01-31,525.9,525.9,524.917,524.917,34058,0
2018-02-01,528.7,528.8,528.7,528.8,406,0
2018-02-02,527.5,527.5,514.2,514.2,15989,0
2018-02-05,502.1,507.35,502.1,507.35,39856,0
2018-02-06,478.8,503.85,478.8,503.85,28497,0
2018-02-07,513.4,513.4,504.052,504.052,15314,0
2018-02-08,504.65,504.65,498.9,498.9,18502,0
2018-02-09,493.75,499.45,493.75,499.45,42933,0
2018-02-12,503.2,506.2,503.2,506.2,17938,0
2018-02-13,507.65,507.75,507.65,507.75,18226,0
2018-02-14,508.3,508.3,507.55,507.55,3966,0
2018-02-15,511.5,514.7,511.5,514.7,19091,0
2018-02-16,519.5,519.5,519.5,519.5,4790,0
2018-02-19,523.8,523.8,517.6,517.6,3590,0
2018-02-20,517.7,517.7,517.2,517.2,2680,0
2018-02-21,517.1,517.1,517.1,517.1,4825,0
2018-02-22,513.1,513.1,512.062,512.062,20353,0
2018-02-23,513.9,513.9,506.95,506.95,19164,0
2018-02-26,510.7,512.01,510.7,512.01,17115,0
2018-02-28,511.2,511.2,511.2,511.2,8771,0
2018-03-01,507.75,507.75,507.25,507.25,5233,0
2018-03-02,502.2,502.2,501.9,501.9,61124,0
2018-03-05,505.35,511.2,505.35,511.2,25482,0
2018-03-07,510.6,516.4,510.6,516.4,12970,0
2018-03-08,518.9,524.9,518.9,524.9,7241,0
2018-03-09,529.1,529.1,529.1,529.1,17884,0
2018-03-12,531,531.2,531,531.2,9312,0
2018-03-13,530.6,530.6,525,525,8954,0
2018-03-14,524.3,524.3,524.3,524.3,11715,0
2018-03-15,519.8,525.3,519.8,525.3,11473,0
2018-03-16,527.9,535,527.9,535,33395,0
2018-03-19,538.4,538.4,526.3,526.3,11241,0
2018-03-20,528.1,528.1,528,528,7566,0
2018-03-21,528.5,529.3,528.5,529.3,16791,0
2018-03-22,528.3,528.3,522.5,522.5,23182,0
2018-03-23,517,521.8,517,521.8,48344,0
2018-03-26,522.1,522.1,516.3,516.3,3928,0
2018-03-27,522,522.3,522,522.3,10964,0
2018-03-28,517,523.2,517,523.2,9748,0
2018-03-29,523.2,523.2,523.2,523.2,0,0
