Date,Open,High,Low,Close,Volume,OpenInt
2017-09-15,19.6,19.6,19.5006,19.53,19335,0
2017-09-18,19.8074,19.8074,19.8074,19.8074,0,0
2017-09-19,19.911,19.911,19.911,19.911,0,0
2017-09-20,19.7878,19.7878,19.7878,19.7878,0,0
2017-09-21,19.7767,19.7767,19.7767,19.7767,0,0
2017-09-22,19.8933,19.8933,19.8933,19.8933,0,0
2017-09-25,20.0772,20.0772,20.0772,20.0772,0,0
2017-09-26,19.9344,19.9344,19.9344,19.9344,0,0
2017-09-27,20.1425,20.1425,20.1425,20.1425,0,0
2017-09-28,20.2201,20.2201,20.2201,20.2201,0,0
2017-09-29,20.3281,20.3281,20.3281,20.3281,0,0
2017-10-02,20.2886,20.2886,20.2886,20.2886,0,0
2017-10-03,20.3156,20.3156,20.3156,20.3156,0,0
2017-10-04,20.1755,20.1755,20.1755,20.1755,0,0
2017-10-05,20.404,20.404,20.404,20.404,0,0
2017-10-06,20.377,20.377,20.377,20.377,0,0
2017-10-09,20.7721,20.7721,20.7721,20.7721,0,0
2017-10-10,20.8621,20.8621,20.8621,20.8621,0,0
2017-10-11,20.9103,20.9103,20.9103,20.9103,0,0
2017-10-12,21.0183,21.0183,21.0183,21.0183,0,0
2017-10-13,20.9532,20.9532,20.9532,20.9532,0,0
2017-10-16,20.8645,20.8645,20.8645,20.8645,0,0
2017-10-17,20.6223,20.6223,20.6223,20.6223,0,0
2017-10-18,20.6337,20.6337,20.6337,20.6337,0,0
2017-10-19,20.2527,20.2527,20.2527,20.2527,0,0
2017-10-20,20.1242,20.1242,20.1242,20.1242,0,0
2017-10-23,20.1242,20.1242,20.1242,20.1242,0,0
2017-10-24,19.9746,19.9746,19.9746,19.9746,0,0
2017-10-25,19.9308,19.9308,19.9308,19.9308,0,0
2017-10-26,19.9169,19.9169,19.9169,19.9169,0,0
2017-10-27,20.0041,20.0041,20.0041,20.0041,0,0
2017-10-30,19.9877,19.9877,19.9877,19.9877,0,0
2017-10-31,20.1245,20.1245,20.1245,20.1245,0,0
2017-11-01,20.2505,20.2505,20.2505,20.2505,0,0
2017-11-02,20.0816,20.0816,20.0816,20.0816,0,0
2017-11-03,20.0358,20.0358,20.0358,20.0358,0,0
2017-11-06,20.0324,20.0324,20.0324,20.0324,0,0
2017-11-07,20.4137,20.4137,20.4137,20.4137,0,0
2017-11-08,21.0544,21.0544,21.0544,21.0544,0,0
2017-11-09,20.9065,20.9065,20.9065,20.9065,0,0
2017-11-10,20.3192,20.3192,20.3192,20.3192,0,0
2017-11-13,20.1466,20.1466,20.1466,20.1466,0,0
2017-11-14,20.15,20.15,19.8525,20.005,24357,0
2017-11-15,19.6535,19.6535,19.6535,19.6535,0,0
2017-11-16,19.8136,19.8136,19.8136,19.8136,0,0
2017-11-17,19.79,19.845,19.6,19.755,42887,0
2017-11-20,19.777,19.777,19.777,19.777,0,0
2017-11-21,19.777,19.777,19.777,19.777,0,0
2017-11-22,19.777,19.777,19.777,19.777,0,0
2017-11-23,19.777,19.777,19.777,19.777,0,0
2017-11-24,19.777,19.777,19.777,19.777,0,0
2017-11-27,20.14,20.2816,20.14,20.2816,25016,0
2017-11-28,20.4,20.4,20.2179,20.2179,8688,0
2017-11-29,20.225,20.2821,20.225,20.2821,2731,0
2017-11-30,20.685,20.685,20.1564,20.1564,9467,0
2017-12-01,20.09,20.2065,20.09,20.2065,25796,0
2017-12-04,20.08,20.3142,20.08,20.3142,77069,0
2017-12-05,20.56,20.56,20.3643,20.3643,4014,0
2017-12-06,20.56,20.995,20.56,20.995,49586,0
2017-12-07,20.94,21.0318,20.94,21.0318,33817,0
2017-12-08,21.22,21.22,20.6171,20.6171,25570,0
2017-12-11,20.755,20.755,20.5232,20.5232,10650,0
2017-12-12,20.675,20.675,20.4617,20.4617,15064,0
2017-12-13,20.19,20.216,20.19,20.216,19426,0
2017-12-14,20.15,20.15,20.0095,20.0095,38539,0
2017-12-15,20.05,20.05,19.6,19.8076,11761,0
2017-12-18,19.9228,19.9228,19.9228,19.9228,0,0
2017-12-19,20,20,19.6596,19.6596,16016,0
2017-12-20,19.5198,19.5198,19.5198,19.5198,0,0
2017-12-21,19.5271,19.5271,19.5271,19.5271,0,0
2017-12-22,19.5218,19.5218,19.5218,19.5218,0,0
2017-12-27,19.2853,19.2853,19.2853,19.2853,0,0
2017-12-28,19.152,19.152,19.152,19.152,0,0
2018-01-02,19.23,19.23,19.2,19.2,20986,0
2018-01-03,19.175,19.175,19.175,19.175,0,0
2018-01-04,19.405,19.405,19.405,19.405,0,0
2018-01-05,19.35,19.425,19.35,19.425,1497,0
2018-01-08,19.415,19.415,19.29,19.29,5714,0
2018-01-09,19.145,19.575,19.145,19.575,93465,0
2018-01-10,19.845,19.845,19.775,19.775,7454,0
2018-01-11,19.75,19.75,19.63,19.63,10998,0
2018-01-12,19.75,20,19.75,20,10834,0
2018-01-15,19.89,19.945,19.89,19.945,7274,0
2018-01-16,20,20.315,20,20.315,9499,0
2018-01-17,20.475,20.475,20.12,20.12,1222,0
2018-01-18,20.215,20.215,20.18,20.18,4338,0
2018-01-19,20.1,20.1,20.1,20.1,5342,0
2018-01-22,20.235,20.235,20.08,20.08,783,0
2018-01-23,20.235,20.235,19.985,19.985,4967,0
2018-01-24,19.79,19.805,19.79,19.805,672,0
2018-01-25,19.595,19.65,19.595,19.65,9326,0
2018-01-26,19.595,19.73,19.595,19.73,6196,0
2018-01-29,19.52,19.69,19.52,19.69,7334,0
2018-01-30,19.495,19.52,19.495,19.52,8629,0
2018-01-31,19.39,19.695,19.39,19.695,6091,0
2018-02-01,20.14,20.14,20.14,20.14,0,0
2018-02-02,20.8,20.8,20.57,20.57,10587,0
2018-02-05,20.1,20.1,19.81,19.81,18033,0
2018-02-06,19.75,19.75,19.22,19.22,43820,0
2018-02-07,19.52,19.52,18.735,18.735,22345,0
2018-02-08,18.87,18.87,18.75,18.75,16063,0
2018-02-09,18.5,18.83,18.5,18.83,32059,0
2018-02-12,19.28,19.28,18.81,18.81,31284,0
2018-02-14,18.91,18.91,18.72,18.72,13233,0
2018-02-15,18.86,18.86,18.785,18.785,31212,0
2018-02-16,19.005,19.095,19.005,19.095,1564,0
2018-02-19,19.28,19.28,19.065,19.065,3078,0
2018-02-20,19.2,19.2,19.12,19.12,6423,0
2018-02-21,19.35,19.35,19.155,19.155,16777,0
2018-02-22,19.095,19.095,18.82,18.82,2940,0
2018-02-23,19.145,19.145,19.005,19.005,17655,0
2018-02-26,19.145,19.145,19.085,19.085,3128,0
2018-02-27,19.105,19.105,18.91,18.91,15746,0
2018-03-05,18.295,18.45,18.295,18.45,2075,0
2018-03-06,18.48,18.675,18.48,18.675,8717,0
2018-03-07,18.605,18.695,18.605,18.695,15715,0
2018-03-08,18.94,18.94,18.89,18.89,21578,0
2018-03-09,18.785,18.81,18.785,18.81,6305,0
2018-03-12,18.715,18.715,18.47,18.47,7802,0
2018-03-13,18.295,18.295,18.18,18.18,9243,0
2018-03-14,18.1,18.19,18.1,18.19,12714,0
2018-03-15,18.205,18.205,18.19,18.19,2550,0
2018-03-16,18.48,18.48,18.08,18.08,20858,0
2018-03-19,18.48,18.48,18.205,18.205,13516,0
2018-03-20,18.215,18.255,18.215,18.255,21053,0
2018-03-21,18.295,18.295,18.09,18.09,9799,0
2018-03-23,18.1,18.1,18,18,28759,0
2018-03-26,18.245,18.245,17.69,17.69,3686,0
2018-03-27,17.835,17.835,17.78,17.78,766,0
2018-03-28,17.62,17.62,17.26,17.26,399,0
2018-03-29,17.62,17.62,17.27,17.27,14502,0
