Date,Open,High,Low,Close,Volume,OpenInt
2017-09-18,1.7403,1.7403,1.7403,1.7403,0,0
2017-09-19,1.7403,1.7403,1.7403,1.7403,0,0
2017-09-20,1.7403,1.7403,1.7403,1.7403,0,0
2017-09-21,1.7403,1.7403,1.7403,1.7403,0,0
2017-09-22,1.7403,1.7403,1.7403,1.7403,0,0
2017-09-25,1.7403,1.7403,1.7403,1.7403,0,0
2017-09-26,1.7403,1.7403,1.7403,1.7403,0,0
2017-09-27,1.7403,1.7403,1.7403,1.7403,0,0
2017-09-28,1.7403,1.7403,1.7403,1.7403,0,0
2017-09-29,1.7403,1.7403,1.7403,1.7403,0,0
2017-10-02,1.7403,1.7403,1.7403,1.7403,0,0
2017-10-03,1.7403,1.7403,1.7403,1.7403,0,0
2017-10-04,1.7403,1.7403,1.7403,1.7403,0,0
2017-10-05,1.7403,1.7403,1.7403,1.7403,0,0
2017-10-06,1.7403,1.7403,1.7403,1.7403,0,0
2017-10-09,1.7403,1.7403,1.7403,1.7403,0,0
2017-10-10,1.7403,1.7403,1.7403,1.7403,0,0
2017-10-11,1.7403,1.7403,1.7403,1.7403,0,0
2017-10-12,1.7403,1.7403,1.7403,1.7403,0,0
2017-10-13,1.7403,1.7403,1.7403,1.7403,0,0
2017-10-16,1.7403,1.7403,1.7403,1.7403,0,0
2017-10-17,1.7403,1.7403,1.7403,1.7403,0,0
2017-10-18,1.7403,1.7403,1.7403,1.7403,0,0
2017-10-19,1.7403,1.7403,1.7403,1.7403,0,0
2017-10-20,1.7403,1.7403,1.7403,1.7403,0,0
2017-10-23,1.7403,1.7403,1.7403,1.7403,0,0
2017-10-24,1.7403,1.7403,1.7403,1.7403,0,0
2017-10-25,1.7403,1.7403,1.7403,1.7403,0,0
2017-10-26,1.7403,1.7403,1.7403,1.7403,0,0
2017-10-27,1.7403,1.7403,1.7403,1.7403,0,0
2017-10-30,1.7403,1.7403,1.7403,1.7403,0,0
2017-10-31,1.7403,1.7403,1.7403,1.7403,0,0
2017-11-01,1.7403,1.7403,1.7403,1.7403,0,0
2017-11-02,1.7403,1.7403,1.7403,1.7403,0,0
2017-11-03,1.7403,1.7403,1.7403,1.7403,0,0
2017-11-06,1.7403,1.7403,1.7403,1.7403,0,0
2017-11-07,1.7403,1.7403,1.7403,1.7403,0,0
2017-11-08,1.7403,1.7403,1.7403,1.7403,0,0
2017-11-09,1.7403,1.7403,1.7403,1.7403,0,0
2017-11-10,1.7403,1.7403,1.7403,1.7403,0,0
2017-11-13,1.7403,1.7403,1.7403,1.7403,0,0
2017-11-14,1.7403,1.7403,1.7403,1.7403,0,0
2017-11-15,1.7403,1.7403,1.7403,1.7403,0,0
2017-11-16,1.7403,1.7403,1.7403,1.7403,0,0
2017-11-17,1.7403,1.7403,1.7403,1.7403,0,0
2017-11-20,1.7403,1.7403,1.7403,1.7403,0,0
2017-11-21,1.7403,1.7403,1.7403,1.7403,0,0
2017-11-22,1.7403,1.7403,1.7403,1.7403,0,0
2017-11-23,1.7403,1.7403,1.7403,1.7403,0,0
2017-11-24,1.7403,1.7403,1.7403,1.7403,0,0
2017-11-27,1.7403,1.7403,1.7403,1.7403,0,0
2017-11-28,1.7403,1.7403,1.7403,1.7403,0,0
2017-11-29,1.7403,1.7403,1.7403,1.7403,0,0
2017-12-13,1.825,1.82652,1.825,1.82652,3939,0
2017-12-14,1.79259,1.79259,1.79259,1.79259,0,0
2017-12-21,1.96119,1.96119,1.96119,1.96119,0,0
2017-12-27,1.9345,1.9345,1.9345,1.9345,0,0
2018-01-02,2.0255,2.0255,2.0255,2.0255,0,0
2018-01-03,2.1275,2.1275,2.1275,2.1275,0,0
2018-01-04,2.1375,2.1375,2.1375,2.1375,0,0
2018-01-05,2.1325,2.1325,2.1325,2.1325,0,0
2018-01-08,2.1575,2.1575,2.1575,2.1575,0,0
2018-01-09,2.1825,2.1825,2.1825,2.1825,0,0
2018-01-10,2.225,2.225,2.225,2.225,0,0
2018-01-11,2.1925,2.1925,2.1925,2.1925,0,0
2018-01-12,2.205,2.205,2.205,2.205,0,0
2018-01-15,2.2,2.2,2.2,2.2,0,0
2018-01-16,2.1275,2.1275,2.1275,2.1275,0,0
2018-01-17,2.1025,2.1025,2.1025,2.1025,0,0
2018-01-18,2.09,2.09,2.09,2.09,0,0
2018-01-19,2.09,2.09,2.09,2.09,0,0
2018-01-22,2.1175,2.1175,2.1175,2.1175,0,0
2018-01-23,2.1075,2.1075,2.1075,2.1075,0,0
2018-01-24,2.1025,2.1025,2.1025,2.1025,0,0
2018-01-25,2.1075,2.1075,2.1075,2.1075,0,0
2018-01-26,2.1625,2.1625,2.1625,2.1625,0,0
2018-01-29,2.1825,2.1825,2.1825,2.1825,0,0
2018-01-30,2.1825,2.1825,2.1825,2.1825,0,0
2018-01-31,2.1525,2.1525,2.1525,2.1525,0,0
2018-02-01,2.1525,2.1525,2.1525,2.1525,0,0
2018-02-02,2.1075,2.1075,2.1075,2.1075,0,0
2018-02-05,2.085,2.085,2.085,2.085,0,0
2018-02-06,2.065,2.065,2.065,2.065,0,0
2018-02-07,2.1125,2.1125,2.1125,2.1125,0,0
2018-02-09,2.075,2.075,2.075,2.075,0,0
2018-02-15,2.1175,2.1175,2.1175,2.1175,0,0
2018-02-16,2.1275,2.1275,2.1275,2.1275,0,0
2018-02-19,2.1125,2.1125,2.1125,2.1125,0,0
2018-02-21,2.095,2.095,2.095,2.095,0,0
2018-02-22,2.09,2.09,2.09,2.09,0,0
2018-02-23,2.041,2.041,2.041,2.041,0,0
2018-02-26,2.1325,2.1325,2.1325,2.1325,0,0
2018-02-27,2.08,2.08,2.08,2.08,0,0
2018-03-05,2.0455,2.0455,2.0455,2.0455,0,0
2018-03-06,2.06,2.06,2.06,2.06,0,0
2018-03-07,2.055,2.055,2.055,2.055,0,0
2018-03-08,2.065,2.065,2.065,2.065,0,0
2018-03-09,2.1125,2.1125,2.1125,2.1125,0,0
2018-03-12,2.1125,2.1125,2.1125,2.1125,0,0
2018-03-13,2.09,2.09,2.09,2.09,0,0
2018-03-14,2.095,2.095,2.095,2.095,0,0
2018-03-15,2.085,2.085,2.085,2.085,0,0
2018-03-16,2.1275,2.1275,2.1275,2.1275,0,0
2018-03-19,2.1125,2.1125,2.1125,2.1125,0,0
2018-03-20,2.1175,2.1175,2.1125,2.1125,149,0
2018-03-21,2.09,2.09,2.09,2.09,0,0
2018-03-23,2.041,2.041,2.041,2.041,0,0
2018-03-26,1.9955,1.9955,1.9955,1.9955,0,0
2018-03-27,2.03,2.03,2.03,2.03,0,0
2018-03-28,2.049,2.049,2.049,2.049,0,0
2018-03-29,2.065,2.065,2.065,2.065,0,0
