Date,Open,High,Low,Close,Volume,OpenInt
2014-04-29,5727.78,5727.78,5727.78,5727.78,0,0
2014-04-30,5587.32,5727.78,5474.76,5558.43,0,0
2014-05-02,5553.45,5558.43,5553.45,5553.45,0,0
2014-05-06,5677.97,5787.54,5553.45,5787.54,0,0
2014-05-07,5663.03,5663.03,5663.03,5663.03,0,0
2014-05-08,5668.01,5668.01,5555.44,5555.44,0,0
2014-05-09,5549.47,5549.47,5549.47,5549.47,0,0
2014-05-12,5578.35,5578.35,5549.47,5549.47,0,0
2014-05-13,5532.53,5532.53,5532.53,5532.53,0,0
2014-05-14,5532.53,5532.53,5532.53,5532.53,0,0
2014-05-15,5478.74,5532.53,5478.74,5532.53,0,0
2014-05-19,5598.28,5598.28,5598.28,5598.28,0,0
2014-05-22,5598.28,5777.58,5598.28,5777.58,0,0
2014-05-23,5777.58,5777.58,5777.58,5777.58,0,0
2014-05-26,5747.7,5747.7,5747.7,5747.7,0,0
2014-05-27,5777.58,5810.45,5747.7,5810.45,0,0
2014-06-03,5653.06,5653.06,5621.19,5621.19,0,0
2014-06-04,5645.1,5645.1,5280.51,5628.16,0,0
2014-06-06,5797.5,5797.5,5797.5,5797.5,0,0
2014-06-09,5747.7,5747.7,5747.7,5747.7,0,0
2014-06-10,5798.5,5798.5,5798.5,5798.5,0,0
2014-06-11,5799.5,5865.24,5799.5,5865.24,0,0
2014-06-12,5572.38,5768.62,5572.38,5768.62,0,0
2014-06-16,5786.55,5877.2,5786.55,5871.22,0,0
2014-06-17,5807.47,5871.22,5807.47,5807.47,0,0
2014-06-18,5767.62,5807.47,5730.76,5777.58,0,0
2014-06-20,5750.69,6010.68,5750.69,6010.68,0,0
2014-06-23,5906.08,6010.68,5869.23,6010.68,0,0
2014-06-24,5944.93,5944.93,5941.94,5941.94,0,0
2014-06-25,5969.84,5969.84,5969.84,5969.84,0,0
2014-06-26,6061.48,6066.46,5941.94,5946.92,0,0
2014-06-27,6066.46,6066.46,5961.87,5988.76,0,0
2014-06-30,5946.92,5976.81,5907.08,5907.08,0,0
2014-07-01,5857.27,5857.27,5857.27,5857.27,0,0
2014-07-04,5976.81,5976.81,5976.81,5976.81,0,0
2014-07-07,5917.04,5917.04,5917.04,5917.04,0,0
2014-07-08,5866.24,5866.24,5836.35,5836.35,0,0
2014-07-09,5822.41,5941.94,5822.41,5941.94,0,0
2014-07-10,5834.36,5834.36,5834.36,5834.36,0,0
2014-07-11,5827.39,5834.36,5807.47,5834.36,0,0
2014-07-14,5807.47,5818.42,5807.47,5818.42,0,0
2014-07-15,5789.54,5832.37,5781.57,5832.37,0,0
2014-07-16,5827.39,5841.33,5827.39,5841.33,0,0
2014-07-17,5809.46,6076.42,5809.46,6076.42,0,0
2014-07-18,5482.73,5903.09,5482.73,5879.19,0,0
2014-07-21,5856.28,5877.2,5856.28,5877.2,0,0
2014-07-22,5877.2,5897.12,5875.2,5875.2,0,0
2014-07-23,5840.34,5909.07,5840.34,5909.07,0,0
2014-07-24,5977.8,5977.8,5977.8,5977.8,0,0
2014-07-25,6026.62,6026.62,6017.65,6017.65,0,0
2014-07-28,5629.16,5968.84,5629.16,5968.84,0,0
2014-07-31,5670,5976.81,5670,5976.81,0,0
2014-08-01,5891.14,5891.14,5891.14,5891.14,0,0
2014-08-05,6061.48,6061.48,5844.32,5844.32,0,0
2014-08-14,5836.35,5836.35,5836.35,5836.35,0,0
2014-08-18,5836.35,5836.35,5836.35,5836.35,0,0
2014-08-21,5957.88,5957.88,5957.88,5957.88,0,0
2014-08-22,5976.81,5986.77,5976.81,5986.77,0,0
2014-08-27,6056.5,6066.46,6056.5,6066.46,0,0
2014-08-28,6114.28,6186,6114.28,6186,0,0
2014-09-01,6275.65,6275.65,6275.65,6275.65,0,0
2014-09-02,6289.6,6333.42,6289.6,6333.42,0,0
2014-09-04,6200.94,6200.94,6200.94,6200.94,0,0
2014-09-08,6176.04,6214.88,6176.04,6214.88,0,0
2014-09-11,6386.22,6386.22,6386.22,6386.22,0,0
2014-09-15,6168.07,6168.07,6168.07,6168.07,0,0
2014-09-18,6176.04,6176.04,6176.04,6176.04,0,0
2014-09-19,6295.57,6345.38,6285.61,6345.38,0,0
2014-09-22,6351.36,6351.36,6351.36,6351.36,0,0
2014-09-23,6235.8,6235.8,6235.8,6235.8,0,0
2014-09-25,6176.04,6318.48,6176.04,6225.84,0,0
2014-09-26,6275.65,6275.65,6275.65,6275.65,0,0
2014-09-30,6275.65,6444.99,6275.65,6444.99,0,0
2014-10-06,6367.29,6367.29,6367.29,6367.29,0,0
2014-10-08,6355.34,6364.31,6355.34,6364.31,0,0
2014-10-09,6350.36,6350.36,6350.36,6350.36,0,0
2014-10-13,6440.01,6440.01,6440.01,6440.01,0,0
2014-10-14,6409.13,6409.13,6395.19,6395.19,0,0
2014-10-16,6025.62,6040.56,5942.94,6040.56,0,0
2014-10-20,6000.72,6000.72,5980.79,5980.79,0,0
2014-10-22,6036.58,6036.58,6036.58,6036.58,0,0
2014-11-06,6036.58,6275.65,6036.58,6275.65,0,0
2014-11-13,5677.97,6235.8,5677.97,6235.8,0,0
2014-11-18,6247.76,6247.76,6247.76,6247.76,0,0
2014-11-20,6255.73,6255.73,6255.73,6255.73,0,0
2014-11-25,6255.73,6255.73,6255.73,6255.73,0,0
2014-11-26,6225.84,6225.84,6225.84,6225.84,0,0
2014-11-27,6256.72,6258.71,6256.72,6258.71,0,0
2014-12-02,6476.87,6476.87,6476.87,6476.87,0,0
2014-12-03,6574.49,6647.21,6574.49,6647.21,0,0
2014-12-05,6512.73,6512.73,6497.79,6497.79,0,0
2014-12-08,6077.42,6077.42,6077.42,6077.42,0,0
2014-12-09,5987.77,6578.47,5987.77,6578.47,0,0
2014-12-10,6514.72,6514.72,6514.72,6514.72,0,0
2014-12-15,6502.77,6502.77,6502.77,6502.77,0,0
2014-12-18,6076.42,6536.64,6076.42,6536.64,0,0
2014-12-19,6664.14,6733.87,6570.51,6675.1,0,0
2014-12-22,6773.72,6838.47,6773.72,6818.54,0,0
2014-12-23,6829.5,7104.43,6829.5,7104.43,0,0
2015-01-07,7074.55,7074.55,7074.55,7074.55,0,0
2015-01-08,7016.77,7016.77,7016.77,7016.77,0,0
2015-01-19,7307.64,7307.64,7307.64,7307.64,0,0
2015-01-27,7301.67,7301.67,7196.08,7196.08,0,0
2015-02-03,7191.1,7191.1,7191.1,7191.1,0,0
2015-02-06,6972.94,7398.29,6972.94,7398.29,0,0
2015-02-09,7420.21,7420.21,7420.21,7420.21,0,0
2015-02-17,7471.01,7471.01,7471.01,7471.01,0,0
2015-02-23,7744.95,7744.95,7744.95,7744.95,0,0
2015-02-25,8111.53,8111.53,8111.53,8111.53,0,0
2015-02-26,8111.53,8111.53,7881.42,7881.42,0,0
2015-02-27,7881.42,7969.08,7881.42,7969.08,0,0
2015-03-02,8219.11,8235.05,8219.11,8235.05,0,0
2015-03-03,8137.43,8137.43,8137.43,8137.43,0,0
2015-03-18,8129.46,8148.38,8129.46,8148.38,0,0
2015-03-19,7480.97,8126.47,7480.97,8126.47,0,0
2015-03-23,8015.9,8015.9,7985.02,7985.02,0,0
2015-03-24,7907.32,7907.32,7907.32,7907.32,0,0
2015-03-26,7576.6,7576.6,7534.76,7534.76,0,0
2015-03-27,7620.43,7816.67,7620.43,7816.67,0,0
2015-03-31,7909.31,7909.31,7687.17,7687.17,0,0
2015-04-02,7685.18,7763.87,7685.18,7763.87,0,0
2015-04-08,7909.31,7916.28,7909.31,7916.28,0,0
2015-04-09,7831.61,7831.61,7831.61,7831.61,0,0
2015-04-10,7732.99,7732.99,7732.99,7732.99,0,0
2015-04-13,7849.54,7859.5,7849.54,7859.5,0,0
2015-04-17,7859.5,7859.5,7720.04,7720.04,0,0
2015-04-20,7616.45,7616.45,7616.45,7616.45,0,0
2015-04-23,7520.82,7520.82,7520.82,7520.82,0,0
2015-04-24,7520.82,7620.43,7520.82,7620.43,0,0
2015-04-28,6878.31,7510.86,6878.31,7451.09,0,0
2015-04-29,7451.09,7451.09,7451.09,7451.09,0,0
2015-05-04,7221.98,7221.98,7221.98,7221.98,0,0
2015-05-05,7192.09,7192.09,7192.09,7192.09,0,0
2015-05-06,7182.13,7213.01,7182.13,7213.01,0,0
2015-05-07,7187.11,7187.11,7187.11,7187.11,0,0
2015-05-08,7212.02,7212.02,7212.02,7212.02,0,0
2015-05-15,7352.47,7352.47,7352.47,7352.47,0,0
2015-06-05,6972.94,7296.69,6972.94,7296.69,0,0
2015-06-10,6972.94,6972.94,6972.94,6972.94,0,0
2015-06-17,7094.47,7097.46,7094.47,7097.46,0,0
2015-06-19,7099.45,7099.45,7001.83,7001.83,0,0
2015-06-22,7049.65,7049.65,7049.65,7049.65,0,0
2015-06-23,6773.72,7214.01,6773.72,7214.01,0,0
2015-06-30,7262.82,7346.49,7233.93,7239.91,0,0
2015-07-13,7471.01,7471.01,7471.01,7471.01,0,0
2015-07-31,7410.25,7410.25,7410.25,7410.25,0,0
2015-08-03,7543.73,7543.73,7543.73,7543.73,0,0
2015-08-04,7585.57,7585.57,7585.57,7585.57,0,0
2015-08-10,7570.62,7570.62,7570.62,7570.62,0,0
2015-08-24,7532.77,7532.77,7532.77,7532.77,0,0
2015-09-01,7779.81,7779.81,7779.81,7779.81,0,0
2015-09-03,7834.6,7834.6,7834.6,7834.6,0,0
2015-09-10,7275.77,7275.77,7275.77,7275.77,0,0
2015-09-11,7363.43,7363.43,7363.43,7363.43,0,0
2015-09-15,7361.44,7361.44,7361.44,7361.44,0,0
2015-09-21,7419.21,7419.21,7419.21,7419.21,0,0
2015-09-29,7720.04,7720.04,7720.04,7720.04,0,0
2015-10-01,7969.08,7969.08,7938.2,7938.2,0,0
2015-10-02,7867.47,7867.47,7867.47,7867.47,0,0
2015-11-12,7371.4,8068.69,7371.4,8068.69,0,0
2015-11-18,8171.29,8171.29,8171.29,8171.29,0,0
2015-11-19,8068.69,8112.52,8068.69,8112.52,0,0
2015-11-24,7938.2,7938.2,7910.31,7910.31,0,0
2015-11-25,7987.01,7987.01,7987.01,7987.01,0,0
2015-12-01,7989,7989,7989,7989,0,0
2015-12-04,8671.35,8671.35,8671.35,8671.35,0,0
2015-12-10,8036.82,8036.82,8036.82,8036.82,0,0
2015-12-11,7869.46,7869.46,7869.46,7869.46,0,0
2015-12-14,7853.53,7853.53,7853.53,7853.53,0,0
2015-12-16,8141.41,8141.41,8141.41,8141.41,0,0
2015-12-18,8289.83,8289.83,8289.83,8289.83,0,0
2015-12-21,8671.35,8671.35,8267.92,8267.92,0,0
2015-12-22,8224.09,8224.09,8224.09,8224.09,0,0
2015-12-28,8671.35,8671.35,8671.35,8671.35,0,0
2015-12-29,8293.82,8300.79,8293.82,8300.79,0,0
2015-12-30,8311.75,8311.75,8311.75,8311.75,0,0
2016-01-20,8134.44,8134.44,8134.44,8134.44,0,0
2016-02-02,8392.44,8392.44,8253.97,8253.97,0,0
2016-02-11,8671.35,8671.35,8671.35,8671.35,0,0
2016-03-02,8267.92,8267.92,8267.92,8267.92,0,0
2016-03-04,8267.92,8267.92,8267.92,8267.92,0,0
2016-03-07,8260.95,8261.94,8260.95,8261.94,0,0
2016-03-15,8168.31,8168.31,8168.31,8168.31,0,0
2016-03-17,8168.31,8169.3,8168.31,8169.3,0,0
2016-03-29,7969.08,7969.08,7969.08,7969.08,0,0
2016-03-30,7979.04,7979.04,7979.04,7979.04,0,0
2016-04-04,7942.18,7942.18,7942.18,7942.18,0,0
2016-04-07,7854.52,7854.52,7854.52,7854.52,0,0
2016-04-11,7954.14,7954.14,7954.14,7954.14,0,0
2016-04-12,7869.46,7869.46,7869.46,7869.46,0,0
2016-04-20,7869.46,7869.46,7865.48,7865.48,0,0
2016-04-21,7826.63,7826.63,7826.63,7826.63,0,0
2016-04-22,7873.45,7873.45,7873.45,7873.45,0,0
2016-04-25,8021.87,8021.87,8021.87,8021.87,0,0
2016-04-26,8064.71,8064.71,8064.71,8064.71,0,0
2016-05-10,8218.11,8218.11,8218.11,8218.11,0,0
2016-05-24,8218.11,8286.85,8218.11,8286.85,0,0
2016-05-31,8458.18,8458.18,8458.18,8458.18,0,0
2016-06-01,8467.15,8467.15,8467.15,8467.15,0,0
2016-06-06,8217.12,8217.12,8217.12,8217.12,0,0
2016-06-10,8646.45,8670.32,8646.45,8670.32,0,0
2016-06-16,8230.31,8230.31,8230.31,8230.31,0,0
2016-06-21,8680.29,8775.08,8680.29,8775.08,0,0
2016-06-30,9030.5,9033.49,9030.5,9033.49,0,0
2016-07-11,9093.35,9093.35,9093.35,9093.35,0,0
2016-07-12,9298.89,9298.89,9298.89,9298.89,0,0
2016-08-01,9867.6,9867.6,9867.6,9867.6,0,0
2016-08-02,9568.28,9568.28,9568.28,9568.28,0,0
2016-08-16,9254.99,9254.99,9254.99,9254.99,0,0
2016-08-29,9623.15,9623.15,9623.15,9623.15,0,0
2016-09-05,10146.96,10146.96,10146.96,10146.96,0,0
2016-09-06,10092.09,10092.09,10077.12,10077.12,0,0
2016-09-15,10127.01,10127.01,9850.64,9850.64,0,0
2016-09-21,9953.4,9953.4,9953.4,9953.4,0,0
2016-09-23,10127.01,10127.01,10127.01,10127.01,0,0
2016-09-26,10531.09,10531.09,10531.09,10531.09,0,0
2016-09-28,10311.59,10311.59,10311.59,10311.59,0,0
2016-10-04,10112.04,10112.04,10112.04,10112.04,0,0
2016-10-12,9596.21,9701.97,9596.21,9701.97,0,0
2016-10-14,9700.98,9700.98,9700.98,9700.98,0,0
2016-10-31,9266.96,9266.96,9266.96,9266.96,0,0
2016-11-07,10466.24,10466.24,9428.59,9428.59,0,0
2016-11-10,9270.95,9270.95,9084.38,9084.38,0,0
2016-11-14,9030.5,9030.5,9030.5,9030.5,0,0
2016-11-18,9396.67,9396.67,9396.67,9396.67,0,0
2016-11-23,9133.26,9470.5,9133.26,9470.5,0,0
2016-11-25,9370.73,9370.73,9370.73,9370.73,0,0
2016-11-29,9683.02,9800.75,9683.02,9694.99,0,0
2016-11-30,9618.16,9618.16,9618.16,9618.16,0,0
2016-12-05,9677.03,9677.03,9677.03,9677.03,0,0
2016-12-09,9392.68,9478.48,9392.68,9478.48,0,0
2016-12-12,9263.97,9263.97,9263.97,9263.97,0,0
2016-12-13,9422.61,9422.61,9422.61,9422.61,0,0
2016-12-16,9510.41,9587.23,9510.41,9587.23,0,0
2016-12-19,9677.03,9677.03,9657.08,9657.08,0,0
2016-12-20,9802.74,9802.74,9802.74,9802.74,0,0
2016-12-21,9743.88,9743.88,9743.88,9743.88,0,0
2016-12-27,9378.71,9378.71,9378.71,9378.71,0,0
2016-12-28,9478.48,9478.48,9299.89,9299.89,0,0
2016-12-29,9596.21,9596.21,9596.21,9596.21,0,0
2016-12-30,9549.32,9637.12,9549.32,9637.12,0,0
2017-01-09,9578.25,9578.25,9578.25,9578.25,0,0
2017-01-26,9256.98,9256.98,9256.98,9256.98,0,0
2017-01-30,9478.48,9478.48,9386.69,9386.69,0,0
2017-01-31,9450.54,9453.54,9450.54,9453.54,0,0
2017-02-01,9378.71,9378.71,9378.71,9378.71,0,0
2017-02-07,9578.25,9578.25,9578.25,9578.25,0,0
2017-02-09,9690,9690,9690,9690,0,0
2017-02-13,9692.99,9774.81,9692.99,9774.81,0,0
2017-02-15,9692.99,9845.65,9692.99,9845.65,0,0
2017-02-20,9885.56,9885.56,9885.56,9885.56,0,0
2017-02-23,9987.33,9987.33,9987.33,9987.33,0,0
2017-02-28,9933.45,9933.45,9933.45,9933.45,0,0
2017-03-01,9938.44,9938.44,9938.44,9938.44,0,0
2017-03-10,9835.67,9835.67,9835.67,9835.67,0,0
2017-03-23,9860.61,9860.61,9860.61,9860.61,0,0
2017-03-24,9837.67,9837.67,9837.67,9837.67,0,0
2017-04-03,9837.67,9837.67,9835.67,9835.67,0,0
2017-04-04,10037.21,10037.21,10037.21,10037.21,0,0
2017-04-05,10136.99,10136.99,10136.99,10136.99,0,0
2017-04-13,10376.44,10376.44,10376.44,10376.44,0,0
2017-04-18,10376.44,10376.44,10376.44,10376.44,0,0
2017-04-19,10466.24,10466.24,10466.24,10466.24,0,0
2017-04-25,10181.88,10361.48,10181.88,10361.48,0,0
2017-05-04,10710.68,10710.68,10710.68,10710.68,0,0
2017-05-09,11014.99,11014.99,11014.99,11014.99,0,0
2017-05-10,10980.07,10980.07,10970.09,10970.09,0,0
2017-05-11,10875.31,10875.31,10875.31,10875.31,0,0
2017-05-15,10615.9,10615.9,10615.9,10615.9,0,0
2017-05-19,10451.27,10451.27,10451.27,10451.27,0,0
2017-05-26,10650.82,10650.82,10650.82,10650.82,0,0
2017-06-01,11473.95,11473.95,10815.45,10815.45,0,0
2017-06-07,10910.23,12274.01,10910.23,12274.01,0,0
2017-06-12,12262.78,12262.78,12262.78,12262.78,0,0
2017-06-14,12391.87,12391.87,12161.76,12161.76,0,0
2017-06-21,12335.74,12335.74,12335.74,12335.74,0,0
2017-06-26,12391.87,12391.87,12391.87,12391.87,0,0
2017-06-27,12307.68,12307.68,12307.68,12307.68,0,0
2017-06-28,12358.19,12386.25,12358.19,12386.25,0,0
2017-06-29,12307.68,12307.68,12302.07,12302.07,0,0
2017-07-03,12049.52,12049.52,12049.52,12049.52,0,0
2017-07-05,12100.03,12100.03,12100.03,12100.03,0,0
2017-07-10,11948.5,11948.5,11948.5,11948.5,0,0
2017-07-12,11841.86,11841.86,11841.86,11841.86,0,0
2017-07-14,11954.11,11954.11,11931.66,11931.66,0,0
2017-07-18,11926.05,11926.05,11926.05,11926.05,0,0
2017-08-01,11970.95,12010.23,11970.95,12010.23,0,0
2017-08-04,11999.01,11999.01,11999.01,11999.01,0,0
2017-08-07,11976.56,11976.56,11976.56,11976.56,0,0
2017-08-08,12066.36,12066.36,12066.36,12066.36,0,0
2017-08-10,12066.36,12066.36,12066.36,12066.36,0,0
2017-08-11,11999.01,11999.01,11999.01,11999.01,0,0
2017-08-14,12346.97,12346.97,12346.97,12346.97,0,0
2017-08-18,12055.13,12055.13,12055.13,12055.13,0,0
2017-08-22,11926.05,11926.05,11926.05,11926.05,0,0
2017-08-25,11909.21,11909.21,11909.21,11909.21,0,0
2017-08-28,11224.52,11841.86,11224.52,11841.86,0,0
2017-09-06,10663.29,11684.72,9596.96,11684.72,0,0
2017-09-14,11785.74,11785.74,11785.74,11785.74,0,0
2017-09-15,12346.97,12346.97,12217.89,12217.89,0,0
2017-09-18,12346.97,12346.97,12346.97,12346.97,0,0
2017-09-21,12908.19,12908.19,12908.19,12908.19,0,0
2017-09-22,12122.48,12156.15,12021.46,12021.46,0,0
2017-10-06,11785.74,11785.74,11785.74,11785.74,0,0
2017-10-09,11970.95,11970.95,11970.95,11970.95,0,0
2017-10-13,12010.23,12010.23,12010.23,12010.23,0,0
2017-10-18,12296.46,12296.46,12296.46,12296.46,0,0
2017-10-19,12021.46,12021.46,12021.46,12021.46,0,0
2017-10-23,11634.21,11634.21,11634.21,11634.21,0,0
2017-10-30,11628.6,11673.5,11572.48,11673.5,0,0
2017-11-02,11589.31,11589.31,11550.03,11550.03,0,0
2017-11-03,11780.13,11780.13,11780.13,11780.13,0,0
2017-11-09,11667.88,11780.13,11667.88,11667.88,0,0
2017-11-10,11600.54,11600.54,11600.54,11600.54,0,0
2017-11-13,11914.82,11914.82,11914.82,11914.82,0,0
2017-11-15,11544.42,11544.42,11510.74,11510.74,0,0
2017-11-16,11550.03,11550.03,11550.03,11550.03,0,0
2017-11-20,10800.23,11550.03,10800.23,11420.95,0,0
2017-11-23,11280.64,11280.64,11280.64,11280.64,0,0
2017-11-24,11258.19,11258.19,11258.19,11258.19,0,0
2017-12-04,11892.38,11892.38,11892.38,11892.38,0,0
2017-12-11,11892.38,11892.38,11841.86,11841.86,0,0
2017-12-13,11583.7,11701.56,11583.7,11701.56,0,0
2017-12-15,11477.07,11477.07,11477.07,11477.07,0,0
2017-12-18,11897.99,13491.87,11477.07,13491.87,0,0
2017-12-20,13469.42,13503.09,13469.42,13503.09,0,0
2017-12-21,13390.85,13396.46,13390.85,13396.46,0,0
2017-12-27,13469.42,13469.42,13469.42,13469.42,0,0
2017-12-29,13576.05,13727.58,13576.05,13693.91,0,0
2018-01-09,13222.48,13222.48,13222.48,13222.48,0,0
2018-01-10,13750.03,13783.71,13750.03,13783.71,0,0
2018-01-12,13963.3,13963.3,13963.3,13963.3,0,0
2018-01-15,13705.13,13705.13,13211.26,13211.26,0,0
2018-01-18,13200.03,13200.03,13200.03,13200.03,0,0
2018-01-29,13244.93,13244.93,13244.93,13244.93,0,0
2018-01-30,13244.93,13244.93,13244.93,13244.93,0,0
2018-01-31,13200.03,13200.03,13200.03,13200.03,0,0
2018-02-01,13222.48,13222.48,13222.48,13222.48,0,0
2018-02-05,13132.68,13132.68,13132.68,13132.68,0,0
2018-02-06,13110.24,13110.24,13110.24,13110.24,0,0
2018-02-07,13110.24,13110.24,13110.24,13110.24,0,0
2018-02-13,13132.68,13132.68,13132.68,13132.68,0,0
2018-02-19,13132.68,13166.36,13132.68,13166.36,0,0
2018-02-20,13166.36,13166.36,13166.36,13166.36,0,0
2018-02-28,13390.85,13503.09,13166.36,13503.09,0,0
2018-03-05,13716.36,13716.36,13345.95,13345.95,0,0
2018-03-06,13334.73,13345.95,13334.73,13334.73,0,0
2018-03-07,13379.62,13379.62,13334.73,13379.62,0,0
2018-03-08,13693.91,13693.91,13379.62,13435.75,0,0
2018-03-13,13581.66,13581.66,13581.66,13581.66,0,0
2018-03-14,13727.58,13727.58,13727.58,13727.58,0,0
2018-03-21,13727.58,13727.58,13727.58,13727.58,0,0
2018-03-23,13727.58,13727.58,13469.42,13469.42,0,0
2018-03-26,13649.01,13649.01,13649.01,13649.01,0,0
