Date,Open,High,Low,Close,Volume,OpenInt
2011-06-30,371.4,372,352.8,372,0,0
2011-07-01,371.7,371.7,371.4,371.4,0,0
2011-07-04,371.4,371.4,355.8,360,0,0
2011-07-05,348,359.7,345,345.9,0,0
2011-07-06,344.4,344.4,318,325.2,0,0
2011-07-07,324,334.5,311.4,334.5,0,0
2011-07-08,334.5,342.6,334.5,342.6,0,0
2011-07-11,342.9,342.9,342.9,342.9,0,0
2011-07-12,336,336,325.8,330,0,0
2011-07-13,339.9,339.9,336,336,0,0
2011-07-14,339.9,339.9,336,336,0,0
2011-07-15,336,336,328.5,328.5,0,0
2011-07-18,330,330,324,327.6,0,0
2011-07-19,322.8,335.1,322.8,335.1,0,0
2011-07-20,330,330,326.1,329.7,0,0
2011-07-21,324,329.7,320.7,326.7,0,0
2011-07-22,330,330,323.7,330,0,0
2011-07-25,331.8,354,331.8,353.4,0,0
2011-07-26,353.1,353.1,345,345,0,0
2011-07-27,345,354,345,345,0,0
2011-07-28,348,348,342,348,0,0
2011-07-29,350.4,350.4,350.4,350.4,0,0
2011-08-01,350.4,350.4,340.2,349.2,0,0
2011-08-02,342,342,336,342,0,0
2011-08-03,342,342,314.4,326.4,0,0
2011-08-04,326.7,342,311.4,311.4,0,0
2011-08-05,280.26,311.4,276,303,0,0
2011-08-08,289.2,303.6,289.2,290.4,0,0
2011-08-09,302.7,302.7,272.46,274.2,0,0
2011-08-10,274.2,274.2,274.2,274.2,0,0
2011-08-11,261,270,256.2,258,0,0
2011-08-12,270,270,258,264,0,0
2011-08-16,264,283.2,264,283.2,0,0
2011-08-17,299.4,299.4,276,285,0,0
2011-08-18,287.34,287.34,273,274.2,0,0
2011-08-19,270,274.2,270,270,0,0
2011-08-22,269.94,291,269.94,291,0,0
2011-08-23,291,295.8,291,295.2,0,0
2011-08-24,288,306.6,288,297.6,0,0
2011-08-25,294,311.4,294,311.4,0,0
2011-08-26,313.5,349.8,311.4,342,0,0
2011-08-29,349.5,370.8,349.5,360,0,0
2011-08-30,369.6,369.6,336.6,368.7,0,0
2011-08-31,368.1,369,357,369,0,0
2011-09-01,368.7,369,336,357,0,0
2011-09-02,342,354.6,342,350.7,0,0
2011-09-05,341.7,350.7,341.7,347.4,0,0
2011-09-06,350.1,350.1,337.8,347.4,0,0
2011-09-07,348,358.8,347.4,358.8,0,0
2011-09-08,362.1,363,354,363,0,0
2011-09-09,363,363,345,345,0,0
2011-09-12,345.3,345.3,337.8,345,0,0
2011-09-13,345,358.8,345,358.8,0,0
2011-09-14,358.8,366.6,358.8,360,0,0
2011-09-15,364.2,370.2,351,365.4,0,0
2011-09-16,365.1,372,354,360,0,0
2011-09-19,360,366,360,366,0,0
2011-09-20,366,366,366,366,0,0
2011-09-21,365.7,365.7,352.2,363,0,0
2011-09-22,363,363,352.2,363,0,0
2011-09-23,360,363,345,360,0,0
2011-09-26,360,360,348,358.8,0,0
2011-09-27,359.1,359.1,354,357,0,0
2011-09-28,357,357,336,353.4,0,0
2011-09-29,359.4,359.4,353.4,359.4,0,0
2011-09-30,357.3,359.4,346.2,359.4,0,0
2011-10-03,357,357,354,354,0,0
2011-10-04,357,357,336.6,343.8,0,0
2011-10-05,344.1,355.8,344.1,355.8,0,0
2011-10-06,357,357,348,352.5,0,0
2011-10-07,352.2,352.2,351.6,351.6,0,0
2011-10-10,351,351,345,348,0,0
2011-10-11,354.9,354.9,354,354,0,0
2011-10-12,355.8,355.8,351,351,0,0
2011-10-13,354,354,351,351,0,0
2011-10-14,350.7,355.8,340.2,355.8,0,0
2011-10-17,355.8,362.4,354,357,0,0
2011-10-18,360,360,357.6,357.6,0,0
2011-10-19,360,360,360,360,0,0
2011-10-20,360,360,360,360,0,0
2011-10-21,360,360,360,360,0,0
2011-10-24,354,366,337.5,359.7,0,0
2011-10-25,359.4,359.7,354,359.7,0,0
2011-10-26,366,366,354,354,0,0
2011-10-27,354,365.4,354,365.4,0,0
2011-10-28,364.2,372,360,360,0,0
2011-10-31,360,371.4,354,371.4,0,0
2011-11-02,360,366,360,366,0,0
2011-11-03,366,366,366,366,0,0
2011-11-04,366,366,366,366,0,0
2011-11-07,366,366,366,366,0,0
2011-11-08,366,366,366,366,0,0
2011-11-09,371.1,371.1,371.1,371.1,0,0
2011-11-10,369,369,369,369,0,0
2011-11-14,370.5,370.5,355.5,370.5,0,0
2011-11-15,370.5,370.5,370.5,370.5,0,0
2011-11-16,366,366,366,366,0,0
2011-11-17,364.8,366,364.8,364.8,0,0
2011-11-18,364.8,364.8,353.4,360,0,0
2011-11-21,364.8,364.8,353.4,360,0,0
2011-11-22,355.8,359.4,355.8,359.4,0,0
2011-11-23,360,360,345.9,354,0,0
2011-11-24,360,366,360,360,0,0
2011-11-25,360,360,354,360,0,0
2011-11-28,366,366,366,366,0,0
2011-11-29,366,366,366,366,0,0
2011-11-30,354.3,372,354,371.7,0,0
2011-12-01,371.7,371.7,360,371.7,0,0
2011-12-02,372,372,360.6,364.2,0,0
2011-12-05,371.7,371.7,360,369,0,0
2011-12-06,372,372,372,372,0,0
2011-12-07,366,372,359.7,366,0,0
2011-12-08,366,372,366,372,0,0
2011-12-09,372,372,372,372,0,0
2011-12-12,372,372,372,372,0,0
2011-12-13,372,372,372,372,0,0
2011-12-14,378,389.7,375.6,383.4,0,0
2011-12-15,384,395.7,383.4,390,0,0
2011-12-16,390,390,385.2,386.4,0,0
2011-12-19,387,390,374.7,389.4,0,0
2011-12-20,389.4,398.7,389.4,398.4,0,0
2011-12-21,398.7,409.8,398.7,408,0,0
2011-12-22,409.5,426,408,425.4,0,0
2011-12-23,425.4,426,425.4,426,0,0
2011-12-27,426,442.2,426,439.8,0,0
2011-12-28,444,444,438.6,438.6,0,0
2011-12-29,438.6,438.6,414.3,414.3,0,0
2011-12-30,417.3,432,402,402,0,0
2012-01-02,414,423,408,420,0,0
2012-01-03,426,444,426,444,0,0
2012-01-04,444,456,436.8,444,0,0
2012-01-05,438,450,438,444,0,0
2012-01-09,450,456,450,456,0,0
2012-01-10,456,479.4,453,479.4,0,0
2012-01-11,479.4,479.4,466.5,466.8,0,0
2012-01-12,465.6,483.6,465.6,483.6,0,0
2012-01-13,486,493.8,482.4,486,0,0
2012-01-16,484.2,505.5,484.2,499.2,0,0
2012-01-17,504,528,504,522,0,0
2012-01-18,528,528,495,517.5,0,0
2012-01-19,518.7,518.7,498.3,516,0,0
2012-01-20,522.3,522.3,510,519,0,0
2012-01-23,519,528,519,519,0,0
2012-01-24,525,528,510,528,0,0
2012-01-25,528,540,512.1,540,0,0
2012-01-26,546,551.1,545.4,545.4,0,0
2012-01-27,546,571.8,540,568.8,0,0
2012-01-30,565.2,570,555.6,570,0,0
2012-01-31,564,571.2,564,567,0,0
2012-02-01,571.2,571.2,568.8,569.7,0,0
2012-02-02,570,570,556.2,564,0,0
2012-02-03,565.2,565.2,558,558,0,0
2012-02-06,558,558,528,533.4,0,0
2012-02-07,539.4,558,534,558,0,0
2012-02-08,568.8,568.8,552.6,562.2,0,0
2012-02-09,568.8,568.8,540,546,0,0
2012-02-10,546,549,540,549,0,0
2012-02-13,549,549,540.6,545.4,0,0
2012-02-14,545.4,546,540,545.1,0,0
2012-02-15,545.1,553.8,539.7,553.8,0,0
2012-02-16,555,558,553.5,558,0,0
2012-02-17,561,571.8,560.4,570,0,0
2012-02-20,571.8,571.8,570,571.8,0,0
2012-02-21,571.8,571.8,561.3,571.8,0,0
2012-02-22,571.8,571.8,543.6,568.8,0,0
2012-02-23,574.8,574.8,561,572.7,0,0
2012-02-24,574.5,574.5,558,562.8,0,0
2012-02-27,562.8,562.8,562.8,562.8,0,0
2012-02-28,562.8,562.8,549,561,0,0
2012-02-29,561,590.4,561,588,0,0
2012-03-01,588,600,585,600,0,0
2012-03-02,617.4,639,617.4,627.6,0,0
2012-03-05,636,636,618,633,0,0
2012-03-06,633,633,600,600,0,0
2012-03-07,606.6,618.6,606.6,618,0,0
2012-03-08,618,633,600,612.6,0,0
2012-03-09,616.8,627,600.6,617.4,0,0
2012-03-12,623.4,633,604.8,630,0,0
2012-03-13,630,690,630,654,0,0
2012-03-14,713.4,713.4,666,678,0,0
2012-03-15,703.8,703.8,678,678.6,0,0
2012-03-16,699,699,660,678,0,0
2012-03-19,672,678,661.8,675.6,0,0
2012-03-20,681,720,675,708,0,0
2012-03-21,708,774,708,750,0,0
2012-03-22,756,762,738,749.4,0,0
2012-03-23,772.8,780,756,780,0,0
2012-03-26,795,795,744.6,750.6,0,0
2012-03-27,750,761.4,711.6,720,0,0
2012-03-28,732,732,648,671.4,0,0
2012-03-29,672,680.4,664.2,678,0,0
2012-03-30,690,699.6,678,690,0,0
2012-04-02,702,702,654,701.4,0,0
2012-04-03,684,701.4,669.6,682.2,0,0
2012-04-04,654,680.4,646.8,677.4,0,0
2012-04-05,681.6,681.6,667.8,673.8,0,0
2012-04-10,675,676.8,651,669,0,0
2012-04-11,671.4,671.4,628.8,628.8,0,0
2012-04-12,606,617.4,591.6,617.4,0,0
2012-04-13,597.6,612,591.6,601.2,0,0
2012-04-16,573,617.4,573,616.8,0,0
2012-04-17,617.4,617.4,595.5,611.4,0,0
2012-04-18,611.4,611.4,564.6,572.1,0,0
2012-04-19,586.2,594,570.3,594,0,0
2012-04-20,594,594,568.5,587.4,0,0
2012-04-23,592.8,592.8,549,574.5,0,0
2012-04-24,574.5,574.5,552,571.8,0,0
2012-04-25,571.8,571.8,570,570,0,0
2012-04-26,570,570,549,563.4,0,0
2012-04-27,560.7,594,547.8,594,0,0
2012-04-30,612.6,627,594,627,0,0
2012-05-02,630,635.4,621,621,0,0
2012-05-04,618,642,618,618.6,0,0
2012-05-07,618.6,618.6,606.6,612,0,0
2012-05-08,612,612,587.4,587.4,0,0
2012-05-09,611.4,611.4,588.3,599.4,0,0
2012-05-10,595.5,599.4,588,599.4,0,0
2012-05-11,642,642,594,594,0,0
2012-05-14,600,600,561,594,0,0
2012-05-15,593.4,593.4,576,585,0,0
2012-05-16,588.6,588.6,543.3,579.6,0,0
2012-05-17,579,579,560.1,570,0,0
2012-05-18,553.8,570,546,558.6,0,0
2012-05-21,555,555,540,540,0,0
2012-05-22,552,552,534,546,0,0
2012-05-23,534,546,462.3,486,0,0
2012-05-24,510,510,486,486.9,0,0
2012-05-25,502.2,546,502.2,546,0,0
2012-05-28,546,546,528,534,0,0
2012-05-29,534,540,534,540,0,0
2012-05-30,545.4,545.4,534,539.4,0,0
2012-05-31,546,546,546,546,0,0
2012-06-01,542.7,542.7,528,533.7,0,0
2012-06-04,533.7,533.7,528,533.7,0,0
2012-06-05,533.7,538.8,522,538.8,0,0
2012-06-06,538.8,538.8,522,537.6,0,0
2012-06-08,534,534,534,534,0,0
2012-06-11,537,540,534,540,0,0
2012-06-12,542.4,542.4,542.4,542.4,0,0
2012-06-13,555,555,542.4,554.1,0,0
2012-06-14,555.9,555.9,541.2,555,0,0
2012-06-15,562.5,562.5,534.3,561.3,0,0
2012-06-18,561.3,561.3,558,558,0,0
2012-06-19,561.3,567,559.8,567,0,0
2012-06-20,570,570,567,568.5,0,0
2012-06-21,567,567,553.5,567,0,0
2012-06-22,567,567,551.1,552,0,0
2012-06-25,551.1,552,550.8,552,0,0
2012-06-26,546.9,546.9,546.3,546.3,0,0
2012-06-27,546,546,534,534,0,0
2012-06-28,546,546,546,546,0,0
2012-06-29,543,543,540,540,0,0
2012-07-02,546,546,546,546,0,0
2012-07-03,546,546,531,546,0,0
2012-07-04,546,546,528.6,529.2,0,0
2012-07-05,531,531,529.2,529.2,0,0
2012-07-06,529.2,529.2,525.9,525.9,0,0
2012-07-09,540,540,539.7,539.7,0,0
2012-07-10,540,540,522,539.1,0,0
2012-07-11,540,540,534,534,0,0
2012-07-12,540,540,516.3,534,0,0
2012-07-13,534,536.7,519.3,533.4,0,0
2012-07-16,533.4,533.4,522,533.4,0,0
2012-07-17,533.4,533.4,522.9,532.5,0,0
2012-07-18,532.8,558,525.3,558,0,0
2012-07-19,564,564,552,552,0,0
2012-07-20,552,552,528.9,552,0,0
2012-07-23,552,552,540,540,0,0
2012-07-24,534,540,522,540,0,0
2012-07-25,540,540,528,539.7,0,0
2012-07-26,540,540,528,540,0,0
2012-07-27,540,540,522.6,537,0,0
2012-07-30,540,540,540,540,0,0
2012-07-31,539.7,539.7,539.7,539.7,0,0
2012-08-01,539.7,539.7,539.7,539.7,0,0
2012-08-02,534,534,522,534,0,0
2012-08-03,534,534,534,534,0,0
2012-08-06,539.7,539.7,539.7,539.7,0,0
2012-08-07,539.7,539.7,539.7,539.7,0,0
2012-08-08,539.7,539.7,539.7,539.7,0,0
2012-08-09,539.7,539.7,534,534,0,0
2012-08-10,534,539.7,534,534,0,0
2012-08-13,539.7,539.7,534,534,0,0
2012-08-14,539.7,539.7,528,528,0,0
2012-08-16,528.3,542.7,528.3,542.4,0,0
2012-08-17,546,564,542.4,558,0,0
2012-08-20,558,564,558,562.8,0,0
2012-08-21,570,570,562.8,567,0,0
2012-08-22,567,567,552.9,564,0,0
2012-08-23,570,570,555,564,0,0
2012-08-24,564,568.5,555.3,568.5,0,0
2012-08-27,568.8,568.8,552.3,564,0,0
2012-08-28,568.5,568.5,552,566.7,0,0
2012-08-29,566.7,566.7,555,555,0,0
2012-08-30,564,564,564,564,0,0
2012-08-31,564,564,552,555,0,0
2012-09-03,557.4,557.4,557.4,557.4,0,0
2012-09-04,552,557.4,548.1,552,0,0
2012-09-05,554.4,554.4,535.8,547.8,0,0
2012-09-06,558,558,547.8,558,0,0
2012-09-07,552,558,552,558,0,0
2012-09-10,556.5,558,546,552,0,0
2012-09-11,558,558,540,555,0,0
2012-09-12,555,559.2,555,559.2,0,0
2012-09-13,558,582,558,582,0,0
2012-09-14,582,591,582,582,0,0
2012-09-17,591,612,582,612,0,0
2012-09-18,618,648,612,642,0,0
2012-09-19,647.4,647.4,600,629.4,0,0
2012-09-20,600,607.2,597.6,607.2,0,0
2012-09-21,607.2,607.2,589.8,606,0,0
2012-09-24,606,606,606,606,0,0
2012-09-25,606,615,597,606,0,0
2012-09-26,606.6,606.6,594.6,595.5,0,0
2012-09-27,600,602.4,592.8,592.8,0,0
2012-09-28,602.4,602.4,592.8,602.4,0,0
2012-10-01,606,606,606,606,0,0
2012-10-02,606.6,606.6,603.6,603.6,0,0
2012-10-03,607.2,607.2,603.6,607.2,0,0
2012-10-04,605.4,607.2,605.4,605.4,0,0
2012-10-05,603,605.4,603,605.4,0,0
2012-10-08,605.4,605.4,600,604.2,0,0
2012-10-09,604.2,604.2,600,600,0,0
2012-10-10,600,600,587.1,600,0,0
2012-10-11,600,600,588,598.8,0,0
2012-10-12,600,600,588,588,0,0
2012-10-15,600,600,600,600,0,0
2012-10-16,600,600,588.6,600,0,0
2012-10-17,594,600,594,600,0,0
2012-10-18,599.4,600,588,598.8,0,0
2012-10-19,599.4,599.4,599.4,599.4,0,0
2012-10-22,570.9,599.4,570,581.1,0,0
2012-10-23,581.1,581.1,581.1,581.1,0,0
2012-10-24,581.1,581.1,570,576,0,0
2012-10-25,576,579,576,579,0,0
2012-10-26,578.4,578.4,578.4,578.4,0,0
2012-10-29,573,578.4,573,578.4,0,0
2012-10-30,580.8,580.8,580.8,580.8,0,0
2012-10-31,580.2,580.2,564,576,0,0
2012-11-02,576,576,576,576,0,0
2012-11-05,576,576,576,576,0,0
2012-11-06,576,576,576,576,0,0
2012-11-07,574.5,574.5,574.5,574.5,0,0
2012-11-08,574.5,574.5,574.5,574.5,0,0
2012-11-09,576,576,558.9,572.7,0,0
2012-11-12,574.8,574.8,574.2,574.5,0,0
2012-11-13,569.4,573,569.1,572.4,0,0
2012-11-14,572.4,572.4,564,564,0,0
2012-11-15,572.4,572.4,517.8,522,0,0
2012-11-16,522,522,465,465,0,0
2012-11-19,464.4,468,456,468,0,0
2012-11-20,467.7,468,467.7,468,0,0
2012-11-21,464.4,468,464.4,468,0,0
2012-11-22,468,468,468,468,0,0
2012-11-23,479.4,479.4,468,468,0,0
2012-11-26,474,474,468,474,0,0
2012-11-27,486,510,486,505.5,0,0
2012-11-28,505.5,528.3,505.5,506.1,0,0
2012-11-29,510,517.2,506.1,510,0,0
2012-11-30,510,515.7,498.9,498.9,0,0
2012-12-03,515.7,516,510,510,0,0
2012-12-04,516,516,516,516,0,0
2012-12-05,519,528.6,519,528.6,0,0
2012-12-06,546,566.4,528.6,564,0,0
2012-12-07,569.7,570,563.1,563.1,0,0
2012-12-10,564,564,540,540,0,0
2012-12-11,549,549,549,549,0,0
2012-12-12,558,558,558,558,0,0
2012-12-13,558,558,549,549,0,0
2012-12-14,549,549,549,549,0,0
2012-12-17,546,546,546,546,0,0
2012-12-18,546,549,546,546,0,0
2012-12-19,546,546,534,546,0,0
2012-12-20,546,546,520.2,537,0,0
2012-12-21,540,540,537,537,0,0
2012-12-27,537,537,534,534,0,0
2012-12-28,520.2,534,520.2,534,0,0
2013-01-02,540,540,534,540,0,0
2013-01-03,540,540,540,540,0,0
2013-01-04,540,540,522,528,0,0
2013-01-07,531,531,523.2,523.2,0,0
2013-01-08,520.8,520.8,516,516,0,0
2013-01-09,516,516,516,516,0,0
2013-01-10,522,528.6,522,528,0,0
2013-01-11,531,531,513,528,0,0
2013-01-14,528,528,513.6,528,0,0
2013-01-15,528,528,513.9,527.7,0,0
2013-01-17,527.4,527.4,514.5,526.8,0,0
2013-01-18,527.4,540,526.8,540,0,0
2013-01-21,541.2,552,540,552,0,0
2013-01-22,543,564.6,543,564.6,0,0
2013-01-23,574.2,588,574.2,577.2,0,0
2013-01-24,577.2,615.6,572.4,615.6,0,0
2013-01-25,622.8,642,600,618,0,0
2013-01-28,627,639,612,618,0,0
2013-01-29,592.8,618,589.2,618,0,0
2013-01-30,588,588,588,588,0,0
2013-01-31,591,591,591,591,0,0
2013-02-01,591,600,591,600,0,0
2013-02-04,599.7,599.7,594,594,0,0
2013-02-05,603,603,600,600,0,0
2013-02-06,600,607.2,582,587.1,0,0
2013-02-07,585,600,576.6,600,0,0
2013-02-08,600,600,600,600,0,0
2013-02-11,600,600,579.6,593.4,0,0
2013-02-12,593.4,593.4,579.3,582,0,0
2013-02-13,588,594,582,594,0,0
2013-02-14,594,599.4,579,579,0,0
2013-02-15,579,579.6,579,579.6,0,0
2013-02-18,579.6,579.6,576,576,0,0
2013-02-19,579,579,558,564,0,0
2013-02-20,570,570,558,558,0,0
2013-02-21,558,558,558,558,0,0
2013-02-22,567,567,552,564,0,0
2013-02-25,564,564,564,564,0,0
2013-02-26,564,564,564,564,0,0
2013-02-27,570,579,570,579,0,0
2013-02-28,576,582,576,582,0,0
2013-03-01,582,582,582,582,0,0
2013-03-04,584.7,584.7,581.4,581.4,0,0
2013-03-05,585,585,585,585,0,0
2013-03-06,585,585,570.3,570.6,0,0
2013-03-07,570.3,585,570.3,585,0,0
2013-03-08,585,585,585,585,0,0
2013-03-11,595.2,630,594.6,600,0,0
2013-03-12,612,621,600,612,0,0
2013-03-13,623.4,623.4,606,606,0,0
2013-03-14,612,612,600,600,0,0
2013-03-15,600,612,593.1,603,0,0
2013-03-18,603,603,591.9,593.4,0,0
2013-03-19,598.8,598.8,594,598.8,0,0
2013-03-20,598.8,598.8,582,582.6,0,0
2013-03-21,582.9,582.9,582,582,0,0
2013-03-22,593.7,593.7,582,582,0,0
2013-03-25,572.1,582,571.5,571.5,0,0
2013-03-26,582,582,582,582,0,0
2013-03-27,581.4,582,570.3,582,0,0
2013-03-28,570.3,570.3,570.3,570.3,0,0
2013-04-02,583.5,583.5,570.3,583.5,0,0
2013-04-03,583.5,583.5,576,579,0,0
2013-04-04,583.2,583.2,572.1,572.1,0,0
2013-04-05,582.6,582.6,555,561,0,0
2013-04-08,570,570,570,570,0,0
2013-04-09,569.1,569.1,569.1,569.1,0,0
2013-04-10,569.1,569.7,552.6,569.7,0,0
2013-04-11,570,570,570,570,0,0
2013-04-12,570,570,570,570,0,0
2013-04-15,540,550.2,540,550.2,0,0
2013-04-17,550.2,550.2,540,540,0,0
2013-04-18,540,540,510,510,0,0
2013-04-19,513,513,468,480,0,0
2013-04-22,482.94,482.94,482.94,482.94,0,0
2013-04-23,484.56,492,484.56,492,0,0
2013-04-24,492,498,492,498,0,0
2013-04-25,498.06,498.06,493.5,493.5,0,0
2013-04-26,493.56,513,493.56,513,0,0
2013-04-29,510,510,510,510,0,0
2013-04-30,513,524.94,510,510,0,0
2013-05-02,528,528,528,528,0,0
2013-05-06,528,528,528,528,0,0
2013-05-07,528,558,528,558,0,0
2013-05-08,558,558,546,552,0,0
2013-05-09,552,552,528,528,0,0
2013-05-10,528,528,528,528,0,0
2013-05-13,528,528,528,528,0,0
2013-05-14,528,534,516,516,0,0
2013-05-16,521.94,521.94,516,516,0,0
2013-05-17,516,516,513,513,0,0
2013-05-20,513,513,513,513,0,0
2013-05-21,513,513,513,513,0,0
2013-05-23,513,521.4,513,521.4,0,0
2013-05-24,519,522,519,519,0,0
2013-05-27,516,516,507.3,509.4,0,0
2013-05-28,509.4,515.4,509.4,515.4,0,0
2013-05-29,522,522,509.4,509.4,0,0
2013-05-31,510,510,510,510,0,0
2013-06-03,510.9,519.6,510.9,519.6,0,0
2013-06-04,519.06,519.6,519.06,519.06,0,0
2013-06-05,522,522,519.06,522,0,0
2013-06-06,510,511.5,510,511.5,0,0
2013-06-07,521.7,521.7,512.1,521.7,0,0
2013-06-10,522,522,516.3,516.3,0,0
2013-06-11,516.3,527.7,510,510,0,0
2013-06-12,510,522,504,522,0,0
2013-06-13,508.2,510,508.2,510,0,0
2013-06-14,516,516,510,510,0,0
2013-06-17,516,516,510,516,0,0
2013-06-18,522,522,510,510,0,0
2013-06-19,516,516,516,516,0,0
2013-06-20,516,516,480.6,480.6,0,0
2013-06-21,480.9,480.9,480.6,480.6,0,0
2013-06-24,480,480,459.6,459.6,0,0
2013-06-25,459.6,474,459.6,474,0,0
2013-06-26,474,474,450.6,457.5,0,0
2013-06-27,462,462,444,457.5,0,0
2013-06-28,457.2,457.2,453,457.2,0,0
2013-07-01,456,456,455.94,456,0,0
2013-07-02,456,456,456,456,0,0
2013-07-03,456,456,441.6,456,0,0
2013-07-04,456,456,456,456,0,0
2013-07-05,457.2,457.5,442.5,457.5,0,0
2013-07-08,457.5,457.5,457.5,457.5,0,0
2013-07-09,456,456,456,456,0,0
2013-07-10,456,456,453,456,0,0
2013-07-11,453,453,435,437.7,0,0
2013-07-12,438,438,438,438,0,0
2013-07-15,426.18,441,426.18,441,0,0
2013-07-16,441,444.06,432,441,0,0
2013-07-17,441,441,430.92,430.92,0,0
2013-07-18,435,435,432,432,0,0
2013-07-19,432,434.58,426,426,0,0
2013-07-22,426,426,426,426,0,0
2013-07-23,426,426,407.1,407.1,0,0
2013-07-24,419.7,428.34,419.7,428.34,0,0
2013-07-25,428.4,471,428.4,450,0,0
2013-07-26,461.4,471,461.4,467.4,0,0
2013-07-29,456,456,453,456,0,0
2013-07-30,450.06,462,450.06,462,0,0
2013-07-31,462,462,459,459,0,0
2013-08-01,459,459.6,459,459.6,0,0
2013-08-02,459.6,468,459.6,468,0,0
2013-08-05,468,468,464.4,464.4,0,0
2013-08-06,467.4,470.1,467.4,470.1,0,0
2013-08-07,469.98,469.98,469.98,469.98,0,0
2013-08-08,469.98,469.98,456,467.4,0,0
2013-08-12,474,474,468,468,0,0
2013-08-13,468,486,468,480,0,0
2013-08-14,480,510,480,510,0,0
2013-08-16,519,519,510,519,0,0
2013-08-19,522,522,504,510,0,0
2013-08-20,522,522,504,510,0,0
2013-08-21,511.2,519.6,511.2,516,0,0
2013-08-22,516,516,516,516,0,0
2013-08-23,522,522,513,520.02,0,0
2013-08-26,531.3,531.3,522,522,0,0
2013-08-27,523.2,523.2,510,510,0,0
2013-08-28,510,510,510,510,0,0
2013-08-29,519,519,512.28,512.28,0,0
2013-08-30,513,513,504,504,0,0
2013-09-02,509.7,509.7,492,493.8,0,0
2013-09-03,494.1,508.8,494.1,508.8,0,0
2013-09-04,504,504,482.22,482.22,0,0
2013-09-05,482.28,482.28,469.2,469.2,0,0
2013-09-06,468,486.06,468,486,0,0
2013-09-09,486,486,486,486,0,0
2013-09-10,486,498,486,498,0,0
2013-09-11,503.4,503.4,503.4,503.4,0,0
2013-09-12,502.8,526.8,495,526.8,0,0
2013-09-13,528,528,525,528,0,0
2013-09-16,528,546,528,540,0,0
2013-09-17,560.94,560.94,540,558,0,0
2013-09-18,558,581.88,558,581.58,0,0
2013-09-19,581.4,593.7,570,570,0,0
2013-09-20,573,573,557.1,557.1,0,0
2013-09-23,557.1,561,552,558,0,0
2013-09-24,558,593.82,558,588,0,0
2013-09-25,594,610.8,594,610.8,0,0
2013-09-26,610.2,610.2,600,609,0,0
2013-09-27,610.2,610.2,610.2,610.2,0,0
2013-09-30,609.6,609.6,576.06,576.18,0,0
2013-10-01,609.6,609.6,588,594,0,0
2013-10-02,600,618,600,618,0,0
2013-10-03,607.2,618,606,609,0,0
2013-10-04,612,612,589.8,589.8,0,0
2013-10-07,600,600,589.8,594,0,0
2013-10-08,594.06,594.06,591,591,0,0
2013-10-09,591,591,576,576,0,0
2013-10-10,576,600.9,576,600,0,0
2013-10-11,612,612,592.26,592.26,0,0
2013-10-14,606,612,594.06,607.8,0,0
2013-10-15,617.7,617.7,600.3,604.2,0,0
2013-10-16,609,609,589.5,589.5,0,0
2013-10-17,589.5,599.7,589.5,598.26,0,0
2013-10-18,600,600,599.4,600,0,0
2013-10-21,600,600,592.5,592.5,0,0
2013-10-22,594.06,596.4,593.1,594,0,0
2013-10-23,600,600,588.9,588.9,0,0
2013-10-24,589.8,591,589.8,591,0,0
2013-10-25,589.8,594,589.8,589.8,0,0
2013-10-28,589.8,606,588,606,0,0
2013-10-29,606,606,594,594,0,0
2013-10-30,594.06,600,588,600,0,0
2013-10-31,600,603,599.4,602.4,0,0
2013-11-04,618,618,600,612,0,0
2013-11-05,612,612,602.1,606,0,0
2013-11-06,612,612,600.6,606,0,0
2013-11-07,612,612,600,600,0,0
2013-11-08,600,600,588.06,600,0,0
2013-11-12,600,600,591,600,0,0
2013-11-13,600,600.6,590.16,590.4,0,0
2013-11-14,594,594,585,586.8,0,0
2013-11-15,594,594,570.24,576,0,0
2013-11-18,582,582,564,564,0,0
2013-11-19,560.46,565.2,552,565.2,0,0
2013-11-20,567,567,555.06,567,0,0
2013-11-21,567,567,565.8,565.8,0,0
2013-11-22,567,567,567,567,0,0
2013-11-25,567,573,567,573,0,0
2013-11-26,573,573,567,570,0,0
2013-11-27,573,573,558.06,569.94,0,0
2013-11-28,570,573,568.44,568.44,0,0
2013-11-29,576,576,576,576,0,0
2013-12-02,575.82,575.82,555.06,555.6,0,0
2013-12-03,549,549,522.06,534,0,0
2013-12-04,545.94,545.94,521.94,521.94,0,0
2013-12-05,521.94,522,521.94,522,0,0
2013-12-06,526.8,526.8,510.18,522,0,0
2013-12-09,528,528,475.2,475.2,0,0
2013-12-10,474,510,474,496.68,0,0
2013-12-11,496.74,509.88,496.74,509.88,0,0
2013-12-12,504,504,495,504,0,0
2013-12-13,507,507,483.42,486,0,0
2013-12-16,486.06,486.06,486.06,486.06,0,0
2013-12-17,486.12,498,486,498,0,0
2013-12-18,498,510,498,510,0,0
2013-12-19,516,533.94,510,533.94,0,0
2013-12-20,533.94,537,520.2,534,0,0
2013-12-23,540,558,534,558,0,0
2013-12-27,566.4,588,558,588,0,0
2013-12-30,588,600,588,600,0,0
2014-01-02,600,600,582,582,0,0
2014-01-03,576,582,576,576.06,0,0
2014-01-07,570.06,570.06,566.4,569.76,0,0
2014-01-08,569.76,569.76,558,569.64,0,0
2014-01-09,568.8,568.8,564,568.68,0,0
2014-01-10,564,570,552,570,0,0
2014-01-13,552,552,552,552,0,0
2014-01-14,552,552,546,552,0,0
2014-01-15,552,552,551.94,552,0,0
2014-01-16,557.94,557.94,552,552,0,0
2014-01-17,552.06,552.06,552.06,552.06,0,0
2014-01-20,546,557.4,546,557.4,0,0
2014-01-21,557.4,557.4,557.4,557.4,0,0
2014-01-22,557.4,557.4,532.2,532.2,0,0
2014-01-23,532.26,545.64,502.8,502.8,0,0
2014-01-24,502.8,502.8,502.8,502.8,0,0
2014-01-27,502.8,502.92,502.2,502.8,0,0
2014-01-28,502.26,502.26,487.2,491.28,0,0
2014-01-29,483,492,482.16,482.16,0,0
2014-01-30,482.22,482.22,480,480,0,0
2014-01-31,480.06,487.5,480,487.5,0,0
2014-02-03,492,493.5,489,489,0,0
2014-02-04,489,490.2,489,490.2,0,0
2014-02-05,493.5,495.3,480,480,0,0
2014-02-06,480,480,450.66,470.7,0,0
2014-02-07,459.3,459.3,452.4,452.4,0,0
2014-02-10,458.82,458.82,455.76,455.76,0,0
2014-02-11,456,463.2,446.94,446.94,0,0
2014-02-12,449.94,449.94,446.94,447,0,0
2014-02-13,447,450,447,450,0,0
2014-02-14,450,450,438,438,0,0
2014-02-17,449.94,450,439.5,450,0,0
2014-02-18,450,450,446.4,446.4,0,0
2014-02-19,440.1,440.1,426,428.82,0,0
2014-02-20,437.76,437.76,360.3,390,0,0
2014-02-21,390.06,429,390.06,408.6,0,0
2014-02-24,437.7,454.2,429,444.3,0,0
2014-02-25,479.34,492,445.5,450,0,0
2014-02-26,456,456,414,414.06,0,0
2014-02-27,407.4,427.8,403.92,427.2,0,0
2014-02-28,427.8,427.8,408,426,0,0
2014-03-03,387.6,390,351,356.4,0,0
2014-03-04,366,396,356.4,396,0,0
2014-03-05,400.5,400.8,378,394.5,0,0
2014-03-06,399,408,399,408,0,0
2014-03-07,411,432,406.2,408,0,0
2014-03-10,390.06,414,390.06,414,0,0
2014-03-11,420,421.5,402,421.5,0,0
2014-03-12,421.56,421.56,379.5,406.14,0,0
2014-03-13,406.2,414,384.6,414,0,0
2014-03-14,414,414,390,414,0,0
2014-03-17,414,414,414,414,0,0
2014-03-18,420,420,402,402,0,0
2014-03-19,402,417,392.46,392.46,0,0
2014-03-20,392.52,402,392.46,402,0,0
2014-03-21,384,401.94,384,401.94,0,0
2014-03-24,384.3,394.2,378,394.2,0,0
2014-03-25,403.2,408,403.2,408,0,0
2014-03-26,407.94,407.94,407.88,407.88,0,0
2014-03-28,406.2,420,400.5,413.4,0,0
2014-03-31,413.4,420,390.54,420,0,0
2014-04-01,425.4,449.88,425.4,449.88,0,0
2014-04-02,450,460.74,450,460.44,0,0
2014-04-03,460.02,460.02,430.2,430.8,0,0
2014-04-04,444,456,444,444,0,0
2014-04-07,444,444,420.12,432,0,0
2014-04-08,425.4,425.4,425.4,425.4,0,0
2014-04-10,438,438,420,420,0,0
2014-04-11,414,432,414,414,0,0
2014-04-14,408,414,408,414,0,0
2014-04-15,414,414,414,414,0,0
2014-04-22,411,420,411,420,0,0
2014-04-23,419.94,419.94,419.94,419.94,0,0
2014-04-24,402,414,402,414,0,0
2014-04-25,402,414,402,414,0,0
2014-04-29,396,414,396,414,0,0
2014-04-30,419.94,419.94,414,419.94,0,0
2014-05-02,420,420,419.94,419.94,0,0
2014-05-05,396,396,396,396,0,0
2014-05-06,395.94,402,395.94,402,0,0
2014-05-07,384.6,419.7,384,419.7,0,0
2014-05-08,413.94,414,413.94,414,0,0
2014-05-09,390,390,390,390,0,0
2014-05-12,384,390,384,384,0,0
2014-05-13,396,396,396,396,0,0
2014-05-14,378,402,378,396,0,0
2014-05-15,390,402,390,402,0,0
2014-05-16,402,408,391.2,391.2,0,0
2014-05-19,394.2,411,394.2,411,0,0
2014-05-20,411,411,411,411,0,0
2014-05-21,396,408,396,408,0,0
2014-05-22,396,396,396,396,0,0
2014-05-23,408,408,390,408,0,0
2014-05-26,413.7,413.94,408,408,0,0
2014-05-27,410.7,410.7,379.86,408,0,0
2014-05-28,407.7,407.7,384,396,0,0
2014-05-29,396,401.7,390,401.7,0,0
2014-05-30,405,408,405,408,0,0
2014-06-02,387.12,407.94,387.12,407.94,0,0
2014-06-03,393,407.7,393,407.7,0,0
2014-06-04,397.2,397.2,397.2,397.2,0,0
2014-06-05,393,413.7,393,413.4,0,0
2014-06-06,413.88,443.88,402,438,0,0
2014-06-09,426.6,438,426.6,438,0,0
2014-06-10,438,438,438,438,0,0
2014-06-11,443.94,448.5,438,438,0,0
2014-06-12,438,438,428.22,428.22,0,0
2014-06-13,428.22,428.22,423,426,0,0
2014-06-16,420,420,408,408,0,0
2014-06-17,420,438,408,432,0,0
2014-06-18,432,432,432,432,0,0
2014-06-20,431.4,431.4,431.4,431.4,0,0
2014-06-23,408,443.94,408,431.4,0,0
2014-06-24,437.94,437.94,437.94,437.94,0,0
2014-06-25,420,438,420,438,0,0
2014-06-26,435,437.94,426,437.88,0,0
2014-06-30,420.6,438,420.6,438,0,0
2014-07-01,420.12,437.7,420,426,0,0
2014-07-02,426,435,419.7,434.94,0,0
2014-07-03,421.26,431.88,418.8,420,0,0
2014-07-04,431.88,431.88,420,431.7,0,0
2014-07-07,420,432,420,432,0,0
2014-07-08,421.32,421.32,411,411,0,0
2014-07-09,409.26,419.82,409.26,419.64,0,0
2014-07-10,425.88,425.88,402,402,0,0
2014-07-11,407.94,427.8,384,419.88,0,0
2014-07-14,402.6,409.2,402,409.2,0,0
2014-07-15,414,414,396.6,414,0,0
2014-07-16,414,414,414,414,0,0
2014-07-17,408,425.76,408,420,0,0
2014-07-18,399.06,414,399,414,0,0
2014-07-21,413.4,419.88,402.72,419.7,0,0
2014-07-22,419.7,419.7,414,419.64,0,0
2014-07-23,414.06,414.06,414,414,0,0
2014-07-24,402.6,404.28,402.6,402.9,0,0
2014-07-25,416.88,420,416.88,420,0,0
2014-07-28,408.3,408.3,408.3,408.3,0,0
2014-07-29,420,420,420,420,0,0
2014-07-30,422.94,422.94,422.94,422.94,0,0
2014-08-01,419.94,419.94,419.94,419.94,0,0
2014-08-04,420,420,420,420,0,0
2014-08-05,420,420,402.72,402.72,0,0
2014-08-06,418.8,418.8,396,407.88,0,0
2014-08-07,408,408,375,408,0,0
2014-08-08,402,419.94,402,419.94,0,0
2014-08-11,420,420,420,420,0,0
2014-08-12,417,417,417,417,0,0
2014-08-14,417,417,417,417,0,0
2014-08-18,420,420,414,419.94,0,0
2014-08-19,419.4,419.4,419.4,419.4,0,0
2014-08-21,418.8,418.8,418.8,418.8,0,0
2014-08-22,419.4,420,419.4,419.94,0,0
2014-08-25,420,420,416.52,416.52,0,0
2014-08-26,426,426,426,426,0,0
2014-08-27,426,426,426,426,0,0
2014-08-28,431.94,431.94,405,408.6,0,0
2014-08-29,405.54,419.88,405.54,418.74,0,0
2014-09-01,405.54,405.54,405.54,405.54,0,0
2014-09-02,416.7,416.7,405.54,405.54,0,0
2014-09-03,416.4,432,411,419.94,0,0
2014-09-04,419.94,438,419.94,423,0,0
2014-09-08,420,435,420,425.4,0,0
2014-09-09,423,423,414,423,0,0
2014-09-10,420,420,420,420,0,0
2014-09-11,420,420,420,420,0,0
2014-09-15,420,420,420,420,0,0
2014-09-18,415.2,415.2,415.2,415.2,0,0
2014-09-19,411,420,411,420,0,0
2014-09-22,425.94,425.94,411,420,0,0
2014-09-23,411.06,420,411,419.94,0,0
2014-09-24,417,417,417,417,0,0
2014-09-29,419.94,419.94,419.94,419.94,0,0
2014-09-30,422.94,422.94,419.94,419.94,0,0
2014-10-02,405.18,405.18,404.34,404.34,0,0
2014-10-03,422.88,422.88,412.5,414,0,0
2014-10-07,405,405,402,402,0,0
2014-10-08,410.7,410.7,410.7,410.7,0,0
2014-10-09,410.7,410.7,410.7,410.7,0,0
2014-10-10,411,411,398.94,402.9,0,0
2014-10-13,402,402,402,402,0,0
2014-10-14,400.14,411,400.14,411,0,0
2014-10-15,408,408,408,408,0,0
2014-10-16,400.14,402,396,402,0,0
2014-10-21,411,426,411,426,0,0
2014-10-23,417.6,420,399.3,413.94,0,0
2014-10-24,410.94,410.94,410.94,410.94,0,0
2014-10-27,413.34,413.34,413.16,413.16,0,0
2014-10-28,419.94,426,417.6,426,0,0
2014-10-29,432,433.2,432,432,0,0
2014-10-30,432.6,441,432.6,441,0,0
2014-10-31,444,449.34,432,449.22,0,0
2014-11-04,432,444,432,444,0,0
2014-11-05,432,432,420.12,420.66,0,0
2014-11-06,436.14,436.14,436.14,436.14,0,0
2014-11-07,420.72,431.94,420,431.94,0,0
2014-11-10,420,434.94,420,434.94,0,0
2014-11-17,414,429,414,426,0,0
2014-11-19,423,423,423,423,0,0
2014-11-20,425.94,425.94,425.94,425.94,0,0
2014-11-21,413.4,432,413.4,432,0,0
2014-11-24,432,432,420,420,0,0
2014-11-25,414,432,414,432,0,0
2014-11-26,431.88,431.94,431.88,431.94,0,0
2014-11-28,432,432,420,420,0,0
2014-12-03,414,432,414,432,0,0
2014-12-04,438,438,438,438,0,0
2014-12-05,432,432,432,432,0,0
2014-12-08,421.44,432,421.44,432,0,0
2014-12-09,432,432,432,432,0,0
2014-12-10,431.94,432,431.94,432,0,0
2014-12-12,431.94,432,431.94,432,0,0
2014-12-15,414,432,414,420.6,0,0
2014-12-16,414,430.8,399.6,430.8,0,0
2014-12-17,430.8,432,426,432,0,0
2014-12-18,423,432,423,432,0,0
2014-12-19,432,432,420.6,432,0,0
2014-12-22,432,432,431.58,431.58,0,0
2014-12-23,429,431.4,424.14,431.4,0,0
2014-12-29,426,426,420,424.5,0,0
2014-12-30,426,432,426,432,0,0
2015-01-02,420,432,420,432,0,0
2015-01-05,427.2,432,427.2,432,0,0
2015-01-07,444,444,444,444,0,0
2015-01-08,444,444,442.8,442.8,0,0
2015-01-09,435,438,435,438,0,0
2015-01-12,423.06,432,423.06,432,0,0
2015-01-13,432,432,426,426,0,0
2015-01-14,432,432,432,432,0,0
2015-01-15,432,432,426,432,0,0
2015-01-16,432,432,426,426,0,0
2015-01-19,432.3,432.3,432,432,0,0
2015-01-20,438,444,432,435,0,0
2015-01-21,441,441,441,441,0,0
2015-01-22,438,438,438,438,0,0
2015-01-23,441,441,441,441,0,0
2015-01-26,438,438,438,438,0,0
2015-01-27,444,444,444,444,0,0
2015-01-28,444,444,438,438,0,0
2015-01-29,438,438,438,438,0,0
2015-01-30,438,438,438,438,0,0
2015-02-02,447,459.06,444,444,0,0
2015-02-03,441,441,426,426,0,0
2015-02-04,443.28,443.28,441,441,0,0
2015-02-05,426,426,423,423,0,0
2015-02-06,429.24,429.24,429.24,429.24,0,0
2015-02-09,429.24,429.24,420,420.6,0,0
2015-02-10,422.7,422.7,422.7,422.7,0,0
2015-02-11,422.34,422.34,421.8,421.8,0,0
2015-02-12,414,428.7,414,426,0,0
2015-02-13,426,426,415.2,426,0,0
2015-02-16,424.74,424.74,424.74,424.74,0,0
2015-02-17,423,423,418.8,418.8,0,0
2015-02-18,417,424.74,417,424.74,0,0
2015-02-19,424.74,428.94,424.74,425.88,0,0
2015-02-20,428.4,428.4,423.36,423.36,0,0
2015-02-23,426,426,425.82,425.82,0,0
2015-02-24,409.38,425.16,409.38,425.16,0,0
2015-02-25,424.5,424.5,424.5,424.5,0,0
2015-02-26,411.3,411.36,411.3,411.3,0,0
2015-02-27,409.38,420,408,420,0,0
2015-03-02,414,419.94,404.46,408,0,0
2015-03-03,419.4,419.4,419.4,419.4,0,0
2015-03-04,419.4,419.4,419.4,419.4,0,0
2015-03-05,403.38,420,402,420,0,0
2015-03-06,425.7,425.7,425.7,425.7,0,0
2015-03-09,409.2,415.2,409.2,412.2,0,0
2015-03-10,408,408,408,408,0,0
2015-03-11,414,419.88,414,419.88,0,0
2015-03-12,414,414,414,414,0,0
2015-03-13,414,419.88,414,419.88,0,0
2015-03-16,419.88,419.88,419.88,419.88,0,0
2015-03-17,417.3,417.3,417.3,417.3,0,0
2015-03-18,414,417,414,417,0,0
2015-03-20,405,417,405,417,0,0
2015-03-25,402,416.28,402,416.28,0,0
2015-03-26,416.28,416.4,416.28,416.4,0,0
2015-03-27,417,417,417,417,0,0
2015-03-30,420,426,420,426,0,0
2015-04-01,425.94,425.94,425.94,425.94,0,0
2015-04-02,414,414,414,414,0,0
2015-04-07,419.94,419.94,419.94,419.94,0,0
2015-04-08,415.8,419.94,415.8,419.94,0,0
2015-04-09,423,423,414,414,0,0
2015-04-10,420,420,420,420,0,0
2015-04-13,420,420,420,420,0,0
2015-04-14,420,423,420,420,0,0
2015-04-15,420,420,420,420,0,0
2015-04-16,420,420,420,420,0,0
2015-04-17,420,437.94,420,437.94,0,0
2015-04-20,434.94,438,434.94,438,0,0
2015-04-21,432,432,429,429,0,0
2015-04-22,438,450,438,450,0,0
2015-04-23,450,450,450,450,0,0
2015-04-24,450,454.5,444,450,0,0
2015-04-27,450,453,450,453,0,0
2015-04-28,450,450,450,450,0,0
2015-04-29,445.5,456,445.5,456,0,0
2015-04-30,447,447,447,447,0,0
2015-05-05,448.5,448.5,447,447,0,0
2015-05-06,448.5,448.5,447,447,0,0
2015-05-07,450,453,450,453,0,0
2015-05-08,453,453,450,450,0,0
2015-05-11,450,460.92,447,460.5,0,0
2015-05-12,456,456,456,456,0,0
2015-05-13,454.5,459,454.5,459,0,0
2015-05-14,460.5,460.5,460.5,460.5,0,0
2015-05-15,479.4,498,479.4,498,0,0
2015-05-18,492,492,463.38,463.38,0,0
2015-05-19,480,480,480,480,0,0
2015-05-20,474,480,474,474,0,0
2015-05-21,474,474,474,474,0,0
2015-05-22,495,495,495,495,0,0
2015-05-27,483,483,483,483,0,0
2015-05-29,480,480,453.18,480,0,0
2015-06-02,480,480,480,480,0,0
2015-06-03,486,486,486,486,0,0
2015-06-05,480,480,480,480,0,0
2015-06-08,490.8,490.8,490.8,490.8,0,0
2015-06-09,486,486,480,480,0,0
2015-06-10,480,480,480,480,0,0
2015-06-11,480,480,480,480,0,0
2015-06-12,480,480,468,480,0,0
2015-06-15,480,480,474,474,0,0
2015-06-16,480,480,480,480,0,0
2015-06-17,474.06,474.06,474,474,0,0
2015-06-18,443.28,480,443.28,468,0,0
2015-06-19,468,468,468,468,0,0
2015-06-24,491.4,491.4,474,474,0,0
2015-06-26,474,474,468,474,0,0
2015-06-29,468,479.4,468,471,0,0
2015-06-30,471,471,471,471,0,0
2015-07-01,471,471,471,471,0,0
2015-07-03,471,471,471,471,0,0
2015-07-08,468,468,468,468,0,0
2015-07-09,468,474,468,474,0,0
2015-07-13,474,474,474,474,0,0
2015-07-14,480,480,480,480,0,0
2015-07-15,491.4,498,491.4,498,0,0
2015-07-16,498,498,480,488.7,0,0
2015-07-17,496.5,496.5,486,486,0,0
2015-07-20,480,480,480,480,0,0
2015-07-21,480,480,480,480,0,0
2015-07-22,480,504,480,498,0,0
2015-07-27,483.06,483.06,483.06,483.06,0,0
2015-07-28,497.94,497.94,497.94,497.94,0,0
2015-07-29,496.8,496.8,496.8,496.8,0,0
2015-07-31,498,498,498,498,0,0
2015-08-03,486,486,483.6,483.6,0,0
2015-08-04,483,483,483,483,0,0
2015-08-13,480,480,480,480,0,0
2015-08-14,480,480,480,480,0,0
2015-08-17,491.88,491.88,491.88,491.88,0,0
2015-08-18,490.5,490.5,490.5,490.5,0,0
2015-08-19,486,486,486,486,0,0
2015-08-20,480.06,480.06,480,480,0,0
2015-08-21,474,480,474,480,0,0
2015-08-24,462,462,438.9,461.94,0,0
2015-08-26,450,450,450,450,0,0
2015-08-27,462,468,462,468,0,0
2015-08-28,479.94,492,468.06,492,0,0
2015-09-01,480.96,492.6,480.72,492.6,0,0
2015-09-02,483,493.5,480,493.5,0,0
2015-09-03,495.3,495.3,495.3,495.3,0,0
2015-09-04,495.3,495.3,495.3,495.3,0,0
2015-09-07,495.3,495.3,492,492,0,0
2015-09-08,495,507,495,507,0,0
2015-09-09,498,498,498,498,0,0
2015-09-10,507,507,507,507,0,0
2015-09-14,498,507.9,495,507.9,0,0
2015-09-15,507.9,519,507.9,519,0,0
2015-09-16,521.1,528,521.1,528,0,0
2015-09-17,528,528,528,528,0,0
2015-09-21,528.12,528.12,528.12,528.12,0,0
2015-09-22,522.06,522.06,516,516,0,0
2015-09-24,516,534,516,534,0,0
2015-09-25,534,534,533.94,534,0,0
2015-09-29,516.06,516.06,516,516,0,0
2015-09-30,533.46,550.74,533.46,534,0,0
2015-10-02,513,513,510.72,510.72,0,0
2015-10-05,527.94,527.94,522,522,0,0
2015-10-06,522,522,522,522,0,0
2015-10-07,529.26,529.26,507.72,524.4,0,0
2015-10-08,529.92,533.94,513.12,513.12,0,0
2015-10-09,511.86,512.28,511.86,512.28,0,0
2015-10-12,534.06,539.94,511.56,513.9,0,0
2015-10-13,528.06,528.06,513.54,513.54,0,0
2015-10-14,534.66,534.66,513.6,514.08,0,0
2015-10-16,528,528,516.84,516.84,0,0
2015-10-19,534.66,534.66,534.66,534.66,0,0
2015-10-20,534,534,533.28,533.28,0,0
2015-10-21,519.3,519.84,519.3,519.84,0,0
2015-10-22,533.94,546,522,522,0,0
2015-10-23,528,528,528,528,0,0
2015-10-26,534,537.06,534,537.06,0,0
2015-10-27,534.66,534.66,523.8,523.8,0,0
2015-10-28,533.94,533.94,523.98,523.98,0,0
2015-10-30,531,531,525.72,525.72,0,0
2015-11-02,539.94,539.94,523.32,523.32,0,0
2015-11-03,525,525,523.86,523.86,0,0
2015-11-04,543.06,543.06,525.12,525.12,0,0
2015-11-05,522.06,522.06,522.06,522.06,0,0
2015-11-10,525.3,525.42,525.3,525.3,0,0
2015-11-12,525.3,525.3,525.3,525.3,0,0
2015-11-16,516.06,516.06,516,516,0,0
2015-11-17,526.2,526.2,526.2,526.2,0,0
2015-11-18,529.86,529.86,529.86,529.86,0,0
2015-11-19,516,516,516,516,0,0
2015-11-20,516,516,516,516,0,0
2015-11-23,521.16,522,521.16,522,0,0
2015-11-24,522,522,522,522,0,0
2015-11-27,519.06,522,519,522,0,0
2015-11-30,522,522,522,522,0,0
2015-12-02,531,534,531,534,0,0
2015-12-10,534,534,534,534,0,0
2015-12-18,528.6,528.6,523.32,523.32,0,0
2015-12-21,516.96,523.32,516.96,523.32,0,0
2015-12-22,516.3,516.3,516.3,516.3,0,0
2015-12-23,522,525,522,525,0,0
2015-12-28,522,522,522,522,0,0
2015-12-29,537,537,537,537,0,0
2015-12-30,543,543,543,543,0,0
2016-01-04,540,540,540,540,0,0
2016-01-05,540,558,540,558,0,0
2016-01-07,522.06,522.06,522.06,522.06,0,0
2016-01-08,522.06,522.06,522.06,522.06,0,0
2016-01-12,540,540,540,540,0,0
2016-01-18,522,522,522,522,0,0
2016-01-19,522,522,522,522,0,0
2016-01-20,522,522,522,522,0,0
2016-01-21,534,534,534,534,0,0
2016-01-25,539.94,540,539.94,540,0,0
2016-01-26,540,540,540,540,0,0
2016-01-27,558,558,558,558,0,0
2016-01-28,552,558,552,558,0,0
2016-02-01,558,558,558,558,0,0
2016-02-03,546,557.94,538.38,557.94,0,0
2016-02-04,552.12,552.12,552.12,552.12,0,0
2016-02-05,547.74,547.74,547.74,547.74,0,0
2016-02-08,557.4,557.4,549,549,0,0
2016-02-10,552,552,547.62,547.62,0,0
2016-02-11,563.94,563.94,552,552.6,0,0
2016-02-15,555.66,555.66,555.66,555.66,0,0
2016-02-16,546,546,541.68,541.68,0,0
2016-02-17,540,552,540,552,0,0
2016-02-18,557.46,557.46,541.68,541.68,0,0
2016-02-19,546,546,546,546,0,0
2016-02-22,546.6,550.86,543,543,0,0
2016-02-23,558,564,558,564,0,0
2016-02-26,558,558,558,558,0,0
2016-02-29,552.18,552.18,552.06,552.06,0,0
2016-03-01,555,555,552,552,0,0
2016-03-02,552,552,552,552,0,0
2016-03-03,552,552,552,552,0,0
2016-03-04,552,552,552,552,0,0
2016-03-08,552,552,552,552,0,0
2016-03-09,552,563.7,552,563.7,0,0
2016-03-10,552.06,563.94,540,552,0,0
2016-03-11,549.06,549.06,549,549,0,0
2016-03-14,549,549,549,549,0,0
2016-03-15,554.34,558,546.06,554.88,0,0
2016-03-16,561,561,561,561,0,0
2016-03-17,558,561,558,561,0,0
2016-03-18,547.5,547.5,547.5,547.5,0,0
2016-03-21,546.06,558,540,558,0,0
2016-03-24,546,558,516.6,558,0,0
2016-03-29,528,546.06,528,546,0,0
2016-03-31,558,558,558,558,0,0
2016-04-01,560.7,585.9,560.7,570,0,0
2016-04-04,570,570,564,564,0,0
2016-04-05,570,573,570,573,0,0
2016-04-06,549.6,564,549.6,564,0,0
2016-04-12,570,570,564.06,564.06,0,0
2016-04-13,570,570,570,570,0,0
2016-04-14,570,570,570,570,0,0
2016-04-15,569.4,569.4,569.4,569.4,0,0
2016-04-21,564,564,564,564,0,0
2016-04-22,564.66,579,564.6,564.6,0,0
2016-04-27,567,567,567,567,0,0
2016-04-28,570,571.5,570,571.5,0,0
2016-05-02,570,570,570,570,0,0
2016-05-06,570,570,570,570,0,0
2016-05-10,570,576,570,576,0,0
2016-05-11,582,588,582,588,0,0
2016-05-12,585,585,585,585,0,0
2016-05-13,584.7,584.7,577.2,577.2,0,0
2016-05-18,588,591,588,591,0,0
2016-05-24,579,588,579,588,0,0
2016-05-25,588,588,588,588,0,0
2016-05-30,588,588,588,588,0,0
2016-05-31,582.6,582.6,582.6,582.6,0,0
2016-06-01,582.9,582.9,577.2,577.2,0,0
2016-06-09,573,579,573,576,0,0
2016-06-15,570.12,570.12,570.12,570.12,0,0
2016-06-20,582,582,582,582,0,0
2016-06-24,581.7,581.7,581.7,581.7,0,0
2016-07-07,576,576,576,576,0,0
2016-07-11,576,576,576,576,0,0
2016-07-12,576,576,558,558,0,0
2016-07-13,555.6,555.6,555.6,555.6,0,0
2016-07-14,569.94,569.94,569.94,569.94,0,0
2016-07-19,558,558,558,558,0,0
2016-07-22,546,564,546,564,0,0
2016-07-27,564,564,564,564,0,0
2016-07-28,563.94,564,546,546,0,0
2016-08-01,546.6,546.6,546,546,0,0
2016-08-03,546.6,546.6,546,546,0,0
2016-08-04,553.8,553.8,546,546,0,0
2016-08-11,552,557.94,552,557.94,0,0
2016-08-16,546,546,546,546,0,0
2016-08-18,546,556.5,546,556.5,0,0
2016-08-19,546,546,546,546,0,0
2016-08-22,546,546,546,546,0,0
2016-08-23,546,546,546,546,0,0
2016-08-24,540.12,540.12,540,540,0,0
2016-08-25,546,552,540,540,0,0
2016-08-26,558,558,558,558,0,0
2016-08-30,552,552,552,552,0,0
2016-08-31,552,552,552,552,0,0
2016-09-13,552,558,552,558,0,0
2016-09-15,552,558,552,558,0,0
2016-09-21,558,558,558,558,0,0
2016-09-26,555,557.1,555,557.1,0,0
2016-09-29,549,549,549,549,0,0
2016-09-30,552,556.5,552,556.5,0,0
2016-10-03,551.94,552,551.94,552,0,0
2016-10-07,552,552,552,552,0,0
2016-10-10,558,558,558,558,0,0
2016-10-14,540.06,540.06,540.06,540.06,0,0
2016-10-18,547.5,547.5,547.5,547.5,0,0
2016-10-19,549,549,549,549,0,0
2016-10-20,546,546,546,546,0,0
2016-10-27,546,546,546,546,0,0
2016-10-31,545.1,545.1,545.1,545.1,0,0
2016-11-02,546,546,546,546,0,0
2016-11-03,546,546,546,546,0,0
2016-11-08,540,540,540,540,0,0
2016-11-15,534,534,531,531,0,0
2016-11-18,531,531,531,531,0,0
2016-11-21,531.12,538.2,531,538.2,0,0
2016-11-25,540,540,540,540,0,0
2016-11-30,531.06,531.06,531,531,0,0
2016-12-01,525,525,525,525,0,0
2016-12-02,525,525,525,525,0,0
2016-12-05,533.94,533.94,533.94,533.94,0,0
2016-12-06,525,525,525,525,0,0
2016-12-07,524.94,524.94,522,522,0,0
2016-12-08,510,528,510,527.1,0,0
2016-12-12,516.36,522,516.36,522,0,0
2016-12-14,510.12,510.12,508.8,510,0,0
2016-12-15,508.8,510,508.8,510,0,0
2016-12-16,504,504,504,504,0,0
2016-12-20,521.4,521.4,514.8,514.8,0,0
2016-12-21,521.1,521.1,521.1,521.1,0,0
2016-12-22,504,504,504,504,0,0
2016-12-23,504,504,504,504,0,0
2016-12-27,512.94,512.94,512.94,512.94,0,0
2016-12-28,521.1,521.1,504,510,0,0
2016-12-30,527.1,527.1,516,519,0,0
2017-01-03,516,516,516,516,0,0
2017-01-04,510,510,510,510,0,0
2017-01-09,510,510,510,510,0,0
2017-01-11,510,510,510,510,0,0
2017-01-13,510,510,510,510,0,0
2017-01-17,507,507,507,507,0,0
2017-01-18,507,522,498,522,0,0
2017-01-19,522,522,522,522,0,0
2017-01-20,513,520.8,513,520.8,0,0
2017-01-24,521.94,521.94,521.94,521.94,0,0
2017-01-26,521.7,521.7,521.7,521.7,0,0
2017-01-27,524.94,540,524.94,534,0,0
2017-01-30,539.82,568.8,539.82,558,0,0
2017-01-31,555,555,553.98,555,0,0
2017-02-01,559.8,565.8,559.8,565.8,0,0
2017-02-03,547.86,560.94,543,543,0,0
2017-02-06,558,558,540.66,551.88,0,0
2017-02-07,551.88,551.88,549,549,0,0
2017-02-08,540,543,540,543,0,0
2017-02-09,537,542.94,534,542.7,0,0
2017-02-10,548.94,549,548.94,549,0,0
2017-02-16,552,552,552,552,0,0
2017-02-20,534.12,534.12,534,534,0,0
2017-02-21,534,542.88,531,540,0,0
2017-02-22,531,538.8,528,528,0,0
2017-02-23,538.74,538.74,528,528,0,0
2017-02-24,533.34,546,533.34,546,0,0
2017-02-27,551.94,563.7,551.94,563.7,0,0
2017-02-28,563.4,564,563.4,563.4,0,0
2017-03-03,552,562.5,552,562.5,0,0
2017-03-06,552,552,552,552,0,0
2017-03-07,557.4,557.4,557.4,557.4,0,0
2017-03-16,558,558,558,558,0,0
2017-03-17,555,555,553.5,553.5,0,0
2017-03-23,547.5,547.5,546,546,0,0
2017-03-24,555,558,555,558,0,0
2017-03-29,552.06,552.06,550.5,550.5,0,0
2017-03-30,552,569.16,552,569.16,0,0
2017-03-31,569.1,569.16,569.1,569.16,0,0
2017-04-13,567,567,566.94,566.94,0,0
2017-04-18,566.94,566.94,566.94,566.94,0,0
2017-04-28,566.7,566.7,566.7,566.7,0,0
2017-05-05,555.6,555.6,555,555,0,0
2017-05-11,540,540,540,540,0,0
2017-05-12,550.56,552,550.56,552,0,0
2017-05-22,564,564,564,564,0,0
2017-05-23,569.7,570,564,564,0,0
2017-05-24,567,575.94,567,575.94,0,0
2017-05-25,576,582,576,582,0,0
2017-05-30,581.94,582,581.94,582,0,0
2017-05-31,582,587.94,582,587.94,0,0
2017-06-01,594,594,594,594,0,0
2017-06-02,594,594,594,594,0,0
2017-06-05,591,600,591,594,0,0
2017-06-07,606,606,606,606,0,0
2017-06-08,612,612,608.4,608.4,0,0
2017-06-09,617.4,630,617.4,630,0,0
2017-06-12,630,630,630,630,0,0
2017-06-13,635.4,639,635.4,639,0,0
2017-06-14,641.7,642,641.7,642,0,0
2017-06-16,651,651,651,651,0,0
2017-06-19,651,660,644.4,660,0,0
2017-06-20,660,660,660,660,0,0
2017-06-21,686.4,686.4,678,678,0,0
2017-06-22,678.6,714,678.6,714,0,0
2017-06-23,714,735,714,735,0,0
2017-06-26,735,786,735,768,0,0
2017-06-27,768.3,783,768.3,768.3,0,0
2017-06-28,780,780,720,731.4,0,0
2017-06-29,738,738,690,696,0,0
2017-06-30,696,696,643.8,643.8,0,0
2017-07-03,642.6,686.4,642.6,686.4,0,0
2017-07-05,686.4,686.4,686.4,686.4,0,0
2017-07-07,678,678,678,678,0,0
2017-07-10,678,678,678,678,0,0
2017-07-11,686.4,686.4,686.4,686.4,0,0
2017-07-12,657.6,686.7,657.6,686.7,0,0
2017-07-13,733.2,733.2,733.2,733.2,0,0
2017-07-14,672,705,672,705,0,0
2017-07-17,672,684,672,684,0,0
2017-07-20,666,684,666,684,0,0
2017-07-24,666,666,645,658.2,0,0
2017-07-26,645.6,645.6,645.3,645.3,0,0
2017-07-28,673.8,673.8,673.8,673.8,0,0
2017-08-07,648,648,645.3,645.3,0,0
2017-08-16,648,648,645.6,645.6,0,0
2017-08-17,666,666,666,666,0,0
2017-08-18,645.6,645.6,642,642,0,0
2017-08-22,642,660,642,660,0,0
2017-08-31,645,645,645,645,0,0
2017-09-01,667.2,667.2,667.2,667.2,0,0
2017-09-06,639,670.8,639,670.8,0,0
2017-09-15,669,669,669,669,0,0
2017-09-25,642,659.4,642,659.4,0,0
2017-09-27,659.4,659.4,659.4,659.4,0,0
2017-10-06,636.6,636.6,630,630,0,0
2017-10-18,636,636,636,636,0,0
2017-10-19,624.6,624.6,624.6,624.6,0,0
2017-10-25,631.2,631.2,631.2,631.2,0,0
2017-10-26,653.7,655.5,631.2,655.5,0,0
2017-10-27,654.9,655.5,654.9,654.9,0,0
2017-10-30,658.2,666,654.9,660,0,0
2017-10-31,672,672,660,672,0,0
2017-11-02,684,684,684,684,0,0
2017-11-03,690,690,690,690,0,0
2017-11-06,703.2,705,690,702,0,0
2017-11-08,678.6,702,660,684,0,0
2017-11-13,672,672,657,657,0,0
2017-11-16,657.3,657.3,657.3,657.3,0,0
2017-11-17,658.2,658.2,657.3,657.3,0,0
2017-11-21,666,666,666,666,0,0
2017-11-27,661.8,661.8,660,660,0,0
2017-12-01,657,684,654,684,0,0
2017-12-08,640.5,684,624.6,630,0,0
2017-12-11,636,636,630,630,0,0
2017-12-12,630,630,630,630,0,0
2017-12-13,618.3,618.6,609,609,0,0
2017-12-14,609,612,588.6,588.6,0,0
2017-12-15,582,582,570,570.3,0,0
2017-12-18,570,570.3,569.1,570,0,0
2017-12-20,555,570,555,555,0,0
2017-12-21,570,570,534,549,0,0
2017-12-22,546,557.94,534,534,0,0
2017-12-27,534,534,528,528,0,0
2017-12-28,551.94,551.94,528,532.8,0,0
2017-12-29,528,532.8,528,528,0,0
2018-01-04,549,555,549,552,0,0
2018-01-05,549,552,549,552,0,0
2018-01-08,552,555,552,555,0,0
2018-01-15,558,561,555,555,0,0
2018-01-17,564,564,564,564,0,0
2018-01-22,579,579,570,579,0,0
2018-01-25,588,588,588,588,0,0
2018-01-26,588,594,588,594,0,0
2018-01-30,594,594,594,594,0,0
2018-01-31,600,600,594,594,0,0
2018-02-02,576,576,576,576,0,0
2018-02-05,573,573,573,573,0,0
2018-02-13,564,564,564,564,0,0
2018-02-15,564,564,564,564,0,0
2018-02-22,570,579,570,579,0,0
2018-02-23,579,579,579,579,0,0
2018-02-26,561,561,561,561,0,0
2018-02-27,564,564,561,564,0,0
2018-03-07,564,564,564,564,0,0
2018-03-08,564,564,564,564,0,0
2018-03-14,564,564,564,564,0,0
2018-03-15,564,564,564,564,0,0
2018-03-27,564,564,558,558,0,0
