Date,Open,High,Low,Close,Volume,OpenInt
2007-12-04,4.01,4.4,2.5,2.89,186368,0
2007-12-05,2.92,3.18,2.7,2.89,48033,0
2007-12-06,2.76,2.93,2.75,2.76,9443,0
2007-12-07,2.73,2.85,2.73,2.84,10715,0
2007-12-10,2.84,2.86,2.73,2.74,15302,0
2007-12-11,2.8,2.86,2.75,2.86,4814,0
2007-12-12,2.86,2.86,2.76,2.76,7940,0
2007-12-13,2.8,2.8,2.72,2.72,7683,0
2007-12-14,2.7,2.8,2.6,2.79,3801,0
2007-12-17,2.66,2.7,2.61,2.7,2300,0
2007-12-18,2.7,2.73,2.53,2.7,7579,0
2007-12-19,2.73,2.73,2.69,2.7,10600,0
2007-12-20,2.88,3.18,2.72,2.8,43361,0
2007-12-21,3.04,3.04,2.82,2.88,7404,0
2007-12-27,2.88,3.9,2.88,3.21,61611,0
2007-12-28,3.41,3.84,3.25,3.28,101067,0
2008-01-02,3.45,3.5,3.1,3.11,57976,0
2008-01-03,3.15,3.15,2.91,2.96,36959,0
2008-01-04,3.04,3.08,2.96,2.96,16092,0
2008-01-07,2.95,3.15,2.83,2.93,18763,0
2008-01-08,2.86,3.02,2.86,3,6365,0
2008-01-09,2.88,3,2.88,2.98,8325,0
2008-01-10,2.98,2.98,2.98,2.98,350,0
2008-01-11,2.85,2.95,2.81,2.9,2136,0
2008-01-14,2.84,2.85,2.6,2.78,7364,0
2008-01-15,2.85,2.85,2.6,2.83,1118,0
2008-01-16,2.61,2.8,2.35,2.35,10394,0
2008-01-17,2.52,2.64,2.41,2.6,3953,0
2008-01-18,2.6,2.7,2.6,2.7,4280,0
2008-01-21,2.47,2.8,2.47,2.8,301,0
2008-01-22,2.45,2.78,2.45,2.78,1770,0
2008-01-23,2.75,2.78,2.75,2.75,1319,0
2008-01-24,2.83,2.84,2.71,2.82,3024,0
2008-01-25,2.85,2.96,2.77,2.96,7605,0
2008-01-28,2.94,2.94,2.8,2.93,1841,0
2008-01-29,2.98,2.98,2.86,2.96,2226,0
2008-01-30,2.98,2.98,2.98,2.98,9,0
2008-01-31,2.9,2.97,2.85,2.97,5765,0
2008-02-01,2.97,3.1,2.6,3.03,8066,0
2008-02-04,2.97,3,2.76,3,5250,0
2008-02-05,2.8,2.99,2.65,2.66,3305,0
2008-02-06,2.97,2.97,2.7,2.8,1738,0
2008-02-07,2.99,2.99,2.75,2.95,1302,0
2008-02-08,2.66,3.1,2.66,2.8,59539,0
2008-02-11,3.05,3.05,2.72,2.75,13750,0
2008-02-12,2.79,2.92,2.7,2.9,46882,0
2008-02-13,2.88,2.88,2.78,2.85,2920,0
2008-02-14,2.85,2.85,2.62,2.83,1808,0
2008-02-15,2.75,2.82,2.7,2.7,6700,0
2008-02-18,2.85,3.01,2.85,3,34995,0
2008-02-19,3,3,3,3,2356,0
2008-02-20,2.91,3,2.9,3,3870,0
2008-02-21,2.9,2.99,2.85,2.9,1335,0
2008-02-22,2.9,3.04,2.9,3.04,701,0
2008-02-25,2.95,2.95,2.72,2.95,964,0
2008-02-26,2.95,2.95,2.81,2.94,1030,0
2008-02-27,3.3,3.8,2.8,2.85,47705,0
2008-02-28,2.81,2.89,2.7,2.88,7156,0
2008-02-29,2.88,2.88,2.7,2.88,4522,0
2008-03-03,2.7,2.88,2.7,2.88,319,0
2008-03-04,2.7,2.88,2.55,2.88,5137,0
2008-03-05,2.7,2.7,2.7,2.7,100,0
2008-03-06,2.7,2.7,2.7,2.7,100,0
2008-03-07,2.82,2.82,2.35,2.7,11539,0
2008-03-10,2.78,2.78,2.78,2.78,44,0
2008-03-11,2.72,2.84,2.6,2.84,6850,0
2008-03-12,2.68,2.7,2.66,2.7,630,0
2008-03-13,2.6,2.7,2.35,2.7,7362,0
2008-03-14,2.64,2.64,2.5,2.5,834,0
2008-03-17,2.5,2.64,2.35,2.5,11654,0
2008-03-18,2.45,2.5,2.35,2.5,8901,0
2008-03-19,2.4,2.5,2.35,2.49,3077,0
2008-03-20,2.38,2.38,2.36,2.36,900,0
2008-03-25,2.35,2.45,2.35,2.4,679,0
2008-03-26,2.35,2.35,2.28,2.28,15017,0
2008-03-27,2.39,2.39,2.29,2.29,1335,0
2008-03-28,2.29,2.29,2.22,2.29,823,0
2008-03-31,2.25,2.25,2.25,2.25,1108,0
2008-04-01,2.15,2.15,2.13,2.15,3336,0
2008-04-02,2.15,2.36,2.15,2.36,11781,0
2008-04-03,2.17,2.32,2.17,2.32,2324,0
2008-04-04,2.25,2.25,2.13,2.25,922,0
2008-04-07,2.24,2.25,2.23,2.25,1120,0
2008-04-08,2.25,2.25,2.17,2.25,442,0
2008-04-09,2.25,2.25,2.1,2.25,6086,0
2008-04-10,2.13,2.25,2.13,2.25,716,0
2008-04-11,2.25,2.25,2.12,2.25,856,0
2008-04-14,2.11,2.25,2.11,2.25,1981,0
2008-04-15,2.15,2.25,2.15,2.25,1007,0
2008-04-16,2.15,2.15,2.1,2.1,1900,0
2008-04-17,2.2,2.2,2.08,2.1,5643,0
2008-04-18,2.1,2.36,2.1,2.2,16097,0
2008-04-21,2.2,2.28,2.2,2.25,14901,0
2008-04-22,2.24,2.25,2.12,2.25,876,0
2008-04-23,2.1,2.19,1.93,2.09,33603,0
2008-04-24,2.06,2.06,2.06,2.06,1600,0
2008-04-25,2.06,2.1,2.06,2.08,1204,0
2008-04-28,2.08,2.08,2.01,2.08,2876,0
2008-04-29,2,2,1.89,1.93,13327,0
2008-04-30,1.93,1.99,1.8,1.99,5996,0
2008-05-05,1.98,1.99,1.95,1.99,18798,0
2008-05-06,1.99,2.28,1.97,2.26,57741,0
2008-05-07,2.28,2.65,2.21,2.31,88873,0
2008-05-08,2.23,2.3,2.11,2.17,13570,0
2008-05-09,2.17,2.2,2.05,2.07,28760,0
2008-05-12,2,2.07,1.9,1.98,18085,0
2008-05-13,1.95,1.95,1.75,1.81,24409,0
2008-05-14,1.83,1.9,1.8,1.9,32422,0
2008-05-15,1.82,1.92,1.76,1.91,8136,0
2008-05-16,1.92,1.92,1.81,1.81,6995,0
2008-05-19,1.81,1.82,1.8,1.8,2631,0
2008-05-20,1.88,1.88,1.76,1.83,2733,0
2008-05-21,1.84,1.85,1.8,1.85,3413,0
2008-05-23,1.8,1.81,1.8,1.81,8600,0
2008-05-26,1.85,1.93,1.75,1.89,18407,0
2008-05-27,1.94,2.1,1.82,2.05,19899,0
2008-05-28,1.95,2.2,1.95,2.1,28811,0
2008-05-29,2.18,2.18,2.09,2.12,6824,0
2008-05-30,2.13,2.25,2.13,2.25,18791,0
2008-06-02,2.3,2.32,2.09,2.3,18869,0
2008-06-03,2.15,2.31,1.97,2.19,19145,0
2008-06-04,2.25,2.3,2,2.25,132219,0
2008-06-05,2.16,2.22,2.16,2.22,551,0
2008-06-06,2.12,2.3,2.12,2.12,11164,0
2008-06-09,2.14,2.29,2.14,2.29,27907,0
2008-06-10,2.3,2.4,2.1,2.29,70731,0
2008-06-11,2.28,2.6,2.17,2.53,46578,0
2008-06-12,2.5,2.5,2.28,2.35,10047,0
2008-06-13,2.48,2.48,2.32,2.4,3711,0
2008-06-16,2.47,2.48,2.4,2.4,3255,0
2008-06-17,2.48,2.48,2.48,2.48,17,0
2008-06-18,2.48,2.48,2.19,2.35,4557,0
2008-06-19,2.3,2.3,2.11,2.25,2722,0
2008-06-20,2.09,2.39,2.09,2.33,2348,0
2008-06-23,2.14,2.14,2.14,2.14,52,0
2008-06-24,2.47,2.47,2,2.38,1119,0
2008-06-25,2.4,2.4,2.4,2.4,17,0
2008-06-30,2.02,2.29,2.02,2.02,5897,0
2008-07-01,1.95,2.1,1.9,2.1,3298,0
2008-07-02,1.86,2.09,1.85,2.09,1115,0
2008-07-03,1.84,2.05,1.8,2.05,8700,0
2008-07-04,1.87,1.9,1.84,1.9,3000,0
2008-07-07,1.77,1.95,1.77,1.95,72,0
2008-07-08,1.79,1.82,1.75,1.78,12347,0
2008-07-09,1.75,2.08,1.75,2.08,8323,0
2008-07-10,1.97,1.97,1.97,1.97,1000,0
2008-07-11,1.75,1.93,1.65,1.93,3377,0
2008-07-14,2.04,2.05,2.04,2.05,2100,0
2008-07-15,1.95,1.95,1.88,1.88,18235,0
2008-07-17,2,2,1.7,1.88,2025,0
2008-07-18,1.71,2,1.71,1.98,6291,0
2008-07-21,1.71,1.71,1.71,1.71,700,0
2008-07-22,1.72,1.75,1.37,1.75,6580,0
2008-07-23,1.75,1.78,1.75,1.78,315,0
2008-07-24,1.78,1.78,1.78,1.78,17,0
2008-07-25,1.62,1.77,1.6,1.77,645,0
2008-07-28,1.65,1.77,1.62,1.77,1105,0
2008-07-30,1.78,1.82,1.78,1.82,1410,0
2008-08-01,2.05,2.05,1.6,1.99,20,0
2008-08-04,2,2,1.68,1.99,1106,0
2008-08-05,1.72,1.94,1.68,1.93,2563,0
2008-08-07,1.97,2.08,1.9,1.9,11139,0
2008-08-08,1.75,1.75,1.75,1.75,9,0
2008-08-11,1.75,1.75,1.75,1.75,527,0
2008-08-14,2.07,2.07,2.04,2.07,4095,0
2008-08-18,1.81,2.05,1.81,2.05,1007,0
2008-08-19,1.8,2.06,1.73,1.8,9691,0
2008-08-20,1.75,1.87,1.75,1.87,1206,0
2008-08-25,1.75,1.86,1.72,1.86,3572,0
2008-08-26,1.7,1.85,1.55,1.85,2437,0
2008-08-27,1.61,1.77,1.61,1.77,1361,0
2008-08-28,1.81,1.81,1.81,1.81,7,0
2008-08-29,1.72,1.8,1.55,1.8,3919,0
2008-09-01,1.72,1.8,1.55,1.8,3919,0
2008-09-03,1.66,1.8,1.66,1.8,1852,0
2008-09-04,1.7,1.7,1.7,1.7,75,0
2008-09-05,1.74,1.74,1.74,1.74,7,0
2008-09-08,1.74,1.74,1.74,1.74,1282,0
2008-09-09,1.66,1.7,1.66,1.7,65,0
2008-09-10,1.62,1.65,1.43,1.65,946,0
2008-09-15,1.69,1.69,1.69,1.69,7,0
2008-09-16,1.6,1.7,1.6,1.7,548,0
2008-09-17,1.7,1.7,1.7,1.7,7,0
2008-09-18,1.76,1.76,1.76,1.76,7,0
2008-09-19,1.65,1.7,1.65,1.7,1287,0
2008-09-22,1.72,1.72,1.72,1.72,7,0
2008-09-23,1.61,1.61,1.61,1.61,200,0
2008-09-24,1.3,1.45,1.15,1.15,87609,0
2008-09-25,1.19,1.24,1.15,1.16,26987,0
2008-09-26,1.22,1.22,1.1,1.18,4321,0
2008-09-29,1.04,1.05,1,1.05,24029,0
2008-09-30,1,1,0.99,0.99,7786,0
2008-10-01,1,1.05,1,1,12979,0
2008-10-02,0.99,0.99,0.89,0.89,21117,0
2008-10-03,0.89,0.9,0.89,0.9,17820,0
2008-10-06,0.81,0.89,0.73,0.75,28459,0
2008-10-07,0.75,0.75,0.7,0.71,19891,0
2008-10-08,0.61,0.63,0.57,0.62,146415,0
2008-10-09,0.6,0.64,0.6,0.61,36841,0
2008-10-10,0.61,0.61,0.5,0.57,38519,0
2008-10-13,0.57,0.59,0.52,0.58,60430,0
2008-10-14,0.59,0.62,0.54,0.59,44015,0
2008-10-15,0.63,0.63,0.53,0.54,12784,0
2008-10-16,0.59,0.59,0.53,0.53,23075,0
2008-10-17,0.54,0.54,0.54,0.54,2400,0
2008-10-20,0.54,0.54,0.54,0.54,1744,0
2008-10-21,0.59,0.59,0.5,0.59,1930,0
2008-10-22,0.5,0.58,0.5,0.57,12486,0
2008-10-23,0.56,0.57,0.52,0.52,5789,0
2008-10-24,0.54,0.54,0.51,0.54,22311,0
2008-10-29,0.58,0.58,0.52,0.53,14197,0
2008-10-30,0.55,0.58,0.55,0.56,6752,0
2008-10-31,0.54,0.57,0.52,0.57,10629,0
2008-11-03,0.52,0.57,0.51,0.56,10736,0
2008-11-04,0.52,0.64,0.52,0.64,82684,0
2008-11-05,0.63,0.63,0.58,0.62,14146,0
2008-11-06,0.58,0.62,0.54,0.54,14872,0
2008-11-07,0.54,0.55,0.53,0.55,9200,0
2008-11-10,0.6,0.62,0.55,0.6,4060,0
2008-11-12,0.55,0.6,0.55,0.6,3007,0
2008-11-13,0.59,0.59,0.53,0.55,6569,0
2008-11-14,0.53,0.53,0.52,0.53,28172,0
2008-11-17,0.53,0.53,0.49,0.53,67842,0
2008-11-18,0.47,0.5,0.45,0.45,10429,0
2008-11-19,0.45,0.45,0.43,0.45,52972,0
2008-11-20,0.45,0.45,0.43,0.43,1050,0
2008-11-21,0.43,0.45,0.4,0.45,7364,0
2008-11-24,0.45,0.52,0.45,0.52,20860,0
2008-11-25,0.52,0.52,0.52,0.52,12351,0
2008-11-26,0.52,0.54,0.52,0.54,19142,0
2008-12-03,0.47,0.53,0.46,0.53,30009,0
2008-12-04,0.54,0.54,0.54,0.54,7,0
2008-12-08,0.45,0.52,0.45,0.52,600,0
2008-12-09,0.54,0.54,0.54,0.54,7,0
2008-12-11,0.45,0.5,0.45,0.5,6460,0
2008-12-16,0.43,0.53,0.43,0.53,672,0
2008-12-17,0.53,0.56,0.5,0.55,28520,0
2008-12-18,0.5,0.5,0.5,0.5,24852,0
2008-12-19,0.5,0.5,0.46,0.5,14510,0
2008-12-22,0.5,0.5,0.5,0.5,300,0
2008-12-23,0.47,0.47,0.38,0.4,109260,0
2008-12-29,0.41,0.41,0.4,0.4,13077,0
2008-12-30,0.39,0.39,0.39,0.39,7281,0
2008-12-31,0.39,0.4,0.39,0.4,17870,0
2009-01-05,0.4,0.44,0.38,0.4,25578,0
2009-01-06,0.37,0.4,0.37,0.37,25801,0
2009-01-07,0.38,0.43,0.38,0.42,50863,0
2009-01-08,0.39,0.41,0.37,0.41,15096,0
2009-01-09,0.41,0.41,0.39,0.41,2022,0
2009-01-12,0.4,0.4,0.4,0.4,2593,0
2009-01-13,0.4,0.46,0.37,0.46,83579,0
2009-01-14,0.48,0.48,0.39,0.4,53125,0
2009-01-15,0.44,0.44,0.4,0.44,6716,0
2009-01-16,0.45,0.45,0.4,0.44,19024,0
2009-01-19,0.4,0.43,0.39,0.42,24876,0
2009-01-20,0.4,0.42,0.4,0.4,14406,0
2009-01-21,0.38,0.38,0.38,0.38,9000,0
2009-01-22,0.4,0.4,0.38,0.4,1014,0
2009-01-23,0.37,0.37,0.37,0.37,7115,0
2009-01-26,0.37,0.37,0.37,0.37,10945,0
2009-01-28,0.34,0.4,0.31,0.4,16425,0
2009-01-29,0.39,0.39,0.32,0.39,2462,0
2009-01-30,0.32,0.4,0.32,0.4,10593,0
2009-02-02,0.33,0.33,0.32,0.32,20169,0
2009-02-03,0.32,0.32,0.31,0.31,47644,0
2009-02-04,0.31,0.32,0.3,0.32,40034,0
2009-02-05,0.31,0.38,0.27,0.37,20421,0
2009-02-06,0.38,0.38,0.35,0.35,469,0
2009-02-09,0.3,0.35,0.29,0.35,18192,0
2009-02-10,0.35,0.35,0.32,0.34,9079,0
2009-02-11,0.32,0.35,0.32,0.35,85181,0
2009-02-12,0.36,0.38,0.32,0.35,44038,0
2009-02-13,0.39,0.39,0.32,0.37,4526,0
2009-02-16,0.37,0.37,0.3,0.37,6014,0
2009-02-17,0.3,0.38,0.3,0.3,64864,0
2009-02-18,0.29,0.29,0.29,0.29,1000,0
2009-02-20,0.3,0.34,0.29,0.34,3187,0
2009-02-23,0.37,0.37,0.3,0.34,10024,0
2009-02-24,0.3,0.34,0.3,0.34,10270,0
2009-02-25,0.29,0.33,0.28,0.28,18493,0
2009-02-26,0.28,0.3,0.27,0.27,31911,0
2009-02-27,0.27,0.27,0.23,0.27,19620,0
2009-03-02,0.24,0.27,0.24,0.24,56597,0
2009-03-03,0.24,0.24,0.24,0.24,900,0
2009-03-04,0.24,0.32,0.24,0.32,35591,0
2009-03-05,0.3,0.3,0.26,0.3,3519,0
2009-03-06,0.25,0.29,0.25,0.29,54298,0
2009-03-10,0.27,0.34,0.27,0.34,12883,0
2009-03-11,0.3,0.37,0.3,0.37,4894,0
2009-03-12,0.38,0.38,0.31,0.35,25407,0
2009-03-13,0.35,0.35,0.35,0.35,1000,0
2009-03-16,0.35,0.35,0.32,0.35,14683,0
2009-03-17,0.32,0.37,0.3,0.37,100339,0
2009-03-18,0.39,0.39,0.39,0.39,117,0
2009-03-23,0.35,0.39,0.32,0.36,53700,0
2009-03-24,0.32,0.34,0.3,0.34,59783,0
2009-03-25,0.28,0.34,0.28,0.34,421,0
2009-03-26,0.34,0.34,0.32,0.32,73160,0
2009-03-27,0.32,0.32,0.31,0.32,39045,0
2009-03-30,0.28,0.32,0.28,0.28,14860,0
2009-03-31,0.32,0.32,0.32,0.32,1000,0
2009-04-01,0.33,0.34,0.33,0.33,3432,0
2009-04-02,0.35,0.36,0.31,0.36,79180,0
2009-04-03,0.36,0.37,0.33,0.36,37259,0
2009-04-06,0.36,0.36,0.34,0.36,30092,0
2009-04-08,0.34,0.36,0.34,0.36,18998,0
2009-04-09,0.36,0.42,0.36,0.42,78421,0
2009-04-14,0.46,0.48,0.42,0.42,34437,0
2009-04-15,0.47,0.59,0.47,0.58,141236,0
2009-04-16,0.61,0.64,0.58,0.64,120454,0
2009-04-17,0.64,0.65,0.63,0.63,4944,0
2009-04-20,0.6,0.6,0.48,0.5,119286,0
2009-04-21,0.55,0.57,0.49,0.5,64317,0
2009-04-22,0.53,0.56,0.53,0.56,6523,0
2009-04-23,0.56,0.64,0.56,0.64,67453,0
2009-04-24,0.64,0.69,0.62,0.68,156487,0
2009-04-27,0.65,0.69,0.6,0.68,108822,0
2009-04-28,0.6,0.65,0.6,0.65,73081,0
2009-04-29,0.6,0.64,0.6,0.64,11588,0
2009-04-30,0.61,0.61,0.58,0.61,25374,0
2009-05-04,0.61,0.61,0.61,0.61,8000,0
2009-05-05,0.58,0.6,0.52,0.54,28177,0
2009-05-06,0.61,0.61,0.53,0.58,6626,0
2009-05-07,0.58,0.58,0.42,0.42,97494,0
2009-05-08,0.45,0.5,0.44,0.46,51423,0
2009-05-11,0.51,0.51,0.49,0.5,35481,0
2009-05-12,0.44,0.53,0.42,0.47,64071,0
2009-05-13,0.47,0.47,0.45,0.45,11162,0
2009-05-14,0.45,0.5,0.45,0.5,11000,0
2009-05-15,0.5,0.53,0.45,0.52,26744,0
2009-05-18,0.53,0.53,0.46,0.5,29059,0
2009-05-19,0.48,0.52,0.48,0.52,37400,0
2009-05-20,0.53,0.53,0.53,0.53,700,0
2009-05-21,0.53,0.56,0.53,0.53,66326,0
2009-05-22,0.5,0.6,0.5,0.6,96132,0
2009-05-25,0.56,0.61,0.56,0.61,3780,0
2009-05-26,0.61,0.61,0.57,0.57,22320,0
2009-05-27,0.59,0.61,0.58,0.61,20730,0
2009-05-28,0.61,0.7,0.52,0.7,206584,0
2009-05-29,0.63,0.71,0.63,0.71,17480,0
2009-06-01,0.7,0.8,0.7,0.77,52836,0
2009-06-02,0.76,0.78,0.69,0.76,33731,0
2009-06-03,0.7,0.71,0.65,0.7,58759,0
2009-06-04,0.7,0.7,0.62,0.62,25310,0
2009-06-05,0.7,0.7,0.7,0.7,310,0
2009-06-08,0.65,0.72,0.65,0.72,22989,0
2009-06-09,0.73,0.74,0.65,0.73,39443,0
2009-06-10,0.7,0.73,0.7,0.73,5948,0
2009-06-12,0.7,0.71,0.67,0.67,60834,0
2009-06-15,0.67,0.69,0.62,0.69,23891,0
2009-06-17,0.65,0.65,0.65,0.65,750,0
2009-06-18,0.65,0.65,0.64,0.64,3500,0
2009-06-22,0.65,0.71,0.6,0.69,28474,0
2009-06-23,0.61,0.61,0.6,0.6,21165,0
2009-06-25,0.6,0.6,0.59,0.6,17867,0
2009-06-26,0.6,0.6,0.6,0.6,2000,0
2009-06-30,0.63,0.68,0.63,0.67,17668,0
2009-07-01,0.66,0.74,0.66,0.7,154765,0
2009-07-02,0.68,0.68,0.65,0.65,13592,0
2009-07-03,0.65,0.66,0.65,0.66,23948,0
2009-07-06,0.65,0.66,0.65,0.66,20419,0
2009-07-07,0.64,0.66,0.6,0.66,56719,0
2009-07-08,0.61,0.61,0.61,0.61,1565,0
2009-07-09,0.62,0.66,0.62,0.63,10465,0
2009-07-10,0.68,1,0.68,0.97,647078,0
2009-07-13,0.96,1,0.83,0.89,258685,0
2009-07-14,0.9,0.92,0.81,0.86,104566,0
2009-07-15,0.82,0.92,0.78,0.82,224238,0
2009-07-16,0.8,0.84,0.74,0.78,133482,0
2009-07-17,0.77,0.8,0.7,0.78,83649,0
2009-07-20,0.79,0.79,0.75,0.77,11410,0
2009-07-21,0.77,0.85,0.76,0.84,35744,0
2009-07-22,0.8,0.85,0.8,0.84,8290,0
2009-07-23,0.8,0.8,0.74,0.74,52007,0
2009-07-24,0.76,0.8,0.7,0.76,72917,0
2009-07-27,0.72,0.75,0.7,0.75,52519,0
2009-07-28,0.74,0.76,0.73,0.76,19346,0
2009-07-29,0.76,0.89,0.76,0.83,222156,0
2009-07-30,0.81,0.91,0.81,0.88,46567,0
2009-07-31,0.89,0.9,0.8,0.9,26374,0
2009-08-03,0.9,0.98,0.82,0.83,132858,0
2009-08-04,0.8,0.84,0.78,0.8,96298,0
2009-08-05,0.77,0.8,0.76,0.8,46699,0
2009-08-06,0.8,0.86,0.8,0.85,88723,0
2009-08-07,0.87,0.87,0.8,0.85,18227,0
2009-08-10,0.85,0.85,0.79,0.82,110500,0
2009-08-11,0.82,0.82,0.78,0.78,34788,0
2009-08-12,0.78,0.82,0.77,0.82,10563,0
2009-08-13,0.84,0.84,0.8,0.81,17349,0
2009-08-14,0.83,0.83,0.81,0.83,4188,0
2009-08-17,0.82,0.82,0.75,0.77,42790,0
2009-08-18,0.76,0.83,0.75,0.83,79750,0
2009-08-19,0.83,0.85,0.83,0.83,38794,0
2009-08-20,0.84,0.84,0.78,0.78,50842,0
2009-08-21,0.84,0.86,0.8,0.83,85413,0
2009-08-24,0.83,0.87,0.83,0.86,47732,0
2009-08-25,0.86,0.86,0.81,0.86,41521,0
2009-08-26,0.86,0.89,0.85,0.88,100967,0
2009-08-27,0.89,0.92,0.89,0.91,22701,0
2009-08-28,0.91,0.92,0.91,0.92,32629,0
2009-08-31,0.92,0.98,0.92,0.98,59507,0
2009-09-01,1.03,1.15,0.95,1.03,132635,0
2009-09-02,1.03,1.03,0.92,0.97,37491,0
2009-09-03,0.91,0.97,0.91,0.96,21436,0
2009-09-04,0.97,0.97,0.96,0.97,968,0
2009-09-07,0.95,0.96,0.95,0.96,2500,0
2009-09-08,0.96,1.06,0.95,0.99,85817,0
2009-09-09,1.05,1.05,0.98,1.05,19797,0
2009-09-10,0.99,1.02,0.95,1.02,54887,0
2009-09-11,1.02,1.05,0.96,1.02,50829,0
2009-09-14,1.02,1.02,0.92,1.01,38726,0
2009-09-15,0.95,1.02,0.95,1.02,3500,0
2009-09-16,0.93,1,0.92,0.99,29676,0
2009-09-17,0.99,0.99,0.93,0.93,18829,0
2009-09-18,0.94,0.96,0.94,0.96,3056,0
2009-09-21,0.92,0.93,0.84,0.93,60668,0
2009-09-22,0.9,0.93,0.87,0.92,84723,0
2009-09-23,0.9,0.91,0.88,0.9,14520,0
2009-09-24,0.9,0.9,0.89,0.9,9330,0
2009-09-25,0.9,0.9,0.89,0.9,44708,0
2009-09-28,0.9,1,0.9,1,109342,0
2009-09-29,0.97,1,0.97,1,18620,0
2009-09-30,0.99,0.99,0.99,0.99,29990,0
2009-10-01,0.91,0.98,0.91,0.94,18320,0
2009-10-02,0.93,0.98,0.93,0.98,18702,0
2009-10-05,0.95,0.97,0.95,0.97,3005,0
2009-10-06,0.95,0.95,0.9,0.95,16549,0
2009-10-07,0.93,0.98,0.93,0.98,21741,0
2009-10-08,0.98,0.99,0.97,0.97,34000,0
2009-10-09,0.96,0.96,0.96,0.96,500,0
2009-10-12,0.92,1,0.92,1,69370,0
2009-10-13,1,1.17,1,1.07,324861,0
2009-10-14,1.09,1.13,0.96,0.99,74113,0
2009-10-15,1.02,1.04,1,1.02,16180,0
2009-10-16,1.02,1.02,0.99,1,42548,0
2009-10-19,1,1.04,1,1.02,21833,0
2009-10-20,1.02,1.02,0.98,0.99,66635,0
2009-10-21,0.98,0.98,0.94,0.94,25447,0
2009-10-22,0.95,0.99,0.95,0.95,5100,0
2009-10-23,0.95,1,0.95,1,17299,0
2009-10-26,0.96,0.97,0.96,0.97,12386,0
2009-10-27,0.97,0.99,0.97,0.99,7250,0
2009-10-28,0.96,0.96,0.96,0.96,1000,0
2009-10-29,0.95,0.98,0.91,0.98,20660,0
2009-10-30,0.98,1,0.98,1,13640,0
2009-11-02,1,1,0.93,0.99,10315,0
2009-11-04,0.95,0.99,0.93,0.99,10304,0
2009-11-06,0.98,0.99,0.93,0.93,6796,0
2009-11-09,0.98,1,0.97,1,13261,0
2009-11-10,0.99,1.02,0.99,1.01,6311,0
2009-11-13,0.98,1.02,0.98,1.02,7482,0
2009-11-16,1.01,1.01,0.98,0.98,13389,0
2009-11-17,0.99,1,0.94,0.95,17600,0
2009-11-18,0.94,0.96,0.91,0.96,13300,0
2009-11-19,0.96,0.96,0.91,0.91,16055,0
2009-11-20,0.93,0.93,0.91,0.91,2315,0
2009-11-23,0.93,0.95,0.93,0.93,8043,0
2009-11-24,0.94,0.95,0.9,0.9,39266,0
2009-11-25,0.94,0.95,0.9,0.95,13495,0
2009-11-26,0.91,0.93,0.87,0.91,41495,0
2009-11-27,0.88,0.9,0.88,0.89,20314,0
2009-11-30,0.89,0.89,0.87,0.87,29543,0
2009-12-01,0.86,0.9,0.86,0.88,10279,0
2009-12-02,0.87,0.87,0.85,0.86,8756,0
2009-12-03,0.89,0.89,0.89,0.89,1350,0
2009-12-04,0.89,0.89,0.89,0.89,3349,0
2009-12-07,0.89,0.92,0.87,0.92,12693,0
2009-12-08,0.91,0.91,0.88,0.9,1104,0
2009-12-09,0.88,0.98,0.88,0.9,48998,0
2009-12-10,0.87,0.87,0.87,0.87,1656,0
2009-12-11,0.87,0.87,0.87,0.87,1800,0
2009-12-14,0.9,0.92,0.9,0.92,1340,0
2009-12-15,0.87,0.89,0.83,0.87,14430,0
2009-12-17,0.83,0.83,0.83,0.83,7160,0
2009-12-18,0.83,0.84,0.82,0.82,8676,0
2009-12-21,0.76,0.86,0.75,0.86,6420,0
2009-12-22,0.85,0.89,0.85,0.88,16175,0
2009-12-23,0.88,0.89,0.88,0.89,800,0
2009-12-28,0.85,0.85,0.82,0.82,8300,0
2009-12-29,0.87,0.87,0.87,0.87,37,0
2009-12-30,0.82,0.82,0.82,0.82,520,0
2009-12-31,0.89,0.89,0.89,0.89,1000,0
2010-01-04,0.88,0.99,0.88,0.99,38695,0
2010-01-06,0.96,0.96,0.96,0.96,500,0
2010-01-07,0.9,0.9,0.9,0.9,360,0
2010-01-08,0.91,0.93,0.9,0.9,7190,0
2010-01-11,0.9,0.9,0.9,0.9,1200,0
2010-01-12,0.91,0.91,0.91,0.91,1700,0
2010-01-13,0.9,0.91,0.89,0.91,23723,0
2010-01-14,0.9,0.93,0.9,0.9,7294,0
2010-01-15,0.9,0.95,0.89,0.94,37567,0
2010-01-18,0.93,0.96,0.93,0.96,19849,0
2010-01-19,0.97,1.11,0.97,1.1,177924,0
2010-01-20,1.1,1.1,0.99,1.07,41632,0
2010-01-21,0.99,1.03,0.99,1.03,18000,0
2010-01-22,1,1.1,0.96,1.03,56849,0
2010-01-25,1.01,1.11,1,1.01,31861,0
2010-01-26,1.05,1.06,0.97,0.98,30927,0
2010-01-27,0.95,0.95,0.95,0.95,18,0
2010-01-28,1.03,1.04,1.03,1.04,1840,0
2010-01-29,0.97,1,0.97,1,13000,0
2010-02-01,1,1.01,0.96,0.99,10500,0
2010-02-02,0.99,1.11,0.99,1.06,123619,0
2010-02-03,1.06,1.12,1,1.12,114094,0
2010-02-04,1.14,1.34,1.14,1.26,350692,0
2010-02-05,1.25,1.28,1.16,1.24,34988,0
2010-02-08,1.25,1.25,1.14,1.19,79547,0
2010-02-09,1.17,1.3,1.17,1.29,40076,0
2010-02-10,1.25,1.32,1.22,1.3,14472,0
2010-02-11,1.21,1.33,1.2,1.25,22074,0
2010-02-12,1.3,1.34,1.22,1.32,30787,0
2010-02-15,1.32,1.41,1.31,1.39,89387,0
2010-02-16,1.35,1.39,1.3,1.35,66449,0
2010-02-17,1.35,1.36,1.34,1.34,7150,0
2010-02-18,1.34,1.34,1.26,1.33,6856,0
2010-02-19,1.3,1.33,1.28,1.28,11964,0
2010-02-22,1.26,1.33,1.23,1.32,21721,0
2010-02-23,1.27,1.36,1.27,1.35,34610,0
2010-02-24,1.27,1.4,1.27,1.37,22775,0
2010-02-25,1.31,1.36,1.28,1.28,41667,0
2010-02-26,1.35,1.36,1.23,1.34,29002,0
2010-03-01,1.32,1.32,1.14,1.19,74754,0
2010-03-02,1.2,1.23,1.11,1.2,51819,0
2010-03-03,1.23,1.25,1.19,1.21,30991,0
2010-03-04,1.16,1.22,1.16,1.21,10020,0
2010-03-05,1.21,1.34,1.21,1.34,93673,0
2010-03-08,1.34,1.4,1.34,1.36,78524,0
2010-03-09,1.36,1.39,1.31,1.34,49855,0
2010-03-10,1.34,1.34,1.34,1.34,2500,0
2010-03-11,1.34,1.43,1.32,1.32,42116,0
2010-03-12,1.4,1.42,1.33,1.4,9792,0
2010-03-15,1.38,1.38,1.37,1.37,8090,0
2010-03-16,1.38,1.42,1.35,1.42,43100,0
2010-03-17,1.42,1.46,1.42,1.46,66218,0
2010-03-18,1.46,1.49,1.41,1.41,12500,0
2010-03-19,1.48,1.48,1.33,1.4,3601,0
2010-03-22,1.4,1.4,1.35,1.38,9093,0
2010-03-23,1.39,1.47,1.39,1.47,14902,0
2010-03-24,1.39,1.47,1.38,1.41,21843,0
2010-03-25,1.46,1.46,1.37,1.44,10953,0
2010-03-26,1.39,1.44,1.39,1.39,15828,0
2010-03-29,1.39,1.54,1.38,1.53,47436,0
2010-03-30,1.51,1.58,1.51,1.52,23311,0
2010-03-31,1.55,1.56,1.5,1.56,9928,0
2010-04-01,1.54,1.7,1.52,1.7,26442,0
2010-04-06,1.64,1.7,1.64,1.7,56755,0
2010-04-07,1.71,1.78,1.7,1.76,53105,0
2010-04-08,1.71,1.75,1.68,1.68,6341,0
2010-04-09,1.7,1.73,1.67,1.73,9656,0
2010-04-12,1.7,1.75,1.64,1.75,1609,0
2010-04-13,1.67,1.68,1.6,1.6,14476,0
2010-04-14,1.67,1.67,1.6,1.66,4215,0
2010-04-15,1.6,1.6,1.5,1.51,15721,0
2010-04-16,1.5,1.56,1.5,1.55,6556,0
2010-04-19,1.5,1.56,1.5,1.56,1200,0
2010-04-20,1.56,1.57,1.5,1.57,4647,0
2010-04-21,1.57,1.64,1.52,1.52,13958,0
2010-04-22,1.5,1.55,1.5,1.54,2900,0
2010-04-23,1.5,1.61,1.5,1.6,8756,0
2010-04-26,1.49,1.6,1.48,1.6,6420,0
2010-04-27,1.5,1.5,1.5,1.5,1250,0
2010-04-28,1.48,1.48,1.46,1.46,4250,0
2010-04-29,1.5,1.5,1.5,1.5,1000,0
2010-05-04,1.55,1.55,1.55,1.55,100,0
2010-05-05,1.42,1.5,1.34,1.42,8563,0
2010-05-06,1.35,1.44,1.27,1.4,8120,0
2010-05-07,1.39,1.39,1.35,1.35,6198,0
2010-05-10,1.35,1.4,1.35,1.4,3394,0
2010-05-11,1.39,1.39,1.33,1.38,9965,0
2010-05-12,1.33,1.38,1.33,1.38,5556,0
2010-05-13,1.38,1.38,1.35,1.37,3381,0
2010-05-14,1.37,1.37,1.37,1.37,21,0
2010-05-17,1.34,1.34,1.3,1.33,23310,0
2010-05-18,1.27,1.33,1.27,1.33,4619,0
2010-05-19,1.33,1.33,1.25,1.25,5000,0
2010-05-20,1.25,1.25,1.2,1.2,5900,0
2010-05-21,1.15,1.15,1.13,1.15,67663,0
2010-05-24,1.15,1.15,0.98,1.15,59154,0
2010-05-25,1.15,1.15,1.07,1.07,2550,0
2010-05-26,1.15,1.2,1.15,1.2,10079,0
2010-05-27,1.2,1.2,1.15,1.15,5346,0
2010-05-28,1.2,1.2,1.15,1.15,9001,0
2010-06-01,1.2,1.2,1.18,1.18,3200,0
2010-06-02,1.18,1.18,1.15,1.15,3564,0
2010-06-04,1.18,1.2,1.18,1.18,14218,0
2010-06-07,1.15,1.2,1.15,1.15,5079,0
2010-06-08,1.15,1.15,1.15,1.15,3000,0
2010-06-09,1.15,1.2,1.15,1.2,11029,0
2010-06-10,1.19,1.2,1.19,1.2,11000,0
2010-06-11,1.13,1.13,0.96,1.11,37353,0
2010-06-14,1.11,1.17,1.11,1.17,8288,0
2010-06-15,1.17,1.2,1.12,1.12,83235,0
2010-06-16,1.12,1.2,1.12,1.12,1713,0
2010-06-17,1.18,1.18,1.18,1.18,2000,0
2010-06-18,1.19,1.19,1.19,1.19,10,0
2010-06-21,1.15,1.15,1.12,1.12,2489,0
2010-06-22,1.12,1.12,1.11,1.12,3500,0
2010-06-23,1.11,1.11,1.1,1.11,8786,0
2010-06-24,1.1,1.1,1.08,1.08,4059,0
2010-06-25,1.06,1.07,1.06,1.07,6197,0
2010-06-28,1.15,1.15,1.15,1.15,10000,0
2010-06-30,1.1,1.1,1.1,1.1,700,0
2010-07-01,1.06,1.1,1.06,1.1,6687,0
2010-07-02,1.16,1.16,1.01,1.01,7932,0
2010-07-05,1,1.09,1,1.09,14491,0
2010-07-06,1.02,1.02,1,1,3800,0
2010-07-08,1.05,1.1,1.05,1.1,31040,0
2010-07-12,1.06,1.06,1.06,1.06,1000,0
2010-07-14,1.1,1.1,1.06,1.06,6001,0
2010-07-15,1.1,1.1,1.1,1.1,4237,0
2010-07-16,1.1,1.1,1.1,1.1,13059,0
2010-07-20,1.1,1.16,1.1,1.16,5500,0
2010-07-21,1.16,1.26,1.16,1.2,75830,0
2010-07-22,1.25,1.29,1.2,1.29,34393,0
2010-07-23,1.32,1.33,1.26,1.33,31981,0
2010-07-26,1.3,1.31,1.26,1.26,9951,0
2010-07-27,1.26,1.28,1.22,1.23,12240,0
2010-07-28,1.24,1.33,1.23,1.25,16893,0
2010-07-29,1.25,1.25,1.25,1.25,1500,0
2010-07-30,1.26,1.32,1.26,1.26,21500,0
2010-08-03,1.26,1.26,1.2,1.25,19660,0
2010-08-04,1.28,1.3,1.28,1.3,15700,0
2010-08-05,1.3,1.3,1.25,1.25,7963,0
2010-08-06,1.25,1.27,1.21,1.27,14800,0
2010-08-09,1.2,1.23,1.2,1.23,16003,0
2010-08-10,1.21,1.26,1.21,1.26,9288,0
2010-08-11,1.25,1.26,1.25,1.26,5925,0
2010-08-12,1.26,1.27,1.25,1.25,22143,0
2010-08-13,1.24,1.27,1.24,1.26,26231,0
2010-08-16,1.26,1.32,1.26,1.27,20638,0
2010-08-17,1.29,1.29,1.27,1.27,1360,0
2010-08-18,1.25,1.28,1.25,1.28,1700,0
2010-08-19,1.28,1.3,1.28,1.3,16080,0
2010-08-20,1.29,1.29,1.29,1.29,3800,0
2010-08-24,1.25,1.25,1.25,1.25,6500,0
2010-08-25,1.2,1.2,1.2,1.2,16300,0
2010-08-26,1.2,1.2,1.2,1.2,442,0
2010-08-27,1.2,1.25,1.18,1.25,9600,0
2010-08-30,1.25,1.25,1.2,1.2,1279,0
2010-08-31,1.26,1.26,1.2,1.2,3603,0
2010-09-01,1.24,1.24,1.18,1.18,34534,0
2010-09-02,1.2,1.25,1.18,1.18,1375,0
2010-09-03,1.19,1.22,1.18,1.22,35801,0
2010-09-06,1.18,1.18,1.11,1.18,19906,0
2010-09-07,1.15,1.19,1.15,1.19,3982,0
2010-09-08,1.12,1.2,1.12,1.2,9200,0
2010-09-09,1.16,1.19,1.1,1.19,19782,0
2010-09-10,1.17,1.19,1.17,1.19,4000,0
2010-09-13,1.15,1.16,1.11,1.15,16020,0
2010-09-16,1.19,1.23,1.19,1.19,29286,0
2010-09-17,1.22,1.22,1.22,1.22,2050,0
2010-09-20,1.23,1.33,1.2,1.31,73550,0
2010-09-21,1.25,1.3,1.25,1.26,7033,0
2010-09-22,1.28,1.31,1.25,1.25,3410,0
2010-09-23,1.25,1.25,1.13,1.24,45202,0
2010-09-24,1.17,1.26,1.15,1.26,17804,0
2010-09-27,1.24,1.24,1.24,1.24,150,0
2010-09-28,1.2,1.2,1.2,1.2,900,0
2010-09-29,1.19,1.29,1.19,1.29,29315,0
2010-09-30,1.28,1.31,1.2,1.29,14084,0
2010-10-01,1.28,1.35,1.23,1.35,534170,0
2010-10-04,1.57,1.57,1.4,1.5,9750,0
2010-10-05,1.48,1.55,1.43,1.55,19330,0
2010-10-06,1.54,1.56,1.5,1.5,4650,0
2010-10-07,1.41,1.55,1.41,1.55,14701,0
2010-10-08,1.48,1.64,1.48,1.6,152234,0
2010-10-11,1.55,1.6,1.51,1.58,16587,0
2010-10-12,1.6,1.6,1.6,1.6,419,0
2010-10-13,1.5,1.57,1.49,1.57,8304,0
2010-10-14,1.58,1.59,1.58,1.59,479,0
2010-10-15,1.52,1.59,1.52,1.52,28717,0
2010-10-18,1.5,1.59,1.5,1.59,7674,0
2010-10-19,1.5,1.5,1.45,1.45,5404,0
2010-10-20,1.57,1.57,1.5,1.51,41675,0
2010-10-21,1.5,1.57,1.4,1.51,13057,0
2010-10-22,1.5,1.56,1.49,1.56,3001,0
2010-10-25,1.54,1.56,1.53,1.56,7531,0
2010-10-26,1.6,1.63,1.55,1.63,13947,0
2010-10-27,1.53,1.65,1.53,1.65,30556,0
2010-10-28,1.65,1.79,1.65,1.79,228932,0
2010-10-29,1.88,1.94,1.7,1.8,65136,0
2010-11-02,1.8,1.88,1.76,1.84,57386,0
2010-11-03,1.84,1.84,1.75,1.8,25961,0
2010-11-04,1.83,1.95,1.8,1.9,114014,0
2010-11-05,1.93,1.94,1.76,1.85,150568,0
2010-11-08,1.82,1.95,1.82,1.94,131102,0
2010-11-09,1.95,1.95,1.93,1.95,69223,0
2010-11-10,1.95,1.95,1.87,1.93,29802,0
2010-11-12,1.94,1.94,1.84,1.9,94967,0
2010-11-15,1.92,2.05,1.88,1.95,82742,0
2010-11-16,1.96,2.05,1.95,1.99,282392,0
2010-11-17,1.98,2.11,1.98,2.05,261466,0
2010-11-18,2.1,2.15,2.08,2.13,160095,0
2010-11-19,2.15,2.43,2.15,2.28,310770,0
2010-11-22,2.28,2.43,2.25,2.43,191455,0
2010-11-23,2.43,2.49,2.3,2.49,194493,0
2010-11-24,2.5,2.69,2.5,2.64,172002,0
2010-11-25,2.65,2.66,2.52,2.57,92939,0
2010-11-26,2.54,2.54,2.32,2.45,76665,0
2010-11-29,2.4,2.42,2.3,2.3,43263,0
2010-11-30,2.34,2.35,2.25,2.3,69820,0
2010-12-01,2.34,2.54,2.34,2.53,41791,0
2010-12-02,2.53,2.65,2.5,2.63,57963,0
2010-12-03,2.65,2.66,2.57,2.62,48822,0
2010-12-06,2.62,2.66,2.57,2.65,30153,0
2010-12-07,2.67,2.71,2.58,2.65,87086,0
2010-12-08,2.66,2.74,2.62,2.74,152154,0
2010-12-09,2.79,3.3,2.79,2.99,173746,0
2010-12-10,3,3,2.85,3,52705,0
2010-12-13,2.95,3,2.88,2.97,11103,0
2010-12-14,2.88,2.96,2.88,2.96,7322,0
2010-12-15,2.83,2.86,2.79,2.79,29905,0
2010-12-16,2.77,2.85,2.77,2.85,20799,0
2010-12-17,2.82,2.82,2.64,2.7,81069,0
2010-12-20,2.67,2.7,2.57,2.61,33069,0
2010-12-21,2.7,2.7,2.65,2.7,52266,0
2010-12-22,2.7,2.85,2.7,2.85,51814,0
2010-12-23,2.78,2.85,2.7,2.81,29727,0
2010-12-27,2.72,2.84,2.59,2.83,315701,0
2010-12-28,2.83,2.83,2.73,2.79,85609,0
2010-12-29,2.79,2.79,2.6,2.72,16803,0
2010-12-30,2.62,2.75,2.62,2.75,7750,0
2010-12-31,2.77,2.77,2.68,2.76,10051,0
2011-01-03,2.75,2.75,2.69,2.7,13219,0
2011-01-04,2.75,2.75,2.41,2.49,115771,0
2011-01-05,2.37,2.56,2.34,2.53,58990,0
2011-01-07,2.58,2.58,2.41,2.49,39769,0
2011-01-10,2.43,2.43,2.29,2.34,47442,0
2011-01-11,2.26,2.3,2.2,2.25,99196,0
2011-01-12,2.25,2.25,2.25,2.25,29450,0
2011-01-13,2.25,2.44,2.21,2.44,76833,0
2011-01-14,2.44,2.49,2.44,2.45,8224,0
2011-01-17,2.45,2.6,2.37,2.53,17800,0
2011-01-18,2.54,2.6,2.4,2.53,13719,0
2011-01-19,2.47,2.6,2.34,2.48,17692,0
2011-01-20,2.47,2.47,2.31,2.44,24653,0
2011-01-21,2.43,2.47,2.4,2.4,24585,0
2011-01-24,2.48,2.48,2.39,2.47,15646,0
2011-01-25,2.35,2.35,2.33,2.35,2564,0
2011-01-26,2.37,2.45,2.35,2.4,7051,0
2011-01-27,2.4,2.44,2.4,2.4,6645,0
2011-01-28,2.4,2.43,2.33,2.33,6168,0
2011-01-31,2.32,2.32,2.23,2.28,9855,0
2011-02-01,2.22,2.29,2.21,2.25,12942,0
2011-02-02,2.24,2.44,2.22,2.44,33408,0
2011-02-03,2.3,2.38,2.3,2.38,7976,0
2011-02-04,2.26,2.68,2.26,2.55,57212,0
2011-02-07,2.43,2.6,2.42,2.5,33300,0
2011-02-08,2.58,2.62,2.58,2.58,19159,0
2011-02-09,2.56,2.8,2.45,2.63,60574,0
2011-02-10,2.77,2.88,2.72,2.85,37243,0
2011-02-11,2.86,2.89,2.65,2.83,24818,0
2011-02-14,2.65,2.77,2.64,2.72,31937,0
2011-02-15,2.71,2.71,2.48,2.7,21036,0
2011-02-16,2.68,2.68,2.53,2.6,7945,0
2011-02-17,2.67,2.67,2.41,2.42,14427,0
2011-02-18,2.42,2.46,2.4,2.46,10273,0
2011-02-21,2.41,2.5,2.4,2.41,14590,0
2011-02-22,2.4,2.45,2.39,2.4,11184,0
2011-02-23,2.4,2.5,2.4,2.5,946,0
2011-02-24,2.5,2.64,2.5,2.64,1365,0
2011-02-25,2.67,2.67,2.64,2.64,676,0
2011-02-28,2.53,2.67,2.53,2.67,1305,0
2011-03-01,2.6,2.6,2.47,2.6,4153,0
2011-03-02,2.54,2.54,2.4,2.54,14795,0
2011-03-03,2.42,2.53,2.42,2.53,889,0
2011-03-04,2.41,2.54,2.41,2.54,3384,0
2011-03-07,2.43,2.48,2.35,2.4,9371,0
2011-03-08,2.4,2.44,2.34,2.43,4006,0
2011-03-09,2.37,2.41,2.33,2.41,10585,0
2011-03-10,2.35,2.43,2.33,2.43,2600,0
2011-03-11,2.33,2.42,2.33,2.42,275,0
2011-03-14,2.34,2.41,2.33,2.41,9911,0
2011-03-15,2.38,2.42,2.33,2.33,17002,0
2011-03-16,2.39,2.39,2.35,2.35,768,0
2011-03-17,2.35,2.35,2.27,2.3,35900,0
2011-03-18,2.3,2.38,2.3,2.38,3645,0
2011-03-21,2.38,2.38,2.3,2.38,2239,0
2011-03-22,2.38,2.38,2.27,2.28,10833,0
2011-03-23,2.3,2.3,2.3,2.3,4498,0
2011-03-24,2.3,2.3,2.2,2.27,13914,0
2011-03-25,2.2,2.32,1.86,2.29,9446,0
2011-03-28,2.28,2.28,2.28,2.28,100,0
2011-03-29,2.28,2.49,2.28,2.36,77594,0
2011-03-30,2.3,2.35,2.28,2.35,6209,0
2011-04-01,2.27,2.27,2.2,2.26,8160,0
2011-04-04,2.21,2.35,2.21,2.25,64531,0
2011-04-05,2.27,2.37,2.27,2.37,87784,0
2011-04-06,2.38,2.41,2.37,2.41,17213,0
2011-04-07,2.35,2.41,2.35,2.4,1432,0
2011-04-08,2.41,2.6,2.4,2.6,27211,0
2011-04-11,2.5,2.58,2.5,2.58,679,0
2011-04-12,2.58,2.59,2.5,2.5,4102,0
2011-04-13,2.51,2.63,2.51,2.6,17171,0
2011-04-14,2.6,2.6,2.48,2.6,6000,0
2011-04-15,2.49,2.59,2.46,2.57,8536,0
2011-04-19,2.49,2.59,2.48,2.56,22933,0
2011-04-20,2.49,2.6,2.48,2.59,32169,0
2011-04-21,2.6,2.6,2.5,2.57,61186,0
2011-04-26,2.57,2.62,2.57,2.57,30852,0
2011-04-27,2.59,2.6,2.57,2.57,7165,0
2011-04-28,2.55,2.55,2.4,2.54,10888,0
2011-04-29,2.41,2.54,2.4,2.53,2441,0
2011-05-02,2.53,2.53,2.45,2.45,4289,0
2011-05-04,2.46,2.5,2.46,2.46,5656,0
2011-05-05,2.45,2.45,2.4,2.4,15692,0
2011-05-06,2.39,2.45,2.39,2.45,22022,0
2011-05-09,2.44,2.5,2.4,2.45,18606,0
2011-05-10,2.5,2.5,2.39,2.39,68143,0
2011-05-11,2.4,2.44,2.36,2.43,5959,0
2011-05-12,2.36,2.43,2.19,2.42,17193,0
2011-05-13,2.27,2.36,2.27,2.33,11958,0
2011-05-16,2.43,2.5,2.4,2.5,19059,0
2011-05-17,2.37,2.49,2.37,2.49,510,0
2011-05-18,2.38,2.49,2.38,2.39,555,0
2011-05-19,2.36,2.47,2.35,2.47,2001,0
2011-05-20,2.48,2.48,2.37,2.37,1000,0
2011-05-23,2.47,2.48,2.3,2.43,22912,0
2011-05-24,2.42,2.48,2.42,2.47,78663,0
2011-05-25,2.46,2.46,2.4,2.4,4571,0
2011-05-26,2.38,2.38,2.37,2.37,1480,0
2011-05-27,2.4,2.47,2.4,2.47,1002,0
2011-05-30,2.4,2.43,2.33,2.35,12610,0
2011-05-31,2.35,2.42,2.34,2.35,16153,0
2011-06-01,2.39,2.42,2.35,2.42,2556,0
2011-06-02,2.36,2.36,2.3,2.35,30167,0
2011-06-03,2.35,2.35,2.3,2.3,3020,0
2011-06-06,2.3,2.34,2.27,2.34,28312,0
2011-06-07,2.3,2.5,2.3,2.45,33855,0
2011-06-08,2.42,2.54,2.4,2.54,31343,0
2011-06-09,2.55,2.69,2.47,2.47,11572,0
2011-06-10,2.45,2.5,2.35,2.47,10106,0
2011-06-13,2.47,2.5,2.45,2.5,3594,0
2011-06-14,2.46,2.49,2.46,2.49,1836,0
2011-06-15,2.49,2.51,2.4,2.49,9347,0
2011-06-16,3,3.4,2.7,2.9,547868,0
2011-06-17,2.83,2.83,2.68,2.7,208858,0
2011-06-20,2.63,2.74,2.6,2.67,33386,0
2011-06-21,2.67,2.67,2.5,2.6,36397,0
2011-06-22,2.55,2.59,2.5,2.59,14078,0
2011-06-24,2.5,2.59,2.43,2.5,77706,0
2011-06-27,2.59,2.59,2.45,2.45,61423,0
2011-06-28,2.48,2.69,2.48,2.59,19734,0
2011-06-29,2.61,2.68,2.53,2.65,11616,0
2011-06-30,2.55,2.55,2.55,2.55,1100,0
2011-07-01,2.55,2.55,2.47,2.54,7714,0
2011-07-04,2.52,2.61,2.45,2.52,14153,0
2011-07-05,2.59,2.59,2.45,2.58,7680,0
2011-07-06,2.57,2.6,2.49,2.6,1743,0
2011-07-07,2.55,2.69,2.55,2.69,51524,0
2011-07-08,2.68,2.7,2.65,2.68,36334,0
2011-07-11,2.63,2.69,2.63,2.69,4099,0
2011-07-12,2.68,2.68,2.55,2.64,3354,0
2011-07-13,2.6,2.92,2.56,2.78,56530,0
2011-07-14,2.78,2.88,2.76,2.85,55352,0
2011-07-15,2.73,2.87,2.61,2.84,111281,0
2011-07-18,2.85,2.95,2.83,2.92,78837,0
2011-07-19,2.91,2.92,2.86,2.92,6393,0
2011-07-20,2.81,2.88,2.81,2.88,2570,0
2011-07-21,2.79,2.86,2.79,2.85,3936,0
2011-07-22,2.86,2.86,2.8,2.84,4810,0
2011-07-25,2.87,2.87,2.75,2.8,23068,0
2011-07-26,2.84,2.84,2.68,2.82,2179,0
2011-07-27,2.82,2.82,2.69,2.76,1075,0
2011-07-28,2.69,2.78,2.53,2.7,10869,0
2011-07-29,2.7,2.7,2.7,2.7,100,0
2011-08-01,2.65,2.72,2.65,2.72,2883,0
2011-08-02,2.58,2.6,2.53,2.6,10144,0
2011-08-03,2.53,2.53,2.3,2.45,19227,0
2011-08-04,2.32,2.42,2.02,2.25,33176,0
2011-08-05,2.11,2.3,2.02,2.3,11881,0
2011-08-08,2.12,2.2,1.9,2.07,38661,0
2011-08-09,1.96,1.96,1.7,1.88,48337,0
2011-08-10,1.88,2.1,1.88,1.98,24316,0
2011-08-11,1.99,2.05,1.91,2.05,12053,0
2011-08-12,2.02,2.09,1.9,2,21892,0
2011-08-16,2.04,2.05,1.91,2.05,14582,0
2011-08-17,2,2.05,1.92,2.01,16411,0
2011-08-18,2,2,1.61,1.7,35070,0
2011-08-19,1.67,2.04,1.6,1.99,109284,0
2011-08-22,1.88,1.99,1.87,1.99,2750,0
2011-08-23,1.98,2.24,1.98,2.09,39722,0
2011-08-24,2.1,2.19,1.98,2.15,6691,0
2011-08-25,2.15,2.19,2,2.18,24269,0
2011-08-26,2.18,2.19,1.99,2.13,14474,0
2011-08-29,2.13,2.16,1.98,2.09,38007,0
2011-08-30,2.07,2.08,2.01,2.08,2644,0
2011-08-31,2.1,2.1,2.1,2.1,100,0
2011-09-01,2.01,2.07,2.01,2.03,32550,0
2011-09-02,2.02,2.02,2,2,1755,0
2011-09-05,1.9,2,1.9,2,1072,0
2011-09-06,1.89,1.9,1.84,1.9,15877,0
2011-09-07,1.9,1.96,1.9,1.9,3248,0
2011-09-08,1.85,1.91,1.77,1.88,4697,0
2011-09-09,1.76,1.88,1.72,1.88,4794,0
2011-09-12,1.77,1.85,1.69,1.82,13284,0
2011-09-13,1.79,1.88,1.7,1.79,7353,0
2011-09-14,1.8,1.83,1.8,1.83,455,0
2011-09-15,1.89,1.95,1.89,1.94,6320,0
2011-09-16,1.94,1.94,1.74,1.77,23600,0
2011-09-19,1.83,1.87,1.69,1.8,10697,0
2011-09-20,1.7,1.79,1.7,1.79,532,0
2011-09-21,1.79,1.86,1.77,1.86,7160,0
2011-09-22,1.72,1.79,1.6,1.79,21698,0
2011-09-23,1.79,1.8,1.78,1.79,3010,0
2011-09-26,1.79,1.79,1.79,1.79,2500,0
2011-09-27,2.1,2.1,1.95,2,122413,0
2011-09-28,2.02,2.02,1.94,1.98,3044,0
2011-09-30,1.91,1.94,1.85,1.93,3711,0
2011-10-04,1.83,1.91,1.77,1.84,4092,0
2011-10-05,1.8,1.85,1.6,1.85,12391,0
2011-10-06,1.85,1.85,1.75,1.84,3575,0
2011-10-07,1.83,1.85,1.79,1.85,23633,0
2011-10-10,2.04,2.44,1.94,2.18,56358,0
2011-10-11,2.28,2.28,1.77,1.88,371428,0
2011-10-12,1.87,1.88,1.76,1.8,146962,0
2011-10-13,1.81,1.85,1.7,1.77,17963,0
2011-10-14,1.77,1.77,1.71,1.77,1491,0
2011-10-17,1.79,1.85,1.74,1.76,15339,0
2011-10-18,1.78,1.78,1.65,1.65,6110,0
2011-10-19,1.72,1.77,1.66,1.77,3679,0
2011-10-20,1.67,1.75,1.62,1.71,6377,0
2011-10-21,1.76,1.8,1.67,1.8,18746,0
2011-10-24,1.8,1.8,1.79,1.79,2765,0
2011-10-25,1.79,1.79,1.72,1.78,10718,0
2011-10-26,1.78,1.78,1.68,1.75,9275,0
2011-10-27,1.75,1.78,1.66,1.75,27322,0
2011-10-28,1.67,1.85,1.67,1.85,24976,0
2011-10-31,1.8,1.86,1.79,1.86,60191,0
2011-11-02,1.86,1.86,1.77,1.8,5005,0
2011-11-03,1.84,1.84,1.73,1.83,3707,0
2011-11-04,1.82,1.83,1.67,1.83,14116,0
2011-11-07,1.83,1.83,1.81,1.83,5437,0
2011-11-08,1.82,1.83,1.8,1.83,13095,0
2011-11-09,1.73,1.83,1.73,1.83,14953,0
2011-11-10,1.71,1.81,1.7,1.81,1818,0
2011-11-14,1.81,1.83,1.8,1.8,2546,0
2011-11-15,1.84,1.84,1.7,1.82,16629,0
2011-11-16,1.81,1.84,1.77,1.84,10542,0
2011-11-17,1.83,1.88,1.83,1.85,44725,0
2011-11-18,1.88,1.99,1.85,1.96,60446,0
2011-11-21,1.92,1.92,1.78,1.85,78172,0
2011-11-22,1.8,1.85,1.76,1.83,12902,0
2011-11-23,1.75,1.85,1.75,1.81,14478,0
2011-11-24,1.74,1.81,1.74,1.8,6921,0
2011-11-25,1.73,1.84,1.73,1.8,2733,0
2011-11-28,1.72,1.84,1.72,1.81,5064,0
2011-11-29,1.75,1.82,1.75,1.82,2886,0
2011-11-30,1.79,1.87,1.79,1.87,33090,0
2011-12-01,1.87,1.87,1.8,1.87,10724,0
2011-12-02,1.78,1.89,1.78,1.89,6658,0
2011-12-05,1.79,1.89,1.79,1.81,2764,0
2011-12-06,1.81,1.88,1.78,1.78,6895,0
2011-12-07,1.79,1.84,1.74,1.75,13107,0
2011-12-08,1.83,1.83,1.73,1.73,3482,0
2011-12-09,1.84,1.84,1.73,1.77,3594,0
2011-12-12,1.82,1.82,1.73,1.79,2374,0
2011-12-13,1.73,1.75,1.71,1.75,6575,0
2011-12-14,1.71,1.72,1.65,1.72,13034,0
2011-12-15,1.7,1.7,1.66,1.7,927,0
2011-12-16,1.73,1.74,1.65,1.73,3635,0
2011-12-19,1.73,1.78,1.67,1.73,134121,0
2011-12-20,1.69,1.74,1.69,1.7,812,0
2011-12-21,1.68,1.7,1.66,1.68,6914,0
2011-12-22,1.7,1.7,1.61,1.7,20304,0
2011-12-23,1.7,1.7,1.62,1.7,483670,0
2011-12-27,1.87,1.87,1.69,1.79,92296,0
2011-12-28,1.89,1.89,1.8,1.85,17062,0
2011-12-29,1.85,1.85,1.75,1.77,5508,0
2011-12-30,1.84,1.84,1.77,1.81,2900,0
2012-01-02,1.85,1.99,1.81,1.85,27028,0
2012-01-03,1.85,2,1.81,2,24949,0
2012-01-04,1.98,1.98,1.81,1.9,14352,0
2012-01-05,1.98,2.05,1.83,1.93,10270,0
2012-01-09,1.94,1.94,1.86,1.93,1642,0
2012-01-10,1.96,2.01,1.87,2.01,101227,0
2012-01-11,2.21,2.39,2,2.14,39635,0
2012-01-12,2.06,2.1,2.02,2.05,4283,0
2012-01-13,2.11,2.11,2.02,2.08,119465,0
2012-01-16,1.93,2.04,1.74,1.89,570219,0
2012-01-17,1.89,1.91,1.78,1.84,69374,0
2012-01-18,1.7,1.77,1.65,1.72,317481,0
2012-01-19,1.69,1.72,1.62,1.69,57126,0
2012-01-20,1.69,1.73,1.68,1.72,9802,0
2012-01-23,1.73,1.73,1.68,1.69,10592,0
2012-01-24,1.69,1.73,1.67,1.71,9346,0
2012-01-25,1.7,1.71,1.69,1.71,3431,0
2012-01-26,1.71,1.74,1.68,1.73,20327,0
2012-01-27,1.73,1.74,1.72,1.72,6167,0
2012-01-30,1.72,1.73,1.68,1.71,10430,0
2012-01-31,1.72,1.75,1.69,1.73,13553,0
2012-02-01,1.73,1.73,1.7,1.73,7519,0
2012-02-02,1.76,1.79,1.73,1.76,18615,0
2012-02-03,1.79,1.89,1.76,1.89,91438,0
2012-02-06,1.88,1.9,1.75,1.82,57224,0
2012-02-07,1.78,1.84,1.75,1.84,23644,0
2012-02-08,1.85,1.98,1.84,1.94,45434,0
2012-02-09,1.86,1.88,1.81,1.85,14365,0
2012-02-10,1.88,1.89,1.74,1.78,54541,0
2012-02-13,1.81,1.82,1.78,1.82,16882,0
2012-02-14,1.77,1.83,1.77,1.83,7606,0
2012-02-15,1.83,1.88,1.82,1.85,55552,0
2012-02-16,1.84,1.87,1.83,1.85,8430,0
2012-02-17,1.83,1.88,1.83,1.87,24994,0
2012-02-20,1.87,1.89,1.77,1.79,41895,0
2012-02-21,1.84,1.84,1.76,1.79,3200,0
2012-02-22,1.77,1.81,1.76,1.8,5660,0
2012-02-23,1.76,1.8,1.74,1.8,29114,0
2012-02-24,1.79,1.79,1.79,1.79,445,0
2012-02-27,1.74,1.79,1.74,1.77,20395,0
2012-02-28,1.74,1.78,1.74,1.76,3365,0
2012-02-29,1.75,1.76,1.75,1.75,5590,0
2012-03-01,1.76,1.77,1.72,1.72,8810,0
2012-03-02,1.73,1.78,1.72,1.75,13750,0
2012-03-05,1.77,1.86,1.77,1.85,53717,0
2012-03-06,1.85,1.85,1.79,1.79,15025,0
2012-03-07,1.73,1.78,1.73,1.77,33748,0
2012-03-08,1.78,1.79,1.76,1.78,19895,0
2012-03-09,1.8,1.83,1.78,1.82,13436,0
2012-03-12,1.79,1.82,1.77,1.8,8482,0
2012-03-13,1.77,1.77,1.73,1.74,2684,0
2012-03-14,1.74,1.79,1.7,1.76,51822,0
2012-03-15,1.7,1.74,1.67,1.72,16236,0
2012-03-16,1.72,1.75,1.68,1.72,13190,0
2012-03-19,1.72,1.75,1.72,1.73,7219,0
2012-03-20,1.72,1.72,1.69,1.69,7073,0
2012-03-21,1.73,1.73,1.56,1.59,72609,0
2012-03-22,1.58,1.58,1.47,1.55,42167,0
2012-03-23,1.55,1.62,1.55,1.62,14555,0
2012-03-26,1.61,1.61,1.52,1.57,3644,0
2012-03-27,1.53,1.6,1.53,1.55,6115,0
2012-03-28,1.54,1.59,1.46,1.5,33634,0
2012-03-29,1.5,1.51,1.47,1.51,9601,0
2012-03-30,1.47,1.48,1.46,1.48,20782,0
2012-04-02,1.49,1.51,1.48,1.51,7040,0
2012-04-03,1.48,1.58,1.48,1.58,20000,0
2012-04-04,1.52,1.63,1.51,1.61,18890,0
2012-04-05,1.53,1.53,1.53,1.53,535,0
2012-04-10,1.52,1.58,1.46,1.53,10545,0
2012-04-11,1.47,1.52,1.44,1.44,23040,0
2012-04-12,1.42,1.47,1.41,1.47,8514,0
2012-04-13,1.43,1.43,1.43,1.43,1000,0
2012-04-16,1.45,1.45,1.44,1.44,2000,0
2012-04-17,1.43,1.45,1.43,1.45,2190,0
2012-04-18,1.47,1.47,1.45,1.45,2105,0
2012-04-20,1.44,1.44,1.4,1.4,5940,0
2012-04-23,1.4,1.4,1.26,1.34,14706,0
2012-04-24,1.26,1.33,1.26,1.33,1492,0
2012-04-25,1.34,1.37,1.34,1.37,965,0
2012-04-26,1.37,1.39,1.32,1.39,2011,0
2012-04-30,1.39,1.4,1.38,1.39,3298,0
2012-05-02,1.39,1.39,1.39,1.39,1700,0
2012-05-04,1.34,1.38,1.34,1.38,3320,0
2012-05-07,1.34,1.34,1.32,1.32,3200,0
2012-05-08,1.32,1.32,1.32,1.32,529,0
2012-05-09,1.32,1.32,1.3,1.3,7852,0
2012-05-10,1.3,1.37,1.3,1.37,9432,0
2012-05-11,1.31,1.31,1.24,1.25,20380,0
2012-05-14,1.23,1.24,1.23,1.24,2100,0
2012-05-15,1.24,1.24,1.24,1.24,320,0
2012-05-16,1.2,1.2,1.2,1.2,2000,0
2012-05-17,1.15,1.15,1.08,1.13,9259,0
2012-05-18,1.05,1.13,1,1.13,20735,0
2012-05-21,1.1,1.19,1.1,1.19,9173,0
2012-05-23,1.1,1.17,1.1,1.17,1001,0
2012-05-24,1.16,1.16,1.09,1.15,11263,0
2012-05-25,1.12,1.15,1.12,1.15,1199,0
2012-05-28,1.15,1.15,1.15,1.15,147,0
2012-05-29,1.09,1.15,1.09,1.09,2396,0
2012-05-30,1.09,1.15,1,1.04,32580,0
2012-05-31,1.04,1.07,0.95,0.99,55970,0
2012-06-01,1.03,1.03,0.97,1.01,22411,0
2012-06-04,1,1.03,1,1.03,3492,0
2012-06-05,1.04,1.04,0.92,1,11611,0
2012-06-06,0.95,1.08,0.95,1.08,23624,0
2012-06-08,1.08,1.1,1.08,1.1,1177,0
2012-06-11,1.08,1.1,1.05,1.1,2819,0
2012-06-12,1.02,1.09,1.02,1.09,12900,0
2012-06-13,1.1,1.1,1.1,1.1,59,0
2012-06-14,1.03,1.08,1.03,1.08,2314,0
2012-06-15,1.06,1.08,1.06,1.08,2041,0
2012-06-18,1.04,1.09,1.04,1.09,6201,0
2012-06-20,1.07,1.09,1.07,1.09,2000,0
2012-06-21,1.05,1.1,1.03,1.1,5367,0
2012-06-26,1.03,1.12,1.02,1.12,36807,0
2012-06-27,1.09,1.11,1.08,1.11,12000,0
2012-06-28,1.11,1.11,1.05,1.05,3051,0
2012-06-29,1.09,1.09,1.01,1.04,5663,0
2012-07-02,1.04,1.09,1.02,1.05,6898,0
2012-07-03,1.07,1.07,1.05,1.05,1002,0
2012-07-04,1.05,1.07,1.05,1.07,2182,0
2012-07-05,1.07,1.07,1.03,1.03,10002,0
2012-07-06,1.03,1.07,1.03,1.07,102,0
2012-07-09,1.07,1.07,1.03,1.07,1024,0
2012-07-10,1.07,1.07,1.07,1.07,1,0
2012-07-11,1.06,1.06,1.03,1.06,4366,0
2012-07-12,1.06,1.06,1.01,1.02,2802,0
2012-07-13,1.04,1.04,1.04,1.04,2,0
2012-07-16,1.04,1.04,1.04,1.04,2,0
2012-07-17,1.04,1.04,1.04,1.04,1002,0
2012-07-18,1.04,1.04,1,1.02,3002,0
2012-07-19,1.04,1.04,1.04,1.04,487,0
2012-07-20,1.05,1.05,1.04,1.04,2,0
2012-07-23,1.03,1.03,1.02,1.02,2,0
2012-07-24,1.03,1.04,1,1,5002,0
2012-07-25,1.04,1.04,0.98,1.04,1003,0
2012-07-26,1.04,1.04,1.04,1.04,2,0
2012-07-27,1.04,1.05,1.04,1.05,8581,0
2012-07-30,1.04,1.04,1.04,1.04,1422,0
2012-07-31,1.05,1.05,1.05,1.05,2,0
2012-08-01,1.05,1.05,1.01,1.01,3002,0
2012-08-02,0.99,0.99,0.99,0.99,1100,0
2012-08-03,0.99,0.99,0.98,0.98,14002,0
2012-08-06,0.98,0.98,0.9,0.94,14180,0
2012-08-07,0.94,0.96,0.94,0.96,1752,0
2012-08-08,0.96,0.96,0.91,0.91,2403,0
2012-08-09,0.92,0.92,0.9,0.9,12000,0
2012-08-10,0.91,0.95,0.89,0.9,29275,0
2012-08-13,0.88,0.88,0.81,0.86,25775,0
2012-08-14,0.85,0.85,0.82,0.85,5812,0
2012-08-16,0.81,0.85,0.81,0.85,9353,0
2012-08-17,0.86,0.86,0.8,0.82,19168,0
2012-08-20,0.77,0.79,0.77,0.79,2163,0
2012-08-21,0.78,0.81,0.78,0.79,4501,0
2012-08-22,0.79,0.8,0.73,0.76,25295,0
2012-08-23,0.74,0.74,0.73,0.74,5977,0
2012-08-24,0.74,0.74,0.73,0.74,12292,0
2012-08-27,0.74,0.76,0.74,0.76,2965,0
2012-08-28,0.76,0.76,0.71,0.76,5571,0
2012-08-29,0.71,0.75,0.7,0.7,23771,0
2012-08-30,0.7,0.7,0.66,0.7,15822,0
2012-08-31,0.7,0.7,0.7,0.7,6359,0
2012-09-03,0.71,0.71,0.71,0.71,2500,0
2012-09-04,0.71,0.71,0.67,0.71,9174,0
2012-09-05,0.66,0.7,0.66,0.7,229,0
2012-09-06,0.68,0.69,0.67,0.69,5451,0
2012-09-07,0.7,0.7,0.67,0.67,5766,0
2012-09-10,0.7,0.72,0.69,0.72,10477,0
2012-09-11,0.72,0.72,0.7,0.72,2643,0
2012-09-12,0.7,0.71,0.69,0.71,16071,0
2012-09-13,0.71,0.84,0.71,0.79,47258,0
2012-09-14,0.8,0.83,0.77,0.83,33955,0
2012-09-17,0.82,0.85,0.8,0.84,38902,0
2012-09-18,0.85,0.85,0.83,0.85,1360,0
2012-09-19,0.85,0.96,0.85,0.96,38309,0
2012-09-20,0.93,1.04,0.93,0.98,176953,0
2012-09-21,1.05,1.05,0.99,0.99,21950,0
2012-09-24,1,1.2,0.99,1.2,373259,0
2012-09-25,1.32,1.59,1.32,1.59,306000,0
2012-09-26,1.9,2.05,1.4,1.67,1162382,0
2012-09-27,1.55,1.58,1.26,1.26,906924,0
2012-09-28,1.25,1.28,1.03,1.09,765808,0
2012-10-01,1.13,1.36,1.1,1.36,369333,0
2012-10-02,1.45,1.56,1.28,1.43,469876,0
2012-10-03,1.39,1.42,1.26,1.27,247402,0
2012-10-04,1.28,1.33,1.16,1.2,201739,0
2012-10-05,1.21,1.35,1.2,1.34,175567,0
2012-10-08,1.36,1.63,1.36,1.5,571824,0
2012-10-09,1.55,1.6,1.4,1.43,104203,0
2012-10-10,1.44,1.72,1.38,1.7,338851,0
2012-10-11,1.7,1.75,1.53,1.56,162198,0
2012-10-12,1.61,1.74,1.57,1.57,126987,0
2012-10-15,1.59,1.63,1.48,1.48,57751,0
2012-10-16,1.51,1.57,1.44,1.48,50498,0
2012-10-17,1.52,1.52,1.37,1.47,95197,0
2012-10-18,1.48,1.48,1.4,1.41,137626,0
2012-10-19,1.48,1.55,1.41,1.45,38704,0
2012-10-22,1.51,1.51,1.42,1.47,11604,0
2012-10-23,1.47,1.47,1.41,1.45,27943,0
2012-10-24,1.45,1.45,1.41,1.43,23734,0
2012-10-25,1.46,1.46,1.38,1.38,36695,0
2012-10-26,1.37,1.41,1.36,1.4,14663,0
2012-10-29,1.4,1.51,1.33,1.51,257819,0
2012-10-30,1.55,1.55,1.45,1.47,13331,0
2012-10-31,1.51,1.51,1.51,1.51,1,0
2012-11-02,1.38,1.48,1.35,1.4,26273,0
2012-11-05,1.42,1.42,1.31,1.35,45998,0
2012-11-06,1.37,1.37,1.3,1.34,16888,0
2012-11-07,1.34,1.34,1.21,1.21,31486,0
2012-11-08,1.21,1.25,1.14,1.24,42067,0
2012-11-09,1.24,1.27,1.18,1.18,9801,0
2012-11-12,1.16,1.17,1.08,1.1,34586,0
2012-11-13,1.17,1.33,1.11,1.3,84296,0
2012-11-14,1.28,1.34,1.15,1.15,72888,0
2012-11-15,1.15,1.19,1.1,1.19,9985,0
2012-11-16,1.19,1.21,1.14,1.2,13108,0
2012-11-19,1.2,1.22,1.1,1.13,34655,0
2012-11-20,1.09,1.26,1.09,1.17,25181,0
2012-11-21,1.2,1.2,1.16,1.16,1600,0
2012-11-22,1.2,1.2,1.11,1.11,20995,0
2012-11-23,1.18,1.2,1.12,1.2,6610,0
2012-11-26,1.2,1.2,1.14,1.14,7035,0
2012-11-27,1.14,1.18,1.13,1.13,11803,0
2012-11-28,1.13,1.16,1.13,1.13,8300,0
2012-11-29,1.12,1.14,1.09,1.14,6406,0
2012-12-03,1.13,1.16,1.08,1.16,2070,0
2012-12-04,1.16,1.16,1.15,1.16,2240,0
2012-12-05,1.16,1.16,1.12,1.14,6541,0
2012-12-06,1.1,1.14,1.08,1.14,8177,0
2012-12-07,1.16,1.19,1.1,1.17,14929,0
2012-12-10,1.19,1.19,1.13,1.15,5541,0
2012-12-11,1.18,1.18,1.15,1.15,793,0
2012-12-12,1.17,1.17,1.06,1.1,36806,0
2012-12-13,1.14,1.14,1.1,1.12,2501,0
2012-12-14,1.14,1.14,1.08,1.12,3067,0
2012-12-17,1.12,1.12,0.94,1,35765,0
2012-12-18,1,1.09,0.99,0.99,15755,0
2012-12-19,1.04,1.07,0.98,1.06,72596,0
2012-12-20,1.1,1.1,1.01,1.02,13422,0
2012-12-21,1.06,1.06,1.02,1.02,1671,0
2012-12-27,1.02,1.06,1,1.01,6701,0
2012-12-28,1.05,1.09,1.01,1.05,6133,0
2013-01-02,1.05,1.1,1,1.09,55691,0
2013-01-03,1.09,1.28,1.04,1.27,135577,0
2013-01-04,1.27,1.31,1.17,1.21,33143,0
2013-01-07,1.23,1.23,1.1,1.14,20690,0
2013-01-08,1.15,1.2,1.08,1.11,33947,0
2013-01-09,1.11,1.15,1.07,1.14,21156,0
2013-01-10,1.14,1.24,1.13,1.2,43295,0
2013-01-11,1.23,1.24,1.16,1.16,47080,0
2013-01-14,1.15,1.21,1.15,1.21,1143,0
2013-01-15,1.22,1.22,1.15,1.15,6360,0
2013-01-16,1.18,1.18,1.16,1.16,1510,0
2013-01-17,1.17,1.18,1.15,1.18,9435,0
2013-01-18,1.17,1.17,1.11,1.17,15367,0
2013-01-21,1.17,1.17,1.11,1.12,13478,0
2013-01-22,1.16,1.18,1.16,1.16,21561,0
2013-01-23,1.16,1.18,1.16,1.16,7390,0
2013-01-24,1.15,1.18,1.12,1.14,8616,0
2013-01-25,1.18,1.31,1.17,1.17,196799,0
2013-01-28,1.15,1.24,1.15,1.23,31234,0
2013-01-29,1.23,1.23,1.17,1.2,7766,0
2013-01-30,1.2,1.21,1.17,1.21,3791,0
2013-01-31,1.21,1.23,1.16,1.23,24034,0
2013-02-01,1.23,1.24,1.18,1.22,3710,0
2013-02-04,1.23,1.26,1.15,1.15,27326,0
2013-02-05,1.15,1.2,1.04,1.05,95673,0
2013-02-06,1.08,1.11,1.06,1.1,25553,0
2013-02-07,1.1,1.1,1.08,1.1,8990,0
2013-02-08,1.1,1.1,1.07,1.08,10803,0
2013-02-11,1.08,1.1,1.07,1.09,5483,0
2013-02-12,1.11,1.15,1.11,1.15,12351,0
2013-02-13,1.15,1.16,1.11,1.12,10846,0
2013-02-14,1.14,1.16,1.13,1.13,35969,0
2013-02-15,1.15,1.15,1.11,1.13,15639,0
2013-02-18,1.14,1.14,1.08,1.14,122,0
2013-02-19,1.14,1.14,1.04,1.1,12572,0
2013-02-20,1.11,1.11,1.06,1.06,4458,0
2013-02-21,1.06,1.08,1.05,1.07,4334,0
2013-02-22,1.09,1.09,1.03,1.04,32356,0
2013-02-25,1.03,1.03,1.02,1.02,19409,0
2013-02-26,1.02,1.1,1.02,1.05,13867,0
2013-02-27,1.07,1.1,1.01,1.1,26699,0
2013-02-28,1.09,1.09,1.07,1.09,4354,0
2013-03-01,1.1,1.1,1.05,1.05,503,0
2013-03-04,1.05,1.05,1.01,1.05,10679,0
2013-03-05,1.05,1.05,1,1.04,7030,0
2013-03-06,1.03,1.04,1,1.04,24222,0
2013-03-07,1,1.02,1,1,19800,0
2013-03-08,1.02,1.04,0.92,1.02,90716,0
2013-03-11,1.02,1.02,0.99,1.02,15224,0
2013-03-12,1.05,1.05,1,1,4906,0
2013-03-13,1.04,1.06,1,1.06,19763,0
2013-03-14,1.06,1.11,1.05,1.11,26842,0
2013-03-15,1.11,1.11,1.04,1.1,5753,0
2013-03-18,1.05,1.05,1,1.04,31201,0
2013-03-19,1.04,1.04,0.99,1,5608,0
2013-03-20,1,1,0.99,1,2961,0
2013-03-21,1.01,1.05,1,1,7735,0
2013-03-22,0.99,1.01,0.99,1.01,6656,0
2013-03-25,1.03,1.03,0.99,0.99,11715,0
2013-03-26,0.95,0.96,0.93,0.95,26860,0
2013-03-27,0.93,0.98,0.93,0.97,2120,0
2013-03-28,0.95,0.96,0.94,0.96,8343,0
2013-04-02,0.98,0.98,0.96,0.96,7220,0
2013-04-03,0.95,0.95,0.94,0.94,5350,0
2013-04-04,0.94,0.94,0.94,0.94,3351,0
2013-04-05,0.96,0.96,0.93,0.93,3916,0
2013-04-08,0.93,0.94,0.91,0.91,9332,0
2013-04-09,0.92,0.94,0.91,0.91,7129,0
2013-04-10,0.92,0.92,0.92,0.92,950,0
2013-04-11,0.91,0.91,0.87,0.91,23888,0
2013-04-12,0.92,0.92,0.91,0.91,2001,0
2013-04-15,0.92,0.95,0.9,0.95,42362,0
2013-04-17,0.94,0.94,0.88,0.9,20062,0
2013-04-18,0.93,0.93,0.93,0.93,1,0
2013-04-22,0.93,0.93,0.9,0.9,1050,0
2013-04-23,0.9,0.9,0.87,0.87,6600,0
2013-04-24,0.87,0.88,0.81,0.81,12033,0
2013-04-25,0.82,0.84,0.82,0.84,733,0
2013-04-26,0.84,0.84,0.81,0.81,3100,0
2013-04-29,0.84,0.88,0.84,0.88,9610,0
2013-04-30,0.88,0.95,0.86,0.92,24573,0
2013-05-02,0.9,0.95,0.9,0.95,900,0
2013-05-06,0.93,0.93,0.92,0.92,4073,0
2013-05-07,0.93,0.93,0.89,0.89,6152,0
2013-05-08,0.87,0.89,0.85,0.89,2900,0
2013-05-09,0.89,0.89,0.89,0.89,1,0
2013-05-10,0.89,0.95,0.83,0.88,53045,0
2013-05-13,0.88,0.96,0.88,0.94,34783,0
2013-05-14,0.95,0.95,0.88,0.92,8391,0
2013-05-15,0.93,0.93,0.88,0.91,12008,0
2013-05-16,0.91,0.91,0.87,0.91,1560,0
2013-05-17,0.86,0.86,0.86,0.86,3249,0
2013-05-20,0.86,0.91,0.81,0.88,58249,0
2013-05-21,0.87,0.91,0.87,0.88,10120,0
2013-05-22,0.92,0.93,0.9,0.92,27387,0
2013-05-23,0.92,0.92,0.87,0.91,56,0
2013-05-24,0.88,0.88,0.88,0.88,7130,0
2013-05-27,0.91,0.91,0.86,0.86,5064,0
2013-05-28,0.85,0.92,0.85,0.92,20395,0
2013-05-29,0.87,0.9,0.87,0.9,1304,0
2013-05-31,0.9,0.9,0.9,0.9,8001,0
2013-06-03,0.87,0.91,0.86,0.86,20974,0
2013-06-04,0.85,0.9,0.85,0.87,14378,0
2013-06-05,0.9,0.99,0.9,0.99,60318,0
2013-06-06,1,1.08,0.99,0.99,47466,0
2013-06-07,0.98,1.05,0.97,1.05,2375,0
2013-06-10,1.05,1.07,1,1.07,7831,0
2013-06-11,1.07,1.07,1.01,1.05,3513,0
2013-06-12,1.05,1.05,1.02,1.05,4130,0
2013-06-13,1.04,1.04,0.99,1.04,3309,0
2013-06-14,1.04,1.04,0.98,0.99,11067,0
2013-06-17,1,1,0.96,0.96,4066,0
2013-06-18,1.01,1.02,0.96,1.02,403,0
2013-06-19,1.02,1.02,0.99,0.99,1697,0
2013-06-20,0.99,0.99,0.94,0.94,2546,0
2013-06-21,0.98,0.98,0.93,0.93,5971,0
2013-06-24,0.98,0.98,0.92,0.92,1401,0
2013-06-25,0.91,0.93,0.9,0.93,24565,0
2013-06-26,0.97,0.97,0.97,0.97,5,0
2013-06-28,0.98,0.98,0.98,0.98,1,0
2013-07-01,0.93,0.97,0.93,0.97,4675,0
2013-07-02,0.97,0.97,0.95,0.97,5486,0
2013-07-03,0.98,0.98,0.97,0.98,7301,0
2013-07-04,0.98,0.98,0.97,0.98,4438,0
2013-07-05,0.99,1.05,0.99,1.01,9619,0
2013-07-08,1.01,1.01,1,1,194,0
2013-07-09,1.01,1.05,0.97,1.02,7910,0
2013-07-10,1.03,1.03,0.99,0.99,2637,0
2013-07-11,1.03,1.03,1,1.03,1785,0
2013-07-12,1.03,1.03,1.02,1.03,4204,0
2013-07-15,1.03,1.03,1.01,1.03,5060,0
2013-07-16,1.03,1.03,1.03,1.03,1,0
2013-07-17,1.03,1.03,0.97,1,4001,0
2013-07-18,1,1,1,1,1001,0
2013-07-19,1.02,1.02,1.02,1.02,318,0
2013-07-22,1.02,1.02,0.98,0.98,1352,0
2013-07-23,0.98,0.98,0.98,0.98,1,0
2013-07-24,0.98,0.98,0.98,0.98,2,0
2013-07-25,0.98,1.02,0.98,0.98,103,0
2013-07-26,0.98,0.98,0.97,0.97,1929,0
2013-07-29,0.97,1.02,0.97,1.02,3002,0
2013-07-30,1.03,1.03,0.99,1.01,2472,0
2013-07-31,1.03,1.03,1.01,1.02,3089,0
2013-08-01,1.02,1.02,1.01,1.01,501,0
2013-08-02,1,1,0.97,0.97,15900,0
2013-08-05,1,1,0.96,0.99,4348,0
2013-08-06,1,1,0.95,1,1034,0
2013-08-07,1,1,1,1,1,0
2013-08-08,1.02,1.02,1.02,1.02,1,0
2013-08-09,1.02,1.02,0.98,0.98,2410,0
2013-08-12,1,1,1,1,91,0
2013-08-13,0.97,0.98,0.96,0.96,8696,0
2013-08-14,0.96,1,0.95,0.98,9745,0
2013-08-16,0.95,0.97,0.95,0.97,2561,0
2013-08-19,0.98,0.98,0.9,0.92,9549,0
2013-08-20,0.93,0.93,0.87,0.91,21560,0
2013-08-21,0.92,0.94,0.9,0.94,8830,0
2013-08-22,0.9,0.92,0.9,0.92,3870,0
2013-08-23,0.92,0.92,0.89,0.89,5421,0
2013-08-26,0.9,0.9,0.88,0.89,23046,0
2013-08-27,0.9,0.9,0.88,0.88,28483,0
2013-08-28,0.88,0.94,0.88,0.94,207,0
2013-08-29,0.89,0.93,0.89,0.93,11796,0
2013-08-30,0.93,1.23,0.93,1.2,227281,0
2013-09-02,1.31,1.39,1.18,1.28,274765,0
2013-09-03,1.3,1.3,1.09,1.13,127537,0
2013-09-04,1.11,1.18,1.07,1.13,27545,0
2013-09-05,1.13,1.13,1.02,1.05,20157,0
2013-09-06,1.02,1.05,1.02,1.05,8945,0
2013-09-09,1.05,1.17,1.05,1.17,60977,0
2013-09-10,1.17,1.17,1.11,1.14,30424,0
2013-09-11,1.16,1.16,1.09,1.1,7871,0
2013-09-12,1.1,1.18,1.1,1.17,42720,0
2013-09-13,1.16,1.19,1.15,1.19,15287,0
2013-09-16,1.21,1.21,1.16,1.21,6301,0
2013-09-17,1.21,1.21,1.18,1.2,11338,0
2013-09-18,1.2,1.2,1.14,1.18,11993,0
2013-09-19,1.18,1.18,1.11,1.13,14911,0
2013-09-20,1.15,1.15,1.1,1.1,9602,0
2013-09-23,1.15,1.15,1.08,1.08,7883,0
2013-09-24,1.1,1.1,1.08,1.08,7132,0
2013-09-25,1.08,1.1,1.06,1.1,14208,0
2013-09-26,1.12,1.14,1.1,1.13,22193,0
2013-09-27,1.15,1.18,1.12,1.15,32576,0
2013-09-30,1.16,1.16,1.12,1.15,32251,0
2013-10-01,1.14,1.14,1.09,1.13,6372,0
2013-10-02,1.14,1.14,1.06,1.06,18494,0
2013-10-03,1.09,1.09,1.05,1.06,16232,0
2013-10-04,1.09,1.09,1.05,1.05,13476,0
2013-10-07,1.09,1.09,1.03,1.05,9451,0
2013-10-08,1.09,1.09,1.07,1.07,86,0
2013-10-09,1.03,1.04,0.98,1,53030,0
2013-10-10,1.03,1.06,1.01,1.05,5963,0
2013-10-11,1.06,1.08,1.03,1.08,9701,0
2013-10-14,1.08,1.08,1.08,1.08,2,0
2013-10-15,1.08,1.09,1.08,1.09,3001,0
2013-10-16,1.09,1.09,1.03,1.03,5459,0
2013-10-17,1.05,1.09,1.04,1.04,8461,0
2013-10-18,1.09,1.09,1.08,1.08,6101,0
2013-10-21,1.1,1.1,1.06,1.08,1492,0
2013-10-22,1.08,1.08,1.04,1.08,23256,0
2013-10-23,1.08,1.08,1.02,1.02,18321,0
2013-10-24,1.08,1.08,1.02,1.07,18192,0
2013-10-25,1.07,1.07,1.01,1.05,34556,0
2013-10-28,1.05,1.05,1.03,1.05,3540,0
2013-10-29,1.05,1.12,1.03,1.12,42206,0
2013-10-30,1.14,1.17,1.08,1.1,17508,0
2013-10-31,1.1,1.1,1.08,1.1,15606,0
2013-11-04,1.1,1.15,1.09,1.15,59220,0
2013-11-05,1.15,1.15,1.1,1.14,6400,0
2013-11-06,1.14,1.16,1.14,1.15,1002,0
2013-11-07,1.15,1.15,1.14,1.14,2002,0
2013-11-08,1.14,1.29,1.14,1.21,228157,0
2013-11-12,1.21,1.29,1.21,1.27,73590,0
2013-11-13,1.28,1.28,1.2,1.2,50275,0
2013-11-14,1.24,1.24,1.16,1.23,49865,0
2013-11-15,1.24,1.24,1.17,1.22,9096,0
2013-11-18,1.22,1.24,1.15,1.23,67407,0
2013-11-19,1.21,1.21,1.18,1.2,38725,0
2013-11-20,1.21,1.26,1.18,1.2,65409,0
2013-11-21,1.23,1.24,1.18,1.24,4540,0
2013-11-22,1.24,1.24,1.19,1.23,2789,0
2013-11-25,1.24,1.24,1.18,1.23,3879,0
2013-11-26,1.23,1.23,1.17,1.2,8210,0
2013-11-27,1.22,1.22,1.18,1.19,214503,0
2013-11-28,1.2,1.2,1.15,1.2,3614,0
2013-11-29,1.2,1.2,1.17,1.2,4916,0
2013-12-02,1.2,1.2,1.17,1.2,4535,0
2013-12-03,1.2,1.2,1.15,1.19,3614,0
2013-12-04,1.19,1.19,1.14,1.19,5394,0
2013-12-05,1.19,1.19,1.14,1.18,516,0
2013-12-06,1.15,1.17,1.13,1.14,14193,0
2013-12-09,1.14,1.17,1.13,1.17,828,0
2013-12-10,1.17,1.17,1.13,1.16,4624,0
2013-12-11,1.16,1.16,1.13,1.16,359,0
2013-12-12,1.16,1.16,1.13,1.16,5254,0
2013-12-13,1.16,1.16,1.13,1.16,1891,0
2013-12-16,1.16,1.16,1.13,1.15,4113,0
2013-12-17,1.16,1.16,1.13,1.13,8033,0
2013-12-18,1.16,1.16,1.13,1.16,2902,0
2013-12-19,1.16,1.16,1.1,1.12,8109,0
2013-12-20,1.12,1.12,1.06,1.06,32555,0
2013-12-23,1.03,1.1,1.03,1.1,3040,0
2013-12-27,1.08,1.1,1.04,1.1,1716,0
2013-12-30,1.1,1.1,1.1,1.1,1,0
2014-01-02,1.1,1.13,1.09,1.13,12189,0
2014-01-03,1.13,1.13,1.08,1.13,9075,0
2014-01-07,1.13,1.15,1.07,1.14,29465,0
2014-01-08,1.13,1.13,1.13,1.13,12,0
2014-01-09,1.13,1.13,1.13,1.13,1,0
2014-01-10,1.08,1.12,1.03,1.1,7510,0
2014-01-13,1.12,1.12,1.07,1.12,9270,0
2014-01-14,1.12,1.12,1.07,1.12,200124,0
2014-01-15,1.12,1.12,1.12,1.12,1,0
2014-01-16,1.12,1.12,1.12,1.12,1322,0
2014-01-17,1.12,1.2,1.11,1.2,10083,0
2014-01-20,1.21,1.24,1.13,1.18,29543,0
2014-01-21,1.19,1.2,1.18,1.2,10541,0
2014-01-22,1.2,1.39,1.19,1.36,79484,0
2014-01-23,1.4,1.4,1.27,1.27,21732,0
2014-01-24,1.29,1.29,1.22,1.27,11031,0
2014-01-27,1.27,1.29,1.21,1.27,12175,0
2014-01-28,1.29,1.4,1.28,1.38,51698,0
2014-01-29,1.37,1.48,1.31,1.43,169434,0
2014-01-30,1.46,1.46,1.35,1.39,12902,0
2014-01-31,1.41,1.46,1.4,1.44,16494,0
2014-02-03,1.45,1.55,1.44,1.54,94703,0
2014-02-04,1.5,1.55,1.41,1.53,78304,0
2014-02-05,1.5,1.55,1.42,1.46,37147,0
2014-02-06,1.49,1.51,1.45,1.5,45205,0
2014-02-07,1.49,1.59,1.48,1.52,148833,0
2014-02-10,1.58,1.59,1.48,1.52,56455,0
2014-02-11,1.54,1.54,1.47,1.51,6589,0
2014-02-12,1.48,1.53,1.34,1.52,65662,0
2014-02-13,1.5,1.52,1.44,1.48,3995,0
2014-02-14,1.51,1.51,1.36,1.42,40873,0
2014-02-17,1.42,1.45,1.39,1.42,7552,0
2014-02-18,1.45,1.45,1.34,1.34,35197,0
2014-02-19,1.33,1.4,1.32,1.35,28607,0
2014-02-20,1.39,1.39,1.34,1.35,7288,0
2014-02-21,1.37,1.37,1.31,1.32,28893,0
2014-02-24,1.36,1.43,1.33,1.42,20054,0
2014-02-25,1.4,1.4,1.36,1.36,1437,0
2014-02-26,1.4,1.4,1.35,1.35,13425,0
2014-02-27,1.38,1.4,1.36,1.4,7520,0
2014-02-28,1.4,1.43,1.35,1.35,9365,0
2014-03-03,1.34,1.34,1.25,1.33,90932,0
2014-03-04,1.32,1.4,1.3,1.4,28669,0
2014-03-05,1.4,1.4,1.34,1.39,25494,0
2014-03-06,1.38,1.4,1.38,1.39,3388,0
2014-03-07,1.4,1.4,1.33,1.39,12271,0
2014-03-10,1.4,1.4,1.33,1.38,13409,0
2014-03-11,1.39,1.39,1.33,1.38,8725,0
2014-03-12,1.38,1.38,1.27,1.32,13320,0
2014-03-13,1.27,1.35,1.27,1.35,2354,0
2014-03-14,1.34,1.34,1.25,1.32,23105,0
2014-03-17,1.32,1.44,1.32,1.42,15960,0
2014-03-18,1.44,1.44,1.39,1.41,2285,0
2014-03-19,1.42,1.42,1.36,1.38,1437,0
2014-03-20,1.38,1.38,1.3,1.31,16741,0
2014-03-21,1.37,1.42,1.36,1.37,3501,0
2014-03-24,1.38,1.38,1.32,1.36,903,0
2014-03-25,1.38,1.38,1.33,1.33,2361,0
2014-03-26,1.36,1.38,1.33,1.37,3740,0
2014-03-27,1.38,1.38,1.38,1.38,21,0
2014-03-28,1.38,1.38,1.35,1.35,12292,0
2014-03-31,1.36,1.36,1.28,1.31,4530,0
2014-04-01,1.33,1.33,1.25,1.25,21950,0
2014-04-02,1.26,1.32,1.26,1.26,14875,0
2014-04-03,1.32,1.32,1.19,1.24,28977,0
2014-04-04,1.27,1.28,1.27,1.28,7101,0
2014-04-07,1.3,1.3,1.26,1.27,1785,0
2014-04-08,1.27,1.27,1.22,1.23,6801,0
2014-04-09,1.23,1.23,1.18,1.23,24746,0
2014-04-10,1.27,1.27,1.27,1.27,1,0
2014-04-11,1.23,1.23,1.23,1.23,4953,0
2014-04-14,1.23,1.23,1.19,1.22,2913,0
2014-04-15,1.21,1.21,1.18,1.21,6559,0
2014-04-16,1.21,1.21,1.18,1.21,6155,0
2014-04-17,1.21,1.21,1.19,1.19,1101,0
2014-04-22,1.2,1.24,1.18,1.22,14384,0
2014-04-23,1.24,1.24,1.22,1.22,6518,0
2014-04-24,1.24,1.24,1.21,1.21,1053,0
2014-04-25,1.23,1.23,1.2,1.2,1450,0
2014-04-28,1.19,1.19,1.16,1.19,18178,0
2014-04-29,1.15,1.21,1.15,1.19,18818,0
2014-04-30,1.2,1.2,1.19,1.2,9472,0
2014-05-02,1.2,1.21,1.2,1.2,3205,0
2014-05-05,1.21,1.21,1.17,1.18,11278,0
2014-05-06,1.2,1.21,1.2,1.21,701,0
2014-05-07,1.2,1.2,1.17,1.18,5127,0
2014-05-08,1.2,1.2,1.19,1.19,10033,0
2014-05-09,1.2,1.21,1.15,1.15,18453,0
2014-05-12,1.2,1.21,1.2,1.21,4826,0
2014-05-13,1.25,1.33,1.25,1.3,34907,0
2014-05-14,1.32,1.35,1.32,1.32,18018,0
2014-05-15,1.32,1.37,1.32,1.37,20707,0
2014-05-16,1.38,1.38,1.33,1.38,16316,0
2014-05-19,1.38,1.38,1.3,1.35,5654,0
2014-05-20,1.35,1.35,1.35,1.35,5,0
2014-05-21,1.35,1.35,1.22,1.23,77515,0
2014-05-22,1.23,1.26,1.23,1.26,11892,0
2014-05-23,1.28,1.29,1.16,1.2,60651,0
2014-05-26,1.21,1.21,1.17,1.19,12366,0
2014-05-27,1.19,1.21,1.19,1.21,19726,0
2014-05-28,1.21,1.22,1.16,1.19,14429,0
2014-05-29,1.22,1.22,1.16,1.21,20084,0
2014-05-30,1.2,1.22,1.2,1.21,5342,0
2014-06-02,1.21,1.21,1.15,1.19,3086,0
2014-06-03,1.19,1.2,1.19,1.2,4047,0
2014-06-04,1.19,1.22,1.19,1.22,15517,0
2014-06-05,1.22,1.25,1.19,1.19,25078,0
2014-06-06,1.19,1.25,1.14,1.18,6758,0
2014-06-09,1.23,1.26,1.2,1.26,5630,0
2014-06-10,1.25,1.26,1.22,1.25,8500,0
2014-06-11,1.25,1.25,1.15,1.23,39628,0
2014-06-12,1.22,1.24,1.21,1.24,10032,0
2014-06-13,1.23,1.23,1.18,1.19,5511,0
2014-06-16,1.19,1.22,1.17,1.18,17601,0
2014-06-17,1.22,1.22,1.16,1.22,10,0
2014-06-18,1.21,1.21,1.18,1.2,9979,0
2014-06-20,1.22,1.24,1.22,1.24,109943,0
2014-06-23,1.24,1.27,1.24,1.25,8242,0
2014-06-24,1.25,1.25,1.23,1.25,2643,0
2014-06-25,1.23,1.25,1.22,1.22,19554,0
2014-06-26,1.24,1.24,1.22,1.24,1012,0
2014-06-27,1.22,1.24,1.22,1.22,3938,0
2014-06-30,1.22,1.24,1.22,1.24,2067,0
2014-07-01,1.17,1.23,1.17,1.21,6778,0
2014-07-02,1.15,1.23,1.15,1.22,9163,0
2014-07-03,1.21,1.22,1.21,1.21,10701,0
2014-07-04,1.21,1.21,1.14,1.14,3949,0
2014-07-07,1.14,1.21,1.14,1.15,3750,0
2014-07-08,1.19,1.2,1.16,1.2,6992,0
2014-07-09,1.21,1.21,1.2,1.2,2393,0
2014-07-10,1.21,1.21,1.17,1.21,491,0
2014-07-11,1.2,1.2,1.16,1.2,4516,0
2014-07-14,1.2,1.2,1.2,1.2,2,0
2014-07-15,1.2,1.2,1.17,1.17,631,0
2014-07-16,1.2,1.21,1.17,1.17,2019,0
2014-07-17,1.21,1.21,1.16,1.17,1595,0
2014-07-18,1.21,1.21,1.17,1.21,3006,0
2014-07-21,1.21,1.21,1.18,1.21,2506,0
2014-07-22,1.21,1.21,1.14,1.17,12031,0
2014-07-23,1.16,1.17,1.14,1.14,13492,0
2014-07-24,1.16,1.21,1.16,1.2,9473,0
2014-07-25,1.01,1.03,0.95,0.98,309824,0
2014-07-28,0.98,1,0.96,0.97,17315,0
2014-07-29,0.97,1.02,0.96,1,14623,0
2014-07-30,1.01,1.01,0.96,0.98,8694,0
2014-07-31,0.97,0.97,0.93,0.93,15663,0
2014-08-01,0.96,1,0.93,0.93,9513,0
2014-08-04,0.93,1.05,0.93,1.03,20983,0
2014-08-05,1.05,1.05,0.96,0.99,6725,0
2014-08-06,1.01,1.05,0.96,1.04,4358,0
2014-08-07,0.96,1.02,0.96,0.98,7909,0
2014-08-08,0.99,1.03,0.95,1.03,3256,0
2014-08-11,1,1,1,1,2874,0
2014-08-12,1,1,0.97,0.97,2950,0
2014-08-13,0.99,1.03,0.99,1.03,2027,0
2014-08-14,1.03,1.03,1,1.01,13919,0
2014-08-18,1.02,1.02,1.02,1.02,1,0
2014-08-19,1.01,1.01,1.01,1.01,4201,0
2014-08-20,1.02,1.05,1.02,1.05,20387,0
2014-08-21,1.04,1.04,1,1.03,6003,0
2014-08-22,1.03,1.03,1,1.03,7111,0
2014-08-25,1.05,1.05,1.03,1.05,3011,0
2014-08-26,1.04,1.05,1,1.05,6642,0
2014-08-27,1.05,1.06,1.01,1.06,3380,0
2014-08-28,1.06,1.06,1.02,1.06,1574,0
2014-08-29,1.06,1.06,1.06,1.06,1,0
2014-09-01,1.05,1.05,1.05,1.05,2,0
2014-09-02,1.05,1.05,1.01,1.01,1003,0
2014-09-03,1.04,1.08,1.02,1.04,19524,0
2014-09-04,1.08,1.08,1.02,1.02,600,0
2014-09-05,1.08,1.08,1.05,1.05,2491,0
2014-09-08,1.06,1.06,1.05,1.05,1099,0
2014-09-09,1.08,1.08,1.08,1.08,11,0
2014-09-10,1.08,1.08,1,1,21918,0
2014-09-11,0.99,0.99,0.99,0.99,9954,0
2014-09-12,1.01,1.01,1.01,1.01,5,0
2014-09-15,1,1.07,1,1.07,11255,0
2014-09-16,1.07,1.07,0.98,1.07,19,0
2014-09-17,1.07,1.07,1,1.04,7518,0
2014-09-18,1.07,1.07,1.03,1.04,3216,0
2014-09-19,1.07,1.07,1.02,1.02,9350,0
2014-09-22,1.02,1.03,1.02,1.03,91,0
2014-09-23,1.03,1.05,1.02,1.02,8285,0
2014-09-24,1.04,1.04,1.02,1.02,556,0
2014-09-25,1.04,1.04,1.01,1.02,3191,0
2014-09-26,1.04,1.04,1.01,1.01,1503,0
2014-09-29,1.04,1.04,1,1.01,681,0
2014-09-30,1.04,1.04,1.01,1.01,4575,0
2014-10-01,1.01,1.04,1.01,1.04,721,0
2014-10-02,1.04,1.04,1.04,1.04,5,0
2014-10-03,1.04,1.04,1.04,1.04,20,0
2014-10-06,1.04,1.04,1.04,1.04,5,0
2014-10-07,1.04,1.08,1.04,1.08,1587,0
2014-10-08,1.07,1.07,1.07,1.07,11,0
2014-10-09,1.07,1.07,1.07,1.07,5,0
2014-10-10,1.07,1.07,1.04,1.04,13,0
2014-10-13,1.04,1.07,1.01,1.07,2488,0
2014-10-14,1.06,1.06,1.05,1.05,13,0
2014-10-15,1.06,1.06,1.01,1.05,777,0
2014-10-16,1.05,1.05,1.05,1.05,5,0
2014-10-17,1.05,1.06,1.01,1.06,1830,0
2014-10-20,1.05,1.05,0.95,1,20959,0
2014-10-21,1.01,1.05,1,1.05,5705,0
2014-10-22,1.05,1.05,1.05,1.05,110,0
2014-10-23,1.05,1.05,0.98,0.98,11163,0
2014-10-24,0.97,0.97,0.97,0.97,573,0
2014-10-27,0.97,0.97,0.97,0.97,5,0
2014-10-28,0.98,0.99,0.98,0.99,811,0
2014-10-29,0.99,1.02,0.99,1.02,5556,0
2014-10-30,1.02,1.02,1,1,661,0
2014-10-31,1,1,1,1,318,0
2014-11-03,0.94,0.98,0.94,0.98,26276,0
2014-11-04,0.98,0.98,0.98,0.98,5,0
2014-11-05,0.97,0.98,0.97,0.98,1425,0
2014-11-06,0.98,0.99,0.98,0.99,3285,0
2014-11-07,1.01,1.01,0.98,1,1616,0
2014-11-10,0.98,1,0.98,0.98,4655,0
2014-11-12,0.98,1.01,0.97,0.97,4269,0
2014-11-13,0.97,0.97,0.95,0.95,13801,0
2014-11-14,0.95,0.97,0.93,0.95,1631,0
2014-11-17,0.95,0.95,0.95,0.95,300,0
2014-11-18,0.95,0.95,0.95,0.95,90,0
2014-11-19,0.94,0.94,0.93,0.93,19234,0
2014-11-20,0.97,0.97,0.93,0.93,6005,0
2014-11-21,0.92,0.95,0.91,0.95,218,0
2014-11-24,0.95,0.95,0.92,0.93,8900,0
2014-11-25,0.91,0.91,0.91,0.91,2521,0
2014-11-26,0.91,0.95,0.91,0.92,2105,0
2014-11-27,0.91,0.94,0.91,0.94,4010,0
2014-11-28,0.92,0.92,0.92,0.92,9000,0
2014-12-01,0.94,0.94,0.91,0.91,746,0
2014-12-02,0.92,0.92,0.85,0.92,30324,0
2014-12-03,0.92,0.92,0.9,0.9,6235,0
2014-12-04,0.92,0.92,0.89,0.89,9602,0
2014-12-05,0.88,0.88,0.88,0.88,1622,0
2014-12-08,0.87,0.88,0.87,0.87,3564,0
2014-12-09,0.85,0.88,0.85,0.85,5216,0
2014-12-10,0.85,0.87,0.78,0.79,33943,0
2014-12-11,0.8,0.82,0.8,0.82,27741,0
2014-12-12,0.82,0.82,0.8,0.8,2523,0
2014-12-15,0.8,0.87,0.8,0.84,11231,0
2014-12-16,0.81,0.81,0.78,0.8,11200,0
2014-12-17,0.79,0.82,0.79,0.82,1760,0
2014-12-18,0.79,0.8,0.77,0.8,34751,0
2014-12-19,0.79,0.79,0.78,0.78,14113,0
2014-12-22,0.76,0.77,0.76,0.77,25455,0
2014-12-23,0.77,0.77,0.76,0.76,6226,0
2014-12-29,0.75,0.75,0.75,0.75,5,0
2014-12-30,0.75,0.79,0.75,0.79,600,0
2015-01-02,0.78,0.78,0.78,0.78,3830,0
2015-01-05,0.76,0.83,0.72,0.83,36224,0
2015-01-07,0.83,0.83,0.76,0.8,16305,0
2015-01-09,0.78,0.81,0.78,0.8,11146,0
2015-01-12,0.8,0.85,0.8,0.85,12776,0
2015-01-13,0.85,0.85,0.85,0.85,1533,0
2015-01-14,0.85,0.85,0.81,0.81,4985,0
2015-01-15,0.85,0.85,0.77,0.77,16221,0
2015-01-16,0.77,0.77,0.77,0.77,113,0
2015-01-19,0.77,0.82,0.77,0.82,4025,0
2015-01-20,0.85,0.85,0.84,0.84,32,0
2015-01-21,0.85,0.85,0.78,0.83,14,0
2015-01-22,0.85,0.85,0.85,0.85,5,0
2015-01-23,0.85,0.87,0.83,0.87,13890,0
2015-01-26,0.86,0.86,0.78,0.84,13067,0
2015-01-27,0.83,0.83,0.76,0.77,30470,0
2015-01-28,0.79,0.79,0.78,0.78,20036,0
2015-01-29,0.79,0.79,0.78,0.78,12,0
2015-01-30,0.78,0.78,0.76,0.76,28494,0
2015-02-02,0.78,0.78,0.74,0.78,12907,0
2015-02-03,0.78,0.79,0.78,0.79,3468,0
2015-02-04,0.79,0.79,0.79,0.79,22,0
2015-02-05,0.79,0.79,0.79,0.79,11,0
2015-02-06,0.79,0.79,0.79,0.79,11,0
2015-02-09,0.79,0.79,0.79,0.79,11,0
2015-02-10,0.79,0.79,0.79,0.79,360,0
2015-02-11,0.79,0.8,0.79,0.8,904,0
2015-02-12,0.82,0.82,0.74,0.77,3019,0
2015-02-13,0.82,0.82,0.81,0.82,8,0
2015-02-16,0.82,0.82,0.76,0.81,45250,0
2015-02-17,0.81,0.81,0.76,0.81,9903,0
2015-02-18,0.81,0.81,0.8,0.8,3421,0
2015-02-19,0.8,0.8,0.76,0.8,7524,0
2015-02-20,0.79,0.79,0.73,0.77,36514,0
2015-02-23,0.77,0.78,0.77,0.78,1706,0
2015-02-24,0.75,0.78,0.75,0.78,2001,0
2015-02-25,0.76,0.76,0.75,0.75,17500,0
2015-02-26,0.76,0.76,0.74,0.75,20889,0
2015-02-27,0.77,0.77,0.77,0.77,11,0
2015-03-02,0.79,0.8,0.75,0.78,3230,0
2015-03-03,0.79,0.79,0.76,0.79,7869,0
2015-03-04,0.78,0.8,0.78,0.8,10458,0
2015-03-05,0.8,0.8,0.76,0.79,2343,0
2015-03-06,0.79,0.79,0.78,0.78,1828,0
2015-03-09,0.79,0.79,0.76,0.76,28755,0
2015-03-10,0.79,0.79,0.77,0.79,4676,0
2015-03-11,0.78,0.78,0.78,0.78,22,0
2015-03-12,0.75,0.77,0.72,0.76,15623,0
2015-03-13,0.77,0.77,0.77,0.77,11,0
2015-03-16,0.77,0.77,0.74,0.74,6065,0
2015-03-17,0.73,0.77,0.73,0.77,1101,0
2015-03-18,0.75,0.79,0.7,0.77,53941,0
2015-03-19,0.79,0.79,0.73,0.74,7664,0
2015-03-20,0.75,0.75,0.73,0.74,117416,0
2015-03-23,0.78,0.8,0.74,0.8,33365,0
2015-03-24,0.8,0.82,0.8,0.82,38919,0
2015-03-25,0.84,0.87,0.83,0.87,9523,0
2015-03-26,0.89,0.89,0.82,0.84,5370,0
2015-03-27,0.84,0.84,0.76,0.83,3525,0
2015-03-30,0.84,0.84,0.84,0.84,111,0
2015-03-31,0.84,0.84,0.84,0.84,369,0
2015-04-01,0.84,0.84,0.84,0.84,55,0
2015-04-02,0.83,0.83,0.83,0.83,55,0
2015-04-07,0.82,0.86,0.81,0.82,71510,0
2015-04-08,0.86,0.89,0.83,0.89,31354,0
2015-04-09,0.89,0.92,0.84,0.91,14335,0
2015-04-10,0.91,0.91,0.85,0.9,2639,0
2015-04-13,0.9,0.9,0.86,0.9,106,0
2015-04-14,0.9,0.94,0.9,0.94,23506,0
2015-04-15,0.94,0.94,0.9,0.94,16754,0
2015-04-16,0.94,1.03,0.94,1.03,52127,0
2015-04-17,1.04,1.11,1.04,1.11,20287,0
2015-04-20,1.11,1.11,1.01,1.01,6977,0
2015-04-21,1.01,1.01,0.95,0.95,35989,0
2015-04-22,1,1,1,1,100,0
2015-04-23,1,1.04,1,1.04,14107,0
2015-04-24,1.04,1.04,1.04,1.04,2,0
2015-04-27,1.04,1.09,1,1.09,28832,0
2015-04-28,1.08,1.08,1.05,1.05,700,0
2015-04-29,1.06,1.06,1.06,1.06,1000,0
2015-04-30,1.02,1.08,1.02,1.08,1120,0
2015-05-06,1.02,1.04,1.02,1.03,33785,0
2015-05-07,1.03,1.03,1.03,1.03,394,0
2015-05-08,1.03,1.03,1.03,1.03,303,0
2015-05-11,1.03,1.03,1.03,1.03,2,0
2015-05-12,1.03,1.03,1.03,1.03,2,0
2015-05-13,1.02,1.04,0.99,1.04,3153,0
2015-05-14,1.04,1.06,0.99,1.06,21572,0
2015-05-15,1.06,1.06,1,1,15901,0
2015-05-18,1.01,1.01,1.01,1.01,1,0
2015-05-19,0.98,0.98,0.98,0.98,300,0
2015-05-20,0.98,0.98,0.96,0.96,598,0
2015-05-22,0.97,0.97,0.97,0.97,2,0
2015-05-25,0.97,0.97,0.97,0.97,2,0
2015-05-27,0.97,0.97,0.94,0.94,3821,0
2015-05-28,0.94,0.95,0.91,0.95,2462,0
2015-06-01,0.97,0.97,0.97,0.97,1,0
2015-06-02,1,1,1,1,1,0
2015-06-03,0.97,0.97,0.97,0.97,1,0
2015-06-05,0.92,0.92,0.92,0.92,600,0
2015-06-08,0.92,0.92,0.92,0.92,100,0
2015-06-11,0.93,0.97,0.93,0.97,102,0
2015-06-12,0.97,0.97,0.97,0.97,150,0
2015-06-15,1,1.02,0.97,1.02,32873,0
2015-06-16,1.04,1.04,1.01,1.01,502,0
2015-06-17,1,1,1,1,2,0
2015-06-18,1.01,1.01,1.01,1.01,2,0
2015-06-19,1.01,1.01,1.01,1.01,1,0
2015-06-22,1.01,1.01,1.01,1.01,1,0
2015-06-23,1.01,1.01,1.01,1.01,42,0
2015-06-24,1.01,1.01,1.01,1.01,1,0
2015-06-25,1.01,1.01,0.97,0.97,2001,0
2015-06-26,0.95,0.95,0.95,0.95,2639,0
2015-06-29,0.94,0.95,0.94,0.94,1001,0
2015-07-01,0.97,0.97,0.97,0.97,7800,0
2015-07-02,0.97,0.97,0.97,0.97,7800,0
2015-07-06,1,1,1,1,10,0
2015-07-08,0.94,0.94,0.94,0.94,120,0
2015-07-09,0.94,0.99,0.94,0.99,1083,0
2015-07-10,0.98,0.98,0.98,0.98,5,0
2015-07-13,1,1,1,1,20,0
2015-07-14,1,1,1,1,10,0
2015-07-15,1,1,1,1,10,0
2015-07-16,1,1,1,1,5,0
2015-07-17,1,1,1,1,10,0
2015-07-20,1,1,0.94,0.94,8005,0
2015-07-21,1,1,1,1,5,0
2015-07-22,1,1,1,1,5,0
2015-07-23,1,1,1,1,5,0
2015-07-24,1,1,0.92,0.93,1201,0
2015-07-27,0.93,0.93,0.93,0.93,5,0
2015-07-28,0.97,0.97,0.97,0.97,10,0
2015-07-29,0.92,0.94,0.91,0.94,15893,0
2015-08-03,0.93,0.93,0.93,0.93,10,0
2015-08-04,0.93,0.93,0.93,0.93,2,0
2015-08-05,0.93,0.93,0.85,0.85,11591,0
2015-08-06,0.83,0.87,0.83,0.87,12702,0
2015-08-07,0.9,0.9,0.87,0.87,11718,0
2015-08-10,0.87,0.87,0.87,0.87,5,0
2015-08-11,0.84,0.84,0.84,0.84,6038,0
2015-08-12,0.87,0.87,0.87,0.87,200,0
2015-08-13,0.87,0.87,0.87,0.87,1,0
2015-08-14,0.87,0.87,0.87,0.87,3002,0
2015-08-17,0.87,0.87,0.87,0.87,3423,0
2015-08-18,0.87,0.87,0.87,0.87,5,0
2015-08-19,0.87,0.87,0.87,0.87,2,0
2015-08-20,0.85,0.85,0.85,0.85,11801,0
2015-08-21,0.85,0.85,0.85,0.85,5,0
2015-08-24,0.85,0.85,0.81,0.81,22905,0
2015-08-25,0.81,0.84,0.81,0.81,3020,0
2015-08-26,0.81,0.81,0.81,0.81,5,0
2015-08-27,0.81,0.81,0.81,0.81,5,0
2015-08-28,0.82,0.85,0.82,0.85,28245,0
2015-08-31,0.8,0.87,0.75,0.82,34900,0
2015-09-01,0.85,0.85,0.85,0.85,5,0
2015-09-02,0.85,0.85,0.85,0.85,5,0
2015-09-03,0.87,0.87,0.77,0.77,13005,0
2015-09-07,0.8,0.8,0.8,0.8,1,0
2015-09-08,0.8,0.8,0.75,0.8,15399,0
2015-09-09,0.8,0.8,0.8,0.8,5,0
2015-09-10,0.8,0.8,0.8,0.8,5,0
2015-09-14,0.75,0.77,0.75,0.77,2364,0
2015-09-15,0.77,0.79,0.77,0.79,1502,0
2015-09-16,0.79,0.79,0.79,0.79,3000,0
2015-09-17,0.79,0.79,0.75,0.75,5884,0
2015-09-21,0.8,0.87,0.8,0.85,24842,0
2015-09-22,0.87,0.87,0.8,0.8,10402,0
2015-09-23,0.82,0.82,0.78,0.78,4000,0
2015-09-24,0.8,0.8,0.78,0.78,10349,0
2015-09-28,0.81,0.81,0.73,0.78,14978,0
2015-09-29,0.79,0.79,0.79,0.79,2,0
2015-09-30,0.74,0.79,0.74,0.79,10625,0
2015-10-01,0.8,0.83,0.8,0.83,32670,0
2015-10-02,0.84,0.84,0.84,0.84,2400,0
2015-10-05,0.84,0.85,0.76,0.77,54995,0
2015-10-06,0.84,0.84,0.84,0.84,50,0
2015-10-07,0.82,0.82,0.82,0.82,260,0
2015-10-08,0.82,0.82,0.82,0.82,10,0
2015-10-09,0.82,0.82,0.79,0.79,87,0
2015-10-12,0.8,0.82,0.8,0.82,31303,0
2015-10-13,0.84,0.84,0.84,0.84,5,0
2015-10-14,0.84,0.84,0.79,0.79,7451,0
2015-10-15,0.84,0.84,0.84,0.84,10,0
2015-10-16,0.84,0.84,0.84,0.84,5,0
2015-10-19,0.84,0.84,0.79,0.84,2427,0
2015-10-20,0.82,0.82,0.82,0.82,3876,0
2015-10-21,0.84,0.84,0.84,0.84,5,0
2015-10-22,0.84,0.84,0.84,0.84,1,0
2015-10-23,0.84,0.84,0.8,0.8,401,0
2015-10-26,0.8,0.8,0.8,0.8,2,0
2015-10-27,0.84,0.84,0.84,0.84,5,0
2015-10-28,0.84,0.84,0.79,0.8,22057,0
2015-10-29,0.84,0.84,0.79,0.79,1402,0
2015-10-30,0.82,0.82,0.78,0.78,1502,0
2015-11-02,0.77,0.79,0.77,0.79,21200,0
2015-11-03,0.79,0.79,0.76,0.76,12166,0
2015-11-04,0.76,0.81,0.75,0.77,18415,0
2015-11-05,0.78,0.78,0.75,0.75,8004,0
2015-11-06,0.75,0.81,0.75,0.81,11,0
2015-11-09,0.81,0.81,0.75,0.75,3084,0
2015-11-10,0.75,0.75,0.75,0.75,5,0
2015-11-12,0.75,0.76,0.75,0.76,4002,0
2015-11-13,0.78,0.78,0.76,0.76,3505,0
2015-11-16,0.74,0.74,0.74,0.74,7991,0
2015-11-17,0.76,0.79,0.76,0.79,131,0
2015-11-18,0.8,0.8,0.8,0.8,10,0
2015-11-19,0.8,0.8,0.8,0.8,2,0
2015-11-20,0.79,0.79,0.79,0.79,5,0
2015-11-23,0.75,0.75,0.75,0.75,289,0
2015-11-24,0.79,0.79,0.79,0.79,1,0
2015-11-25,0.79,0.79,0.79,0.79,1,0
2015-11-26,0.79,0.79,0.79,0.79,1,0
2015-11-27,0.79,0.79,0.79,0.79,1,0
2015-11-30,0.79,0.79,0.79,0.79,1,0
2015-12-01,0.79,0.79,0.79,0.79,5,0
2015-12-02,0.79,0.8,0.75,0.79,22205,0
2015-12-03,0.79,0.79,0.79,0.79,2,0
2015-12-04,0.81,0.81,0.74,0.78,430,0
2015-12-07,0.84,0.84,0.84,0.84,200,0
2015-12-08,0.84,0.84,0.84,0.84,5,0
2015-12-09,0.79,0.8,0.76,0.76,10016,0
2015-12-10,0.81,0.81,0.81,0.81,100,0
2015-12-11,0.8,0.8,0.8,0.8,2,0
2015-12-14,0.8,0.8,0.8,0.8,5,0
2015-12-15,0.8,0.8,0.75,0.78,7510,0
2015-12-16,0.8,0.8,0.74,0.74,3467,0
2015-12-17,0.8,0.8,0.8,0.8,20,0
2015-12-18,0.8,0.8,0.8,0.8,2,0
2015-12-21,0.8,0.8,0.74,0.74,1558,0
2015-12-22,0.8,0.8,0.8,0.8,10,0
2015-12-23,0.8,0.8,0.74,0.8,4307,0
2015-12-28,0.79,0.79,0.73,0.77,1010,0
2015-12-29,0.78,0.78,0.78,0.78,5,0
2015-12-30,0.78,0.8,0.77,0.8,3125,0
2016-01-04,0.8,0.8,0.73,0.73,31517,0
2016-01-05,0.73,0.73,0.71,0.72,9520,0
2016-01-07,0.73,0.73,0.72,0.72,810,0
2016-01-08,0.73,0.73,0.73,0.73,3,0
2016-01-11,0.73,0.73,0.73,0.73,5,0
2016-01-12,0.73,0.73,0.67,0.73,15052,0
2016-01-13,0.73,0.73,0.69,0.69,10205,0
2016-01-14,0.68,0.68,0.68,0.68,826,0
2016-01-15,0.72,0.72,0.72,0.72,2,0
2016-01-18,0.72,0.72,0.66,0.66,10062,0
2016-01-19,0.72,0.72,0.72,0.72,20,0
2016-01-20,0.72,0.72,0.72,0.72,2,0
2016-01-21,0.72,0.72,0.72,0.72,2,0
2016-01-22,0.72,0.72,0.72,0.72,10,0
2016-01-25,0.72,0.72,0.72,0.72,2,0
2016-01-26,0.7,0.7,0.7,0.7,2,0
2016-01-27,0.7,0.7,0.64,0.64,13627,0
2016-01-28,0.67,0.67,0.67,0.67,10,0
2016-01-29,0.67,0.67,0.64,0.64,15405,0
2016-02-01,0.64,0.64,0.64,0.64,1,0
2016-02-02,0.63,0.67,0.63,0.67,4875,0
2016-02-03,0.67,0.67,0.67,0.67,2,0
2016-02-04,0.67,0.67,0.64,0.64,11410,0
2016-02-05,0.67,0.7,0.65,0.7,4611,0
2016-02-08,0.72,0.72,0.72,0.72,10,0
2016-02-09,0.72,0.72,0.72,0.72,5,0
2016-02-10,0.71,0.71,0.7,0.7,304,0
2016-02-11,0.69,0.69,0.67,0.67,15005,0
2016-02-12,0.69,0.69,0.69,0.69,5,0
2016-02-15,0.69,0.69,0.69,0.69,1,0
2016-02-16,0.69,0.69,0.69,0.69,1,0
2016-02-17,0.69,0.69,0.67,0.67,6301,0
2016-02-18,0.69,0.69,0.67,0.67,9548,0
2016-02-19,0.69,0.69,0.69,0.69,1,0
2016-02-22,0.69,0.69,0.64,0.65,25857,0
2016-02-23,0.69,0.69,0.69,0.69,2,0
2016-02-24,0.69,0.69,0.69,0.69,3500,0
2016-02-25,0.7,0.7,0.66,0.67,6005,0
2016-02-26,0.7,0.72,0.7,0.72,2548,0
2016-02-29,0.72,0.72,0.72,0.72,2,0
2016-03-01,0.68,0.7,0.66,0.7,18389,0
2016-03-02,0.7,0.7,0.7,0.7,5,0
2016-03-03,0.7,0.7,0.7,0.7,305,0
2016-03-04,0.7,0.7,0.66,0.66,4304,0
2016-03-07,0.7,0.7,0.66,0.7,298,0
2016-03-08,0.7,0.7,0.66,0.66,110,0
2016-03-09,0.7,0.7,0.63,0.64,74505,0
2016-03-10,0.7,0.7,0.64,0.66,94472,0
2016-03-11,0.66,0.68,0.62,0.68,10198,0
2016-03-14,0.68,0.68,0.68,0.68,5,0
2016-03-15,0.65,0.66,0.62,0.62,27306,0
2016-03-16,0.65,0.65,0.62,0.62,27925,0
2016-03-17,0.63,0.63,0.6,0.6,53250,0
2016-03-18,0.63,0.63,0.59,0.59,29955,0
2016-03-21,0.6,0.6,0.55,0.55,42020,0
2016-03-22,0.55,0.55,0.5,0.54,104166,0
2016-03-23,0.52,0.53,0.51,0.52,32277,0
2016-03-24,0.53,0.54,0.5,0.54,65737,0
2016-03-29,0.54,0.54,0.53,0.54,15129,0
2016-03-30,0.54,0.54,0.54,0.54,181,0
2016-03-31,0.54,0.56,0.52,0.52,9310,0
2016-04-01,0.52,0.57,0.52,0.57,5414,0
2016-04-04,0.55,0.6,0.55,0.6,60214,0
2016-04-05,0.6,0.6,0.56,0.6,2423,0
2016-04-06,0.6,0.61,0.6,0.61,12259,0
2016-04-07,0.62,0.62,0.62,0.62,5,0
2016-04-08,0.62,0.62,0.62,0.62,5,0
2016-04-11,0.62,0.62,0.57,0.62,15859,0
2016-04-12,0.59,0.6,0.59,0.6,1686,0
2016-04-13,0.6,0.6,0.6,0.6,1,0
2016-04-14,0.6,0.6,0.6,0.6,5,0
2016-04-15,0.6,0.6,0.56,0.59,5475,0
2016-04-18,0.6,0.6,0.6,0.6,2,0
2016-04-19,0.6,0.6,0.56,0.6,3066,0
2016-04-20,0.59,0.6,0.58,0.6,12462,0
2016-04-21,0.59,0.62,0.59,0.61,32367,0
2016-04-22,0.62,0.62,0.6,0.61,24145,0
2016-04-25,0.61,0.64,0.6,0.63,25157,0
2016-04-26,0.63,0.63,0.61,0.61,2170,0
2016-04-27,0.61,0.63,0.61,0.63,60,0
2016-04-28,0.63,0.63,0.63,0.63,1005,0
2016-04-29,0.63,0.63,0.63,0.63,5,0
2016-05-02,0.63,0.63,0.57,0.62,6682,0
2016-05-04,0.63,0.63,0.63,0.63,5,0
2016-05-05,0.63,0.63,0.63,0.63,10,0
2016-05-06,0.63,0.63,0.63,0.63,2,0
2016-05-09,0.63,0.63,0.59,0.61,16,0
2016-05-10,0.61,0.61,0.59,0.59,10864,0
2016-05-11,0.61,0.61,0.61,0.61,10,0
2016-05-12,0.61,0.61,0.61,0.61,10,0
2016-05-13,0.61,0.61,0.61,0.61,5,0
2016-05-16,0.61,0.61,0.61,0.61,5,0
2016-05-17,0.61,0.61,0.61,0.61,5,0
2016-05-18,0.61,0.61,0.61,0.61,505,0
2016-05-19,0.61,0.61,0.57,0.57,5268,0
2016-05-20,0.61,0.61,0.54,0.56,10080,0
2016-05-23,0.6,0.6,0.55,0.55,27383,0
2016-05-24,0.58,0.58,0.56,0.56,4620,0
2016-05-25,0.58,0.58,0.58,0.58,10,0
2016-05-27,0.58,0.58,0.58,0.58,10,0
2016-05-30,0.58,0.58,0.58,0.58,5,0
2016-05-31,0.58,0.58,0.58,0.58,5,0
2016-06-01,0.58,0.58,0.58,0.58,10,0
2016-06-02,0.58,0.58,0.53,0.57,23011,0
2016-06-03,0.56,0.56,0.55,0.55,1510,0
2016-06-06,0.54,0.55,0.49,0.55,55878,0
2016-06-07,0.55,0.55,0.55,0.55,10,0
2016-06-08,0.58,0.58,0.5,0.5,6510,0
2016-06-09,0.54,0.54,0.54,0.54,1,0
2016-06-10,0.54,0.54,0.54,0.54,50,0
2016-06-13,0.58,0.58,0.52,0.57,6810,0
2016-06-14,0.58,0.58,0.58,0.58,50,0
2016-06-15,0.58,0.58,0.53,0.57,13412,0
2016-06-16,0.58,0.58,0.58,0.58,25,0
2016-06-17,0.57,0.57,0.51,0.51,10907,0
2016-06-20,0.51,0.51,0.51,0.51,8495,0
2016-06-21,0.52,0.52,0.52,0.52,745,0
2016-06-22,0.5,0.52,0.5,0.52,499,0
2016-06-23,0.55,0.55,0.55,0.55,180,0
2016-06-24,0.49,0.53,0.49,0.53,11401,0
2016-06-27,0.57,0.57,0.56,0.56,5100,0
2016-06-28,0.59,0.59,0.59,0.59,10,0
2016-06-29,0.59,0.59,0.59,0.59,10,0
2016-06-30,0.6,0.6,0.58,0.6,1620,0
2016-07-01,0.61,0.61,0.54,0.54,5025,0
2016-07-04,0.5,0.55,0.5,0.55,2119,0
2016-07-05,0.6,0.6,0.6,0.6,100,0
2016-07-06,0.57,0.59,0.56,0.59,1917,0
2016-07-07,0.59,0.59,0.59,0.59,5,0
2016-07-08,0.54,0.55,0.49,0.49,38045,0
2016-07-11,0.51,0.53,0.51,0.53,3201,0
2016-07-12,0.58,0.58,0.49,0.53,16490,0
2016-07-13,0.57,0.57,0.49,0.5,45720,0
2016-07-14,0.55,0.55,0.5,0.52,111,0
2016-07-15,0.55,0.55,0.5,0.54,60039,0
2016-07-18,0.5,0.54,0.5,0.54,16100,0
2016-07-19,0.54,0.54,0.51,0.54,4272,0
2016-07-20,0.54,0.54,0.51,0.54,5060,0
2016-07-21,0.54,0.54,0.54,0.54,10,0
2016-07-22,0.54,0.54,0.52,0.52,32570,0
2016-07-25,0.54,0.54,0.54,0.54,10,0
2016-07-26,0.54,0.54,0.54,0.54,5,0
2016-07-27,0.54,0.54,0.52,0.54,10610,0
2016-07-28,0.54,0.54,0.52,0.52,13045,0
2016-07-29,0.54,0.54,0.54,0.54,10,0
2016-08-01,0.54,0.54,0.54,0.54,5,0
2016-08-02,0.54,0.54,0.51,0.54,1016,0
2016-08-03,0.53,0.53,0.51,0.53,7005,0
2016-08-04,0.53,0.53,0.53,0.53,5,0
2016-08-05,0.53,0.53,0.52,0.53,5006,0
2016-08-08,0.52,0.52,0.52,0.52,5774,0
2016-08-09,0.52,0.52,0.52,0.52,5,0
2016-08-10,0.52,0.52,0.51,0.52,1006,0
2016-08-11,0.52,0.52,0.5,0.52,17156,0
2016-08-12,0.5,0.52,0.5,0.52,15505,0
2016-08-16,0.51,0.51,0.51,0.51,19000,0
2016-08-17,0.52,0.54,0.49,0.54,48032,0
2016-08-18,0.54,0.54,0.54,0.54,2,0
2016-08-19,0.52,0.52,0.49,0.52,4,0
2016-08-22,0.52,0.54,0.52,0.54,3,0
2016-08-23,0.55,0.55,0.55,0.55,2,0
2016-08-24,0.55,0.55,0.55,0.55,2,0
2016-08-25,0.53,0.53,0.53,0.53,2,0
2016-08-26,0.52,0.53,0.52,0.53,251,0
2016-08-29,0.53,0.53,0.53,0.53,2,0
2016-08-30,0.53,0.53,0.53,0.53,2,0
2016-08-31,0.52,0.52,0.49,0.52,22004,0
2016-09-01,0.52,0.53,0.52,0.53,4529,0
2016-09-02,0.53,0.53,0.5,0.53,4006,0
2016-09-05,0.52,0.53,0.52,0.53,10,0
2016-09-06,0.53,0.53,0.53,0.53,5,0
2016-09-07,0.53,0.53,0.53,0.53,20,0
2016-09-08,0.53,0.53,0.53,0.53,10,0
2016-09-09,0.53,0.53,0.53,0.53,20,0
2016-09-12,0.53,0.53,0.52,0.53,5011,0
2016-09-13,0.53,0.53,0.51,0.51,2907,0
2016-09-14,0.51,0.51,0.51,0.51,10,0
2016-09-15,0.51,0.51,0.48,0.48,5319,0
2016-09-16,0.49,0.49,0.45,0.49,6389,0
2016-09-19,0.47,0.48,0.44,0.48,56818,0
2016-09-20,0.48,0.49,0.48,0.49,15311,0
2016-09-21,0.5,0.5,0.5,0.5,20,0
2016-09-22,0.5,0.5,0.5,0.5,10,0
2016-09-23,0.5,0.5,0.5,0.5,20,0
2016-09-26,0.48,0.48,0.45,0.48,757,0
2016-09-27,0.48,0.49,0.48,0.49,1007,0
2016-09-28,0.5,0.5,0.5,0.5,5,0
2016-09-29,0.5,0.5,0.5,0.5,7,0
2016-09-30,0.5,0.5,0.5,0.5,10,0
2016-10-03,0.5,0.5,0.46,0.5,2379,0
2016-10-04,0.5,0.5,0.5,0.5,10,0
2016-10-05,0.5,0.5,0.5,0.5,2010,0
2016-10-06,0.5,0.5,0.49,0.5,330,0
2016-10-07,0.5,0.5,0.5,0.5,5,0
2016-10-10,0.5,0.5,0.5,0.5,1010,0
2016-10-11,0.51,0.51,0.51,0.51,100,0
2016-10-12,0.51,0.51,0.5,0.5,110,0
2016-10-13,0.51,0.51,0.51,0.51,20,0
2016-10-14,0.53,0.54,0.47,0.49,20133,0
2016-10-17,0.5,0.5,0.5,0.5,20,0
2016-10-18,0.5,0.5,0.49,0.49,1020,0
2016-10-19,0.5,0.5,0.5,0.5,20,0
2016-10-20,0.5,0.5,0.5,0.5,20,0
2016-10-21,0.5,0.5,0.44,0.48,63925,0
2016-10-24,0.47,0.47,0.44,0.47,152,0
2016-10-25,0.44,0.49,0.44,0.49,75281,0
2016-10-26,0.5,0.5,0.5,0.5,10,0
2016-10-27,0.5,0.5,0.46,0.49,9758,0
2016-10-28,0.5,0.5,0.47,0.47,9421,0
2016-10-31,0.48,0.48,0.46,0.46,11002,0
2016-11-02,0.46,0.47,0.45,0.47,5719,0
2016-11-03,0.47,0.47,0.46,0.47,1911,0
2016-11-04,0.47,0.48,0.44,0.47,9809,0
2016-11-07,0.47,0.47,0.46,0.47,311,0
2016-11-08,0.47,0.47,0.47,0.47,25,0
2016-11-09,0.47,0.47,0.47,0.47,5,0
2016-11-10,0.47,0.48,0.47,0.48,1557,0
2016-11-14,0.48,0.48,0.48,0.48,10,0
2016-11-15,0.48,0.48,0.48,0.48,10,0
2016-11-16,0.48,0.48,0.48,0.48,20,0
2016-11-17,0.46,0.48,0.44,0.48,3717,0
2016-11-18,0.47,0.47,0.43,0.46,41081,0
2016-11-21,0.46,0.47,0.46,0.47,1105,0
2016-11-22,0.47,0.47,0.46,0.46,115,0
2016-11-23,0.47,0.47,0.47,0.47,10,0
2016-11-24,0.47,0.47,0.47,0.47,100,0
2016-11-25,0.45,0.47,0.43,0.47,155750,0
2016-11-28,0.47,0.47,0.47,0.47,10,0
2016-11-29,0.47,0.47,0.47,0.47,5,0
2016-11-30,0.47,0.47,0.47,0.47,3510,0
2016-12-01,0.47,0.47,0.47,0.47,10,0
2016-12-02,0.47,0.47,0.47,0.47,10,0
2016-12-05,0.47,0.47,0.47,0.47,10,0
2016-12-06,0.47,0.48,0.44,0.48,15847,0
2016-12-07,0.48,0.48,0.46,0.47,511,0
2016-12-08,0.47,0.47,0.47,0.47,20,0
2016-12-09,0.47,0.47,0.44,0.47,3070,0
2016-12-12,0.44,0.46,0.41,0.45,35275,0
2016-12-13,0.45,0.45,0.38,0.38,107860,0
2016-12-14,0.39,0.42,0.38,0.42,47576,0
2016-12-15,0.43,0.43,0.4,0.42,111,0
2016-12-16,0.42,0.42,0.42,0.42,50,0
2016-12-19,0.41,0.41,0.41,0.41,410,0
2016-12-20,0.41,0.41,0.38,0.39,9970,0
2016-12-21,0.39,0.4,0.38,0.4,12953,0
2016-12-22,0.4,0.4,0.33,0.36,523972,0
2016-12-23,0.37,0.4,0.37,0.4,66193,0
2016-12-27,0.41,0.43,0.38,0.42,14789,0
2016-12-28,0.42,0.5,0.42,0.46,199840,0
2016-12-29,0.46,0.47,0.44,0.47,4355,0
2016-12-30,0.47,0.47,0.44,0.46,2711,0
2017-01-02,0.45,0.45,0.45,0.45,200,0
2017-01-03,0.45,0.45,0.45,0.45,2,0
2017-01-04,0.45,0.45,0.45,0.45,1000,0
2017-01-05,0.45,0.45,0.45,0.45,2,0
2017-01-09,0.45,0.45,0.43,0.43,5020,0
2017-01-10,0.45,0.45,0.45,0.45,5,0
2017-01-11,0.44,0.44,0.43,0.43,7926,0
2017-01-12,0.42,0.43,0.42,0.43,19001,0
2017-01-13,0.44,0.44,0.44,0.44,10,0
2017-01-16,0.41,0.44,0.41,0.44,1472,0
2017-01-18,0.44,0.44,0.44,0.44,100,0
2017-01-19,0.44,0.44,0.44,0.44,20,0
2017-01-20,0.44,0.44,0.44,0.44,20,0
2017-01-23,0.41,0.41,0.41,0.41,1,0
2017-01-24,0.42,0.42,0.41,0.41,11439,0
2017-01-25,0.4,0.4,0.4,0.4,8809,0
2017-01-26,0.41,0.45,0.41,0.45,24278,0
2017-01-27,0.45,0.45,0.45,0.45,6200,0
2017-01-30,0.45,0.45,0.45,0.45,150,0
2017-01-31,0.45,0.45,0.41,0.41,1625,0
2017-02-01,0.4,0.43,0.4,0.43,13635,0
2017-02-02,0.43,0.43,0.43,0.43,2500,0
2017-02-03,0.43,0.43,0.43,0.43,25,0
2017-02-06,0.39,0.43,0.39,0.43,192,0
2017-02-07,0.43,0.43,0.43,0.43,25,0
2017-02-08,0.45,0.45,0.4,0.4,36758,0
2017-02-09,0.43,0.44,0.43,0.44,6000,0
2017-02-10,0.45,0.45,0.45,0.45,1,0
2017-02-14,0.45,0.45,0.45,0.45,100,0
2017-02-15,0.45,0.45,0.45,0.45,2070,0
2017-02-16,0.44,0.44,0.41,0.41,24692,0
2017-02-17,0.43,0.43,0.43,0.43,1035,0
2017-02-20,0.43,0.43,0.43,0.43,20,0
2017-02-22,0.42,0.42,0.42,0.42,2,0
2017-02-23,0.42,0.42,0.42,0.42,10,0
2017-02-24,0.42,0.42,0.42,0.42,5,0
2017-02-27,0.41,0.42,0.41,0.42,3100,0
2017-02-28,0.42,0.42,0.41,0.41,22,0
2017-03-01,0.42,0.42,0.4,0.4,21,0
2017-03-02,0.42,0.42,0.42,0.42,50,0
2017-03-03,0.42,0.42,0.41,0.41,6979,0
2017-03-06,0.39,0.41,0.39,0.41,36000,0
2017-03-07,0.41,0.43,0.41,0.43,87988,0
2017-03-08,0.46,0.49,0.46,0.49,33398,0
2017-03-09,0.5,0.5,0.5,0.5,32077,0
2017-03-10,0.5,0.54,0.5,0.54,2,0
2017-03-13,0.54,0.54,0.53,0.53,7244,0
2017-03-14,0.5,0.5,0.48,0.48,5675,0
2017-03-16,0.5,0.5,0.5,0.5,1482,0
2017-03-17,0.5,0.5,0.5,0.5,2570,0
2017-03-20,0.5,0.5,0.5,0.5,10,0
2017-03-21,0.5,0.5,0.5,0.5,10,0
2017-03-22,0.5,0.5,0.49,0.49,15010,0
2017-03-23,0.49,0.49,0.49,0.49,20,0
2017-03-24,0.49,0.49,0.49,0.49,10,0
2017-03-27,0.48,0.48,0.45,0.45,350,0
2017-03-28,0.46,0.49,0.46,0.49,43801,0
2017-03-29,0.51,0.53,0.51,0.53,11602,0
2017-03-30,0.54,0.55,0.54,0.55,7999,0
2017-03-31,0.55,0.56,0.55,0.56,27833,0
2017-04-03,0.58,0.58,0.54,0.54,28804,0
2017-04-04,0.54,0.54,0.54,0.54,10,0
2017-04-05,0.54,0.54,0.54,0.54,50,0
2017-04-06,0.5,0.5,0.5,0.5,1,0
2017-04-07,0.5,0.5,0.5,0.5,10,0
2017-04-10,0.51,0.51,0.51,0.51,3000,0
2017-04-11,0.5,0.5,0.47,0.47,15001,0
2017-04-12,0.5,0.54,0.5,0.54,28901,0
2017-04-13,0.55,0.55,0.54,0.54,28602,0
2017-04-18,0.55,0.55,0.52,0.52,6001,0
2017-04-19,0.49,0.49,0.49,0.49,51,0
2017-04-20,0.53,0.53,0.53,0.53,800,0
2017-04-21,0.52,0.52,0.52,0.52,132,0
2017-04-24,0.52,0.52,0.51,0.51,1868,0
2017-04-25,0.51,0.51,0.51,0.51,1971,0
2017-04-26,0.55,0.55,0.55,0.55,100,0
2017-04-27,0.56,0.57,0.56,0.57,41350,0
2017-04-28,0.57,0.57,0.54,0.54,1400,0
2017-05-04,0.58,0.58,0.55,0.55,3595,0
2017-05-05,0.6,0.6,0.6,0.6,500,0
2017-05-08,0.6,0.6,0.6,0.6,459,0
2017-05-09,0.6,0.6,0.6,0.6,10,0
2017-05-10,0.6,0.6,0.6,0.6,20,0
2017-05-11,0.6,0.6,0.6,0.6,100,0
2017-05-12,0.6,0.6,0.57,0.57,421,0
2017-05-15,0.6,0.6,0.57,0.57,101,0
2017-05-16,0.6,0.6,0.6,0.6,50,0
2017-05-17,0.58,0.6,0.58,0.6,863,0
2017-05-18,0.6,0.6,0.57,0.57,51,0
2017-05-19,0.6,0.6,0.56,0.56,6266,0
2017-05-22,0.54,0.58,0.54,0.58,4365,0
2017-05-23,0.58,0.58,0.58,0.58,50,0
2017-05-24,0.55,0.58,0.55,0.58,879,0
2017-05-25,0.58,0.58,0.54,0.54,30050,0
2017-05-26,0.58,0.58,0.58,0.58,120,0
2017-05-30,0.54,0.54,0.52,0.52,29478,0
2017-05-31,0.51,0.51,0.51,0.51,17573,0
2017-06-02,0.5,0.5,0.49,0.49,41611,0
2017-06-05,0.48,0.48,0.45,0.45,15753,0
2017-06-06,0.41,0.41,0.38,0.38,21301,0
2017-06-08,0.38,0.4,0.38,0.4,14712,0
2017-06-09,0.36,0.36,0.35,0.35,46528,0
2017-06-12,0.35,0.36,0.35,0.36,6832,0
2017-06-13,0.33,0.35,0.33,0.35,58000,0
2017-06-14,0.35,0.38,0.35,0.38,8009,0
2017-06-16,0.37,0.37,0.37,0.37,8360,0
2017-06-19,0.32,0.32,0.32,0.32,26085,0
2017-06-21,0.29,0.29,0.29,0.29,5556,0
2017-06-22,0.32,0.32,0.32,0.32,1,0
2017-06-23,0.33,0.36,0.33,0.36,24600,0
2017-06-26,0.35,0.36,0.35,0.36,13177,0
2017-06-27,0.4,0.4,0.4,0.4,120,0
2017-06-28,0.39,0.39,0.39,0.39,1,0
2017-06-29,0.36,0.36,0.35,0.35,20547,0
2017-06-30,0.38,0.38,0.38,0.38,550,0
2017-07-03,0.39,0.39,0.36,0.37,6094,0
2017-07-04,0.37,0.38,0.31,0.37,21268,0
2017-07-05,0.38,0.38,0.34,0.38,5078,0
2017-07-06,0.38,0.38,0.38,0.38,10,0
2017-07-07,0.38,0.38,0.35,0.38,565,0
2017-07-10,0.38,0.38,0.38,0.38,2,0
2017-07-11,0.38,0.38,0.38,0.38,2,0
2017-07-12,0.38,0.38,0.38,0.38,2,0
2017-07-13,0.38,0.38,0.34,0.38,23512,0
2017-07-14,0.38,0.38,0.3,0.3,9029,0
2017-07-17,0.3,0.33,0.3,0.33,7020,0
2017-07-18,0.32,0.32,0.28,0.32,37681,0
2017-07-19,0.32,0.32,0.29,0.31,26996,0
2017-07-20,0.32,0.32,0.28,0.32,28880,0
2017-07-21,0.34,0.34,0.32,0.32,24190,0
2017-07-24,0.35,0.35,0.3,0.34,56078,0
2017-07-25,0.33,0.33,0.33,0.33,1492,0
2017-07-26,0.33,0.33,0.33,0.33,10,0
2017-07-27,0.33,0.33,0.33,0.33,5,0
2017-07-28,0.33,0.33,0.33,0.33,5,0
2017-07-31,0.33,0.35,0.33,0.35,4001,0
2017-08-01,0.35,0.35,0.35,0.35,10,0
2017-08-02,0.35,0.37,0.34,0.37,2005,0
2017-08-03,0.37,0.37,0.36,0.36,1382,0
2017-08-04,0.35,0.37,0.35,0.37,4,0
2017-08-07,0.37,0.37,0.37,0.37,1,0
2017-08-08,0.37,0.37,0.37,0.37,10,0
2017-08-09,0.37,0.37,0.35,0.37,415,0
2017-08-10,0.37,0.37,0.37,0.37,10,0
2017-08-11,0.36,0.36,0.36,0.36,10,0
2017-08-14,0.36,0.36,0.35,0.35,2010,0
2017-08-16,0.36,0.36,0.36,0.36,10,0
2017-08-17,0.36,0.36,0.36,0.36,10,0
2017-08-18,0.36,0.36,0.36,0.36,10,0
2017-08-21,0.36,0.36,0.3,0.32,26360,0
2017-08-22,0.31,0.34,0.28,0.34,45912,0
2017-08-23,0.36,0.36,0.36,0.36,5,0
2017-08-24,0.36,0.36,0.36,0.36,5,0
2017-08-25,0.36,0.36,0.36,0.36,1,0
2017-08-28,0.35,0.35,0.35,0.35,1,0
2017-09-01,0.28,0.3,0.22,0.3,67300,0
2017-09-04,0.3,0.3,0.28,0.3,32306,0
2017-09-05,0.3,0.3,0.28,0.3,2504,0
2017-09-06,0.3,0.3,0.29,0.29,7,0
2017-09-07,0.3,0.3,0.3,0.3,2,0
2017-09-08,0.3,0.3,0.29,0.29,5002,0
2017-09-11,0.28,0.28,0.28,0.28,10,0
2017-09-12,0.28,0.28,0.26,0.28,36,0
2017-09-13,0.28,0.28,0.26,0.28,1341,0
2017-09-14,0.28,0.28,0.28,0.28,5,0
2017-09-15,0.28,0.28,0.23,0.25,29783,0
2017-09-18,0.25,0.25,0.25,0.25,4575,0
2017-09-19,0.25,0.25,0.25,0.25,5,0
2017-09-20,0.25,0.25,0.25,0.25,2620,0
2017-09-21,0.25,0.25,0.25,0.25,5,0
2017-09-22,0.25,0.25,0.25,0.25,5,0
2017-09-25,0.23,0.25,0.2,0.25,20017,0
2017-09-26,0.25,0.25,0.25,0.25,66,0
2017-09-27,0.24,0.24,0.24,0.24,10,0
2017-09-28,0.24,0.24,0.24,0.24,5,0
2017-09-29,0.24,0.24,0.2,0.21,9775,0
2017-10-02,0.21,0.21,0.21,0.21,28480,0
2017-10-03,0.2,0.2,0.19,0.19,26711,0
2017-10-04,0.17,0.17,0.15,0.15,68454,0
2017-10-05,0.17,0.18,0.17,0.18,29510,0
2017-10-06,0.18,0.19,0.18,0.19,13447,0
2017-10-10,0.19,0.19,0.19,0.19,5750,0
2017-10-11,0.19,0.19,0.19,0.19,20000,0
2017-10-12,0.18,0.18,0.18,0.18,21490,0
2017-10-13,0.18,0.18,0.18,0.18,37436,0
2017-10-17,0.17,0.17,0.17,0.17,11737,0
2017-10-18,0.17,0.17,0.17,0.17,23100,0
2017-10-19,0.17,0.17,0.17,0.17,60512,0
2017-10-20,0.17,0.17,0.17,0.17,30855,0
2017-10-23,0.16,0.16,0.16,0.16,33000,0
2017-10-24,0.16,0.16,0.16,0.16,12000,0
2017-10-26,0.15,0.15,0.15,0.15,9000,0
2017-10-27,0.15,0.15,0.15,0.15,35500,0
2017-10-30,0.15,0.15,0.15,0.15,5845,0
2017-10-31,0.16,0.16,0.16,0.16,4000,0
2017-11-02,0.17,0.17,0.17,0.17,10,0
2017-11-06,0.2,0.2,0.2,0.2,10000,0
2017-11-07,0.2,0.2,0.2,0.2,17407,0
2017-11-08,0.21,0.22,0.21,0.22,7813,0
2017-11-09,0.23,0.23,0.23,0.23,25711,0
2017-11-10,0.22,0.23,0.22,0.23,982,0
2017-11-13,0.23,0.24,0.23,0.24,22950,0
2017-11-15,0.22,0.22,0.22,0.22,50000,0
2017-11-16,0.24,0.24,0.24,0.24,20876,0
2017-11-20,0.24,0.24,0.24,0.24,3348,0
2017-11-21,0.24,0.25,0.24,0.25,3965,0
2017-11-22,0.25,0.26,0.25,0.26,10000,0
2017-11-24,0.28,0.31,0.28,0.31,37568,0
2017-11-27,0.32,0.33,0.32,0.33,33477,0
2017-11-28,0.34,0.34,0.34,0.34,10392,0
2017-11-30,0.35,0.35,0.35,0.35,1500,0
2017-12-01,0.34,0.34,0.34,0.34,1167,0
2017-12-04,0.34,0.34,0.34,0.34,25,0
2017-12-07,0.3,0.3,0.29,0.29,1875,0
2017-12-08,0.26,0.26,0.26,0.26,12926,0
2017-12-11,0.26,0.26,0.26,0.26,5000,0
2017-12-13,0.26,0.26,0.26,0.26,5000,0
2017-12-14,0.26,0.26,0.26,0.26,2000,0
2017-12-15,0.26,0.26,0.26,0.26,2160,0
2017-12-19,0.26,0.26,0.26,0.26,1500,0
2017-12-20,0.26,0.26,0.26,0.26,1000,0
2017-12-22,0.22,0.22,0.22,0.22,2156,0
2017-12-27,0.19,0.19,0.18,0.18,22100,0
2017-12-28,0.18,0.18,0.18,0.18,1000,0
2017-12-29,0.2,0.23,0.2,0.23,2263,0
2018-01-03,0.26,0.26,0.26,0.26,1933,0
2018-01-04,0.27,0.27,0.27,0.27,650,0
2018-01-05,0.28,0.28,0.28,0.28,4050,0
2018-01-08,0.28,0.3,0.28,0.3,3345,0
2018-01-09,0.3,0.3,0.3,0.3,8642,0
2018-01-11,0.32,0.34,0.32,0.34,330,0
2018-01-12,0.34,0.34,0.34,0.34,1000,0
2018-01-16,0.34,0.34,0.34,0.34,105,0
2018-01-17,0.32,0.32,0.32,0.32,1000,0
2018-01-18,0.32,0.32,0.32,0.32,8000,0
2018-01-19,0.34,0.34,0.34,0.34,50,0
2018-01-31,0.31,0.31,0.31,0.31,5299,0
2018-02-01,0.31,0.31,0.31,0.31,7500,0
2018-02-02,0.3,0.3,0.3,0.3,18200,0
2018-02-05,0.3,0.3,0.3,0.3,500,0
2018-02-06,0.29,0.29,0.29,0.29,4500,0
2018-02-07,0.3,0.32,0.3,0.32,9406,0
2018-02-08,0.32,0.33,0.32,0.33,15167,0
2018-02-09,0.34,0.34,0.34,0.34,19031,0
2018-02-12,0.34,0.34,0.34,0.34,9100,0
2018-02-13,0.35,0.35,0.35,0.35,8423,0
2018-02-14,0.35,0.36,0.35,0.36,62801,0
2018-02-15,0.4,0.4,0.4,0.4,40100,0
2018-02-16,0.5,0.51,0.5,0.51,46477,0
2018-02-19,0.49,0.49,0.47,0.47,15372,0
2018-02-20,0.46,0.46,0.45,0.45,21078,0
2018-02-21,0.45,0.45,0.45,0.45,3466,0
2018-02-22,0.47,0.49,0.47,0.49,25820,0
2018-02-23,0.48,0.48,0.48,0.48,3064,0
2018-02-26,0.44,0.44,0.44,0.44,16310,0
2018-02-27,0.44,0.44,0.42,0.42,4058,0
2018-02-28,0.42,0.42,0.42,0.42,300,0
2018-03-01,0.37,0.37,0.37,0.37,10000,0
2018-03-02,0.39,0.42,0.39,0.42,100,0
2018-03-05,0.42,0.42,0.42,0.42,4710,0
2018-03-06,0.44,0.46,0.44,0.46,7840,0
2018-03-07,0.46,0.49,0.46,0.49,19000,0
2018-03-08,0.51,0.54,0.51,0.54,39298,0
2018-03-09,0.55,0.55,0.52,0.52,34325,0
2018-03-12,0.55,0.55,0.55,0.55,400,0
2018-03-14,0.58,0.58,0.57,0.57,69638,0
2018-03-15,0.53,0.57,0.53,0.57,18315,0
2018-03-16,0.58,0.58,0.58,0.58,75,0
2018-03-19,0.58,0.58,0.58,0.58,10,0
2018-03-20,0.58,0.58,0.58,0.58,80,0
2018-03-21,0.6,0.61,0.6,0.61,12384,0
2018-03-22,0.63,0.65,0.63,0.65,2600,0
2018-03-23,0.68,0.7,0.68,0.7,21016,0
2018-03-26,0.72,0.73,0.72,0.73,11922,0
2018-03-27,0.72,0.73,0.72,0.73,14535,0
2018-03-28,0.75,0.75,0.73,0.73,29980,0
2018-03-29,0.7,0.7,0.7,0.7,5000,0
