Date,Open,High,Low,Close,Volume,OpenInt
2015-01-22,621.5,621.5,621.5,621.5,540,7780
2015-01-23,620.5,620.5,620.5,620.5,820,8280
2015-01-26,601.75,601.75,601.75,601.75,280,7840
2015-01-27,602.75,602.75,602.75,602.75,520,8160
2015-01-28,606,606,606,606,120,8160
2015-01-29,582.5,582.5,582.5,582.5,0,7380
2015-01-30,588.5,588.5,588.5,588.5,160,7340
2015-02-02,588.5,588.5,588.5,588.5,0,7340
2015-02-03,588.5,588.5,588.5,588.5,0,7340
2015-02-04,613.5,613.5,613.5,613.5,780,7400
2015-02-05,643,643,643,643,180,7100
2015-02-06,657.5,657.5,657.5,657.5,360,7460
2015-02-09,649.5,649.5,649.5,649.5,60,7520
2015-02-10,641.25,641.25,641.25,641.25,360,7520
2015-02-11,634,634,634,634,0,7400
2015-02-12,633,633,633,633,0,7360
2015-02-13,636.25,636.25,636.25,636.25,0,7360
2015-02-17,637.25,637.25,637.25,637.25,320,7520
2015-02-18,639.25,639.25,639.25,639.25,160,7360
2015-02-19,639.25,639.25,639.25,639.25,0,7360
2015-02-20,639.25,639.25,639.25,639.25,0,7360
2015-02-23,615.75,615.75,615.75,615.75,580,7240
2015-02-24,621.5,621.5,621.5,621.5,120,7320
2015-02-25,620.5,620.5,620.5,620.5,40,7360
2015-02-26,631.5,631.5,631.5,631.5,360,6320
2015-02-27,637.25,637.25,637.25,637.25,200,6360
2015-03-02,653.25,653.25,653.25,653.25,0,6360
2015-03-03,655.5,655.5,655.5,655.5,0,6360
2015-03-04,651.75,651.75,651.75,651.75,0,6360
2015-03-05,637.75,637.75,637.75,637.75,180,6360
2015-03-06,631,631,631,631,60,6360
2015-03-09,622,622,622,622,0,6360
2015-03-10,614.75,614.75,614.75,614.75,360,6560
2015-03-11,619.75,619.75,619.75,619.75,360,6800
2015-03-12,616.5,616.5,616.5,616.5,320,6880
2015-03-13,616.75,616.75,616.75,616.75,200,7000
2015-03-16,608.25,608.25,608.25,608.25,120,6880
2015-03-17,601.5,601.5,601.5,601.5,240,6860
2015-03-18,607.75,607.75,607.75,607.75,280,6900
2015-03-19,610.75,610.75,610.75,610.75,0,6860
2015-03-20,603.75,603.75,603.75,603.75,0,6860
2015-03-23,607,607,607,607,140,6960
2015-03-24,606.25,606.25,606.25,606.25,380,7240
2015-03-25,607.25,607.25,607.25,607.25,240,7080
2015-03-26,607.75,607.75,607.75,607.75,400,6100
2015-03-27,591,591,591,591,120,5980
2015-03-30,590.75,590.75,590.75,590.75,200,5980
2015-03-31,582,582,582,582,80,6060
2015-04-01,584.25,584.25,584.25,584.25,0,6060
2015-04-02,588.25,588.25,588.25,588.25,0,6020
2015-04-06,612.25,612.25,612.25,612.25,280,6080
2015-04-07,606.25,606.25,606.25,606.25,160,6160
2015-04-08,596,596,596,596,120,6040
2015-04-09,588.5,588.5,588.5,588.5,40,6000
2015-04-10,587.5,587.5,587.5,587.5,0,6000
2015-04-13,583,583,583,583,160,6240
2015-04-14,578.75,578.75,578.75,578.75,120,6240
2015-04-15,580.5,580.5,580.5,580.5,0,6120
2015-04-16,585.75,585.75,585.75,585.75,240,6120
2015-04-17,591,591,591,591,0,6120
2015-04-20,594.5,594.5,594.5,594.5,1360,6840
2015-04-21,595.75,595.75,595.75,595.75,120,6840
2015-04-22,595,595,595,595,500,6980
2015-04-23,594.5,594.5,594.5,594.5,0,6980
2015-04-24,598.25,598.25,598.25,598.25,580,7200
2015-04-27,591.75,591.75,591.75,591.75,200,7260
2015-04-28,589.25,589.25,589.25,589.25,680,7340
2015-04-29,584,584,584,584,1200,8320
2015-04-30,592,592,592,592,1440,7920
2015-05-01,592,592,592,592,0,7920
2015-05-04,592,592,592,592,0,7920
2015-05-05,598,598,598,598,200,8080
2015-05-06,609.25,609.25,609.25,609.25,160,8200
2015-05-07,605.5,605.5,605.5,605.5,160,8300
2015-05-08,599.75,599.75,599.75,599.75,1020,8760
2015-05-11,609,609,609,609,240,8800
2015-05-12,614.25,614.25,614.25,614.25,320,8980
2015-05-13,610.5,610.5,610.5,610.5,380,9240
2015-05-14,615.5,615.5,615.5,615.5,120,9240
2015-05-15,612.25,612.25,612.25,612.25,0,9240
2015-05-18,610.75,610.75,610.75,610.75,120,9260
2015-05-19,601,601,601,601,0,9260
2015-05-20,593.25,593.25,593.25,593.25,180,9440
2015-05-21,598.75,598.75,598.75,598.75,280,9280
2015-05-22,594.5,594.5,594.5,594.5,280,9200
2015-05-26,603.75,603.75,603.75,603.75,240,9200
2015-05-27,598.75,598.75,598.75,598.75,140,9200
2015-05-28,605.25,605.25,605.25,605.25,280,8380
2015-05-29,607.75,607.75,607.75,607.75,220,8540
2015-06-01,624.5,624.5,624.5,624.5,0,8540
2015-06-02,625.5,625.5,625.5,625.5,0,8540
2015-06-03,623.75,623.75,623.75,623.75,260,8520
2015-06-04,626.25,626.25,626.25,626.25,200,8500
2015-06-05,629.5,629.5,629.5,629.5,320,8520
2015-06-08,621.5,621.5,621.5,621.5,160,8440
2015-06-09,618.75,618.75,618.75,618.75,160,8440
2015-06-10,614.25,614.25,614.25,614.25,240,8680
2015-06-11,617,617,617,617,160,8760
2015-06-12,613.75,613.75,613.75,613.75,0,8760
2015-06-15,610,610,610,610,40,8760
2015-06-16,614.75,614.75,614.75,614.75,0,8760
2015-06-17,615,615,615,615,180,8580
2015-06-18,609.75,609.75,609.75,609.75,360,8820
2015-06-19,611.25,611.25,611.25,611.25,40,8780
2015-06-22,608.75,608.75,608.75,608.75,0,8780
2015-06-23,607.75,607.75,607.75,607.75,340,8920
2015-06-24,610.75,610.75,610.75,610.75,120,8920
2015-06-25,610.25,610.25,610.25,610.25,120,7660
2015-06-26,610.5,610.5,610.5,610.5,120,7660
2015-06-29,604,604,604,604,0,7660
2015-06-30,593,593,593,593,180,7600
2015-07-01,609.25,609.25,609.25,609.25,160,7560
2015-07-02,605.5,605.5,605.5,605.5,160,7980
2015-07-06,591.5,591.5,591.5,591.5,120,7940
2015-07-07,583.5,583.5,583.5,583.5,0,7940
2015-07-08,567.75,567.75,567.75,567.75,160,7980
2015-07-09,578.75,578.75,578.75,578.75,80,7980
2015-07-10,584.25,584.25,584.25,584.25,320,8180
2015-07-13,582.25,582.25,582.25,582.25,160,8180
2015-07-14,583,583,583,583,0,8180
2015-07-15,581.5,581.5,581.5,581.5,0,8180
2015-07-16,579.5,579.5,579.5,579.5,240,8180
2015-07-17,579.5,579.5,579.5,579.5,0,8180
2015-07-20,577.75,577.75,577.75,577.75,40,8220
2015-07-21,585.5,585.5,585.5,585.5,0,8220
2015-07-22,584.75,584.75,584.75,584.75,0,8220
2015-07-23,577.25,577.25,577.25,577.25,80,8220
2015-07-24,574.25,574.25,574.25,574.25,0,8220
2015-07-27,563.25,563.25,563.25,563.25,400,8540
2015-07-28,560,560,560,560,100,8580
2015-07-29,555.5,555.5,555.5,555.5,312,8520
2015-07-30,559.5,559.5,559.5,559.5,0,7520
2015-07-31,558.5,558.5,558.5,558.5,80,7600
2015-08-03,538,538,538,538,0,7600
2015-08-04,536.5,536.5,536.5,536.5,440,7440
2015-08-05,528,528,528,528,320,7460
2015-08-06,528.75,528.75,528.75,528.75,180,7340
2015-08-07,523.75,523.75,523.75,523.75,160,7420
2015-08-10,520.75,520.75,520.75,520.75,0,7420
2015-08-11,520.75,520.75,520.75,520.75,360,7400
2015-08-12,503.5,503.5,503.5,503.5,80,7480
2015-08-13,509.5,509.5,509.5,509.5,280,7600
2015-08-14,493.25,493.25,493.25,493.25,120,7600
2015-08-17,496,496,496,496,360,7580
2015-08-18,501.5,501.5,501.5,501.5,0,7580
2015-08-19,497.5,497.5,497.5,497.5,0,7580
2015-08-20,485.25,485.25,485.25,485.25,0,7580
2015-08-21,476.75,476.75,476.75,476.75,0,7580
2015-08-24,450,450,450,450,440,7660
2015-08-25,450.25,450.25,450.25,450.25,0,7660
2015-08-26,437.5,437.5,437.5,437.5,260,7700
2015-08-27,452.5,452.5,452.5,452.5,1360,7360
2015-08-28,482.5,482.5,482.5,482.5,420,7320
2015-08-31,482.5,482.5,482.5,482.5,0,7320
2015-09-01,493.75,493.75,493.75,493.75,1560,8540
2015-09-02,479.75,479.75,479.75,479.75,680,8820
2015-09-03,490,490,490,490,180,8900
2015-09-04,487.75,487.75,487.75,487.75,0,8900
2015-09-08,494.25,494.25,494.25,494.25,160,8980
2015-09-09,504.75,504.75,504.75,504.75,20,8980
2015-09-10,508.5,508.5,508.5,508.5,360,9040
2015-09-11,505.25,505.25,505.25,505.25,320,9200
2015-09-14,519,519,519,519,416,9220
2015-09-15,508.25,508.25,508.25,508.25,360,9380
2015-09-16,508.25,508.25,508.25,508.25,0,9380
2015-09-17,500.25,500.25,500.25,500.25,380,9600
2015-09-18,495.75,495.75,495.75,495.75,0,9600
2015-09-21,507,507,507,507,420,9440
2015-09-22,509.5,509.5,509.5,509.5,120,9400
2015-09-23,515.25,515.25,515.25,515.25,120,9400
2015-09-24,515.25,515.25,515.25,515.25,0,8460
2015-09-25,533.5,533.5,533.5,533.5,360,8400
2015-09-28,544.5,544.5,544.5,544.5,0,8400
2015-09-29,548.25,548.25,548.25,548.25,440,8640
2015-09-30,534,534,534,534,160,8600
2015-10-01,546.75,546.75,546.75,546.75,200,8600
2015-10-02,537,537,537,537,0,8600
2015-10-05,547.5,547.5,547.5,547.5,140,8580
2015-10-06,542.75,542.75,542.75,542.75,708,8760
2015-10-07,537.5,537.5,537.5,537.5,324,8740
2015-10-08,539.25,539.25,539.25,539.25,496,8904
2015-10-09,538.5,538.5,538.5,538.5,0,8904
2015-10-12,540.25,540.25,540.25,540.25,720,9204
2015-10-13,549.5,549.5,549.5,549.5,0,9204
2015-10-14,549.5,549.5,549.5,549.5,0,9204
2015-10-15,550.5,550.5,550.5,550.5,280,9284
2015-10-16,549,549,549,549,0,9284
2015-10-19,542.75,542.75,542.75,542.75,0,9284
2015-10-20,544.5,544.5,544.5,544.5,240,9404
2015-10-21,558.75,558.75,558.75,558.75,80,9484
2015-10-22,559.5,559.5,559.5,559.5,160,9604
2015-10-23,558,558,558,558,336,9484
2015-10-26,542.5,542.5,542.5,542.5,440,9624
2015-10-27,552.5,552.5,552.5,552.5,260,9668
2015-10-28,554.75,554.75,554.75,554.75,420,9728
2015-10-29,559.5,559.5,559.5,559.5,0,8108
2015-10-30,558.25,558.25,558.25,558.25,40,8108
2015-11-02,552.5,552.5,552.5,552.5,0,8108
2015-11-03,548.5,548.5,548.5,548.5,20,8128
2015-11-04,563.25,563.25,563.25,563.25,1080,9048
2015-11-05,557.75,557.75,557.75,557.75,160,8808
2015-11-06,552.25,552.25,552.25,552.25,0,8808
2015-11-09,557.75,557.75,557.75,557.75,520,8628
2015-11-10,557.75,557.75,557.75,557.75,0,8628
2015-11-11,544.25,544.25,544.25,544.25,0,8628
2015-11-12,544.25,544.25,544.25,544.25,440,8668
2015-11-13,535.75,535.75,535.75,535.75,160,8768
2015-11-16,523.5,523.5,523.5,523.5,0,8768
2015-11-17,523.75,523.75,523.75,523.75,140,8668
2015-11-18,527,527,527,527,120,8548
2015-11-19,527.75,527.75,527.75,527.75,200,8684
2015-11-20,532.25,532.25,532.25,532.25,440,8740
2015-11-23,530.25,530.25,530.25,530.25,308,8780
2015-11-24,532.5,532.5,532.5,532.5,220,8920
2015-11-25,546.25,546.25,546.25,546.25,220,8920
2015-11-27,558.75,558.75,558.75,558.75,232,9048
2015-11-30,550.25,550.25,550.25,550.25,200,7524
2015-12-01,560.25,560.25,560.25,560.25,360,7744
2015-12-02,565.5,565.5,565.5,565.5,80,7784
2015-12-03,567.25,567.25,567.25,567.25,336,8120
2015-12-04,572.25,572.25,572.25,572.25,400,8260
2015-12-07,588,588,588,588,480,8140
2015-12-08,574.25,574.25,574.25,574.25,560,7980
2015-12-09,571.5,571.5,571.5,571.5,160,8100
2015-12-10,571.75,571.75,571.75,571.75,560,8160
2015-12-11,584.75,584.75,584.75,584.75,120,8240
2015-12-14,573,573,573,573,0,8240
2015-12-15,555.75,555.75,555.75,555.75,0,8240
2015-12-16,557,557,557,557,0,8240
2015-12-17,551.25,551.25,551.25,551.25,40,8280
2015-12-18,557,557,557,557,320,8280
2015-12-21,567.5,567.5,567.5,567.5,240,8344
2015-12-22,574.75,574.75,574.75,574.75,0,8344
2015-12-23,577.25,577.25,577.25,577.25,1504,8948
2015-12-24,577.25,577.25,577.25,577.25,0,8948
2015-12-28,568.75,568.75,568.75,568.75,880,9108
2015-12-29,579,579,579,579,0,9108
2015-12-30,592,592,592,592,400,9448
2015-12-31,589,589,589,589,0,8068
2016-01-04,575.25,575.25,575.25,575.25,480,8428
2016-01-05,577.25,577.25,577.25,577.25,0,8428
2016-01-06,573.5,573.5,573.5,573.5,380,8608
2016-01-07,561.5,561.5,561.5,561.5,240,8808
2016-01-08,569.75,569.75,569.75,569.75,40,8848
2016-01-11,559,559,559,559,0,8848
2016-01-12,557,557,557,557,100,8948
2016-01-13,563,563,563,563,0,8948
2016-01-14,559.25,559.25,559.25,559.25,560,8924
2016-01-15,562.5,562.5,562.5,562.5,0,9204
2016-01-19,563.75,563.75,563.75,563.75,400,9604
2016-01-20,564.5,564.5,564.5,564.5,0,9604
2016-01-21,556,556,556,556,240,9404
2016-01-22,568,568,568,568,440,9524
2016-01-25,568,568,568,568,0,9404
2016-01-26,578.5,578.5,578.5,578.5,1400,9612
2016-01-27,585.75,585.75,585.75,585.75,0,9612
2016-01-28,585,585,585,585,0,9612
2016-01-29,590,590,590,590,200,8608
2016-02-01,590,590,590,590,0,8608
2016-02-02,600.25,600.25,600.25,600.25,320,8788
2016-02-03,600,600,600,600,440,8828
2016-02-04,608.25,608.25,608.25,608.25,80,8808
2016-02-05,621,621,621,621,0,8808
2016-02-08,621,621,621,621,0,8808
2016-02-09,621,621,621,621,0,8768
2016-02-10,612,612,612,612,440,8748
2016-02-11,630.75,630.75,630.75,630.75,360,8668
2016-02-12,634,634,634,634,0,8668
2016-02-16,626.75,626.75,626.75,626.75,720,9068
2016-02-17,621.25,621.25,621.25,621.25,280,8848
2016-02-18,623,623,623,623,240,9088
2016-02-19,613,613,613,613,2040,10228
2016-02-22,610,610,610,610,160,10348
2016-02-23,609.5,609.5,609.5,609.5,1144,10068
2016-02-24,594.25,594.25,594.25,594.25,60,10068
2016-02-25,602.5,602.5,602.5,602.5,0,10068
2016-02-26,604.5,604.5,604.5,604.5,1000,10228
2016-02-29,601,601,601,601,1360,9852
2016-03-01,603.25,603.25,603.25,603.25,980,10632
2016-03-02,597,597,597,597,80,10632
2016-03-03,603.5,603.5,603.5,603.5,420,10892
2016-03-04,602.75,602.75,602.75,602.75,260,11152
2016-03-07,618.25,618.25,618.25,618.25,120,11272
2016-03-08,614.5,614.5,614.5,614.5,0,11272
2016-03-09,615.75,615.75,615.75,615.75,0,11272
2016-03-10,616.5,616.5,616.5,616.5,180,11252
2016-03-11,632.75,632.75,632.75,632.75,820,11792
2016-03-14,632.5,632.5,632.5,632.5,800,11972
2016-03-15,633.25,633.25,633.25,633.25,840,12452
2016-03-16,631.25,631.25,631.25,631.25,700,12932
2016-03-17,649.5,649.5,649.5,649.5,600,13352
2016-03-18,659.5,659.5,659.5,659.5,680,13332
2016-03-21,659,659,659,659,500,13112
2016-03-22,669.5,669.5,669.5,669.5,720,13072
2016-03-23,676.5,676.5,676.5,676.5,2820,13272
2016-03-24,662.25,662.25,662.25,662.25,0,13472
2016-03-28,681,681,681,681,640,13672
2016-03-29,692.75,692.75,692.75,692.75,860,13592
2016-03-30,689.5,689.5,689.5,689.5,840,13812
2016-03-31,692.25,692.25,692.25,692.25,600,12500
2016-04-01,702.25,702.25,702.25,702.25,0,12500
2016-04-04,712.75,712.75,712.75,712.75,0,12500
2016-04-05,700.25,700.25,700.25,700.25,0,12500
2016-04-06,693,693,693,693,20,12520
2016-04-07,694.25,694.25,694.25,694.25,200,12520
2016-04-08,679.75,679.75,679.75,679.75,400,12540
2016-04-11,685.5,685.5,685.5,685.5,360,12600
2016-04-12,675.75,675.75,675.75,675.75,40,12600
2016-04-13,687,687,687,687,800,12980
2016-04-14,680.75,680.75,680.75,680.75,1480,14240
2016-04-15,677,677,677,677,1240,13920
2016-04-18,677.25,677.25,677.25,677.25,520,13840
2016-04-19,688.5,688.5,688.5,688.5,600,13960
2016-04-20,695.25,695.25,695.25,695.25,40,14000
2016-04-21,698,698,698,698,1260,14240
2016-04-22,684.5,684.5,684.5,684.5,160,14220
2016-04-25,674,674,674,674,160,14380
2016-04-26,675.25,675.25,675.25,675.25,360,14740
2016-04-27,669.25,669.25,669.25,669.25,440,14740
2016-04-28,661.5,661.5,661.5,661.5,1040,15580
2016-04-29,663.75,663.75,663.75,663.75,1080,15600
2016-05-02,663.75,663.75,663.75,663.75,0,15600
2016-05-03,644.75,644.75,644.75,644.75,80,15640
2016-05-04,654.25,654.25,654.25,654.25,820,15620
2016-05-05,651.25,651.25,651.25,651.25,200,15420
2016-05-06,650.25,650.25,650.25,650.25,200,15420
2016-05-09,658.75,658.75,658.75,658.75,0,15360
2016-05-10,650,650,650,650,120,15420
2016-05-11,656,656,656,656,0,15420
2016-05-12,650,650,650,650,0,15420
2016-05-13,634.25,634.25,634.25,634.25,0,15420
2016-05-16,641,641,641,641,0,15420
2016-05-17,647.5,647.5,647.5,647.5,0,15420
2016-05-19,617.5,617.5,617.5,617.5,1000,17180
2016-05-20,619.5,619.5,619.5,619.5,520,16940
2016-05-23,611.5,611.5,611.5,611.5,120,16800
2016-05-24,609,609,609,609,240,16800
2016-05-25,619,619,619,619,320,16640
2016-05-26,631.75,631.75,631.75,631.75,420,16600
2016-05-27,627.5,627.5,627.5,627.5,0,16560
2016-05-31,637.25,637.25,637.25,637.25,1800,15380
2016-06-01,630.25,630.25,630.25,630.25,520,15580
2016-06-02,633.75,633.75,633.75,633.75,480,16060
2016-06-03,640.75,640.75,640.75,640.75,360,16400
2016-06-06,647,647,647,647,0,16400
2016-06-07,636.75,636.75,636.75,636.75,420,16660
2016-06-08,637,637,637,637,180,16840
2016-06-09,640.25,640.25,640.25,640.25,2600,16740
2016-06-10,635.75,635.75,635.75,635.75,1320,17060
2016-06-13,607.75,607.75,607.75,607.75,1160,16880
2016-06-14,600,600,600,600,880,17240
2016-06-15,596.75,596.75,596.75,596.75,1560,18500
2016-06-16,587.25,587.25,587.25,587.25,240,18500
2016-06-17,595.5,595.5,595.5,595.5,240,18740
2016-06-20,585.5,585.5,585.5,585.5,480,18820
2016-06-21,581.75,581.75,581.75,581.75,600,18740
2016-06-22,581.75,581.75,581.75,581.75,160,18740
2016-06-23,589.75,589.75,589.75,589.75,600,18740
2016-06-24,580,580,580,580,380,18540
2016-06-27,574.25,574.25,574.25,574.25,120,18620
2016-06-28,577.25,577.25,577.25,577.25,620,18520
2016-06-29,568.5,568.5,568.5,568.5,560,19080
2016-06-30,582.75,582.75,582.75,582.75,200,17340
2016-07-01,589.5,589.5,589.5,589.5,0,17340
2016-07-05,584.75,584.75,584.75,584.75,2340,17440
2016-07-06,583.25,583.25,583.25,583.25,0,17440
2016-07-07,583.25,583.25,583.25,583.25,0,17440
2016-07-08,549.75,549.75,549.75,549.75,1680,16880
2016-07-11,557.25,557.25,557.25,557.25,0,16880
2016-07-12,543.75,543.75,543.75,543.75,760,17120
2016-07-13,554.25,554.25,554.25,554.25,40,17160
2016-07-14,564.5,564.5,564.5,564.5,160,17200
2016-07-15,571.5,571.5,571.5,571.5,0,17200
2016-07-18,571.5,571.5,571.5,571.5,0,17200
2016-07-19,575.5,575.5,575.5,575.5,0,17200
2016-07-20,581.25,581.25,581.25,581.25,120,17200
2016-07-21,579.5,579.5,579.5,579.5,816,17200
2016-07-22,569.5,569.5,569.5,569.5,440,17280
2016-07-25,555,555,555,555,120,17280
2016-07-26,565.75,565.75,565.75,565.75,320,17160
2016-07-27,568,568,568,568,40,17200
2016-07-28,565.5,565.5,565.5,565.5,760,17840
2016-07-29,570,570,570,570,0,16580
2016-08-01,573.25,573.25,573.25,573.25,240,16580
2016-08-02,575.75,575.75,575.75,575.75,260,16820
2016-08-03,592.75,592.75,592.75,592.75,420,16920
2016-08-04,602.25,602.25,602.25,602.25,360,16860
2016-08-05,593.5,593.5,593.5,593.5,160,16860
2016-08-08,592.5,592.5,592.5,592.5,0,16860
2016-08-09,608.5,608.5,608.5,608.5,160,16900
2016-08-10,620.5,620.5,620.5,620.5,1400,17520
2016-08-11,612.75,612.75,612.75,612.75,1488,18512
2016-08-12,621.75,621.75,621.75,621.75,640,18732
2016-08-15,639.5,639.5,639.5,639.5,840,19292
2016-08-16,635.75,635.75,635.75,635.75,380,19652
2016-08-17,661.5,661.5,661.5,661.5,500,19892
2016-08-18,645,645,645,645,80,19892
2016-08-19,643.5,643.5,643.5,643.5,0,19892
2016-08-22,630.75,630.75,630.75,630.75,0,19892
2016-08-23,640,640,640,640,0,19892
2016-08-24,643.75,643.75,643.75,643.75,0,19892
2016-08-25,635,635,635,635,244,20096
2016-08-26,635,635,635,635,240,20096
2016-08-29,622.75,622.75,622.75,622.75,0,20096
2016-08-30,624,624,624,624,64,20068
2016-08-31,624,624,624,624,0,18388
2016-09-01,618.5,618.5,618.5,618.5,0,18388
2016-09-02,634.25,634.25,634.25,634.25,0,18424
2016-09-06,643,643,643,643,1620,19376
2016-09-07,627,627,627,627,480,18896
2016-09-08,627.5,627.5,627.5,627.5,720,19256
2016-09-09,636,636,636,636,696,19856
2016-09-12,636,636,636,636,0,19856
2016-09-13,620.75,620.75,620.75,620.75,800,19756
2016-09-14,611.75,611.75,611.75,611.75,480,20164
2016-09-15,619.5,619.5,619.5,619.5,0,20164
2016-09-16,619.5,619.5,619.5,619.5,0,20164
2016-09-19,618.5,618.5,618.5,618.5,0,20164
2016-09-20,644.75,644.75,644.75,644.75,368,20332
2016-09-21,640.5,640.5,640.5,640.5,320,20212
2016-09-22,655.5,655.5,655.5,655.5,0,20212
2016-09-23,654,654,654,654,40,20212
2016-09-26,649.75,649.75,649.75,649.75,80,20172
2016-09-27,638.25,638.25,638.25,638.25,40,20212
2016-09-28,625.25,625.25,625.25,625.25,440,20252
2016-09-29,632,632,632,632,1560,21452
2016-09-30,632.75,632.75,632.75,632.75,260,19712
2016-10-03,631.5,631.5,631.5,631.5,0,19712
2016-10-04,626,626,626,626,2520,19952
2016-10-05,615.75,615.75,615.75,615.75,1200,20184
2016-10-06,624,624,624,624,1200,20764
2016-10-07,620.25,620.25,620.25,620.25,760,20884
2016-10-10,615.75,615.75,615.75,615.75,0,20884
2016-10-11,630.75,630.75,630.75,630.75,600,21004
2016-10-12,634,634,634,634,780,21444
2016-10-13,631.75,631.75,631.75,631.75,340,21704
2016-10-14,631.25,631.25,631.25,631.25,0,21704
2016-10-20,650.25,650.25,650.25,650.25,600,22304
2016-10-21,649.25,649.25,649.25,649.25,280,22344
2016-10-24,673.25,673.25,673.25,673.25,520,22544
2016-10-25,660.25,660.25,660.25,660.25,496,22440
2016-10-26,673.25,673.25,673.25,673.25,876,23280
2016-10-27,665.75,665.75,665.75,665.75,40,23320
2016-10-28,663.5,663.5,663.5,663.5,840,22960
2016-10-31,656.25,656.25,656.25,656.25,40,21220
2016-11-01,651.25,651.25,651.25,651.25,0,21220
2016-11-02,656.75,656.75,656.75,656.75,80,21300
2016-11-03,660.5,660.5,660.5,660.5,320,21540
2016-11-04,650.75,650.75,650.75,650.75,200,21540
2016-11-07,661.25,661.25,661.25,661.25,120,21540
2016-11-08,674.25,674.25,674.25,674.25,0,21540
2016-11-09,673.25,673.25,673.25,673.25,80,21600
2016-11-10,678,678,678,678,40,21560
2016-11-11,690.25,690.25,690.25,690.25,120,21520
2016-11-14,655.5,655.5,655.5,655.5,440,21800
2016-11-15,647.75,647.75,647.75,647.75,320,21628
2016-11-16,656.5,656.5,656.5,656.5,240,21828
2016-11-17,656.5,656.5,656.5,656.5,0,21828
2016-11-18,651.25,651.25,651.25,651.25,240,21948
2016-11-21,659.5,659.5,659.5,659.5,240,21988
2016-11-22,662,662,662,662,160,22028
2016-11-23,665.75,665.75,665.75,665.75,0,22028
2016-11-25,679,679,679,679,596,22196
2016-11-28,689.75,689.75,689.75,689.75,2208,21996
2016-11-29,683.25,683.25,683.25,683.25,964,21816
2016-11-30,688.25,688.25,688.25,688.25,528,20008
2016-12-01,689.25,689.25,689.25,689.25,168,19788
2016-12-02,691,691,691,691,880,20188
2016-12-05,703.25,703.25,703.25,703.25,840,19976
2016-12-06,713,713,713,713,40,20016
2016-12-07,706.75,706.75,706.75,706.75,1000,20800
2016-12-08,702.5,702.5,702.5,702.5,3296,23236
2016-12-09,696.25,696.25,696.25,696.25,2660,24456
2016-12-12,696.25,696.25,696.25,696.25,0,24456
2016-12-13,700.75,700.75,700.75,700.75,0,24436
2016-12-14,702.5,702.5,702.5,702.5,1080,24660
2016-12-15,708,708,708,708,440,25180
2016-12-16,704.5,704.5,704.5,704.5,40,25220
2016-12-19,702.25,702.25,702.25,702.25,1244,24992
2016-12-20,697.75,697.75,697.75,697.75,200,25192
2016-12-21,699.5,699.5,699.5,699.5,510,24912
2016-12-22,697,697,697,697,670,25070
2016-12-23,696,696,696,696,0,25158
2016-12-27,699,699,699,699,0,25158
2016-12-28,699.25,699.25,699.25,699.25,0,25158
2016-12-29,698.5,698.5,698.5,698.5,40,25198
2016-12-30,698.5,698.5,698.5,698.5,0,22838
2017-01-03,677.75,677.75,677.75,677.75,0,22838
2017-01-04,673,673,673,673,336,22770
2017-01-05,669,669,669,669,40,22770
2017-01-06,666,666,666,666,1400,23250
2017-01-09,671.25,671.25,671.25,671.25,1080,23518
2017-01-10,667.25,667.25,667.25,667.25,680,23758
2017-01-11,678,678,678,678,80,23678
2017-01-12,678.25,678.25,678.25,678.25,800,23598
2017-01-13,680,680,680,680,0,23526
2017-01-17,695.75,695.75,695.75,695.75,320,23446
2017-01-18,698,698,698,698,332,23486
2017-01-19,692.25,692.25,692.25,692.25,400,23686
2017-01-20,686.5,686.5,686.5,686.5,40,23686
2017-01-23,685.75,685.75,685.75,685.75,272,23566
2017-01-24,696.75,696.75,696.75,696.75,180,23386
2017-01-25,690.75,690.75,690.75,690.75,780,23526
2017-01-26,682.75,682.75,682.75,682.75,40,23566
2017-01-27,678.75,678.75,678.75,678.75,272,23598
2017-01-30,678.75,678.75,678.75,678.75,0,23566
2017-01-31,669,669,669,669,200,21996
2017-02-01,655.75,655.75,655.75,655.75,0,21996
2017-02-02,663,663,663,663,620,22116
2017-02-03,659.75,659.75,659.75,659.75,960,22316
2017-02-06,661,661,661,661,920,22796
2017-02-07,660.25,660.25,660.25,660.25,160,22716
2017-02-08,662.25,662.25,662.25,662.25,240,22956
2017-02-09,662.25,662.25,662.25,662.25,0,22956
2017-02-10,658.75,658.75,658.75,658.75,1460,23856
2017-02-13,649.25,649.25,649.25,649.25,240,23992
2017-02-14,647.75,647.75,647.75,647.75,280,23952
2017-02-15,648.5,648.5,648.5,648.5,40,23952
2017-02-16,638,638,638,638,332,23976
2017-02-17,623.5,623.5,623.5,623.5,0,24656
2017-02-21,607.25,607.25,607.25,607.25,1700,24356
2017-02-22,615.5,615.5,615.5,615.5,640,23284
2017-02-23,614.5,614.5,614.5,614.5,500,23204
2017-02-24,620,620,620,620,1360,23084
2017-02-27,611.5,611.5,611.5,611.5,440,23208
2017-02-28,614.75,614.75,614.75,614.75,780,21348
2017-03-01,622.25,622.25,622.25,622.25,480,21588
2017-03-02,628.25,628.25,628.25,628.25,280,21824
2017-03-03,625.25,625.25,625.25,625.25,120,21704
2017-03-06,629,629,629,629,40,21708
2017-03-07,621.75,621.75,621.75,621.75,0,21708
2017-03-08,622.25,622.25,622.25,622.25,540,22200
2017-03-09,613.5,613.5,613.5,613.5,280,22120
2017-03-10,600.5,600.5,600.5,600.5,160,22240
2017-03-13,590.25,590.25,590.25,590.25,920,22120
2017-03-14,592.75,592.75,592.75,592.75,0,22120
2017-03-15,602.5,602.5,602.5,602.5,0,22120
2017-03-16,617,617,617,617,1684,22232
2017-03-17,618.25,618.25,618.25,618.25,520,22512
2017-03-20,615.5,615.5,615.5,615.5,520,22712
2017-03-21,620.5,620.5,620.5,620.5,560,23272
2017-03-22,625.25,625.25,625.25,625.25,120,23392
2017-03-23,613.25,613.25,613.25,613.25,240,23632
2017-03-24,608.5,608.5,608.5,608.5,480,24112
2017-03-27,596.75,596.75,596.75,596.75,120,24112
2017-03-28,598.5,598.5,598.5,598.5,400,24392
2017-03-29,601.25,601.25,601.25,601.25,520,24652
2017-03-30,587,587,587,587,0,24472
2017-03-31,583.25,583.25,583.25,583.25,736,22328
2017-04-03,587.25,587.25,587.25,587.25,0,22328
2017-04-04,579.75,579.75,579.75,579.75,100,22268
2017-04-05,594.25,594.25,594.25,594.25,0,22268
2017-04-06,593,593,593,593,40,22308
2017-04-07,584.5,584.5,584.5,584.5,200,22308
2017-04-10,572.25,572.25,572.25,572.25,0,22308
2017-04-11,576.25,576.25,576.25,576.25,200,22108
2017-04-12,572.75,572.75,572.75,572.75,340,22228
2017-04-13,568,568,568,568,0,22588
2017-04-17,567.25,567.25,567.25,567.25,0,22588
2017-04-18,561,561,561,561,2000,23468
2017-04-19,552,552,552,552,1280,24228
2017-04-20,561.25,561.25,561.25,561.25,1040,24868
2017-04-21,567.25,567.25,567.25,567.25,720,25228
2017-04-24,567.25,567.25,567.25,567.25,0,25228
2017-04-25,556.75,556.75,556.75,556.75,1360,26128
2017-04-26,565.75,565.75,565.75,565.75,280,26128
2017-04-27,565,565,565,565,720,26568
2017-04-28,564.75,564.75,564.75,564.75,736,24286
2017-05-01,564.75,564.75,564.75,564.75,0,24286
2017-05-02,574.75,574.75,574.75,574.75,100,24386
2017-05-03,571,571,571,571,780,24186
2017-05-04,572.75,572.75,572.75,572.75,0,24186
2017-05-05,580.75,580.75,580.75,580.75,40,24226
2017-05-08,586,586,586,586,220,24046
2017-05-09,591.75,591.75,591.75,591.75,1680,25726
2017-05-10,591.75,591.75,591.75,591.75,0,25716
2017-05-11,598.5,598.5,598.5,598.5,2080,26716
2017-05-12,593.5,593.5,593.5,593.5,1480,27716
2017-05-15,601.75,601.75,601.75,601.75,480,27796
2017-05-16,605,605,605,605,200,27836
2017-05-17,612,612,612,612,1200,27976
2017-05-18,607,607,607,607,260,27956
2017-05-19,608.5,608.5,608.5,608.5,184,28056
2017-05-22,618,618,618,618,0,28020
2017-05-23,609,609,609,609,704,27950
2017-05-24,584.5,584.5,584.5,584.5,1960,28570
2017-05-25,592,592,592,592,640,28810
2017-05-26,582.25,582.25,582.25,582.25,0,28710
2017-05-30,570.25,570.25,570.25,570.25,720,29190
2017-05-31,567.5,567.5,567.5,567.5,472,26882
2017-06-01,569.25,569.25,569.25,569.25,200,26842
2017-06-02,567.5,567.5,567.5,567.5,40,26882
2017-06-05,570.5,570.5,570.5,570.5,40,26882
2017-06-06,571.25,571.25,571.25,571.25,240,26882
2017-06-07,564.25,564.25,564.25,564.25,40,26922
2017-06-08,563,563,563,563,1280,26870
2017-06-09,567,567,567,567,400,27070
2017-06-12,567,567,567,567,0,27070
2017-06-13,562.75,562.75,562.75,562.75,1160,27174
2017-06-14,567.75,567.75,567.75,567.75,1576,27054
2017-06-15,573.5,573.5,573.5,573.5,760,27174
2017-06-16,580.25,580.25,580.25,580.25,960,26934
2017-06-19,581.25,581.25,581.25,581.25,1040,27694
2017-06-20,574.25,574.25,574.25,574.25,20,27914
2017-06-21,567.5,567.5,567.5,567.5,840,28634
2017-06-22,565.75,565.75,565.75,565.75,120,28434
2017-06-23,566.25,566.25,566.25,566.25,480,28434
2017-06-26,566.25,566.25,566.25,566.25,0,28434
2017-06-27,566.25,566.25,566.25,566.25,0,29154
2017-06-28,564.75,564.75,564.75,564.75,720,29206
2017-06-29,573.5,573.5,573.5,573.5,640,28670
2017-06-30,571.5,571.5,571.5,571.5,700,26318
2017-07-03,577.25,577.25,577.25,577.25,0,26318
2017-07-05,585,585,585,585,680,26398
2017-07-06,586.75,586.75,586.75,586.75,840,26878
2017-07-07,585.75,585.75,585.75,585.75,400,27118
2017-07-10,595.75,595.75,595.75,595.75,160,26958
2017-07-11,596,596,596,596,480,26958
2017-07-12,594.75,594.75,594.75,594.75,200,26998
2017-07-13,590.25,590.25,590.25,590.25,0,26998
2017-07-14,592.75,592.75,592.75,592.75,360,27358
2017-07-17,590.5,590.5,590.5,590.5,960,27678
2017-07-18,585.25,585.25,585.25,585.25,0,27638
2017-07-19,588.25,588.25,588.25,588.25,120,27658
2017-07-20,599.5,599.5,599.5,599.5,296,27618
2017-07-21,599.5,599.5,599.5,599.5,80,27658
2017-07-24,595.5,595.5,595.5,595.5,120,27618
2017-07-25,611.75,611.75,611.75,611.75,240,27658
2017-07-26,612.25,612.25,612.25,612.25,160,27758
2017-07-27,624,624,624,624,40,27798
2017-07-28,618.5,618.5,618.5,618.5,404,28030
2017-07-31,624.5,624.5,624.5,624.5,0,25730
2017-08-01,621.25,621.25,621.25,621.25,180,25830
2017-08-02,620.25,620.25,620.25,620.25,0,25830
2017-08-03,614,614,614,614,80,25870
2017-08-04,613.75,613.75,613.75,613.75,0,25870
2017-08-07,604.5,604.5,604.5,604.5,0,25870
2017-08-08,616.75,616.75,616.75,616.75,120,25870
2017-08-09,618,618,618,618,80,25950
2017-08-10,624.25,624.25,624.25,624.25,0,25950
2017-08-11,625.75,625.75,625.75,625.75,360,26190
2017-08-14,623.5,623.5,623.5,623.5,80,26390
2017-08-15,618,618,618,618,240,26270
2017-08-16,617,617,617,617,260,26250
2017-08-17,621,621,621,621,240,26400
2017-08-18,625.75,625.75,625.75,625.75,400,26568
2017-08-21,632,632,632,632,320,26708
2017-08-22,640,640,640,640,720,26768
2017-08-23,640.5,640.5,640.5,640.5,1120,26528
2017-08-24,651.75,651.75,651.75,651.75,608,26888
2017-08-25,646.25,646.25,646.25,646.25,160,27048
2017-08-28,644.75,644.75,644.75,644.75,0,27048
2017-08-29,638.25,638.25,638.25,638.25,140,27188
2017-08-30,637.25,637.25,637.25,637.25,84,27188
2017-08-31,637.25,637.25,637.25,637.25,0,25008
2017-09-01,637.25,637.25,637.25,637.25,0,25008
2017-09-05,650.5,650.5,650.5,650.5,240,25008
2017-09-06,646.25,646.25,646.25,646.25,40,25048
2017-09-07,663,663,663,663,120,24968
2017-09-08,660.5,660.5,660.5,660.5,240,24808
2017-09-11,666,666,666,666,2040,23316
2017-09-12,669,669,669,669,0,23196
2017-09-13,681,681,681,681,840,23872
2017-09-14,677.5,677.5,677.5,677.5,1320,24256
2017-09-15,677.5,677.5,677.5,677.5,0,24256
2017-09-18,671.25,671.25,671.25,671.25,760,24216
2017-09-19,660.25,660.25,660.25,660.25,160,24216
2017-09-20,662.25,662.25,662.25,662.25,800,24136
2017-09-21,653.75,653.75,653.75,653.75,540,24216
2017-09-22,653.75,653.75,653.75,653.75,0,24176
2017-09-25,643.75,643.75,643.75,643.75,360,24256
2017-09-26,653.75,653.75,653.75,653.75,2400,23064
2017-09-27,650.5,650.5,650.5,650.5,1428,22944
2017-09-28,639,639,639,639,920,23584
2017-09-29,638.25,638.25,638.25,638.25,280,20448
2017-10-02,629.5,629.5,629.5,629.5,120,20568
2017-10-03,634.25,634.25,634.25,634.25,40,20608
2017-10-04,642.75,642.75,642.75,642.75,1160,20928
2017-10-05,643.5,643.5,643.5,643.5,40,20688
2017-10-06,644.25,644.25,644.25,644.25,300,20808
2017-10-09,645.75,645.75,645.75,645.75,40,20828
2017-10-10,638.5,638.5,638.5,638.5,3200,23144
2017-10-11,641,641,641,641,720,23824
2017-10-12,643.5,643.5,643.5,643.5,0,23824
2017-10-13,653,653,653,653,180,23816
2017-10-16,655.25,655.25,655.25,655.25,0,23816
2017-10-17,651,651,651,651,400,23736
2017-10-18,651,651,651,651,0,23736
2017-10-19,647.75,647.75,647.75,647.75,880,24260
2017-10-20,650.75,650.75,650.75,650.75,240,24460
2017-10-23,661.25,661.25,661.25,661.25,0,24460
2017-10-24,657.5,657.5,657.5,657.5,80,24540
2017-10-25,664,664,664,664,52,24488
2017-10-26,665.75,665.75,665.75,665.75,40,24488
2017-10-27,667.25,667.25,667.25,667.25,280,24528
2017-10-30,673.5,673.5,673.5,673.5,40,24528
2017-10-31,669.75,669.75,669.75,669.75,504,22048
2017-11-01,674.25,674.25,674.25,674.25,0,22048
2017-11-02,671.5,671.5,671.5,671.5,0,22048
2017-11-03,666.75,666.75,666.75,666.75,40,22088
2017-11-06,661,661,661,661,0,22088
2017-11-07,662.75,662.75,662.75,662.75,400,22168
2017-11-08,671.5,671.5,671.5,671.5,120,22168
2017-11-09,674.25,674.25,674.25,674.25,940,21800
2017-11-10,672.25,672.25,672.25,672.25,160,21920
2017-11-13,663.5,663.5,663.5,663.5,120,22000
2017-11-14,654,654,654,654,920,22520
2017-11-15,654.5,654.5,654.5,654.5,0,22520
2017-11-16,656.25,656.25,656.25,656.25,60,22460
2017-11-17,652,652,652,652,0,22460
2017-11-20,634.25,634.25,634.25,634.25,1180,22800
2017-11-21,636.75,636.75,636.75,636.75,0,22800
2017-11-22,646.25,646.25,646.25,646.25,200,22800
2017-11-24,639.25,639.25,639.25,639.25,580,23180
2017-11-27,631,631,631,631,260,23380
2017-11-28,630.75,630.75,630.75,630.75,120,23472
2017-11-29,627.5,627.5,627.5,627.5,240,23412
2017-11-30,636.25,636.25,636.25,636.25,240,21060
2017-12-01,636.25,636.25,636.25,636.25,0,21060
2017-12-04,634,634,634,634,360,21060
2017-12-05,632.75,632.75,632.75,632.75,40,21060
2017-12-06,624.5,624.5,624.5,624.5,0,21060
2017-12-07,615.5,615.5,615.5,615.5,150,21174
2017-12-08,610.25,610.25,610.25,610.25,360,21034
2017-12-11,607.5,607.5,607.5,607.5,0,21034
2017-12-12,610.25,610.25,610.25,610.25,1200,20658
2017-12-13,608,608,608,608,240,20778
2017-12-14,607.5,607.5,607.5,607.5,390,20772
2017-12-15,615.5,615.5,615.5,615.5,80,20652
2017-12-18,616.25,616.25,616.25,616.25,140,20812
2017-12-19,616.25,616.25,616.25,616.25,300,20532
2017-12-20,614.25,614.25,614.25,614.25,120,20532
2017-12-21,610.5,610.5,610.5,610.5,360,20592
2017-12-22,610,610,610,610,460,20592
2017-12-26,612.75,612.75,612.75,612.75,0,20592
2017-12-27,614,614,614,614,0,20592
2017-12-28,613.75,613.75,613.75,613.75,0,20592
2017-12-29,613.75,613.75,613.75,613.75,0,17544
2018-01-02,627.75,627.75,627.75,627.75,120,17544
2018-01-03,646.75,646.75,646.75,646.75,360,17224
2018-01-04,642.5,642.5,642.5,642.5,0,17224
2018-01-05,647.75,647.75,647.75,647.75,0,17224
2018-01-08,655,655,655,655,400,17384
2018-01-09,648,648,648,648,440,17464
2018-01-10,651.5,651.5,651.5,651.5,1280,19424
2018-01-11,644.5,644.5,644.5,644.5,940,19364
2018-01-12,641.25,641.25,641.25,641.25,40,19404
2018-01-16,640.75,640.75,640.75,640.75,140,19404
2018-01-17,637.5,637.5,637.5,637.5,40,19404
2018-01-18,635.5,635.5,635.5,635.5,120,19364
2018-01-19,634,634,634,634,120,19484
2018-01-22,636.25,636.25,636.25,636.25,220,19684
2018-01-23,634.25,634.25,634.25,634.25,0,19624
2018-01-24,644.25,644.25,644.25,644.25,280,19624
2018-01-25,640.5,640.5,640.5,640.5,200,19624
2018-01-26,643.5,643.5,643.5,643.5,240,19624
2018-01-29,647.25,647.25,647.25,647.25,0,19624
2018-01-30,638.75,638.75,638.75,638.75,0,19624
2018-01-31,638.75,638.75,638.75,638.75,0,17556
2018-02-01,638.75,638.75,638.75,638.75,0,17556
2018-02-02,633.5,633.5,633.5,633.5,360,17796
2018-02-05,636.5,636.5,636.5,636.5,0,17776
2018-02-06,632.25,632.25,632.25,632.25,0,17756
2018-02-07,637,637,637,637,0,17756
2018-02-08,634.25,634.25,634.25,634.25,0,17756
2018-02-09,635.75,635.75,635.75,635.75,360,17876
2018-02-12,639,639,639,639,0,17876
2018-02-13,635.25,635.25,635.25,635.25,0,17876
2018-02-14,634.75,634.75,634.75,634.75,80,17876
2018-02-15,640,640,640,640,0,17876
2018-02-16,640,640,640,640,0,17876
2018-02-20,632,632,632,632,120,17796
2018-02-21,631.25,631.25,631.25,631.25,300,18096
2018-02-22,625.5,625.5,625.5,625.5,0,18096
2018-02-23,632.25,632.25,632.25,632.25,0,18096
2018-02-26,636.5,636.5,636.5,636.5,80,17796
2018-02-27,638,638,638,638,320,18036
2018-02-28,639.5,639.5,639.5,639.5,320,16354
2018-03-01,638.5,638.5,638.5,638.5,40,16394
2018-03-02,623.25,623.25,623.25,623.25,60,16658
2018-03-05,621,621,621,621,0,16210
2018-03-06,627.75,627.75,627.75,627.75,0,16210
2018-03-07,620.5,620.5,620.5,620.5,120,16270
2018-03-08,613.75,613.75,613.75,613.75,440,16610
2018-03-09,605,605,605,605,200,16650
2018-03-12,606.75,606.75,606.75,606.75,520,16578
2018-03-13,614.25,614.25,614.25,614.25,0,16498
2018-03-14,621,621,621,621,240,16498
2018-03-15,618.75,618.75,618.75,618.75,0,16498
2018-03-16,614.5,614.5,614.5,614.5,0,16498
2018-03-19,613.75,613.75,613.75,613.75,480,16698
2018-03-20,615,615,615,615,720,17398
2018-03-21,617.5,617.5,617.5,617.5,240,17638
2018-03-22,623,623,623,623,240,17878
2018-03-23,618.25,618.25,618.25,618.25,480,18358
2018-03-26,620.25,620.25,620.25,620.25,0,18358
2018-03-27,624,624,624,624,0,18358
2018-03-28,623.5,623.5,623.5,623.5,40,18398
2018-03-29,617.25,617.25,617.25,617.25,0,0
