Date,Open,High,Low,Close,Volume,OpenInt
2017-04-27,315.8,315.8,315.8,315.8,0,1
2017-04-28,317,317,317,317,0,1
2017-05-01,319.5,319.5,319.5,319.5,0,1
2017-05-02,316.2,316.2,316.2,316.2,0,1
2017-05-03,319.8,319.8,319.8,319.8,0,1
2017-05-04,319.1,319.1,319.1,319.1,0,1
2017-05-05,317.6,317.6,317.6,317.6,0,1
2017-05-08,314.3,314.3,314.3,314.3,0,1
2017-05-09,318.9,318.9,318.9,318.9,0,1
2017-05-10,318.4,318.4,318.4,318.4,0,1
2017-05-11,315.7,315.7,315.7,315.7,0,1
2017-05-12,314,314,314,314,0,1
2017-05-15,313.3,313.3,313.3,313.3,0,1
2017-05-16,317.6,317.6,317.6,317.6,0,1
2017-05-17,316.1,316.1,316.1,316.1,0,1
2017-05-18,308.4,308.4,308.4,308.4,0,1
2017-05-19,308.2,308.2,308.2,308.2,0,1
2017-05-22,309,309,309,309,0,1
2017-05-23,307.5,307.5,307.5,307.5,0,1
2017-05-24,307.6,307.6,307.6,307.6,0,1
2017-05-25,305.8,305.8,305.8,305.8,0,1
2017-05-26,302.9,302.9,302.9,302.9,0,1
2017-05-30,298.9,298.9,298.9,298.9,0,1
2017-05-31,299.4,299.4,299.4,299.4,0,1
2017-06-01,299.1,299.1,299.1,299.1,0,1
2017-06-02,303.5,303.5,303.5,303.5,0,1
2017-06-05,302.2,302.2,302.2,302.2,0,1
2017-06-06,302.7,302.7,302.7,302.7,0,1
2017-06-07,306.4,306.4,306.4,306.4,0,1
2017-06-08,307.7,307.7,307.7,307.7,0,1
2017-06-09,307.5,307.5,307.5,307.5,0,1
2017-06-12,303.6,303.6,303.6,303.6,0,1
2017-06-13,303.4,303.4,303.4,303.4,0,1
2017-06-14,303.6,303.6,303.6,303.6,0,1
2017-06-15,302.4,302.4,302.4,302.4,0,1
2017-06-16,302.7,302.7,302.7,302.7,0,1
2017-06-19,303.3,303.3,303.3,303.3,0,1
2017-06-20,302.6,302.6,302.6,302.6,0,1
2017-06-21,299.7,299.7,299.7,299.7,0,1
2017-06-22,295.4,295.4,295.4,295.4,0,1
2017-06-23,295.1,295.1,295.1,295.1,0,1
2017-06-26,296,296,296,296,0,1
2017-06-27,295.8,295.8,295.8,295.8,0,1
2017-06-28,296.6,296.6,296.6,296.6,0,1
2017-06-29,296.4,296.4,296.4,296.4,0,1
2017-06-30,306.2,306.2,306.2,306.2,0,1
2017-07-03,313.8,313.8,313.8,313.8,0,1
2017-07-05,318.3,318.3,318.3,318.3,0,1
2017-07-06,322,322,322,322,0,1
2017-07-07,330.7,330.7,330.7,330.7,0,1
2017-07-10,338.2,338.2,338.2,338.2,0,1
2017-07-11,338.7,338.7,338.7,338.7,0,1
2017-07-12,336,336,336,336,0,1
2017-07-13,317.9,317.9,317.9,317.9,0,1
2017-07-14,323.7,323.7,323.7,323.7,0,1
2017-07-17,321.8,321.8,321.8,321.8,0,1
2017-07-18,323.5,323.5,323.5,323.5,0,1
2017-07-19,326.6,326.6,326.6,326.6,0,1
2017-07-20,330.5,330.5,330.5,330.5,0,1
2017-07-21,329.7,329.7,329.7,329.7,0,1
2017-07-24,325.9,325.9,325.9,325.9,0,1
2017-07-25,318.3,318.3,318.3,318.3,0,1
2017-07-26,319.8,319.8,319.8,319.8,0,1
2017-07-27,322.3,322.3,322.3,322.3,0,1
2017-07-28,321,321,321,321,0,0
2017-07-31,320.7,320.7,320.7,320.7,0,0
2017-08-01,310.3,310.3,310.3,310.3,0,0
2017-08-02,311.2,311.2,311.2,311.2,0,0
2017-08-03,308.3,308.3,308.3,308.3,0,0
2017-08-04,305.3,305.3,305.3,305.3,0,0
2017-08-07,309.9,309.9,309.9,309.9,0,0
2017-08-08,309.5,309.5,309.5,309.5,0,0
2017-08-09,308.3,308.3,308.3,308.3,0,0
2017-08-10,295.8,295.8,295.8,295.8,0,0
2017-08-11,299.5,299.5,299.5,299.5,0,0
2017-08-14,298.7,298.7,298.7,298.7,0,0
2017-08-15,295.8,295.8,295.8,295.8,0,0
2017-08-16,294.6,294.6,294.6,294.6,0,0
2017-08-17,296.1,296.1,296.1,296.1,0,0
2017-08-18,297.2,297.2,297.2,297.2,0,0
2017-08-21,295.8,295.8,295.8,295.8,0,0
2017-08-22,295.3,295.3,295.3,295.3,0,0
2017-08-23,293.3,293.3,293.3,293.3,0,0
2017-08-24,297.6,297.6,297.6,297.6,0,0
2017-08-25,296.4,296.4,296.4,296.4,0,0
2017-08-28,295.5,295.5,295.5,295.5,0,0
2017-08-29,294.6,294.6,294.6,294.6,0,0
2017-08-30,292.4,292.4,292.4,292.4,0,0
2017-08-31,296.5,296.5,296.5,296.5,0,0
2017-09-01,295.5,295.5,295.5,295.5,0,0
2017-09-05,304.8,304.8,304.8,304.8,0,0
2017-09-06,305.6,305.6,305.6,305.6,0,0
2017-09-07,304.2,304.2,304.2,304.2,0,0
2017-09-08,302.4,302.4,302.4,302.4,0,0
2017-09-11,300.4,300.4,300.4,300.4,0,0
2017-09-12,296.7,296.7,296.7,296.7,0,0
2017-09-13,302.1,302.1,302.1,302.1,0,0
2017-09-14,309.5,309.5,309.5,309.5,0,0
2017-09-15,308,308,308,308,0,0
2017-09-18,309,309,309,309,0,0
2017-09-19,305,305,305,305,0,0
2017-09-20,306.3,306.3,306.3,306.3,0,0
2017-09-21,309,309,309,309,0,0
2017-09-22,315,315,315,315,0,0
2017-09-25,310.1,310.1,310.1,310.1,0,0
2017-09-26,308.8,308.8,308.8,308.8,0,0
2017-09-27,308.8,308.8,308.8,308.8,0,0
2017-09-28,306.8,306.8,306.8,306.8,0,0
2017-09-29,315.8,315.8,315.8,315.8,0,0
2017-10-02,313.6,313.6,313.6,313.6,0,0
2017-10-03,311.5,311.5,311.5,311.5,0,0
2017-10-04,311,311,311,311,0,0
2017-10-05,316.9,316.9,316.9,316.9,0,0
2017-10-06,319.2,319.2,319.2,319.2,0,0
2017-10-09,315.5,315.5,315.5,315.5,0,0
2017-10-10,316.2,316.2,316.2,316.2,0,0
2017-10-11,314.9,314.9,314.9,314.9,0,0
2017-10-12,326.3,326.3,326.3,326.3,0,0
2017-10-13,328.6,328.6,328.6,328.6,0,0
2017-10-16,324.5,324.5,324.5,324.5,0,0
2017-10-17,321.6,321.6,321.6,321.6,0,0
2017-10-18,321.8,321.8,321.8,321.8,0,0
2017-10-19,321.4,321.4,321.4,321.4,0,0
2017-10-20,317.1,317.1,317.1,317.1,0,0
2017-10-23,315.9,317.1,315.9,315.9,0,0
2017-10-24,314.2,314.2,314.2,314.2,0,0
2017-10-25,315.4,315.4,315.4,315.4,0,0
2017-10-26,312.1,312.1,312.1,312.1,0,0
2017-10-27,312.1,312.1,312.1,312.1,0,0
2017-10-30,312.3,312.3,312.3,312.3,0,0
2017-10-31,311.8,311.8,311.8,311.8,0,0
2017-11-01,313.6,313.6,313.6,313.6,0,0
2017-11-02,317.4,317.4,317.4,317.4,0,0
2017-11-03,313.9,313.9,313.9,313.9,0,0
2017-11-06,316.1,316.1,316.1,316.1,0,0
2017-11-07,315.5,315.5,315.5,315.5,0,0
2017-11-08,315.2,315.2,315.2,315.2,0,0
2017-11-09,311.8,311.8,311.8,311.8,0,0
2017-11-10,314.5,314.5,314.5,314.5,0,0
2017-11-13,311.3,311.3,311.3,311.3,0,0
2017-11-14,310.3,310.3,310.3,310.3,0,0
2017-11-15,311.3,311.3,311.3,311.3,0,0
2017-11-16,310.5,310.5,310.5,310.5,0,0
2017-11-17,318.2,318.2,318.2,318.2,0,0
2017-11-20,319.8,319.8,319.8,319.8,0,0
2017-11-21,318.3,318.3,318.3,318.3,0,0
2017-11-22,324.4,324.4,324.4,324.4,0,0
2017-11-24,323.8,323.8,323.8,323.8,0,0
2017-11-27,327.1,327.1,327.1,327.1,0,0
2017-11-28,323.5,323.5,323.5,323.5,0,0
2017-11-29,325,325,325,325,0,0
2017-11-30,326.5,326.5,326.5,326.5,0,0
2017-12-01,330.2,330.2,330.2,330.2,0,0
2017-12-04,337.5,337.5,337.5,337.5,0,0
2017-12-05,343.3,343.3,343.3,343.3,0,0
2017-12-06,342.3,342.3,342.3,342.3,0,0
2017-12-07,335.2,335.2,335.2,335.2,0,0
2017-12-08,331.7,331.7,331.7,331.7,0,0
2017-12-11,327.7,327.7,327.7,327.7,0,0
2017-12-12,324.7,324.7,324.7,324.7,0,0
2017-12-13,326.8,326.8,326.8,326.8,0,0
2017-12-14,321.6,321.6,321.6,321.6,0,0
2017-12-15,320.6,320.6,320.6,320.6,0,0
2017-12-18,318.5,318.5,318.5,318.5,0,0
2017-12-19,315.2,315.2,315.2,315.2,0,0
2017-12-20,315.7,315.7,315.7,315.7,0,0
2017-12-21,314.2,314.2,314.2,314.2,0,0
2017-12-22,312.8,312.8,312.8,312.8,0,0
2017-12-27,314.2,314.2,314.2,314.2,0,0
2017-12-28,311.8,311.8,311.8,311.8,20,0
2017-12-29,316.8,316.8,316.8,316.8,0,0
2018-01-02,317.9,317.9,317.9,317.9,0,0
2018-01-03,318.6,318.6,318.6,318.6,0,0
2018-01-04,319.8,319.8,319.8,319.8,0,0
2018-01-05,321.9,321.9,321.9,321.9,0,0
2018-01-08,321.5,321.5,321.5,321.5,0,0
2018-01-09,318.2,318.2,318.2,318.2,0,0
2018-01-10,316.4,316.4,316.4,316.4,0,0
2018-01-11,313.1,313.1,313.1,313.1,0,0
2018-01-12,317,317,317,317,0,0
2018-01-16,322.8,322.8,322.8,322.8,0,0
2018-01-17,324.3,324.3,324.3,324.3,0,0
2018-01-18,328.4,328.4,328.4,328.4,0,0
2018-01-19,331.6,331.6,331.6,331.6,0,0
2018-01-22,338.6,338.6,338.6,338.6,0,0
2018-01-23,339.6,339.6,339.6,339.6,0,0
2018-01-24,342,342,342,342,0,0
2018-01-25,340.4,340.4,340.4,340.4,0,0
2018-01-26,338.8,338.8,338.8,338.8,0,0
2018-01-29,340.8,340.8,340.8,340.8,2,0
2018-01-30,343.9,343.9,343.9,343.9,0,0
2018-01-31,341.5,341.5,341.5,341.5,0,0
2018-02-01,337.7,337.7,337.7,337.7,0,0
2018-02-02,335.4,335.4,335.4,335.4,0,0
2018-02-05,332.8,332.8,332.8,332.8,0,0
2018-02-06,335.1,335.1,335.1,335.1,0,0
2018-02-07,337.4,337.4,337.4,337.4,0,0
2018-02-08,340.8,340.8,340.8,340.8,0,0
2018-02-09,341.5,341.5,341.5,341.5,0,0
2018-02-12,351,351,351,351,0,0
2018-02-13,353.7,353.7,353.7,353.7,0,0
2018-02-14,353,353,353,353,0,0
2018-02-15,356.2,356.2,356.2,356.2,0,0
2018-02-16,355.9,355.9,355.9,355.9,0,0
2018-02-20,357.9,357.9,357.9,357.9,0,0
2018-02-21,359.9,359.9,359.9,359.9,0,0
2018-02-22,359.6,359.6,359.6,359.6,0,0
2018-02-23,359.4,359.4,359.4,359.4,0,0
2018-02-26,358.6,358.6,358.6,358.6,0,0
2018-02-27,362.8,362.8,362.8,362.8,0,0
2018-02-28,364.8,364.8,364.8,364.8,0,0
2018-03-01,365.9,365.9,365.9,365.9,0,0
2018-03-02,366.3,366.3,366.3,366.3,0,0
2018-03-05,367.5,367.5,367.5,367.5,0,0
2018-03-06,367.1,367.1,367.1,367.1,0,0
2018-03-07,368.4,368.4,368.4,368.4,0,0
2018-03-08,367.8,367.8,367.8,367.8,0,0
2018-03-09,360.9,360.9,360.9,360.9,0,0
2018-03-12,362.3,362.3,362.3,362.3,0,0
2018-03-13,365.5,365.5,365.5,365.5,0,0
2018-03-14,360.4,360.4,360.4,360.4,0,0
2018-03-15,360.4,360.4,360.4,360.4,0,0
2018-03-16,361.6,361.6,361.6,361.6,0,0
2018-03-19,353,353,353,353,0,0
2018-03-20,355.7,355.7,355.7,355.7,0,0
2018-03-21,356.7,356.7,356.7,356.7,0,0
2018-03-22,358.8,358.8,358.8,358.8,0,0
2018-03-23,364.5,364.5,364.5,364.5,0,0
2018-03-26,362,362,362,362,0,0
2018-03-27,358.7,358.7,358.7,358.7,0,0
2018-03-28,357.6,357.6,357.6,357.6,0,0
2018-03-29,370.8,370.8,370.8,370.8,0,0
