Date,Open,High,Low,Close,Volume,OpenInt
2013-03-07,84.9,84.9,84.9,84.9,70,24977
2013-03-08,84.45,84.45,84.45,84.45,50,25012
2013-03-11,84.45,84.45,84.45,84.45,50,25107
2013-03-12,84.9,84.9,84.9,84.9,5,25082
2013-03-13,84.65,84.65,84.65,84.65,55,25142
2013-03-14,84.3,84.3,84.3,84.3,5,25202
2013-03-15,84.45,84.45,84.45,84.45,0,25240
2013-03-18,83.95,83.95,83.95,83.95,5,25330
2013-03-19,83.15,83.15,83.15,83.15,15,25370
2013-03-20,82.05,82.05,82.05,82.05,210,25545
2013-03-21,81.75,81.75,81.75,81.75,10,25615
2013-03-22,81.95,81.95,81.95,81.95,15,25605
2013-03-25,82.25,82.25,82.25,82.25,45,25615
2013-03-26,81.75,81.75,81.75,81.75,50,25725
2013-03-27,81.25,81.25,81.25,81.25,70,25925
2013-03-28,80.3,80.3,80.3,80.3,0,24164
2013-04-02,80.65,80.65,80.65,80.65,0,24254
2013-04-03,81.9,81.9,81.9,81.9,0,24194
2013-04-04,82.4,82.4,82.4,82.4,0,24299
2013-04-05,82.8,82.8,82.8,82.8,75,24344
2013-04-08,83,83,83,83,0,24299
2013-04-09,82.5,82.5,82.5,82.5,5,24374
2013-04-10,82.65,82.65,82.65,82.65,0,24416
2013-04-11,82.9,82.9,82.9,82.9,0,24821
2013-04-12,83.5,83.5,83.5,83.5,0,24971
2013-04-15,82.55,82.55,82.55,82.55,0,25051
2013-04-16,82.4,82.4,82.4,82.4,10,25126
2013-04-17,81.95,81.95,81.95,81.95,115,25426
2013-04-18,81.7,81.7,81.7,81.7,10,25486
2013-04-19,82.05,82.05,82.05,82.05,160,25546
2013-04-22,82.25,82.25,82.25,82.25,10,25561
2013-04-23,82.65,82.65,82.65,82.65,0,25576
2013-04-24,82.3,82.3,82.3,82.3,30,25651
2013-04-25,82.3,82.3,82.3,82.3,90,25716
2013-04-26,82.15,82.15,82.15,82.15,5,23677
2013-04-29,81.95,81.95,81.95,81.95,15,23717
2013-04-30,81.25,81.25,81.25,81.25,25,23852
2013-05-01,80.95,80.95,80.95,80.95,110,24192
2013-05-02,81.55,81.55,81.55,81.55,5,24231
2013-05-03,82.25,82.25,82.25,82.25,0,24231
2013-05-07,82.2,82.2,82.2,82.2,0,24392
2013-05-08,82.2,82.2,82.2,82.2,0,24437
2013-05-09,82.35,82.35,82.35,82.35,100,24582
2013-05-10,81.65,81.65,81.65,81.65,0,24732
2013-05-13,80.7,80.7,80.7,80.7,5,24642
2013-05-14,80.95,80.95,80.95,80.95,50,24692
2013-05-15,80.75,80.75,80.75,80.75,0,24752
2013-05-16,81,81,81,81,5,24659
2013-05-17,81.45,81.45,81.45,81.45,20,24719
2013-05-20,81.95,81.95,81.95,81.95,0,24983
2013-05-21,82.8,82.8,82.8,82.8,80,24933
2013-05-22,83.15,83.15,83.15,83.15,60,24893
2013-05-23,83.25,83.25,83.25,83.25,0,25121
2013-05-24,82.95,82.95,82.95,82.95,0,25076
2013-05-28,82.9,82.9,82.9,82.9,0,25121
2013-05-29,82.25,82.25,82.25,82.25,10,25146
2013-05-30,82.2,82.2,82.2,82.2,0,25161
2013-05-31,82.7,82.7,82.7,82.7,50,23668
2013-06-03,81.75,81.75,81.75,81.75,0,23653
2013-06-04,81.35,81.35,81.35,81.35,85,23728
2013-06-05,81.2,81.2,81.2,81.2,150,23773
2013-06-06,81.3,81.3,81.3,81.3,230,23898
2013-06-07,80.85,80.85,80.85,80.85,140,24038
2013-06-10,79.4,79.4,79.4,79.4,215,24193
2013-06-11,79.15,79.15,79.15,79.15,100,24133
2013-06-12,78.95,78.95,78.95,78.95,95,23883
2013-06-13,77.9,77.9,77.9,77.9,55,23990
2013-06-14,78.35,78.35,78.35,78.35,115,24045
2013-06-17,78.25,78.25,78.25,78.25,145,24125
2013-06-18,78.15,78.15,78.15,78.15,60,24125
2013-06-19,78.35,78.35,78.35,78.35,40,24125
2013-06-20,78.15,78.15,78.15,78.15,5,24212
2013-06-21,77.85,77.85,77.85,77.85,15,24217
2013-06-24,77.65,77.65,77.65,77.65,0,24217
2013-06-25,77.65,77.65,77.65,77.65,55,24442
2013-06-26,77.65,77.65,77.65,77.65,75,24492
2013-06-27,77.65,77.65,77.65,77.65,50,24432
2013-06-28,77.65,77.65,77.65,77.65,50,22579
2013-07-01,74.3,74.3,74.3,74.3,50,22549
2013-07-02,74.05,74.05,74.05,74.05,0,22549
2013-07-03,74.45,74.45,74.45,74.45,0,22729
2013-07-04,74.35,74.35,74.35,74.35,0,22669
2013-07-05,74.5,74.5,74.5,74.5,15,22634
2013-07-08,73.9,73.9,73.9,73.9,150,22809
2013-07-09,73.8,73.8,73.8,73.8,55,23144
2013-07-10,73.55,73.55,73.55,73.55,0,23309
2013-07-11,73.65,73.65,73.65,73.65,0,23669
2013-07-12,73.4,73.4,73.4,73.4,5,23674
2013-07-15,73.75,73.75,73.75,73.75,0,23674
2013-07-16,74.35,74.35,74.35,74.35,5,23709
2013-07-17,74.95,74.95,74.95,74.95,30,24094
2013-07-18,74.15,74.15,74.15,74.15,65,24244
2013-07-19,73.65,73.65,73.65,73.65,80,24214
2013-07-22,73.25,73.25,73.25,73.25,0,24214
2013-07-23,73.65,73.65,73.65,73.65,10,24154
2013-07-24,73.55,73.55,73.55,73.55,0,24124
2013-07-25,73.9,73.9,73.9,73.9,235,24279
2013-07-26,73.65,73.65,73.65,73.65,95,22696
2013-07-29,73.25,73.25,73.25,73.25,85,22686
2013-07-30,73.05,73.05,73.05,73.05,15,22676
2013-07-31,72.6,72.6,72.6,72.6,80,22601
2013-08-01,72.1,72.1,72.1,72.1,75,22456
2013-08-02,71.9,71.9,71.9,71.9,0,22306
2013-08-05,71.8,71.8,71.8,71.8,20,22206
2013-08-06,71.95,71.95,71.95,71.95,60,22466
2013-08-07,71.85,71.85,71.85,71.85,10,22436
2013-08-08,72,72,72,72,0,22496
2013-08-09,72.45,72.45,72.45,72.45,0,22796
2013-08-12,72.7,72.7,72.7,72.7,50,22656
2013-08-13,73,73,73,73,60,22577
2013-08-14,73.45,73.45,73.45,73.45,10,22507
2013-08-15,73.05,73.05,73.05,73.05,15,22537
2013-08-16,73.05,73.05,73.05,73.05,20,22582
2013-08-19,73.15,73.15,73.15,73.15,0,22552
2013-08-20,73.15,73.15,73.15,73.15,20,22540
2013-08-21,73.2,73.2,73.2,73.2,10,22455
2013-08-22,73.25,73.25,73.25,73.25,5,22564
2013-08-23,73.35,73.35,73.35,73.35,0,22579
2013-08-27,72.65,72.65,72.65,72.65,5,22566
2013-08-28,72.85,72.85,72.85,72.85,75,22794
2013-08-29,73,73,73,73,85,23081
2013-08-30,73.2,73.2,73.2,73.2,20,21408
2013-09-02,72.5,72.5,72.5,72.5,80,21566
2013-09-03,72.5,72.5,72.5,72.5,50,21631
2013-09-04,72.2,72.2,72.2,72.2,25,21721
2013-09-05,72.35,72.35,72.35,72.35,95,21911
2013-09-06,71.7,71.7,71.7,71.7,25,21976
2013-09-09,71.2,71.2,71.2,71.2,70,22046
2013-09-10,71.25,71.25,71.25,71.25,45,22176
2013-09-11,71.4,71.4,71.4,71.4,0,21856
2013-09-12,71.7,71.7,71.7,71.7,30,21921
2013-09-13,71.7,71.7,71.7,71.7,40,22108
2013-09-16,71.9,71.9,71.9,71.9,15,22183
2013-09-17,72.2,72.2,72.2,72.2,10,22293
2013-09-18,72.5,72.5,72.5,72.5,70,22573
2013-09-19,72.5,72.5,72.5,72.5,45,23177
2013-09-20,72.25,72.25,72.25,72.25,140,23278
2013-09-23,75.8,75.8,75.8,75.8,460,24184
2013-09-24,76.1,76.1,76.1,76.1,20,25039
2013-09-25,77.15,77.15,77.15,77.15,45,25116
2013-09-26,77.55,77.55,77.55,77.55,225,25982
2013-09-27,77.35,77.35,77.35,77.35,80,24836
2013-09-30,79.7,79.7,79.7,79.7,135,25421
2013-10-01,79.9,79.9,79.9,79.9,74,25709
2013-10-02,80,80,80,80,30,25908
2013-10-03,80.45,80.45,80.45,80.45,260,26553
2013-10-04,80.95,80.95,80.95,80.95,0,26893
2013-10-07,81.3,81.3,81.3,81.3,10,26823
2013-10-08,81.25,81.25,81.25,81.25,15,27028
2013-10-09,80.9,80.9,80.9,80.9,330,27258
2013-10-10,81,81,81,81,775,27508
2013-10-11,80.8,80.8,80.8,80.8,95,26775
2013-10-14,81.2,81.2,81.2,81.2,75,27090
2013-10-15,81.9,81.9,81.9,81.9,65,27663
2013-10-16,83.1,83.1,83.1,83.1,75,27646
2013-10-17,83.65,83.65,83.65,83.65,30,29612
2013-10-18,85,85,85,85,160,30820
2013-10-21,87.05,87.05,87.05,87.05,15,30828
2013-10-22,88.1,88.1,88.1,88.1,285,31493
2013-10-23,90.5,90.5,90.5,90.5,945,31213
2013-10-24,91.4,91.4,91.4,91.4,225,31378
2013-10-25,90.2,90.2,90.2,90.2,115,29427
2013-10-28,88.45,88.45,88.45,88.45,110,29006
2013-10-29,86.95,86.95,86.95,86.95,20,27236
2013-10-30,86.3,86.3,86.3,86.3,205,27351
2013-10-31,85.05,85.05,85.05,85.05,55,27510
2013-11-01,84.95,84.95,84.95,84.95,187,27553
2013-11-04,84.1,84.1,84.1,84.1,15,27809
2013-11-05,84.3,84.3,84.3,84.3,5,27854
2013-11-06,84.75,84.75,84.75,84.75,25,27920
2013-11-07,84.65,84.65,84.65,84.65,10,27905
2013-11-08,83.65,83.65,83.65,83.65,20,27975
2013-11-11,83.6,83.6,83.6,83.6,225,28115
2013-11-12,83.1,83.1,83.1,83.1,290,28145
2013-11-13,83.25,83.25,83.25,83.25,0,28139
2013-11-14,83.25,83.25,83.25,83.25,75,28122
2013-11-15,83.85,83.85,83.85,83.85,30,28207
2013-11-18,83.95,83.95,83.95,83.95,5,28382
2013-11-19,84.2,84.2,84.2,84.2,5,28267
2013-11-20,85.5,85.5,85.5,85.5,15,28242
2013-11-21,85.2,85.2,85.2,85.2,10,28508
2013-11-22,85.5,85.5,85.5,85.5,110,28498
2013-11-25,85.55,85.55,85.55,85.55,50,28443
2013-11-26,85.55,85.55,85.55,85.55,60,28393
2013-11-27,84.7,84.7,84.7,84.7,105,28994
2013-11-28,84.15,84.15,84.15,84.15,20,29009
2013-11-29,84.55,84.55,84.55,84.55,20,27308
2013-12-02,84.25,84.25,84.25,84.25,37,27333
2013-12-03,84.05,84.05,84.05,84.05,10,27743
2013-12-04,83.7,83.7,83.7,83.7,105,27763
2013-12-05,84.2,84.2,84.2,84.2,25,27898
2013-12-06,85.15,85.15,85.15,85.15,30,27933
2013-12-09,85.5,85.5,85.5,85.5,205,27953
2013-12-10,85.65,85.65,85.65,85.65,10,28158
2013-12-11,86.4,86.4,86.4,86.4,0,28308
2013-12-12,86.8,86.8,86.8,86.8,30,28698
2013-12-13,86.45,86.45,86.45,86.45,15,28688
2013-12-16,86.2,86.2,86.2,86.2,20,28453
2013-12-17,86.05,86.05,86.05,86.05,10,28423
2013-12-18,85.95,85.95,85.95,85.95,200,28433
2013-12-19,85.35,85.35,85.35,85.35,100,28463
2013-12-20,84.95,84.95,84.95,84.95,0,28463
2013-12-23,85.1,85.1,85.1,85.1,0,28463
2013-12-24,85.05,85.05,85.05,85.05,0,28468
2013-12-27,85.55,85.55,85.55,85.55,0,25638
2013-12-30,85.25,85.25,85.25,85.25,0,25638
2014-01-02,85,85,85,85,0,25688
2014-01-03,83.75,83.75,83.75,83.75,0,25748
2014-01-06,83.45,83.45,83.45,83.45,60,25808
2014-01-07,82.2,82.2,82.2,82.2,20,25940
2014-01-08,82.55,82.55,82.55,82.55,460,26255
2014-01-09,83.55,83.55,83.55,83.55,400,26332
2014-01-10,83.65,83.65,83.65,83.65,215,26490
2014-01-13,83.95,83.95,83.95,83.95,140,26478
2014-01-14,84.25,84.25,84.25,84.25,75,26468
2014-01-15,84.85,84.85,84.85,84.85,1570,27058
2014-01-16,84.8,84.8,84.8,84.8,55,27108
2014-01-17,84.7,84.7,84.7,84.7,60,27293
2014-01-20,84.3,84.3,84.3,84.3,10,27067
2014-01-21,84.05,84.05,84.05,84.05,105,27167
2014-01-22,83.25,83.25,83.25,83.25,670,27275
2014-01-23,83.15,83.15,83.15,83.15,455,27635
2014-01-24,83.05,83.05,83.05,83.05,150,27630
2014-01-27,83.05,83.05,83.05,83.05,70,27465
2014-01-28,83.2,83.2,83.2,83.2,75,27550
2014-01-29,83.15,83.15,83.15,83.15,140,27635
2014-01-30,83.15,83.15,83.15,83.15,260,27784
2014-01-31,83.1,83.1,83.1,83.1,150,23295
2014-02-03,77.85,77.85,77.85,77.85,165,23435
2014-02-04,78.95,78.95,78.95,78.95,225,23458
2014-02-05,79.75,79.75,79.75,79.75,290,23618
2014-02-06,80.35,80.35,80.35,80.35,230,23822
2014-02-07,80.1,80.1,80.1,80.1,155,24007
2014-02-10,80.1,80.1,80.1,80.1,365,24162
2014-02-11,79.15,79.15,79.15,79.15,80,24177
2014-02-12,78.5,78.5,78.5,78.5,150,24267
2014-02-13,78.65,78.65,78.65,78.65,185,24448
2014-02-14,78.65,78.65,78.65,78.65,15,24508
2014-02-17,78.35,78.35,78.35,78.35,55,24668
2014-02-18,78.25,78.25,78.25,78.25,155,25221
2014-02-19,78,78,78,78,80,25265
2014-02-20,77.85,77.85,77.85,77.85,455,25326
2014-02-21,77.8,77.8,77.8,77.8,110,25396
2014-02-24,77.6,77.6,77.6,77.6,130,25884
2014-02-25,77.55,77.55,77.55,77.55,70,25754
2014-02-26,77.45,77.45,77.45,77.45,80,25844
2014-02-27,77.55,77.55,77.55,77.55,5,26227
2014-02-28,77.45,77.45,77.45,77.45,5,23025
2014-03-03,74.7,74.7,74.7,74.7,98,23240
2014-03-04,74.45,74.45,74.45,74.45,40,23451
2014-03-05,74.3,74.3,74.3,74.3,80,23606
2014-03-06,74.55,74.55,74.55,74.55,350,23711
2014-03-07,74.4,74.4,74.4,74.4,0,23905
2014-03-10,74.3,74.3,74.3,74.3,30,23930
2014-03-11,74.75,74.75,74.75,74.75,50,23975
2014-03-12,74.8,74.8,74.8,74.8,165,24070
2014-03-13,75.25,75.25,75.25,75.25,125,24083
2014-03-14,75.5,75.5,75.5,75.5,160,24443
2014-03-17,75.55,75.55,75.55,75.55,200,24614
2014-03-18,75.25,75.25,75.25,75.25,100,24654
2014-03-19,74.9,74.9,74.9,74.9,65,24629
2014-03-20,74.75,74.75,74.75,74.75,100,24639
2014-03-21,74.9,74.9,74.9,74.9,125,24829
2014-03-24,74.85,74.85,74.85,74.85,100,24900
2014-03-25,74.45,74.45,74.45,74.45,55,24940
2014-03-26,74.5,74.5,74.5,74.5,150,25060
2014-03-27,74.5,74.5,74.5,74.5,50,25140
2014-03-28,74.6,74.6,74.6,74.6,160,21694
2014-03-31,72.4,72.4,72.4,72.4,0,21694
2014-04-01,72.75,72.75,72.75,72.75,75,21693
2014-04-02,72.65,72.65,72.65,72.65,20,21763
2014-04-03,73.2,73.2,73.2,73.2,20,21626
2014-04-04,73.55,73.55,73.55,73.55,20,21596
2014-04-07,74.35,74.35,74.35,74.35,55,21636
2014-04-08,74.35,74.35,74.35,74.35,150,21741
2014-04-09,74.3,74.3,74.3,74.3,30,21691
2014-04-10,74.6,74.6,74.6,74.6,5,21691
2014-04-11,74.9,74.9,74.9,74.9,70,21641
2014-04-14,75.15,75.15,75.15,75.15,20,21656
2014-04-15,75,75,75,75,0,21671
2014-04-16,75,75,75,75,10,21856
2014-04-17,74.6,74.6,74.6,74.6,0,21916
2014-04-22,75.05,75.05,75.05,75.05,10,21896
2014-04-23,75.4,75.4,75.4,75.4,20,21806
2014-04-24,75,75,75,75,0,21866
2014-04-25,75.05,75.05,75.05,75.05,10,19532
2014-04-28,75.4,75.4,75.4,75.4,20,19621
2014-04-29,75.4,75.4,75.4,75.4,15,19981
2014-04-30,75.2,75.2,75.2,75.2,50,20161
2014-05-01,75.25,75.25,75.25,75.25,55,20291
2014-05-02,75.45,75.45,75.45,75.45,0,20291
2014-05-06,75.55,75.55,75.55,75.55,80,20326
2014-05-07,75.65,75.65,75.65,75.65,210,20110
2014-05-08,75.65,75.65,75.65,75.65,215,20046
2014-05-09,76,76,76,76,120,20115
2014-05-12,76.05,76.05,76.05,76.05,130,20220
2014-05-13,76.3,76.3,76.3,76.3,155,20331
2014-05-14,76,76,76,76,115,20431
2014-05-15,76,76,76,76,30,20611
2014-05-16,76,76,76,76,0,20626
2014-05-19,75.85,75.85,75.85,75.85,0,20626
2014-05-20,75.9,75.9,75.9,75.9,0,20611
2014-05-21,75.75,75.75,75.75,75.75,10,20621
2014-05-22,75.9,75.9,75.9,75.9,125,20461
2014-05-23,76,76,76,76,0,20455
2014-05-27,75.75,75.75,75.75,75.75,135,20666
2014-05-28,75.8,75.8,75.8,75.8,90,20681
2014-05-29,75.8,75.8,75.8,75.8,45,20566
2014-05-30,75.75,75.75,75.75,75.75,120,18328
2014-06-02,74.45,74.45,74.45,74.45,130,18413
2014-06-03,74.55,74.55,74.55,74.55,35,18468
2014-06-04,74.7,74.7,74.7,74.7,145,18582
2014-06-05,74.55,74.55,74.55,74.55,20,18632
2014-06-06,74.4,74.4,74.4,74.4,65,18276
2014-06-09,74.1,74.1,74.1,74.1,75,18276
2014-06-10,74.15,74.15,74.15,74.15,0,18786
2014-06-11,73.8,73.8,73.8,73.8,235,19043
2014-06-12,73.7,73.7,73.7,73.7,175,19201
2014-06-13,73.8,73.8,73.8,73.8,35,19281
2014-06-16,74,74,74,74,70,19456
2014-06-17,74.05,74.05,74.05,74.05,55,19523
2014-06-18,73.8,73.8,73.8,73.8,95,19873
2014-06-19,74.1,74.1,74.1,74.1,65,20829
2014-06-20,73.85,73.85,73.85,73.85,15,21362
2014-06-23,73.7,73.7,73.7,73.7,105,21362
2014-06-24,73.9,73.9,73.9,73.9,60,21477
2014-06-25,74.45,74.45,74.45,74.45,35,21497
2014-06-26,74.1,74.1,74.1,74.1,250,21432
2014-06-27,74.15,74.15,74.15,74.15,0,19461
2014-06-30,74.15,74.15,74.15,74.15,250,19887
2014-07-01,73.9,73.9,73.9,73.9,40,19903
2014-07-02,73.5,73.5,73.5,73.5,85,20087
2014-07-03,73.25,73.25,73,73,180,20217
2014-07-04,72.55,72.55,72.55,72.55,45,20227
2014-07-07,72.15,72.15,72.15,72.15,210,20417
2014-07-08,72,72,72,72,40,20417
2014-07-09,71.85,71.85,71.85,71.85,10,20687
2014-07-10,71.75,71.75,71.75,71.75,85,20784
2014-07-11,71.55,71.55,71.55,71.55,15,20893
2014-07-14,71.55,71.55,71.55,71.55,15,20910
2014-07-15,71.3,71.3,71.3,71.3,5,20865
2014-07-16,70.9,70.9,70.9,70.9,245,20775
2014-07-17,71.05,71.05,71.05,71.05,30,21405
2014-07-18,71.2,71.2,71.2,71.2,90,21465
2014-07-21,71,71,71,71,50,21860
2014-07-22,71.35,71.35,71.35,71.35,25,21882
2014-07-23,71.65,71.65,71.65,71.65,105,22072
2014-07-24,71.75,71.75,71.75,71.75,0,21895
2014-07-25,71.5,71.5,71.5,71.5,70,19834
2014-07-28,73.85,73.85,73.85,73.85,300,19796
2014-07-29,73.2,73.2,73.2,73.2,10,19761
2014-07-30,72.6,72.6,72.6,72.6,30,19756
2014-07-31,72,72,72,72,65,19731
2014-08-01,71.3,71.3,71.3,71.3,68,19753
2014-08-04,71.85,71.85,71.85,71.85,15,19758
2014-08-05,72.3,72.3,72.3,72.3,0,19818
2014-08-06,72.35,72.35,72.35,72.35,85,19798
2014-08-07,73,73,73,73,190,19947
2014-08-08,73.25,73.25,73.25,73.25,5,19792
2014-08-11,72.65,72.65,72.65,72.65,100,19792
2014-08-12,72.3,72.3,72.3,72.3,20,19627
2014-08-13,72.45,72.45,72.45,72.45,0,19657
2014-08-14,71.8,71.8,71.8,71.8,55,19657
2014-08-15,72.65,72.65,72.65,72.65,10,19657
2014-08-18,71.85,71.85,71.85,71.85,15,19797
2014-08-19,71.75,71.75,71.75,71.75,60,19822
2014-08-20,71.55,71.55,71.55,71.55,150,19987
2014-08-21,71.25,71.25,71.25,71.25,110,20087
2014-08-22,71,71,71,71,0,20077
2014-08-26,71.2,71.2,71.2,71.2,40,20122
2014-08-27,71.1,71.1,71.1,71.1,45,20162
2014-08-28,71.15,71.15,71.15,71.15,20,20172
2014-08-29,71.05,71.05,71.05,71.05,105,18410
2014-09-01,70.1,70.1,70.1,70.1,66,18445
2014-09-02,69.25,69.25,69.25,69.25,100,18446
2014-09-03,68.95,68.95,68.95,68.95,55,18701
2014-09-04,68.35,68.35,68.35,68.35,40,18751
2014-09-05,68.4,68.4,68.4,68.4,240,18911
2014-09-08,69,69,69,69,60,18942
2014-09-09,68.2,68.2,68.2,68.2,110,19102
2014-09-10,68.85,68.85,68.85,68.85,90,19192
2014-09-11,68.7,68.7,68.7,68.7,0,19192
2014-09-12,68.85,68.85,68.85,68.85,0,19222
2014-09-15,68.95,68.95,68.95,68.95,10,18957
2014-09-16,68.65,68.65,68.65,68.65,10,19022
2014-09-17,68.35,68.35,68.35,68.35,0,19022
2014-09-18,68.45,68.45,68.45,68.45,60,19022
2014-09-19,68.45,68.45,68.45,68.45,0,19022
2014-09-22,68.15,68.15,68.15,68.15,70,19067
2014-09-23,67.6,67.6,67.6,67.6,85,19062
2014-09-24,67.4,67.4,67.4,67.4,5,19067
2014-09-25,67.05,67.05,67.05,67.05,455,19122
2014-09-26,67,67,67,67,0,17328
2014-09-29,66.05,66.05,66.05,66.05,0,17328
2014-09-30,65.55,65.55,65.55,65.55,0,17298
2014-10-01,65.6,65.6,65.6,65.6,0,17298
2014-10-02,65.95,65.95,65.95,65.95,10,17848
2014-10-03,65.8,65.8,65.8,65.8,50,17818
2014-10-06,65.6,65.6,65.6,65.6,20,17828
2014-10-07,66.45,66.45,66.45,66.45,5,17828
2014-10-08,66.25,66.25,66.25,66.25,20,17838
2014-10-09,66.1,66.1,66.1,66.1,15,17783
2014-10-10,65.85,65.85,65.85,65.85,0,17783
2014-10-13,65.15,65.15,65.15,65.15,10,17813
2014-10-14,65.05,65.05,65.05,65.05,20,17848
2014-10-15,65.05,65.05,65.05,65.05,25,17815
2014-10-16,65.15,65.15,65.15,65.15,20,17795
2014-10-17,65.15,65.15,65.15,65.15,0,17915
2014-10-20,65.1,65.1,65.1,65.1,0,17915
2014-10-21,65.15,65.15,65.15,65.15,0,17915
2014-10-22,65.9,65.9,65.9,65.9,0,17975
2014-10-23,66.15,66.15,66.15,66.15,100,18020
2014-10-24,66.1,66.1,66.1,66.1,0,18008
2014-10-27,65.9,65.9,65.9,65.9,0,18008
2014-10-28,65.85,65.85,65.85,65.85,24,17792
2014-10-29,65.8,65.8,65.8,65.8,160,17792
2014-10-30,65.85,65.85,65.85,65.85,0,17792
2014-10-31,65.9,65.9,65.9,65.9,0,15901
2014-11-03,64.65,64.65,64.65,64.65,20,15916
2014-11-04,63.75,63.75,63.75,63.75,236,16092
2014-11-05,64.1,64.1,64.1,64.1,0,16257
2014-11-06,63.75,63.75,63.75,63.75,0,16398
2014-11-07,64.2,64.2,64.2,64.2,50,16408
2014-11-10,65.35,65.35,65.35,65.35,0,16468
2014-11-11,66,66,66,66,50,16540
2014-11-12,66.2,66.2,66.2,66.2,0,16534
2014-11-13,66.45,66.45,66.45,66.45,0,16639
2014-11-14,66.45,66.45,66.45,66.45,0,16609
2014-11-17,66.75,66.75,66.75,66.75,250,16572
2014-11-18,67.25,67.25,67.25,67.25,15,16502
2014-11-19,67.05,67.05,67.05,67.05,265,16643
2014-11-20,66.7,66.7,66.7,66.7,10,16713
2014-11-21,67.3,67.3,67.3,67.3,0,16743
2014-11-24,67.45,67.45,67.45,67.45,95,16803
2014-11-25,68,68,68,68,5,16737
2014-11-26,67.95,67.95,67.95,67.95,105,16797
2014-11-27,67.45,67.45,67.45,67.45,10,17242
2014-11-28,67.15,67.15,67.15,67.15,5,16423
2014-12-01,66.65,66.65,66.65,66.65,190,16377
2014-12-02,66.2,66.2,66.2,66.2,75,16479
2014-12-03,65.9,65.9,65.9,65.9,10,16142
2014-12-04,66,66,66,66,200,16292
2014-12-05,66,66,66,66,0,16412
2014-12-08,65.7,65.7,65.7,65.7,0,16412
2014-12-09,66.3,66.3,66.3,66.3,55,16345
2014-12-10,66.3,66.3,66.3,66.3,50,16280
2014-12-11,66.7,66.7,66.7,66.7,50,16370
2014-12-12,66.4,66.4,66.4,66.4,5,16245
2014-12-15,66.4,66.4,66.4,66.4,25,16270
2014-12-16,66.1,66.1,66.1,66.1,60,16020
2014-12-17,66.15,66.15,66.15,66.15,0,15854
2014-12-18,66.3,66.3,66.3,66.3,0,15840
2014-12-19,66.1,66.1,66.1,66.1,0,15923
2014-12-22,66.4,66.4,66.4,66.4,0,15923
2014-12-23,66.2,66.2,66.2,66.2,0,15923
2014-12-24,66.3,66.3,66.3,66.3,0,14044
2014-12-29,64,64,64,64,0,14044
2014-12-30,63.65,63.65,63.65,63.65,70,14078
2014-12-31,63.45,63.45,63.45,63.45,0,14078
2015-01-02,62.85,62.85,62.85,62.85,0,14078
2015-01-05,61.15,61.15,61.15,61.15,0,14978
2015-01-06,60.35,60.35,60.35,60.35,0,15033
2015-01-07,58.45,58.45,58.45,58.45,10,15423
2015-01-08,58.05,58.05,58.05,58.05,15,15433
2015-01-09,57.95,57.95,57.95,57.95,0,15388
2015-01-12,57.05,57.05,57.05,57.05,5,15393
2015-01-13,57.8,57.8,57.8,57.8,10,15403
2015-01-14,56.85,56.85,56.85,56.85,10,15403
2015-01-15,55.8,55.8,55.8,55.8,10,15594
2015-01-16,55.55,55.55,55.55,55.55,10,15599
2015-01-19,55.8,55.8,55.8,55.8,0,15734
2015-01-20,57.45,57.45,57.45,57.45,0,15749
2015-01-21,58.7,58.7,58.7,58.7,75,15883
2015-01-22,58.1,58.1,58.1,58.1,15,15943
2015-01-23,57.6,57.6,57.6,57.6,55,15953
2015-01-26,57.65,57.65,57.65,57.65,0,15968
2015-01-27,58.65,58.65,58.65,58.65,0,16028
2015-01-28,60.45,60.45,60.45,60.45,0,15869
2015-01-29,59.7,59.7,59.7,59.7,30,15649
2015-01-30,59.76,59.76,59.76,59.76,0,14436
2015-02-02,60.85,60.85,60.85,60.85,55,14261
2015-02-03,61.6,61.6,61.6,61.6,75,14241
2015-02-04,61.2,61.2,61.2,61.2,140,14521
2015-02-05,61.35,61.35,61.35,61.35,45,14466
2015-02-06,61.45,61.45,61.45,61.45,55,14521
2015-02-09,63.85,63.85,63.85,63.85,15,14521
2015-02-10,64.25,64.25,64.25,64.25,25,14591
2015-02-11,64.65,64.65,64.65,64.65,0,14594
2015-02-12,64.75,64.75,64.75,64.75,25,14634
2015-02-13,65.35,65.35,65.35,65.35,0,14679
2015-02-16,65.7,65.7,65.7,65.7,0,14490
2015-02-17,64.75,64.75,64.75,64.75,5,14573
2015-02-18,64.15,64.15,64.15,64.15,0,14573
2015-02-19,62.95,62.95,62.95,62.95,20,14293
2015-02-20,63.3,63.3,63.3,63.3,10,14288
2015-02-23,62.65,62.65,62.65,62.65,5,14248
2015-02-24,62.15,62.15,62.15,62.15,115,14203
2015-02-25,62.55,62.55,62.55,62.55,10,14180
2015-02-26,62.6,62.6,62.6,62.6,10,14228
2015-02-27,64.75,64.75,64.75,64.75,35,12943
2015-03-02,63.55,63.55,63.55,63.55,50,12943
2015-03-03,62.8,62.8,62.8,62.8,10,12938
2015-03-04,62.8,62.8,62.8,62.8,0,12923
2015-03-05,62.6,62.6,62.6,62.6,0,12923
2015-03-06,61.25,61.25,61.25,61.25,165,12979
2015-03-09,61.75,61.75,61.75,61.75,20,13139
2015-03-10,62,62,62,62,80,13139
2015-03-11,62.6,62.6,62.6,62.6,15,13079
2015-03-12,62.25,62.25,62.25,62.25,55,13224
2015-03-13,62.3,62.3,62.3,62.3,5,13229
2015-03-16,61.7,61.7,61.7,61.7,55,13394
2015-03-17,61.6,61.6,61.6,61.6,120,13464
2015-03-18,61.65,61.65,61.65,61.65,145,13624
2015-03-19,61.25,61.25,61.25,61.25,40,13640
2015-03-20,61.05,61.05,61.05,61.05,40,13685
2015-03-23,60.9,60.9,60.9,60.9,0,13685
2015-03-24,60.9,60.9,60.9,60.9,30,13710
2015-03-25,60.9,60.9,60.9,60.9,0,13709
2015-03-26,60.95,60.95,60.95,60.95,0,13709
2015-03-27,60.9,60.9,60.9,60.9,0,12433
2015-03-30,59,59,59,59,100,12443
2015-03-31,58.65,58.65,58.65,58.65,50,12493
2015-04-01,58.9,58.9,58.9,58.9,0,12493
2015-04-02,58.35,58.35,58.35,58.35,0,12523
2015-04-07,57.8,57.8,57.8,57.8,0,12523
2015-04-08,58.05,58.05,58.05,58.05,0,12553
2015-04-09,58.75,58.75,58.75,58.75,15,12613
2015-04-10,58.4,58.4,58.4,58.4,0,12613
2015-04-13,58.85,58.85,58.85,58.85,5,12972
2015-04-14,58.9,58.9,58.9,58.9,5,13047
2015-04-15,59,59,59,59,5,13007
2015-04-16,59.25,59.25,59.25,59.25,0,13202
2015-04-17,59.1,59.1,59.1,59.1,10,13257
2015-04-20,58.85,58.85,58.85,58.85,5,13262
2015-04-21,59.05,59.05,59.05,59.05,40,13447
2015-04-22,59.6,59.6,59.6,59.6,115,13512
2015-04-23,59.85,59.85,59.85,59.85,0,13572
2015-04-24,60.3,60.3,60.3,60.3,5,12392
2015-04-27,60.65,60.65,60.65,60.65,0,12392
2015-04-28,60.6,60.6,60.6,60.6,0,12377
2015-04-29,61.05,61.05,61.05,61.05,0,12761
2015-04-30,59.05,59.05,59.05,59.05,0,12890
2015-05-01,60.2,60.2,60.2,60.2,0,13100
2015-05-05,60.25,60.25,60.25,60.25,50,13200
2015-05-06,59.85,59.85,59.85,59.85,50,13250
2015-05-07,58.85,58.85,58.85,58.85,0,13295
2015-05-08,58.55,58.55,58.55,58.55,0,13280
2015-05-11,59.9,59.9,59.9,59.9,60,13340
2015-05-12,59.85,59.85,59.85,59.85,0,13409
2015-05-13,60.05,60.05,60.05,60.05,180,13369
2015-05-14,60,60,60,60,10,13404
2015-05-15,59.9,59.9,59.9,59.9,25,13489
2015-05-18,59.55,59.55,59.55,59.55,0,13489
2015-05-19,58.8,58.8,58.8,58.8,5,13489
2015-05-20,58.75,58.75,58.75,58.75,140,13218
2015-05-21,59.15,59.15,59.15,59.15,105,13413
2015-05-22,59.55,59.55,59.55,59.55,0,13448
2015-05-26,59.85,59.85,59.85,59.85,195,13485
2015-05-27,60.1,60.1,60.1,60.1,50,13525
2015-05-28,59.9,59.9,59.9,59.9,95,13509
2015-05-29,60.45,60.45,60.45,60.45,65,12281
2015-06-01,60,60,60,60,15,12866
2015-06-02,60.55,60.55,60.55,60.55,70,13024
2015-06-03,60,60,60,60,105,13014
2015-06-04,60.1,60.1,60.1,60.1,80,13029
2015-06-05,60.15,60.15,60.15,60.15,165,13119
2015-06-08,60.05,60.05,60.05,60.05,20,13179
2015-06-09,59.75,59.75,59.75,59.75,185,8689
2015-06-10,58.35,58.35,58.35,58.35,45,13609
2015-06-11,59.1,59.1,59.1,59.1,0,13571
2015-06-12,59.65,59.65,59.65,59.65,35,13524
2015-06-15,59.85,59.85,59.85,59.85,65,13724
2015-06-16,59.6,59.6,59.6,59.6,5,13659
2015-06-17,59.6,59.6,59.6,59.6,0,13836
2015-06-18,59.95,59.95,59.95,59.95,105,13961
2015-06-19,59.75,59.75,59.75,59.75,0,13781
2015-06-22,60.1,60.1,60.1,60.1,5,13769
2015-06-23,59.7,59.7,59.7,59.7,35,13979
2015-06-24,59.2,59.2,59.2,59.2,60,13959
2015-06-25,59.5,59.5,59.5,59.5,140,14451
2015-06-26,59.15,59.15,59.15,59.15,200,13195
2015-06-29,59.35,59.35,59.35,59.35,0,13195
2015-06-30,59.85,59.85,59.85,59.85,270,13508
2015-07-01,59.35,59.35,59.35,59.35,45,13563
2015-07-02,59.3,59.3,59.3,59.3,85,13580
2015-07-03,58.8,58.8,58.8,58.8,115,13598
2015-07-06,58.15,58.15,58.15,58.15,15,13723
2015-07-07,57.65,57.65,57.65,57.65,60,13768
2015-07-08,58.05,58.05,58.05,58.05,15,13723
2015-07-09,58.1,58.1,58.1,58.1,0,13723
2015-07-10,58.75,58.75,58.75,58.75,15,13738
2015-07-13,58.15,58.15,58.15,58.15,0,13753
2015-07-14,58.25,58.25,58.25,58.25,0,13753
2015-07-15,57.85,57.85,57.85,57.85,0,13723
2015-07-16,57.9,57.9,57.9,57.9,5,13723
2015-07-17,57.8,57.8,57.8,57.8,0,13735
2015-07-20,58,58,58,58,0,13735
2015-07-21,58.05,58.05,58.05,58.05,0,13855
2015-07-22,57.35,57.35,57.35,57.35,0,13927
2015-07-23,57.15,57.15,57.15,57.15,0,14104
2015-07-24,57.15,57.15,57.15,57.15,15,14194
2015-07-27,56.85,56.85,56.85,56.85,5,14204
2015-07-28,56.7,56.7,56.7,56.7,0,14156
2015-07-29,56.65,56.65,56.65,56.65,0,14156
2015-07-30,56.4,56.4,56.4,56.4,0,14111
2015-07-31,55.85,55.85,55.85,55.85,0,12047
2015-08-03,55.85,55.85,55.85,55.85,0,12047
2015-08-04,56.4,56.4,56.4,56.4,0,12077
2015-08-05,56.75,56.75,56.75,56.75,0,12077
2015-08-06,56.75,56.75,56.75,56.75,0,12077
2015-08-07,56,56,56,56,0,12077
2015-08-10,56.6,56.6,56.6,56.6,45,12122
2015-08-11,55.7,55.7,55.7,55.7,0,12122
2015-08-12,55.4,55.4,55.4,55.4,0,12137
2015-08-13,55.15,55.15,55.15,55.15,0,12122
2015-08-14,55,55,55,55,25,12097
2015-08-17,54.6,54.6,54.6,54.6,15,12097
2015-08-18,54.15,54.15,54.15,54.15,40,12187
2015-08-19,53.65,53.65,53.65,53.65,0,12187
2015-08-20,53.55,53.55,53.55,53.55,0,12187
2015-08-21,53.4,53.4,53.4,53.4,5,12078
2015-08-24,52.9,52.9,52.9,52.9,0,12078
2015-08-25,53,53,53,53,0,12123
2015-08-26,53.6,53.6,53.6,53.6,6,12123
2015-08-27,54.25,54.25,54.25,54.25,0,12108
2015-08-28,53.85,53.85,53.85,53.85,0,10528
2015-09-01,54.15,54.15,54.15,54.15,0,10453
2015-09-02,54.05,54.05,54.05,54.05,0,10513
2015-09-03,54.05,54.05,54.05,54.05,40,10533
2015-09-04,53.4,53.4,53.4,53.4,0,10533
2015-09-08,52.6,52.6,52.6,52.6,0,10578
2015-09-09,52.3,52.3,52.3,52.3,0,10578
2015-09-10,52.55,52.55,52.55,52.55,0,10578
2015-09-11,52.35,52.35,52.35,52.35,20,10558
2015-09-14,52.2,52.2,52.2,52.2,0,10573
2015-09-15,52,52,52,52,15,10595
2015-09-16,52.1,52.1,52.1,52.1,25,10650
2015-09-17,52.1,52.1,52.1,52.1,0,10620
2015-09-18,52,52,52,52,0,10620
2015-09-21,52,52,52,52,0,10620
2015-09-22,51.9,51.9,51.9,51.9,90,10725
2015-09-23,51.9,51.9,51.9,51.9,50,10800
2015-09-24,51.85,51.85,51.85,51.85,20,10870
2015-09-25,51.85,51.85,51.85,51.85,40,9157
2015-09-28,50.35,50.35,50.35,50.35,0,9145
2015-09-29,50.2,50.2,50.2,50.2,35,9155
2015-09-30,49.75,49.75,49.75,49.75,5,9091
2015-10-01,49.5,49.5,49.5,49.5,5,9051
2015-10-02,49.75,49.75,49.75,49.75,15,8916
2015-10-05,50.6,50.6,50.6,50.6,0,8886
2015-10-06,51,51,51,51,85,9061
2015-10-07,50.5,50.5,50.5,50.5,40,9043
2015-10-08,50.4,50.4,50.4,50.4,50,9026
2015-10-09,50.55,50.55,50.55,50.55,70,9076
2015-10-12,50.15,50.15,50.15,50.15,5,9073
2015-10-13,49.55,49.55,49.55,49.55,0,9058
2015-10-14,49.25,49.25,49.25,49.25,0,9058
2015-10-15,49.25,49.25,49.25,49.25,20,9078
2015-10-16,49.25,49.25,49.25,49.25,10,9099
2015-10-19,49.5,49.5,49.5,49.5,5,9104
2015-10-20,49.5,49.5,49.5,49.5,235,9156
2015-10-21,49.3,49.3,49.3,49.3,15,9171
2015-10-22,49.3,49.3,49.3,49.3,50,9273
2015-10-23,49.6,49.6,49.6,49.6,20,9404
2015-10-26,50.1,50.1,50.1,50.1,50,9454
2015-10-27,50.15,50.15,50.15,50.15,40,9439
2015-10-28,50.25,50.25,50.25,50.25,45,9483
2015-10-29,51.35,51.35,51.35,51.35,0,9468
2015-10-30,51.75,51.75,51.75,51.75,80,8418
2015-11-02,52.15,52.15,52.15,52.15,0,8473
2015-11-03,52.45,52.45,52.45,52.45,0,8758
2015-11-04,52.05,52.05,52.05,52.05,165,8721
2015-11-05,51.9,51.9,51.9,51.9,10,8756
2015-11-06,52.05,52.05,52.05,52.05,120,8841
2015-11-09,50.1,50.1,50.1,50.1,5,8841
2015-11-10,50.4,50.4,50.4,50.4,55,8906
2015-11-11,50.65,50.65,50.65,50.65,10,8906
2015-11-12,50.95,50.95,50.95,50.95,65,8971
2015-11-13,50.95,50.95,50.95,50.95,0,9036
2015-11-16,51.5,51.5,51.5,51.5,25,9101
2015-11-17,52.75,52.75,52.75,52.75,60,9181
2015-11-18,54.5,54.5,54.5,54.5,130,9816
2015-11-19,54.85,54.85,54.85,54.85,60,10151
2015-11-20,54.45,54.45,54.45,54.45,90,10136
2015-11-23,54.25,54.25,54.25,54.25,150,10466
2015-11-24,54.7,54.7,54.7,54.7,375,10709
2015-11-25,54.5,54.5,54.5,54.5,110,10824
2015-11-26,54.2,54.2,54.2,54.2,155,10919
2015-11-27,54.15,54.15,54.15,54.15,50,9705
2015-11-30,53.75,53.75,53.75,53.75,130,9715
2015-12-01,53,53,53,53,15,9790
2015-12-02,52.2,52.2,52.2,52.2,245,10420
2015-12-03,52,52,52,52,80,10660
2015-12-04,51.7,51.7,51.7,51.7,15,10720
2015-12-07,51.1,51.1,51.1,51.1,210,10663
2015-12-08,50.6,50.6,50.6,50.6,60,10711
2015-12-09,50.5,50.5,50.5,50.5,330,10777
2015-12-10,50,50,50,50,295,11024
2015-12-11,49.75,49.75,49.75,49.75,190,11553
2015-12-14,49.7,49.7,49.7,49.7,265,11685
2015-12-15,50,50,50,50,180,11914
2015-12-16,50.1,50.1,50.1,50.1,135,12019
2015-12-17,49.95,49.95,49.95,49.95,95,12044
2015-12-18,49.95,49.95,49.95,49.95,105,12119
2015-12-21,50,50,50,50,105,12174
2015-12-22,47.6,50,47.6,47.6,95,12269
2015-12-23,48.55,48.55,48.55,48.55,5,12274
2015-12-24,48.75,48.75,48.75,48.75,0,12379
2015-12-29,49,49,49,49,70,10894
2015-12-30,49.45,49.45,49.45,49.45,60,10894
2015-12-31,49.3,49.3,49.3,49.3,0,10894
2016-01-04,49.9,49.9,49.9,49.9,20,10981
2016-01-05,51,51,51,51,20,11326
2016-01-06,51.85,51.85,51.85,51.85,25,11671
2016-01-07,51.35,51.35,51.35,51.35,15,12086
2016-01-08,50.35,50.35,50.35,50.35,130,12251
2016-01-11,49.7,49.7,49.7,49.7,135,12412
2016-01-12,49.5,49.5,49.5,49.5,140,12913
2016-01-13,49.25,49.25,49.25,49.25,145,13349
2016-01-14,49.5,49.5,49.5,49.5,95,13589
2016-01-15,49.3,49.3,49.3,49.3,10,13619
2016-01-18,49.4,49.4,49.4,49.4,20,13751
2016-01-19,49.55,49.55,49.55,49.55,95,13929
2016-01-20,49.95,49.95,49.95,49.95,260,14130
2016-01-21,50.5,50.5,50.5,50.5,85,14333
2016-01-22,50.75,50.75,50.75,50.75,45,14530
2016-01-25,50.85,50.85,50.85,50.85,170,14635
2016-01-26,50.8,50.8,50.8,50.8,185,14852
2016-01-27,50.5,50.5,50.5,50.5,610,15422
2016-01-28,50.5,50.5,50.5,50.5,240,15667
2016-01-29,50.55,50.55,50.55,50.55,525,13803
2016-02-01,48.95,48.95,48.95,48.95,20,13903
2016-02-02,50.15,50.15,50.15,50.15,15,14073
2016-02-03,50.9,50.9,50.9,50.9,190,13904
2016-02-04,50.6,50.6,50.6,50.6,475,13727
2016-02-05,50.1,50.1,50.1,50.1,5,13566
2016-02-08,49.7,49.7,49.7,49.7,10,13573
2016-02-09,49.3,49.3,49.3,49.3,200,13393
2016-02-10,49.3,49.3,49.3,49.3,405,13534
2016-02-11,49.3,49.3,49.3,49.3,165,13689
2016-02-12,49.65,49.65,49.65,49.65,130,13814
2016-02-15,49.9,49.9,49.9,49.9,85,13884
2016-02-16,49.8,49.8,49.8,49.8,295,14208
2016-02-17,50.6,50.6,50.6,50.6,145,14323
2016-02-18,50.9,50.9,50.9,50.9,210,14478
2016-02-19,51.2,51.2,51.2,51.2,45,14570
2016-02-22,52.1,52.1,52.1,52.1,165,14918
2016-02-23,51.85,51.85,51.85,51.85,20,14813
2016-02-24,52,52,52,52,35,14893
2016-02-25,51.95,51.95,51.95,51.95,60,15013
2016-02-26,51.85,51.85,51.85,51.85,50,13545
2016-02-29,51.7,51.7,51.7,51.7,5,13855
2016-03-01,51.95,51.95,51.95,51.95,75,13987
2016-03-02,51.6,51.6,51.6,51.6,55,13987
2016-03-03,52.4,52.4,52.4,52.4,0,13817
2016-03-04,52.7,52.7,52.7,52.7,180,13937
2016-03-07,52.75,52.75,52.75,52.75,45,14169
2016-03-08,53.2,53.2,53.2,53.2,75,14277
2016-03-09,53.9,53.9,53.9,53.9,370,15007
2016-03-10,54.5,54.5,54.5,54.5,387,15547
2016-03-11,54.35,54.35,54.35,54.35,0,15607
2016-03-14,54.65,54.65,54.65,54.65,20,15734
2016-03-15,54.15,54.15,54.15,54.15,114,15994
2016-03-16,53.7,53.7,53.7,53.7,140,16124
2016-03-17,52.45,52.45,52.45,52.45,10,16050
2016-03-18,52.3,52.3,52.3,52.3,235,15812
2016-03-21,52.1,52.1,52.1,52.1,105,15923
2016-03-22,51.7,51.7,51.7,51.7,125,15898
2016-03-23,52,52,52,52,50,16159
2016-03-24,52.3,52.3,52.3,52.3,0,14010
2016-03-29,52.65,52.65,52.65,52.65,35,13990
2016-03-30,53.1,53.1,53.1,53.1,55,13800
2016-03-31,53.15,53.15,53.15,53.15,0,13805
2016-04-01,52.6,52.6,52.6,52.6,185,13849
2016-04-04,52.45,52.45,52.45,52.45,205,13945
2016-04-05,52.3,52.3,52.3,52.3,45,13929
2016-04-06,51.95,51.95,51.95,51.95,115,14004
2016-04-07,49.9,49.9,49.9,49.9,70,14014
2016-04-08,50.45,50.45,50.45,50.45,25,14070
2016-04-11,51.2,51.2,51.2,51.2,90,14030
2016-04-12,51.75,51.75,51.75,51.75,50,14035
2016-04-13,52.55,52.55,52.55,52.55,200,14105
2016-04-14,53.5,53.5,53.5,53.5,85,14196
2016-04-15,53.25,53.25,53.25,53.25,40,14258
2016-04-18,53.65,53.65,53.65,53.65,55,14313
2016-04-19,53.75,53.75,53.75,53.75,85,14386
2016-04-20,53.25,53.25,53.25,53.25,255,14276
2016-04-21,52.9,52.9,52.9,52.9,85,14430
2016-04-22,52,52,52,52,80,14471
2016-04-25,51.7,51.7,51.7,51.7,0,14477
2016-04-26,52.15,52.15,52.15,52.15,40,14517
2016-04-27,52.2,52.2,52.2,52.2,300,14663
2016-04-28,52.65,52.65,52.65,52.65,150,14588
2016-04-29,52.95,52.95,52.95,52.95,0,12535
2016-05-03,52.85,52.85,52.85,52.85,150,12590
2016-05-04,53.05,53.05,53.05,53.05,10,12596
2016-05-05,53.5,53.5,53.5,53.5,0,12567
2016-05-06,53.6,53.6,53.6,53.6,270,12670
2016-05-09,53.35,53.35,53.35,53.35,190,12796
2016-05-10,53.5,53.5,53.5,53.5,135,12979
2016-05-11,54.25,54.25,54.25,54.25,55,12945
2016-05-12,54.3,54.3,54.3,54.3,35,12976
2016-05-13,54.45,54.45,54.45,54.45,10,12980
2016-05-16,55,55,55,55,15,12987
2016-05-17,54.9,54.9,54.9,54.9,65,13102
2016-05-18,54.45,54.45,54.45,54.45,55,13060
2016-05-19,53.75,53.75,53.75,53.75,235,13025
2016-05-20,54.35,54.35,54.35,54.35,40,13085
2016-05-23,53.9,53.9,53.9,53.9,50,13089
2016-05-24,54.1,54.1,54.1,54.1,50,13089
2016-05-25,54.85,54.85,54.85,54.85,0,13099
2016-05-26,54.95,54.95,54.95,54.95,5,13085
2016-05-27,55.1,55.1,55.1,55.1,60,10785
2016-05-31,55.3,55.3,55.3,55.3,10,10714
2016-06-01,55.6,55.6,55.6,55.6,160,10799
2016-06-02,56.4,56.4,56.4,56.4,0,11069
2016-06-03,57.5,57.5,57.5,57.5,10,10995
2016-06-06,58.95,58.95,58.95,58.95,10,11024
2016-06-07,58.4,58.4,58.4,58.4,70,11057
2016-06-08,57.4,57.4,57.4,57.4,120,11168
2016-06-09,57.05,57.05,57.05,57.05,130,11135
2016-06-10,56.75,56.75,56.75,56.75,95,11183
2016-06-13,57.05,57.05,57.05,57.05,165,11193
2016-06-14,57.45,57.45,57.45,57.45,5,11154
2016-06-15,57.65,57.65,57.65,57.65,65,11205
2016-06-16,57.95,57.95,57.95,57.95,30,11190
2016-06-17,57.65,57.65,57.65,57.65,5,11245
2016-06-20,58.35,58.35,58.35,58.35,0,11395
2016-06-21,58.1,58.1,58.1,58.1,10,11349
2016-06-22,57.95,57.95,57.95,57.95,0,11526
2016-06-23,57.95,57.95,57.95,57.95,170,10946
2016-06-24,57.8,57.8,57.8,57.8,0,8700
2016-06-27,58,58,58,58,270,8980
2016-06-28,58.5,58.5,58.5,58.5,50,8878
2016-06-29,58.45,58.45,58.45,58.45,105,8803
2016-06-30,59.2,59.2,59.2,59.2,20,8787
2016-07-01,60.05,60.05,60.05,60.05,5,8702
2016-07-04,60.75,60.75,60.75,60.75,0,8783
2016-07-05,60.8,60.8,60.2,60.2,1,8844
2016-07-06,59.95,59.95,59.95,59.95,0,8886
2016-07-07,60.35,60.35,60.35,60.35,0,8886
2016-07-08,60.05,60.05,60.05,60.05,0,8871
2016-07-11,60.25,60.25,60.25,60.25,10,8936
2016-07-12,61.3,61.3,61.3,61.3,0,8936
2016-07-13,61.8,61.8,61.8,61.8,0,9024
2016-07-14,61.85,61.85,61.85,61.85,0,9024
2016-07-15,62,62,62,62,30,9154
2016-07-18,61.8,61.8,61.8,61.8,0,9184
2016-07-19,61.55,61.55,61.55,61.55,40,9190
2016-07-20,61.5,61.5,61.5,61.5,100,9230
2016-07-21,61.35,61.35,61.35,61.35,480,9380
2016-07-22,61.4,61.4,61.4,61.4,0,9421
2016-07-25,61.8,61.8,61.8,61.8,30,9556
2016-07-26,61.8,61.8,61.8,61.8,0,9666
2016-07-27,61.9,61.9,61.9,61.9,5,9671
2016-07-28,61.95,61.95,61.95,61.95,110,9543
2016-07-29,61.95,61.95,61.95,61.95,110,8280
2016-08-01,67.05,67.05,67.05,67.05,5,8345
2016-08-02,66.6,66.6,66.6,66.6,20,8376
2016-08-03,66.35,66.35,66.35,66.35,20,8381
2016-08-04,65,65,64.5,64.5,322,8433
2016-08-05,63.05,63.05,63.05,63.05,15,8273
2016-08-08,65.95,65.95,65.95,65.95,15,8151
2016-08-09,66.3,66.3,66.3,66.3,5,8149
2016-08-10,65.15,65.15,65.15,65.15,0,8164
2016-08-11,66.85,66.85,66.85,66.85,50,8113
2016-08-12,68.55,68.55,68.55,68.55,0,8113
2016-08-15,68.25,68.25,68.25,68.25,0,8051
2016-08-16,68,68,68,68,0,7875
2016-08-17,68.25,68.25,68.25,68.25,105,7947
2016-08-18,67.2,67.2,67.2,67.2,10,8027
2016-08-19,66.5,66.5,66.5,66.5,10,7837
2016-08-22,66.8,66.8,66.8,66.8,0,7862
2016-08-23,66.45,66.45,66.45,66.45,185,7865
2016-08-24,66,66.5,65.9,65.9,140,7861
2016-08-25,65.9,65.9,65.9,65.9,25,7871
2016-08-26,66.45,66.45,66.45,66.45,0,7276
2016-08-30,67,67,66.5,66.5,75,7391
2016-08-31,66.4,66.4,66.4,66.4,80,7436
2016-09-01,66.45,66.45,66.45,66.45,45,7522
2016-09-02,66.55,66.55,66.55,66.55,85,7478
2016-09-05,66.6,66.6,66.6,66.6,0,7550
2016-09-06,66.55,66.55,66.55,66.55,25,7659
2016-09-07,65.8,65.8,65.8,65.8,5,7688
2016-09-08,65.4,65.4,65.4,65.4,7,7693
2016-09-09,65.6,65.6,65.6,65.6,55,7728
2016-09-12,65.7,65.7,65.7,65.7,15,7803
2016-09-13,65.95,65.95,65.95,65.95,60,7844
2016-09-14,66.05,66.05,66.05,66.05,5,7851
2016-09-15,66.4,66.4,66.4,66.4,0,7881
2016-09-16,66.25,66.25,66.25,66.25,50,7916
2016-09-19,66.4,66.4,66.4,66.4,75,7929
2016-09-20,66.4,66.4,66.4,66.4,340,8089
2016-09-21,66.95,66.95,66.95,66.95,180,8149
2016-09-22,66.7,66.7,66.7,66.7,75,8243
2016-09-23,66.95,66.95,66.95,66.95,0,8284
2016-09-26,67.3,67.3,67.3,67.3,15,8299
2016-09-27,66.9,66.9,66.9,66.9,0,8470
2016-09-28,67.35,67.35,67.35,67.35,0,8419
2016-09-29,67.55,67.55,67.55,67.55,10,8613
2016-09-30,67.65,67.65,67.65,67.65,15,7313
2016-10-03,75.7,75.7,75.7,75.7,5,7308
2016-10-04,76.05,76.05,76.05,76.05,50,7292
2016-10-05,76.6,76.6,76.6,76.6,75,7312
2016-10-06,79.15,79.15,79.15,79.15,5,7367
2016-10-07,78.55,78.55,78.55,78.55,25,7294
2016-10-10,77.4,77.4,77.4,77.4,0,7303
2016-10-11,77.65,77.65,77.65,77.65,45,7197
2016-10-12,79.5,79.5,79.5,79.5,205,7242
2016-10-13,80.3,80.3,80.3,80.3,5,7223
2016-10-14,81.75,81.75,81.75,81.75,0,7223
2016-10-20,82.8,82.8,82.8,82.8,60,7441
2016-10-21,84.55,84.55,84.55,84.55,0,7444
2016-10-24,83.3,83.3,83.3,83.3,15,7444
2016-10-25,82.85,82.85,82.85,82.85,0,7465
2016-10-26,83.15,83.15,83.15,83.15,10,7475
2016-10-27,83,83,83,83,15,7746
2016-10-28,83.85,83.85,83.85,83.85,20,6799
2016-10-31,92.45,92.45,92.45,92.45,3,7175
2016-11-01,94.05,94.5,94.05,94.5,14,7341
2016-11-02,92.9,92.9,92.9,92.9,20,7321
2016-11-03,94.25,94.25,94.25,94.25,102,7416
2016-11-04,97.2,97.2,97.2,97.2,75,7772
2016-11-07,99.35,99.35,99.35,99.35,108,7857
2016-11-08,98.7,98.7,98.7,98.7,150,7808
2016-11-09,98.05,98.05,98.05,98.05,145,7831
2016-11-10,97.75,97.75,97.75,97.75,45,8018
2016-11-11,97.45,97.45,97.45,97.45,65,8117
2016-11-14,92.7,92.7,92.7,92.7,45,8193
2016-11-15,93.35,93.35,93.35,93.35,50,8027
2016-11-16,91.2,91.2,91.2,91.2,55,7980
2016-11-17,81.7,81.7,81.7,81.7,30,8145
2016-11-18,79.95,79.95,79.95,79.95,40,8176
2016-11-21,79.4,79.4,79.4,79.4,5,8141
2016-11-22,83.5,83.5,83.5,83.5,180,8142
2016-11-23,81.2,81.2,81.2,81.2,50,8260
2016-11-24,83.75,84.35,83.75,84.35,50,8255
2016-11-25,84.4,84.4,84.4,84.4,0,7401
2016-11-28,85.55,85.55,85.55,85.55,15,7406
2016-11-29,83,83,83,83,55,7406
2016-11-30,84.25,84.25,84.25,84.25,100,7336
2016-12-01,84.6,84.6,84.6,84.6,160,7252
2016-12-02,79.35,79.35,79.35,79.35,115,7304
2016-12-05,78.25,78.25,78.25,78.25,20,7302
2016-12-06,73.5,73.5,73.5,73.5,40,7272
2016-12-07,73.15,73.15,73.15,73.15,40,7684
2016-12-08,74.75,74.75,74.75,74.75,40,7657
2016-12-09,76.1,76.1,76.1,76.1,60,7740
2016-12-12,77.55,77.55,77.55,77.55,45,7635
2016-12-13,77.5,77.5,77.5,77.5,180,7650
2016-12-14,77.9,77.9,77.9,77.9,210,7692
2016-12-15,80.85,80.85,80.85,80.85,30,7692
2016-12-16,80.4,80.4,80.4,80.4,45,7707
2016-12-19,81.15,81.15,81.15,81.15,5,7707
2016-12-20,82.05,82.05,82.05,82.05,55,7868
2016-12-21,82.95,82.95,82.95,82.95,70,7918
2016-12-22,83.4,83.4,83.4,83.4,0,7923
2016-12-23,83.6,83.6,83.6,83.6,0,7916
2016-12-28,84.25,84.25,84.25,84.25,0,7976
2016-12-29,84.4,84.4,84.4,84.4,10,8113
2016-12-30,84.55,84.55,84.55,84.55,0,7183
2017-01-03,81.9,81.9,81.9,81.9,40,8013
2017-01-04,82,82,82,82,200,7965
2017-01-05,83,83,83,83,140,8040
2017-01-06,82,82,82,82,100,8172
2017-01-09,81.9,81.9,81.9,81.9,40,8222
2017-01-10,82.9,82.9,82.9,82.9,87,8335
2017-01-11,85.6,85.6,85.6,85.6,90,8350
2017-01-12,87.5,87.5,87.5,87.5,20,8440
2017-01-13,87.05,87.05,87.05,87.05,30,8465
2017-01-16,87.1,87.1,87.1,87.1,45,8490
2017-01-17,90.85,90.85,90.85,90.85,55,8477
2017-01-18,90,90,90,90,145,8682
2017-01-19,88.7,88.7,88.7,88.7,335,8616
2017-01-20,87.3,87.3,87.3,87.3,75,8526
2017-01-23,87.45,87.45,87.45,87.45,85,8558
2017-01-24,87.75,87.75,87.75,87.75,55,8529
2017-01-25,86.4,86.4,86.4,86.4,155,8569
2017-01-26,85.5,85.5,85.5,85.5,5,8513
2017-01-27,84.7,84.7,84.7,84.7,65,7999
2017-01-30,84.6,84.6,84.6,84.6,50,8074
2017-01-31,86,86,86,86,15,7989
2017-02-01,86.25,86.25,86.25,86.25,100,8002
2017-02-02,86.85,86.85,86.85,86.85,35,8017
2017-02-03,86.6,86.6,86.6,86.6,40,8053
2017-02-06,84.6,84.6,84.6,84.6,40,7962
2017-02-07,83.75,84.25,83.75,84.25,35,7992
2017-02-08,83.3,83.3,83.3,83.3,50,8037
2017-02-09,83.5,84,83.5,83.5,56,8053
2017-02-10,83,83,83,83,75,8048
2017-02-13,82.3,82.3,82.3,82.3,165,8300
2017-02-14,81,81,81,81,80,8324
2017-02-15,81,82,81,81.9,155,8246
2017-02-16,82.25,82.25,82.25,82.25,160,8251
2017-02-17,82.45,82.45,82.45,82.45,10,8274
2017-02-20,83,84.75,83,84.75,77,8275
2017-02-21,85,85,84.4,84.4,105,8277
2017-02-22,83.8,83.8,83.8,83.8,30,8282
2017-02-23,84,84,84,84,105,8283
2017-02-24,83.8,83.8,83.8,83.8,90,7108
2017-02-27,83.95,83.95,83.65,83.65,122,7116
2017-02-28,83.4,83.4,83.4,83.4,110,7218
2017-03-01,83.6,83.6,83.6,83.6,225,7260
2017-03-02,83.6,83.8,83.6,83.8,773,7424
2017-03-03,82.85,82.85,82.85,82.85,116,7414
2017-03-06,82.75,82.75,82.75,82.75,145,7393
2017-03-07,81.9,81.9,81.9,81.9,360,7415
2017-03-08,81,81,81,81,120,7506
2017-03-09,80.2,80.2,80.2,80.2,492,7784
2017-03-10,80.3,80.3,80.3,80.3,237,7871
2017-03-13,80.8,80.8,80.8,80.8,350,8024
2017-03-14,80,80,80,80,67,8009
2017-03-15,79.65,79.65,79.65,79.65,636,7924
2017-03-16,79.3,79.3,79.3,79.3,207,7996
2017-03-17,79.3,79.3,79.3,79.3,85,8056
2017-03-20,79.15,79.15,79.15,79.15,251,8107
2017-03-21,79,79,79,79,531,8038
2017-03-22,78.85,78.85,78.85,78.85,160,8091
2017-03-23,79,79,79,79,292,8092
2017-03-24,79,79,79,79,157,8106
2017-03-27,78.35,78.35,78.35,78.35,107,8168
2017-03-28,78.15,78.15,78.15,78.15,181,8152
2017-03-29,78.6,78.6,78.6,78.6,176,8210
2017-03-30,78.6,78.6,78.6,78.6,200,8280
2017-03-31,79.5,79.5,79.5,79.5,697,7327
2017-04-03,82.75,82.75,82.75,82.75,474,7370
2017-04-04,81.85,81.85,81.85,81.85,296,7197
2017-04-05,81,81,81,81,150,7217
2017-04-06,82.25,82.25,82.25,82.25,250,7347
2017-04-07,81.5,81.5,81.5,81.5,20,7342
2017-04-10,79.9,79.9,79.9,79.9,250,7337
2017-04-11,79.1,79.1,79.1,79.1,445,7395
2017-04-12,78.9,78.9,78.9,78.9,216,7482
2017-04-13,78.95,78.95,78.95,78.95,0,7640
2017-04-18,78.85,78.85,78.85,78.85,95,7690
2017-04-19,78.3,78.3,78.3,78.3,136,7710
2017-04-20,78.4,78.4,78.4,78.4,90,7755
2017-04-21,78,78,78,78,331,7991
2017-04-24,77.9,77.9,77.9,77.9,230,8050
2017-04-25,77.6,77.6,77.6,77.6,288,8192
2017-04-26,77.8,77.8,77.8,77.8,27,8184
2017-04-27,78.4,78.4,78.4,78.4,165,8179
2017-04-28,77.6,77.6,77.6,77.6,0,6997
2017-05-02,76.65,76.65,76.65,76.65,135,7076
2017-05-03,75.85,75.85,75.85,75.85,135,7106
2017-05-04,74.9,74.9,74.9,74.9,205,7184
2017-05-05,74.25,74.25,74.25,74.25,150,7201
2017-05-08,73.2,73.2,73.2,73.2,175,7280
2017-05-09,72.3,72.3,72.3,72.3,221,7277
2017-05-10,72.85,72.85,72.85,72.85,338,7195
2017-05-11,72.55,72.55,72.55,72.55,395,7194
2017-05-12,72.5,72.5,72.5,72.5,360,7197
2017-05-15,72.5,72.5,72.5,72.5,209,7135
2017-05-16,72.95,72.95,72.95,72.95,279,7144
2017-05-17,73.3,73.3,73.3,73.3,454,7228
2017-05-18,73,73,73,73,330,7335
2017-05-19,72.95,72.95,72.95,72.95,240,7478
2017-05-22,73.35,73.35,73.35,73.35,30,7508
2017-05-23,73.05,73.05,73.05,73.05,145,7468
2017-05-24,73.2,73.2,73.2,73.2,55,7523
2017-05-25,73.15,73.15,73.15,73.15,40,7503
2017-05-26,72.85,72.85,72.85,72.85,0,6177
2017-05-30,75.3,75.3,75.3,75.3,510,6512
2017-05-31,74.45,74.45,74.45,74.45,360,6571
2017-06-01,75.75,75.75,75.75,75.75,322,6576
2017-06-02,76.25,76.25,76.25,76.25,50,6577
2017-06-05,77.65,77.65,77.65,77.65,52,6605
2017-06-06,77.7,77.7,77.7,77.7,160,6612
2017-06-07,79.35,79.35,79.35,79.35,297,6665
2017-06-08,80.9,80.9,80.9,80.9,371,6645
2017-06-09,80.8,80.8,80.8,80.8,245,6722
2017-06-12,79.85,79.85,79.85,79.85,255,6803
2017-06-13,79.05,79.05,79.05,79.05,110,6878
2017-06-14,77.65,77.65,77.65,77.65,200,6901
2017-06-15,78.4,78.4,78.4,78.4,367,7050
2017-06-16,78.35,78.35,78.35,78.35,245,6980
2017-06-19,78.7,78.7,78.7,78.7,110,7055
2017-06-20,77.85,77.85,77.85,77.85,75,7055
2017-06-21,78.1,78.1,78.1,78.1,165,7095
2017-06-22,76.85,76.85,76.85,76.85,140,7103
2017-06-23,76.85,76.85,76.85,76.85,90,7108
2017-06-26,76.65,76.65,76.65,76.65,72,7131
2017-06-27,77.45,77.45,77.45,77.45,140,7161
2017-06-28,77.7,77.7,77.7,77.7,615,7208
2017-06-29,77.15,77.15,77.15,77.15,232,7235
2017-06-30,76.5,76.5,76.5,76.5,160,6341
2017-07-03,78.15,78.15,78.15,78.15,10,6341
2017-07-04,80.15,80.15,80.15,80.15,215,6281
2017-07-05,81,82.3,81,82.3,290,6379
2017-07-06,83.5,83.8,83.2,83.8,765,6752
2017-07-07,83.55,83.55,83.55,83.55,230,6847
2017-07-10,83.15,83.15,83.15,83.15,35,6882
2017-07-11,82.6,82.6,82.6,82.6,31,6879
2017-07-12,81.6,81.6,81.6,81.6,57,6869
2017-07-13,80.2,80.2,80.2,80.2,240,6899
2017-07-14,80.8,80.8,80.8,80.8,79,6926
2017-07-17,80.5,80.5,80.1,80.25,619,7085
2017-07-18,80.6,82.05,80.6,82.05,561,7117
2017-07-19,82.25,83.75,82.25,82.95,500,7352
2017-07-20,83,83.5,82.95,82.95,295,7527
2017-07-21,82.7,82.7,82.7,82.7,100,7567
2017-07-24,81,81,81,81,20,7587
2017-07-25,81,81.1,80.9,80.9,125,7672
2017-07-26,79.5,79.5,79.5,79.5,348,7657
2017-07-27,79.5,79.7,79.5,79.65,135,7722
2017-07-28,80,80.8,80,80.8,175,6860
2017-07-31,82.5,84.05,82.5,84.05,420,6873
2017-08-01,84.7,84.7,84.7,84.7,580,6817
2017-08-02,85,85.25,85,85.25,424,6909
2017-08-03,85,85.6,85,85.6,197,7029
2017-08-04,86.6,86.7,86,86.45,130,7114
2017-08-07,86.8,87.3,86.8,87.1,175,7158
2017-08-08,86.2,86.2,86.2,86.2,187,7209
2017-08-09,86,86.85,86,86.85,50,7239
2017-08-10,87.25,88,87.25,87.95,210,7189
2017-08-11,88.6,88.6,88.6,88.6,125,7246
2017-08-14,87.25,88.5,87.25,87.75,90,7261
2017-08-15,86.6,86.6,86.6,86.6,145,7226
2017-08-16,88.05,88.05,88.05,88.05,302,7276
2017-08-17,89,89.5,88.9,89.3,395,7480
2017-08-18,89.2,89.2,89.2,89.2,120,7600
2017-08-21,89,89,89,89,20,7588
2017-08-22,88.8,88.8,88.8,88.8,185,7716
2017-08-23,89.25,89.25,89.25,89.25,96,7646
2017-08-24,89.6,89.6,89.6,89.6,0,7646
2017-08-25,90.15,90.15,90.15,90.15,215,6620
2017-08-29,90,90,90,90,25,6610
2017-08-30,90.2,90.2,90.2,90.2,88,6617
2017-08-31,88.9,88.9,88.9,88.9,108,6617
2017-09-01,88.8,88.8,88.8,88.8,115,6632
2017-09-04,89.3,89.3,89.3,89.3,60,6687
2017-09-05,90.25,90.25,90.25,90.25,113,6718
2017-09-06,90.2,90.2,90.2,90.2,351,6815
2017-09-07,90.4,90.4,90.4,90.4,266,6844
2017-09-08,90.9,90.9,90.9,90.9,270,6971
2017-09-11,91.65,91.65,91.65,91.65,145,7046
2017-09-12,91.95,91.95,91.95,91.95,448,7174
2017-09-13,93.7,93.7,93.7,93.7,450,7263
2017-09-14,94.65,94.65,94.65,94.65,425,7385
2017-09-15,93,93,93,93,420,7591
2017-09-18,92.7,92.7,92.7,92.7,105,7685
2017-09-19,93.2,93.2,93.2,93.2,195,7771
2017-09-20,92.65,92.65,92.65,92.65,368,7836
2017-09-21,92.05,92.05,92.05,92.05,321,8065
2017-09-22,92.1,92.1,92.1,92.1,10,8065
2017-09-25,93,93,93,93,0,8065
2017-09-26,91.7,91.7,91.7,91.7,342,8229
2017-09-27,91.45,91.45,91.45,91.45,25,8224
2017-09-28,91.55,91.55,91.55,91.55,175,8332
2017-09-29,91.55,91.55,91.55,91.55,245,6720
2017-10-02,89.35,89.35,89.35,89.35,245,6807
2017-10-03,90.2,90.2,90.2,90.2,195,6957
2017-10-04,91.55,91.55,90.5,90.5,502,7097
2017-10-05,90.8,90.8,90.8,90.8,146,7108
2017-10-06,89.95,89.95,89.9,89.9,76,7135
2017-10-09,89.95,89.95,89.95,89.95,115,7199
2017-10-10,89.95,89.95,89.95,89.95,279,7352
2017-10-11,90.6,90.6,90.6,90.6,183,7439
2017-10-12,91.05,91.05,91.05,91.05,60,7464
2017-10-13,91.05,91.05,91.05,91.05,105,7539
2017-10-16,91.8,91.8,91.8,91.8,298,7668
2017-10-17,92,92,92,92,175,7701
2017-10-18,91.65,91.65,91.65,91.65,171,7830
2017-10-19,91.15,91.15,91.15,91.15,518,7791
2017-10-20,91.15,91.15,91.15,91.15,255,7866
2017-10-23,90.9,90.9,90.9,90.9,50,7861
2017-10-24,91.25,91.25,91.25,91.25,90,7891
2017-10-25,91.15,91.15,91.15,91.15,140,7891
2017-10-26,91.2,91.2,91.2,91.2,310,8156
2017-10-27,91.65,91.65,91.65,91.65,20,6879
2017-10-30,92.8,93.1,92.8,93.1,235,6988
2017-10-31,93.25,94.65,93.25,94.65,588,7173
2017-11-01,95.3,95.3,95.3,95.3,194,7251
2017-11-02,94.9,94.9,94.9,94.9,316,7451
2017-11-03,93.9,93.9,93.9,93.9,285,7532
2017-11-06,93.95,93.95,93.95,93.95,110,7587
2017-11-07,94,94.05,94,94.05,117,7653
2017-11-08,93.8,93.8,93.8,93.8,379,7811
2017-11-09,93.55,93.55,93.55,93.55,215,7856
2017-11-10,92.75,93.3,92.75,93.3,447,7923
2017-11-13,92.9,92.9,92.9,92.9,352,8028
2017-11-14,92.25,92.25,92.25,92.25,121,8063
2017-11-15,92.1,92.1,92.1,92.1,342,8012
2017-11-16,91.75,91.75,91.75,91.75,35,8032
2017-11-17,91.7,91.7,91.7,91.7,323,8111
2017-11-20,91.45,91.45,91.45,91.45,650,8245
2017-11-21,91.3,91.3,91.3,91.3,173,8263
2017-11-22,91.25,91.25,91.25,91.25,329,8392
2017-11-23,91.4,91.4,91.4,91.4,170,8406
2017-11-24,91.25,91.25,91.25,91.25,355,7122
2017-11-27,92.35,92.35,92.35,92.35,141,7152
2017-11-28,94,94.05,94,94.05,205,7223
2017-11-29,94,94.1,94,94,90,7280
2017-11-30,94.55,94.55,94.1,94.1,16,7280
2017-12-01,94.45,94.45,94.45,94.45,175,7323
2017-12-04,95.1,95.1,95.1,95.1,65,7355
2017-12-05,95.2,95.2,95.2,95.2,280,7437
2017-12-06,95.2,95.2,95.2,95.2,60,7487
2017-12-07,95.5,95.5,95.5,95.5,160,7591
2017-12-08,95.75,95.75,95.75,95.75,32,7607
2017-12-11,95.9,95.9,95.9,95.9,263,7494
2017-12-12,96.55,96.55,96.55,96.55,170,7556
2017-12-13,95,95,95,95,242,7684
2017-12-14,95.25,95.25,95.25,95.25,190,7796
2017-12-15,94.9,94.9,94.9,94.9,35,7801
2017-12-18,95.2,95.2,95.2,95.2,87,7857
2017-12-19,95.6,95.6,95.6,95.6,77,7867
2017-12-20,95.55,95.55,95.55,95.55,355,8036
2017-12-21,94.4,94.6,94.4,94.5,292,8222
2017-12-22,94.65,94.75,94.65,94.75,172,8222
2017-12-27,94.75,94.75,94.4,94.55,21,8243
2017-12-28,94.75,94.95,94.75,94.95,16,8259
2017-12-29,95,95.1,95,95.05,105,7320
2018-01-02,96,96,96,96,192,7435
2018-01-03,96.2,96.2,96.2,96.2,30,7425
2018-01-04,96.75,96.75,96.75,96.75,116,7461
2018-01-05,97,97,97,97,92,7509
2018-01-08,97.3,97.3,97.3,97.3,36,7512
2018-01-09,97.45,97.45,97.45,97.45,346,7589
2018-01-10,97.05,97.05,97.05,97.05,485,7609
2018-01-11,97,97,97,97,793,7608
2018-01-12,97.15,97.15,97.15,97.15,233,7746
2018-01-15,97.3,97.3,97.3,97.3,185,7826
2018-01-16,97.2,97.25,97.2,97.25,374,8037
2018-01-17,97.25,97.25,97.2,97.2,501,8258
2018-01-18,97.35,97.35,97.35,97.35,122,8281
2018-01-19,97.55,97.55,97.55,97.55,36,8287
2018-01-22,97.5,97.55,97.5,97.55,168,8335
2018-01-23,97.55,97.55,97.55,97.55,179,8412
2018-01-24,97.55,97.55,97.55,97.55,357,8443
2018-01-25,97.65,97.65,97.65,97.65,116,8445
2018-01-26,97.65,97.65,97.65,97.65,105,7272
2018-01-29,98.25,98.25,97.7,97.85,362,7288
2018-01-30,97.4,97.45,96.95,96.95,248,7359
2018-01-31,96.35,96.35,95.25,95.6,199,7315
2018-02-01,93.9,93.9,93.9,93.9,462,7279
2018-02-02,94.25,94.25,94.25,94.25,234,7264
2018-02-05,93.4,93.4,93.4,93.4,150,7338
2018-02-06,91,91,91,91,219,7406
2018-02-07,90.9,90.9,90.1,90.1,395,7466
2018-02-08,88,88.5,87.7,88.5,858,7532
2018-02-09,88,88.8,87.9,88.2,529,7508
2018-02-12,88,89.4,88,89.4,134,7554
2018-02-13,90,90.65,90,90.65,359,7682
2018-02-14,92,93.25,91.9,93.05,241,7695
2018-02-15,93.8,93.8,92,92.15,279,7868
2018-02-16,92.75,94.05,92.5,94.05,878,0
2018-02-20,96.5,96.65,96.5,96.65,232,7909
2018-02-21,96.85,97.65,96.5,97.65,289,7847
2018-02-22,98.45,98.45,98.45,98.45,325,7859
2018-02-23,98.3,98.3,98.3,98.3,362,6711
2018-02-26,94,94.05,94,94.05,313,6751
2018-02-27,95,95.25,95,95.25,409,6877
2018-02-28,96,96,95.6,95.6,304,6843
2018-03-01,93.75,93.75,93.75,93.75,169,6896
2018-03-02,94,94.45,94,94.45,109,6953
2018-03-05,94.15,94.15,94.15,94.15,228,6999
2018-03-06,93.55,93.55,93.55,93.55,304,7075
2018-03-07,93,93,92,92,103,7069
2018-03-08,92.4,92.4,92.4,92.4,267,7136
2018-03-09,92.3,92.3,92.3,92.3,118,7194
2018-03-12,92,92,91.9,91.9,457,7305
2018-03-13,92.2,92.2,92.2,92.2,178,7308
2018-03-14,91.95,91.95,91.95,91.95,404,7441
2018-03-15,92,92,92,92,104,7519
2018-03-16,91.75,91.75,91.75,91.75,194,7612
2018-03-19,90.9,90.9,90.9,90.9,231,7733
2018-03-20,91.8,91.8,91.8,91.8,741,7803
2018-03-21,91.7,91.7,91.7,91.7,311,7792
2018-03-22,91.35,91.35,91.35,91.35,205,7741
2018-03-23,91.3,91.3,91.3,91.3,128,7809
2018-03-26,91.35,91.35,91.35,91.35,81,7841
2018-03-27,91.6,91.6,91.6,91.6,151,7911
2018-03-28,91.5,91.5,91.5,91.5,175,7969
2018-03-29,91.55,91.55,91.55,91.55,171,0
