Date,Open,High,Low,Close,Volume,OpenInt
2013-03-07,9.1365,9.1365,9.1365,9.1365,24,5185
2013-03-08,9.091,9.091,9.091,9.091,158,5200
2013-03-11,9.11575,9.11575,9.11575,9.11575,5852,7111
2013-03-12,9.17425,9.17425,9.17425,9.17425,250,7078
2013-03-13,9.25925,9.25925,9.25925,9.25925,573,7310
2013-03-14,9.187,9.187,9.187,9.187,301,7406
2013-03-15,9.19325,9.19325,9.19325,9.19325,125,7408
2013-03-18,9.1555,9.1555,9.1555,9.1555,1487,3429
2013-03-19,9.394,9.394,9.394,9.394,708,2811
2013-03-20,9.43625,9.43625,9.43625,9.43625,481,2904
2013-03-21,9.41175,9.41175,9.41175,9.41175,342,3191
2013-03-22,9.4185,9.4185,9.4185,9.4185,367,3401
2013-03-25,9.39625,9.39625,9.39625,9.39625,39,3421
2013-03-26,9.3655,9.3655,9.3655,9.3655,35,3421
2013-03-27,9.3655,9.3655,9.3655,9.3655,403,3671
2013-03-28,9.31325,9.31325,9.31325,9.31325,0,3671
2013-04-01,9.283,9.283,9.283,9.283,391,4034
2013-04-02,9.337,9.337,9.337,9.337,33,4053
2013-04-03,9.31525,9.31525,9.31525,9.31525,391,4428
2013-04-04,9.2315,9.2315,9.2315,9.2315,9,4429
2013-04-05,9.166,9.166,9.166,9.166,202,4334
2013-04-08,9.07025,9.07025,9.07025,9.07025,66,4266
2013-04-09,9.001,9.001,9.001,9.001,968,3886
2013-04-10,8.98275,8.98275,8.98275,8.98275,1404,2910
2013-04-11,8.97275,8.97275,8.97275,8.97275,950,2596
2013-04-12,9.0335,9.0335,9.0335,9.0335,1330,2861
2013-04-15,9.27,9.27,9.27,9.27,872,3222
2013-04-16,9.19975,9.19975,9.19975,9.19975,813,3707
2013-04-17,9.2615,9.2615,9.2615,9.2615,260,3945
2013-04-18,9.26775,9.26775,9.26775,9.26775,44,3963
2013-04-19,9.30675,9.30675,9.30675,9.30675,50,3976
2013-04-22,9.30025,9.30025,9.30025,9.30025,1406,3864
2013-04-23,9.28725,9.28725,9.28725,9.28725,150,3817
2013-04-24,9.19125,9.19125,9.19125,9.19125,330,3495
2013-04-25,9.15325,9.15325,9.15325,9.15325,172,3353
2013-04-26,9.1595,9.1595,9.1595,9.1595,188,3169
2013-04-29,9.0395,9.0395,9.0395,9.0395,1229,3298
2013-04-30,9.02925,9.02925,9.02925,9.02925,684,3491
2013-05-01,9.06825,9.06825,9.06825,9.06825,279,3586
2013-05-02,9.013,9.013,9.013,9.013,147,3725
2013-05-03,8.9605,8.9605,8.9605,8.9605,703,4160
2013-05-06,9.04775,9.04775,9.04775,9.04775,0,4160
2013-05-08,9.05375,9.05375,9.05375,9.05375,141,4736
2013-05-09,9.091,9.091,9.091,9.091,268,4951
2013-05-10,9.13875,9.13875,9.13875,9.13875,54,5000
2013-05-13,9.206,9.206,9.206,9.206,31,4974
2013-05-14,9.28075,9.28075,9.28075,9.28075,77,4988
2013-05-15,9.31525,9.31525,9.31525,9.31525,143,5031
2013-05-16,9.36775,9.36775,9.36775,9.36775,35,5050
2013-05-17,9.445,9.445,9.445,9.445,145,5075
2013-05-20,9.47425,9.47425,9.47425,9.47425,2280,4553
2013-05-21,9.59225,9.59225,9.59225,9.59225,545,4234
2013-05-22,9.60625,9.60625,9.60625,9.60625,971,4117
2013-05-23,9.56475,9.56475,9.56475,9.56475,724,3716
2013-05-24,9.62225,9.62225,9.62225,9.62225,650,3567
2013-05-27,9.62225,9.62225,9.62225,9.62225,49,3540
2013-05-28,9.79675,9.79675,9.79675,9.79675,461,3584
2013-05-29,9.874,9.874,9.874,9.874,62,3538
2013-05-30,10.05275,10.05275,10.05275,10.05275,42,3552
2013-05-31,10.11625,10.11625,10.11625,10.11625,63,3524
2013-06-03,9.84975,9.84975,9.84975,9.84975,61,3520
2013-06-04,9.86425,9.86425,9.86425,9.86425,1040,4469
2013-06-05,10.0325,10.0325,10.0325,10.0325,803,5052
2013-06-06,9.91825,9.91825,9.91825,9.91825,189,5073
2013-06-07,9.9875,9.9875,9.9875,9.9875,403,4689
2013-06-10,10.16525,10.16525,10.16525,10.16525,503,4330
2013-06-11,10.05275,10.05275,10.05275,10.05275,188,4488
2013-06-12,10.09075,10.09075,10.09075,10.09075,552,4789
2013-06-13,9.88875,9.88875,9.88875,9.88875,861,5604
2013-06-14,9.95525,9.95525,9.95525,9.95525,810,6229
2013-06-17,10.09325,10.09325,10.09325,10.09325,298,3383
2013-06-18,10.1265,10.1265,10.1265,10.1265,358,3569
2013-06-19,10.27225,10.27225,10.27225,10.27225,209,3716
2013-06-20,10.433,10.433,10.433,10.433,32,3684
2013-06-21,10.29325,10.29325,10.29325,10.29325,119,3569
2013-06-24,10.1755,10.1755,10.1755,10.1755,474,3744
2013-06-25,10.22225,10.22225,10.22225,10.22225,477,3984
2013-06-26,10.259,10.259,10.259,10.259,28,3958
2013-06-27,10.0655,10.0655,10.0655,10.0655,49,3911
2013-06-28,9.99,9.99,9.99,9.99,157,3770
2013-07-01,10.03,10.03,10.03,10.03,191,3873
2013-07-02,10.09075,10.09075,10.09075,10.09075,40,3899
2013-07-03,10.225,10.225,10.225,10.225,9,3896
2013-07-04,10.225,10.225,10.225,10.225,30,3896
2013-07-05,10.29075,10.29075,10.29075,10.29075,198,3864
2013-07-08,10.2565,10.2565,10.2565,10.2565,199,3935
2013-07-09,10.119,10.119,10.119,10.119,874,3028
2013-07-10,10.1215,10.1215,10.1215,10.1215,867,2245
2013-07-11,10.08325,10.08325,10.08325,10.08325,373,1958
2013-07-12,10.0705,10.0705,10.0705,10.0705,213,1757
2013-07-15,9.975,9.975,9.975,9.975,262,1499
2013-07-16,9.95775,9.95775,9.95775,9.95775,418,1189
2013-07-17,9.933,9.933,9.933,9.933,163,1029
2013-07-18,10.0175,10.0175,10.0175,10.0175,381,1025
2013-07-19,9.95025,9.95025,9.95025,9.95025,496,1403
2013-07-22,9.91075,9.91075,9.91075,9.91075,201,1597
2013-07-23,9.78225,9.78225,9.78225,9.78225,658,2156
2013-07-24,9.86675,9.86675,9.86675,9.86675,1192,3162
2013-07-25,9.862,9.862,9.862,9.862,704,3717
2013-07-26,9.862,9.862,9.862,9.862,370,3988
2013-07-29,9.86425,9.86425,9.86425,9.86425,132,4109
2013-07-30,9.86675,9.86675,9.86675,9.86675,8,4109
2013-07-31,9.92075,9.92075,9.92075,9.92075,51,4094
2013-08-01,10.025,10.025,10.025,10.025,108,4196
2013-08-02,9.91575,9.91575,9.91575,9.91575,97,4226
2013-08-05,9.906,9.906,9.906,9.906,41,4230
2013-08-06,9.995,9.995,9.995,9.995,42,4264
2013-08-07,9.99,9.99,9.99,9.99,34,4273
2013-08-08,9.86875,9.86875,9.86875,9.86875,47,4299
2013-08-09,9.83275,9.83275,9.83275,9.83275,28,4299
2013-08-12,9.9035,9.9035,9.9035,9.9035,57,4342
2013-08-13,10.015,10.015,10.015,10.015,40,4344
2013-08-14,10.015,10.015,10.015,10.015,8,4344
2013-08-15,10.03,10.03,10.03,10.03,56,4344
2013-08-16,10.1035,10.1035,10.1035,10.1035,1044,3569
2013-08-19,10.2275,10.2275,10.2275,10.2275,1579,2690
2013-08-20,10.18075,10.18075,10.18075,10.18075,684,2618
2013-08-21,10.29325,10.29325,10.29325,10.29325,245,2618
2013-08-22,10.328,10.328,10.328,10.328,88,2624
2013-08-23,10.2775,10.328,10.2775,10.2775,232,2518
2013-08-26,10.36275,10.36275,10.36275,10.36275,214,2404
2013-08-27,10.41675,10.41675,10.41675,10.41675,55,2403
2013-08-28,10.3305,10.3305,10.3305,10.3305,254,2280
2013-08-29,10.37625,10.37625,10.37625,10.37625,387,2426
2013-08-30,10.2855,10.2855,10.2855,10.2855,1163,2840
2013-09-02,10.2855,10.2855,10.2855,10.2855,723,2840
2013-09-03,10.3465,10.3465,10.3465,10.3465,10,3123
2013-09-04,10.27475,10.27475,10.27475,10.27475,9,3123
2013-09-05,10.25375,10.25375,10.25375,10.25375,573,3364
2013-09-06,10.0325,10.0325,10.0325,10.0325,0,3364
2013-09-10,10.002,10.002,10.002,10.002,2128,5153
2013-09-11,9.8815,9.8815,9.8815,9.8815,902,4869
2013-09-12,9.965,9.965,9.965,9.965,625,4422
2013-09-13,9.938,9.938,9.938,9.938,614,4328
2013-09-16,9.775,9.775,9.775,9.775,711,1273
2013-09-17,9.933,9.933,9.933,9.933,453,1453
2013-09-18,9.7135,9.7135,9.7135,9.7135,555,1723
2013-09-19,9.828,9.828,9.828,9.828,440,2005
2013-09-20,10.005,10.005,10.005,10.005,463,2422
2013-09-23,9.95775,9.95775,9.95775,9.95775,121,2363
2013-09-24,9.96025,9.96025,9.96025,9.96025,6,2363
2013-09-25,10.101,10.101,10.101,10.101,225,2543
2013-09-26,10.119,10.119,10.119,10.119,204,2619
2013-09-27,10.212,10.212,10.212,10.212,262,2660
2013-09-30,10.18075,10.18075,10.18075,10.18075,36,2670
2013-10-01,10.25125,10.25125,10.25125,10.25125,152,2606
2013-10-02,10.1625,10.1625,10.1625,10.1625,114,2524
2013-10-03,10.142,10.142,10.142,10.142,51,2528
2013-10-04,10.09075,10.09075,10.09075,10.09075,267,2332
2013-10-07,10.08325,10.08325,10.08325,10.08325,497,1967
2013-10-08,10.0985,10.0985,10.0985,10.0985,484,1791
2013-10-09,10.068,10.068,10.068,10.068,23,1794
2013-10-10,9.99,9.99,9.99,9.99,365,1624
2013-10-11,9.9825,9.9825,9.9825,9.9825,164,1618
2013-10-14,10.0325,10.0325,10.0325,10.0325,256,1618
2013-10-15,10.04775,10.04775,10.04775,10.04775,121,1667
2013-10-16,9.95525,9.95525,9.95525,9.95525,78,1696
2013-10-17,9.89125,9.89125,9.89125,9.89125,101,1719
2013-10-18,9.86675,9.86675,9.86675,9.86675,231,1728
2013-10-21,9.9255,9.9255,9.9255,9.9255,302,1756
2013-10-22,9.8015,9.8015,9.8015,9.8015,101,1747
2013-10-23,9.8595,9.8595,9.8595,9.8595,208,1813
2013-10-24,9.8305,9.8305,9.8305,9.8305,315,2044
2013-10-25,9.8815,9.8815,9.8815,9.8815,385,2340
2013-10-28,9.8985,9.8985,9.8985,9.8985,657,2882
2013-10-29,9.95275,9.95275,9.95275,9.95275,624,3090
2013-10-30,10.0175,10.0175,10.0175,10.0175,369,3161
2013-10-31,10.11125,10.11125,10.11125,10.11125,81,3175
2013-11-01,10.25375,10.25375,10.25375,10.25375,86,3231
2013-11-04,10.191,10.191,10.191,10.191,58,3244
2013-11-05,10.29875,10.29875,10.29875,10.29875,430,3076
2013-11-06,10.31725,10.31725,10.31725,10.31725,961,2683
2013-11-07,10.352,10.352,10.352,10.352,1078,2083
2013-11-08,10.3895,10.3895,10.3895,10.3895,757,1875
2013-11-11,10.43025,10.43025,10.43025,10.43025,663,2180
2013-11-12,10.433,10.433,10.433,10.433,705,2343
2013-11-13,10.37625,10.37625,10.37625,10.37625,288,2475
2013-11-14,10.246,10.246,10.246,10.246,1250,3633
2013-11-15,10.2015,10.2015,10.2015,10.2015,813,4350
2013-11-18,10.16525,10.16525,10.16525,10.16525,680,4874
2013-11-19,10.23025,10.23025,10.23025,10.23025,27,4900
2013-11-20,10.19625,10.19625,10.19625,10.19625,97,4894
2013-11-21,10.16525,10.16525,10.16525,10.16525,120,4785
2013-11-22,10.101,10.101,10.101,10.101,270,4557
2013-11-25,10.13425,10.13425,10.13425,10.13425,395,4238
2013-11-26,10.16,10.16,10.16,10.16,185,4085
2013-11-27,10.267,10.267,10.267,10.267,818,3361
2013-11-28,10.267,10.267,10.267,10.267,557,3361
2013-11-29,10.2145,10.2145,10.2145,10.2145,68,2915
2013-12-02,10.2855,10.2855,10.2855,10.2855,57,2882
2013-12-03,10.3655,10.3655,10.3655,10.3655,159,2727
2013-12-04,10.46025,10.46025,10.46025,10.46025,141,2797
2013-12-05,10.4385,10.4385,10.4385,10.4385,859,2889
2013-12-06,10.3655,10.3655,10.3655,10.3655,0,2889
2013-12-10,10.37625,10.37625,10.37625,10.37625,1697,4339
2013-12-11,10.53175,10.53175,10.53175,10.53175,566,4303
2013-12-12,10.529,10.529,10.529,10.529,105,4381
2013-12-13,10.44125,10.44125,10.44125,10.44125,267,4608
2013-12-16,10.433,10.433,10.433,10.433,145,2694
2013-12-17,10.48225,10.48225,10.48225,10.48225,23,2683
2013-12-18,10.4275,10.4275,10.4275,10.4275,55,2738
2013-12-19,10.5625,10.5625,10.5625,10.5625,35,2707
2013-12-20,10.496,10.496,10.496,10.496,82,2629
2013-12-23,10.47675,10.47675,10.47675,10.47675,98,2563
2013-12-24,10.474,10.474,10.474,10.474,43,2564
2013-12-26,10.49325,10.49325,10.49325,10.49325,42,2548
2013-12-27,10.6525,10.6525,10.6525,10.6525,93,2475
2013-12-30,10.55125,10.55125,10.55125,10.55125,0,2475
2014-01-02,10.805,10.805,10.805,10.805,186,1674
2014-01-03,10.7555,10.7555,10.7555,10.7555,330,1584
2014-01-06,10.74125,10.74125,10.74125,10.74125,29,1571
2014-01-07,10.77875,10.77875,10.77875,10.77875,86,1508
2014-01-08,10.8785,10.8785,10.8785,10.8785,191,1524
2014-01-09,10.90225,10.90225,10.90225,10.90225,88,1590
2014-01-10,10.76425,10.76425,10.76425,10.76425,428,1698
2014-01-13,10.90225,10.90225,10.90225,10.90225,309,1748
2014-01-14,10.926,10.926,10.926,10.926,33,1734
2014-01-15,10.998,10.998,10.998,10.998,228,1705
2014-01-16,10.998,10.998,10.998,10.998,52,1679
2014-01-17,10.947,10.947,10.947,10.947,209,1864
2014-01-20,10.947,10.947,10.947,10.947,260,1864
2014-01-21,10.923,10.923,10.923,10.923,309,1923
2014-01-22,10.95,10.95,10.95,10.95,668,2079
2014-01-23,11.11725,11.11725,11.11725,11.11725,228,2008
2014-01-24,11.1825,11.1825,11.1825,11.1825,139,2102
2014-01-27,11.19825,11.19825,11.19825,11.19825,284,2201
2014-01-28,11.1205,11.1205,11.1205,11.1205,258,2317
2014-01-29,11.354,11.354,11.354,11.354,211,2248
2014-01-30,11.2675,11.2675,11.2675,11.2675,278,2206
2014-01-31,11.17,11.17,11.17,11.17,119,2229
2014-02-03,11.32825,11.32825,11.17,11.32825,372,2380
2014-02-04,11.1515,11.1515,11.1515,11.1515,189,2233
2014-02-05,11.214,11.214,11.214,11.214,304,2250
2014-02-06,11.0925,11.0925,11.0925,11.0925,21,2245
2014-02-07,11.14525,11.14525,11.14525,11.14525,352,2324
2014-02-10,11.1795,11.1795,11.1795,11.1795,48,2326
2014-02-11,11.0435,11.0435,11.0435,11.0435,10,2332
2014-02-12,11.07125,11.07125,11.07125,11.07125,135,2203
2014-02-13,11.01925,11.01925,11.01925,11.01925,413,2052
2014-02-14,10.89625,10.89625,10.89625,10.89625,111,2045
2014-02-17,10.89625,10.89625,10.89625,10.89625,148,1963
2014-02-18,10.911,10.911,10.911,10.911,178,1988
2014-02-19,11.059,11.059,11.059,11.059,280,1935
2014-02-20,11.0345,11.0345,11.0345,11.0345,12,1932
2014-02-21,10.968,10.968,10.968,10.968,11,1933
2014-02-24,10.802,10.802,10.802,10.802,122,1909
2014-02-25,10.76125,10.76125,10.76125,10.76125,193,1909
2014-02-26,10.86075,10.86075,10.86075,10.86075,236,1939
2014-02-27,10.73825,10.73825,10.73825,10.73825,663,2106
2014-02-28,10.77,10.77,10.77,10.77,476,2287
2014-03-03,10.923,10.923,10.923,10.923,230,2476
2014-03-04,10.7875,10.7875,10.7875,10.7875,43,2511
2014-03-05,10.7095,10.7095,10.7095,10.7095,75,2573
2014-03-06,10.627,10.627,10.627,10.627,333,2822
2014-03-07,10.74975,10.74975,10.74975,10.74975,338,3101
2014-03-10,10.77875,10.77875,10.77875,10.77875,2385,4204
2014-03-11,10.8665,10.8665,10.77875,10.8665,866,3939
2014-03-12,10.995,10.995,10.995,10.995,758,4118
2014-03-13,10.95,10.95,10.95,10.95,187,4149
2014-03-14,10.846,10.846,10.846,10.846,137,4046
2014-03-17,10.89625,10.89625,10.89625,10.89625,46,2143
2014-03-18,10.90525,10.90525,10.90525,10.90525,78,2147
2014-03-19,11.01325,11.01325,11.01325,11.01325,4,2151
2014-03-20,11.0435,11.0435,11.0435,11.0435,41,2177
2014-03-21,11.0405,11.0405,11.0405,11.0405,46,2178
2014-03-24,10.986,10.986,10.986,10.986,12,2177
2014-03-25,10.89325,10.89325,10.89325,10.89325,25,2155
2014-03-26,10.8195,10.8195,10.8195,10.8195,33,2158
2014-03-27,10.71525,10.71525,10.71525,10.71525,146,2299
2014-03-28,10.718,10.718,10.718,10.718,248,2477
2014-03-31,10.65525,10.65525,10.65525,10.65525,90,2545
2014-04-01,10.71225,10.71225,10.71225,10.71225,201,2704
2014-04-02,10.74975,10.74975,10.74975,10.74975,5,2703
2014-04-03,10.76725,10.76725,10.76725,10.76725,7,2704
2014-04-04,10.68375,10.68375,10.68375,10.68375,91,2720
2014-04-07,10.62975,10.62975,10.62975,10.62975,79,2787
2014-04-08,10.5735,10.5735,10.5735,10.5735,78,2788
2014-04-09,10.50975,10.50975,10.50975,10.50975,13,2815
2014-04-10,10.53475,10.53475,10.53475,10.53475,41,2841
2014-04-11,10.58475,10.58475,10.58475,10.58475,105,2914
2014-04-14,10.61575,10.61575,10.61575,10.61575,41,2914
2014-04-15,10.6695,10.6695,10.6695,10.6695,17,2914
2014-04-16,10.64975,10.64975,10.64975,10.64975,12,2914
2014-04-17,10.5875,10.5875,10.5875,10.5875,111,2911
2014-04-21,10.596,10.596,10.596,10.596,16,2918
2014-04-22,10.62975,10.62975,10.62975,10.62975,51,2916
2014-04-23,10.678,10.678,10.678,10.678,40,2944
2014-04-24,10.71225,10.71225,10.71225,10.71225,120,3045
2014-04-25,10.73825,10.73825,10.73825,10.73825,47,3046
2014-04-28,10.71225,10.71225,10.71225,10.71225,191,2971
2014-04-29,10.63275,10.63275,10.63275,10.63275,29,2988
2014-04-30,10.57925,10.57925,10.57925,10.57925,218,3112
2014-05-01,10.568,10.568,10.568,10.568,62,3117
2014-05-02,10.54575,10.54575,10.54575,10.54575,67,3124
2014-05-05,10.6045,10.6045,10.6045,10.6045,19,3123
2014-05-06,10.55125,10.55125,10.55125,10.55125,14,3123
2014-05-07,10.5235,10.5235,10.5235,10.5235,53,3161
2014-05-08,10.3895,10.3895,10.3895,10.3895,224,3032
2014-05-09,10.422,10.422,10.422,10.422,144,3123
2014-05-12,10.422,10.422,10.422,10.422,116,3217
2014-05-13,10.3655,10.3655,10.3655,10.3655,294,3505
2014-05-14,10.35725,10.35725,10.35725,10.35725,133,3574
2014-05-15,10.45475,10.45475,10.45475,10.45475,208,3746
2014-05-16,10.41125,10.41125,10.41125,10.41125,43,3774
2014-05-19,10.395,10.395,10.395,10.395,8,3771
2014-05-20,10.496,10.496,10.496,10.496,33,3771
2014-05-21,10.43575,10.43575,10.43575,10.43575,52,3791
2014-05-22,10.3655,10.3655,10.3655,10.3655,690,3848
2014-05-23,10.381,10.381,10.3465,10.3465,130,3951
2014-05-26,10.3465,10.3465,10.3465,10.3465,12,3951
2014-05-27,10.47675,10.47675,10.47675,10.47675,9,4059
2014-05-28,10.50975,10.50975,10.50975,10.50975,174,3707
2014-05-29,10.44925,10.44925,10.44925,10.44925,612,3085
2014-05-30,10.596,10.596,10.596,10.596,706,2634
2014-06-02,10.70675,10.70675,10.70675,10.70675,913,2823
2014-06-03,10.79925,10.79925,10.79925,10.79925,960,3462
2014-06-04,10.78175,10.78175,10.78175,10.78175,134,3476
2014-06-05,10.701,10.701,10.701,10.701,459,3043
2014-06-06,10.596,10.596,10.596,10.596,358,2969
2014-06-09,10.64975,10.64975,10.64975,10.64975,4138,4516
2014-06-10,10.89025,10.89025,10.89025,10.89025,294,4479
2014-06-11,10.923,10.923,10.923,10.923,419,4442
2014-06-12,10.8225,10.8225,10.8225,10.8225,270,4302
2014-06-13,10.84,10.84,10.84,10.84,298,4272
2014-06-16,10.908,10.908,10.908,10.908,230,2039
2014-06-17,10.998,10.998,10.998,10.998,65,2075
2014-06-18,10.849,10.849,10.849,10.849,121,2159
2014-06-19,10.8725,10.8725,10.8725,10.8725,53,2110
2014-06-20,10.83125,10.83125,10.83125,10.83125,17,2115
2014-06-23,10.73525,10.73525,10.73525,10.73525,151,1969
2014-06-24,10.78175,10.78175,10.78175,10.78175,1009,2286
2014-06-25,10.73525,10.73525,10.73525,10.73525,424,2584
2014-06-26,10.77,10.77,10.77,10.77,296,2876
2014-06-27,10.73825,10.73825,10.73825,10.73825,123,2882
2014-06-30,10.773,10.773,10.773,10.773,94,2820
2014-07-01,10.805,10.805,10.805,10.805,27,2825
2014-07-02,10.89325,10.89325,10.89325,10.89325,29,2852
2014-07-03,10.8725,10.8725,10.8725,10.8725,226,2809
2014-07-04,10.8725,10.8725,10.8725,10.8725,10,2809
2014-07-07,10.911,10.911,10.911,10.911,104,2718
2014-07-08,10.81075,10.81075,10.81075,10.81075,191,2682
2014-07-09,10.773,10.773,10.773,10.773,84,2570
2014-07-10,10.79925,10.79925,10.79925,10.79925,55,2513
2014-07-11,10.81075,10.81075,10.81075,10.81075,6,2475
2014-07-14,10.7875,10.7875,10.7875,10.7875,8,2474
2014-07-15,10.79325,10.79325,10.79325,10.79325,51,2512
2014-07-16,10.773,10.773,10.773,10.773,8,2513
2014-07-17,10.79325,10.79325,10.79325,10.79325,3,2513
2014-07-18,10.73825,10.73825,10.73825,10.73825,132,2530
2014-07-21,10.718,10.718,10.718,10.718,456,2981
2014-07-22,10.66375,10.66375,10.66375,10.66375,669,2957
2014-07-23,10.613,10.613,10.613,10.613,685,3282
2014-07-24,10.61575,10.61575,10.61575,10.61575,1173,4106
2014-07-25,10.61,10.61,10.61,10.61,1085,5180
2014-07-28,10.64975,10.64975,10.64975,10.64975,703,5879
2014-07-29,10.68375,10.68375,10.68375,10.68375,655,6533
2014-07-30,10.75275,10.75275,10.75275,10.75275,1414,7910
2014-07-31,10.805,10.805,10.805,10.805,1107,8817
2014-08-01,10.747,10.747,10.747,10.747,935,9618
2014-08-04,10.758,10.7625,10.73825,10.73825,383,9734
2014-08-05,10.749,10.84,10.749,10.84,2,9734
2014-08-06,10.857,10.857,10.77875,10.77875,44,9731
2014-08-07,10.803,10.846,10.772,10.846,444,9696
2014-08-08,10.855,10.86,10.721,10.721,54,9698
2014-08-11,10.72925,10.72925,10.6895,10.6895,1012,9563
2014-08-12,10.714,10.714,10.69525,10.69525,380,9593
2014-08-13,10.67425,10.67825,10.64675,10.64675,1030,9451
2014-08-14,10.648,10.648,10.596,10.596,2200,10146
2014-08-15,10.63825,10.63825,10.63825,10.63825,789,10935
2014-08-18,10.65,10.65,10.64675,10.64675,45,10940
2014-08-19,10.665,10.698,10.663,10.698,371,10830
2014-08-20,10.716,10.77,10.716,10.77,49,10831
2014-08-21,10.7325,10.7325,10.7325,10.7325,333,10570
2014-08-22,10.72075,10.73,10.72,10.72375,1092,9960
2014-08-25,10.7475,10.76125,10.7475,10.76125,440,9655
2014-08-26,10.756,10.76,10.721,10.721,130,9655
2014-08-27,10.709,10.709,10.65525,10.65525,143,9686
2014-08-28,10.645,10.686,10.645,10.661,337,9886
2014-08-29,10.669,10.70375,10.61975,10.70375,353,9986
2014-09-01,10.682,10.70375,10.682,10.70375,3,9986
2014-09-02,10.728,10.77,10.728,10.7585,195,9853
2014-09-03,10.755,10.757,10.7095,10.7095,414,9955
2014-09-04,10.661,10.73525,10.661,10.73525,78,9999
2014-09-05,10.772,10.772,10.70675,10.70675,1955,10745
2014-09-08,10.722,10.8225,10.722,10.8225,7501,10903
2014-09-09,10.835,10.971,10.835,10.971,3822,11554
2014-09-10,11.137,11.137,11.10175,11.10175,1385,11663
2014-09-11,11.135,11.14625,11.078,11.142,2617,12130
2014-09-12,11.15175,11.18875,11.147,11.18875,398,12166
2014-09-15,11.2245,11.227,11.14525,11.14525,663,6833
2014-09-16,11.152,11.152,11.042,11.059,545,6683
2014-09-17,11.084,11.108,11.072,11.108,562,6500
2014-09-18,11.19,11.258,11.19,11.258,627,6106
2014-09-19,11.25,11.259,11.185,11.23275,700,5611
2014-09-22,11.28,11.3315,11.276,11.3315,680,4958
2014-09-23,11.27925,11.3155,11.252,11.3155,1169,4580
2014-09-24,11.29275,11.312,11.29275,11.29625,853,3888
2014-09-25,11.314,11.354,11.314,11.35075,470,3906
2014-09-26,11.36375,11.407,11.325,11.37,217,3953
2014-09-29,11.415,11.427,11.415,11.42525,60,3976
2014-09-30,11.398,11.461,11.398,11.44175,190,4046
2014-10-01,11.441,11.4535,11.38,11.3895,316,4053
2014-10-02,11.348,11.353,11.32175,11.32175,640,3813
2014-10-03,11.34,11.5,11.324,11.491,733,3743
2014-10-06,11.486,11.486,11.36675,11.36675,416,3635
2014-10-07,11.372,11.378,11.299,11.32825,1065,3693
2014-10-08,11.357,11.361,11.18575,11.18575,403,3905
2014-10-09,11.182,11.20125,11.106,11.20125,173,3974
2014-10-10,11.19475,11.259,11.19475,11.2075,52,4025
2014-10-13,11.1555,11.165,11.137,11.14825,388,4397
2014-10-14,11.1445,11.211,11.1445,11.1795,427,3992
2014-10-15,11.186,11.22975,11.1155,11.22975,422,3627
2014-10-16,11.175,11.28,11.1625,11.2265,1762,3513
2014-10-17,11.209,11.224,11.1795,11.1795,1321,4439
2014-10-20,11.19275,11.21,11.111,11.111,983,4197
2014-10-21,11.116,11.153,11.074,11.14825,1254,5195
2014-10-22,11.134,11.143,11.0925,11.0925,1445,6059
2014-10-23,11.1,11.104,11.04125,11.0435,705,6219
2014-10-24,11.01925,11.01925,11.01925,11.01925,0,6219
2014-10-27,11.031,11.031,11.02225,11.02225,6,6215
2014-10-28,11.035,11.035,10.95,10.95,91,6215
2014-10-29,10.95,11.0345,10.95,11.0345,1,6214
2014-10-30,11.02325,11.06125,10.941,10.941,201,6224
2014-10-31,10.95,11.139,10.95,11.139,620,6220
2014-11-03,11.145,11.164,11.145,11.14825,763,6686
2014-11-04,11.12,11.12,11.108,11.108,4,6686
2014-11-05,11.142,11.243,11.142,11.22025,473,7135
2014-11-06,11.24975,11.341,11.246,11.3155,478,7579
2014-11-07,11.325,11.372,11.322,11.325,451,7906
2014-11-10,11.249,11.33475,11.237,11.33475,159,7941
2014-11-11,11.351,11.351,11.2995,11.2995,22,7941
2014-11-12,11.31,11.31,11.224,11.258,301,8002
2014-11-13,11.275,11.282,11.233,11.258,201,8157
2014-11-14,11.275,11.275,11.13575,11.13575,288,7892
2014-11-17,11.1315,11.19825,11.125,11.19825,827,7474
2014-11-18,11.159,11.159,11.046,11.07425,254,7611
2014-11-19,11.1075,11.122,11.051,11.0835,982,8557
2014-11-20,11.117,11.117,10.989,10.989,183,8598
2014-11-21,10.992,11.032,10.94675,11.01025,1154,7741
2014-11-24,10.96875,11.07725,10.96875,11.07725,134,7824
2014-11-25,10.992,10.998,10.992,10.998,1,7824
2014-11-26,10.997,10.997,10.98,10.98,34,7856
2014-11-27,10.9625,11.01,10.9625,10.98,35,7856
2014-11-28,11.036,11.11425,11.036,11.11425,2,7890
2014-12-01,11.141,11.15,11.01925,11.01925,93,7809
2014-12-02,11.031,11.16075,11.031,11.16075,231,8020
2014-12-03,11.14,11.236,11.14,11.236,68,7991
2014-12-04,11.24,11.24,11.181,11.21075,473,7521
2014-12-05,11.225,11.374,11.225,11.36675,167,7537
2014-12-08,11.36775,11.575,11.36425,11.53725,12688,12555
2014-12-09,11.56175,11.57875,11.458,11.458,2865,11779
2014-12-10,11.617,11.75175,11.617,11.7405,1253,11743
2014-12-11,11.7105,11.81675,11.65975,11.81675,839,11751
2014-12-12,11.79,11.82,11.77175,11.77175,2335,11495
2014-12-15,11.78,11.952,11.78,11.93675,487,5914
2014-12-16,11.862,11.939,11.84475,11.84475,528,5607
2014-12-17,11.854,11.856,11.785,11.7855,584,5606
2014-12-18,11.79,11.79,11.671,11.75775,1496,6021
2014-12-19,11.753,11.786,11.72675,11.72675,3422,7038
2014-12-22,11.764,11.764,11.718,11.73375,191,7038
2014-12-23,11.737,11.808,11.737,11.775,163,7063
2014-12-24,11.80675,11.814,11.7995,11.7995,5,7063
2014-12-26,11.787,11.787,11.7855,11.7855,4,7063
2014-12-29,11.7495,11.77175,11.7495,11.77175,49,7095
2014-12-30,11.7795,11.7795,11.7095,11.7095,6,7089
2014-12-31,11.7205,11.7205,11.696,11.696,10,7083
2015-01-02,11.755,11.86,11.755,11.85175,24,7097
2015-01-05,11.84,11.84,11.83775,11.83775,33,7064
2015-01-06,11.823,11.83075,11.823,11.83075,2,7064
2015-01-07,11.82725,11.863,11.803,11.803,988,6076
2015-01-08,11.7095,11.7095,11.7095,11.7095,1057,5410
2015-01-09,11.695,11.695,11.606,11.60775,1007,5711
2015-01-12,11.59,11.643,11.59,11.61775,527,5932
2015-01-13,11.627,11.642,11.627,11.628,662,6512
2015-01-14,11.584,11.622,11.55725,11.55725,795,7298
2015-01-15,11.595,11.6655,11.595,11.6415,571,7860
2015-01-16,11.6755,11.707,11.621,11.6585,868,8558
2015-01-19,11.65625,11.752,11.65625,11.6585,702,9223
2015-01-20,11.751,11.751,11.6755,11.6755,5,9223
2015-01-21,11.68675,11.68675,11.61,11.6515,133,9353
2015-01-22,11.62,11.62,11.49425,11.49425,129,9480
2015-01-23,11.508,11.532,11.481,11.481,2220,7464
2015-01-26,11.502,11.554,11.5,11.554,867,8272
2015-01-27,11.53375,11.6685,11.53375,11.6685,255,8522
2015-01-28,11.665,11.668,11.59425,11.59425,176,8682
2015-01-29,11.687,11.6915,11.601,11.638,183,8725
2015-01-30,11.672,11.73,11.672,11.72325,158,8824
2015-02-02,11.7155,11.7155,11.57075,11.57075,2102,7649
2015-02-03,11.606,11.61,11.4515,11.4515,83,7720
2015-02-04,11.454,11.53725,11.454,11.53725,688,8063
2015-02-05,11.48775,11.49,11.33775,11.33775,209,8185
2015-02-06,11.361,11.601,11.361,11.601,1191,9321
2015-02-09,11.575,11.66475,11.575,11.63475,735,9823
2015-02-10,11.654,11.771,11.654,11.75775,103,9800
2015-02-11,11.952,11.952,11.903,11.90825,1347,8453
2015-02-12,11.88275,11.925,11.803,11.803,1219,8094
2015-02-13,11.76725,11.76725,11.70625,11.70625,1527,7489
2015-02-16,11.725,11.725,11.67275,11.70625,490,7119
2015-02-17,11.715,11.7165,11.635,11.7165,500,6887
2015-02-18,11.753,11.753,11.6755,11.6755,2016,6848
2015-02-19,11.643,11.718,11.59375,11.7165,339,6619
2015-02-20,11.722,11.722,11.66525,11.66525,519,6621
2015-02-23,11.74,11.74,11.683,11.689,24,6628
2015-02-24,11.572,11.572,11.50775,11.5275,375,6630
2015-02-25,11.503,11.5135,11.4975,11.4975,9,6624
2015-02-26,11.4975,11.54075,11.393,11.54075,1043,7382
2015-02-27,11.56775,11.709,11.548,11.696,182,7473
2015-03-02,11.715,11.80975,11.715,11.80975,54,7486
2015-03-03,11.75375,11.789,11.74,11.789,177,7328
2015-03-04,11.77975,11.857,11.77975,11.80975,580,6916
2015-03-05,11.84,11.863,11.775,11.8625,267,6875
2015-03-06,11.972,12.07,11.961,12.07,149,6874
2015-03-09,12.061,12.11,12.061,12.1065,6911,9971
2015-03-10,12.268,12.3495,12.268,12.3495,1122,9122
2015-03-11,12.29625,12.29625,12.29625,12.29625,175,8965
2015-03-12,12.32675,12.32675,12.32675,12.32675,189,8931
2015-03-13,12.5,12.5,12.5,12.5,31,8962
2015-03-16,12.3915,12.3915,12.3915,12.3915,21,2729
2015-03-17,12.56,12.563,12.543,12.543,5,2724
2015-03-18,12.56,12.56,12.251,12.357,587,2875
2015-03-19,12.24,12.5235,12.21,12.5235,1135,2438
2015-03-20,12.283,12.292,12.195,12.195,477,2876
2015-03-23,12.249,12.249,12.04825,12.04825,1094,3222
2015-03-24,12.06375,12.06475,11.93675,11.93675,500,3380
2015-03-25,11.929,12.0155,11.929,12.0155,2170,3610
2015-03-26,12.0095,12.12125,12.0095,12.12125,626,4170
2015-03-27,12.145,12.2,12.128,12.18025,1037,5136
2015-03-30,12.216,12.29625,12.205,12.29625,516,5576
2015-03-31,12.314,12.353,12.276,12.29625,166,5720
2015-04-01,12.228,12.228,12.112,12.136,448,5346
2015-04-02,12.1,12.102,12.06475,12.07,0,5346
2015-04-06,11.925,11.925,11.838,11.9225,51,5250
2015-04-07,11.9135,12.0085,11.9135,12.0085,96,5162
2015-04-08,11.936,11.949,11.91625,11.9225,294,5451
2015-04-09,11.974,12.09925,11.904,12.09925,1166,6494
2015-04-10,12.084,12.123,12.078,12.09925,498,6912
2015-04-13,12.1855,12.298,12.1855,12.255,6,6912
2015-04-14,12.261,12.261,12.086,12.125,60,6944
2015-04-15,12.1695,12.274,12.1695,12.184,12,6945
2015-04-16,12.13,12.134,12.05175,12.05175,76,7000
2015-04-17,12.139,12.18025,12.139,12.18025,17,7000
2015-04-20,12.142,12.24,12.142,12.24,37,6980
2015-04-21,12.2845,12.2845,12.239,12.24,223,6767
2015-04-22,12.218,12.30775,12.218,12.30775,237,6559
2015-04-23,12.273,12.287,12.245,12.25875,461,6226
2015-04-24,12.27875,12.30075,12.21,12.21,367,5889
2015-04-27,12.2,12.2,12.08675,12.0955,229,5710
2015-04-28,12.11,12.11,11.8965,11.9475,721,5060
2015-04-29,11.936,11.936,11.8625,11.8625,102,5156
2015-04-30,11.86975,12.03575,11.86025,12.00475,287,5272
2015-05-01,11.949,12.17275,11.949,12.17275,425,4945
2015-05-04,12.118,12.15425,12.118,12.15425,31,4971
2015-05-05,12.127,12.133,12.031,12.07,175,4829
2015-05-06,12.105,12.118,12.043,12.07375,196,4708
2015-05-07,12.141,12.141,12.072,12.11375,244,4516
2015-05-08,12.123,12.14,12.0085,12.0085,1156,3820
2015-05-11,12.01,12.15875,12.01,12.147,784,4454
2015-05-12,12.17575,12.192,12.11375,12.11375,1083,4153
2015-05-13,12.10475,12.1085,11.94375,11.94375,355,3918
2015-05-14,11.95,11.95,11.856,11.859,53,3866
2015-05-15,11.86225,11.873,11.82375,11.82375,1185,3037
2015-05-18,11.904,11.94025,11.904,11.94025,204,3237
2015-05-19,11.94325,11.94375,11.902,11.94375,794,3655
2015-05-20,11.99,11.991,11.873,11.873,795,4435
2015-05-21,11.885,11.896,11.865,11.866,613,5040
2015-05-22,11.90325,11.919,11.901,11.919,432,5467
2015-05-25,11.972,11.972,11.919,11.919,27,5467
2015-05-26,12.03,12.13225,12.03,12.13225,479,5789
2015-05-27,12.093,12.153,12.081,12.081,543,6196
2015-05-28,12.06625,12.222,12.06625,12.17275,29,6195
2015-05-29,12.199,12.205,12.17275,12.17275,128,6321
2015-06-01,12.279,12.30675,12.251,12.2925,603,5723
2015-06-02,12.28875,12.308,12.2175,12.2175,292,5513
2015-06-03,12.2235,12.345,12.21375,12.338,861,4658
2015-06-04,12.36275,12.408,12.343,12.3915,1581,3716
2015-06-05,12.40275,12.62275,12.40275,12.6025,1643,3023
2015-06-08,12.6025,12.6025,12.5195,12.5195,1359,3546
2015-06-09,12.54725,12.54725,12.4455,12.4455,1477,3546
2015-06-10,12.632,12.632,12.5,12.5,1633,5312
2015-06-11,12.56,12.647,12.5235,12.5235,808,6013
2015-06-12,12.638,12.6605,12.5985,12.5985,809,6683
2015-06-15,12.6455,12.6455,12.60875,12.61425,219,4470
2015-06-16,12.6345,12.652,12.56675,12.56675,89,4555
2015-06-17,12.46875,12.46875,12.46875,12.46875,0,4555
2015-06-18,12.37875,12.42225,12.3495,12.42225,570,5113
2015-06-19,12.44875,12.44875,12.338,12.338,227,4896
2015-06-22,12.324,12.332,12.288,12.29625,667,5155
2015-06-23,12.279,12.399,12.279,12.35325,769,5214
2015-06-24,12.357,12.37275,12.3115,12.3115,991,4223
2015-06-25,12.302,12.302,12.244,12.27375,876,3351
2015-06-26,12.282,12.3725,12.277,12.3725,317,3056
2015-06-29,12.42,12.42,12.368,12.38,45,3077
2015-06-30,12.407,12.407,12.338,12.338,69,3024
2015-07-01,12.308,12.434,12.308,12.434,306,2775
2015-07-02,12.493,12.493,12.407,12.407,198,2902
2015-07-03,12.407,12.437,12.407,12.407,8,2902
2015-07-06,12.568,12.5815,12.551,12.551,1,3144
2015-07-07,12.557,12.63025,12.54,12.63025,47,3165
2015-07-08,12.60725,12.6985,12.60725,12.6985,348,3461
2015-07-09,12.66625,12.66625,12.66375,12.66625,84,3481
2015-07-10,12.53375,12.5785,12.51975,12.5785,274,3717
2015-07-13,12.6,12.63,12.56675,12.56675,41,3742
2015-07-14,12.59,12.59,12.47275,12.47275,75,3745
2015-07-15,12.5015,12.54725,12.49175,12.547,553,3768
2015-07-16,12.56,12.56,12.48925,12.50775,208,3588
2015-07-17,12.49,12.49375,12.4765,12.4765,1196,2495
2015-07-20,12.567,12.581,12.56,12.56675,836,2267
2015-07-21,12.562,12.562,12.452,12.45325,507,1767
2015-07-22,12.459,12.53925,12.459,12.53925,134,1663
2015-07-23,12.537,12.567,12.534,12.547,341,1568
2015-07-24,12.624,12.772,12.624,12.755,56,1575
2015-07-27,12.7205,12.765,12.71425,12.743,1221,2559
2015-07-28,12.66625,12.709,12.66625,12.67825,171,2687
2015-07-29,12.65875,12.68125,12.625,12.62625,311,2629
2015-07-30,12.7625,12.804,12.7625,12.804,47,2600
2015-07-31,12.846,12.846,12.69875,12.7795,129,2538
2015-08-03,12.772,12.8125,12.772,12.7795,22,2525
2015-08-04,12.774,12.81225,12.72625,12.81225,305,2254
2015-08-05,12.86,12.907,12.82575,12.86175,967,1982
2015-08-06,12.86,12.86,12.8,12.8,1,1983
2015-08-07,12.7925,12.8075,12.72675,12.72675,41,1956
2015-08-10,12.77875,12.77875,12.72375,12.72675,505,2184
2015-08-11,12.75875,12.87825,12.75875,12.87825,431,2555
2015-08-12,12.905,12.905,12.8205,12.8205,828,3161
2015-08-13,12.79,12.88425,12.79,12.86575,1330,4479
2015-08-14,12.904,12.904,12.8345,12.87,179,4575
2015-08-17,12.97275,12.9825,12.93375,12.966,211,4677
2015-08-18,12.9635,12.98275,12.96,12.98275,63,4684
2015-08-19,12.938,13.013,12.9325,12.95325,264,4442
2015-08-20,12.978,13.03,12.91875,12.95325,42,4479
2015-08-21,12.98,13.004,12.98,13.004,60,4463
2015-08-24,13.35,13.357,13.23125,13.30225,637,3887
2015-08-25,13.215,13.2175,13.065,13.14925,146,3761
2015-08-26,13.13625,13.197,13.13,13.1535,97,3686
2015-08-27,13.075,13.1925,13.075,13.1925,10,3636
2015-08-28,13.223,13.34225,13.223,13.34225,21,3618
2015-08-31,13.3795,13.38575,13.29775,13.29775,302,3317
2015-09-01,13.2955,13.459,13.28875,13.459,59,3273
2015-09-02,13.43125,13.52375,13.43125,13.49975,181,3172
2015-09-03,13.4585,13.64,13.4585,13.58225,385,2956
2015-09-04,13.6725,13.89375,13.6375,13.89375,0,2956
2015-09-08,13.71275,13.71275,13.71275,13.71275,536,3466
2015-09-09,13.83125,14.035,13.83125,14.035,174,3371
2015-09-10,14.11975,14.12625,13.82175,13.82175,290,3266
2015-09-11,13.895,13.895,13.793,13.793,297,3425
2015-09-14,13.73075,13.7975,13.7175,13.7175,158,2572
2015-09-15,13.71125,13.726,13.6425,13.68,20,2586
2015-09-16,13.69,13.69,13.5025,13.5045,253,2743
2015-09-17,13.496,13.60125,13.39575,13.39575,232,2789
2015-09-18,13.3785,13.518,13.3775,13.518,228,2569
2015-09-21,13.538,13.66125,13.538,13.66125,144,2427
2015-09-22,13.765,13.92625,13.765,13.8745,220,2219
2015-09-23,13.89375,14.06475,13.86125,14.06475,4,2223
2015-09-24,14.16025,14.273,14.035,14.035,327,2151
2015-09-25,14.1225,14.1225,13.9225,14.0895,29,2151
2015-09-28,14.1,14.25675,14.0575,14.25525,109,2174
2015-09-29,14.30675,14.312,14.11,14.1845,143,2133
2015-09-30,14.00925,14.045,14.00925,14.045,17,2132
2015-10-01,13.945,14.06975,13.945,14.06975,22,2140
2015-10-02,14.08875,14.09625,13.92275,13.92275,20,2126
2015-10-05,13.725,13.80725,13.725,13.76925,246,2239
2015-10-06,13.8,13.8,13.68,13.73625,159,2309
2015-10-07,13.663,13.66375,13.50675,13.6285,162,2309
2015-10-08,13.64,13.64,13.49525,13.49525,230,2085
2015-10-09,13.4475,13.49525,13.4475,13.48175,282,1808
2015-10-12,13.46375,13.46375,13.39775,13.40925,392,1691
2015-10-13,13.521,13.64725,13.521,13.64725,369,1691
2015-10-14,13.6225,13.6225,13.42275,13.42275,292,1593
2015-10-15,13.34225,13.34225,13.16225,13.16225,664,1947
2015-10-16,13.205,13.265,13.195,13.21875,633,2499
2015-10-19,13.19275,13.41375,13.1875,13.41375,239,2738
2015-10-20,13.34375,13.42275,13.34375,13.42275,76,2813
2015-10-21,13.46625,13.652,13.46625,13.652,2,2813
2015-10-22,13.6925,13.6925,13.52725,13.52725,15,2824
2015-10-23,13.5275,13.78825,13.5275,13.78825,14,2812
2015-10-26,13.755,13.76,13.74125,13.76,39,2800
2015-10-27,13.865,13.865,13.8025,13.8025,13,2812
2015-10-28,13.786,13.889,13.72,13.889,24,2805
2015-10-29,13.94375,13.98125,13.94375,13.98125,42,2820
2015-10-30,13.909,13.94225,13.905,13.94225,84,2806
2015-11-02,13.89625,13.9075,13.84375,13.86975,290,2629
2015-11-03,13.85,13.985,13.8455,13.8455,475,2403
2015-11-04,14.05875,14.0845,14.05875,14.0845,136,2417
2015-11-05,14.05175,14.0845,13.989,13.99575,216,2355
2015-11-06,14.01875,14.245,14.00875,14.245,152,2273
2015-11-09,14.24,14.4195,14.24,14.4195,462,2245
2015-11-10,14.3705,14.46125,14.355,14.36275,784,2551
2015-11-11,14.3055,14.3055,14.256,14.2705,285,2633
2015-11-12,14.1635,14.39625,14.161,14.37825,201,2641
2015-11-13,14.37825,14.46125,14.3775,14.46125,156,2747
2015-11-16,14.454,14.49625,14.4145,14.4145,4,2747
2015-11-17,14.4145,14.4145,14.315,14.3575,246,2729
2015-11-18,14.28625,14.2875,14.22475,14.22475,316,2931
2015-11-19,14.215,14.215,14.0735,14.0795,555,2921
2015-11-20,14.00625,14.035,13.95875,14.035,247,2953
2015-11-23,14.0575,14.14925,14.0575,14.14925,21,2955
2015-11-24,14.118,14.155,14.0945,14.0945,3,2955
2015-11-25,14.07,14.2095,14.07,14.2095,5,2955
2015-11-26,14.1765,14.26875,14.1765,14.2095,4,2955
2015-11-27,14.328,14.43525,14.328,14.43525,63,2959
2015-11-30,14.41125,14.50325,14.39125,14.50325,161,2977
2015-12-01,14.45375,14.48025,14.453,14.477,161,2980
2015-12-02,14.4725,14.4725,14.37375,14.40925,105,2993
2015-12-03,14.3675,14.37825,14.3575,14.37825,10,2993
2015-12-04,14.39875,14.465,14.325,14.35225,236,3031
2015-12-07,14.366,14.55075,14.366,14.55075,3136,4644
2015-12-08,14.6825,14.685,14.60925,14.60925,851,4376
2015-12-09,14.60875,15.0095,14.60875,15.0095,399,4299
2015-12-10,14.9875,15.468,14.9875,15.468,315,4475
2015-12-11,15.81025,15.81025,15.81025,15.81025,92,4453
2015-12-14,15.308,15.308,15.308,15.308,70,1851
2015-12-15,15.37,15.37,15.10975,15.1115,80,1849
2015-12-16,15.22,15.22,15.07725,15.07725,5,1849
2015-12-17,15.25525,15.474,15.25525,15.474,69,1872
2015-12-18,15.318,15.318,15.2905,15.2905,18,1884
2015-12-21,15.3125,15.3315,15.276,15.3315,92,1884
2015-12-22,15.3315,15.4065,15.321,15.3905,170,1884
2015-12-23,15.3905,15.432,15.3905,15.42625,155,1884
2015-12-24,15.4185,15.4955,15.4185,15.48,315,1883
2015-12-28,15.532,15.54275,15.456,15.516,137,1877
2015-12-29,15.516,15.546,15.504,15.546,51,1829
2015-12-30,15.543,15.73575,15.543,15.73575,50,1832
2015-12-31,15.7485,15.8175,15.673,15.6925,70,1833
2016-01-04,15.6955,15.7915,15.6865,15.7915,56,1850
2016-01-05,15.72,15.8475,15.72,15.829,34,1850
2016-01-06,16.0385,16.0385,16.0385,16.0385,0,1850
2016-01-07,16.155,16.3025,16.131,16.28,138,1858
2016-01-08,16.143,16.43,16.143,16.4135,83,1858
2016-01-11,17.00825,17.116,16.7295,17.116,164,1862
2016-01-12,17.05,17.08,16.743,16.8635,97,1870
2016-01-13,16.7025,16.7415,16.55975,16.7085,105,1888
2016-01-14,16.76125,16.785,16.59125,16.639,53,1888
2016-01-15,16.94,16.94925,16.94,16.94925,10,1888
2016-01-18,16.875,16.992,16.875,16.94925,60,1888
2016-01-19,16.912,16.97075,16.7715,16.97075,420,2059
2016-01-20,17.0565,17.0565,16.956,16.9995,13,2059
2016-01-21,16.998,16.998,16.68675,16.7225,68,2058
2016-01-22,16.692,16.692,16.5705,16.5975,60,2073
2016-01-25,16.6365,16.65275,16.581,16.65275,145,2064
2016-01-26,16.7435,16.7435,16.55625,16.55625,29,2064
2016-01-27,16.556,16.61125,16.495,16.61125,141,2063
2016-01-28,16.5825,16.5825,16.3075,16.3265,109,2060
2016-01-29,16.27275,16.30425,16.0385,16.0385,124,2000
2016-02-01,16,16.18925,16,16.01275,176,1977
2016-02-02,16.11875,16.3465,16.085,16.3465,147,1977
2016-02-03,16.425,16.425,16.103,16.103,75,1970
2016-02-04,16.101,16.101,15.9,16.01275,175,1821
2016-02-05,15.94875,16.1095,15.9435,16.1095,171,1840
2016-02-08,16.0975,16.295,16.05,16.28,178,1809
2016-02-09,16.254,16.254,16.16825,16.16825,1,1809
2016-02-10,15.92875,15.981,15.9235,15.9235,14,1809
2016-02-11,16.012,16.041,15.747,15.9425,179,1885
2016-02-12,15.9715,15.9715,15.8715,15.95525,14,1885
2016-02-15,15.8545,15.95525,15.8545,15.95525,2,1885
2016-02-16,15.83125,15.86675,15.804,15.86675,102,1915
2016-02-17,15.8875,15.9165,15.5885,15.5885,91,1910
2016-02-18,15.4725,15.4725,15.3225,15.456,112,1997
2016-02-19,15.46375,15.525,15.45,15.45,11,1996
2016-02-22,15.48,15.48,15.273,15.27875,124,2099
2016-02-23,15.207,15.306,15.207,15.29625,156,2096
2016-02-24,15.296,15.80875,15.296,15.66175,218,2306
2016-02-25,15.618,15.6495,15.618,15.6495,3,2306
2016-02-26,15.7305,16.28,15.7305,16.28,106,2310
2016-02-29,16.122,16.1445,15.815,15.892,67,2297
2016-03-01,15.9125,15.9125,15.631,15.631,51,2296
2016-03-02,15.605,15.73125,15.5885,15.5885,141,2309
2016-03-03,15.61,15.66775,15.61,15.66775,79,2356
2016-03-04,15.6675,15.6765,15.361,15.361,1651,3128
2016-03-07,15.37,15.41,15.27875,15.27875,139,3227
2016-03-08,15.36825,15.4515,15.36825,15.3845,2015,1993
2016-03-09,15.3845,15.409,15.20925,15.20925,106,2081
2016-03-10,15.474,15.70475,15.3705,15.70475,301,2200
2016-03-11,15.552,15.552,15.423,15.516,343,2358
2016-03-14,15.49625,15.78525,15.4875,15.78525,187,1674
2016-03-15,15.943,16.26,15.943,16.201,75,1649
2016-03-16,16.24,16.482,15.968,15.968,353,1344
2016-03-17,15.90725,15.9775,15.40825,15.40825,191,1218
2016-03-18,15.49,15.588,15.483,15.528,147,1179
2016-03-21,15.59375,15.6,15.4975,15.49775,96,1170
2016-03-22,15.4815,15.5175,15.45,15.45,27,1170
2016-03-23,15.48375,15.63725,15.48375,15.63725,56,1154
2016-03-24,15.765,15.78525,15.68875,15.78525,24,1138
2016-03-28,15.7145,15.78525,15.70475,15.70475,19,1128
2016-03-29,15.725,15.78125,15.3845,15.3845,66,1105
2016-03-30,15.41,15.41,15.07,15.1115,73,1076
2016-03-31,15.1615,15.177,14.877,14.95325,77,1041
2016-04-01,15,15.0975,14.85875,14.95875,244,1120
2016-04-04,14.97125,14.99825,14.89275,14.99825,149,1232
2016-04-05,15.0775,15.32125,15.0775,15.31975,177,1393
2016-04-06,15.23,15.5075,15.23,15.3845,21,1380
2016-04-07,15.37125,15.46375,15.368,15.45,69,1369
2016-04-08,15.3945,15.3945,15.20325,15.20325,49,1355
2016-04-11,15.10025,15.1175,14.85875,14.85875,66,1407
2016-04-12,14.8925,14.92,14.82125,14.86425,214,1520
2016-04-13,14.864,14.9145,14.695,14.695,128,1638
2016-04-14,14.6475,14.71125,14.6475,14.71125,165,1720
2016-04-15,14.711,14.7675,14.7025,14.722,113,1809
2016-04-18,14.77675,14.788,14.6425,14.64675,83,1884
2016-04-19,14.6,14.6,14.3945,14.40925,33,1909
2016-04-20,14.41375,14.419,14.33175,14.33175,21,1909
2016-04-21,14.39875,14.477,14.39875,14.477,46,1934
2016-04-22,14.4925,14.55875,14.4925,14.51375,32,1944
2016-04-25,14.595,14.655,14.5825,14.64675,181,2087
2016-04-26,14.6,14.605,14.56125,14.56125,23,2109
2016-04-27,14.53,14.68125,14.53,14.62,37,2095
2016-04-28,14.55,14.6,14.39375,14.39375,28,2097
2016-04-29,14.375,14.375,14.28,14.34725,79,2066
2016-05-02,14.34625,14.445,14.31,14.42475,59,2022
2016-05-03,14.596,14.7655,14.57625,14.7655,93,2071
2016-05-04,14.78125,15.083,14.77,15.083,121,2155
2016-05-05,14.94375,15.25875,14.94375,15.10575,60,2136
2016-05-06,15.134,15.19,14.97125,14.9925,64,2136
2016-05-09,15.02,15.29275,15.00875,15.26125,35,2122
2016-05-10,15.2455,15.2745,15.2265,15.2265,139,1983
2016-05-11,15.275,15.275,15.1285,15.1285,62,2030
2016-05-12,15.065,15.12,15.06,15.09425,7,2034
2016-05-13,15.1775,15.42025,15.1775,15.42025,131,1978
2016-05-16,15.5775,15.80875,15.563,15.711,206,1865
2016-05-17,15.6975,15.741,15.64,15.674,255,1742
2016-05-18,15.91325,15.978,15.9015,15.911,305,1463
2016-05-19,15.9465,16.0185,15.8675,15.9425,420,1339
2016-05-20,15.88,15.885,15.68625,15.68625,303,1262
2016-05-23,15.705,15.8175,15.67125,15.7605,178,1239
2016-05-24,15.81,15.81,15.69775,15.72325,137,1246
2016-05-25,15.6975,15.8275,15.651,15.72325,165,1275
2016-05-26,15.6705,15.6735,15.5685,15.625,122,1284
2016-05-27,15.58475,15.6985,15.58475,15.6985,21,1284
2016-05-30,15.8475,15.8475,15.6985,15.6985,47,1263
2016-05-31,15.903,15.903,15.779,15.779,100,1280
2016-06-01,15.7465,15.7465,15.619,15.619,94,1221
2016-06-02,15.59825,15.619,15.5885,15.5885,41,1219
2016-06-03,15.455,15.47325,15.10575,15.10575,65,1229
2016-06-06,15.1105,15.1105,14.91425,14.91425,761,1874
2016-06-07,14.9555,14.9555,14.856,14.8865,476,2294
2016-06-08,15.189,15.189,14.9715,15.02625,1083,2782
2016-06-09,15.04675,15.15975,15.04675,15.1,259,2947
2016-06-10,15.132,15.534,15.132,15.534,408,3177
2016-06-13,15.4755,15.51675,15.4455,15.474,328,2443
2016-06-14,15.451,15.66625,15.451,15.625,148,2589
2016-06-15,15.525,15.525,15.49775,15.49775,145,2722
2016-06-16,15.6075,15.8205,15.6075,15.64325,12,2722
2016-06-17,15.4905,15.49325,15.432,15.432,31,2697
2016-06-20,15.306,15.30775,15.1115,15.1115,49,2728
2016-06-21,14.9445,15.02225,14.9445,14.97575,96,2731
2016-06-22,15.025,15.025,14.86425,14.86425,93,2817
2016-06-23,14.6,14.77275,14.6,14.68975,165,2794
2016-06-24,15.095,15.5625,15.095,15.29625,92,2738
2016-06-27,15.51,15.768,15.41,15.7295,101,2688
2016-06-28,15.4515,15.50725,15.41425,15.41425,114,2706
2016-06-29,15.261,15.261,15.10575,15.10575,108,2740
2016-06-30,15.0705,15.183,14.8935,15.0095,44,2720
2016-07-01,14.997,14.997,14.73775,14.82575,72,2773
2016-07-04,14.74725,14.82575,14.7305,14.82575,21,2792
2016-07-05,14.8225,14.9825,14.8225,14.97575,196,2854
2016-07-06,15.01625,15.07875,14.94775,14.94775,12,2854
2016-07-07,14.875,15.00375,14.84125,15.00375,116,2970
2016-07-08,14.93375,15.00375,14.71375,14.733,44,2984
2016-07-11,14.76825,14.85075,14.62525,14.62525,117,2957
2016-07-12,14.6125,14.623,14.5235,14.535,61,2981
2016-07-13,14.62525,14.6735,14.53075,14.6735,154,2948
2016-07-14,14.6025,14.6025,14.39875,14.39875,9,2946
2016-07-15,14.5025,14.7,14.5025,14.5085,9,2949
2016-07-18,14.56875,14.5975,14.4405,14.4405,147,2815
2016-07-19,14.4405,14.556,14.4405,14.556,15,2804
2016-07-20,14.4415,14.556,14.4195,14.5085,311,3101
2016-07-21,14.44925,14.44925,14.39125,14.43525,163,3250
2016-07-22,14.381,14.47775,14.37275,14.43,134,3129
2016-07-25,14.455,14.52075,14.455,14.51375,13,3140
2016-07-26,14.46,14.591,14.4595,14.54025,104,3215
2016-07-27,14.4295,14.54025,14.36775,14.36775,31,3236
2016-07-28,14.35,14.36775,14.2805,14.2805,33,3257
2016-07-29,14.3125,14.3125,14.02025,14.02025,37,3283
2016-08-01,14.0025,14.0755,14.001,14.03025,129,3359
2016-08-02,14.0415,14.14425,14.0415,14.14425,45,3360
2016-08-03,14.16175,14.16625,14.09225,14.13425,1615,3475
2016-08-04,14.0235,14.0235,13.789,13.8265,219,3372
2016-08-05,13.8265,13.9305,13.7655,13.79775,97,3384
2016-08-08,13.86175,13.86175,13.69875,13.69875,17,3367
2016-08-09,13.73575,13.74875,13.5255,13.541,106,3346
2016-08-10,13.50175,13.50825,13.3585,13.39575,106,3319
2016-08-11,13.43625,13.49075,13.389,13.49075,70,3291
2016-08-12,13.46525,13.60075,13.444,13.60075,49,3243
2016-08-15,13.50275,13.511,13.34975,13.3825,120,3133
2016-08-16,13.358,13.50925,13.354,13.4455,103,3146
2016-08-17,13.49125,13.599,13.49125,13.5045,31,3173
2016-08-18,13.3715,13.46775,13.33625,13.44075,173,3078
2016-08-19,13.51375,13.594,13.51375,13.5915,127,3202
2016-08-22,13.60225,13.703,13.60225,13.652,150,3307
2016-08-23,13.60925,14.05725,13.52025,14.045,216,3289
2016-08-24,14.177,14.33575,14.10525,14.25,246,3476
2016-08-25,14.19025,14.29375,14.0375,14.28575,90,3476
2016-08-26,14.209,14.43225,14.074,14.43,45,3480
2016-08-29,14.4,14.5675,14.4,14.45075,27,3473
2016-08-30,14.50475,14.60925,14.50475,14.60925,96,3387
2016-08-31,14.5515,14.76,14.48725,14.75475,380,3046
2016-09-01,14.7045,14.7815,14.62,14.62,827,2510
2016-09-02,14.67325,14.708,14.4155,14.55075,336,2518
2016-09-05,14.43275,14.55075,14.413,14.55075,144,2518
2016-09-06,14.325,14.325,14.01375,14.0155,208,2488
2016-09-07,14.0155,14.0895,14.0155,14.0895,208,2542
2016-09-08,14.0355,14.18475,13.91775,14.15925,59,2552
2016-09-09,14.1785,14.43175,14.1785,14.39375,3472,3566
2016-09-12,14.6795,14.6795,14.5455,14.5455,106,3514
2016-09-13,14.5445,14.695,14.5445,14.695,264,3554
2016-09-14,14.60725,14.61475,14.5455,14.5455,77,3508
2016-09-15,14.57025,14.57025,14.41,14.4405,391,3579
2016-09-16,14.498,14.498,14.477,14.477,15,3580
2016-09-19,14.43425,14.43425,14.2095,14.2095,141,2013
2016-09-20,14.256,14.256,14.09125,14.12425,166,2157
2016-09-21,14.15375,14.15375,13.853,13.86,214,2333
2016-09-22,13.78575,13.86975,13.63325,13.86975,423,2647
2016-09-23,13.85,13.9415,13.78625,13.90325,356,2953
2016-09-26,13.91025,13.93725,13.854,13.93725,112,3017
2016-09-27,13.77525,13.81575,13.6685,13.68,146,3115
2016-09-28,13.641,13.909,13.641,13.8265,636,3131
2016-09-29,13.8295,14.19725,13.8295,14.13425,123,3119
2016-09-30,14.126,14.25,13.93725,13.93725,161,3087
2016-10-03,13.94075,13.94075,13.79225,13.83125,76,3108
2016-10-04,13.82775,14.02025,13.80175,14.02025,80,3106
2016-10-05,13.9985,13.9985,13.8985,13.8985,14,3106
2016-10-06,14.0035,14.10875,14.0035,14.0945,56,3115
2016-10-07,14.12475,14.13225,13.9495,14.0995,188,3093
2016-10-10,13.9715,14.0055,13.9715,14.0055,1,3093
2016-10-11,14.129,14.5985,14.129,14.5985,349,3026
2016-10-12,14.5105,14.68425,14.238,14.39875,275,2924
2016-10-13,14.4995,14.56875,14.36275,14.36275,221,2865
2016-10-14,14.42,14.43,14.3055,14.43,0,2865
2016-10-20,14.04575,14.128,14.04575,14.10425,55,2855
2016-10-21,14.1085,14.1845,14.1085,14.14425,3,2855
2016-10-24,14.075,14.075,14.02075,14.05,145,2939
2016-10-25,13.9935,13.9935,13.913,13.913,169,3105
2016-10-26,13.949,14.093,13.9485,14.045,21,3086
2016-10-27,14.098,14.098,13.97525,13.99575,83,3039
2016-10-28,14.028,14.0335,13.96625,13.97625,23,3041
2016-10-31,13.91025,13.91025,13.6085,13.61925,366,2895
2016-11-01,13.644,13.77875,13.644,13.77875,161,3044
2016-11-02,13.63125,13.653,13.45275,13.6425,260,3085
2016-11-03,13.6215,13.6425,13.499,13.5915,230,3233
2016-11-04,13.65875,13.69,13.65875,13.67525,49,3254
2016-11-07,13.6515,13.6515,13.46825,13.477,56,3261
2016-11-08,13.5205,13.5275,13.3735,13.3735,67,3308
2016-11-09,13.81625,13.833,13.549,13.55925,147,3352
2016-11-10,13.559,14.22975,13.5415,14.22975,133,3389
2016-11-11,14.411,14.50325,14.3385,14.50325,97,3354
2016-11-14,14.58975,14.60475,14.4845,14.55075,122,3305
2016-11-15,14.403,14.421,14.23875,14.26525,41,3284
2016-11-16,14.346,14.4665,14.346,14.4665,12,3294
2016-11-17,14.377,14.49275,14.377,14.49275,55,3279
2016-11-18,14.675,14.675,14.4305,14.5085,80,3231
2016-11-21,14.4415,14.4415,14.269,14.31125,124,3155
2016-11-22,14.13425,14.13425,14.13425,14.13425,0,3155
2016-11-23,14.17075,14.2315,14.17075,14.21975,25,3152
2016-11-24,14.17075,14.296,14.17075,14.21975,24,3137
2016-11-25,14.1665,14.24,14.14425,14.17425,480,2736
2016-11-28,13.98475,13.98475,13.774,13.774,2,2738
2016-11-29,13.88,14.0255,13.88,13.9275,7,2743
2016-11-30,14.0485,14.16925,14.0485,14.16925,9,2751
2016-12-01,14.09425,14.185,14.0665,14.14425,47,2751
2016-12-02,13.84,13.85525,13.84,13.85525,13,2751
2016-12-05,13.855,13.891,13.76925,13.76925,150,2814
2016-12-06,13.66025,13.68,13.66025,13.68,80,2887
2016-12-07,13.57275,13.576,13.5375,13.55475,106,2985
2016-12-08,13.55475,13.726,13.55475,13.67525,262,3214
2016-12-09,13.8015,13.82175,13.8015,13.82175,113,3305
2016-12-12,13.849,13.849,13.61475,13.61475,207,3455
2016-12-13,13.61475,13.6285,13.61475,13.6285,4067,3525
2016-12-14,13.91,14.13425,13.91,14.13425,46,3541
2016-12-15,14.18775,14.353,14.1815,14.1995,638,3712
2016-12-16,14.1995,14.34725,14.1995,14.34725,1,3713
2016-12-19,14.2445,14.36275,14.2445,14.36275,15,3004
2016-12-20,14.38475,14.38475,14.1975,14.1995,47,2992
2016-12-21,14.1915,14.1915,14.153,14.1845,185,3054
2016-12-22,14.152,14.2705,14.152,14.2705,69,3005
2016-12-23,14.254,14.2575,14.21475,14.21475,150,3155
2016-12-27,14.1495,14.1495,14.0895,14.0895,31,3126
2016-12-28,14.085,14.085,14.034,14.06975,59,3167
2016-12-29,13.94,13.94,13.78825,13.78825,114,3193
2016-12-30,13.7935,13.9275,13.7935,13.9275,87,3274
2017-01-03,13.8825,14.0165,13.8825,14.0105,47,3239
2017-01-04,13.821,13.835,13.77675,13.83125,132,3351
2017-01-05,13.7005,13.896,13.7005,13.7645,299,3533
2017-01-06,13.745,13.918,13.7385,13.918,107,3621
2017-01-09,13.93525,13.943,13.836,13.836,126,3599
2017-01-10,13.84125,13.89375,13.781,13.89375,48,3638
2017-01-11,13.93075,13.947,13.8445,13.947,9,3645
2017-01-12,13.7555,13.7555,13.56875,13.61,203,3795
2017-01-13,13.636,13.72,13.62975,13.66125,83,3815
2017-01-16,13.6785,13.80875,13.66125,13.66125,15,3812
2017-01-17,13.61025,13.6425,13.5515,13.59625,295,4107
2017-01-18,13.7075,13.763,13.70325,13.70325,16,4097
2017-01-19,13.695,13.7075,13.68925,13.68925,47,4138
2017-01-20,13.68925,13.7205,13.677,13.708,125,4248
2017-01-23,13.6495,13.6815,13.607,13.6285,210,4449
2017-01-24,13.592,13.592,13.4265,13.49075,304,4660
2017-01-25,13.49075,13.49075,13.35525,13.41375,240,4892
2017-01-26,13.383,13.4765,13.362,13.45,60,4898
2017-01-27,13.4905,13.6875,13.433,13.57325,36,4882
2017-01-30,13.58425,13.7,13.54325,13.6285,212,5085
2017-01-31,13.6065,13.669,13.518,13.61925,287,5136
2017-02-01,13.61225,13.61225,13.50875,13.53175,72,5179
2017-02-02,13.462,13.495,13.4505,13.48625,88,5248
2017-02-03,13.492,13.537,13.36225,13.369,86,5230
2017-02-06,13.36325,13.488,13.36325,13.44075,259,5468
2017-02-07,13.3875,13.537,13.3875,13.52275,65,5464
2017-02-08,13.54,13.5585,13.487,13.49525,176,5566
2017-02-09,13.48975,13.4965,13.446,13.48175,8,5564
2017-02-10,13.4815,13.488,13.38125,13.4635,52,5598
2017-02-13,13.4395,13.4395,13.38575,13.39575,23,5594
2017-02-14,13.3585,13.3585,13.1685,13.184,28,5619
2017-02-15,13.1395,13.21,12.987,12.987,150,5513
2017-02-16,13.022,13.08,12.9815,13.072,73,5536
2017-02-17,13.10425,13.1535,13.08825,13.1535,20,5520
2017-02-20,13.146,13.168,13.146,13.1535,6,5514
2017-02-21,13.136,13.215,13.134,13.1405,128,5391
2017-02-22,13.11,13.2025,13.025,13.025,168,5325
2017-02-23,12.98625,13.01375,12.8365,12.91575,290,5134
2017-02-24,12.9075,13.0125,12.9075,12.9785,138,5151
2017-02-27,12.997,13.05475,12.9235,13.05475,30,5139
2017-02-28,13.01875,13.12775,13.01875,13.12775,182,5143
2017-03-01,13.1315,13.161,13.01475,13.025,200,5076
2017-03-02,13.0935,13.20575,13.093,13.20575,51,5057
2017-03-03,13.12,13.136,13.042,13.042,20,5037
2017-03-06,12.992,13.0335,12.985,13.0335,73,5034
2017-03-07,12.9955,12.9955,12.9635,12.97025,9686,6862
2017-03-08,13.258,13.369,13.2545,13.369,102,6810
2017-03-09,13.49075,13.5915,13.445,13.5915,312,6938
2017-03-10,13.50025,13.531,13.40475,13.40475,66,6879
2017-03-13,13.34475,13.348,13.329,13.329,24,5002
2017-03-14,13.38,13.38,13.3645,13.3645,94,4996
2017-03-15,13.31,13.31,13.002,13.01225,464,4846
2017-03-16,12.96,12.96175,12.893,12.96175,55,4846
2017-03-17,12.94775,12.9565,12.899,12.899,49,4862
2017-03-20,12.88275,12.888,12.8535,12.8535,23,4862
2017-03-21,12.881,12.881,12.731,12.8535,45,4862
2017-03-22,12.891,12.891,12.73875,12.73875,153,4852
2017-03-23,12.732,12.76,12.62225,12.62225,45,4852
2017-03-24,12.65,12.65,12.61425,12.61425,1,4852
2017-03-27,12.56075,13.00825,12.56075,13.00825,48,4852
2017-03-28,13.07825,13.1925,13.0675,13.1925,198,4974
2017-03-29,13.275,13.325,13.11075,13.20125,384,4983
2017-03-30,13.13775,13.2945,12.9995,13.1105,92,4994
2017-03-31,13.66175,13.73825,13.468,13.57325,247,5062
2017-04-03,13.599,13.92575,13.599,13.8985,647,4896
2017-04-04,13.96025,14.067,13.68975,13.79775,1385,4439
2017-04-05,13.7875,14.02525,13.712,14.02525,609,3946
2017-04-06,13.9615,14.04475,13.91625,13.97125,739,3696
2017-04-07,13.92925,13.99575,13.8635,13.99575,323,3618
2017-04-10,14.08025,14.108,14.03225,14.0945,413,3595
2017-04-11,14.10825,14.10825,13.943,13.98125,110,3595
2017-04-12,13.943,13.943,13.6345,13.78825,180,3563
2017-04-13,13.64075,13.727,13.59625,13.59625,58,3563
2017-04-17,13.5625,13.5625,13.43175,13.43175,21,3564
2017-04-18,13.46275,13.51775,13.42725,13.42725,93,3565
2017-04-19,13.439,13.4695,13.40475,13.40475,125,3565
2017-04-20,13.4155,13.4155,13.25825,13.25825,147,3564
2017-04-21,13.295,13.3235,13.271,13.289,188,3565
2017-04-24,13.1415,13.142,13.0385,13.1405,232,3628
2017-04-25,13.1445,13.22975,13.14425,13.18825,186,3628
2017-04-26,13.1625,13.4755,13.1625,13.41375,169,3628
2017-04-27,13.32,13.5055,13.32,13.48625,137,3628
2017-04-28,13.46,13.49975,13.36375,13.49975,291,3645
2017-05-01,13.492,13.51725,13.43,13.49075,28,3647
2017-05-02,13.44025,13.49225,13.39,13.4635,280,3806
2017-05-03,13.425,13.5295,13.425,13.477,267,3868
2017-05-04,13.525,13.76,13.525,13.76,327,3807
2017-05-05,13.793,13.80675,13.55925,13.55925,544,3722
2017-05-08,13.59875,13.7295,13.561,13.71275,230,3726
2017-05-09,13.77675,13.777,13.67425,13.7505,204,3614
2017-05-10,13.69575,13.696,13.52575,13.57775,331,3570
2017-05-11,13.6115,13.6115,13.40875,13.42275,377,3450
2017-05-12,13.454,13.53,13.44675,13.4635,118,3450
2017-05-15,13.3985,13.3985,13.251,13.25375,45,3458
2017-05-16,13.1605,13.23,13.132,13.132,117,3437
2017-05-17,13.177,13.29325,13.1275,13.2715,53,3438
2017-05-18,13.5455,13.65425,13.45225,13.48175,217,3439
2017-05-19,13.39175,13.41,13.2715,13.2715,293,3514
2017-05-22,13.3105,13.3105,13.248,13.30675,248,3742
2017-05-23,13.38025,13.38025,13.095,13.132,340,3742
2017-05-24,13.142,13.142,12.967,12.98275,486,3986
2017-05-25,12.93775,12.9955,12.9,12.9955,823,4304
2017-05-26,12.98875,13.01975,12.86875,12.8865,846,4890
2017-05-29,12.9025,13.02975,12.8865,12.8865,196,5081
2017-05-30,13.053,13.21675,13.038,13.1795,94,5129
2017-05-31,13.12975,13.23775,13.111,13.17525,400,5339
2017-06-01,13.1035,13.115,12.9575,12.9745,122,5363
2017-06-02,12.91325,12.983,12.81025,12.84525,86,5355
2017-06-05,12.877,12.87725,12.72275,12.72675,121,5426
2017-06-06,12.73,12.90725,12.73,12.8575,4113,1646
2017-06-07,12.8705,12.87725,12.83,12.8535,905,1212
2017-06-08,12.86325,12.95,12.86325,12.94925,70,1205
2017-06-09,12.91125,12.958,12.87025,12.899,100,1210
2017-06-12,12.917,12.92225,12.80425,12.8165,43,1210
2017-06-13,12.819,12.819,12.76725,12.76725,203,1221
2017-06-14,12.78,12.78,12.5775,12.68225,619,1475
2017-06-15,12.6405,12.90325,12.6405,12.90325,130,1218
2017-06-16,12.91175,12.91175,12.804,12.804,81,1198
2017-06-19,12.9618,12.9618,12.9618,12.9618,79,387
2017-06-20,13.149,13.28875,13.149,13.2845,100,345
2017-06-21,13.3165,13.3165,13.2225,13.267,28,354
2017-06-22,13.2555,13.2555,13.1405,13.1405,46,360
2017-06-23,13.15925,13.16,13.094,13.12775,31,361
2017-06-26,13.074,13.07725,13.027,13.03775,53,369
2017-06-27,13.04425,13.21175,13.00175,13.1795,67,369
2017-06-28,13.18525,13.2305,13.11375,13.119,57,371
2017-06-29,13.06825,13.2535,13.06825,13.20575,42,367
2017-06-30,13.1635,13.309,13.1635,13.289,49,373
2017-07-03,13.26975,13.40675,13.26975,13.40025,118,370
2017-07-04,13.39725,13.4095,13.3585,13.40025,22,368
2017-07-05,13.3305,13.5965,13.3305,13.564,19,368
2017-07-06,13.54925,13.62975,13.5315,13.60075,90,354
2017-07-07,13.551,13.5685,13.551,13.5685,2,351
2017-07-10,13.46025,13.66575,13.46025,13.66575,10,350
2017-07-11,13.7605,13.7605,13.741,13.741,1,351
2017-07-12,13.5645,13.5645,13.4003,13.4003,36,345
2017-07-13,13.322,13.3645,13.3213,13.3645,39,341
2017-07-14,13.3095,13.3095,13.1323,13.158,59,341
2017-07-17,13.158,13.158,13.101,13.1105,43,353
2017-07-18,13.0275,13.0505,13.0275,13.0505,5,353
2017-07-19,13.0703,13.0703,13.059,13.059,9,362
2017-07-20,13.08,13.132,13.08,13.132,2,364
2017-07-21,13.1013,13.1013,13.0335,13.0335,41,369
2017-07-24,13.064,13.0975,13.064,13.0975,11,374
2017-07-25,13.0815,13.2013,13.0353,13.2013,23,375
2017-07-26,13.082,13.082,13.0248,13.0293,36,375
2017-07-27,12.9795,13.1445,12.9795,13.132,46,378
2017-07-28,13.1453,13.1453,13.0933,13.0933,341,361
2017-07-31,13.118,13.3408,13.0763,13.289,104,338
2017-08-01,13.2693,13.379,13.258,13.36,37,131
2017-08-02,13.3588,13.4138,13.3013,13.3113,54,157
2017-08-03,13.3365,13.4998,13.3365,13.4998,26,143
2017-08-04,13.4725,13.5738,13.446,13.5135,75,132
2017-08-07,13.4875,13.535,13.3025,13.31,79,136
2017-08-08,13.3225,13.5,13.2225,13.4725,150,191
2017-08-09,13.5275,13.5675,13.5275,13.5325,47,144
2017-08-10,13.535,13.535,13.4375,13.5,57,141
2017-08-11,13.5825,13.5825,13.5125,13.5125,24,138
2017-08-14,13.4025,13.4125,13.3625,13.405,38,116
2017-08-15,13.405,13.4625,13.4,13.4,32,126
2017-08-16,13.385,13.4,13.2475,13.25,62,149
2017-08-17,13.235,13.2975,13.2275,13.2575,63,176
2017-08-18,13.315,13.315,13.22,13.22,39,184
2017-08-21,13.23,13.245,13.2275,13.2275,38,207
2017-08-22,13.2575,13.2845,13.2575,13.2845,8,215
2017-08-23,13.2775,13.32,13.2013,13.2013,30,245
2017-08-24,13.2408,13.2408,13.2408,13.2408,0,245
2017-08-25,13.0633,13.0633,13.0633,13.0633,0,245
2017-08-28,13.11,13.11,13.0763,13.0763,5,250
2017-08-29,13.125,13.125,13.0175,13.0378,20,260
2017-08-30,13.0505,13.0505,13.0505,13.0505,0,260
2017-08-31,13.0575,13.0575,13.0505,13.0505,1,259
2017-09-01,12.9745,12.9745,12.9745,12.9745,25,284
2017-09-04,12.965,12.9745,12.9625,12.9745,6,284
2017-09-05,12.975,12.9975,12.9493,12.9493,34,289
2017-09-06,12.8245,12.8245,12.8245,12.8245,38,327
2017-09-07,12.8453,12.8453,12.8453,12.8453,40,367
2017-09-08,12.9325,12.9325,12.9325,12.9325,0,361
2017-09-11,12.965,12.9703,12.965,12.9703,1,362
2017-09-12,13.0208,13.0208,13.0208,13.0208,0,362
2017-09-13,13.1493,13.1493,13.1493,13.1493,0,362
2017-09-14,13.12,13.1493,13.12,13.1493,193,453
2017-09-15,13.1753,13.1753,13.1753,13.1753,1,376
2017-09-18,13.2538,13.2538,13.2538,13.2538,34,160
2017-09-19,13.4625,13.5275,13.4625,13.5135,76,84
2017-09-20,13.4925,13.54,13.39,13.5273,39,86
2017-09-21,13.525,13.565,13.43,13.468,51,56
2017-09-22,13.3675,13.4273,13.3675,13.4273,18,52
2017-09-25,13.48,13.5325,13.46,13.5273,38,90
2017-09-26,13.4625,13.5825,13.4625,13.541,35,120
2017-09-27,13.5375,13.7505,13.5375,13.7505,61,181
2017-09-28,13.75,13.75,13.6893,13.6893,7,181
2017-09-29,13.7315,13.7315,13.7315,13.7315,0,181
2017-10-02,13.7325,13.7458,13.7325,13.7458,1,181
2017-10-03,13.8553,13.8553,13.8553,13.8553,3,181
2017-10-04,13.775,13.775,13.7223,13.7223,4,179
2017-10-05,13.78,13.8505,13.78,13.8505,4,183
2017-10-06,13.884,13.884,13.884,13.884,0,183
2017-10-09,13.95,13.95,13.947,13.947,2,181
2017-10-10,13.915,13.915,13.8175,13.8313,22,179
2017-10-11,13.725,13.725,13.6893,13.6893,5,184
2017-10-12,13.5823,13.5823,13.5823,13.5823,0,184
2017-10-13,13.5825,13.5825,13.4048,13.4048,5,184
2017-10-16,13.415,13.459,13.415,13.459,6,184
2017-10-17,13.4875,13.5455,13.4875,13.5455,1,183
2017-10-18,13.6988,13.6988,13.6988,13.6988,0,183
2017-10-19,13.6975,13.7033,13.65,13.7033,10,181
2017-10-20,13.793,13.793,13.793,13.793,0,181
2017-10-23,13.8505,13.8505,13.8505,13.8505,0,181
2017-10-24,13.8698,13.8698,13.8698,13.8698,0,181
2017-10-25,13.8675,14.1845,13.8675,14.1845,24,182
2017-10-26,14.325,14.3783,14.315,14.3783,6,186
2017-10-27,14.3775,14.4075,14.24,14.24,18,192
2017-10-30,14.2045,14.2045,14.2045,14.2045,0,192
2017-10-31,14.1825,14.2653,14.16,14.2653,16,192
2017-11-01,14.235,14.235,14.18,14.1845,4,192
2017-11-02,14.0625,14.14,14.0525,14.0995,3,191
2017-11-03,14.1525,14.335,14.1525,14.3215,63,188
2017-11-06,14.32,14.32,14.2045,14.2045,9,195
2017-11-07,14.325,14.3473,14.325,14.3473,4,191
2017-11-08,14.325,14.325,14.2553,14.2553,3,194
2017-11-09,14.26,14.342,14.26,14.342,12,188
2017-11-10,14.4875,14.4925,14.4425,14.4613,27,194
2017-11-13,14.5075,14.5975,14.4325,14.5508,22,201
2017-11-14,14.56,14.56,14.4405,14.4405,14,203
2017-11-15,14.47,14.4928,14.43,14.4928,13,210
2017-11-16,14.405,14.405,14.2325,14.245,62,200
2017-11-17,14.265,14.265,14.0303,14.0303,90,190
2017-11-20,14.1125,14.1325,14.03,14.1043,9,183
2017-11-21,14.1,14.1,14.0303,14.0303,6,177
2017-11-22,14.04,14.04,13.8985,13.8985,41,181
2017-11-23,13.905,13.9425,13.8985,13.8985,5,178
2017-11-24,14.07,14.07,13.9373,13.9373,9,177
2017-11-27,14.14,14.14,13.8025,13.8025,14,181
2017-11-28,13.8025,13.8375,13.694,13.694,30,181
2017-11-29,13.6845,13.6845,13.6845,13.6845,0,181
2017-11-30,13.7645,13.7645,13.7645,13.7645,0,181
2017-12-01,13.77,13.8075,13.7075,13.7458,17,183
2017-12-04,13.7725,13.7725,13.5685,13.5685,2,181
2017-12-05,13.49,13.57,13.49,13.518,17,174
2017-12-06,13.5175,13.5455,13.5175,13.5455,21,183
2017-12-07,13.7645,13.7645,13.5455,13.7645,15,188
2017-12-08,13.75,13.75,13.6658,13.6658,46,195
2017-12-11,13.6148,13.6148,13.6148,13.6148,35,230
2017-12-12,13.795,13.8925,13.795,13.8793,57,253
2017-12-13,13.85,13.85,13.638,13.638,20,262
2017-12-14,13.7,13.7,13.645,13.694,23,269
2017-12-15,13.6425,13.6425,13.3645,13.3645,111,336
2017-12-18,13.255,13.305,12.7825,12.9493,98,131
2017-12-19,13.0325,13.0325,12.8525,12.8618,157,134
2017-12-20,12.94,12.94,12.7675,12.8865,24,153
2017-12-21,12.8575,12.92,12.8575,12.92,34,139
2017-12-22,12.7918,12.7918,12.7918,12.7918,34,139
2017-12-26,12.7025,12.7025,12.6583,12.6583,20,139
2017-12-27,12.645,12.6475,12.4185,12.4185,55,157
2017-12-28,12.4325,12.5628,12.4325,12.5628,5,162
2017-12-29,12.5235,12.5235,12.5235,12.5235,0,162
2018-01-02,12.44,12.6143,12.405,12.6143,55,186
2018-01-03,12.4883,12.4883,12.4883,12.4883,0,186
2018-01-04,12.445,12.455,12.4175,12.4223,18,192
2018-01-05,12.47,12.4875,12.43,12.43,20,192
2018-01-08,12.495,12.5775,12.495,12.5118,29,216
2018-01-09,12.5525,12.5675,12.405,12.4688,108,171
2018-01-10,12.56,12.665,12.545,12.5865,41,187
2018-01-11,12.585,12.585,12.5,12.5,8,195
2018-01-12,12.535,12.565,12.504,12.504,29,189
2018-01-15,12.505,12.505,12.4225,12.504,10,196
2018-01-16,12.4525,12.4525,12.3763,12.3763,20,216
2018-01-17,12.4125,12.4125,12.384,12.384,2,216
2018-01-18,12.415,12.415,12.22,12.2363,19,202
2018-01-19,12.1875,12.345,12.1875,12.285,38,200
2018-01-22,12.2,12.225,12.1275,12.1693,30,186
2018-01-23,12.22,12.255,12.1693,12.1693,85,191
2018-01-24,12.075,12.0875,11.955,11.9583,30,183
2018-01-25,11.975,12.0175,11.9275,12.012,44,177
2018-01-26,11.9825,12.005,11.955,11.9725,12,172
2018-01-29,12.05,12.08,12.03,12.03,21,183
2018-01-30,12.1275,12.1325,12.0025,12.0555,36,199
2018-01-31,11.9975,11.9975,11.9275,11.951,29,226
2018-02-01,11.9775,12,11.93,11.951,36,228
2018-02-02,12.0325,12.1543,12.0225,12.1543,52,253
2018-02-05,12.0725,12.2375,12.0725,12.1285,25,260
2018-02-06,12.1875,12.1925,12.0265,12.0265,18,253
2018-02-07,11.975,12.135,11.975,12.0883,20,249
2018-02-08,12.155,12.2375,12.15,12.21,17,250
2018-02-09,12.155,12.1725,12.1138,12.1138,4,250
2018-02-12,12.065,12.065,11.98,11.9905,27,248
2018-02-13,11.9905,12.21,11.9905,11.9905,0,248
2018-02-14,11.8775,11.9575,11.7275,11.7543,54,252
2018-02-15,11.715,11.7175,11.6575,11.6925,57,224
2018-02-16,11.655,11.7075,11.655,11.696,38,0
2018-02-20,11.79,11.81,11.775,11.775,46,207
2018-02-21,11.72,11.72,11.6825,11.696,27,196
2018-02-22,11.72,11.7225,11.7025,11.713,19,201
2018-02-23,11.5908,11.5908,11.5908,11.5908,0,201
2018-02-26,11.55,11.655,11.55,11.5808,69,216
2018-02-27,11.625,11.775,11.5975,11.775,76,184
2018-02-28,11.7575,11.8308,11.7575,11.8308,54,200
2018-03-01,11.8575,11.9475,11.8575,11.9368,72,214
2018-03-02,11.8775,12.0225,11.8775,11.9545,76,224
2018-03-05,12.005,12.04,11.866,11.866,100,202
2018-03-06,11.83,11.83,11.7675,11.7995,79,278
2018-03-07,11.8925,11.91,11.8625,11.8625,53,293
2018-03-08,11.8875,11.95,11.8875,11.9475,35,296
2018-03-09,11.925,11.925,11.8125,11.8378,15,311
2018-03-12,11.8238,11.8238,11.8238,11.8238,154,370
2018-03-13,11.8098,11.8098,11.8098,11.8098,10,326
2018-03-14,11.9525,11.96,11.9475,11.9475,65,318
2018-03-15,12.0518,12.0518,12.0518,12.0518,123,335
2018-03-16,12.0525,12.13,12.0525,12.1175,63,355
2018-03-19,12.195,12.225,12.17,12.1765,39,162
2018-03-20,12.14,12.14,12.092,12.092,17,160
2018-03-21,12.095,12.15,11.9975,11.9975,77,200
2018-03-22,11.9425,12.02,11.9225,11.9475,104,219
2018-03-23,11.98,11.985,11.825,11.873,63,208
2018-03-26,11.81,11.81,11.7425,11.7683,72,211
2018-03-27,11.77,11.805,11.7648,11.7648,52,252
2018-03-28,11.7625,11.9175,11.7625,11.8978,133,299
2018-03-29,11.895,11.995,11.87,11.9725,100,0
