Date,Open,High,Low,Close,Volume,OpenInt
2013-03-07,1.0543,1.0627,1.0541,1.0609,378,655
2013-03-08,1.0587,1.0618,1.047,1.051,428,638
2013-03-11,1.051,1.0565,1.0496,1.0554,392,614
2013-03-12,1.0535,1.0598,1.052,1.0558,273,637
2013-03-13,1.0571,1.0609,1.0492,1.0499,452,616
2013-03-14,1.05,1.0579,1.0454,1.0556,193,645
2013-03-15,1.0577,1.0656,1.0577,1.0636,170,315
2013-03-18,1.0595,1.0595,1.0595,1.0595,1010,510
2013-03-19,1.0566,1.062,1.0548,1.0564,371,632
2013-03-20,1.0562,1.0638,1.0559,1.0609,267,751
2013-03-21,1.0599,1.0599,1.0557,1.0578,198,755
2013-03-22,1.0579,1.065,1.0533,1.0636,326,819
2013-03-25,1.064,1.07,1.0541,1.056,399,782
2013-03-26,1.0548,1.0566,1.053,1.0556,225,797
2013-03-27,1.0556,1.0561,1.0475,1.0496,456,1012
2013-03-28,1.05,1.0546,1.0485,1.0546,256,1064
2013-04-01,1.0538,1.0584,1.0509,1.057,92,1072
2013-04-02,1.0576,1.0596,1.0541,1.0544,308,1068
2013-04-03,1.0552,1.0599,1.0511,1.0593,322,1126
2013-04-04,1.0586,1.0667,1.0504,1.0651,812,1338
2013-04-05,1.0642,1.0745,1.0611,1.0727,798,1269
2013-04-08,1.0718,1.0726,1.0691,1.0696,320,1342
2013-04-09,1.0699,1.0751,1.0686,1.0744,265,1392
2013-04-10,1.073,1.0764,1.0718,1.0725,371,1546
2013-04-11,1.072,1.0784,1.0715,1.0755,364,1700
2013-04-12,1.0754,1.0803,1.0723,1.0763,417,1904
2013-04-15,1.0777,1.0796,1.0728,1.0735,429,2030
2013-04-16,1.0745,1.0862,1.0731,1.0861,263,2069
2013-04-17,1.0853,1.0866,1.0714,1.0717,203,2056
2013-04-18,1.0739,1.077,1.0726,1.0732,174,2155
2013-04-19,1.0746,1.0785,1.0706,1.0719,138,2126
2013-04-22,1.0724,1.0739,1.0676,1.0705,169,2202
2013-04-23,1.0691,1.0726,1.0582,1.059,328,2205
2013-04-24,1.0578,1.0592,1.0534,1.0569,390,2052
2013-04-25,1.056,1.0617,1.0549,1.0583,405,1973
2013-04-26,1.0585,1.064,1.0581,1.0613,313,1920
2013-04-29,1.0624,1.0693,1.061,1.0678,194,1955
2013-04-30,1.0674,1.0782,1.066,1.0765,345,1979
2013-05-01,1.076,1.0819,1.0748,1.0808,196,2007
2013-05-02,1.079,1.079,1.0685,1.0698,281,2009
2013-05-03,1.0703,1.0749,1.0643,1.069,259,2003
2013-05-06,1.0703,1.071,1.0646,1.066,52,2016
2013-05-07,1.066,1.0677,1.06,1.0643,278,2053
2013-05-08,1.0656,1.0712,1.0631,1.0695,159,2012
2013-05-09,1.0697,1.0718,1.0531,1.0541,344,2048
2013-05-10,1.0536,1.0553,1.0389,1.0455,457,2052
2013-05-13,1.0431,1.0476,1.0425,1.0437,201,2066
2013-05-14,1.0458,1.0505,1.0353,1.0357,316,2103
2013-05-15,1.0361,1.0373,1.0263,1.0358,206,2154
2013-05-16,1.0351,1.0441,1.0303,1.0405,318,2055
2013-05-17,1.0354,1.0378,1.0248,1.028,494,2165
2013-05-20,1.0295,1.0366,1.0293,1.0353,185,2150
2013-05-21,1.0327,1.0359,1.0259,1.0308,348,2132
2013-05-22,1.0311,1.0332,1.0166,1.0209,973,2048
2013-05-23,1.0206,1.0381,1.019,1.0321,692,2022
2013-05-24,1.0312,1.0423,1.0295,1.0397,394,2029
2013-05-28,1.0385,1.0423,1.0229,1.0277,396,1957
2013-05-29,1.0247,1.0417,1.0218,1.0382,422,1992
2013-05-30,1.0392,1.0496,1.0364,1.0487,389,1989
2013-05-31,1.049,1.0514,1.0392,1.0422,381,2056
2013-06-03,1.045,1.063,1.0392,1.0561,744,2117
2013-06-04,1.0536,1.058,1.0506,1.056,172,2130
2013-06-05,1.0562,1.0648,1.0537,1.062,262,2116
2013-06-06,1.0618,1.084,1.0594,1.0757,717,2097
2013-06-07,1.0755,1.0811,1.0669,1.0697,394,2057
2013-06-10,1.0673,1.0732,1.0619,1.0722,420,1968
2013-06-11,1.0703,1.0844,1.0698,1.0818,447,1902
2013-06-12,1.0818,1.0902,1.0769,1.0847,345,1847
2013-06-13,1.0905,1.0949,1.0804,1.0849,434,1768
2013-06-14,1.0824,1.0855,1.0802,1.0843,802,1787
2013-06-17,1.088,1.088,1.0812,1.0812,213,445
2013-06-18,1.085,1.0907,1.0807,1.0884,312,472
2013-06-19,1.0854,1.0904,1.0736,1.0759,340,535
2013-06-20,1.0777,1.0815,1.0693,1.0788,269,593
2013-06-21,1.081,1.0826,1.0684,1.0715,169,523
2013-06-24,1.0688,1.0747,1.0671,1.0729,205,514
2013-06-25,1.0732,1.0738,1.0637,1.0673,223,534
2013-06-26,1.0657,1.0677,1.0598,1.0611,0,534
2013-06-28,1.0597,1.0632,1.0562,1.0604,277,594
2013-07-01,1.0588,1.0592,1.0529,1.058,240,596
2013-07-02,1.059,1.0591,1.0501,1.0526,195,615
2013-07-03,1.0521,1.0572,1.0509,1.0572,186,613
2013-07-05,1.0541,1.0576,1.0357,1.0381,370,725
2013-07-08,1.0358,1.0394,1.0348,1.0385,242,686
2013-07-09,1.0373,1.0374,1.026,1.0288,241,736
2013-07-10,1.028,1.0432,1.027,1.0362,236,716
2013-07-11,1.048,1.0635,1.0479,1.0573,455,566
2013-07-12,1.0563,1.0599,1.0517,1.0569,116,577
2013-07-15,1.057,1.0578,1.0494,1.0554,164,581
2013-07-16,1.0549,1.0667,1.054,1.0644,358,456
2013-07-17,1.0626,1.0691,1.0593,1.0629,308,459
2013-07-18,1.0596,1.0634,1.0556,1.0585,85,479
2013-07-19,1.0621,1.0646,1.0576,1.0628,73,460
2013-07-22,1.0637,1.0732,1.0637,1.0685,84,440
2013-07-23,1.0679,1.0708,1.0636,1.0707,50,440
2013-07-24,1.0701,1.071,1.0657,1.0668,95,443
2013-07-25,1.0676,1.0776,1.0649,1.0737,175,439
2013-07-26,1.0748,1.0799,1.0748,1.0773,76,457
2013-07-29,1.0777,1.0791,1.0732,1.0754,76,464
2013-07-30,1.0737,1.0788,1.0729,1.0766,84,450
2013-07-31,1.0759,1.0839,1.0715,1.0832,159,473
2013-08-01,1.0801,1.0807,1.0673,1.0681,138,504
2013-08-02,1.0666,1.0788,1.0654,1.0772,256,562
2013-08-05,1.0754,1.0786,1.0719,1.0777,67,585
2013-08-06,1.081,1.0827,1.0762,1.0803,41,582
2013-08-07,1.0821,1.0864,1.077,1.0853,128,600
2013-08-08,1.086,1.0903,1.0841,1.088,149,643
2013-08-09,1.0865,1.0883,1.0838,1.0844,44,655
2013-08-12,1.0838,1.0849,1.0774,1.0815,28,657
2013-08-13,1.0795,1.08,1.0699,1.0719,168,669
2013-08-14,1.0728,1.0729,1.0667,1.07,192,713
2013-08-15,1.0698,1.0816,1.0646,1.0806,269,715
2013-08-16,1.0803,1.0852,1.0771,1.08,119,756
2013-08-19,1.0779,1.0838,1.0774,1.0833,73,751
2013-08-20,1.0832,1.0935,1.0814,1.0907,133,744
2013-08-21,1.0902,1.0913,1.0831,1.0856,107,734
2013-08-22,1.083,1.0844,1.0767,1.0826,102,691
2013-08-23,1.0838,1.0883,1.0798,1.085,64,706
2013-08-26,1.0849,1.0859,1.0818,1.0834,42,711
2013-08-27,1.086,1.0905,1.0838,1.0891,139,743
2013-08-28,1.0899,1.0904,1.083,1.0852,135,680
2013-08-29,1.0846,1.085,1.0729,1.0744,176,640
2013-08-30,1.0746,1.0765,1.0717,1.0742,175,602
2013-09-03,1.0732,1.0732,1.0653,1.068,97,591
2013-09-04,1.0677,1.0698,1.0659,1.0683,248,516
2013-09-05,1.0688,1.0692,1.0578,1.0584,226,454
2013-09-06,1.0584,1.0699,1.0578,1.0664,419,445
2013-09-09,1.0655,1.0751,1.0651,1.073,93,440
2013-09-10,1.0719,1.0731,1.0678,1.0698,183,500
2013-09-11,1.0699,1.077,1.067,1.0751,195,395
2013-09-12,1.0749,1.0784,1.0716,1.075,308,450
2013-09-13,1.074,1.0773,1.069,1.0763,134,478
2013-09-16,1.08,1.0834,1.08,1.0805,120,191
2013-09-17,1.0792,1.0817,1.0785,1.0808,55,204
2013-09-18,1.0805,1.0987,1.0797,1.0956,470,343
2013-09-19,1.1,1.1007,1.0951,1.0989,377,459
2013-09-20,1.0986,1.1008,1.0964,1.0993,160,474
2013-09-23,1.0994,1.1014,1.0962,1.0986,117,532
2013-09-24,1.0986,1.0996,1.0958,1.0967,237,642
2013-09-25,1.096,1.1024,1.0949,1.1004,145,694
2013-09-26,1.0997,1.101,1.0975,1.0993,130,673
2013-09-27,1.0992,1.1091,1.0985,1.1047,321,844
2013-09-30,1.1045,1.1086,1.1034,1.1069,203,866
2013-10-01,1.1059,1.1125,1.1027,1.1047,211,937
2013-10-02,1.1047,1.1125,1.1024,1.1085,108,963
2013-10-03,1.1091,1.1156,1.1077,1.1123,120,992
2013-10-04,1.1133,1.1141,1.1019,1.1031,127,954
2013-10-07,1.1035,1.1097,1.1035,1.1071,78,965
2013-10-08,1.1079,1.1089,1.1039,1.1063,132,953
2013-10-09,1.1081,1.1098,1.0964,1.0992,132,912
2013-10-10,1.0994,1.1014,1.096,1.0989,92,917
2013-10-11,1.0987,1.103,1.0957,1.0979,0,917
2013-10-15,1.0981,1.1001,1.0902,1.0958,325,995
2013-10-16,1.0966,1.0996,1.0905,1.0952,131,1000
2013-10-17,1.0979,1.1105,1.094,1.1092,233,1152
2013-10-18,1.1078,1.1108,1.1072,1.1087,134,1197
2013-10-21,1.1087,1.1107,1.1062,1.109,137,1227
2013-10-22,1.1075,1.119,1.1068,1.1182,137,1280
2013-10-23,1.118,1.1226,1.1158,1.1216,86,1307
2013-10-24,1.121,1.1251,1.1206,1.1215,143,1352
2013-10-25,1.1208,1.1248,1.116,1.1207,89,1338
2013-10-28,1.121,1.1211,1.1162,1.1186,74,1332
2013-10-29,1.1169,1.1184,1.1113,1.1132,84,1299
2013-10-30,1.1108,1.1177,1.1086,1.1116,206,1335
2013-10-31,1.112,1.1125,1.1022,1.1047,169,1341
2013-11-01,1.1029,1.1029,1.0947,1.0961,275,1341
2013-11-04,1.0961,1.1002,1.0931,1.0998,229,1344
2013-11-05,1.0998,1.0998,1.0935,1.0958,105,1368
2013-11-06,1.0964,1.0993,1.0946,1.0969,142,1381
2013-11-07,1.0966,1.0978,1.0808,1.092,417,1323
2013-11-08,1.0909,1.0929,1.0818,1.0842,241,1408
2013-11-11,1.0835,1.0883,1.0834,1.0871,76,1402
2013-11-12,1.0857,1.0926,1.0842,1.0893,191,1320
2013-11-13,1.09,1.096,1.0872,1.0931,278,1322
2013-11-14,1.094,1.0952,1.0887,1.0914,95,1314
2013-11-15,1.0901,1.0956,1.0883,1.0929,62,1301
2013-11-18,1.0931,1.0997,1.0919,1.0948,87,1289
2013-11-19,1.0957,1.0987,1.0938,1.0974,68,1289
2013-11-20,1.0992,1.1013,1.0882,1.0894,183,1366
2013-11-21,1.0905,1.0953,1.0886,1.093,123,1374
2013-11-22,1.0946,1.1031,1.0932,1.1025,270,1312
2013-11-25,1.1026,1.1035,1.0953,1.0967,114,1282
2013-11-26,1.0973,1.1037,1.0973,1.1036,125,1260
2013-11-27,1.1046,1.1062,1.1,1.1015,101,1259
2013-11-29,1.1015,1.1075,1.1008,1.1028,176,1276
2013-12-02,1.103,1.1057,1.0978,1.1007,85,1262
2013-12-03,1.1009,1.1086,1.0991,1.1055,113,1278
2013-12-04,1.1052,1.1096,1.1018,1.1079,302,1260
2013-12-05,1.1078,1.1164,1.1053,1.1163,172,1247
2013-12-06,1.1152,1.122,1.1133,1.1206,162,1244
2013-12-09,1.1216,1.1242,1.1195,1.1232,79,1247
2013-12-10,1.1245,1.1299,1.1228,1.1272,136,1257
2013-12-11,1.127,1.1312,1.1254,1.1278,454,1403
2013-12-12,1.1288,1.1295,1.1195,1.1242,798,1543
2013-12-13,1.1245,1.1282,1.122,1.1236,349,1584
2013-12-16,1.123,1.1274,1.1226,1.1274,136,488
2013-12-17,1.1301,1.1331,1.1254,1.1309,119,503
2013-12-18,1.1309,1.1325,1.1185,1.1273,204,467
2013-12-19,1.1202,1.1202,1.1136,1.1138,196,452
2013-12-20,1.1134,1.1203,1.1119,1.1171,87,441
2013-12-23,1.1173,1.1213,1.1161,1.119,87,459
2013-12-24,1.1193,1.1196,1.1154,1.1169,65,481
2013-12-26,1.118,1.118,1.1159,1.1164,11,479
2013-12-27,1.1199,1.1371,1.1163,1.1211,68,476
2013-12-30,1.1231,1.1292,1.1203,1.1277,0,476
2014-01-02,1.12,1.12,1.1083,1.1107,90,466
2014-01-03,1.1119,1.1129,1.1048,1.106,73,476
2014-01-06,1.105,1.1091,1.1031,1.1067,148,480
2014-01-07,1.1061,1.1068,1.0997,1.1012,163,444
2014-01-08,1.1002,1.1022,1.0961,1.0987,298,389
2014-01-09,1.0978,1.1037,1.0965,1.1013,226,399
2014-01-10,1.1025,1.1109,1.1004,1.1076,351,387
2014-01-13,1.1076,1.1132,1.1058,1.1125,187,392
2014-01-14,1.1118,1.1131,1.1078,1.1082,94,390
2014-01-15,1.1079,1.1079,1.0985,1.1008,63,396
2014-01-16,1.1013,1.1075,1.0992,1.1058,172,397
2014-01-17,1.1054,1.106,1.0968,1.0979,228,389
2014-01-21,1.0971,1.1011,1.0926,1.0991,248,426
2014-01-22,1.0991,1.1006,1.0967,1.0975,88,423
2014-01-23,1.0964,1.116,1.0954,1.1148,412,421
2014-01-24,1.1145,1.1236,1.1129,1.1177,650,449
2014-01-27,1.1184,1.1199,1.1136,1.115,180,467
2014-01-28,1.1165,1.1169,1.1104,1.1144,152,503
2014-01-29,1.1122,1.1196,1.1103,1.1185,151,511
2014-01-30,1.1179,1.1179,1.1057,1.1075,293,542
2014-01-31,1.1086,1.1104,1.1015,1.1024,446,444
2014-02-03,1.1039,1.1109,1.1016,1.1105,288,453
2014-02-04,1.1088,1.1101,1.1039,1.1061,215,425
2014-02-05,1.106,1.1108,1.1045,1.1074,200,403
2014-02-06,1.1063,1.1154,1.1036,1.1105,567,416
2014-02-07,1.1103,1.1163,1.1088,1.1144,167,408
2014-02-10,1.113,1.1164,1.1123,1.1152,133,385
2014-02-11,1.1149,1.1188,1.1129,1.1137,220,393
2014-02-12,1.1129,1.1152,1.1068,1.1109,205,393
2014-02-13,1.1114,1.1215,1.1104,1.1185,411,480
2014-02-14,1.119,1.1232,1.1189,1.1218,129,466
2014-02-18,1.1217,1.1277,1.1203,1.1259,320,521
2014-02-19,1.1265,1.1293,1.1244,1.1263,175,523
2014-02-20,1.125,1.1288,1.122,1.1247,186,540
2014-02-21,1.1248,1.1278,1.1225,1.1276,107,558
2014-02-24,1.1273,1.1298,1.1224,1.1251,154,549
2014-02-25,1.1252,1.1294,1.1249,1.1275,532,549
2014-02-26,1.1276,1.1278,1.12,1.1224,182,556
2014-02-27,1.1231,1.1273,1.1214,1.1259,252,596
2014-02-28,1.1263,1.1396,1.1252,1.139,685,666
2014-03-03,1.1385,1.1385,1.1319,1.1323,327,706
2014-03-04,1.132,1.1331,1.1263,1.1271,311,696
2014-03-05,1.1266,1.1286,1.1244,1.1266,111,691
2014-03-06,1.1255,1.137,1.1248,1.1359,361,682
2014-03-07,1.1362,1.142,1.1344,1.1399,218,703
2014-03-10,1.139,1.1413,1.1373,1.1386,213,698
2014-03-11,1.138,1.1407,1.1358,1.1398,119,704
2014-03-12,1.1401,1.1448,1.138,1.1439,275,716
2014-03-13,1.1439,1.1515,1.1424,1.1424,460,738
2014-03-14,1.1426,1.149,1.138,1.146,306,685
2014-03-17,1.1472,1.1483,1.143,1.146,119,367
2014-03-18,1.1455,1.147,1.1412,1.1454,82,374
2014-03-19,1.1455,1.1462,1.1333,1.1345,406,335
2014-03-20,1.1351,1.1369,1.1283,1.1324,270,334
2014-03-21,1.1325,1.1351,1.1317,1.1338,149,368
2014-03-24,1.1345,1.1387,1.1287,1.1359,132,371
2014-03-25,1.1363,1.1369,1.127,1.1336,260,387
2014-03-26,1.1336,1.1336,1.1282,1.1311,138,364
2014-03-27,1.131,1.1317,1.1277,1.1291,81,357
2014-03-28,1.1284,1.1307,1.1244,1.1283,153,359
2014-03-31,1.1284,1.1338,1.1256,1.1318,123,352
2014-04-01,1.1317,1.135,1.1308,1.1325,80,370
2014-04-02,1.1324,1.1345,1.1274,1.1284,91,354
2014-04-03,1.128,1.1312,1.1208,1.1225,281,385
2014-04-04,1.1215,1.1235,1.1176,1.1218,147,388
2014-04-07,1.1214,1.1276,1.1212,1.1271,133,376
2014-04-08,1.1268,1.1335,1.1268,1.1328,211,396
2014-04-09,1.1322,1.1382,1.1312,1.1376,260,470
2014-04-10,1.1373,1.1433,1.1362,1.1419,144,468
2014-04-11,1.1419,1.1442,1.1407,1.1431,151,465
2014-04-14,1.1405,1.1414,1.1363,1.1373,133,484
2014-04-15,1.1366,1.139,1.1346,1.1364,97,483
2014-04-16,1.1364,1.1392,1.1327,1.1351,171,501
2014-04-17,1.1356,1.1396,1.1324,1.134,396,528
2014-04-21,1.1315,1.1342,1.1283,1.1308,16,526
2014-04-22,1.1302,1.1325,1.129,1.1303,204,498
2014-04-23,1.1304,1.1358,1.1301,1.1327,210,506
2014-04-24,1.1326,1.135,1.1296,1.1341,180,515
2014-04-25,1.1347,1.1365,1.1342,1.1356,74,522
2014-04-28,1.1349,1.1406,1.1335,1.137,144,527
2014-04-29,1.1365,1.1385,1.131,1.1321,150,516
2014-04-30,1.1318,1.1378,1.1302,1.1369,220,536
2014-05-01,1.1369,1.1387,1.1365,1.1377,145,539
2014-05-02,1.1372,1.1402,1.1315,1.1393,212,534
2014-05-05,1.1399,1.1411,1.1392,1.1399,94,548
2014-05-06,1.1393,1.1469,1.1393,1.1449,199,575
2014-05-07,1.1441,1.1452,1.1416,1.142,110,558
2014-05-08,1.1414,1.1493,1.1362,1.1376,481,536
2014-05-09,1.1365,1.1365,1.1273,1.1274,185,504
2014-05-12,1.1276,1.129,1.1262,1.1262,181,517
2014-05-13,1.1265,1.1281,1.1228,1.1234,154,526
2014-05-14,1.124,1.1258,1.1234,1.1239,90,513
2014-05-15,1.127,1.127,1.1164,1.1237,323,550
2014-05-16,1.1229,1.124,1.121,1.1216,148,583
2014-05-19,1.1216,1.1231,1.1209,1.1216,129,596
2014-05-20,1.1214,1.122,1.1189,1.1209,86,603
2014-05-21,1.1218,1.1241,1.1157,1.119,265,613
2014-05-22,1.1198,1.1207,1.1173,1.1177,145,657
2014-05-23,1.1167,1.1183,1.1149,1.1162,200,702
2014-05-27,1.1162,1.119,1.1136,1.1152,323,671
2014-05-28,1.115,1.1157,1.1126,1.1134,170,680
2014-05-29,1.1167,1.1167,1.1134,1.1141,100,669
2014-05-30,1.1122,1.1196,1.1122,1.1174,197,657
2014-06-02,1.1166,1.117,1.1119,1.1127,207,637
2014-06-03,1.1132,1.1173,1.1117,1.1152,175,631
2014-06-04,1.1157,1.1175,1.1135,1.1147,130,618
2014-06-05,1.1148,1.1225,1.1067,1.1216,380,653
2014-06-06,1.1217,1.1224,1.1172,1.1196,169,626
2014-06-09,1.1197,1.121,1.1137,1.1143,148,594
2014-06-10,1.1147,1.1154,1.1103,1.1121,311,704
2014-06-11,1.1107,1.1135,1.1098,1.1111,155,694
2014-06-12,1.1161,1.1161,1.1079,1.1139,470,698
2014-06-13,1.115,1.1153,1.1081,1.1105,262,756
2014-06-16,1.1127,1.1161,1.1105,1.1149,123,439
2014-06-17,1.1153,1.1162,1.1114,1.1123,108,465
2014-06-18,1.1128,1.1173,1.1122,1.1136,208,468
2014-06-19,1.1165,1.123,1.1162,1.1189,299,582
2014-06-20,1.12,1.1212,1.1151,1.1171,127,551
2014-06-23,1.1175,1.1193,1.1159,1.1192,217,720
2014-06-24,1.1148,1.1211,1.1148,1.1191,169,787
2014-06-25,1.1193,1.1234,1.1187,1.1207,260,721
2014-06-26,1.1208,1.1214,1.1173,1.1195,129,723
2014-06-27,1.1201,1.1235,1.1198,1.1229,98,725
2014-06-30,1.1234,1.129,1.1226,1.1287,184,723
2014-07-01,1.1284,1.1298,1.1271,1.1276,203,717
2014-07-02,1.1275,1.1276,1.1245,1.1253,149,752
2014-07-03,1.1254,1.1258,1.1165,1.1193,154,752
2014-07-07,1.1184,1.1204,1.1171,1.1202,98,699
2014-07-08,1.1201,1.1215,1.1186,1.1205,63,695
2014-07-09,1.1205,1.1234,1.1196,1.1233,89,729
2014-07-10,1.1229,1.1236,1.12,1.1209,64,732
2014-07-11,1.1205,1.1225,1.1201,1.1215,44,738
2014-07-14,1.1206,1.1243,1.1202,1.1217,97,733
2014-07-15,1.122,1.1225,1.1163,1.1168,195,673
2014-07-16,1.1166,1.1169,1.113,1.1133,157,648
2014-07-17,1.1137,1.1154,1.1132,1.1145,126,615
2014-07-18,1.1146,1.1152,1.1111,1.1141,127,623
2014-07-21,1.1139,1.115,1.1129,1.114,58,642
2014-07-22,1.1138,1.1143,1.1069,1.1086,143,650
2014-07-23,1.1087,1.1094,1.1078,1.1083,53,666
2014-07-24,1.1084,1.1104,1.1069,1.1082,105,655
2014-07-25,1.1084,1.1091,1.104,1.1057,151,641
2014-07-28,1.1029,1.107,1.1029,1.1061,121,659
2014-07-29,1.1063,1.1068,1.1024,1.103,108,666
2014-07-30,1.1029,1.1034,1.0985,1.1004,248,661
2014-07-31,1.1012,1.102,1.0989,1.1007,103,673
2014-08-01,1.1007,1.1063,1.0998,1.1043,239,683
2014-08-04,1.1041,1.1043,1.1026,1.1031,82,695
2014-08-05,1.1032,1.1033,1.0979,1.0998,121,697
2014-08-06,1.0998,1.1027,1.0975,1.1017,146,709
2014-08-07,1.1018,1.1031,1.0986,1.1005,150,733
2014-08-08,1.1,1.1072,1.0994,1.1048,259,754
2014-08-11,1.1044,1.1044,1.1032,1.1033,41,751
2014-08-12,1.1032,1.1032,1.0987,1.102,94,758
2014-08-13,1.1019,1.1062,1.0994,1.1025,283,612
2014-08-14,1.1022,1.107,1.101,1.1036,196,642
2014-08-15,1.1028,1.1084,1.1027,1.108,164,671
2014-08-18,1.1072,1.108,1.1029,1.1034,95,687
2014-08-19,1.1026,1.1038,1.0998,1.1002,83,732
2014-08-20,1.0998,1.1002,1.0946,1.0954,91,734
2014-08-21,1.0949,1.0977,1.0936,1.0974,94,757
2014-08-22,1.0969,1.0985,1.0926,1.0943,598,789
2014-08-25,1.0919,1.0939,1.0905,1.0927,116,833
2014-08-26,1.0917,1.0943,1.0895,1.0903,67,843
2014-08-27,1.0893,1.0944,1.089,1.0934,122,879
2014-08-28,1.0938,1.0957,1.0917,1.0931,97,868
2014-08-29,1.0926,1.0943,1.0889,1.0889,122,856
2014-09-02,1.0886,1.0896,1.0857,1.0877,315,913
2014-09-03,1.0881,1.0898,1.0871,1.0895,235,881
2014-09-04,1.0895,1.0897,1.072,1.0723,470,869
2014-09-05,1.0722,1.0771,1.0713,1.0743,228,760
2014-09-08,1.0743,1.0743,1.0686,1.0701,401,822
2014-09-09,1.0683,1.0734,1.0662,1.0707,239,840
2014-09-10,1.0724,1.073,1.0644,1.0669,386,798
2014-09-11,1.0698,1.0704,1.067,1.0687,427,944
2014-09-12,1.0685,1.0748,1.068,1.0707,230,998
2014-09-15,1.0678,1.0723,1.0645,1.0692,146,480
2014-09-16,1.0702,1.076,1.0691,1.0731,103,481
2014-09-17,1.073,1.0734,1.0623,1.0672,469,504
2014-09-18,1.0622,1.0721,1.0612,1.071,347,513
2014-09-19,1.0714,1.0719,1.0637,1.064,100,521
2014-09-22,1.0636,1.0671,1.0623,1.0636,183,607
2014-09-23,1.0647,1.0698,1.0643,1.0656,129,646
2014-09-24,1.0648,1.0657,1.0581,1.0587,68,644
2014-09-25,1.0582,1.0582,1.0517,1.0569,132,689
2014-09-26,1.056,1.0577,1.0511,1.0519,62,712
2014-09-29,1.0515,1.0545,1.05,1.0524,102,703
2014-09-30,1.0517,1.0533,1.0427,1.0479,151,749
2014-10-01,1.0476,1.0482,1.0429,1.0456,109,761
2014-10-02,1.0469,1.0513,1.0444,1.0492,181,723
2014-10-03,1.0492,1.0492,1.0333,1.0338,148,718
2014-10-06,1.0346,1.0457,1.0337,1.0416,287,659
2014-10-07,1.0439,1.0468,1.0396,1.0453,175,642
2014-10-08,1.044,1.0519,1.0422,1.0506,109,618
2014-10-09,1.0513,1.0564,1.0466,1.0485,168,653
2014-10-10,1.0477,1.0498,1.043,1.0443,103,676
2014-10-13,1.0454,1.056,1.0454,1.0491,92,658
2014-10-14,1.0544,1.0548,1.0472,1.0484,94,618
2014-10-15,1.048,1.0687,1.0465,1.0596,950,562
2014-10-16,1.0625,1.0639,1.0542,1.0606,256,565
2014-10-17,1.0602,1.0636,1.056,1.0581,78,563
2014-10-20,1.0555,1.0624,1.0553,1.0619,197,600
2014-10-21,1.0611,1.0643,1.0538,1.0549,165,603
2014-10-22,1.0536,1.0559,1.0484,1.0488,100,619
2014-10-23,1.0487,1.051,1.0465,1.0488,119,627
2014-10-24,1.0484,1.0532,1.048,1.0504,73,643
2014-10-27,1.051,1.0555,1.0507,1.0545,81,665
2014-10-28,1.0533,1.059,1.0518,1.0565,88,702
2014-10-29,1.0565,1.0594,1.0476,1.0489,116,714
2014-10-30,1.0479,1.0479,1.0409,1.0463,100,710
2014-10-31,1.0459,1.0465,1.0354,1.0392,277,704
2014-11-03,1.0376,1.0381,1.0324,1.0367,73,722
2014-11-04,1.0361,1.044,1.0361,1.0427,137,738
2014-11-05,1.0426,1.0436,1.0354,1.0369,178,781
2014-11-06,1.0364,1.0415,1.0273,1.0291,311,780
2014-11-07,1.0285,1.0364,1.0269,1.0342,199,769
2014-11-10,1.0358,1.0401,1.033,1.0332,106,750
2014-11-11,1.0335,1.0392,1.0313,1.0363,63,750
2014-11-12,1.0368,1.0394,1.0334,1.0344,105,719
2014-11-13,1.0339,1.0395,1.0339,1.0391,131,759
2014-11-14,1.038,1.0447,1.0324,1.0429,225,781
2014-11-17,1.0428,1.0469,1.0361,1.0368,107,809
2014-11-18,1.0362,1.0446,1.0362,1.0436,63,836
2014-11-19,1.0436,1.0492,1.0419,1.0444,94,836
2014-11-20,1.0443,1.0469,1.0413,1.0445,194,872
2014-11-21,1.0455,1.0457,1.0302,1.031,149,850
2014-11-24,1.0292,1.0349,1.0288,1.0343,93,893
2014-11-25,1.0341,1.038,1.0314,1.0369,103,926
2014-11-26,1.0379,1.0423,1.0348,1.0411,84,936
2014-11-28,1.0403,1.0418,1.0343,1.035,102,969
2014-12-01,1.0345,1.0401,1.0325,1.0374,94,987
2014-12-02,1.0363,1.0363,1.0279,1.0282,106,967
2014-12-03,1.0288,1.0292,1.0223,1.0228,145,948
2014-12-04,1.0234,1.0364,1.0208,1.0288,780,942
2014-12-05,1.0289,1.0305,1.0206,1.0222,79,950
2014-12-08,1.0226,1.0269,1.0187,1.0252,283,850
2014-12-09,1.0237,1.0359,1.0227,1.0298,372,907
2014-12-10,1.0288,1.0347,1.0287,1.0339,218,911
2014-12-11,1.0364,1.0374,1.0301,1.031,516,1015
2014-12-12,1.0318,1.0415,1.0318,1.0367,203,1021
2014-12-15,1.0343,1.0343,1.0343,1.0343,54,394
2014-12-16,1.0371,1.0478,1.0367,1.0409,296,431
2014-12-17,1.0424,1.0434,1.0276,1.0281,208,433
2014-12-18,1.0282,1.0298,1.017,1.0218,434,566
2014-12-19,1.0219,1.0234,1.0172,1.0176,153,557
2014-12-22,1.0174,1.0213,1.0171,1.0172,74,545
2014-12-23,1.0174,1.0191,1.0132,1.0142,112,537
2014-12-24,1.0143,1.0178,1.0138,1.0153,90,552
2014-12-26,1.0172,1.018,1.0135,1.0141,72,603
2014-12-29,1.014,1.0174,1.011,1.0122,219,640
2014-12-30,1.0116,1.0146,1.0095,1.0121,156,631
2014-12-31,1.0118,1.0133,1.0069,1.0074,55,636
2015-01-02,1.0073,1.0077,0.9989,1.0001,123,643
2015-01-05,0.9943,0.9977,0.9905,0.9948,164,609
2015-01-06,0.9946,0.9969,0.9905,0.993,185,572
2015-01-07,0.9898,0.9917,0.984,0.9879,171,546
2015-01-08,0.9867,0.9875,0.98,0.9821,97,555
2015-01-09,0.9829,0.9874,0.9806,0.9871,142,598
2015-01-12,0.9891,0.9893,0.9825,0.9869,186,602
2015-01-13,0.986,0.9883,0.9798,0.9806,49,594
2015-01-14,0.9819,0.9875,0.9777,0.9817,108,608
2015-01-15,0.9826,1.2,0.9794,1.1484,1274,568
2015-01-16,1.1745,1.1857,1.137,1.17,1098,466
2015-01-20,1.165,1.1735,1.1356,1.1427,848,535
2015-01-21,1.1467,1.1814,1.1441,1.1681,323,462
2015-01-22,1.165,1.1781,1.1476,1.1519,233,498
2015-01-23,1.153,1.157,1.1398,1.1439,131,470
2015-01-26,1.1409,1.146,1.1089,1.114,150,491
2015-01-27,1.1103,1.1214,1.094,1.116,207,467
2015-01-28,1.1129,1.1189,1.1028,1.1067,77,471
2015-01-29,1.106,1.106,1.0832,1.0835,147,468
2015-01-30,1.0865,1.0936,1.0785,1.0928,165,473
2015-02-02,1.0855,1.0892,1.0724,1.08,91,493
2015-02-03,1.0796,1.0908,1.0786,1.0861,100,491
2015-02-04,1.0841,1.0881,1.0803,1.0848,58,478
2015-02-05,1.083,1.0883,1.0761,1.0858,62,468
2015-02-06,1.0846,1.0917,1.0774,1.0806,88,470
2015-02-09,1.0829,1.0894,1.079,1.0874,56,478
2015-02-10,1.0831,1.0867,1.0796,1.081,83,480
2015-02-11,1.0796,1.0849,1.0772,1.0795,43,461
2015-02-12,1.0784,1.0814,1.0726,1.0751,71,469
2015-02-13,1.0756,1.0801,1.0727,1.0733,54,441
2015-02-17,1.0742,1.0782,1.068,1.0687,98,465
2015-02-18,1.0692,1.0744,1.0594,1.0609,88,512
2015-02-19,1.0628,1.0664,1.0538,1.0538,122,516
2015-02-20,1.0537,1.0675,1.0489,1.062,137,529
2015-02-23,1.0645,1.0658,1.0508,1.0529,72,527
2015-02-24,1.0534,1.0564,1.0511,1.053,36,540
2015-02-25,1.0525,1.0605,1.0523,1.0561,110,553
2015-02-26,1.0555,1.0586,1.0481,1.0492,64,573
2015-02-27,1.0501,1.0586,1.0479,1.0479,125,563
2015-03-02,1.0486,1.0492,1.0425,1.0425,75,551
2015-03-03,1.0455,1.0463,1.0403,1.041,56,561
2015-03-04,1.0411,1.0425,1.0331,1.0387,151,590
2015-03-05,1.0382,1.0382,1.0261,1.0261,109,556
2015-03-06,1.027,1.0285,1.0147,1.0156,159,614
2015-03-09,1.0136,1.0178,1.0132,1.0158,105,598
2015-03-10,1.0146,1.0146,1.0004,1.0017,156,607
2015-03-11,1.0004,1.0029,0.9897,0.9897,132,660
2015-03-12,0.9892,1.0045,0.9878,0.9933,403,657
2015-03-13,0.9943,0.9949,0.9897,0.9926,88,570
2015-03-16,0.999,0.999,0.9958,0.9958,59,263
2015-03-17,0.996,1.0022,0.9945,0.9966,97,230
2015-03-18,0.9986,1.0364,0.9986,1.0154,134,223
2015-03-19,1.0192,1.0264,1.0051,1.0125,156,218
2015-03-20,1.0146,1.0309,1.0135,1.0273,127,233
2015-03-23,1.0263,1.0402,1.0225,1.0376,129,227
2015-03-24,1.0398,1.0517,1.035,1.0469,166,230
2015-03-25,1.0466,1.0498,1.043,1.0431,78,231
2015-03-26,1.0456,1.057,1.039,1.041,156,204
2015-03-27,1.041,1.0494,1.0352,1.0445,56,204
2015-03-30,1.0431,1.0441,1.0353,1.0368,46,206
2015-03-31,1.0346,1.0386,1.028,1.0315,90,236
2015-04-01,1.032,1.0396,1.0295,1.0378,54,239
2015-04-02,1.0395,1.0486,1.0369,1.0458,0,239
2015-04-06,1.0526,1.0554,1.0442,1.0489,21,234
2015-04-07,1.0485,1.0485,1.037,1.0383,37,247
2015-04-08,1.0402,1.0444,1.0364,1.0397,38,249
2015-04-09,1.0327,1.0343,1.0241,1.0241,77,255
2015-04-10,1.0252,1.0277,1.0191,1.0249,40,259
2015-04-13,1.0223,1.0267,1.0165,1.0252,79,320
2015-04-14,1.0242,1.036,1.0237,1.0301,55,322
2015-04-15,1.0279,1.04,1.026,1.0398,31,324
2015-04-16,1.0381,1.0504,1.0321,1.05,61,330
2015-04-17,1.0486,1.0554,1.046,1.0511,79,340
2015-04-20,1.0457,1.0548,1.0444,1.0478,14,344
2015-04-21,1.0464,1.054,1.0415,1.0491,42,371
2015-04-22,1.0506,1.0544,1.0316,1.0334,70,420
2015-04-23,1.0362,1.0511,1.0312,1.0495,41,408
2015-04-24,1.0502,1.0533,1.0466,1.0504,52,375
2015-04-27,1.0469,1.0551,1.0456,1.0478,26,371
2015-04-28,1.0476,1.0538,1.0439,1.0498,67,360
2015-04-29,1.0478,1.0721,1.0466,1.066,108,369
2015-04-30,1.0638,1.0759,1.0603,1.0757,97,356
2015-05-01,1.076,1.0795,1.0713,1.072,37,364
2015-05-04,1.0733,1.0751,1.0676,1.0717,19,368
2015-05-05,1.0711,1.0838,1.0642,1.0813,50,357
2015-05-06,1.0808,1.0986,1.0793,1.0938,75,365
2015-05-07,1.0928,1.1035,1.0855,1.0866,48,392
2015-05-08,1.0832,1.0881,1.075,1.0751,84,404
2015-05-11,1.0724,1.0766,1.0706,1.0722,33,405
2015-05-12,1.0738,1.0866,1.07,1.0782,52,418
2015-05-13,1.0774,1.0933,1.0774,1.0923,49,435
2015-05-14,1.0921,1.1023,1.091,1.0964,43,459
2015-05-15,1.0912,1.0979,1.0818,1.0952,35,453
2015-05-18,1.0914,1.0932,1.0808,1.0811,44,431
2015-05-19,1.0809,1.0822,1.0668,1.0677,114,452
2015-05-20,1.0684,1.0714,1.0644,1.0698,25,448
2015-05-21,1.0673,1.075,1.067,1.0698,21,444
2015-05-22,1.073,1.0773,1.0584,1.0615,43,457
2015-05-26,1.061,1.0637,1.0494,1.0501,92,498
2015-05-27,1.0503,1.0565,1.0485,1.0516,132,533
2015-05-28,1.0572,1.0621,1.0519,1.0615,173,613
2015-05-29,1.0604,1.07,1.0558,1.0643,69,631
2015-06-01,1.0612,1.063,1.0551,1.0578,34,648
2015-06-02,1.0629,1.0745,1.0574,1.073,60,617
2015-06-03,1.0707,1.0749,1.0618,1.0691,31,612
2015-06-04,1.0696,1.0778,1.0676,1.0722,93,631
2015-06-05,1.0717,1.0753,1.0537,1.0647,41,629
2015-06-08,1.0658,1.0804,1.061,1.0764,39,617
2015-06-09,1.0786,1.0815,1.072,1.0741,112,617
2015-06-10,1.0815,1.083,1.073,1.0734,70,526
2015-06-11,1.0748,1.0748,1.0662,1.0706,316,529
2015-06-12,1.071,1.0808,1.069,1.0773,99,504
2015-06-15,1.0777,1.0777,1.0691,1.0691,110,181
2015-06-16,1.0791,1.082,1.0748,1.0762,73,185
2015-06-17,1.0847,1.0908,1.0761,1.0883,122,189
2015-06-18,1.0896,1.0963,1.0851,1.0881,81,184
2015-06-19,1.0873,1.0946,1.0847,1.0937,62,188
2015-06-22,1.0916,1.0953,1.0876,1.0886,26,196
2015-06-23,1.0831,1.0888,1.0684,1.0722,150,193
2015-06-24,1.0752,1.0803,1.0706,1.0739,38,195
2015-06-25,1.0732,1.0752,1.0651,1.071,82,202
2015-06-26,1.0708,1.0782,1.0699,1.0706,82,196
2015-06-29,1.0655,1.0848,1.0639,1.0834,155,205
2015-06-30,1.0779,1.0841,1.0691,1.0722,52,204
2015-07-01,1.0674,1.0728,1.0567,1.0567,180,189
2015-07-02,1.0575,1.0643,1.0551,1.0625,50,193
2015-07-06,1.062,1.0664,1.0586,1.0633,125,199
2015-07-07,1.0613,1.0639,1.0537,1.0594,39,211
2015-07-08,1.0592,1.0653,1.0544,1.06,168,234
2015-07-09,1.0615,1.0633,1.0535,1.0565,32,237
2015-07-10,1.0578,1.074,1.0575,1.0645,82,209
2015-07-13,1.0659,1.0695,1.0545,1.0546,73,222
2015-07-14,1.0514,1.0661,1.0514,1.0603,108,196
2015-07-15,1.0603,1.0609,1.0495,1.0522,84,204
2015-07-16,1.0504,1.0527,1.0454,1.0462,70,220
2015-07-17,1.0462,1.048,1.0418,1.0427,41,222
2015-07-20,1.04,1.0432,1.0382,1.0389,72,218
2015-07-21,1.0394,1.0477,1.0384,1.0454,88,238
2015-07-22,1.0448,1.0475,1.0401,1.0419,91,222
2015-07-23,1.044,1.0513,1.0437,1.0459,127,226
2015-07-24,1.0442,1.046,1.0395,1.0406,106,235
2015-07-27,1.0427,1.0508,1.0396,1.04,82,244
2015-07-28,1.0411,1.0424,1.0349,1.0397,116,249
2015-07-29,1.0408,1.0431,1.0337,1.0364,75,232
2015-07-30,1.0347,1.0355,1.0304,1.0322,85,256
2015-07-31,1.0339,1.0488,1.0335,1.0346,196,261
2015-08-03,1.0356,1.0382,1.0321,1.0324,41,270
2015-08-04,1.0346,1.0355,1.0228,1.0229,108,284
2015-08-05,1.0235,1.0255,1.0195,1.0219,80,297
2015-08-06,1.0229,1.0246,1.0166,1.0204,71,309
2015-08-07,1.0199,1.022,1.0129,1.0182,78,334
2015-08-10,1.0168,1.0209,1.0122,1.0177,59,338
2015-08-11,1.0169,1.0211,1.0109,1.0118,92,341
2015-08-12,1.0124,1.0343,1.0124,1.0275,114,350
2015-08-13,1.0252,1.0283,1.022,1.0245,69,364
2015-08-14,1.0267,1.0287,1.0229,1.0247,35,366
2015-08-17,1.0222,1.0272,1.0215,1.0241,58,377
2015-08-18,1.0234,1.0261,1.0219,1.0238,63,351
2015-08-19,1.0267,1.0377,1.0264,1.0369,97,341
2015-08-20,1.0363,1.0438,1.035,1.0406,124,325
2015-08-21,1.0436,1.0575,1.0432,1.0554,139,295
2015-08-24,1.0567,1.0806,1.0561,1.0743,272,273
2015-08-25,1.0719,1.0747,1.0529,1.0606,126,276
2015-08-26,1.0586,1.0661,1.0478,1.0509,132,297
2015-08-27,1.05,1.0516,1.0345,1.0368,105,335
2015-08-28,1.0355,1.0442,1.0351,1.0388,86,315
2015-08-31,1.0389,1.0434,1.0326,1.0357,88,327
2015-09-01,1.0383,1.0452,1.0348,1.0413,101,335
2015-09-02,1.0407,1.0425,1.0314,1.0318,57,341
2015-09-03,1.0319,1.0329,1.0238,1.0272,70,338
2015-09-04,1.029,1.0327,1.0239,1.0279,130,344
2015-09-08,1.0287,1.031,1.0185,1.0195,140,346
2015-09-09,1.0209,1.0291,1.0183,1.0268,129,311
2015-09-10,1.0257,1.0305,1.0218,1.0283,418,312
2015-09-11,1.0299,1.032,1.0217,1.0319,111,307
2015-09-14,1.0355,1.0377,1.0324,1.0356,101,213
2015-09-15,1.0341,1.0376,1.0277,1.0295,73,219
2015-09-16,1.0302,1.0376,1.0277,1.0329,108,190
2015-09-17,1.0336,1.0455,1.0317,1.0434,129,202
2015-09-18,1.044,1.0526,1.0337,1.0404,146,189
2015-09-21,1.0375,1.0375,1.03,1.033,84,178
2015-09-22,1.0324,1.0331,1.0285,1.0287,117,177
2015-09-23,1.0272,1.03,1.0232,1.0261,80,176
2015-09-24,1.0246,1.037,1.0231,1.027,129,175
2015-09-25,1.0233,1.029,1.0188,1.0231,182,212
2015-09-28,1.025,1.0313,1.0217,1.0286,84,224
2015-09-29,1.0323,1.0349,1.0301,1.0329,53,216
2015-09-30,1.0283,1.0311,1.0257,1.0282,85,251
2015-10-01,1.0291,1.031,1.0242,1.0254,131,259
2015-10-02,1.0262,1.0391,1.0236,1.0329,186,287
2015-10-05,1.0335,1.0347,1.0263,1.0271,85,298
2015-10-06,1.0285,1.0371,1.0265,1.0369,82,336
2015-10-07,1.0349,1.0385,1.0291,1.0307,84,354
2015-10-08,1.0371,1.0412,1.0293,1.0369,103,318
2015-10-09,1.0392,1.0453,1.0358,1.0431,123,317
2015-10-12,1.0426,1.0441,1.0406,1.043,106,336
2015-10-13,1.0401,1.0486,1.039,1.0456,153,354
2015-10-14,1.0458,1.0565,1.0458,1.056,135,353
2015-10-15,1.0553,1.057,1.0489,1.0538,148,270
2015-10-16,1.0489,1.0546,1.0488,1.0533,64,262
2015-10-19,1.0504,1.0519,1.0461,1.0476,76,276
2015-10-20,1.0491,1.055,1.0468,1.0469,81,262
2015-10-21,1.0501,1.0512,1.0426,1.0446,86,227
2015-10-22,1.0445,1.0453,1.0284,1.0284,185,216
2015-10-23,1.0294,1.0312,1.022,1.0222,174,204
2015-10-26,1.0252,1.0263,1.0179,1.0181,132,212
2015-10-27,1.0211,1.0211,1.0143,1.0152,136,232
2015-10-28,1.0145,1.0195,1.0058,1.0065,181,251
2015-10-29,1.0073,1.0127,1.0059,1.011,109,275
2015-10-30,1.0113,1.017,1.0103,1.0131,225,323
2015-11-02,1.0147,1.0178,1.0123,1.0145,66,318
2015-11-03,1.0131,1.0169,1.0088,1.0109,100,310
2015-11-04,1.009,1.0128,1.0062,1.007,136,293
2015-11-05,1.0083,1.0087,1.0032,1.006,130,289
2015-11-06,1.006,1.0065,0.9936,0.9949,94,291
2015-11-09,0.995,1.0011,0.995,0.9977,91,292
2015-11-10,0.9989,0.9989,0.9925,0.9943,104,295
2015-11-11,0.9967,0.9979,0.9939,0.9956,72,298
2015-11-12,0.9975,1.0018,0.9927,0.9995,168,315
2015-11-13,1.0004,1.0007,0.9916,0.9935,74,338
2015-11-16,0.9937,0.9962,0.9908,0.9909,34,333
2015-11-17,0.9894,0.9914,0.9841,0.9862,97,329
2015-11-18,0.9868,0.9881,0.9794,0.9811,94,330
2015-11-19,0.9816,0.9884,0.9811,0.9879,80,339
2015-11-20,0.986,0.9884,0.9813,0.9823,56,336
2015-11-23,0.9803,0.9833,0.9787,0.9817,40,335
2015-11-24,0.9822,0.9861,0.9817,0.9859,51,333
2015-11-25,0.9845,0.9862,0.9753,0.9793,36,329
2015-11-27,0.9789,0.9795,0.9688,0.972,105,340
2015-11-30,0.9704,0.9752,0.9696,0.9734,59,350
2015-12-01,0.973,0.9755,0.9712,0.9737,96,343
2015-12-02,0.974,0.9826,0.9706,0.9818,192,312
2015-12-03,0.9809,1.0129,0.9743,1.012,182,328
2015-12-04,1.007,1.0106,0.9971,1.0038,227,291
2015-12-07,1.0033,1.0033,0.9972,1.0007,73,271
2015-12-08,0.9996,1.0084,0.9994,1.0076,157,319
2015-12-09,1.0084,1.0185,1.0059,1.0173,156,300
2015-12-10,1.0134,1.0154,1.0097,1.0115,259,332
2015-12-11,1.0127,1.02,1.0127,1.0182,229,345
2015-12-14,1.0205,1.026,1.0172,1.0196,141,143
2015-12-15,1.0227,1.0247,1.0121,1.014,36,141
2015-12-16,1.0135,1.0235,1.0127,1.0212,107,154
2015-12-17,1.012,1.0123,1.0056,1.0065,47,156
2015-12-18,1.009,1.0126,1.0066,1.0119,99,171
2015-12-21,1.0121,1.0145,1.0074,1.0128,65,148
2015-12-22,1.014,1.0184,1.0105,1.0163,47,175
2015-12-23,1.0125,1.0155,1.0093,1.0129,84,189
2015-12-24,1.015,1.0187,1.015,1.0166,47,154
2015-12-28,1.0157,1.018,1.0137,1.0161,16,155
2015-12-29,1.0159,1.0176,1.0093,1.0126,46,157
2015-12-30,1.0116,1.0174,1.0106,1.0158,31,163
2015-12-31,1.0109,1.0111,1.0007,1.0032,48,154
2016-01-04,1.002,1.0106,0.9967,1.0008,211,211
2016-01-05,1.0002,1.0021,0.9906,0.9944,164,267
2016-01-06,0.9935,0.9969,0.9907,0.9964,49,253
2016-01-07,0.9954,1.0104,0.9951,1.0099,282,319
2016-01-08,1.0088,1.0089,0.9976,1.007,79,319
2016-01-11,1.0097,1.0145,1.0004,1.0028,67,304
2016-01-12,1.0025,1.0057,0.9979,1,43,299
2016-01-13,0.9976,0.9986,0.9919,0.996,76,287
2016-01-14,0.9963,1.0012,0.9933,0.997,95,307
2016-01-15,0.9965,1.0062,0.9963,1.0001,116,338
2016-01-19,0.9973,1.0018,0.9942,1,144,290
2016-01-20,1.0015,1.0029,0.9964,0.9974,70,289
2016-01-21,0.9965,1.0006,0.9874,0.9949,94,302
2016-01-22,0.9942,0.9948,0.9856,0.9856,78,271
2016-01-25,0.9872,0.9942,0.9856,0.9867,66,253
2016-01-26,0.9891,0.99,0.9824,0.9846,68,241
2016-01-27,0.9849,0.9887,0.9833,0.9878,148,221
2016-01-28,0.9871,0.9915,0.9843,0.9885,112,222
2016-01-29,0.9876,0.9885,0.9767,0.9774,133,209
2016-02-01,0.9801,0.9861,0.9772,0.9825,91,206
2016-02-02,0.9823,0.9847,0.9797,0.9819,91,209
2016-02-03,0.9836,1.0026,0.9836,0.9964,148,241
2016-02-04,0.9965,1.0092,0.9942,1.0087,105,234
2016-02-05,1.0087,1.0131,1.003,1.0099,106,235
2016-02-08,1.0093,1.0175,1.0042,1.0165,162,269
2016-02-09,1.016,1.0327,1.0142,1.0298,217,361
2016-02-10,1.0288,1.031,1.0197,1.029,91,374
2016-02-11,1.0283,1.0361,1.0259,1.0294,127,415
2016-02-12,1.029,1.0303,1.0227,1.0261,58,437
2016-02-16,1.0231,1.0242,1.0117,1.0128,73,437
2016-02-17,1.0126,1.0158,1.0071,1.0101,77,415
2016-02-18,1.0089,1.0103,1.0041,1.0061,52,434
2016-02-19,1.0075,1.012,1.0043,1.0118,48,429
2016-02-22,1.01,1.01,1.0005,1.0015,60,422
2016-02-23,1.0013,1.0112,1.0008,1.0082,56,440
2016-02-24,1.0093,1.0156,1.0056,1.013,176,459
2016-02-25,1.0119,1.0128,1.0056,1.012,69,467
2016-02-26,1.0117,1.0135,1.0018,1.003,63,475
2016-02-29,1.0022,1.0055,0.9969,1.002,124,514
2016-03-01,1.0024,1.0043,0.9997,1.0034,123,515
2016-03-02,1.0034,1.0048,0.9997,1.0041,159,529
2016-03-03,1.0025,1.0112,1.0023,1.0092,130,561
2016-03-04,1.0095,1.0124,1.0016,1.0053,164,566
2016-03-07,1.0066,1.0073,0.9992,1.0055,53,564
2016-03-08,1.0065,1.0101,1.0033,1.0038,116,552
2016-03-09,1.0038,1.0046,0.9937,1.0027,2118,2511
2016-03-10,1.0026,1.018,0.9918,1.018,192,2520
2016-03-11,1.0146,1.023,1.0118,1.0187,281,2548
2016-03-14,1.0129,1.0129,1.0129,1.0129,51,1128
2016-03-15,1.0176,1.0191,1.0146,1.017,41,1127
2016-03-16,1.0163,1.0294,1.0128,1.025,133,1118
2016-03-17,1.0259,1.0397,1.0257,1.038,109,1112
2016-03-18,1.038,1.0393,1.0329,1.0349,72,1112
2016-03-21,1.0324,1.0371,1.0315,1.0352,20,1111
2016-03-22,1.0337,1.0357,1.031,1.0315,80,1111
2016-03-23,1.0302,1.0316,1.0275,1.0286,64,1110
2016-03-24,1.028,1.0302,1.0266,1.0285,65,1112
2016-03-28,1.0267,1.0317,1.0253,1.0304,39,1117
2016-03-29,1.029,1.0387,1.0278,1.0384,111,1114
2016-03-30,1.0379,1.0458,1.0376,1.0407,120,1115
2016-03-31,1.0402,1.0479,1.0382,1.0444,91,1131
2016-04-01,1.0436,1.0494,1.0422,1.0462,60,1132
2016-04-04,1.0468,1.0476,1.0432,1.0461,65,1134
2016-04-05,1.0466,1.0504,1.0442,1.049,71,1135
2016-04-06,1.0485,1.052,1.0425,1.0495,110,1134
2016-04-07,1.0496,1.053,1.0466,1.0495,56,1134
2016-04-08,1.0483,1.0525,1.0464,1.0514,73,1134
2016-04-11,1.0521,1.055,1.0477,1.0511,71,1124
2016-04-12,1.0555,1.0558,1.0452,1.0499,93,1133
2016-04-13,1.0408,1.0425,1.0366,1.0368,58,1135
2016-04-14,1.037,1.04,1.0347,1.0367,29,1132
2016-04-15,1.0367,1.0387,1.0347,1.0356,48,1127
2016-04-18,1.0368,1.0409,1.0357,1.0391,64,1125
2016-04-19,1.039,1.0455,1.0387,1.0435,30,1125
2016-04-20,1.0425,1.0431,1.0298,1.0319,71,1124
2016-04-21,1.0308,1.0385,1.0274,1.0285,86,1125
2016-04-22,1.0275,1.0294,1.0228,1.0238,124,1147
2016-04-25,1.0245,1.029,1.0238,1.0265,36,1146
2016-04-26,1.0279,1.0325,1.026,1.0282,31,1142
2016-04-27,1.0292,1.0348,1.0274,1.032,42,1133
2016-04-28,1.0313,1.0372,1.0295,1.0364,50,1130
2016-04-29,1.0366,1.0468,1.0359,1.0444,69,1157
2016-05-02,1.0446,1.0504,1.0431,1.0492,66,1152
2016-05-03,1.0489,1.0605,1.0486,1.05,113,1162
2016-05-04,1.0494,1.0504,1.0445,1.0476,75,1153
2016-05-05,1.0458,1.0458,1.0329,1.0336,68,1151
2016-05-06,1.0345,1.0376,1.0291,1.0304,87,1143
2016-05-09,1.0297,1.0339,1.0287,1.0313,34,1138
2016-05-10,1.0309,1.0323,1.0258,1.0262,68,1138
2016-05-11,1.0263,1.0322,1.0259,1.0311,65,1140
2016-05-12,1.0307,1.0359,1.0294,1.0313,60,1142
2016-05-13,1.0297,1.0317,1.0236,1.0267,110,1146
2016-05-16,1.0259,1.0269,1.0233,1.0235,59,1119
2016-05-17,1.0242,1.0264,1.0192,1.0214,0,1119
2016-05-19,1.0133,1.0146,1.0088,1.0107,99,1137
2016-05-20,1.009,1.0112,1.0083,1.0101,47,1143
2016-05-23,1.0104,1.0124,1.0086,1.0113,70,1134
2016-05-24,1.0099,1.0115,1.0073,1.008,36,1128
2016-05-25,1.0089,1.011,1.0074,1.01,34,1143
2016-05-26,1.0108,1.0133,1.0074,1.0111,29,1147
2016-05-27,1.011,1.0118,1.0054,1.0088,45,1154
2016-05-31,1.0058,1.0118,1.0051,1.0062,115,1176
2016-06-01,1.0068,1.0143,1.0055,1.0116,84,1196
2016-06-02,1.0129,1.0145,1.0095,1.0095,53,1188
2016-06-03,1.0097,1.0254,1.0085,1.024,66,1169
2016-06-06,1.0251,1.033,1.0233,1.0315,76,1153
2016-06-07,1.03,1.0385,1.0298,1.0363,116,1160
2016-06-08,1.0381,1.0437,1.0357,1.0428,146,1184
2016-06-09,1.0433,1.0434,1.0329,1.0386,101,807
2016-06-10,1.0375,1.045,1.0368,1.0383,194,181
2016-06-13,1.0415,1.0435,1.0385,1.0422,75,123
2016-06-14,1.0425,1.0446,1.0397,1.0434,111,113
2016-06-15,1.0427,1.0478,1.0403,1.0459,97,143
2016-06-16,1.0461,1.0499,1.0375,1.0423,108,185
2016-06-17,1.041,1.048,1.0407,1.046,63,192
2016-06-20,1.0429,1.0493,1.0425,1.0441,86,165
2016-06-21,1.0452,1.0494,1.0442,1.0451,70,163
2016-06-22,1.0448,1.0519,1.0437,1.0484,71,187
2016-06-23,1.0473,1.0551,1.0465,1.0491,75,178
2016-06-24,1.0455,1.0469,1.0254,1.0336,310,139
2016-06-27,1.0325,1.0356,1.0232,1.0267,143,153
2016-06-28,1.0266,1.0288,1.0215,1.022,84,142
2016-06-29,1.0244,1.027,1.0229,1.0247,29,133
2016-06-30,1.0268,1.0322,1.0228,1.0264,52,151
2016-07-01,1.028,1.034,1.0268,1.0311,51,143
2016-07-05,1.0321,1.0365,1.0273,1.0273,45,156
2016-07-06,1.0276,1.0308,1.024,1.0307,80,184
2016-07-07,1.0296,1.0306,1.0251,1.0254,41,203
2016-07-08,1.024,1.0281,1.017,1.0212,43,224
2016-07-11,1.0192,1.0224,1.0184,1.0213,21,215
2016-07-12,1.0199,1.0245,1.014,1.0157,63,218
2016-07-13,1.0145,1.0215,1.0143,1.0208,33,207
2016-07-14,1.0229,1.0259,1.0215,1.0234,46,217
2016-07-15,1.0235,1.0254,1.0189,1.0205,17,216
2016-07-18,1.0203,1.0224,1.019,1.021,6,220
2016-07-19,1.021,1.0211,1.0166,1.0179,17,216
2016-07-20,1.0156,1.0167,1.0127,1.016,58,213
2016-07-21,1.0157,1.0189,1.0125,1.0164,26,203
2016-07-22,1.0172,1.02,1.0136,1.0146,19,206
2016-07-25,1.0151,1.0181,1.0137,1.0168,23,206
2016-07-26,1.0168,1.0195,1.0102,1.0105,39,205
2016-07-27,1.01,1.0168,1.005,1.0125,40,202
2016-07-28,1.0172,1.0236,1.0164,1.0221,91,169
2016-07-29,1.0228,1.0403,1.022,1.0353,136,177
2016-08-01,1.0349,1.0374,1.0335,1.0362,21,175
2016-08-02,1.0357,1.0406,1.0352,1.0399,64,188
2016-08-03,1.0382,1.0388,1.0296,1.0299,31,197
2016-08-04,1.0304,1.0309,1.0283,1.0293,36,212
2016-08-05,1.0292,1.0303,1.0197,1.023,28,212
2016-08-08,1.0223,1.0237,1.0184,1.0194,41,209
2016-08-09,1.0198,1.0212,1.0181,1.0201,27,207
2016-08-10,1.0207,1.0279,1.0207,1.0273,33,220
2016-08-11,1.0284,1.0316,1.026,1.0281,68,259
2016-08-12,1.0276,1.0324,1.0259,1.0274,59,266
2016-08-15,1.0258,1.0312,1.0258,1.03,45,274
2016-08-16,1.0301,1.0444,1.0293,1.0408,149,378
2016-08-17,1.0417,1.0436,1.0375,1.0416,99,438
2016-08-18,1.0432,1.05,1.0409,1.0499,70,458
2016-08-19,1.0495,1.0495,1.0422,1.0436,88,499
2016-08-22,1.0427,1.0432,1.038,1.0416,56,503
2016-08-23,1.0403,1.0436,1.0396,1.0401,50,489
2016-08-24,1.0395,1.0401,1.0342,1.0352,45,480
2016-08-25,1.0357,1.0384,1.0336,1.0343,28,477
2016-08-26,1.0356,1.0392,1.0224,1.0226,43,477
2016-08-29,1.0231,1.025,1.021,1.0233,58,492
2016-08-30,1.0232,1.0239,1.017,1.0175,82,528
2016-08-31,1.0182,1.0193,1.0149,1.018,65,508
2016-09-01,1.0174,1.0225,1.0125,1.0212,54,498
2016-09-02,1.0205,1.0273,1.0192,1.0207,51,494
2016-09-06,1.0206,1.0322,1.0197,1.0315,100,545
2016-09-07,1.0308,1.0344,1.0306,1.0321,47,571
2016-09-08,1.0322,1.0365,1.0275,1.0283,45,571
2016-09-09,1.0296,1.03,1.0225,1.0257,50,574
2016-09-12,1.0258,1.032,1.0247,1.0292,47,594
2016-09-13,1.0292,1.0302,1.0225,1.0231,102,605
2016-09-14,1.0238,1.0302,1.0219,1.0275,34,617
2016-09-15,1.0276,1.0333,1.0242,1.0293,97,608
2016-09-16,1.0281,1.0295,1.0193,1.0193,198,654
2016-09-19,1.0195,1.0201,1.0195,1.0201,56,140
2016-09-20,1.0273,1.0292,1.0245,1.0262,52,131
2016-09-21,1.0262,1.0335,1.0239,1.0304,78,161
2016-09-22,1.033,1.0401,1.033,1.036,117,162
2016-09-23,1.0368,1.0369,1.0313,1.036,56,151
2016-09-26,1.0368,1.0398,1.0349,1.0371,58,146
2016-09-27,1.0365,1.0397,1.0329,1.0354,88,147
2016-09-28,1.0338,1.0365,1.0319,1.0346,64,130
2016-09-29,1.0347,1.0417,1.0329,1.0394,85,163
2016-09-30,1.0388,1.0407,1.025,1.035,127,148
2016-10-03,1.0334,1.0348,1.0308,1.0324,89,158
2016-10-04,1.0317,1.0317,1.0219,1.0248,153,164
2016-10-05,1.0262,1.0312,1.0257,1.0305,85,177
2016-10-06,1.0283,1.0307,1.0222,1.0223,85,207
2016-10-07,1.0228,1.0273,1.02,1.0252,45,234
2016-10-10,1.0263,1.0268,1.02,1.0209,41,253
2016-10-11,1.0209,1.0216,1.0143,1.0145,50,268
2016-10-12,1.0145,1.0158,1.0125,1.0126,61,276
2016-10-13,1.0127,1.0175,1.0124,1.0175,84,273
2016-10-14,1.0172,1.0177,1.013,1.0137,0,273
2016-10-20,1.0136,1.0184,1.0096,1.0098,81,358
2016-10-21,1.0105,1.0105,1.0066,1.0087,83,341
2016-10-24,1.0089,1.0113,1.0072,1.009,65,348
2016-10-25,1.009,1.0094,1.003,1.0084,102,316
2016-10-26,1.0087,1.0124,1.007,1.0092,98,327
2016-10-27,1.0084,1.0114,1.0076,1.0091,84,312
2016-10-28,1.009,1.0168,1.0077,1.0155,63,307
2016-10-31,1.0151,1.0152,1.012,1.0122,65,296
2016-11-01,1.014,1.0303,1.014,1.0289,191,294
2016-11-02,1.0302,1.0337,1.0278,1.0299,103,290
2016-11-03,1.0312,1.0335,1.027,1.0287,77,285
2016-11-04,1.0272,1.0352,1.0272,1.033,96,312
2016-11-07,1.029,1.0298,1.0238,1.0282,65,314
2016-11-08,1.0286,1.0292,1.0235,1.026,21,321
2016-11-09,1.0202,1.049,1.0174,1.0179,150,308
2016-11-10,1.02,1.02,1.0123,1.0149,44,299
2016-11-11,1.0141,1.0186,1.0127,1.0133,74,311
2016-11-14,1.0133,1.0133,0.997,1.0027,97,319
2016-11-15,1.0046,1.0086,0.9992,0.9995,95,327
2016-11-16,1.0002,1.003,0.9959,0.9991,95,352
2016-11-17,1.0005,1.0019,0.9942,0.9943,67,389
2016-11-18,0.9945,0.9952,0.9894,0.9918,77,401
2016-11-21,0.9907,0.9937,0.9899,0.9912,49,413
2016-11-22,0.9926,0.9951,0.9881,0.9898,66,415
2016-11-23,0.989,0.9919,0.9835,0.9843,84,408
2016-11-25,0.9838,0.9904,0.9824,0.9876,80,348
2016-11-28,0.99,0.9928,0.9846,0.9872,86,336
2016-11-29,0.9878,0.9898,0.9839,0.9898,18,350
2016-11-30,0.9893,0.9901,0.9811,0.9844,72,379
2016-12-01,0.984,0.9907,0.9838,0.9889,55,384
2016-12-02,0.9906,0.9931,0.9888,0.9899,32,379
2016-12-05,0.9854,0.9954,0.9826,0.9942,46,384
2016-12-06,0.9922,0.9954,0.9894,0.9899,42,408
2016-12-07,0.9905,0.9937,0.9899,0.9932,63,424
2016-12-08,0.9947,0.998,0.9828,0.9843,98,483
2016-12-09,0.9834,0.985,0.9797,0.9829,27,495
2016-12-12,0.9848,0.9869,0.9822,0.9861,59,516
2016-12-13,0.9875,0.9901,0.9862,0.9876,64,554
2016-12-14,0.9884,0.9918,0.9788,0.9818,133,570
2016-12-15,0.978,0.978,0.968,0.971,292,560
2016-12-16,0.9733,0.979,0.97,0.9731,75,530
2016-12-19,0.9773,0.98,0.9757,0.9757,47,175
2016-12-20,0.9791,0.9798,0.9746,0.9777,34,175
2016-12-21,0.9777,0.9829,0.9769,0.9798,36,176
2016-12-22,0.9821,0.9834,0.9791,0.9799,11,181
2016-12-23,0.9798,0.981,0.9779,0.9786,16,187
2016-12-27,0.9775,0.978,0.9761,0.978,16,199
2016-12-28,0.9807,0.9807,0.9741,0.9774,25,201
2016-12-29,0.9772,0.9836,0.9766,0.9808,31,185
2016-12-30,0.9847,1.0016,0.9817,0.9866,94,203
2017-01-03,0.9813,0.9831,0.9716,0.9775,52,197
2017-01-04,0.9766,0.9837,0.9758,0.9811,41,193
2017-01-05,0.9851,0.9949,0.9822,0.9929,33,186
2017-01-06,0.9919,0.994,0.9856,0.9856,42,185
2017-01-09,0.9855,0.9892,0.9842,0.9892,53,177
2017-01-10,0.9914,0.992,0.986,0.9868,38,199
2017-01-11,0.9863,0.9929,0.9791,0.9886,29,208
2017-01-12,0.9887,0.999,0.9885,0.9927,90,220
2017-01-13,0.9922,1,0.9912,0.9939,62,237
2017-01-17,0.9932,1.005,0.9897,1.0008,79,267
2017-01-18,0.9991,1.0017,0.9954,0.9987,22,274
2017-01-19,0.9953,0.9983,0.991,0.9955,52,279
2017-01-20,0.9965,1.001,0.9935,1.001,14,289
2017-01-23,1.0045,1.006,1.001,1.0041,50,308
2017-01-24,1.0034,1.0062,1.0007,1.0007,23,317
2017-01-25,1.0014,1.0056,0.9999,1.0023,14,321
2017-01-26,1.0032,1.0044,0.9998,1.003,55,354
2017-01-27,1.0011,1.0055,0.9996,1.0034,24,355
2017-01-30,1.0044,1.0087,0.9979,1.0071,42,351
2017-01-31,1.0067,1.0187,1.0038,1.0136,71,345
2017-02-01,1.0131,1.0136,1.0064,1.0102,47,378
2017-02-02,1.0108,1.0148,1.0083,1.0093,55,382
2017-02-03,1.0093,1.011,1.0035,1.0082,63,395
2017-02-06,1.0095,1.0114,1.0058,1.0107,37,393
2017-02-07,1.0087,1.01,1.0012,1.0051,49,386
2017-02-08,1.0039,1.0084,1.0018,1.0063,8,390
2017-02-09,1.0066,1.0076,0.9997,0.9999,20,396
2017-02-10,0.9994,1.0001,0.9954,0.9979,36,403
2017-02-13,0.9973,0.9992,0.9946,0.9957,22,396
2017-02-14,0.9955,0.998,0.9928,0.9944,28,395
2017-02-15,0.9927,0.9962,0.9897,0.9946,47,419
2017-02-16,0.9973,1.0043,0.9964,1.004,27,431
2017-02-17,1.0041,1.0041,0.9978,0.9978,17,441
2017-02-21,0.9986,0.9996,0.9905,0.9925,78,420
2017-02-22,0.9919,0.9929,0.9872,0.9916,65,395
2017-02-23,0.9914,0.9951,0.9895,0.9937,15,401
2017-02-24,0.995,0.9981,0.9929,0.9935,24,398
2017-02-27,0.993,0.9958,0.9911,0.9915,33,385
2017-02-28,0.9913,0.9995,0.9907,0.996,43,399
2017-03-01,0.9927,0.995,0.9879,0.9915,15,398
2017-03-02,0.9904,0.9914,0.9861,0.9865,19,396
2017-03-03,0.9888,0.9948,0.987,0.9909,100,395
2017-03-06,0.9917,0.9928,0.9877,0.9887,44,373
2017-03-07,0.9888,0.9894,0.9837,0.987,65,364
2017-03-08,0.9873,0.9878,0.9849,0.9859,81,370
2017-03-09,0.985,0.9902,0.9841,0.9902,98,391
2017-03-10,0.9902,0.992,0.99,0.9908,113,140
2017-03-13,0.996,0.9995,0.9943,0.9987,45,80
2017-03-14,0.9983,0.9988,0.9951,0.996,39,93
2017-03-15,0.9961,1.0071,0.9961,1.0052,72,93
2017-03-16,1.0047,1.0105,1.0047,1.0092,49,116
2017-03-17,1.008,1.0133,1.0056,1.0081,47,110
2017-03-20,1.0077,1.0111,1.0066,1.0068,26,123
2017-03-21,1.0067,1.0132,1.0055,1.0107,26,126
2017-03-22,1.0113,1.0172,1.0113,1.0137,56,156
2017-03-23,1.0135,1.014,1.0114,1.0121,29,174
2017-03-24,1.0127,1.0171,1.0096,1.0148,36,191
2017-03-27,1.0158,1.024,1.0158,1.0204,67,242
2017-03-28,1.0215,1.022,1.0116,1.0129,43,244
2017-03-29,1.0131,1.0135,1.0076,1.0084,31,236
2017-03-30,1.0076,1.0098,1.0034,1.0046,15,227
2017-03-31,1.0046,1.0047,0.998,1.004,37,223
2017-04-03,1.0026,1.0035,1.0009,1.0027,44,213
2017-04-04,1.0026,1.003,1.0009,1.0025,15,220
2017-04-05,1.0027,1.0028,0.9962,0.9995,28,220
2017-04-06,0.9999,1.0012,0.9976,0.9989,21,215
2017-04-07,0.9986,1.001,0.9947,0.9951,11,222
2017-04-10,0.9941,0.9964,0.9898,0.9956,35,223
2017-04-11,0.996,0.9982,0.995,0.9967,50,200
2017-04-12,0.9963,1.0026,0.995,0.9952,53,196
2017-04-13,1.0013,1.0025,0.9953,0.9986,57,186
2017-04-17,0.9994,1.0025,0.9944,0.9993,26,183
2017-04-18,0.9993,1.01,0.9991,1.0074,36,179
2017-04-19,1.0072,1.0077,1.0046,1.006,43,153
2017-04-20,1.0052,1.0091,1.0048,1.005,47,152
2017-04-21,1.0044,1.0066,1.0036,1.005,98,166
2017-04-24,1.0109,1.0123,1.0055,1.007,126,138
2017-04-25,1.0075,1.0111,1.0064,1.0103,46,131
2017-04-26,1.0087,1.011,1.0064,1.0092,36,129
2017-04-27,1.0095,1.0107,1.0068,1.0096,24,134
2017-04-28,1.0085,1.0135,1.0074,1.0088,44,143
2017-05-01,1.0082,1.0099,1.0059,1.0072,47,157
2017-05-02,1.0088,1.0116,1.0069,1.0105,50,174
2017-05-03,1.0114,1.0137,1.0081,1.0097,29,171
2017-05-04,1.0104,1.0185,1.0071,1.0154,44,194
2017-05-05,1.0156,1.0166,1.0125,1.0152,22,200
2017-05-08,1.0136,1.0139,1.0034,1.0043,38,199
2017-05-09,1.0041,1.0041,0.9932,0.9936,28,193
2017-05-10,0.9958,0.9971,0.993,0.9931,22,188
2017-05-11,0.9939,0.9962,0.9924,0.9948,81,182
2017-05-12,0.9944,1.0029,0.9935,1,59,176
2017-05-15,1.0009,1.0061,1.0001,1.0057,39,201
2017-05-16,1.006,1.0173,1.006,1.0172,117,198
2017-05-17,1.0194,1.0248,1.0168,1.0233,89,198
2017-05-18,1.0235,1.0262,1.0198,1.0223,59,187
2017-05-19,1.0229,1.0298,1.0218,1.029,31,192
2017-05-22,1.0279,1.0333,1.0259,1.029,63,162
2017-05-23,1.0295,1.0324,1.0261,1.0268,39,161
2017-05-24,1.0268,1.0289,1.0243,1.0267,34,175
2017-05-25,1.0295,1.0319,1.0287,1.029,49,180
2017-05-26,1.0294,1.0324,1.0254,1.0275,65,194
2017-05-30,1.0269,1.0287,1.021,1.0275,91,197
2017-05-31,1.0259,1.0352,1.0259,1.0349,80,195
2017-06-01,1.0343,1.0348,1.0298,1.0303,25,199
2017-06-02,1.0307,1.04,1.0299,1.0389,76,193
2017-06-05,1.0386,1.0392,1.0358,1.0372,41,223
2017-06-06,1.0386,1.0409,1.0369,1.0397,54,232
2017-06-07,1.0397,1.0403,1.0343,1.0369,82,246
2017-06-08,1.0371,1.0378,1.0321,1.0349,34,233
2017-06-09,1.0334,1.0338,1.0286,1.0325,52,213
2017-06-12,1.0326,1.0345,1.0321,1.0331,82,205
2017-06-13,1.0317,1.0351,1.0315,1.033,24,194
2017-06-14,1.0346,1.0373,1.0277,1.0292,30,181
2017-06-15,1.0295,1.0295,1.0243,1.0258,106,192
2017-06-16,1.027,1.027,1.027,1.027,26,146
2017-06-19,1.0274,1.0274,1.0274,1.0274,22,58
2017-06-20,1.0307,1.0324,1.0302,1.0314,21,67
2017-06-21,1.0319,1.0343,1.0314,1.0337,21,64
2017-06-22,1.034,1.0352,1.0322,1.0339,8,62
2017-06-23,1.0347,1.0391,1.0346,1.0376,26,68
2017-06-26,1.0374,1.0378,1.0327,1.0339,49,74
2017-06-27,1.0387,1.048,1.0332,1.0477,32,85
2017-06-28,1.0466,1.0485,1.0448,1.0482,55,91
2017-06-29,1.0482,1.0514,1.0472,1.0507,34,104
2017-06-30,1.0496,1.0516,1.0471,1.0478,8,103
2017-07-03,1.0456,1.048,1.0419,1.0419,17,93
2017-07-05,1.0433,1.0439,1.037,1.0409,18,92
2017-07-06,1.0416,1.0461,1.04,1.0452,6,93
2017-07-07,1.0454,1.0459,1.0406,1.0418,31,107
2017-07-10,1.0421,1.0427,1.0382,1.0404,38,117
2017-07-11,1.0383,1.0433,1.0359,1.0431,22,128
2017-07-12,1.0421,1.0455,1.0396,1.0405,18,134
2017-07-13,1.0404,1.0439,1.035,1.0384,56,148
2017-07-14,1.0385,1.0424,1.0352,1.0416,13,156
2017-07-17,1.042,1.0462,1.0396,1.0436,26,171
2017-07-18,1.0438,1.0539,1.0422,1.0517,44,175
2017-07-19,1.0514,1.0532,1.0503,1.0509,21,179
2017-07-20,1.0511,1.0567,1.0398,1.0547,52,186
2017-07-21,1.0551,1.0635,1.0541,1.0631,52,196
2017-07-24,1.0617,1.0622,1.0593,1.0606,46,208
2017-07-25,1.0598,1.061,1.0534,1.0548,10,214
2017-07-26,1.0531,1.0561,1.0459,1.0528,58,195
2017-07-27,1.0544,1.0569,1.0384,1.0403,108,150
2017-07-28,1.0401,1.041,1.0314,1.0362,141,155
2017-07-31,1.0354,1.0405,1.0327,1.0374,59,175
2017-08-01,1.0376,1.0411,1.036,1.0381,66,157
2017-08-02,1.0382,1.0392,1.0326,1.0338,61,144
2017-08-03,1.0333,1.0365,1.0295,1.0344,32,147
2017-08-04,1.0358,1.0365,1.027,1.0304,50,145
2017-08-07,1.0308,1.0321,1.0289,1.0302,36,146
2017-08-08,1.03,1.0323,1.026,1.0281,53,160
2017-08-09,1.0301,1.0427,1.0295,1.0403,107,155
2017-08-10,1.0401,1.0421,1.0362,1.0402,49,158
2017-08-11,1.0417,1.0479,1.04,1.0427,61,181
2017-08-14,1.039,1.04,1.03,1.0309,34,175
2017-08-15,1.0303,1.0326,1.0271,1.0298,35,168
2017-08-16,1.0296,1.0384,1.0263,1.0367,42,141
2017-08-17,1.0377,1.0428,1.0333,1.0414,32,132
2017-08-18,1.0407,1.0449,1.0363,1.0385,37,140
2017-08-21,1.0379,1.0432,1.0345,1.0415,43,148
2017-08-22,1.0406,1.0412,1.0341,1.0342,18,147
2017-08-23,1.0336,1.0386,1.0328,1.0378,39,166
2017-08-24,1.0422,1.0422,1.036,1.0368,26,171
2017-08-25,1.0374,1.0497,1.0366,1.0461,26,160
2017-08-28,1.0485,1.0509,1.0455,1.0486,47,171
2017-08-29,1.0524,1.0618,1.0475,1.0497,65,186
2017-08-30,1.0488,1.0494,1.0382,1.0393,33,186
2017-08-31,1.039,1.0443,1.0342,1.0428,31,184
2017-09-01,1.0431,1.0481,1.037,1.0373,30,182
2017-09-05,1.0422,1.0494,1.0408,1.0486,127,169
2017-09-06,1.0471,1.0501,1.0446,1.0456,51,171
2017-09-07,1.0467,1.0537,1.0429,1.0504,58,180
2017-09-08,1.0532,1.062,1.0529,1.0587,24,188
2017-09-11,1.0553,1.0553,1.0456,1.0483,91,184
2017-09-12,1.0466,1.0476,1.0403,1.0414,68,198
2017-09-13,1.0417,1.0434,1.0355,1.0355,57,185
2017-09-14,1.0363,1.0399,1.0326,1.0377,76,174
2017-09-15,1.0383,1.045,1.0366,1.0427,52,194
2017-09-18,1.0428,1.0428,1.0425,1.0425,30,67
2017-09-19,1.0459,1.0479,1.0426,1.0448,37,70
2017-09-20,1.0455,1.0485,1.0351,1.0366,37,78
2017-09-21,1.0368,1.0379,1.0317,1.0344,20,82
2017-09-22,1.0385,1.0398,1.0358,1.0364,45,96
2017-09-25,1.0358,1.0425,1.0317,1.0401,60,104
2017-09-26,1.0406,1.0414,1.0339,1.0375,58,109
2017-09-27,1.0328,1.0366,1.029,1.0351,49,117
2017-09-28,1.0337,1.036,1.0301,1.036,24,115
2017-09-29,1.0345,1.039,1.034,1.0378,43,122
2017-10-02,1.0375,1.0375,1.0304,1.0311,37,113
2017-10-03,1.0313,1.0325,1.0269,1.0319,52,139
2017-10-04,1.034,1.0345,1.0295,1.0308,22,146
2017-10-05,1.0303,1.0307,1.0256,1.0262,50,140
2017-10-06,1.026,1.0278,1.0214,1.0267,58,137
2017-10-09,1.0276,1.0276,1.0248,1.0254,30,140
2017-10-10,1.025,1.0309,1.025,1.0299,69,164
2017-10-11,1.0306,1.0333,1.0285,1.032,55,178
2017-10-12,1.032,1.0336,1.0286,1.0293,32,170
2017-10-13,1.0295,1.0343,1.0277,1.0306,42,152
2017-10-16,1.0287,1.0316,1.0279,1.0287,46,140
2017-10-17,1.029,1.0296,1.0236,1.0264,77,144
2017-10-18,1.0265,1.0267,1.0207,1.0236,41,156
2017-10-19,1.0231,1.0305,1.0228,1.0278,40,140
2017-10-20,1.0283,1.0283,1.0188,1.019,55,163
2017-10-23,1.0182,1.0204,1.0158,1.0171,47,140
2017-10-24,1.0188,1.0197,1.0126,1.0149,34,147
2017-10-25,1.0125,1.0164,1.0095,1.0143,56,149
2017-10-26,1.014,1.0155,1.0052,1.0057,52,141
2017-10-27,1.0052,1.0056,0.9995,1.0045,69,163
2017-10-30,1.0045,1.009,1.0037,1.0081,59,197
2017-10-31,1.0066,1.0079,1.0037,1.0051,73,202
2017-11-01,1.0039,1.0056,0.9994,0.9994,40,211
2017-11-02,1.0031,1.0076,1.0013,1.0036,86,186
2017-11-03,1.0033,1.0077,1.0004,1.0019,46,187
2017-11-06,1.0002,1.0054,0.9998,1.0047,86,183
2017-11-07,1.0047,1.005,1.0008,1.0028,86,177
2017-11-08,1.003,1.0042,1.0019,1.0023,87,157
2017-11-09,1.0018,1.0099,1.0006,1.0091,57,160
2017-11-10,1.0075,1.0096,1.0055,1.0064,59,153
2017-11-13,1.0046,1.0084,1.0036,1.0065,51,154
2017-11-14,1.0062,1.0139,1.0053,1.0126,51,142
2017-11-15,1.0145,1.0174,1.0112,1.0134,41,131
2017-11-16,1.013,1.013,1.0076,1.0082,54,136
2017-11-17,1.0092,1.0141,1.0079,1.0134,64,161
2017-11-20,1.0121,1.0139,1.0082,1.0085,65,179
2017-11-21,1.0083,1.0118,1.0071,1.0097,65,168
2017-11-22,1.011,1.0205,1.0108,1.0202,86,169
2017-11-24,1.02,1.0232,1.019,1.0222,91,156
2017-11-27,1.0203,1.0222,1.0197,1.0206,38,155
2017-11-28,1.019,1.0211,1.0163,1.017,94,126
2017-11-29,1.0175,1.0194,1.0144,1.0176,52,125
2017-11-30,1.0166,1.0195,1.0131,1.0171,47,130
2017-12-01,1.018,1.0279,1.0141,1.0257,51,128
2017-12-04,1.0191,1.0199,1.0144,1.0153,69,160
2017-12-05,1.0145,1.0172,1.0124,1.0126,36,168
2017-12-06,1.0127,1.0153,1.0095,1.0105,17,168
2017-12-07,1.0093,1.0133,1.0061,1.0062,18,167
2017-12-08,1.0034,1.0083,1.0029,1.0078,52,178
2017-12-11,1.0077,1.0107,1.0074,1.0091,84,148
2017-12-12,1.0089,1.0113,1.007,1.0081,47,135
2017-12-13,1.0096,1.016,1.0076,1.0159,29,133
2017-12-14,1.0162,1.0163,1.0092,1.013,71,138
2017-12-15,1.0117,1.012,1.007,1.0095,66,138
2017-12-18,1.0125,1.0137,1.0125,1.0137,53,53
2017-12-19,1.0231,1.0238,1.0182,1.0225,65,62
2017-12-20,1.0219,1.0249,1.0195,1.021,61,78
2017-12-21,1.0211,1.0218,1.0165,1.0194,52,85
2017-12-22,1.0184,1.0222,1.0166,1.0178,25,88
2017-12-26,1.0185,1.0189,1.0162,1.0186,8,89
2017-12-27,1.0184,1.0217,1.0177,1.0212,32,93
2017-12-28,1.0212,1.0287,1.0199,1.0278,34,91
2017-12-29,1.0294,1.0327,1.0272,1.0327,65,115
2018-01-02,1.0327,1.0362,1.0316,1.0343,71,126
2018-01-03,1.0348,1.0348,1.0261,1.0288,33,135
2018-01-04,1.0281,1.0318,1.0277,1.031,40,133
2018-01-05,1.0313,1.0314,1.0269,1.0301,42,131
2018-01-08,1.0302,1.0307,1.027,1.0276,59,135
2018-01-09,1.0282,1.0285,1.021,1.0216,63,125
2018-01-10,1.0227,1.0298,1.0206,1.0272,35,133
2018-01-11,1.0242,1.0321,1.0234,1.0293,54,158
2018-01-12,1.029,1.0374,1.0283,1.037,69,189
2018-01-16,1.0374,1.0472,1.0374,1.047,122,162
2018-01-17,1.0438,1.0489,1.0402,1.0448,87,188
2018-01-18,1.0419,1.0484,1.0397,1.0477,70,212
2018-01-19,1.048,1.0527,1.0409,1.0438,88,215
2018-01-22,1.0441,1.0464,1.0417,1.0433,96,199
2018-01-23,1.0435,1.0492,1.0423,1.0479,46,181
2018-01-24,1.0486,1.0647,1.0486,1.062,109,210
2018-01-25,1.0605,1.0802,1.0604,1.0648,156,274
2018-01-26,1.0656,1.0762,1.065,1.0732,83,274
2018-01-29,1.0715,1.0748,1.0694,1.0714,75,261
2018-01-30,1.0703,1.0777,1.0686,1.0747,77,246
2018-01-31,1.0747,1.08,1.0725,1.0776,132,219
2018-02-01,1.0776,1.0837,1.0743,1.0816,127,242
2018-02-02,1.0832,1.0834,1.0745,1.0772,104,256
2018-02-05,1.0775,1.0798,1.07,1.0726,54,261
2018-02-06,1.0756,1.0775,1.0675,1.0717,52,258
2018-02-07,1.0722,1.0736,1.061,1.0639,91,246
2018-02-08,1.0634,1.0717,1.059,1.0704,69,260
2018-02-09,1.0706,1.0722,1.0655,1.0681,37,264
2018-02-12,1.0681,1.0706,1.0667,1.0677,24,254
2018-02-13,1.0681,1.0752,1.0667,1.0728,59,247
2018-02-14,1.0723,1.0794,1.0696,1.077,46,236
2018-02-15,1.0798,1.0879,1.0789,1.0861,55,246
2018-02-16,1.0866,1.0906,1.0792,1.0805,92,246
2018-02-20,1.0815,1.0815,1.0697,1.0707,80,259
2018-02-21,1.0686,1.0721,1.0665,1.0675,39,257
2018-02-22,1.0678,1.0739,1.0648,1.0735,41,260
2018-02-23,1.072,1.0739,1.0688,1.0697,31,250
2018-02-26,1.07,1.0738,1.0668,1.0678,67,234
2018-02-27,1.0679,1.0699,1.0636,1.0666,69,248
2018-02-28,1.067,1.067,1.0588,1.0609,86,234
2018-03-01,1.0593,1.0637,1.0552,1.062,51,244
2018-03-02,1.0636,1.0717,1.0636,1.0684,78,242
2018-03-05,1.0675,1.07,1.0641,1.0643,84,251
2018-03-06,1.0653,1.0692,1.0629,1.064,83,234
2018-03-07,1.0685,1.0693,1.0601,1.0607,79,268
2018-03-08,1.0609,1.0618,1.0512,1.0515,63,259
2018-03-09,1.0523,1.0543,1.0494,1.0522,93,282
2018-03-12,1.0532,1.0574,1.0519,1.057,74,256
2018-03-13,1.0554,1.0607,1.054,1.0598,65,263
2018-03-14,1.0599,1.0612,1.0554,1.059,71,263
2018-03-15,1.0592,1.0599,1.0503,1.0509,111,278
2018-03-16,1.051,1.0537,1.0453,1.0497,60,225
2018-03-19,1.052,1.052,1.052,1.052,69,89
2018-03-20,1.0586,1.0604,1.0533,1.0548,28,90
2018-03-21,1.0543,1.0622,1.054,1.06,31,85
2018-03-22,1.0613,1.0645,1.0589,1.0596,52,106
2018-03-23,1.0614,1.0662,1.061,1.0641,35,115
2018-03-26,1.0641,1.0674,1.0617,1.066,63,156
2018-03-27,1.0653,1.0671,1.0591,1.0632,46,143
2018-03-28,1.0637,1.0637,1.0477,1.0519,38,142
2018-03-29,1.0514,1.0537,1.0475,1.0514,48,0
