Date,Open,High,Low,Close,Volume,OpenInt
2016-05-30,0.265,0.265,0.255,0.255,60000,0
2016-05-31,0.255,0.255,0.255,0.255,0,0
2016-06-01,0.255,0.255,0.255,0.255,0,0
2016-06-02,0.255,0.255,0.255,0.255,0,0
2016-06-03,0.255,0.255,0.255,0.255,0,0
2016-06-06,0.255,0.255,0.255,0.255,0,0
2016-06-07,0.255,0.255,0.255,0.255,0,0
2016-06-08,0.255,0.255,0.255,0.255,0,0
2016-06-10,0.265,0.265,0.265,0.265,1000,0
2016-06-13,0.265,0.265,0.265,0.265,0,0
2016-06-14,0.265,0.265,0.265,0.265,0,0
2016-06-15,0.265,0.265,0.265,0.265,0,0
2016-06-16,0.265,0.265,0.265,0.265,0,0
2016-06-17,0.265,0.265,0.265,0.265,0,0
2016-06-20,0.265,0.265,0.265,0.265,0,0
2016-06-21,0.265,0.265,0.265,0.265,0,0
2016-06-22,0.265,0.265,0.265,0.265,0,0
2016-06-23,0.265,0.265,0.265,0.265,0,0
2016-06-24,0.265,0.265,0.265,0.265,0,0
2016-06-27,0.265,0.265,0.265,0.265,0,0
2016-06-28,0.265,0.265,0.265,0.265,0,0
2016-06-29,0.265,0.265,0.265,0.265,0,0
2016-06-30,0.265,0.265,0.265,0.265,0,0
2016-07-04,0.265,0.265,0.265,0.265,0,0
2016-07-05,0.265,0.265,0.265,0.265,0,0
2016-07-06,0.265,0.265,0.265,0.265,0,0
2016-07-07,0.265,0.265,0.265,0.265,0,0
2016-07-08,0.265,0.265,0.265,0.265,0,0
2016-07-11,0.255,0.255,0.255,0.255,0,0
2016-07-12,0.255,0.255,0.255,0.255,0,0
2016-07-13,0.255,0.255,0.255,0.255,0,0
2016-07-14,0.255,0.255,0.255,0.255,0,0
2016-07-15,0.255,0.255,0.255,0.255,0,0
2016-07-18,0.255,0.255,0.255,0.255,0,0
2016-07-19,0.255,0.255,0.255,0.255,0,0
2016-07-20,0.255,0.255,0.255,0.255,0,0
2016-07-21,0.255,0.255,0.255,0.255,0,0
2016-07-22,0.255,0.255,0.255,0.255,0,0
2016-07-25,0.255,0.255,0.255,0.255,0,0
2016-07-26,0.255,0.255,0.255,0.255,0,0
2016-07-27,0.255,0.255,0.255,0.255,0,0
2016-07-28,0.255,0.255,0.255,0.255,0,0
2016-07-29,0.255,0.255,0.255,0.255,0,0
2016-08-01,0.255,0.255,0.255,0.255,0,0
2016-08-03,0.255,0.255,0.255,0.255,0,0
2016-08-04,0.255,0.255,0.255,0.255,0,0
2016-08-05,0.255,0.255,0.255,0.255,0,0
2016-08-08,0.255,0.255,0.255,0.255,0,0
2016-08-09,0.255,0.255,0.255,0.255,0,0
2016-08-10,0.295,0.295,0.295,0.295,200000,0
2016-08-11,0.305,0.305,0.305,0.305,200000,0
2016-08-12,0.325,0.335,0.325,0.325,120000,0
2016-08-15,0.355,0.355,0.32,0.32,520000,0
2016-08-16,0.33,0.33,0.33,0.33,120000,0
2016-08-17,0.34,0.34,0.335,0.34,332000,0
2016-08-18,0.34,0.34,0.335,0.335,140000,0
2016-08-19,0.335,0.335,0.335,0.335,0,0
2016-08-22,0.35,0.35,0.35,0.35,0,0
2016-08-23,0.345,0.35,0.345,0.345,160000,0
2016-08-24,0.345,0.345,0.345,0.345,0,0
2016-08-25,0.345,0.345,0.345,0.345,0,0
2016-08-26,0.375,0.375,0.36,0.375,80000,0
2016-08-29,0.39,0.42,0.39,0.41,520000,0
2016-08-30,0.395,0.415,0.395,0.41,2240000,0
2016-08-31,0.385,0.395,0.375,0.375,546000,0
2016-09-01,0.37,0.385,0.37,0.375,500000,0
2016-09-02,0.385,0.385,0.385,0.385,280000,0
2016-09-05,0.385,0.385,0.385,0.385,0,0
2016-09-06,0.385,0.385,0.385,0.385,0,0
2016-09-07,0.385,0.385,0.385,0.385,0,0
2016-09-08,0.385,0.385,0.385,0.385,0,0
2016-09-09,0.385,0.385,0.385,0.385,0,0
2016-09-12,0.385,0.385,0.385,0.385,0,0
2016-09-13,0.385,0.385,0.385,0.385,0,0
2016-09-14,0.39,0.39,0.39,0.39,120000,0
2016-09-15,0.405,0.415,0.405,0.415,200000,0
2016-09-19,0.4,0.4,0.4,0.4,200000,0
2016-09-20,0.4,0.4,0.4,0.4,0,0
2016-09-21,0.4,0.4,0.4,0.4,0,0
2016-09-22,0.4,0.4,0.4,0.4,0,0
2016-09-23,0.4,0.4,0.4,0.4,0,0
2016-09-26,0.4,0.4,0.4,0.4,0,0
2016-09-27,0.4,0.4,0.4,0.4,0,0
2016-09-28,0.395,0.395,0.395,0.395,100000,0
2016-09-29,0.395,0.395,0.395,0.395,0,0
2016-09-30,0.395,0.395,0.395,0.395,0,0
2016-10-03,0.395,0.395,0.395,0.395,0,0
2016-10-04,0.39,0.39,0.39,0.39,100000,0
2016-10-05,0.395,0.395,0.395,0.395,160000,0
2016-10-06,0.395,0.395,0.395,0.395,0,0
2016-10-07,0.41,0.42,0.41,0.415,821000,0
2016-10-11,0.4,0.4,0.4,0.4,200000,0
2016-10-12,0.4,0.4,0.4,0.4,0,0
2016-10-13,0.4,0.4,0.4,0.4,0,0
2016-10-14,0.405,0.405,0.405,0.405,10000,0
2016-10-17,0.42,0.435,0.42,0.42,211000,0
2016-10-18,0.42,0.42,0.42,0.42,0,0
2016-10-19,0.425,0.435,0.425,0.435,102000,0
2016-10-20,0.435,0.435,0.435,0.435,0,0
2016-10-24,0.435,0.435,0.435,0.435,0,0
2016-10-25,0.435,0.435,0.435,0.435,0,0
2016-10-26,0.435,0.435,0.435,0.435,0,0
2016-10-27,0.435,0.435,0.435,0.435,0,0
2016-10-28,0.435,0.435,0.435,0.435,0,0
2016-10-31,0.435,0.435,0.435,0.435,0,0
2016-11-01,0.435,0.435,0.435,0.435,0,0
2016-11-02,0.435,0.435,0.435,0.435,0,0
2016-11-03,0.435,0.435,0.435,0.435,0,0
2016-11-04,0.44,0.44,0.44,0.44,0,0
2016-11-07,0.44,0.44,0.44,0.44,0,0
2016-11-08,0.51,0.51,0.51,0.51,68000,0
2016-11-09,0.51,0.51,0.51,0.51,0,0
2016-11-10,0.51,0.51,0.51,0.51,0,0
2016-11-11,0.51,0.51,0.51,0.51,0,0
2016-11-14,0.51,0.51,0.51,0.51,0,0
2016-11-15,0.455,0.455,0.455,0.455,0,0
2016-11-16,0.455,0.455,0.455,0.455,0,0
2016-11-17,0.455,0.455,0.455,0.455,0,0
2016-11-18,0.44,0.44,0.44,0.44,1000,0
2016-11-21,0.46,0.46,0.46,0.46,0,0
2016-11-22,0.46,0.46,0.46,0.46,0,0
2016-11-23,0.46,0.46,0.46,0.46,0,0
2016-11-24,0.42,0.42,0.42,0.42,200000,0
2016-11-25,0.42,0.42,0.42,0.42,0,0
2016-11-28,0.42,0.42,0.42,0.42,0,0
2016-11-29,0.42,0.42,0.42,0.42,0,0
2016-11-30,0.42,0.42,0.42,0.42,0,0
2016-12-01,0.42,0.42,0.42,0.42,0,0
2016-12-02,0.42,0.42,0.42,0.42,0,0
2016-12-05,0.42,0.42,0.42,0.42,0,0
2016-12-06,0.42,0.42,0.42,0.42,0,0
2016-12-07,0.42,0.42,0.42,0.42,0,0
2016-12-08,0.375,0.375,0.375,0.375,40000,0
2016-12-09,0.375,0.375,0.375,0.375,0,0
2016-12-12,0.375,0.375,0.375,0.375,0,0
2016-12-13,0.375,0.375,0.375,0.375,0,0
2016-12-14,0.41,0.41,0.41,0.41,1000,0
2016-12-15,0.41,0.41,0.41,0.41,0,0
2016-12-16,0.4,0.4,0.4,0.4,300000,0
2016-12-19,0.4,0.4,0.4,0.4,0,0
2016-12-20,0.4,0.4,0.4,0.4,0,0
2016-12-21,0.395,0.395,0.395,0.395,20000,0
2016-12-22,0.395,0.395,0.395,0.395,0,0
2016-12-23,0.5,0.5,0.5,0.5,1760000,0
2016-12-28,0.5,0.5,0.5,0.5,0,0
2016-12-29,0.56,0.56,0.56,0.56,9000,0
2016-12-30,0.56,0.56,0.56,0.56,0,0
2017-01-03,0.56,0.56,0.56,0.56,0,0
2017-01-04,0.56,0.56,0.56,0.56,0,0
2017-01-05,0.495,0.495,0.48,0.495,200000,0
2017-01-06,0.5,0.5,0.5,0.5,0,0
2017-01-09,0.5,0.5,0.5,0.5,0,0
2017-01-10,0.5,0.5,0.5,0.5,0,0
2017-01-11,0.5,0.5,0.5,0.5,0,0
2017-01-12,0.5,0.5,0.5,0.5,0,0
2017-01-13,0.485,0.485,0.485,0.485,2000,0
2017-01-16,0.485,0.485,0.485,0.485,0,0
2017-01-17,0.485,0.485,0.485,0.485,2000,0
2017-01-18,0.485,0.485,0.485,0.485,0,0
2017-01-19,0.485,0.485,0.485,0.485,0,0
2017-01-20,0.485,0.485,0.485,0.485,0,0
2017-01-23,0.485,0.485,0.485,0.485,0,0
2017-01-24,0.485,0.485,0.485,0.485,0,0
2017-01-25,0.485,0.485,0.485,0.485,0,0
2017-01-26,0.48,0.48,0.48,0.48,2000,0
2017-01-27,0.48,0.48,0.48,0.48,0,0
2017-02-01,0.48,0.48,0.48,0.48,0,0
2017-02-02,0.465,0.465,0.41,0.41,1761500,0
2017-02-03,0.41,0.41,0.41,0.41,0,0
2017-02-06,0.41,0.41,0.41,0.41,0,0
2017-02-07,0.41,0.41,0.41,0.41,0,0
2017-02-08,0.48,0.48,0.48,0.48,0,0
2017-02-09,0.48,0.48,0.48,0.48,0,0
2017-02-10,0.48,0.48,0.48,0.48,0,0
2017-02-13,0.48,0.48,0.48,0.48,0,0
2017-02-14,0.48,0.48,0.48,0.48,0,0
2017-02-15,0.48,0.48,0.48,0.48,1500,0
2017-02-16,0.47,0.47,0.47,0.47,1000,0
2017-02-17,0.47,0.47,0.47,0.47,0,0
2017-02-20,0.455,0.455,0.455,0.455,1000,0
2017-02-21,0.42,0.425,0.42,0.42,41000,0
2017-02-22,0.42,0.42,0.42,0.42,0,0
2017-02-23,0.42,0.42,0.42,0.42,0,0
2017-02-24,0.385,0.385,0.385,0.385,60000,0
2017-02-27,0.39,0.39,0.39,0.39,0,0
2017-02-28,0.39,0.39,0.39,0.39,0,0
2017-03-01,0.39,0.39,0.39,0.39,0,0
2017-03-02,0.39,0.39,0.39,0.39,0,0
2017-03-03,0.39,0.39,0.39,0.39,0,0
2017-03-06,0.39,0.39,0.39,0.39,0,0
2017-03-07,0.39,0.39,0.39,0.39,0,0
2017-03-08,0.39,0.39,0.39,0.39,0,0
2017-03-09,0.39,0.39,0.39,0.39,0,0
2017-03-10,0.39,0.39,0.39,0.39,0,0
2017-03-13,0.39,0.39,0.39,0.39,0,0
2017-03-14,0.39,0.39,0.39,0.39,0,0
2017-03-15,0.39,0.39,0.39,0.39,0,0
2017-03-16,0.39,0.39,0.39,0.39,0,0
2017-03-17,0.39,0.39,0.39,0.39,0,0
2017-03-20,0.46,0.46,0.455,0.455,210000,0
2017-03-21,0.455,0.455,0.455,0.455,0,0
2017-03-22,0.42,0.425,0.42,0.425,105000,0
2017-03-23,0.415,0.415,0.415,0.415,20000,0
2017-03-24,0.415,0.415,0.415,0.415,6000,0
2017-03-27,0.415,0.415,0.415,0.415,0,0
2017-03-28,0.435,0.435,0.435,0.435,1000,0
2017-03-29,0.435,0.435,0.435,0.435,0,0
2017-03-30,0.385,0.385,0.385,0.385,2000,0
2017-03-31,0.38,0.39,0.38,0.38,1000,0
2017-04-03,0.38,0.38,0.38,0.38,0,0
2017-04-05,0.38,0.38,0.38,0.38,0,0
2017-04-06,0.365,0.365,0.345,0.355,53000,0
2017-04-07,0.355,0.355,0.355,0.355,0,0
2017-04-10,0.37,0.37,0.365,0.365,10000,0
2017-04-11,0.35,0.35,0.35,0.35,0,0
2017-04-12,0.345,0.345,0.345,0.345,0,0
2017-04-13,0.335,0.335,0.335,0.335,0,0
2017-04-18,0.325,0.325,0.325,0.325,0,0
2017-04-19,0.325,0.325,0.325,0.325,0,0
2017-04-20,0.32,0.32,0.32,0.32,0,0
2017-04-21,0.335,0.34,0.335,0.335,50000,0
2017-04-24,0.33,0.33,0.33,0.33,0,0
2017-04-25,0.33,0.33,0.33,0.33,20000,0
2017-04-26,0.33,0.33,0.33,0.33,0,0
2017-04-27,0.33,0.33,0.33,0.33,0,0
2017-04-28,0.375,0.375,0.375,0.375,30000,0
2017-05-02,0.36,0.36,0.36,0.36,0,0
2017-05-04,0.345,0.345,0.345,0.345,0,0
2017-05-05,0.345,0.345,0.345,0.345,0,0
2017-05-08,0.34,0.34,0.34,0.34,0,0
2017-05-09,0.34,0.34,0.34,0.34,0,0
2017-05-10,0.34,0.34,0.34,0.34,0,0
2017-05-11,0.315,0.315,0.315,0.315,500000,0
2017-05-12,0.31,0.31,0.29,0.295,4965000,0
2017-05-15,0.285,0.285,0.285,0.285,11000,0
2017-05-16,0.285,0.285,0.285,0.285,0,0
2017-05-17,0.285,0.285,0.285,0.285,0,0
2017-05-18,0.237,0.241,0.237,0.241,80000,0
2017-05-19,0.241,0.241,0.241,0.241,0,0
2017-05-22,0.241,0.241,0.241,0.241,0,0
2017-05-23,0.241,0.241,0.241,0.241,0,0
2017-05-24,0.241,0.241,0.241,0.241,0,0
2017-05-25,0.241,0.241,0.241,0.241,0,0
2017-05-26,0.241,0.241,0.241,0.241,0,0
2017-05-29,0.241,0.241,0.241,0.241,0,0
2017-05-31,0.241,0.241,0.241,0.241,0,0
2017-06-01,0.241,0.241,0.241,0.241,0,0
2017-06-02,0.241,0.241,0.241,0.241,0,0
2017-06-05,0.24,0.24,0.24,0.24,0,0
2017-06-06,0.244,0.244,0.243,0.243,600000,0
2017-06-07,0.25,0.25,0.25,0.25,100000,0
2017-06-08,0.25,0.25,0.25,0.25,0,0
2017-06-09,0.241,0.241,0.241,0.241,0,0
2017-06-12,0.233,0.233,0.228,0.228,420000,0
2017-06-13,0.228,0.228,0.228,0.228,0,0
2017-06-14,0.265,0.265,0.265,0.265,0,0
2017-06-15,0.295,0.3,0.295,0.295,95000,0
2017-06-16,0.295,0.295,0.295,0.295,0,0
2017-06-19,0.26,0.26,0.26,0.26,15000,0
2017-06-20,0.26,0.26,0.26,0.26,0,0
2017-06-21,0.26,0.26,0.26,0.26,0,0
2017-06-22,0.26,0.26,0.26,0.26,0,0
2017-06-23,0.26,0.26,0.26,0.26,0,0
2017-06-26,0.26,0.26,0.26,0.26,0,0
2017-06-27,0.26,0.26,0.26,0.26,0,0
2017-06-28,0.26,0.26,0.26,0.26,0,0
2017-06-29,0.255,0.255,0.255,0.255,150000,0
2017-06-30,0.28,0.28,0.28,0.28,0,0
2017-07-03,0.28,0.28,0.28,0.28,0,0
2017-07-04,0.275,0.275,0.275,0.275,150000,0
2017-07-05,0.275,0.275,0.275,0.275,0,0
2017-07-06,0.29,0.29,0.29,0.29,3000,0
2017-07-07,0.27,0.27,0.27,0.27,20000,0
2017-07-10,0.27,0.27,0.27,0.27,0,0
2017-07-11,0.27,0.27,0.27,0.27,0,0
2017-07-12,0.305,0.305,0.305,0.305,60000,0
2017-07-13,0.32,0.32,0.305,0.305,48000,0
2017-07-14,0.3,0.3,0.3,0.3,0,0
2017-07-17,0.3,0.3,0.3,0.3,0,0
2017-07-18,0.3,0.3,0.3,0.3,0,0
2017-07-19,0.3,0.3,0.3,0.3,0,0
2017-07-20,0.3,0.3,0.3,0.3,0,0
2017-07-21,0.3,0.3,0.3,0.3,0,0
2017-07-24,0.3,0.3,0.3,0.3,0,0
2017-07-25,0.3,0.3,0.3,0.3,0,0
2017-07-26,0.28,0.28,0.28,0.28,0,0
2017-07-27,0.238,0.275,0.238,0.27,11000,0
2017-07-28,0.255,0.26,0.255,0.255,8000,0
2017-07-31,0.255,0.255,0.255,0.255,0,0
2017-08-01,0.26,0.26,0.26,0.26,3000,0
2017-08-02,0.26,0.26,0.26,0.26,0,0
2017-08-03,0.26,0.26,0.26,0.26,0,0
2017-08-04,0.255,0.255,0.255,0.255,0,0
2017-08-07,0.26,0.26,0.26,0.26,3000,0
2017-08-08,0.26,0.26,0.26,0.26,74000,0
2017-08-09,0.22,0.229,0.22,0.22,105000,0
2017-08-10,0.196,0.196,0.185,0.186,1557000,0
2017-08-11,0.18,0.18,0.175,0.175,110000,0
2017-08-14,0.175,0.175,0.175,0.175,0,0
2017-08-15,0.17,0.17,0.17,0.17,8000,0
2017-08-16,0.18,0.18,0.18,0.18,2000000,0
2017-08-17,0.162,0.162,0.161,0.162,200000,0
2017-08-18,0.162,0.162,0.162,0.162,0,0
2017-08-21,0.169,0.17,0.169,0.17,500000,0
2017-08-22,0.17,0.17,0.17,0.17,0,0
2017-08-24,0.169,0.169,0.169,0.169,500000,0
2017-08-25,0.169,0.169,0.169,0.169,0,0
2017-08-28,0.165,0.165,0.165,0.165,0,0
2017-08-29,0.161,0.162,0.161,0.162,12000,0
2017-08-30,0.162,0.162,0.162,0.162,0,0
2017-08-31,0.163,0.163,0.163,0.163,0,0
2017-09-01,0.163,0.163,0.163,0.163,0,0
2017-09-04,0.163,0.163,0.163,0.163,0,0
2017-09-05,0.197,0.21,0.197,0.21,2500,0
2017-09-06,0.199,0.199,0.199,0.199,500000,0
2017-09-07,0.226,0.226,0.216,0.216,1300000,0
2017-09-08,0.202,0.202,0.202,0.202,0,0
2017-09-11,0.202,0.202,0.202,0.202,0,0
2017-09-12,0.202,0.202,0.202,0.202,0,0
2017-09-13,0.206,0.224,0.206,0.217,4200000,0
2017-09-14,0.224,0.224,0.224,0.224,0,0
2017-09-15,0.224,0.224,0.224,0.224,0,0
2017-09-18,0.255,0.255,0.255,0.255,2000,0
2017-09-19,0.255,0.255,0.255,0.255,0,0
2017-09-20,0.285,0.29,0.285,0.285,129000,0
2017-09-21,0.275,0.275,0.275,0.275,0,0
2017-09-22,0.27,0.27,0.27,0.27,0,0
2017-09-25,0.235,0.235,0.235,0.235,0,0
2017-09-26,0.235,0.235,0.235,0.235,0,0
2017-09-27,0.25,0.25,0.25,0.25,3000,0
2017-09-28,0.255,0.255,0.255,0.255,2500,0
2017-09-29,0.275,0.28,0.275,0.275,800000,0
2017-10-03,0.275,0.275,0.275,0.275,0,0
2017-10-04,0.275,0.275,0.275,0.275,0,0
2017-10-06,0.3,0.3,0.29,0.3,16000,0
2017-10-09,0.34,0.365,0.34,0.365,915000,0
2017-10-10,0.37,0.37,0.365,0.365,1400000,0
2017-10-11,0.35,0.35,0.35,0.35,0,0
2017-10-12,0.325,0.325,0.325,0.325,20000,0
2017-10-13,0.325,0.325,0.325,0.325,0,0
2017-10-16,0.33,0.33,0.33,0.33,0,0
2017-10-17,0.365,0.37,0.365,0.37,602000,0
2017-10-18,0.37,0.37,0.37,0.37,30000,0
2017-10-19,0.37,0.37,0.37,0.37,0,0
2017-10-20,0.37,0.37,0.37,0.37,0,0
2017-10-23,0.395,0.415,0.395,0.415,70000,0
2017-10-24,0.415,0.415,0.415,0.415,0,0
2017-10-25,0.415,0.415,0.415,0.415,0,0
2017-10-26,0.415,0.415,0.415,0.415,0,0
2017-10-27,0.415,0.415,0.415,0.415,0,0
2017-10-30,0.46,0.46,0.45,0.455,543000,0
2017-10-31,0.485,0.49,0.485,0.49,51500,0
2017-11-01,0.55,0.55,0.55,0.55,1500,0
2017-11-02,0.55,0.55,0.55,0.55,0,0
2017-11-03,0.61,0.65,0.61,0.65,3111500,0
2017-11-06,0.67,0.73,0.66,0.73,6004000,0
2017-11-07,0.7,0.7,0.7,0.7,0,0
2017-11-08,0.68,0.68,0.66,0.66,10000,0
2017-11-09,0.67,0.67,0.67,0.67,0,0
2017-11-10,0.67,0.67,0.67,0.67,0,0
2017-11-13,0.72,0.74,0.72,0.72,100000,0
2017-11-14,0.68,0.68,0.68,0.68,5000,0
2017-11-15,0.6,0.62,0.52,0.52,2638500,0
2017-11-16,0.52,0.52,0.45,0.52,1080000,0
2017-11-17,0.435,0.45,0.435,0.435,400000,0
2017-11-20,0.425,0.465,0.425,0.465,500000,0
2017-11-21,0.52,0.52,0.52,0.52,500000,0
2017-11-22,0.55,0.66,0.55,0.65,630500,0
2017-11-23,0.69,0.75,0.67,0.67,1080000,0
2017-11-24,0.64,0.64,0.64,0.64,0,0
2017-11-27,0.61,0.61,0.61,0.61,0,0
2017-11-28,0.455,0.455,0.455,0.455,2000,0
2017-11-29,0.455,0.455,0.455,0.455,0,0
2017-11-30,0.455,0.455,0.455,0.455,0,0
2017-12-01,0.465,0.465,0.465,0.465,0,0
2017-12-04,0.465,0.465,0.465,0.465,0,0
2017-12-05,0.465,0.465,0.465,0.465,0,0
2017-12-06,0.375,0.375,0.375,0.375,100000,0
2017-12-07,0.375,0.375,0.375,0.375,0,0
2017-12-08,0.465,0.465,0.465,0.465,102000,0
2017-12-11,0.48,0.485,0.48,0.48,401000,0
2017-12-12,0.48,0.48,0.48,0.48,0,0
2017-12-13,0.48,0.48,0.48,0.48,0,0
2017-12-14,0.48,0.48,0.48,0.48,0,0
2017-12-15,0.48,0.48,0.48,0.48,0,0
2017-12-18,0.48,0.48,0.48,0.48,0,0
2017-12-19,0.48,0.48,0.48,0.48,0,0
2017-12-20,0.48,0.48,0.48,0.48,0,0
2017-12-21,0.485,0.485,0.485,0.485,0,0
2017-12-22,0.5,0.5,0.5,0.5,0,0
2017-12-27,0.55,0.55,0.55,0.55,1500,0
2017-12-28,0.6,0.6,0.6,0.6,0,0
2017-12-29,0.64,0.64,0.64,0.64,0,0
2018-01-02,0.6,0.6,0.6,0.6,0,0
2018-01-03,0.56,0.56,0.56,0.56,1000,0
2018-01-04,0.65,0.65,0.65,0.65,50000,0
2018-01-05,0.62,0.62,0.62,0.62,0,0
2018-01-08,0.61,0.61,0.61,0.61,0,0
2018-01-09,0.61,0.61,0.61,0.61,0,0
2018-01-10,0.61,0.61,0.61,0.61,0,0
2018-01-11,0.61,0.61,0.61,0.61,0,0
2018-01-12,0.6,0.6,0.6,0.6,0,0
2018-01-15,0.56,0.56,0.56,0.56,0,0
2018-01-16,0.55,0.55,0.55,0.55,0,0
2018-01-17,0.53,0.53,0.53,0.53,0,0
2018-01-18,0.52,0.52,0.52,0.52,0,0
2018-01-19,0.52,0.52,0.52,0.52,0,0
2018-01-22,0.46,0.465,0.46,0.465,5000,0
2018-01-23,0.465,0.465,0.465,0.465,0,0
2018-01-24,0.47,0.47,0.47,0.47,0,0
2018-01-25,0.47,0.47,0.47,0.47,0,0
2018-01-26,0.47,0.47,0.47,0.47,0,0
2018-01-29,0.47,0.47,0.47,0.47,0,0
2018-01-30,0.47,0.47,0.47,0.47,0,0
2018-01-31,0.48,0.48,0.48,0.48,0,0
2018-02-01,0.48,0.48,0.48,0.48,50000,0
2018-02-02,0.48,0.48,0.48,0.48,0,0
2018-02-05,0.48,0.48,0.48,0.48,0,0
2018-02-06,0.435,0.435,0.435,0.435,100000,0
2018-02-07,0.41,0.41,0.41,0.41,0,0
2018-02-08,0.415,0.415,0.385,0.385,35000,0
2018-02-09,0.4,0.4,0.4,0.4,11000,0
2018-02-12,0.37,0.37,0.31,0.31,125000,0
2018-02-13,0.36,0.36,0.345,0.345,10000,0
2018-02-14,0.365,0.37,0.365,0.365,20000,0
2018-02-15,0.365,0.365,0.365,0.365,0,0
2018-02-20,0.365,0.365,0.365,0.365,0,0
2018-02-21,0.365,0.365,0.365,0.365,100000,0
2018-02-22,0.37,0.385,0.37,0.385,800000,0
2018-02-23,0.385,0.385,0.385,0.385,0,0
2018-02-26,0.385,0.385,0.385,0.385,0,0
2018-02-27,0.385,0.385,0.38,0.38,200000,0
2018-02-28,0.33,0.34,0.33,0.34,188000,0
2018-03-01,0.355,0.355,0.355,0.355,0,0
2018-03-02,0.355,0.355,0.355,0.355,0,0
2018-03-05,0.355,0.355,0.355,0.355,0,0
2018-03-06,0.425,0.425,0.425,0.425,50000,0
2018-03-07,0.45,0.45,0.44,0.44,50000,0
2018-03-08,0.44,0.44,0.44,0.44,0,0
2018-03-09,0.44,0.44,0.44,0.44,0,0
2018-03-12,0.44,0.44,0.44,0.44,0,0
2018-03-13,0.44,0.44,0.44,0.44,0,0
2018-03-14,0.44,0.44,0.44,0.44,0,0
2018-03-15,0.44,0.44,0.44,0.44,0,0
2018-03-16,0.44,0.44,0.44,0.44,0,0
2018-03-19,0.44,0.44,0.44,0.44,0,0
2018-03-20,0.45,0.45,0.45,0.45,10000,0
2018-03-21,0.445,0.445,0.445,0.445,0,0
2018-03-22,0.41,0.41,0.41,0.41,16000,0
2018-03-23,0.37,0.37,0.37,0.37,0,0
2018-03-26,0.37,0.37,0.37,0.37,0,0
2018-03-27,0.425,0.43,0.425,0.43,14000,0
2018-03-28,0.43,0.43,0.43,0.43,0,0
2018-03-29,0.43,0.43,0.43,0.43,0,0
