Date,Open,High,Low,Close,Volume,OpenInt
2016-06-10,0.137,0.137,0.137,0.137,20000,0
2016-06-13,0.127,0.127,0.127,0.127,0,0
2016-06-14,0.13,0.13,0.13,0.13,0,0
2016-06-15,0.123,0.131,0.123,0.13,300000,0
2016-06-16,0.129,0.129,0.129,0.129,400000,0
2016-06-17,0.133,0.133,0.131,0.131,600000,0
2016-06-20,0.131,0.131,0.131,0.131,0,0
2016-06-21,0.134,0.135,0.133,0.133,400000,0
2016-06-22,0.132,0.134,0.131,0.134,700000,0
2016-06-23,0.134,0.134,0.134,0.134,0,0
2016-06-24,0.134,0.134,0.134,0.134,0,0
2016-06-27,0.132,0.136,0.131,0.136,800000,0
2016-06-28,0.134,0.134,0.133,0.134,400000,0
2016-06-29,0.135,0.138,0.135,0.138,400000,0
2016-06-30,0.129,0.129,0.127,0.127,200000,0
2016-07-04,0.124,0.129,0.124,0.129,600000,0
2016-07-05,0.12,0.121,0.12,0.121,952000,0
2016-07-06,0.117,0.119,0.117,0.119,1200000,0
2016-07-07,0.118,0.119,0.118,0.118,400000,0
2016-07-08,0.115,0.115,0.115,0.115,0,0
2016-07-11,0.116,0.118,0.115,0.117,1200000,0
2016-07-12,0.121,0.13,0.121,0.13,204000,0
2016-07-13,0.132,0.132,0.129,0.129,412000,0
2016-07-14,0.137,0.137,0.137,0.137,16000,0
2016-07-15,0.14,0.14,0.14,0.14,0,0
2016-07-18,0.139,0.139,0.138,0.138,1200000,0
2016-07-19,0.124,0.124,0.124,0.124,0,0
2016-07-20,0.124,0.124,0.124,0.124,0,0
2016-07-21,0.126,0.126,0.125,0.125,400000,0
2016-07-22,0.118,0.118,0.118,0.118,0,0
2016-07-25,0.115,0.115,0.115,0.115,0,0
2016-07-26,0.116,0.119,0.116,0.119,200000,0
2016-07-27,0.12,0.12,0.114,0.115,1120000,0
2016-07-28,0.116,0.116,0.116,0.116,0,0
2016-07-29,0.116,0.116,0.116,0.116,0,0
2016-08-01,0.118,0.121,0.117,0.121,400000,0
2016-08-03,0.114,0.114,0.114,0.114,0,0
2016-08-04,0.112,0.112,0.112,0.112,100000,0
2016-08-05,0.111,0.111,0.111,0.111,0,0
2016-08-08,0.112,0.112,0.112,0.112,0,0
2016-08-09,0.112,0.112,0.112,0.112,400000,0
2016-08-10,0.112,0.112,0.112,0.112,0,0
2016-08-11,0.114,0.114,0.114,0.114,0,0
2016-08-12,0.126,0.126,0.126,0.126,0,0
2016-08-15,0.128,0.142,0.128,0.142,2000000,0
2016-08-16,0.134,0.135,0.133,0.134,1680000,0
2016-08-17,0.132,0.132,0.132,0.132,42000000,0
2016-08-18,0.126,0.127,0.126,0.126,760000,0
2016-08-19,0.126,0.126,0.126,0.126,0,0
2016-08-22,0.126,0.126,0.122,0.124,1480000,0
2016-08-23,0.125,0.128,0.125,0.127,1320000,0
2016-08-24,0.125,0.125,0.123,0.123,2000,0
2016-08-25,0.119,0.119,0.117,0.119,6000,0
2016-08-26,0.118,0.118,0.118,0.118,0,0
2016-08-29,0.113,0.114,0.113,0.114,2000,0
2016-08-30,0.114,0.114,0.114,0.114,0,0
2016-08-31,0.115,0.117,0.115,0.117,600000,0
2016-09-01,0.115,0.116,0.114,0.114,400000,0
2016-09-02,0.113,0.113,0.112,0.113,800000,0
2016-09-05,0.114,0.116,0.114,0.115,1420000,0
2016-09-06,0.111,0.114,0.111,0.114,1022000,0
2016-09-07,0.118,0.118,0.117,0.117,404000,0
2016-09-08,0.116,0.116,0.116,0.116,800000,0
2016-09-09,0.116,0.116,0.113,0.113,800000,0
2016-09-12,0.105,0.107,0.102,0.102,1206000,0
2016-09-13,0.106,0.106,0.103,0.103,206000,0
2016-09-14,0.103,0.104,0.101,0.101,800000,0
2016-09-15,0.102,0.102,0.102,0.102,200000,0
2016-09-19,0.104,0.105,0.104,0.105,1592000,0
2016-09-20,0.103,0.104,0.102,0.104,2402000,0
2016-09-21,0.104,0.104,0.103,0.103,25306000,0
2016-09-22,0.106,0.108,0.106,0.106,85510000,0
2016-09-23,0.107,0.107,0.104,0.104,44072000,0
2016-09-26,0.103,0.103,0.098,0.098,23434000,0
2016-09-27,0.101,0.102,0.101,0.101,400000,0
2016-09-28,0.101,0.101,0.1,0.1,11928000,0
2016-09-29,0.102,0.103,0.102,0.102,17812000,0
2016-09-30,0.101,0.103,0.1,0.1,7868000,0
2016-10-03,0.101,0.101,0.101,0.101,0,0
2016-10-04,0.101,0.101,0.101,0.101,200000,0
2016-10-05,0.101,0.102,0.101,0.102,300000,0
2016-10-06,0.107,0.107,0.106,0.107,400000,0
2016-10-07,0.105,0.106,0.105,0.106,2000,0
2016-10-11,0.108,0.108,0.108,0.108,602000,0
2016-10-12,0.105,0.105,0.105,0.105,800000,0
2016-10-13,0.105,0.105,0.103,0.103,400000,0
2016-10-14,0.104,0.107,0.103,0.106,2100000,0
2016-10-17,0.1,0.1,0.1,0.1,100000,0
2016-10-18,0.101,0.106,0.101,0.106,2262000,0
2016-10-19,0.104,0.105,0.104,0.104,200000,0
2016-10-20,0.106,0.107,0.105,0.105,696000,0
2016-10-24,0.108,0.114,0.108,0.113,112700000,0
2016-10-25,0.112,0.113,0.111,0.111,191588000,0
2016-10-26,0.111,0.112,0.107,0.107,16016000,0
2016-10-27,0.107,0.107,0.105,0.106,13308000,0
2016-10-28,0.106,0.108,0.106,0.107,14292000,0
2016-10-31,0.103,0.106,0.103,0.105,8584000,0
2016-11-01,0.105,0.107,0.105,0.106,7544000,0
2016-11-02,0.104,0.104,0.103,0.103,7936000,0
2016-11-03,0.103,0.107,0.103,0.107,2520000,0
2016-11-04,0.108,0.108,0.105,0.105,1200000,0
2016-11-07,0.105,0.105,0.105,0.105,440000,0
2016-11-08,0.106,0.109,0.106,0.107,890000,0
2016-11-09,0.105,0.105,0.096,0.101,3250000,0
2016-11-10,0.104,0.104,0.104,0.104,0,0
2016-11-11,0.102,0.106,0.102,0.106,360000,0
2016-11-14,0.105,0.11,0.105,0.106,1320000,0
2016-11-15,0.105,0.105,0.103,0.103,600000,0
2016-11-16,0.099,0.099,0.099,0.099,290000,0
2016-11-17,0.097,0.098,0.097,0.098,400000,0
2016-11-18,0.094,0.095,0.094,0.094,624000,0
2016-11-21,0.096,0.101,0.096,0.098,5364000,0
2016-11-22,0.1,0.103,0.1,0.103,2326000,0
2016-11-23,0.105,0.106,0.104,0.104,1192000,0
2016-11-24,0.101,0.107,0.101,0.103,4832000,0
2016-11-25,0.106,0.111,0.104,0.111,3800000,0
2016-11-28,0.116,0.118,0.114,0.114,4830000,0
2016-11-29,0.112,0.124,0.112,0.119,6000000,0
2016-11-30,0.12,0.121,0.112,0.112,4694000,0
2016-12-01,0.115,0.118,0.114,0.114,3830000,0
2016-12-02,0.115,0.115,0.11,0.112,5890000,0
2016-12-05,0.11,0.111,0.106,0.107,7766000,0
2016-12-06,0.109,0.11,0.106,0.106,2376000,0
2016-12-07,0.106,0.106,0.106,0.106,2956000,0
2016-12-08,0.108,0.109,0.108,0.109,400000,0
2016-12-09,0.108,0.119,0.108,0.115,8414000,0
2016-12-12,0.114,0.116,0.106,0.107,7174000,0
2016-12-13,0.115,0.115,0.11,0.11,3490000,0
2016-12-14,0.111,0.113,0.109,0.109,2014000,0
2016-12-15,0.105,0.105,0.097,0.097,1220000,0
2016-12-16,0.097,0.097,0.096,0.096,400000,0
2016-12-19,0.096,0.096,0.095,0.095,596000,0
2016-12-20,0.093,0.093,0.091,0.091,1000000,0
2016-12-21,0.093,0.095,0.093,0.094,2084000,0
2016-12-22,0.092,0.092,0.092,0.092,0,0
2016-12-23,0.091,0.091,0.091,0.091,0,0
2016-12-28,0.091,0.091,0.091,0.091,0,0
2016-12-29,0.09,0.09,0.089,0.09,616000,0
2016-12-30,0.09,0.09,0.09,0.09,0,0
2017-01-03,0.093,0.097,0.083,0.083,4044000,0
2017-01-04,0.085,0.086,0.08,0.08,1324000,0
2017-01-05,0.087,0.092,0.086,0.092,846000,0
2017-01-06,0.089,0.09,0.087,0.087,196000,0
2017-01-09,0.087,0.087,0.087,0.087,600000,0
2017-01-10,0.087,0.087,0.087,0.087,0,0
2017-01-11,0.089,0.09,0.089,0.09,606000,0
2017-01-12,0.089,0.089,0.089,0.089,0,0
2017-01-13,0.094,0.095,0.094,0.095,600000,0
2017-01-16,0.099,0.099,0.096,0.099,1600000,0
2017-01-17,0.101,0.101,0.101,0.101,100000,0
2017-01-18,0.104,0.105,0.104,0.105,600000,0
2017-01-19,0.103,0.104,0.103,0.103,400000,0
2017-01-20,0.106,0.106,0.106,0.106,300000,0
2017-01-23,0.109,0.109,0.108,0.108,400000,0
2017-01-24,0.108,0.108,0.108,0.108,0,0
2017-01-25,0.107,0.108,0.107,0.108,500000,0
2017-01-26,0.112,0.112,0.112,0.112,0,0
2017-01-27,0.112,0.112,0.112,0.112,0,0
2017-02-01,0.109,0.109,0.109,0.109,0,0
2017-02-02,0.11,0.11,0.11,0.11,0,0
2017-02-03,0.105,0.105,0.105,0.105,148000,0
2017-02-06,0.106,0.106,0.104,0.105,700000,0
2017-02-07,0.101,0.101,0.101,0.101,0,0
2017-02-08,0.097,0.1,0.097,0.1,200000,0
2017-02-09,0.1,0.104,0.1,0.101,2300000,0
2017-02-10,0.102,0.104,0.102,0.104,1500000,0
2017-02-13,0.105,0.105,0.105,0.105,0,0
2017-02-14,0.104,0.104,0.103,0.104,50000,0
2017-02-15,0.105,0.107,0.105,0.106,600000,0
2017-02-16,0.108,0.108,0.107,0.108,900000,0
2017-02-17,0.108,0.109,0.105,0.105,200000,0
2017-02-20,0.106,0.113,0.106,0.113,800000,0
2017-02-21,0.114,0.114,0.111,0.111,1200000,0
2017-02-22,0.111,0.111,0.111,0.111,0,0
2017-02-23,0.112,0.112,0.108,0.108,1600000,0
2017-02-24,0.108,0.109,0.108,0.108,400000,0
2017-02-27,0.106,0.106,0.103,0.103,1170000,0
2017-02-28,0.104,0.105,0.102,0.102,870000,0
2017-03-01,0.106,0.107,0.105,0.105,1400000,0
2017-03-02,0.105,0.105,0.099,0.099,800000,0
2017-03-03,0.096,0.096,0.096,0.096,400000,0
2017-03-06,0.097,0.097,0.097,0.097,800000,0
2017-03-07,0.1,0.1,0.1,0.1,0,0
2017-03-08,0.098,0.098,0.098,0.098,0,0
2017-03-09,0.096,0.096,0.096,0.096,0,0
2017-03-10,0.096,0.096,0.096,0.096,0,0
2017-03-13,0.097,0.099,0.097,0.099,800000,0
2017-03-14,0.1,0.1,0.099,0.099,130000,0
2017-03-15,0.099,0.099,0.099,0.099,0,0
2017-03-16,0.107,0.107,0.105,0.105,870000,0
2017-03-17,0.099,0.103,0.099,0.099,200000,0
2017-03-20,0.098,0.098,0.096,0.097,600000,0
2017-03-21,0.098,0.099,0.098,0.099,9000000,0
2017-03-22,0.097,0.097,0.097,0.097,0,0
2017-03-23,0.097,0.097,0.097,0.097,0,0
2017-03-24,0.099,0.103,0.099,0.103,1600000,0
2017-03-27,0.106,0.106,0.103,0.103,800000,0
2017-03-28,0.096,0.096,0.094,0.094,1060000,0
2017-03-29,0.094,0.094,0.094,0.094,0,0
2017-03-30,0.092,0.092,0.092,0.092,0,0
2017-03-31,0.094,0.094,0.094,0.094,0,0
2017-04-03,0.095,0.095,0.095,0.095,0,0
2017-04-05,0.097,0.098,0.097,0.098,1600000,0
2017-04-06,0.098,0.098,0.098,0.098,0,0
2017-04-07,0.098,0.098,0.098,0.098,0,0
2017-04-10,0.096,0.096,0.093,0.093,136000,0
2017-04-11,0.089,0.089,0.089,0.089,0,0
2017-04-12,0.089,0.089,0.089,0.089,0,0
2017-04-13,0.088,0.088,0.088,0.088,0,0
2017-04-18,0.083,0.084,0.082,0.082,760000,0
2017-04-19,0.079,0.079,0.079,0.079,0,0
2017-04-20,0.08,0.082,0.078,0.08,1000000,0
2017-04-21,0.08,0.081,0.08,0.081,250000,0
2017-04-24,0.078,0.079,0.077,0.078,1400000,0
2017-04-25,0.081,0.081,0.081,0.081,950000,0
2017-04-26,0.082,0.082,0.081,0.081,800000,0
2017-04-27,0.079,0.079,0.077,0.079,600000,0
2017-04-28,0.064,0.079,0.064,0.064,800000,0
2017-05-02,0.064,0.064,0.064,0.064,0,0
2017-05-04,0.064,0.064,0.064,0.064,0,0
2017-05-05,0.064,0.064,0.064,0.064,0,0
2017-05-08,0.064,0.064,0.064,0.064,0,0
2017-05-09,0.062,0.063,0.062,0.063,290000,0
2017-05-10,0.067,0.067,0.066,0.066,650000,0
2017-05-11,0.067,0.067,0.066,0.067,400000,0
2017-05-12,0.07,0.074,0.07,0.074,400000,0
2017-05-15,0.079,0.079,0.077,0.077,600000,0
2017-05-16,0.074,0.076,0.074,0.076,400000,0
2017-05-17,0.077,0.077,0.075,0.075,600000,0
2017-05-18,0.072,0.072,0.069,0.069,680000,0
2017-05-19,0.069,0.069,0.069,0.069,0,0
2017-05-22,0.074,0.074,0.074,0.074,2700000,0
2017-05-23,0.078,0.078,0.078,0.078,680000,0
2017-05-24,0.079,0.079,0.079,0.079,0,0
2017-05-25,0.096,0.096,0.094,0.096,5148000,0
2017-05-26,0.103,0.103,0.1,0.1,2600000,0
2017-05-29,0.103,0.103,0.103,0.103,800000,0
2017-05-31,0.1,0.105,0.1,0.105,8430000,0
2017-06-01,0.107,0.112,0.107,0.112,1516000,0
2017-06-02,0.111,0.111,0.111,0.111,8000000,0
2017-06-05,0.106,0.106,0.106,0.106,50000,0
2017-06-06,0.111,0.112,0.11,0.112,200000,0
2017-06-07,0.117,0.119,0.117,0.117,3550000,0
2017-06-08,0.124,0.124,0.124,0.124,0,0
2017-06-09,0.126,0.132,0.126,0.129,780000,0
2017-06-12,0.13,0.136,0.127,0.127,608000,0
2017-06-13,0.127,0.128,0.127,0.127,200000,0
2017-06-14,0.116,0.116,0.116,0.116,220000,0
2017-06-15,0.115,0.115,0.109,0.109,3600000,0
2017-06-16,0.102,0.104,0.102,0.102,220000,0
2017-06-19,0.109,0.113,0.109,0.111,5600000,0
2017-06-20,0.113,0.113,0.104,0.107,1000000,0
2017-06-21,0.108,0.114,0.108,0.114,10800000,0
2017-06-22,0.119,0.126,0.117,0.117,370000,0
2017-06-23,0.119,0.123,0.117,0.123,540000,0
2017-06-26,0.132,0.132,0.13,0.13,228000,0
2017-06-27,0.126,0.131,0.125,0.131,2434000,0
2017-06-28,0.131,0.133,0.129,0.129,768000,0
2017-06-29,0.133,0.137,0.133,0.137,6188000,0
2017-06-30,0.135,0.139,0.134,0.138,812000,0
2017-07-03,0.134,0.134,0.128,0.131,3104000,0
2017-07-04,0.122,0.122,0.12,0.12,80000,0
2017-07-05,0.122,0.132,0.122,0.132,8000,0
2017-07-06,0.13,0.133,0.123,0.131,4600000,0
2017-07-07,0.13,0.13,0.13,0.13,200000,0
2017-07-10,0.135,0.135,0.134,0.134,400000,0
2017-07-11,0.138,0.151,0.135,0.146,880000,0
2017-07-12,0.147,0.15,0.14,0.14,1408000,0
2017-07-13,0.157,0.157,0.152,0.157,400000,0
2017-07-14,0.161,0.162,0.154,0.162,1080000,0
2017-07-17,0.17,0.17,0.16,0.164,1960000,0
2017-07-18,0.162,0.165,0.157,0.165,2810000,0
2017-07-19,0.167,0.178,0.167,0.178,660000,0
2017-07-20,0.179,0.179,0.178,0.178,500000,0
2017-07-21,0.18,0.18,0.172,0.172,454000,0
2017-07-24,0.18,0.181,0.177,0.18,200000,0
2017-07-25,0.184,0.184,0.178,0.178,274000,0
2017-07-26,0.177,0.177,0.173,0.173,200000,0
2017-07-27,0.174,0.174,0.174,0.174,0,0
2017-07-28,0.169,0.171,0.169,0.171,900000,0
2017-07-31,0.178,0.178,0.178,0.178,454000,0
2017-08-01,0.179,0.191,0.179,0.191,1198000,0
2017-08-02,0.188,0.195,0.188,0.19,3380000,0
2017-08-03,0.187,0.187,0.178,0.178,350000,0
2017-08-04,0.179,0.181,0.175,0.175,740000,0
2017-08-07,0.175,0.175,0.175,0.175,0,0
2017-08-08,0.176,0.176,0.176,0.176,0,0
2017-08-09,0.175,0.175,0.173,0.173,604000,0
2017-08-10,0.174,0.174,0.163,0.167,3154000,0
2017-08-11,0.166,0.166,0.147,0.147,12318000,0
2017-08-14,0.153,0.162,0.153,0.159,7588000,0
2017-08-15,0.158,0.169,0.158,0.164,3444000,0
2017-08-16,0.159,0.162,0.158,0.162,3956000,0
2017-08-17,0.169,0.169,0.165,0.169,6704000,0
2017-08-18,0.166,0.174,0.164,0.17,4228000,0
2017-08-21,0.179,0.179,0.175,0.177,314000,0
2017-08-22,0.184,0.184,0.184,0.184,0,0
2017-08-24,0.188,0.188,0.188,0.188,0,0
2017-08-25,0.204,0.216,0.204,0.216,300000,0
2017-08-28,0.231,0.234,0.231,0.231,450000,0
2017-08-29,0.232,0.232,0.232,0.232,0,0
2017-08-30,0.246,0.246,0.24,0.24,450000,0
2017-08-31,0.225,0.225,0.225,0.225,200000,0
2017-09-01,0.225,0.225,0.225,0.225,200000,0
2017-09-04,0.232,0.232,0.232,0.232,0,0
2017-09-05,0.24,0.24,0.24,0.24,100000,0
2017-09-06,0.237,0.237,0.237,0.237,200000,0
2017-09-07,0.237,0.237,0.23,0.23,6100000,0
2017-09-08,0.247,0.247,0.243,0.243,410000,0
2017-09-11,0.232,0.237,0.232,0.232,400000,0
2017-09-12,0.228,0.233,0.228,0.233,400000,0
2017-09-13,0.233,0.233,0.233,0.233,0,0
2017-09-14,0.218,0.22,0.218,0.218,320000,0
2017-09-15,0.22,0.22,0.22,0.22,250000,0
2017-09-18,0.23,0.232,0.228,0.228,600000,0
2017-09-19,0.217,0.217,0.217,0.217,200000,0
2017-09-20,0.223,0.223,0.223,0.223,260000,0
2017-09-21,0.223,0.223,0.223,0.223,0,0
2017-09-22,0.223,0.223,0.223,0.223,0,0
2017-09-25,0.218,0.218,0.218,0.218,0,0
2017-09-26,0.218,0.218,0.218,0.218,0,0
2017-09-27,0.21,0.21,0.21,0.21,210000,0
2017-09-28,0.204,0.204,0.204,0.204,0,0
2017-09-29,0.204,0.204,0.204,0.204,0,0
2017-10-03,0.221,0.221,0.221,0.221,0,0
2017-10-04,0.234,0.234,0.234,0.234,0,0
2017-10-06,0.238,0.238,0.238,0.238,100000,0
2017-10-09,0.241,0.241,0.235,0.235,212000,0
2017-10-10,0.247,0.247,0.237,0.237,400000,0
2017-10-11,0.238,0.238,0.238,0.238,0,0
2017-10-12,0.241,0.241,0.241,0.241,0,0
2017-10-13,0.242,0.242,0.242,0.242,0,0
2017-10-16,0.243,0.243,0.243,0.243,0,0
2017-10-17,0.243,0.243,0.243,0.243,0,0
2017-10-18,0.25,0.25,0.25,0.25,212000,0
2017-10-19,0.25,0.25,0.25,0.25,0,0
2017-10-20,0.25,0.25,0.25,0.25,0,0
2017-10-23,0.243,0.243,0.243,0.243,800000,0
2017-10-24,0.243,0.243,0.243,0.243,0,0
2017-10-25,0.25,0.25,0.25,0.25,0,0
2017-10-26,0.255,0.255,0.255,0.255,0,0
2017-10-27,0.27,0.27,0.27,0.27,0,0
2017-10-30,0.275,0.28,0.275,0.275,310000,0
2017-10-31,0.28,0.28,0.28,0.28,300000,0
2017-11-01,0.285,0.285,0.285,0.285,300000,0
2017-11-02,0.285,0.285,0.285,0.285,0,0
2017-11-03,0.285,0.285,0.285,0.285,0,0
2017-11-06,0.285,0.285,0.285,0.285,0,0
2017-11-07,0.285,0.285,0.285,0.285,0,0
2017-11-08,0.285,0.285,0.285,0.285,0,0
2017-11-09,0.29,0.29,0.29,0.29,0,0
2017-11-10,0.3,0.3,0.3,0.3,0,0
2017-11-13,0.31,0.31,0.31,0.31,0,0
2017-11-14,0.31,0.31,0.31,0.31,0,0
2017-11-15,0.31,0.31,0.31,0.31,0,0
2017-11-16,0.31,0.31,0.31,0.31,0,0
2017-11-17,0.325,0.325,0.325,0.325,0,0
2017-11-20,0.335,0.335,0.335,0.335,0,0
2017-11-21,0.36,0.36,0.36,0.36,0,0
2017-11-22,0.4,0.4,0.4,0.4,132000,0
2017-11-23,0.365,0.365,0.365,0.365,0,0
2017-11-24,0.365,0.365,0.365,0.365,0,0
2017-11-27,0.335,0.335,0.335,0.335,100000,0
2017-11-28,0.335,0.335,0.335,0.335,0,0
2017-11-29,0.335,0.335,0.335,0.335,0,0
2017-11-30,0.335,0.335,0.335,0.335,0,0
2017-12-01,0.325,0.325,0.325,0.325,0,0
2017-12-04,0.325,0.325,0.325,0.325,0,0
2017-12-05,0.325,0.325,0.325,0.325,0,0
2017-12-06,0.325,0.325,0.325,0.325,0,0
2017-12-07,0.315,0.315,0.315,0.315,60000,0
2017-12-08,0.315,0.315,0.315,0.315,0,0
2017-12-11,0.33,0.33,0.33,0.33,0,0
2017-12-12,0.325,0.325,0.325,0.325,0,0
2017-12-13,0.325,0.325,0.325,0.325,0,0
2017-12-14,0.325,0.325,0.325,0.325,0,0
2017-12-15,0.315,0.315,0.315,0.315,0,0
2017-12-18,0.315,0.315,0.315,0.315,0,0
2017-12-19,0.325,0.325,0.325,0.325,0,0
2017-12-20,0.33,0.33,0.33,0.33,0,0
2017-12-21,0.345,0.345,0.345,0.345,0,0
2017-12-22,0.345,0.345,0.345,0.345,0,0
2017-12-27,0.34,0.34,0.34,0.34,0,0
2017-12-28,0.34,0.34,0.34,0.34,0,0
2017-12-29,0.34,0.34,0.34,0.34,0,0
2018-01-02,0.37,0.37,0.37,0.37,0,0
2018-01-03,0.37,0.37,0.37,0.37,0,0
2018-01-04,0.375,0.375,0.375,0.375,0,0
2018-01-05,0.385,0.385,0.385,0.385,0,0
2018-01-08,0.405,0.405,0.4,0.4,6200000,0
2018-01-09,0.405,0.415,0.405,0.415,1090000,0
2018-01-10,0.425,0.425,0.425,0.425,6000,0
2018-01-11,0.43,0.43,0.43,0.43,2096000,0
2018-01-12,0.44,0.44,0.44,0.44,0,0
2018-01-15,0.46,0.46,0.46,0.46,0,0
2018-01-16,0.485,0.485,0.485,0.485,0,0
2018-01-17,0.485,0.485,0.485,0.485,0,0
2018-01-18,0.5,0.5,0.5,0.5,60000,0
2018-01-19,0.52,0.52,0.52,0.52,0,0
2018-01-22,0.53,0.53,0.52,0.53,110000,0
2018-01-23,0.54,0.54,0.54,0.54,0,0
2018-01-24,0.55,0.58,0.55,0.58,8268000,0
2018-01-25,0.56,0.59,0.56,0.56,1096000,0
2018-01-26,0.56,0.58,0.56,0.58,26000,0
2018-01-29,0.54,0.54,0.54,0.54,20000,0
2018-01-30,0.52,0.52,0.52,0.52,1004000,0
2018-01-31,0.51,0.54,0.51,0.54,1620000,0
2018-02-01,0.54,0.54,0.54,0.54,0,0
2018-02-02,0.53,0.53,0.53,0.53,20000,0
2018-02-05,0.53,0.53,0.53,0.53,0,0
2018-02-06,0.53,0.53,0.53,0.53,0,0
2018-02-07,0.49,0.49,0.49,0.49,0,0
2018-02-08,0.455,0.455,0.455,0.455,0,0
2018-02-09,0.39,0.39,0.39,0.39,0,0
2018-02-12,0.38,0.38,0.38,0.38,20000,0
2018-02-13,0.38,0.38,0.38,0.38,0,0
2018-02-14,0.395,0.41,0.395,0.41,200000,0
2018-02-15,0.43,0.43,0.43,0.43,0,0
2018-02-20,0.43,0.43,0.43,0.43,0,0
2018-02-21,0.43,0.43,0.43,0.43,0,0
2018-02-22,0.43,0.43,0.43,0.43,0,0
2018-02-23,0.43,0.43,0.43,0.43,0,0
2018-02-26,0.46,0.46,0.46,0.46,0,0
2018-02-27,0.46,0.46,0.46,0.46,0,0
2018-02-28,0.43,0.43,0.43,0.43,0,0
2018-03-01,0.43,0.43,0.43,0.43,0,0
2018-03-02,0.405,0.405,0.405,0.405,0,0
2018-03-05,0.405,0.405,0.405,0.405,0,0
2018-03-06,0.41,0.41,0.41,0.41,0,0
2018-03-07,0.41,0.41,0.41,0.41,0,0
2018-03-08,0.41,0.41,0.41,0.41,0,0
2018-03-09,0.415,0.415,0.415,0.415,0,0
2018-03-12,0.425,0.425,0.425,0.425,0,0
2018-03-13,0.425,0.425,0.425,0.425,0,0
2018-03-14,0.425,0.425,0.425,0.425,0,0
2018-03-15,0.425,0.425,0.425,0.425,0,0
2018-03-16,0.425,0.425,0.425,0.425,0,0
2018-03-19,0.425,0.425,0.425,0.425,0,0
2018-03-20,0.425,0.425,0.425,0.425,0,0
2018-03-21,0.425,0.425,0.425,0.425,0,0
2018-03-22,0.425,0.425,0.425,0.425,0,0
2018-03-23,0.4,0.4,0.4,0.4,0,0
2018-03-26,0.38,0.38,0.38,0.38,0,0
2018-03-27,0.39,0.39,0.37,0.37,600000,0
2018-03-28,0.345,0.345,0.345,0.345,0,0
2018-03-29,0.345,0.345,0.345,0.345,0,0
