Date,Open,High,Low,Close,Volume,OpenInt
2017-08-17,0.249,0.249,0.235,0.24,18070000,0
2017-08-18,0.225,0.244,0.219,0.244,5800000,0
2017-08-21,0.248,0.255,0.244,0.25,2350000,0
2017-08-22,0.285,0.32,0.27,0.305,5410000,0
2017-08-24,0.32,0.325,0.3,0.31,2500000,0
2017-08-25,0.265,0.275,0.26,0.275,2390000,0
2017-08-28,0.29,0.29,0.28,0.29,360000,0
2017-08-29,0.265,0.265,0.265,0.265,0,0
2017-08-30,0.275,0.28,0.27,0.28,460000,0
2017-08-31,0.275,0.33,0.275,0.33,360000,0
2017-09-01,0.335,0.355,0.335,0.355,1020000,0
2017-09-04,0.4,0.41,0.395,0.395,4720000,0
2017-09-05,0.51,0.52,0.44,0.465,14920000,0
2017-09-06,0.42,0.44,0.37,0.395,8380000,0
2017-09-07,0.39,0.395,0.375,0.375,7600000,0
2017-09-08,0.355,0.36,0.34,0.34,12020000,0
2017-09-11,0.355,0.36,0.345,0.345,3320000,0
2017-09-12,0.36,0.37,0.355,0.355,2300000,0
2017-09-13,0.335,0.335,0.33,0.335,1110000,0
2017-09-14,0.335,0.335,0.335,0.335,0,0
2017-09-15,0.32,0.345,0.32,0.345,390000,0
2017-09-18,0.355,0.36,0.355,0.355,850000,0
2017-09-19,0.315,0.32,0.315,0.315,1010000,0
2017-09-20,0.315,0.345,0.315,0.345,900000,0
2017-09-21,0.34,0.35,0.315,0.32,910000,0
2017-09-22,0.305,0.31,0.305,0.305,930000,0
2017-09-25,0.27,0.27,0.255,0.27,750000,0
2017-09-26,0.27,0.27,0.27,0.27,1100000,0
2017-09-27,0.27,0.275,0.27,0.27,1080000,0
2017-09-28,0.27,0.27,0.27,0.27,120000,0
2017-09-29,0.26,0.265,0.255,0.26,2040000,0
2017-10-03,0.255,0.285,0.255,0.285,2580000,0
2017-10-04,0.29,0.315,0.29,0.305,1620000,0
2017-10-06,0.31,0.315,0.29,0.29,1340000,0
2017-10-09,0.285,0.285,0.27,0.27,320000,0
2017-10-10,0.255,0.265,0.255,0.265,1930000,0
2017-10-11,0.275,0.275,0.255,0.255,380000,0
2017-10-12,0.275,0.3,0.275,0.3,990000,0
2017-10-13,0.285,0.295,0.285,0.295,370000,0
2017-10-16,0.305,0.315,0.305,0.315,820000,0
2017-10-17,0.31,0.32,0.305,0.305,3540000,0
2017-10-18,0.31,0.315,0.31,0.315,850000,0
2017-10-19,0.31,0.315,0.285,0.285,1870000,0
2017-10-20,0.285,0.29,0.275,0.285,3600000,0
2017-10-23,0.27,0.275,0.27,0.27,250000,0
2017-10-24,0.27,0.28,0.265,0.265,790000,0
2017-10-25,0.255,0.26,0.255,0.26,1920000,0
2017-10-26,0.249,0.249,0.249,0.249,0,0
2017-10-27,0.231,0.231,0.231,0.231,0,0
2017-10-30,0.227,0.227,0.227,0.227,0,0
2017-10-31,0.225,0.226,0.225,0.226,100000,0
2017-11-01,0.241,0.241,0.241,0.241,20000,0
2017-11-02,0.241,0.241,0.241,0.241,0,0
2017-11-03,0.305,0.325,0.3,0.31,4410000,0
2017-11-06,0.335,0.34,0.32,0.335,2110000,0
2017-11-07,0.34,0.37,0.335,0.37,1990000,0
2017-11-08,0.405,0.41,0.38,0.385,6800000,0
2017-11-09,0.425,0.45,0.4,0.43,11090000,0
2017-11-10,0.45,0.54,0.445,0.54,890000,0
2017-11-13,0.51,0.51,0.49,0.49,650000,0
2017-11-14,0.445,0.445,0.44,0.44,50000,0
2017-11-15,0.42,0.42,0.41,0.41,180000,0
2017-11-24,0.52,0.61,0.5,0.54,780000,0
2017-11-27,0.42,0.42,0.42,0.42,30000,0
2017-11-28,0.385,0.385,0.385,0.385,0,0
2017-11-29,0.385,0.385,0.375,0.375,10000,0
2017-11-30,0.375,0.375,0.375,0.375,0,0
2017-12-01,0.475,0.475,0.475,0.475,50000,0
2017-12-04,0.52,0.54,0.52,0.52,500000,0
2017-12-05,0.52,0.63,0.52,0.59,1460000,0
2017-12-06,0.61,0.61,0.61,0.61,80000,0
2017-12-07,0.65,0.65,0.65,0.65,30000,0
2017-12-08,0.55,0.64,0.54,0.55,550000,0
2017-12-11,0.56,0.56,0.56,0.56,0,0
2017-12-12,0.56,0.56,0.56,0.56,0,0
2017-12-13,0.56,0.56,0.56,0.56,0,0
2017-12-14,0.56,0.56,0.56,0.56,0,0
2017-12-15,0.56,0.56,0.56,0.56,0,0
2017-12-18,0.53,0.55,0.53,0.55,20000,0
2017-12-19,0.56,0.57,0.56,0.56,10000,0
2017-12-20,0.56,0.56,0.56,0.56,0,0
2017-12-21,0.56,0.56,0.56,0.56,0,0
2017-12-22,0.56,0.56,0.56,0.56,0,0
2017-12-27,0.56,0.56,0.56,0.56,0,0
2017-12-28,0.56,0.56,0.56,0.56,0,0
2017-12-29,0.53,0.57,0.53,0.57,20000,0
2018-01-02,0.63,0.63,0.63,0.63,0,0
2018-01-03,0.66,0.77,0.66,0.77,20000,0
2018-01-04,1,1.42,1,1.42,130000,0
2018-01-05,1.37,1.64,1.37,1.56,40000,0
2018-01-08,1.73,1.73,1.68,1.68,40000,0
2018-01-09,2.08,2.12,2.08,2.08,30000,0
2018-01-10,2.21,2.21,2.21,2.21,0,0
2018-01-11,2.15,2.15,2.15,2.15,0,0
2018-01-12,2.05,2.05,2.05,2.05,0,0
2018-01-15,2.01,2.01,2.01,2.01,20000,0
2018-01-16,2.01,2.01,2.01,2.01,0,0
2018-01-17,1.8,1.8,1.8,1.8,0,0
2018-01-18,1.65,1.65,1.65,1.65,0,0
2018-01-19,1.48,1.48,1.48,1.48,0,0
2018-01-22,1.48,1.48,1.48,1.48,0,0
2018-01-23,1.6,1.6,1.6,1.6,10000,0
2018-01-24,1.68,1.68,1.68,1.68,0,0
2018-01-25,1.69,1.69,1.69,1.69,0,0
2018-01-26,1.79,1.79,1.79,1.79,10000,0
2018-01-29,1.79,1.79,1.79,1.79,0,0
2018-01-30,1.79,1.79,1.79,1.79,0,0
2018-01-31,1.92,1.92,1.88,1.88,310000,0
2018-02-01,1.89,1.89,1.89,1.89,0,0
2018-02-02,1.83,1.83,1.82,1.83,10000,0
2018-02-05,1.68,1.68,1.68,1.68,0,0
2018-02-06,1.33,1.33,1.24,1.25,450000,0
2018-02-07,1.15,1.26,0.91,0.91,750000,0
2018-02-08,0.87,0.87,0.87,0.87,0,0
2018-02-09,0.8,0.8,0.8,0.8,0,0
2018-02-12,0.8,0.8,0.8,0.8,0,0
2018-02-13,0.8,0.8,0.8,0.8,0,0
2018-02-14,0.84,0.84,0.84,0.84,0,0
2018-02-15,0.93,0.93,0.93,0.93,0,0
2018-02-20,0.93,0.93,0.93,0.93,0,0
2018-02-21,0.93,0.93,0.93,0.93,0,0
2018-02-22,0.87,0.87,0.87,0.87,0,0
2018-02-23,0.87,0.87,0.87,0.87,0,0
2018-02-26,1.07,1.07,1.07,1.07,0,0
2018-02-27,1.07,1.07,1.07,1.07,0,0
2018-02-28,1.04,1.04,1.04,1.04,0,0
2018-03-01,1.24,1.25,1.22,1.24,2200000,0
2018-03-02,1.06,1.14,1.04,1.06,700000,0
2018-03-05,0.85,0.91,0.83,0.89,1000000,0
2018-03-06,1.04,1.04,1.04,1.04,0,0
2018-03-07,1.3,1.3,1.3,1.3,10000,0
2018-03-08,1.53,1.53,1.48,1.53,90000,0
2018-03-09,1.33,1.33,1.33,1.33,10000,0
2018-03-12,1.33,1.33,1.33,1.33,0,0
2018-03-13,1.33,1.33,1.33,1.33,0,0
2018-03-14,1.33,1.33,1.33,1.33,0,0
2018-03-15,1.33,1.33,1.33,1.33,0,0
2018-03-16,1.33,1.33,1.33,1.33,0,0
2018-03-19,1.33,1.33,1.33,1.33,0,0
2018-03-20,1.33,1.33,1.33,1.33,0,0
2018-03-21,1.33,1.33,1.33,1.33,0,0
2018-03-22,1.33,1.33,1.33,1.33,0,0
2018-03-23,1.33,1.33,1.33,1.33,0,0
2018-03-26,1.33,1.33,1.33,1.33,0,0
2018-03-27,1.33,1.33,1.33,1.33,0,0
