Date,Open,High,Low,Close,Volume,OpenInt
2015-03-04,224.3,225.18,223.41,223.41,12683,0
2015-03-05,223.41,226.76,223.41,226.76,1859,0
2015-03-06,224.3,224.3,222.76,222.76,17778,0
2015-03-09,221.63,221.63,220.31,220.31,5679,0
2015-03-10,220.98,220.98,215.43,215.43,11140,0
2015-03-11,219.2,219.2,216.54,216.54,492,0
2015-03-12,218.11,220.1,216.54,218.11,17054,0
2015-03-13,221.43,221.43,218.98,218.98,958,0
2015-03-17,221.63,221.63,221.63,221.63,1707,0
2015-03-18,222.76,222.76,220.54,221.87,5382,0
2015-03-19,222.97,222.97,221.43,222.76,9895,0
2015-03-20,222.53,222.53,222.53,222.53,4093,0
2015-03-23,225.86,225.86,220.98,222.09,7197,0
2015-03-24,222.09,222.09,218.98,222.09,25356,0
2015-03-25,222.97,223.41,221.63,223.41,14872,0
2015-03-27,220.3,220.3,218.89,220.3,11629,0
2015-03-30,221.4,223.41,219.56,222.76,25013,0
2015-03-31,222.44,223.41,219.64,223.41,6567,0
2015-04-01,222.09,225.18,221.54,225.18,15508,0
2015-04-02,222.3,222.76,220.76,221.26,9106,0
2015-04-07,222.39,224.84,222.39,223.98,23548,0
2015-04-08,225.66,225.66,222.76,224.98,28217,0
2015-04-09,223.69,226.76,223.41,223.41,16064,0
2015-04-10,224.77,225.48,223.41,223.41,17865,0
2015-04-13,223.95,224.66,222.53,223.85,20109,0
2015-04-14,221.56,222.99,221.56,222.6,6547,0
2015-04-15,221.87,224.74,221.87,222.53,11415,0
2015-04-16,222.39,225.18,221.41,221.41,17788,0
2015-04-17,222.46,222.76,217.59,218.98,35641,0
2015-04-20,216.13,218.03,215.65,215.65,47859,0
2015-04-21,218.51,220.1,217.15,220.1,32682,0
2015-04-22,219.64,219.87,217.44,217.44,12652,0
2015-04-23,217.65,219.41,217.2,217.2,7067,0
2015-04-24,218.74,218.88,218.11,218.11,5019,0
2015-04-27,220.76,221.63,220.1,221.63,4274,0
2015-04-28,219.2,221.43,218.11,218.11,10198,0
2015-04-29,219.51,219.51,216.54,216.77,21374,0
2015-04-30,216.85,218.41,216.32,216.32,10522,0
2015-05-01,219.32,219.32,215.43,215.43,50345,0
2015-05-05,215.43,219.43,215.43,216.77,10044,0
2015-05-06,217.87,219.01,216.1,216.32,16874,0
2015-05-07,215.55,216.32,213.01,215.43,20648,0
2015-05-08,220.72,224.75,220.72,224.3,26362,0
2015-05-11,225.18,227.62,222.97,222.97,70765,0
2015-05-12,224.65,224.65,219.43,219.87,20202,0
2015-05-13,222.73,222.73,220.31,220.31,17484,0
2015-05-14,221.63,222.86,221.63,222.85,8555,0
2015-05-15,224.02,224.51,223.41,223.41,8172,0
2015-05-18,223.98,225.65,223.64,223.64,27554,0
2015-05-19,226.95,230.54,226.52,227.62,75125,0
2015-05-20,227.09,229.26,226.29,226.29,14410,0
2015-05-21,226.52,228.42,226.29,226.29,6080,0
2015-05-22,228.85,229.63,226.87,229.63,13431,0
2015-05-26,227.41,227.41,224.45,226.07,19550,0
2015-05-27,223.91,226.07,223.91,224.3,33394,0
2015-05-28,223.98,226.76,223.98,226.52,10916,0
2015-05-29,225.57,225.57,222.76,222.76,17340,0
2015-06-01,223.4,223.4,222.53,222.53,4415,0
2015-06-02,223.4,223.4,218.15,222.16,40437,0
2015-06-03,222.3,223.41,220.98,223.41,8425,0
2015-06-04,220.98,220.98,218.22,220.76,18652,0
2015-06-05,219.34,220.29,216.54,218.11,29813,0
2015-06-08,220.07,220.51,217.67,219.47,22247,0
2015-06-09,217.83,218.77,215.24,217.11,32680,0
2015-06-10,216.67,217.31,215.24,215.24,19653,0
2015-06-11,216.6,216.6,214.33,214.33,30345,0
2015-06-12,214.11,215.65,213.65,215.65,33446,0
2015-06-15,214.96,215.89,211.87,211.87,49378,0
2015-06-16,212.33,212.59,210.12,210.12,204209,0
2015-06-17,212.3,212.56,210.9,212.12,17137,0
2015-06-18,210.06,212.77,210.06,211,101341,0
2015-06-19,210.34,212.6,207.23,208.35,1585808,0
2015-06-22,215.19,216.1,213.01,214.11,53972,0
2015-06-23,216.93,217.87,214.55,214.76,77221,0
2015-06-24,215.33,215.43,214.11,215.43,9105,0
2015-06-25,215.39,215.43,213.65,215.43,57757,0
2015-06-26,213.45,213.52,211.87,212.12,60041,0
2015-06-29,208.22,210.56,207.5,209.9,54733,0
2015-06-30,209.01,210.12,209.01,209.01,17063,0
2015-07-01,209.01,212.15,208.79,209.22,25441,0
2015-07-02,209.01,209.22,207.01,208.35,25844,0
2015-07-03,208.93,208.93,208.13,208.13,2992,0
2015-07-06,205.69,209.67,205.69,208.35,10904,0
2015-07-07,210.1,210.1,207.9,207.9,16960,0
2015-07-08,208.01,208.56,208.01,208.35,4653,0
2015-07-09,209.2,209.67,207.71,208.79,9415,0
2015-07-10,211,211.27,211,211.27,768,0
2015-07-13,215.36,216.32,213.65,213.65,9123,0
2015-07-14,214.7,214.99,213.68,213.78,6809,0
2015-07-15,214.7,216.32,213.78,214.11,38601,0
2015-07-16,214.24,215.16,214.11,214.11,7129,0
2015-07-17,214.11,214.14,214.11,214.11,2707,0
2015-07-20,216.32,217.2,214.55,216.32,20831,0
2015-07-21,215.65,217.2,214.95,214.95,9601,0
2015-07-22,214.16,214.16,211.46,211.46,6801,0
2015-07-23,212.34,213.65,212.34,213.22,12758,0
2015-07-24,212.34,214.99,210.79,210.79,19202,0
2015-07-27,208.35,210.18,207.01,208.13,37877,0
2015-07-28,207.9,209.69,206.79,206.79,17813,0
2015-07-29,207.9,210.12,206.57,206.57,9828,0
2015-07-30,207.5,208.28,205.69,205.69,16774,0
2015-07-31,207.39,208.35,205.69,207.94,32359,0
2015-08-03,207.82,210.2,207.82,208.79,11639,0
2015-08-04,208.13,209.32,208.13,208.13,4216,0
2015-08-05,208.79,210.96,207.9,208.56,26107,0
2015-08-06,209.74,211.22,209.69,209.69,13851,0
2015-08-07,210.64,211,209.69,209.7,18907,0
2015-08-10,211,211,209.22,209.45,11750,0
2015-08-11,209.22,209.22,207.9,207.9,23298,0
2015-08-12,206.35,207.78,206.35,206.35,9935,0
2015-08-13,209.22,209.4,207.46,207.46,18588,0
2015-08-14,207.46,209.22,207.46,208.17,14634,0
2015-08-17,207.23,208.54,206.57,207.9,21916,0
2015-08-18,208.32,208.72,207.27,207.64,11747,0
2015-08-19,207.46,208.29,205.69,205.69,19007,0
2015-08-20,207.54,207.54,206.12,206.12,10948,0
2015-08-21,206.05,206.05,198.6,198.6,72445,0
2015-08-24,193.9,195.04,189.74,193.93,110202,0
2015-08-25,196.19,200.36,195.43,198.49,35640,0
2015-08-26,196.82,198.69,195.05,198.69,25317,0
2015-08-27,204.75,205.69,203.03,204.77,32715,0
2015-08-28,206.04,206.04,204.36,204.36,17457,0
2015-09-01,202.75,204.41,201.26,201.26,17188,0
2015-09-02,202.47,203.82,201.68,201.68,10425,0
2015-09-03,206.57,206.57,206.57,206.57,278,0
2015-09-04,204.79,204.79,202.07,203.54,15194,0
2015-09-07,203.49,203.49,203.49,203.49,4393,0
2015-09-08,205.69,208.13,204.79,204.79,24515,0
2015-09-09,207.82,207.82,206.57,206.57,3231,0
2015-09-10,205.69,206.96,203.47,203.47,18719,0
2015-09-11,204.75,204.75,202.58,202.58,14725,0
2015-09-14,201.68,201.68,200.81,200.81,13315,0
2015-09-15,200.81,202.43,200.81,201.68,8418,0
2015-09-16,203.89,203.89,200.59,201.48,15416,0
2015-09-17,201.26,203.27,200.81,200.81,13251,0
2015-09-18,203.08,203.08,199.39,201.17,10031,0
2015-09-21,200.16,202.58,199.42,199.42,18247,0
2015-09-22,198.6,200.41,195.52,197.16,39641,0
2015-09-23,199.23,200.36,196.82,198.6,16470,0
2015-09-24,201.92,201.92,195.94,195.94,11225,0
2015-09-25,200.33,200.78,199.1,199.1,4963,0
2015-09-28,198.14,200.33,198.14,199.13,3626,0
2015-09-29,194.83,197.72,194.38,197.24,5697,0
2015-09-30,198.76,200.44,197.72,198.85,8580,0
2015-10-01,198.6,200.15,198.14,198.14,8230,0
2015-10-02,198.08,199.48,196.37,196.82,15718,0
2015-10-05,201.26,201.51,201.26,201.48,16070,0
2015-10-06,201.26,203.03,200.36,201.68,10639,0
2015-10-07,201.68,204.38,201.68,202.13,9020,0
2015-10-08,201.68,201.68,201.26,201.26,4627,0
2015-10-09,203.06,203.56,203.03,203.03,9600,0
2015-10-12,203.03,203.52,201.26,201.26,23880,0
2015-10-13,201.28,202.13,200.36,201.26,14316,0
2015-10-14,199.48,199.48,198.6,198.6,8435,0
2015-10-15,200.01,201.36,199.95,201.36,4768,0
2015-10-16,201.26,201.39,201.26,201.3,11917,0
2015-10-19,201.43,201.43,199.48,199.48,23302,0
2015-10-20,199.48,200.59,197.72,198.6,26797,0
2015-10-21,200.27,201.15,200.27,201.07,9960,0
2015-10-22,201.07,201.84,200.27,201.84,7568,0
2015-10-23,200.98,202.8,200.98,202.8,1585,0
2015-10-26,201.93,201.93,201.93,201.93,1526,0
2015-10-27,201.26,201.26,201.26,201.26,12907,0
2015-10-28,201.26,204.79,201.26,201.68,9150,0
2015-10-29,200.81,200.94,198.6,198.6,25734,0
2015-10-30,199.48,201.2,198.14,198.14,13427,0
2015-11-02,197.27,199.93,196.6,196.82,44196,0
2015-11-03,199.56,199.97,197.72,197.72,13299,0
2015-11-04,200.15,200.15,200.15,200.15,892,0
2015-11-05,198.6,199.56,197.27,197.27,28557,0
2015-11-06,199.56,199.56,197.27,197.27,18950,0
2015-11-09,197.27,198.22,194.38,194.38,37433,0
2015-11-10,194.16,195.54,192.61,193.56,32375,0
2015-11-11,193.46,193.46,191.06,193.16,10946,0
2015-11-12,192.86,192.96,191.05,191.92,24758,0
2015-11-13,189.86,190.62,187.04,187.28,60131,0
2015-11-16,188.85,190.62,188.18,188.85,61363,0
2015-11-17,193.28,193.28,189.96,190.16,19042,0
2015-11-18,189.74,192.95,189.74,192.95,10054,0
2015-11-19,193.9,193.9,191.73,191.73,14438,0
2015-11-20,194.66,194.78,192.39,194.78,9513,0
2015-11-23,191.57,193.28,191.42,191.59,9593,0
2015-11-24,192.85,192.85,188.39,190.16,55550,0
2015-11-25,191.44,192.1,189.74,191.61,13081,0
2015-11-26,190.7,190.7,190.7,190.7,4903,0
2015-11-27,190.4,192.1,189.81,190.78,32718,0
2015-11-30,190.19,191.57,190.16,190.62,14612,0
2015-12-01,190.62,192.29,189.74,189.74,26101,0
2015-12-02,190.62,191.92,189.96,190.82,28008,0
2015-12-03,191.06,191.89,187.95,187.95,25712,0
2015-12-04,188.88,189.74,188.88,189.74,2368,0
2015-12-07,190.54,190.54,188.39,188.39,11690,0
2015-12-08,187.95,188.16,185.73,186.62,34201,0
2015-12-09,186.73,188.76,186.62,187.06,16694,0
2015-12-10,187.87,189.36,186.19,187.38,23990,0
2015-12-11,187.28,187.28,181.74,183.09,41016,0
2015-12-14,184.16,185.87,182.63,182.63,46395,0
2015-12-15,187.08,187.08,183.96,184.85,7844,0
2015-12-16,184.41,187.57,184.41,184.85,6668,0
2015-12-17,188.01,190.07,185.73,185.73,24133,0
2015-12-18,188.85,188.85,188.85,188.85,902,0
2015-12-21,185.73,187.53,185.73,186.19,5003,0
2015-12-22,185.73,188.85,185.73,185.73,18048,0
2015-12-23,188.69,190.16,188.69,190.16,3476,0
2015-12-24,188.39,190.16,188.39,190.16,28023,0
2015-12-29,189.09,190.73,189.09,190.73,7516,0
2015-12-30,188.85,190.62,187.28,187.28,99873,0
2015-12-31,186.23,187.95,186.23,187.73,15756,0
2016-01-04,186.62,186.62,182.85,184.19,99989,0
2016-01-05,184.41,186.39,183.12,184.41,64904,0
2016-01-06,185.78,186.19,183.42,184.74,27423,0
2016-01-07,179.68,183.87,179.02,182.82,121610,0
2016-01-08,182.16,185.31,180.34,180.34,39946,0
2016-01-11,181.66,183.51,179.45,181.7,26280,0
2016-01-12,181.7,184.15,180.34,183.39,52277,0
2016-01-13,184.83,185.27,183.51,184.4,20012,0
2016-01-14,183.07,184.4,180.82,183.96,36058,0
2016-01-15,176.75,181.73,176.75,177.66,70002,0
2016-01-18,178.1,178.1,170.32,175.53,173131,0
2016-01-19,176.75,179.9,176.31,177.88,117161,0
2016-01-20,170.91,173.62,168.21,171.59,94381,0
2016-01-21,169.11,172.94,168.21,172.94,68089,0
2016-01-22,175.42,176.6,174.95,176.09,52986,0
2016-01-25,177.03,178.79,176.48,176.53,46395,0
2016-01-26,176.53,177.61,172.71,177.43,46712,0
2016-01-27,176.31,179.9,176.24,179.23,45644,0
2016-01-28,177.66,181.26,176.31,177.66,27601,0
2016-01-29,179.45,183.24,179.02,181.26,76199,0
2016-02-01,180.34,184.7,179.02,179.02,54805,0
2016-02-02,179.02,181.7,174.51,174.74,45985,0
2016-02-03,175.42,177.47,174.51,177.21,19005,0
2016-02-04,178.1,180,175.85,175.85,24021,0
2016-02-05,177.21,178.43,175.89,176.63,36590,0
2016-02-08,173.62,174.94,172.03,172.71,47531,0
2016-02-09,169.34,172.01,169.34,169.34,16457,0
2016-02-10,171.14,173.16,168.66,170.68,45073,0
2016-02-11,167.31,170.47,162.61,164.83,101847,0
2016-02-12,167.54,170.01,166.66,167.77,34416,0
2016-02-15,171.81,176.09,170.57,174.41,69566,0
2016-02-16,172.94,176.79,172.26,174.16,27706,0
2016-02-17,175.17,177.63,173.57,175.63,32854,0
2016-02-18,179.02,179.81,174.95,174.95,43144,0
2016-02-19,175.17,177.83,175.17,175.96,16164,0
2016-02-22,179.9,180.82,178.36,179.9,63309,0
2016-02-23,178.54,181.02,176.25,177.43,107524,0
2016-02-24,177.38,179.02,175.42,177.09,19328,0
2016-02-25,177.21,181.7,177.21,177.21,43850,0
2016-02-26,179.23,181.48,179.02,181.26,21300,0
2016-02-29,180.58,180.99,178.35,180.46,15368,0
2016-03-01,180.13,182.6,179.9,180.34,133464,0
2016-03-02,181.7,182.76,180.34,180.34,28343,0
2016-03-03,180.58,183.72,179.45,179.45,27683,0
2016-03-04,180.3,182.62,180.26,182.16,27160,0
2016-03-07,179.9,183.51,179.68,180.82,66803,0
2016-03-08,179.45,180.34,177.66,180.34,30016,0
2016-03-09,179.02,182.38,177.21,178.1,50537,0
2016-03-10,179.98,181.7,178.5,180.82,22905,0
2016-03-11,181.39,182.6,181.39,182.6,9439,0
2016-03-14,181.93,182.42,179.9,181.26,56071,0
2016-03-15,179.02,182.6,178.1,180.34,59754,0
2016-03-16,182.6,182.6,179.23,180.92,31241,0
2016-03-17,180.82,183.06,179.46,181.26,46367,0
2016-03-18,180.8,183.06,179.45,181.26,32735,0
2016-03-21,180.14,181.26,179.45,181.26,37900,0
2016-03-22,179.45,183.06,179.45,181.26,37897,0
2016-03-23,181.7,182.6,179.94,181.7,30353,0
2016-03-24,179.02,180.46,178.54,180.34,18276,0
2016-03-29,179.9,182.6,179.02,180.82,43101,0
2016-03-30,182.24,183.51,180.84,182.16,19952,0
2016-03-31,180.82,183.51,179.9,181.7,74015,0
2016-04-01,179.23,182.6,179.02,180.82,53025,0
2016-04-04,181.13,181.75,179.23,181.26,33780,0
2016-04-05,178.35,181.26,177.78,179.68,72354,0
2016-04-06,179.6,181.7,178.1,181.26,81822,0
2016-04-07,183.4,185.38,181.88,182.62,62510,0
2016-04-08,182.62,184.18,180.75,183.42,92452,0
2016-04-11,182.17,187.17,182.17,185.13,20956,0
2016-04-12,183.53,187.17,183.53,185.82,32545,0
2016-04-13,187.17,189.25,186.27,189,76810,0
2016-04-14,187.88,189.93,187.65,189.71,48745,0
2016-04-15,190.1,190.39,188.24,190.39,12924,0
2016-04-18,188.67,189,185.82,189,33346,0
2016-04-19,189.93,193.58,189.93,191.75,20354,0
2016-04-20,187.7,193.13,187.7,190.83,22790,0
2016-04-21,189.47,193.36,188.61,191.07,51409,0
2016-04-22,189.47,192.67,188.1,188.1,87425,0
2016-04-25,188.56,192.82,188.56,190.83,78832,0
2016-04-26,191.53,193.36,191.53,192.33,20300,0
2016-04-27,193.58,194.21,191.3,194.04,60361,0
2016-04-28,192.67,194.95,190.67,193.58,26418,0
2016-04-29,190.62,192.67,190.15,192.44,41984,0
2016-05-03,190.15,194.5,190.15,192.67,63382,0
2016-05-04,190.44,193.13,189.43,190.83,48371,0
2016-05-05,189,190.83,186.13,188.67,103670,0
2016-05-06,186.27,189.93,185.82,188.56,38755,0
2016-05-09,188.56,189.35,188.56,189.35,49615,0
2016-05-10,189.47,191.75,187,189,34082,0
2016-05-11,186.74,189.66,185.82,187.88,18314,0
2016-05-12,186.27,189.47,183.54,185.13,51830,0
2016-05-13,185.38,185.38,181.13,183.65,115348,0
2016-05-16,181.02,183.94,180.42,180.81,59077,0
2016-05-17,183.54,183.54,181.71,182.4,27199,0
2016-05-18,182.21,182.97,179.88,182.97,60674,0
2016-05-19,181.48,182.79,178.5,181.13,32045,0
2016-05-20,181.26,183.54,181.26,182.5,40931,0
2016-05-23,183.54,184.27,182.08,183.09,61381,0
2016-05-24,183.54,185.38,182.89,185.13,111399,0
2016-05-25,186.43,186.62,185.72,186.27,9432,0
2016-05-26,186.97,188.8,185.59,185.59,50130,0
2016-05-27,188.56,188.56,185.59,186.38,29941,0
2016-05-31,188.33,189.71,186.56,187.65,57730,0
2016-06-01,185.38,187.83,183.81,185.38,49268,0
2016-06-02,186.74,188.1,186.74,186.97,22245,0
2016-06-03,186.27,189.25,185.82,186.74,35175,0
2016-06-06,188.1,190.83,186.9,189.25,24958,0
2016-06-07,189,190.83,187.17,189.35,75977,0
2016-06-08,189,189.25,187.17,189.25,20247,0
2016-06-09,188.15,188.15,185.82,186.97,31429,0
2016-06-10,187.17,187.17,183.54,184.23,28431,0
2016-06-13,181.71,185.38,180.12,182.62,85646,0
2016-06-14,176.92,180.34,176,178.41,26253,0
2016-06-15,176.24,179.88,175.32,179.72,103387,0
2016-06-16,176.92,179.42,175.09,177.83,36970,0
2016-06-17,180.81,181.71,178.06,180,38207,0
2016-06-20,186.74,186.74,183.65,184.45,39298,0
2016-06-21,184.91,187.17,182.62,185.82,63066,0
2016-06-22,187.17,188.1,184.67,187.3,61592,0
2016-06-23,188.1,189.93,185.48,187.17,91061,0
2016-06-24,180.81,183.99,174.46,183.54,95291,0
2016-06-27,181.26,182.04,170.24,172.13,129048,0
2016-06-28,170.76,182.17,170.76,179.32,42764,0
2016-06-29,180.81,185.82,180.81,183.54,113769,0
2016-06-30,183.54,187.92,183.36,187.88,67528,0
2016-07-01,188.56,191.75,186.96,189.71,78167,0
2016-07-04,185.38,191.75,185.38,187.88,121930,0
2016-07-05,187.88,190.06,186.05,188.91,52648,0
2016-07-06,185.82,189.91,181.71,186.85,67377,0
2016-07-07,183.71,190.2,183.71,188.59,64216,0
2016-07-08,188.35,191.56,187.43,189.04,15807,0
2016-07-11,192.99,195.2,190.49,195.2,50812,0
2016-07-12,193.92,196.7,190.75,193.92,47543,0
2016-07-13,192.99,195.32,190.86,193.8,56636,0
2016-07-14,193.92,195.85,192.07,193.23,13283,0
2016-07-15,191.14,194.15,188.6,193.8,48572,0
2016-07-18,193.92,196.7,192.99,194.97,48879,0
2016-07-19,193.23,196.48,191.82,193.92,33647,0
2016-07-20,194.84,197.4,193.43,196.12,79593,0
2016-07-21,194.84,196.76,193.45,195.32,63801,0
2016-07-22,196.24,197.64,195.32,196.82,97808,0
2016-07-25,196.24,199.26,194.48,195.66,108450,0
2016-07-26,196.89,199.48,196.89,197.64,21001,0
2016-07-27,199.26,203.03,198.56,201.57,76624,0
2016-07-28,201.34,203.67,200.41,201,46869,0
2016-07-29,199.48,202.74,198.62,200.07,44396,0
2016-08-01,200.41,204.13,198.49,199.37,70361,0
2016-08-02,198.09,202.74,197.17,198.67,53985,0
2016-08-03,198.09,200.09,197.4,197.86,21188,0
2016-08-04,196.7,201.12,196.7,201.12,17511,0
2016-08-05,202.23,203.19,200.41,202.27,51616,0
2016-08-08,202.98,205.52,202.12,203.55,93911,0
2016-08-09,202.51,204.13,202.27,204,23276,0
2016-08-10,204.36,206.68,202.88,205.87,53371,0
2016-08-11,207.14,209.7,204.82,207.72,44704,0
2016-08-12,209,210.72,204.81,209.11,50115,0
2016-08-15,209.93,211.56,208.36,209.93,53145,0
2016-08-16,208.99,211.51,207.61,209.46,55908,0
2016-08-17,211.56,213.17,206.91,211.08,56507,0
2016-08-18,209.22,211.78,208.17,210.5,67658,0
2016-08-19,209.65,212.26,208.69,210.5,37948,0
2016-08-22,211.47,211.56,208.53,209.93,43814,0
2016-08-23,208.05,211.32,207.84,210.74,60994,0
2016-08-24,208.05,211.56,208.05,210.4,10419,0
2016-08-25,207.84,211.56,207.61,209.7,32733,0
2016-08-26,209.93,211.56,208.25,208.77,34372,0
2016-08-30,209.22,212.48,207.11,209.7,38108,0
2016-08-31,210.15,212.48,207.91,209.22,57559,0
2016-09-01,209.22,212.01,207.38,208.07,32399,0
2016-09-02,208.77,212.95,208.77,212.13,80687,0
2016-09-05,211.08,212.5,208.07,212.01,25109,0
2016-09-06,211.69,212.95,210.97,210.97,32177,0
2016-09-07,211.78,213.86,210.58,211.44,32741,0
2016-09-08,212.01,213.86,212.01,213.86,12104,0
2016-09-09,212.48,215.27,208.32,209.46,86591,0
2016-09-12,207.84,208.77,205.09,208.3,28647,0
2016-09-13,209.56,210.25,208.15,209.34,40030,0
2016-09-14,209.22,210.17,209.22,209.81,18136,0
2016-09-15,209,210.63,209,209.7,39250,0
2016-09-16,209.22,210.63,207.72,209.11,29016,0
2016-09-19,209.56,212.48,209.56,211.08,18375,0
2016-09-20,209.7,212.95,209.7,211.32,31991,0
2016-09-21,213.41,215.27,210.86,210.86,44836,0
2016-09-22,213.41,214.91,211.6,214.91,34082,0
2016-09-23,213.41,216.06,212.95,214.22,33811,0
2016-09-26,211.56,213.92,210.15,212.01,48968,0
2016-09-27,210.63,213.86,209.65,209.7,56512,0
2016-09-28,212.95,213.41,208.77,210.97,32444,0
2016-09-29,213.41,215.18,211.78,212.82,39987,0
2016-09-30,211.32,213.86,209.74,211.56,35642,0
2016-10-03,213.41,214.79,211.56,213.75,44007,0
2016-10-04,218.97,221.77,214.92,219.1,52878,0
2016-10-05,217.11,220.14,216.1,218.5,25682,0
2016-10-06,216.17,217.85,215.68,217.1,60850,0
2016-10-07,214.75,218.98,214.11,214.98,31023,0
2016-10-10,214.29,218.04,213.51,216.17,64970,0
2016-10-11,215.46,217.06,214.29,214.62,31580,0
2016-10-12,214.29,215.29,212.4,212.4,25539,0
2016-10-13,211.47,213.34,203.47,209.34,37459,0
2016-10-14,211.47,211.47,207.51,209.71,23643,0
2016-10-17,209.11,209.19,205.83,208.18,67517,0
2016-10-18,209.82,211.47,208.65,209.71,30650,0
2016-10-19,208.89,210.47,208.64,208.89,48848,0
2016-10-20,210.05,210.52,207.23,209.11,8119,0
2016-10-21,208.18,209.39,207.82,209,32246,0
2016-10-24,209.41,210.05,207.29,208.76,35276,0
2016-10-25,207.7,207.7,203.93,206.77,86507,0
2016-10-26,205.83,206.04,203.01,205.47,51442,0
2016-10-27,205.35,206.29,202.89,205,35538,0
2016-10-28,206.77,207.23,201.03,206.29,29932,0
2016-10-31,204.88,206.13,199.8,204.42,63572,0
2016-11-01,205.83,206.44,204.17,204.17,27795,0
2016-11-02,203.01,206.29,201.81,202.53,34462,0
2016-11-03,201.66,203.1,200.98,202.18,26150,0
2016-11-04,200.19,201.28,198.24,199.71,45550,0
2016-11-07,200.19,203.01,199.96,201.83,35104,0
2016-11-08,201.13,203.93,200.19,202.77,20398,0
2016-11-09,201.13,205.12,199.1,204.64,71719,0
2016-11-10,206.77,209.59,201.35,202.53,91781,0
2016-11-11,201.35,203.01,199.26,200.31,28075,0
2016-11-14,201.83,204.88,199.61,201.71,29132,0
2016-11-15,203.01,204.98,199.32,203.22,44834,0
2016-11-16,203.47,206.77,202.72,203.01,24778,0
2016-11-17,202.53,206.29,202.07,203.84,19752,0
2016-11-18,204.64,206.77,204.42,205.59,17031,0
2016-11-21,206.77,207.04,204.42,204.77,40543,0
2016-11-22,206.77,209.59,203.62,205.35,64362,0
2016-11-23,207.7,207.7,203.93,205,33894,0
2016-11-24,207.7,208.64,203.93,206.77,39393,0
2016-11-25,208.64,208.64,204.26,206.53,16738,0
2016-11-28,208.41,208.64,204.64,205,30045,0
2016-11-29,204.71,206.02,203.93,204.88,12012,0
2016-11-30,207.7,208.14,204.36,204.88,19075,0
2016-12-01,204.42,205.83,202.02,203.72,34892,0
2016-12-02,204.88,204.88,202.07,202.77,34843,0
2016-12-05,205.83,208.35,203.25,206.77,22348,0
2016-12-06,207.48,208.64,205.83,207.47,29843,0
2016-12-07,208.64,211.47,205.78,207.94,20383,0
2016-12-08,208.18,208.8,207.01,207.23,12999,0
2016-12-09,209.11,211.22,207.14,207.7,26662,0
2016-12-12,207.94,209.74,206.93,207.7,41169,0
2016-12-13,208.41,211.13,207.98,210.99,32117,0
2016-12-14,210.05,213.41,209.56,211.47,46449,0
2016-12-15,210.29,213.13,208.06,211.22,41334,0
2016-12-16,210.72,213.79,210.65,210.99,12188,0
2016-12-19,212.59,215.23,211.41,212.87,18710,0
2016-12-20,212.4,214.73,209.54,211.81,26252,0
2016-12-21,211.47,213.11,210.76,212.28,14009,0
2016-12-22,212.17,214.29,210.52,213.1,43172,0
2016-12-23,211.92,214.29,211.78,213.8,39486,0
2016-12-28,213.34,215.17,212.7,213.68,61227,0
2016-12-29,212.4,215.23,212.36,212.99,13920,0
2016-12-30,215.23,215.23,213.34,213.34,6070,0
2017-01-03,217.8,218.75,215.01,217.34,71924,0
2017-01-04,216.9,218.98,216.44,218.04,46747,0
2017-01-05,218.99,219.94,216.14,216.73,66738,0
2017-01-06,216.14,218.04,214.24,216.14,47402,0
2017-01-09,217.09,218.04,213.25,216.02,31129,0
2017-01-10,217.09,218.31,215.19,216.97,44991,0
2017-01-11,217.33,218.39,214.41,217.8,16644,0
2017-01-12,218.57,218.57,214.7,216.61,39395,0
2017-01-13,218.99,219.94,216.32,218.28,32208,0
2017-01-16,216.61,218.99,212.99,216.61,38240,0
2017-01-17,215.56,217.09,213.75,215.19,23857,0
2017-01-18,215.19,218.51,213.39,215.9,43079,0
2017-01-19,214.24,216.14,212.33,214.35,17613,0
2017-01-20,213.28,216.14,211.38,213.64,42854,0
2017-01-23,210.42,213.75,209.47,212.09,29436,0
2017-01-24,214.24,215.19,211.26,212.92,15725,0
2017-01-25,213.89,214.59,210.1,213.64,19277,0
2017-01-26,213.28,215.19,209.76,212.92,21772,0
2017-01-27,212.33,214.6,210.61,213.87,72849,0
2017-01-30,212.52,212.52,209.97,212.33,17970,0
2017-01-31,210.42,213.28,208.51,211.74,41507,0
2017-02-01,211.38,213.98,211.38,211.84,36712,0
2017-02-02,212.09,213.28,210.51,211.96,29245,0
2017-02-03,213.28,214.24,210.84,213.75,12147,0
2017-02-06,213.65,214.6,212.96,214.47,42590,0
2017-02-07,213.28,217.09,212.98,215.31,36231,0
2017-02-08,215.19,217.39,214.52,216.61,37948,0
2017-02-09,218.04,218.04,215.19,216.97,30387,0
2017-02-10,218.04,223.75,217.18,220.78,58728,0
2017-02-13,223.75,225.66,219.94,222.8,48086,0
2017-02-14,220.89,223.72,218.99,221.38,66904,0
2017-02-15,222.8,224.28,221.08,222.8,65054,0
2017-02-16,220.89,222.9,220.89,222.1,19189,0
2017-02-17,221.85,223.75,220.14,223.04,21217,0
2017-02-20,220.89,225.66,218.99,221.6,54466,0
2017-02-21,218.99,223.27,218.04,221.6,18803,0
2017-02-22,223.75,225.18,222.92,223.27,11512,0
2017-02-23,221.38,225.66,221.38,223.27,49893,0
2017-02-24,224.18,225.18,222.15,223.17,24905,0
2017-02-27,222.32,225.37,220.76,224.12,24372,0
2017-02-28,224.65,225.91,222.5,224.12,23361,0
2017-03-01,223.75,227.33,223.75,226.02,38562,0
2017-03-02,224.71,227.56,220.89,225.66,36691,0
2017-03-03,227.56,227.56,223.95,225.66,24674,0
2017-03-06,227.56,234.7,222.8,231.14,300925,0
2017-03-07,229.46,234.23,227.56,230.18,83437,0
2017-03-08,230.89,234.23,228.92,231.37,119624,0
2017-03-09,229.94,232.28,229.46,231.37,104560,0
2017-03-10,229.46,231.37,228.28,228.52,93852,0
2017-03-13,228.52,230.89,227.56,230.89,25160,0
2017-03-14,229.46,231.61,226.62,229.46,34790,0
2017-03-15,227.56,231.37,225.66,228.99,22632,0
2017-03-16,229.94,231.37,225.66,229.46,39228,0
2017-03-17,231.37,231.37,227.56,229.46,26834,0
2017-03-20,230.95,231.37,227.56,229.46,35609,0
2017-03-21,230.65,231.37,225.77,228.75,71014,0
2017-03-22,229.46,230.42,225.66,228.03,77560,0
2017-03-23,226.62,229.46,226.62,228.03,27619,0
2017-03-24,229.46,229.66,227.5,228.03,39469,0
2017-03-27,228.52,229.46,224.38,228.52,35033,0
2017-03-28,229.46,229.46,225.53,228.15,25489,0
2017-03-29,231.37,231.37,227.56,228.87,28635,0
2017-03-30,231.14,247.32,227.56,233.98,313556,0
2017-03-31,234.94,234.94,229.76,231.61,100407,0
2017-04-03,233.75,235.75,228.52,230.3,143307,0
2017-04-04,232.57,232.8,228.52,231.61,46029,0
2017-04-05,234.23,234.23,228.52,229.46,75809,0
2017-04-06,228.51,230.91,226.58,229.23,85803,0
2017-04-07,228.01,230.43,227.57,229.71,59704,0
2017-04-10,233.08,233.08,228.68,230.55,99109,0
2017-04-11,232.36,233.73,230.43,231.39,164099,0
2017-04-12,231.39,233.97,231.19,232.36,174107,0
2017-04-13,234.29,236.22,229.95,235.97,65622,0
2017-04-18,236.94,237.18,234.86,235.25,72510,0
2017-04-19,238.15,238.15,233.57,233.57,41619,0
2017-04-20,234.76,239.11,233.09,234.29,69091,0
2017-04-21,236.22,238.15,233.68,234.17,44071,0
2017-04-24,241.52,244.9,237.18,239.11,97178,0
2017-04-25,239.11,242.72,234.75,238.15,45045,0
2017-04-26,237.18,241.04,235.25,238.87,79935,0
2017-04-27,238.87,239.83,235.25,236.22,86922,0
2017-04-28,239.83,240.55,238.2,238.62,10861,0
2017-05-02,241.76,243.93,238.39,242.97,75298,0
2017-05-03,244.9,244.9,238.69,241.64,133408,0
2017-05-04,241.52,244.22,239.54,242.97,57291,0
2017-05-05,243.45,244.7,241.41,242.97,62345,0
2017-05-08,242.97,244.69,241.04,242.84,48493,0
2017-05-09,244.17,244.65,239.14,243.09,68268,0
2017-05-10,243.2,243.59,242.14,243.09,31159,0
2017-05-11,242.97,243.33,241.87,243.33,50664,0
2017-05-12,242.15,244.4,242,242.97,67771,0
2017-05-15,242,243.45,241.04,241.64,73419,0
2017-05-16,242,242.97,239.59,242.12,75573,0
2017-05-17,241.27,243.93,240.31,240.8,67701,0
2017-05-18,240.07,242.48,237.18,241.16,73320,0
2017-05-19,240.07,242.97,235.3,239.23,136349,0
2017-05-22,239.59,241.76,239.49,240.68,72930,0
2017-05-23,241.04,241.08,238.69,240.43,38087,0
2017-05-24,241.52,242.72,240.07,241.04,45890,0
2017-05-25,236.69,241.74,236.69,241.64,30243,0
2017-05-26,241.04,243.93,240.17,242.24,69891,0
2017-05-30,240.55,243.68,239.83,240.8,93619,0
2017-05-31,241.04,243.68,239.8,241.04,66092,0
2017-06-01,242.04,244.17,240.55,242.36,40430,0
2017-06-02,241.52,243.45,240.8,241.64,72537,0
2017-06-05,241.04,242.97,240.31,241.04,60350,0
2017-06-06,240.07,241.27,239.11,240.8,77007,0
2017-06-07,239.83,241.04,237.09,240.31,84505,0
2017-06-08,238.15,239.12,235.25,237.53,105523,0
2017-06-09,239.59,241.8,238.15,239.11,89600,0
2017-06-12,241.04,241.73,237.42,240.43,90758,0
2017-06-13,240.8,243.2,240.07,240.07,57124,0
2017-06-14,241.04,242.97,238.15,240.68,42865,0
2017-06-15,239.59,239.59,237.31,238.26,46315,0
2017-06-16,241.04,241.27,239.17,240.31,35473,0
2017-06-19,241.52,242.73,241.04,242,35938,0
2017-06-20,242,244.49,242,242,26333,0
2017-06-21,241.52,242,241.52,242,21814,0
2017-06-22,240.07,243.68,240.07,242.24,33880,0
2017-06-23,239.34,241.39,239.29,241.39,21281,0
2017-06-26,244.4,244.4,240.91,242,37620,0
2017-06-27,240.55,242,240.15,242,19270,0
2017-06-28,239.11,243.51,239.11,241.64,21829,0
2017-06-29,242.97,243.68,239.06,239.83,25003,0
2017-06-30,240.55,243.13,239.71,239.71,71099,0
2017-07-03,243.93,243.93,241.07,242.72,79255,0
2017-07-04,243.17,244.9,242.24,243.81,51080,0
2017-07-05,246.33,246.33,244.65,244.65,86184,0
2017-07-06,247.09,247.09,243.92,244.65,39970,0
2017-07-07,243.28,246.61,242.69,243.8,67862,0
2017-07-10,244.9,244.9,244.53,244.53,2202,0
2017-07-11,245.63,245.63,244.16,245.26,5620,0
2017-07-12,245.38,245.38,243.74,245.38,52369,0
2017-07-13,245.38,245.38,242.64,244.65,2555,0
2017-07-14,244.16,244.16,243.43,243.43,15290,0
2017-07-17,244.65,245.38,244.65,245.38,73637,0
2017-07-18,245.14,245.14,244.4,244.9,31450,0
2017-07-19,244.65,246,244.65,246,22355,0
2017-07-20,247.07,248.15,245.63,247.09,16353,0
2017-07-21,248.32,248.32,246.61,246.61,7532,0
2017-07-24,245.63,250.06,244.65,245.88,50562,0
2017-07-25,249.4,249.55,246.71,247.71,59009,0
2017-07-26,249.41,249.55,246.61,248.07,8761,0
2017-07-27,249.3,249.3,246.73,247.95,37439,0
2017-07-28,245.14,245.14,242.94,244.04,24666,0
2017-07-31,248.32,248.32,242.94,245.38,42637,0
2017-08-01,247.59,247.59,247.29,247.59,38189,0
2017-08-02,247.97,250.53,247.09,248.44,30507,0
2017-08-03,250.03,250.53,250.03,250.53,37944,0
2017-08-04,250.53,252.11,250.53,252.11,58643,0
2017-08-07,252.01,256.19,252.01,254.19,46177,0
2017-08-08,258.36,259.42,254.19,258.47,62433,0
2017-08-09,255.42,256.74,254.44,256.03,59426,0
2017-08-10,254.44,255.42,254.44,255.42,14483,0
2017-08-11,253.46,257.38,251.88,256.88,33549,0
2017-08-14,258.36,262.46,254.5,261.78,73756,0
2017-08-15,263.24,264.47,262.26,263.74,34755,0
2017-08-16,262.26,264.96,261.44,262.26,36558,0
2017-08-17,260.3,260.3,257.86,258.84,20112,0
2017-08-18,256.4,256.4,255.42,255.42,13251,0
2017-08-21,255.61,257.92,254.44,255.9,10899,0
2017-08-22,256.04,259.99,256.04,257.38,36371,0
2017-08-23,257.92,259.33,255.42,257.86,17428,0
2017-08-24,256.4,260.02,256.4,258.84,31061,0
2017-08-25,258.57,260.3,258.54,258.84,41501,0
2017-08-29,257.86,259.33,256.4,257.86,28016,0
2017-08-30,260.26,261,257.86,259.82,24659,0
2017-08-31,260.3,263.74,260.3,263.74,38373,0
2017-09-01,263.24,267.64,263.24,265.69,51118,0
2017-09-04,264.22,267.89,264.22,266.18,63000,0
2017-09-05,268.14,269.11,267.16,269.11,39718,0
2017-09-06,267.3,268.54,266.09,267.77,26319,0
2017-09-07,266.85,270,266.67,268.38,22972,0
2017-09-08,268.43,268.43,264.22,266.18,61887,0
2017-09-11,269.36,269.36,268.63,268.63,47578,0
2017-09-12,264.22,266.18,262.26,263.24,84394,0
2017-09-13,260.3,262.07,253.06,257.38,77712,0
2017-09-14,258.16,259.33,252.91,253.46,13146,0
2017-09-15,248.57,253.17,246.51,249.55,61430,0
2017-09-18,249.55,253.07,249.55,251.5,37048,0
2017-09-19,253.46,253.46,253.21,253.21,21809,0
2017-09-20,253.7,255.35,253.7,254.8,7647,0
2017-09-21,253.46,253.46,252.72,252.72,56296,0
2017-09-22,252.48,254.32,252.48,254.32,12981,0
2017-09-25,256.88,259.11,254.44,257.38,72772,0
2017-09-26,259.16,261.09,255.9,258.47,42846,0
2017-09-27,259.82,260.19,258.84,260.19,36403,0
2017-09-28,259.09,259.33,257.57,258.36,26534,0
2017-09-29,262.18,262.18,258.47,261.28,28276,0
2017-10-02,263.24,267.94,263.24,266.18,35128,0
2017-10-03,264.22,269.67,262.92,268.14,43172,0
2017-10-04,266.18,266.18,264.22,264.22,14830,0
2017-10-05,270.66,270.66,268.92,268.92,38614,0
2017-10-06,268.68,270.66,268.68,270.66,29785,0
2017-10-09,269.86,272.64,268.68,270.66,63873,0
2017-10-10,271.45,272.64,270.11,271.52,20038,0
2017-10-11,274.08,275.29,271.56,272.39,44850,0
2017-10-12,272.04,275.7,271.65,275.11,40657,0
2017-10-13,272.14,274.08,270.16,273.13,28629,0
2017-10-16,271.19,273.53,268.41,273.13,34054,0
2017-10-17,271.19,275.11,270.66,271.65,19526,0
2017-10-18,270.16,271.03,269.17,271.03,15952,0
2017-10-19,270.32,272.14,267.29,270.16,22257,0
2017-10-20,266.2,267.69,266.2,267.69,14748,0
2017-10-23,265.21,265.21,262.53,264.72,66099,0
2017-10-24,266.26,266.7,264.72,264.72,14904,0
2017-10-25,264.22,264.22,263.73,263.73,15421,0
2017-10-26,265.51,265.96,261.75,264.22,13478,0
2017-10-27,265.96,265.96,262.24,264.1,6985,0
2017-10-30,262.24,269.17,261.75,263.23,48064,0
2017-10-31,264.64,264.92,263.73,264.72,33242,0
2017-11-01,264.59,266.7,264.22,265.71,11478,0
2017-11-02,266.99,270.01,264.76,268.68,15921,0
2017-11-03,268.68,268.68,266.67,267.56,22400,0
2017-11-06,266.2,267.44,266.2,267.44,68753,0
2017-11-07,268.06,269.03,265.21,266.94,57086,0
2017-11-08,268.68,268.68,265.21,266.7,35223,0
2017-11-09,264.42,266.2,261.44,263.61,34092,0
2017-11-10,262.24,263.1,259.77,261.75,25129,0
2017-11-13,259.28,260.27,257.22,260.27,45356,0
2017-11-14,259.77,263.23,259.77,261.75,11371,0
2017-11-15,258.78,262.76,257.3,259.77,47161,0
2017-11-16,259.22,261.75,259.22,260.76,22267,0
2017-11-17,259.71,261.25,258.29,260.27,31574,0
2017-11-20,261.38,261.38,261.38,261.38,32589,0
2017-11-21,261.75,261.75,261.75,261.75,25525,0
2017-11-22,262.74,262.74,262.74,262.74,37972,0
2017-11-23,262.24,262.24,262.24,262.24,22126,0
2017-11-24,262.24,262.24,262.24,262.24,19151,0
2017-11-27,263.33,263.33,262.24,262.24,18326,0
2017-11-28,262.24,263.73,262.24,263.73,12146,0
2017-11-29,264.22,264.22,263.23,263.23,63991,0
2017-11-30,263.98,263.98,261.25,261.25,24654,0
2017-12-01,262.84,262.84,262.24,262.24,16041,0
2017-12-04,265.71,265.71,263.48,263.48,16331,0
2017-12-05,262.86,264.59,262.86,264.59,12337,0
2017-12-06,265.02,265.02,263.73,263.73,30697,0
2017-12-07,266.94,268.06,266.94,268.06,36104,0
2017-12-08,268.18,270.04,268.18,270.04,65915,0
2017-12-11,269.79,270.41,269.79,270.41,22191,0
2017-12-12,269.67,270.41,269.67,270.41,12453,0
2017-12-13,270.16,271.03,270.16,271.03,30945,0
2017-12-14,270.77,270.77,269.67,269.67,15707,0
2017-12-15,268.18,270.16,268.18,269.67,14720,0
2017-12-18,268.68,271.89,268.68,271.89,54877,0
2017-12-19,272.14,274.12,268.18,269.17,34457,0
2017-12-20,271.02,271.02,270.66,270.66,13482,0
2017-12-21,274.86,277.09,274.86,276.1,132020,0
2017-12-22,277.09,277.09,276.1,276.1,32120,0
2017-12-27,278.08,279.56,277.58,279.56,31465,0
2017-12-28,279.07,280.55,279.07,280.55,47684,0
2017-12-29,282.48,282.48,281.05,281.05,12575,0
2018-01-02,283.03,288.96,283.03,288.47,51055,0
2018-01-03,290.94,290.94,282.04,285.5,172007,0
2018-01-04,285,287,285,287,62973,0
2018-01-05,285,285,283,284,73316,0
2018-01-08,281,281,281,281,64326,0
2018-01-09,279,279,277.5,277.5,24301,0
2018-01-10,275,277.5,275,277.5,16297,0
2018-01-11,275,276,274,276,49759,0
2018-01-12,279,283,279,283,115262,0
2018-01-15,285,289,285,287.5,148058,0
2018-01-16,290,292.5,290,292.5,71166,0
2018-01-17,290,290,287.5,287.5,50964,0
2018-01-18,290,290,287.5,287.5,17455,0
2018-01-19,285.05,287.5,285.05,287.5,48855,0
2018-01-22,285,288,283,283.5,53534,0
2018-01-23,285.063,287.5,285.063,287.5,56133,0
2018-01-24,289,289,286.5,286.5,34526,0
2018-01-25,286,288.5,286,288.5,37495,0
2018-01-26,291,291.5,291,291.5,65491,0
2018-01-29,290,290,289.5,289.5,132632,0
2018-01-30,290.6,290.6,287,287,44538,0
2018-01-31,288.8,288.8,287,287,41177,0
2018-02-01,284,284,278,278,71714,0
2018-02-02,282,282,281.5,281.5,44561,0
2018-02-05,275,277,273.5,273.5,89554,0
2018-02-06,261,262,257,262,126144,0
2018-02-07,269,278,269,277,83175,0
2018-02-08,274,274,269.5,269.5,85342,0
2018-02-09,270,270,269.5,269.5,55960,0
2018-02-12,274,277,274,275,57407,0
2018-02-13,277,277,276,276,53602,0
2018-02-14,277.9,277.9,277.5,277.5,38487,0
2018-02-15,280.25,280.25,275.5,275.5,62315,0
2018-02-16,277.5,277.5,277.5,277.5,30043,0
2018-02-19,276,276,276,276,48521,0
2018-02-20,275.76,275.76,275.5,275.5,22593,0
2018-02-21,274.8,275,274.8,275,44523,0
2018-02-22,273.25,273.25,271,271,44110,0
2018-02-23,270,271,270,271,13116,0
2018-02-26,270,272.5,270,272.5,127766,0
2018-02-27,271,272,271,272,43908,0
2018-02-28,272,272,270,272,93291,0
2018-03-01,272,272,270,270,18897,0
2018-03-02,267,267,267,267,27338,0
2018-03-05,267,270.5,267,270.5,47427,0
2018-03-06,273,273,273,273,20855,0
2018-03-07,274,274,274,274,48482,0
2018-03-08,275.5,275.5,275.5,275.5,31157,0
2018-03-09,276,276,276,276,33446,0
2018-03-12,278,278,278,278,86934,0
2018-03-13,274,274,266,266,53847,0
2018-03-14,265.5,265.5,265.5,265.5,37342,0
2018-03-15,265,265,265,265,8961,0
2018-03-16,263,263,263,263,30873,0
2018-03-19,258,258,256.5,256.5,90127,0
2018-03-20,257,257.5,255,257.5,50409,0
2018-03-21,257.5,257.5,256,256,50802,0
2018-03-22,255.65,255.65,245,245,78741,0
2018-03-23,242,249,242,247,105387,0
2018-03-26,251,251,246.5,246.5,58667,0
2018-03-27,251,252,251,252,30496,0
2018-03-28,247,254.5,246,254.5,65185,0
2018-03-29,256,260,256,260,56600,0
