Date,Open,High,Low,Close,Volume,OpenInt
2015-03-27,0.42,0.55,0.42,0.5165,9640280,0
2015-03-30,0.5475,0.7,0.5475,0.63,19626757,0
2015-03-31,0.611,0.7377,0.5501,0.5989,36458030,0
2015-04-01,0.5655,0.65,0.565,0.565,5271283,0
2015-04-02,0.6144,0.6144,0.5611,0.5668,1453809,0
2015-04-07,0.57,0.57,0.54,0.569,2502788,0
2015-04-08,0.56,0.5824,0.55,0.5588,6971797,0
2015-04-09,0.5586,0.5785,0.5586,0.56,1327810,0
2015-04-10,0.55,0.56,0.5,0.511,1949444,0
2015-04-13,0.511,0.511,0.511,0.511,490000,0
2015-04-14,0.4654,0.5,0.45,0.46,5244929,0
2015-04-15,0.46,0.46,0.46,0.46,437126,0
2015-04-16,0.455,0.4665,0.4516,0.462,3486860,0
2015-04-17,0.46859,0.567,0.4527,0.5111,4852339,0
2015-04-20,0.507,0.588,0.507,0.588,3057466,0
2015-04-21,0.52,0.5969,0.52,0.5969,1500178,0
2015-04-22,0.6069,0.65,0.5776,0.6,7001565,0
2015-04-23,0.62,0.632,0.5677,0.61,5998157,0
2015-04-24,0.586,0.63,0.57,0.6299,3425262,0
2015-04-27,0.586,0.625,0.57,0.586,3199851,0
2015-04-28,0.6316,0.6412,0.61,0.6105,3149906,0
2015-04-29,0.61,0.6405,0.61,0.63,2628036,0
2015-04-30,0.6492,0.685,0.625,0.685,10614590,0
2015-05-01,0.67,0.68,0.57,0.5776,3850306,0
2015-05-05,0.5766,0.5766,0.55,0.55,1250000,0
2015-05-06,0.63,0.63,0.55,0.55,1037005,0
2015-05-07,0.55,0.65,0.55,0.598,122768,0
2015-05-08,0.5771,0.6329,0.5771,0.62,877526,0
2015-05-11,0.6,0.62,0.5771,0.6,1308313,0
2015-05-12,0.55,0.5501,0.55,0.5501,105480,0
2015-05-13,0.6,0.618,0.6,0.618,1558088,0
2015-05-14,0.618,0.618,0.618,0.618,50163,0
2015-05-15,0.617,0.617,0.617,0.617,15380,0
2015-05-18,0.5501,0.555,0.5501,0.555,444918,0
2015-05-19,0.6,0.6,0.57,0.57,2927651,0
2015-05-20,0.565,0.565,0.5525,0.5525,411992,0
2015-05-21,0.584,0.584,0.584,0.584,170214,0
2015-05-22,0.56,0.5999,0.56,0.5999,933050,0
2015-05-26,0.584,0.5999,0.56,0.5999,3328087,0
2015-05-27,0.6,0.6929,0.6,0.63,2514749,0
2015-05-28,0.664,0.664,0.575,0.61,2061940,0
2015-05-29,0.6255,0.65,0.61,0.647,6104935,0
2015-06-01,0.6487,0.7,0.615,0.6996,6603616,0
2015-06-02,0.6965,0.6965,0.6312,0.635,3701049,0
2015-06-03,0.63,0.63,0.63,0.63,477135,0
2015-06-04,0.6508,0.6508,0.61,0.624,3842478,0
2015-06-05,0.61,0.635,0.61,0.635,2668149,0
2015-06-08,0.63,0.63,0.616,0.63,4793806,0
2015-06-09,0.615,0.722,0.605,0.63,10164063,0
2015-06-10,0.665,0.665,0.63,0.6301,546827,0
2015-06-11,0.615,0.6411,0.6,0.6003,1420361,0
2015-06-12,0.6,0.65,0.6,0.626,4542426,0
2015-06-15,0.6,0.6,0.575,0.6,1635676,0
2015-06-16,0.61,0.61,0.6,0.6,1688000,0
2015-06-17,0.62,0.62,0.531,0.59,5289213,0
2015-06-18,0.59,0.6,0.551,0.598,2940082,0
2015-06-19,0.5942,0.5944,0.55,0.55,3200709,0
2015-06-22,0.553,0.5722,0.55,0.55,1051414,0
2015-06-23,0.55,0.55,0.5016,0.52,2549282,0
2015-06-24,0.52,0.5599,0.52,0.5599,1440001,0
2015-06-25,0.55,0.55,0.5212,0.5215,1857103,0
2015-06-26,0.5,0.5,0.5,0.5,402000,0
2015-06-30,0.505,0.535,0.5,0.5,3695833,0
2015-07-01,0.5227,0.537,0.5226,0.525,2659391,0
2015-07-02,0.4,0.49299,0.3671,0.47,19408607,0
2015-07-03,0.46299,0.47,0.41,0.41,4904569,0
2015-07-06,0.48,0.48,0.41,0.4116,3385693,0
2015-07-07,0.426,0.449,0.3948,0.4056,5019121,0
2015-07-08,0.4,0.4429,0.4,0.4,6359795,0
2015-07-09,0.388,0.4322,0.388,0.42,1812665,0
2015-07-10,0.375,0.4229,0.375,0.4229,1950237,0
2015-07-13,0.4229,0.45,0.4224,0.439,648247,0
2015-07-14,0.44,0.44,0.4389,0.4389,307842,0
2015-07-15,0.3855,0.3855,0.3855,0.3855,654197,0
2015-07-16,0.444,0.4789,0.3568,0.3899,7672616,0
2015-07-17,0.4188,0.4188,0.3899,0.3899,557878,0
2015-07-20,0.3895,0.5,0.3553,0.425,24086913,0
2015-07-21,0.4255,0.4339,0.3531,0.43,2143985,0
2015-07-22,0.4054,0.4188,0.4054,0.4109,743163,0
2015-07-23,0.4109,0.4109,0.38,0.4105,7176656,0
2015-07-24,0.4375,0.4375,0.4375,0.4375,122242,0
2015-07-28,0.361,0.3855,0.35001,0.35001,585741,0
2015-07-29,0.36,0.36,0.36,0.36,417623,0
2015-07-30,0.36,0.38,0.36,0.38,835557,0
2015-07-31,0.3611,0.3949,0.355,0.3777,4328034,0
2015-08-03,0.3777,0.3777,0.355,0.355,1258468,0
2015-08-04,0.35001,0.375,0.35,0.375,2314534,0
2015-08-05,0.35,0.3799,0.35,0.3798,1626228,0
2015-08-07,0.38,0.38,0.326,0.3265,2651333,0
2015-08-10,0.3265,0.36,0.3,0.3,5730064,0
2015-08-11,0.3322,0.3322,0.3,0.32,4131048,0
2015-08-12,0.347,0.347,0.325,0.325,2429457,0
2015-08-13,0.3377,0.345,0.3125,0.3412,5320160,0
2015-08-14,0.3688,0.3688,0.322,0.34,4686527,0
2015-08-17,0.31,0.31,0.305,0.305,790250,0
2015-08-18,0.305,0.305,0.303,0.303,869787,0
2015-08-19,0.329,0.329,0.3,0.3,2576123,0
2015-08-20,0.321,0.329,0.303,0.3277,5463380,0
2015-08-21,0.328,0.339,0.31,0.339,2495096,0
2015-08-24,0.33,0.33,0.242,0.2643,15874688,0
2015-08-25,0.2643,0.276,0.2643,0.276,1943701,0
2015-08-26,0.2625,0.2755,0.25,0.25,1000000,0
2015-08-27,0.255,0.255,0.255,0.255,1000000,0
2015-08-28,0.27,0.276,0.255,0.255,2866975,0
2015-09-01,0.255,0.2733,0.21,0.21,10396416,0
2015-09-02,0.2295,0.2295,0.2295,0.2295,866011,0
2015-09-03,0.224,0.224,0.211,0.2228,854673,0
2015-09-04,0.228,0.25,0.216,0.25,6391633,0
2015-09-07,0.296,0.296,0.296,0.296,16217,0
2015-09-08,0.2948,0.32,0.2948,0.3,2022241,0
2015-09-09,0.275,0.32,0.275,0.29,2668920,0
2015-09-10,0.29,0.2912,0.2835,0.2835,1030814,0
2015-09-11,0.28,0.28,0.27,0.27,230000,0
2015-09-14,0.26,0.295,0.25,0.26,2851679,0
2015-09-15,0.2725,0.2725,0.26,0.26,1456567,0
2015-09-16,0.2845,0.2845,0.2535,0.27999,200186,0
2015-09-17,0.254,0.254,0.25,0.25,855957,0
2015-09-18,0.254,0.2799,0.254,0.2799,714130,0
2015-09-21,0.275,0.275,0.254,0.254,1520000,0
2015-09-22,0.254,0.2695,0.254,0.254,2142754,0
2015-09-23,0.2695,0.2695,0.26,0.26,268678,0
2015-09-24,0.24,0.25,0.24,0.25,67620,0
2015-09-25,0.245,0.2766,0.245,0.2766,744212,0
2015-09-28,0.2766,0.2766,0.2366,0.24,1140190,0
2015-09-29,0.236,0.236,0.236,0.236,490978,0
2015-09-30,0.27,0.3,0.26,0.26,5596634,0
2015-10-01,0.25501,0.25501,0.25,0.25,2274931,0
2015-10-02,0.2301,0.26299,0.21,0.2629,5195552,0
2015-10-05,0.2171,0.2171,0.216,0.216,670000,0
2015-10-06,0.2,0.26,0.2,0.217,1884172,0
2015-10-07,0.2177,0.258,0.2177,0.2177,208210,0
2015-10-08,0.2177,0.2177,0.2177,0.2177,254888,0
2015-10-09,0.2085,0.25,0.2085,0.25,2250000,0
2015-10-12,0.225,0.258,0.217,0.217,3414049,0
2015-10-14,0.25,0.2889,0.225,0.265,9749797,0
2015-10-15,0.2261,0.3845,0.2261,0.31,35638295,0
2015-10-16,0.3299,0.3674,0.2651,0.325,25796487,0
2015-10-19,0.3149,0.32,0.2725,0.2741,5654428,0
2015-10-20,0.3055,0.3055,0.2745,0.2745,259547,0
2015-10-21,0.3055,0.365,0.2655,0.3199,17646436,0
2015-10-22,0.2825,0.395,0.2825,0.34,43669938,0
2015-10-23,0.366,0.3755,0.3173,0.3245,18259669,0
2015-10-26,0.3245,0.4275,0.32,0.38,49775996,0
2015-10-27,0.4229,0.435,0.325,0.3641,15312782,0
2015-10-28,0.3251,0.3611,0.3155,0.326,7857232,0
2015-10-29,0.3151,0.3375,0.28,0.305,5493362,0
2015-10-30,0.2851,0.3272,0.2575,0.2919,12388631,0
2015-11-02,0.275,0.345,0.275,0.29,9218269,0
2015-11-03,0.325,0.325,0.275,0.29,14646235,0
2015-11-04,0.3085,0.35,0.2777,0.3,21990514,0
2015-11-05,0.325,0.345,0.3,0.3375,7377406,0
2015-11-06,0.3369,0.3369,0.3,0.3,6488757,0
2015-11-09,0.3,0.3277,0.28,0.281,4743219,0
2015-11-10,0.281,0.305,0.2651,0.289,6719139,0
2015-11-11,0.289,0.289,0.27,0.2844,3953312,0
2015-11-12,0.295,0.3,0.2755,0.3,6134350,0
2015-11-13,0.285,0.3666,0.285,0.3329,18567493,0
2015-11-16,0.3495,0.37,0.3,0.3,18057158,0
2015-11-17,0.326,0.33,0.306,0.306,2123238,0
2015-11-18,0.3061,0.3211,0.3061,0.3065,788553,0
2015-11-19,0.3015,0.32,0.271,0.308,7575403,0
2015-11-20,0.275,0.3244,0.275,0.28,880925,0
2015-11-23,0.315,0.33,0.2822,0.3033,4699977,0
2015-11-24,0.2875,0.32,0.28,0.28,2737606,0
2015-11-25,0.2877,0.33571,0.2877,0.3125,5765100,0
2015-11-26,0.3088,0.3295,0.3035,0.3035,2322390,0
2015-11-27,0.285,0.285,0.285,0.285,623969,0
2015-11-30,0.315,0.315,0.285,0.285,80885,0
2015-12-01,0.3422,0.3422,0.2933,0.2933,3026073,0
2015-12-02,0.2933,0.2933,0.2625,0.278,2944549,0
2015-12-03,0.278,0.3,0.2626,0.2944,2782086,0
2015-12-04,0.2725,0.2725,0.2635,0.2635,2537240,0
2015-12-07,0.299,0.299,0.25,0.255,2708138,0
2015-12-08,0.293,0.293,0.2535,0.2535,3250989,0
2015-12-09,0.28,0.28,0.255,0.255,443893,0
2015-12-10,0.28,0.28,0.25,0.262,3015552,0
2015-12-11,0.262,0.294,0.25,0.27,8015525,0
2015-12-14,0.257,0.265,0.226,0.25,11780676,0
2015-12-15,0.23,0.2745,0.23,0.2366,2506860,0
2015-12-16,0.273,0.273,0.235,0.2611,1348122,0
2015-12-17,0.26,0.273,0.241,0.2412,2390431,0
2015-12-18,0.273,0.273,0.241,0.241,1174884,0
2015-12-21,0.273,0.273,0.241,0.273,684665,0
2015-12-22,0.28071,0.3188,0.201,0.225,6963317,0
2015-12-23,0.26,0.265,0.225,0.265,2926843,0
2015-12-24,0.24,0.264,0.23,0.24,834866,0
2015-12-29,0.24,0.26,0.2322,0.24,2710257,0
2015-12-30,0.24,0.275,0.24,0.26,1768897,0
2015-12-31,0.26,0.276,0.2325,0.26,145833,0
2016-01-04,0.26,0.276,0.235,0.26,2084339,0
2016-01-05,0.26,0.26,0.26,0.26,100000,0
2016-01-06,0.26,0.264,0.2325,0.245,3003177,0
2016-01-07,0.245,0.3075,0.221,0.26,14429307,0
2016-01-08,0.26,0.29,0.26,0.29,6171839,0
2016-01-11,0.29,0.334,0.2592,0.275,5927559,0
2016-01-12,0.275,0.3,0.275,0.275,750346,0
2016-01-13,0.275,0.275,0.275,0.275,762193,0
2016-01-14,0.275,0.275,0.267,0.275,316537,0
2016-01-15,0.275,0.2995,0.267,0.275,1258867,0
2016-01-18,0.275,0.275,0.26,0.26,4450404,0
2016-01-19,0.26,0.27,0.26,0.265,2204847,0
2016-01-20,0.265,0.28,0.26,0.27,2309064,0
2016-01-21,0.27,0.274,0.25,0.255,4824143,0
2016-01-22,0.255,0.255,0.235,0.235,9848422,0
2016-01-25,0.235,0.255,0.235,0.255,5423615,0
2016-01-26,0.255,0.27,0.25,0.255,825944,0
2016-01-27,0.255,0.27,0.2375,0.255,8996861,0
2016-01-28,0.255,0.28,0.255,0.26,750000,0
2016-01-29,0.26,0.272,0.235,0.255,3600002,0
2016-02-01,0.255,0.255,0.145,0.145,40909457,0
2016-02-02,0.155,0.1698,0.1275,0.135,8517808,0
2016-02-03,0.135,0.16,0.131,0.145,4593349,0
2016-02-04,0.145,0.15,0.132,0.145,6528508,0
2016-02-05,0.145,0.145,0.13,0.13,8372495,0
2016-02-08,0.13,0.135,0.1234,0.13,1580067,0
2016-02-09,0.13,0.13,0.12,0.12,13846981,0
2016-02-10,0.11,0.115,0.107,0.11,4752495,0
2016-02-11,0.11,0.1299,0.105,0.11,25251099,0
2016-02-12,0.105,0.1095,0.1,0.105,6825704,0
2016-02-15,0.105,0.1075,0.1,0.105,5836479,0
2016-02-16,0.105,0.105,0.0875,0.09,5260555,0
2016-02-17,0.09,0.0975,0.0881,0.095,4894812,0
2016-02-18,0.095,0.1,0.0821,0.095,10234066,0
2016-02-19,0.095,0.095,0.085,0.085,9388682,0
2016-02-22,0.085,0.0933,0.07,0.085,11409630,0
2016-02-23,0.085,0.09,0.0719,0.085,7413179,0
2016-02-24,0.085,0.085,0.085,0.085,600000,0
2016-02-25,0.085,0.095,0.073,0.085,3002318,0
2016-02-26,0.085,0.0939,0.074,0.085,682356,0
2016-02-29,0.085,0.1,0.085,0.1,11012634,0
2016-03-01,0.1,0.1395,0.1,0.115,20918768,0
2016-03-02,0.115,0.115,0.1,0.115,795986,0
2016-03-03,0.115,0.12,0.115,0.12,3895468,0
2016-03-04,0.12,0.14,0.11,0.12,7025155,0
2016-03-07,0.12,0.14,0.12,0.13,5692551,0
2016-03-08,0.13,0.155,0.13,0.155,8501915,0
2016-03-09,0.155,0.155,0.155,0.155,2287335,0
2016-03-10,0.155,0.155,0.135,0.135,1774902,0
2016-03-11,0.135,0.1355,0.12,0.135,797555,0
2016-03-14,0.135,0.135,0.1171,0.135,2981666,0
2016-03-15,0.135,0.135,0.135,0.135,663742,0
2016-03-16,0.135,0.135,0.135,0.135,494848,0
2016-03-17,0.135,0.135,0.135,0.135,9199999,0
2016-03-18,0.135,0.135,0.125,0.125,752938,0
2016-03-21,0.125,0.125,0.115,0.115,2345020,0
2016-03-22,0.115,0.12,0.103,0.11,5451823,0
2016-03-23,0.125,0.1325,0.11,0.125,8106643,0
2016-03-24,0.125,0.125,0.12,0.12,1504943,0
2016-03-29,0.12,0.125,0.107,0.12,3230807,0
2016-03-30,0.12,0.13,0.1075,0.12,1766472,0
2016-03-31,0.12,0.137,0.1175,0.12,5428631,0
2016-04-01,0.12,0.145,0.12,0.145,4320393,0
2016-04-04,0.145,0.145,0.145,0.145,405000,0
2016-04-05,0.145,0.145,0.145,0.145,809733,0
2016-04-06,0.145,0.1645,0.135,0.145,2157476,0
2016-04-07,0.145,0.1649,0.12,0.145,13110893,0
2016-04-08,0.145,0.1699,0.145,0.165,4221487,0
2016-04-11,0.165,0.165,0.155,0.155,1032648,0
2016-04-12,0.155,0.16,0.155,0.16,3817250,0
2016-04-13,0.16,0.17979,0.1421,0.16,4677313,0
2016-04-14,0.16,0.1675,0.1403,0.16,5432346,0
2016-04-15,0.16,0.16,0.16,0.16,494955,0
2016-04-18,0.16,0.16,0.155,0.155,2126044,0
2016-04-19,0.155,0.1575,0.1304,0.155,106139,0
2016-04-20,0.155,0.155,0.155,0.155,0,0
2016-04-21,0.155,0.215,0.155,0.215,60167048,0
2016-04-22,0.215,0.223,0.1726,0.2,41686323,0
2016-04-25,0.2,0.28,0.2,0.28,125374440,0
2016-04-26,0.28,0.42,0.2635,0.395,179099468,0
2016-04-27,0.4,0.4099,0.3,0.325,66136167,0
2016-04-28,0.345,0.4745,0.325,0.4,87502465,0
2016-04-29,0.4,0.4,0.325,0.325,41151444,0
2016-05-03,0.325,0.3439,0.257,0.285,40640346,0
2016-05-04,0.285,0.31,0.22,0.265,32093033,0
2016-05-05,0.265,0.3949,0.2578,0.35,59037899,0
2016-05-06,0.39,0.39999,0.32,0.33,43871668,0
2016-05-09,0.33,0.44,0.33,0.44,131594320,0
2016-05-10,0.44,0.485,0.3561,0.405,43355777,0
2016-05-11,0.405,0.405,0.3479,0.35,21563389,0
2016-05-12,0.35,0.38999,0.305,0.37,32520465,0
2016-05-13,0.37,0.5145,0.3625,0.41,67905675,0
2016-05-16,0.41,0.4745,0.405,0.425,15800222,0
2016-05-17,0.425,0.425,0.425,0.425,10982538,0
2016-05-18,0.435,0.45,0.3701,0.425,28377867,0
2016-05-19,0.425,0.425,0.375,0.375,12083439,0
2016-05-20,0.375,0.375,0.35,0.35,31280180,0
2016-05-23,0.35,0.35,0.31,0.31,11000876,0
2016-05-24,0.31,0.332,0.2877,0.31,5653853,0
2016-05-25,0.31,0.3299,0.2761,0.305,7565239,0
2016-05-26,0.305,0.3699,0.2755,0.3,12637285,0
2016-05-27,0.3,0.3,0.285,0.285,8803788,0
2016-05-31,0.285,0.4399,0.2575,0.35,46021781,0
2016-06-01,0.35,0.4,0.35,0.4,31965685,0
2016-06-02,0.4,0.4375,0.4,0.4,14128819,0
2016-06-03,0.4,0.435,0.4,0.435,22005404,0
2016-06-06,0.435,0.458,0.4,0.435,12072944,0
2016-06-07,0.435,0.4511,0.4255,0.435,2493067,0
2016-06-08,0.46,0.5311,0.37,0.395,49852170,0
2016-06-09,0.395,0.4,0.32,0.365,18822344,0
2016-06-10,0.365,0.4345,0.3525,0.375,24803524,0
2016-06-13,0.375,0.425,0.375,0.425,8065406,0
2016-06-14,0.425,0.425,0.385,0.385,10288904,0
2016-06-15,0.385,0.385,0.35,0.3722,9347741,0
2016-06-16,0.4,0.41,0.33,0.365,14563834,0
2016-06-17,0.365,0.365,0.325,0.325,9461249,0
2016-06-20,0.325,0.332,0.31,0.33,2656457,0
2016-06-21,0.295,0.3,0.29,0.295,10660363,0
2016-06-22,0.295,0.3,0.293,0.295,9647644,0
2016-06-23,0.295,0.3079,0.2926,0.3,15094038,0
2016-06-24,0.29,0.29,0.2503,0.285,5483579,0
2016-06-27,0.285,0.285,0.28,0.28,8645763,0
2016-06-28,0.28,0.28,0.26,0.265,6856496,0
2016-06-29,0.265,0.27,0.2477,0.265,6118554,0
2016-06-30,0.265,0.265,0.265,0.265,6042789,0
2016-07-01,0.265,0.265,0.255,0.255,6554393,0
2016-07-04,0.255,0.32,0.255,0.29,27854362,0
2016-07-05,0.29,0.29499,0.28,0.29,5922954,0
2016-07-06,0.29,0.2925,0.26,0.28,2774104,0
2016-07-07,0.28,0.2839,0.255,0.26,6239634,0
2016-07-08,0.26,0.33,0.26,0.33,59762932,0
2016-07-11,0.33,0.37,0.2901,0.35,27171667,0
2016-07-12,0.35,0.3656,0.3361,0.35,25402164,0
2016-07-13,0.35,0.353,0.311,0.33,8976307,0
2016-07-14,0.33,0.334,0.3151,0.33,12235411,0
2016-07-15,0.33,0.33,0.3101,0.32,22961435,0
2016-07-18,0.32,0.325,0.3001,0.31,17513709,0
2016-07-19,0.31,0.364,0.301,0.355,26684887,0
2016-07-20,0.355,0.3645,0.342,0.355,15440214,0
2016-07-21,0.375,0.399,0.321,0.34,66190124,0
2016-07-22,0.34,0.3415,0.3001,0.305,31414032,0
2016-07-25,0.305,0.31,0.3,0.31,8271557,0
2016-07-26,0.31,0.31,0.295,0.295,13865336,0
2016-07-27,0.295,0.3001,0.2861,0.295,10881876,0
2016-07-28,0.295,0.306,0.2901,0.295,17331505,0
2016-07-29,0.295,0.306,0.2685,0.285,12286273,0
2016-08-01,0.285,0.3199,0.2601,0.3,7594538,0
2016-08-02,0.3,0.3699,0.2961,0.35,36884023,0
2016-08-03,0.35,0.375,0.2841,0.295,29397179,0
2016-08-04,0.295,0.307,0.2501,0.295,27957700,0
2016-08-05,0.295,0.305,0.27,0.285,11221945,0
2016-08-08,0.285,0.2874,0.2501,0.28,7203656,0
2016-08-09,0.28,0.284,0.2501,0.28,3390192,0
2016-08-10,0.28,0.28,0.28,0.28,350000,0
2016-08-11,0.28,0.28,0.28,0.28,784814,0
2016-08-12,0.28,0.28,0.28,0.28,3072818,0
2016-08-15,0.28,0.28,0.26,0.26,12436145,0
2016-08-16,0.26,0.26,0.231,0.24,29626162,0
2016-08-17,0.24,0.2475,0.2331,0.24,10478432,0
2016-08-18,0.245,0.254,0.234,0.245,2511004,0
2016-08-19,0.245,0.245,0.245,0.245,2692265,0
2016-08-22,0.245,0.26,0.245,0.26,2527327,0
2016-08-23,0.26,0.275,0.26,0.275,1268312,0
2016-08-24,0.275,0.28,0.255,0.265,4132450,0
2016-08-25,0.265,0.275,0.2501,0.265,8841148,0
2016-08-26,0.265,0.265,0.24,0.24,32144649,0
2016-08-30,0.24,0.2495,0.23,0.24,17460553,0
2016-08-31,0.24,0.24,0.2251,0.23,10814512,0
2016-09-01,0.23,0.2449,0.2255,0.24,12922382,0
2016-09-02,0.24,0.307,0.23,0.285,29596941,0
2016-09-05,0.285,0.36,0.2711,0.315,66304416,0
2016-09-06,0.31,0.3475,0.3001,0.325,18688103,0
2016-09-07,0.325,0.3266,0.3,0.31,15555145,0
2016-09-08,0.31,0.3675,0.3,0.335,27405186,0
2016-09-09,0.335,0.3522,0.33,0.35,11897338,0
2016-09-12,0.35,0.35,0.2861,0.315,20316027,0
2016-09-13,0.315,0.315,0.3,0.3,10783587,0
2016-09-14,0.3,0.3099,0.287,0.305,10077128,0
2016-09-15,0.305,0.30899,0.287,0.295,4293954,0
2016-09-16,0.295,0.3325,0.288,0.32,35556252,0
2016-09-19,0.315,0.3279,0.3,0.32,5002258,0
2016-09-20,0.32,0.32,0.291,0.32,6652419,0
2016-09-21,0.32,0.32,0.305,0.305,11777352,0
2016-09-22,0.305,0.325,0.305,0.325,15275272,0
2016-09-23,0.325,0.339,0.315,0.33,11253755,0
2016-09-26,0.33,0.36,0.3162,0.335,28838859,0
2016-09-27,0.335,0.36,0.335,0.36,31743615,0
2016-09-28,0.355,0.3849,0.34,0.355,28638300,0
2016-09-29,0.365,0.3695,0.3201,0.335,21657523,0
2016-09-30,0.335,0.34999,0.31601,0.33,29566762,0
2016-10-03,0.33,0.3759,0.327,0.355,22424792,0
2016-10-04,0.355,0.3824,0.328,0.375,22585133,0
2016-10-05,0.375,0.405,0.3335,0.38,43980755,0
2016-10-06,0.38,0.43449,0.355,0.425,27749172,0
2016-10-07,0.415,0.5499,0.4,0.52,89388415,0
2016-10-10,0.52,0.839,0.5,0.625,271523269,0
2016-10-11,0.625,0.85,0.6157,0.81,109861223,0
2016-10-12,0.825,1.1906,0.8111,1.015,205860799,0
2016-10-13,1.025,1.025,0.725,0.725,91940947,0
2016-10-14,0.725,0.85,0.6,0.7,108336760,0
2016-10-17,0.7,0.7,0.65,0.65,63485925,0
2016-10-18,0.65,0.65,0.6,0.6,29426603,0
2016-10-19,0.575,0.59,0.516,0.55,54068685,0
2016-10-20,0.55,0.55,0.455,0.475,57631761,0
2016-10-21,0.475,0.5945,0.4165,0.575,90605343,0
2016-10-24,0.575,0.646,0.4865,0.525,20381528,0
2016-10-25,0.525,0.55,0.4666,0.5,18159443,0
2016-10-26,0.5,0.6487,0.4755,0.55,54188309,0
2016-10-27,0.475,0.599,0.4575,0.525,92481703,0
2016-10-28,0.525,0.549,0.455,0.475,29474365,0
2016-10-31,0.475,0.55,0.431,0.5,30107155,0
2016-11-01,0.5,0.6,0.4,0.51,39194031,0
2016-11-02,0.51,0.5299,0.45,0.525,21237039,0
2016-11-03,0.525,0.53,0.4711,0.5,24749304,0
2016-11-04,0.51,0.5149,0.471,0.485,7486201,0
2016-11-07,0.485,0.499,0.4351,0.46,20293234,0
2016-11-08,0.46,0.5,0.451,0.465,16119025,0
2016-11-09,0.45,0.5333,0.42,0.5,24000879,0
2016-11-10,0.525,0.548,0.474,0.475,16474391,0
2016-11-11,0.475,0.55,0.4687,0.51,39610528,0
2016-11-14,0.55,0.5903,0.4,0.465,44221318,0
2016-11-15,0.465,0.4788,0.4165,0.435,19180677,0
2016-11-16,0.435,0.466,0.417,0.44,16691497,0
2016-11-17,0.44,0.4449,0.4101,0.425,16198409,0
2016-11-18,0.475,0.4987,0.408,0.415,34632602,0
2016-11-21,0.415,0.47999,0.4,0.425,27975970,0
2016-11-22,0.435,0.4475,0.4179,0.425,5114493,0
2016-11-23,0.425,0.44,0.3855,0.425,30741104,0
2016-11-24,0.425,0.447,0.3851,0.405,12135763,0
2016-11-25,0.405,0.445,0.366,0.425,22445641,0
2016-11-28,0.425,0.4299,0.368,0.375,12828578,0
2016-11-29,0.375,0.38,0.375,0.38,13764635,0
2016-11-30,0.385,0.41,0.37,0.385,15967813,0
2016-12-01,0.385,0.3999,0.3751,0.395,5980250,0
2016-12-02,0.395,0.4399,0.3875,0.425,12234838,0
2016-12-05,0.425,0.4324,0.4,0.41,7858586,0
2016-12-06,0.41,0.4211,0.38,0.4,8109929,0
2016-12-07,0.4,0.4136,0.3766,0.385,6008116,0
2016-12-08,0.385,0.39969,0.372,0.375,16509025,0
2016-12-09,0.375,0.3918,0.3725,0.385,11971690,0
2016-12-12,0.385,0.549,0.3763,0.465,38089843,0
2016-12-13,0.465,0.4841,0.43,0.465,6342740,0
2016-12-14,0.465,0.47999,0.4177,0.45,5004939,0
2016-12-15,0.45,0.47,0.4155,0.45,8264239,0
2016-12-16,0.45,0.467,0.4237,0.45,6085604,0
2016-12-19,0.45,0.4565,0.401,0.415,12722675,0
2016-12-20,0.415,0.4499,0.4025,0.425,17106408,0
2016-12-21,0.425,0.4299,0.401,0.41,10902079,0
2016-12-22,0.41,0.4188,0.3855,0.395,9629469,0
2016-12-23,0.395,0.4495,0.38755,0.425,8464936,0
2016-12-28,0.425,0.437,0.394,0.415,11224965,0
2016-12-29,0.415,0.469,0.4025,0.46,9196444,0
2016-12-30,0.46,0.4645,0.42,0.425,5583818,0
2017-01-03,0.425,0.469,0.4,0.445,14789018,0
2017-01-04,0.435,0.465,0.435,0.465,29032552,0
2017-01-05,0.465,0.472,0.4375,0.465,6623430,0
2017-01-06,0.465,0.55,0.451,0.525,67246946,0
2017-01-09,0.525,0.544,0.4601,0.52,23733350,0
2017-01-10,0.525,0.5695,0.521,0.56,21969913,0
2017-01-11,0.54,0.54,0.525,0.525,4654992,0
2017-01-12,0.525,0.549,0.5122,0.525,6078742,0
2017-01-13,0.525,0.5525,0.51,0.535,10366108,0
2017-01-16,0.535,0.57,0.5045,0.525,10892288,0
2017-01-17,0.55,0.595,0.55,0.595,57524012,0
2017-01-18,0.595,0.6045,0.5615,0.575,11875572,0
2017-01-19,0.575,0.5899,0.5311,0.55,13765690,0
2017-01-20,0.55,0.57,0.5,0.525,24922435,0
2017-01-23,0.525,0.55,0.5,0.515,12898774,0
2017-01-24,0.515,0.569,0.5,0.525,22578819,0
2017-01-25,0.525,0.5495,0.505,0.525,12894287,0
2017-01-26,0.525,0.5324,0.5,0.525,14178254,0
2017-01-27,0.525,0.53,0.4633,0.51,13047456,0
2017-01-30,0.52,0.5395,0.481,0.51,10614096,0
2017-01-31,0.51,0.55,0.51,0.55,36631697,0
2017-02-01,0.565,0.6375,0.5551,0.625,43925234,0
2017-02-02,0.61,0.6499,0.5808,0.595,26124026,0
2017-02-03,0.595,0.6145,0.5733,0.595,5999730,0
2017-02-06,0.595,0.62,0.57,0.595,20752559,0
2017-02-07,0.595,0.6166,0.5711,0.6,14566836,0
2017-02-08,0.6,0.65,0.6,0.65,18553286,0
2017-02-09,0.65,0.725,0.65,0.725,67617523,0
2017-02-10,0.75,0.7899,0.6844,0.7,16664696,0
2017-02-13,0.7,0.7499,0.6875,0.725,16335770,0
2017-02-14,0.725,0.859,0.7201,0.83,45422798,0
2017-02-15,0.83,0.915,0.83,0.915,73068186,0
2017-02-16,0.915,0.999,0.9,0.915,38941439,0
2017-02-17,0.915,0.93,0.7605,0.81,22358252,0
2017-02-20,0.81,0.833,0.7,0.725,34807769,0
2017-02-21,0.725,0.85,0.725,0.85,17526578,0
2017-02-22,0.85,0.8799,0.805,0.85,5995810,0
2017-02-23,0.85,0.8645,0.8065,0.84,16355847,0
2017-02-24,0.84,0.8411,0.735,0.775,22975939,0
2017-02-27,0.765,0.81,0.765,0.81,10974341,0
2017-02-28,0.85,1.05,0.85,0.9,76640823,0
2017-03-01,0.9,0.91,0.8501,0.9,12890897,0
2017-03-02,0.9,0.9899,0.8051,0.85,24573355,0
2017-03-03,0.85,0.8899,0.75101,0.85,25394528,0
2017-03-06,0.85,0.8745,0.801,0.825,9830188,0
2017-03-07,0.825,0.825,0.78501,0.8,9181133,0
2017-03-08,0.8,0.83445,0.7851,0.8,8259726,0
2017-03-09,0.8,0.8,0.76,0.76,6780546,0
2017-03-10,0.75,0.8,0.694,0.75,30045612,0
2017-03-13,0.75,1.1058,0.7101,0.925,100119038,0
2017-03-14,0.925,0.925,0.825,0.825,27672442,0
2017-03-15,0.825,0.847,0.7751,0.825,18574472,0
2017-03-16,0.825,0.925,0.825,0.925,20980078,0
2017-03-17,0.925,0.9333,0.8655,0.9,8394496,0
2017-03-20,0.9,0.9999,0.9,0.95,17753195,0
2017-03-21,0.95,1.0411,0.95,1.025,23859297,0
2017-03-22,1.025,1.094,0.9377,1.025,24533619,0
2017-03-23,1.025,1.125,1.0155,1.125,17790126,0
2017-03-24,1.125,1.19,1.061,1.1,21771818,0
2017-03-27,1.1,1.1345,1.0651,1.1,4165469,0
2017-03-28,1.1,1.1899,1.0755,1.15,6295468,0
2017-03-29,1.15,1.1845,1.1165,1.125,5457898,0
2017-03-30,1.125,1.188,1.1,1.15,13517462,0
2017-03-31,1.15,1.4,1.1351,1.3,22302258,0
2017-04-03,1.3,1.437,1.2755,1.425,26034020,0
2017-04-04,1.425,1.4399,1.31001,1.375,22141635,0
2017-04-05,1.375,1.375,1.2,1.225,30266397,0
2017-04-06,1.25,1.39,1.2,1.35,32752944,0
2017-04-07,1.35,1.4,1.3,1.325,15005873,0
2017-04-10,1.425,1.65,1.4,1.475,39863605,0
2017-04-11,1.525,1.53999,1.4601,1.5,17224464,0
2017-04-12,1.5,1.725,1.4244,1.625,47460629,0
2017-04-13,1.625,1.68,1.4,1.55,27675963,0
2017-04-18,1.55,1.6,1.5,1.55,13562235,0
2017-04-19,1.55,1.745,1.5101,1.65,27195076,0
2017-04-20,1.65,1.85,1.63,1.825,40993852,0
2017-04-21,1.8,2.275,1.8,2.275,106306556,0
2017-04-24,2.275,2.6999,2.107,2.45,89218996,0
2017-04-25,2.45,2.5745,2.2711,2.425,49157502,0
2017-04-26,2.45,2.45,2.2601,2.3,28459123,0
2017-04-27,2.3,2.3145,1.9177,2.15,62004080,0
2017-04-28,2.15,2.479,2.1025,2.4,37159554,0
2017-05-02,2.4,2.5998,2.333,2.425,32325665,0
2017-05-03,2.45,2.45,2.35,2.35,27165669,0
2017-05-04,2.35,2.3949,2.2655,2.35,16638879,0
2017-05-05,2.45,2.5999,2.3969,2.475,36987712,0
2017-05-08,2.475,2.495,2.35,2.425,9460589,0
2017-05-09,2.425,2.45,2.3,2.375,17021265,0
2017-05-10,2.375,2.389,2.2002,2.325,7405384,0
2017-05-11,2.325,2.6,2.311,2.55,30765288,0
2017-05-12,2.55,2.63,2.46,2.6,14902159,0
2017-05-15,2.6,2.6,2.46,2.5,15015581,0
2017-05-16,2.5,2.779,2.5,2.725,22072429,0
2017-05-17,2.725,3.025,2.725,3.025,54120838,0
2017-05-18,3,3.2822,2.9505,3.125,40586739,0
2017-05-19,3.125,3.4399,3.095,3.35,38476855,0
2017-05-22,3.35,3.698,3.1251,3.5,67462331,0
2017-05-23,3.5,3.53,3.222,3.325,26373903,0
2017-05-24,3.325,3.35,3.05555,3.175,25071572,0
2017-05-25,3.175,3.22,2.81001,3.125,43046581,0
2017-05-26,3.1,3.5,2.855,2.9,57924848,0
2017-05-30,2.9,2.947,2.625,2.675,38176969,0
2017-05-31,2.675,2.75,2.222,2.45,75358578,0
2017-06-01,2.45,2.5,2.3002,2.425,22258392,0
2017-06-02,2.425,2.425,2.275,2.275,56770273,0
2017-06-05,2.25,2.35,1.9151,2.25,35697402,0
2017-06-06,2.25,2.5,2.1775,2.35,25723996,0
2017-06-07,2.35,2.45,2.21501,2.4,23344767,0
2017-06-08,2.4,2.5499,2.31601,2.35,14310096,0
2017-06-09,2.3,2.3498,2.1502,2.325,13629154,0
2017-06-12,2.275,2.3498,2.162,2.25,11722572,0
2017-06-13,2.25,2.6,2.25,2.35,26201093,0
2017-06-14,2.35,2.4249,2.2666,2.35,8557420,0
2017-06-15,2.35,2.375,2.2055,2.25,6555204,0
2017-06-16,2.25,2.25,2.16,2.2,9998907,0
2017-06-19,2.2,2.2345,2.188,2.2,3899910,0
2017-06-20,2.2,2.2399,2.065,2.1,4038266,0
2017-06-21,2.1,2.2,2.0151,2.1,5294653,0
2017-06-22,2.1,2.1,2.025,2.025,10964758,0
2017-06-23,2.025,2.145,1.9801,2.075,18185629,0
2017-06-26,2.15,2.25,2.1255,2.2,13941463,0
2017-06-27,2.2,2.234,2.05,2.1,8386598,0
2017-06-28,2.1,2.4266,2.1,2.375,12892081,0
2017-06-29,2.375,2.55,2.375,2.55,31080203,0
2017-06-30,2.55,2.689,2.175,2.2,22441346,0
2017-07-03,2.2,2.2,2.0333,2.15,22460132,0
2017-07-04,2.15,2.15,2.05,2.05,20551806,0
2017-07-05,2.05,2.25,2.0288,2.225,12827804,0
2017-07-06,2.225,2.295,2.171,2.225,4950734,0
2017-07-07,2.225,2.225,2.125,2.125,7539040,0
2017-07-10,2.1,2.1,2.025,2.025,9105792,0
2017-07-11,2.025,2.095,1.985,2.025,5983789,0
2017-07-12,2.025,2.09,1.96,2.025,4381432,0
2017-07-13,2,2.0645,1.95,2.025,3795177,0
2017-07-14,2.025,2.025,1.965,2,4679380,0
2017-07-17,2,2.0245,1.85,1.975,12661340,0
2017-07-18,1.975,2.045,1.85,2,6635730,0
2017-07-19,2,2.2,2,2.05,4190538,0
2017-07-20,2.05,2.09717,1.91,1.95,6154087,0
2017-07-21,1.95,2.05,1.9225,1.975,3079458,0
2017-07-24,1.975,2.05,1.9,1.95,7250073,0
2017-07-25,2.025,2.08,1.75,1.85,29199454,0
2017-07-26,1.875,1.8845,1.635,1.675,26165682,0
2017-07-27,1.675,1.99,1.605,1.9,33864971,0
2017-07-28,1.925,1.925,1.8,1.8,14402755,0
2017-07-31,1.725,1.975,1.725,1.975,19654640,0
2017-08-01,1.975,2.035,1.85,2,8556087,0
2017-08-02,2,2.1395,1.9255,2,7739885,0
2017-08-03,2,2.0899,1.985,2,4492227,0
2017-08-04,2,2.049,1.98751,2.025,1860210,0
2017-08-07,2.025,2.29999,1.9898,2.175,13779051,0
2017-08-08,2.175,2.226,2.1,2.175,5526861,0
2017-08-09,2.175,2.245,2.138,2.175,5679569,0
2017-08-10,2.275,2.4,1.96,2.05,22326821,0
2017-08-11,2.05,2.0999,1.861,2.025,15327971,0
2017-08-14,2.025,2.025,1.975,1.975,2198960,0
2017-08-15,1.975,1.975,1.9,1.9,13521814,0
2017-08-16,1.9,1.9245,1.785,1.875,7882138,0
2017-08-17,1.875,1.875,1.75,1.775,11672959,0
2017-08-18,1.75,1.8675,1.7255,1.825,6564281,0
2017-08-21,1.825,1.94,1.772,1.9,6904257,0
2017-08-22,1.9,1.94,1.865,1.9,3063989,0
2017-08-23,1.9,2.0245,1.885,1.975,2777251,0
2017-08-24,1.975,2.022,1.881,1.925,3506014,0
2017-08-25,1.925,2.0475,1.855,1.9,14955746,0
2017-08-29,1.9,1.994,1.8525,1.9,8227940,0
2017-08-30,1.9,1.94,1.8575,1.9,5082765,0
2017-08-31,1.9,1.999,1.888,1.95,5868592,0
2017-09-01,1.95,2.15,1.95,2.1,14818319,0
2017-09-04,2.1,2.18999,1.985,2.1,7761556,0
2017-09-05,2.275,2.5,2.2,2.2,32593492,0
2017-09-06,2.2,2.3,2.2,2.3,10623194,0
2017-09-07,2.325,2.4499,2.205,2.25,12788049,0
2017-09-08,2.25,2.3,2,2.125,11462823,0
2017-09-11,2.125,2.125,2.001,2.05,7089855,0
2017-09-12,2.05,2.05,1.9101,1.95,7455306,0
2017-09-13,1.95,2.05,1.9026,1.975,6250761,0
2017-09-14,1.975,2.0199,1.9,1.975,12472150,0
2017-09-15,1.975,2.0111,1.9,1.95,7332477,0
2017-09-18,1.95,1.959,1.9,1.925,3602835,0
2017-09-19,1.9,1.9499,1.888,1.9,4249292,0
2017-09-20,1.9,2.075,1.9,2.075,9956409,0
2017-09-21,2.075,2.075,2,2,11531615,0
2017-09-22,2,2.0822,1.981,2.025,3987643,0
2017-09-25,2.025,2.1,1.9561,2.05,5067645,0
2017-09-26,2.075,2.075,2.025,2.025,6139399,0
2017-09-27,2.025,2.025,1.9175,1.95,8913782,0
2017-09-28,1.95,2,1.92,1.975,4749964,0
2017-09-29,1.975,2.175,1.975,2.175,26451766,0
2017-10-02,2.175,2.2022,2.05,2.075,6638972,0
2017-10-03,2.05,2.1,2.011,2.025,7485860,0
2017-10-04,2.025,2.075,2,2.075,8064684,0
2017-10-05,2.075,2.0899,2.0055,2.075,4247079,0
2017-10-06,2.075,2.13999,2.052,2.125,5030833,0
2017-10-09,2.125,2.18999,2.11,2.125,2811254,0
2017-10-10,2.275,2.4745,2.25,2.35,26231280,0
2017-10-11,2.35,2.3675,2.2,2.225,7992563,0
2017-10-12,2.225,2.245,2.166,2.2,5249392,0
2017-10-13,2.2,2.4,2.1875,2.35,9310957,0
2017-10-16,2.35,2.5625,2.3061,2.35,9389444,0
2017-10-17,2.35,2.35,2.3,2.3,7494225,0
2017-10-18,2.3,2.439,2.25,2.375,9073577,0
2017-10-19,2.375,2.4499,2.3377,2.4,6688338,0
2017-10-20,2.4,2.75,2.4,2.725,19135350,0
2017-10-23,2.675,2.8,2.675,2.8,15965447,0
2017-10-24,2.8,2.8199,2.66,2.7,10406209,0
2017-10-25,2.7,2.7395,2.565,2.675,10700825,0
2017-10-26,2.675,2.72,2.5,2.5,4989519,0
2017-10-27,2.5,2.625,2.5,2.625,8045355,0
2017-10-30,2.4,2.57,2.311,2.4,18303061,0
2017-10-31,2.45,2.55,2.361,2.4,19147121,0
2017-11-01,2.4,2.4049,2.35,2.375,6625140,0
2017-11-02,2.375,2.625,2.275,2.325,31204289,0
2017-11-03,2.325,2.35,2.211,2.25,17656197,0
2017-11-06,2.25,2.25,2.2,2.2,12551804,0
2017-11-07,2.15,2.2,2.016,2.15,12251957,0
2017-11-08,2.15,2.174,2.0655,2.1,9129399,0
2017-11-09,2.1,2.2,2.08,2.1,7924635,0
2017-11-10,2.1,2.2399,2.08,2.175,15736288,0
2017-11-13,2.175,2.225,2.011,2.025,6488638,0
2017-11-14,2.025,2.05,2.025,2.05,10980232,0
2017-11-15,2.05,2.19,2.0288,2.15,6139937,0
2017-11-16,2.15,2.1849,2.05,2.075,7032842,0
2017-11-17,2.075,2.08,1.9755,2,10057498,0
2017-11-20,2,2.025,2,2.025,11500443,0
2017-11-21,2.025,2.025,1.975,1.975,8323116,0
2017-11-22,1.975,1.975,1.925,1.925,7376630,0
2017-11-23,1.925,1.925,1.85,1.85,12596282,0
2017-11-24,1.85,1.95,1.85,1.95,12542561,0
2017-11-27,1.95,1.95,1.9,1.9,6270019,0
2017-11-28,1.9,1.9,1.875,1.875,3299007,0
2017-11-29,1.9,1.9,1.9,1.9,6002930,0
2017-11-30,1.9,2,1.9,2,8062174,0
2017-12-01,2,2.15,2,2.15,7935143,0
2017-12-04,2.15,2.15,2.025,2.025,7463853,0
2017-12-05,2.025,2.025,1.975,1.975,4987196,0
2017-12-06,1.975,2.175,1.975,2.175,11748086,0
2017-12-07,2.175,2.175,2.15,2.15,11685777,0
2017-12-08,2.15,2.15,2.075,2.075,8073816,0
2017-12-11,2.15,2.175,2.15,2.175,7549765,0
2017-12-12,2.175,2.175,2.05,2.05,4555273,0
2017-12-13,2.05,2.05,2.025,2.025,2824316,0
2017-12-14,2.025,2.05,2.025,2.05,2848074,0
2017-12-15,2.05,2.08,1.9755,2,8116843,0
2017-12-18,2,2,2,2,5790361,0
2017-12-19,2,2,2,2,4008151,0
2017-12-20,2,2,1.95,1.95,5201690,0
2017-12-21,1.95,1.95,1.95,1.95,3590828,0
2017-12-22,1.95,2,1.95,2,2289988,0
2017-12-27,2,2.175,2,2.175,7062042,0
2017-12-28,2.175,2.175,2.125,2.125,3926984,0
2017-12-29,2.125,2.125,2.125,2.125,1329120,0
2018-01-02,2.125,2.175,2.125,2.175,3001822,0
2018-01-03,2.175,2.325,2.175,2.325,11117852,0
2018-01-04,2.325,2.325,2.275,2.275,5255095,0
2018-01-05,2.275,2.275,2.2,2.2,5351948,0
2018-01-08,2.2,2.2,2.1,2.1,10025220,0
2018-01-09,2.175,2.175,2.175,2.175,6471717,0
2018-01-10,2.175,2.175,2.175,2.175,1951450,0
2018-01-11,2.175,2.275,2.175,2.275,3917085,0
2018-01-12,2.275,2.35,2.275,2.35,6521097,0
2018-01-15,2.325,2.325,2.125,2.125,18166116,0
2018-01-16,2.125,2.125,2.125,2.125,7598105,0
2018-01-17,2.125,2.125,2.05,2.05,6734825,0
2018-01-18,2.05,2.05,2.05,2.05,4448897,0
2018-01-19,2.1,2.1,2.05,2.05,6092542,0
2018-01-22,2.05,2.05,2.05,2.05,9888976,0
2018-01-23,2.05,2.05,2.05,2.05,9950943,0
2018-01-24,2.075,2.075,2.05,2.05,7720417,0
2018-01-25,2.025,2.1,2.025,2.1,6313914,0
2018-01-26,2.1,2.1,2.1,2.1,3217991,0
2018-01-29,2.1,2.1,2.05,2.05,6717498,0
2018-01-30,2,2.075,2,2.075,6675920,0
2018-01-31,2.075,2.075,2.025,2.025,10115114,0
2018-02-01,2.025,2.025,2.025,2.025,4162205,0
2018-02-02,2.025,2.05,2.025,2.05,2332177,0
2018-02-05,2.05,2.05,2.03,2.03,3595437,0
2018-02-06,2.005,2.005,1.975,1.975,9980757,0
2018-02-07,1.975,2.075,1.975,2.075,4666137,0
2018-02-08,2.05,2.05,2.05,2.05,3084264,0
2018-02-09,2.05,2.075,2.05,2.075,14106738,0
2018-02-12,2.075,2.075,2,2,7507000,0
2018-02-13,2,2,2,2,2242711,0
2018-02-14,2,2,1.975,1.975,1619857,0
2018-02-15,1.975,2,1.975,2,2663612,0
2018-02-16,2,2,2,2,4173291,0
2018-02-19,2,2.05,2,2.05,2359978,0
2018-02-20,2.05,2.05,2.05,2.05,4067916,0
2018-02-21,2.05,2.05,1.975,1.975,3394894,0
2018-02-22,1.975,2,1.975,2,1493206,0
2018-02-23,2,2.025,2,2.025,2051346,0
2018-02-26,2.025,2.025,1.95,1.95,1453491,0
2018-02-27,1.975,2.025,1.975,2.025,11314572,0
2018-02-28,2.05,2.05,2.05,2.05,3047735,0
2018-03-01,2.075,2.075,1.975,1.975,7929447,0
2018-03-02,1.975,2.05,1.975,2.05,6440748,0
2018-03-05,2.05,2.1,2.05,2.1,8267056,0
2018-03-06,2.1,2.1,2.05,2.05,11041557,0
2018-03-07,2.05,2.1,2.05,2.1,3003332,0
2018-03-08,2.075,2.075,2.025,2.025,2405991,0
2018-03-09,2.025,2.025,2,2,3060708,0
2018-03-12,2,2,2,2,3590168,0
2018-03-13,2,2,1.91,1.91,6139915,0
2018-03-14,1.91,2.05,1.91,2.05,5690872,0
2018-03-15,2.05,2.05,2,2,1444787,0
2018-03-16,2,2,1.975,1.975,2349039,0
2018-03-19,1.975,1.975,1.875,1.875,8812519,0
2018-03-20,1.95,1.95,1.875,1.875,11259405,0
2018-03-21,1.85,1.85,1.775,1.775,18536143,0
2018-03-22,1.775,1.825,1.775,1.825,3952334,0
2018-03-23,1.825,1.825,1.75,1.75,10152492,0
2018-03-26,1.75,1.925,1.75,1.925,8960570,0
2018-03-27,1.975,1.975,1.8,1.8,13033348,0
2018-03-28,1.8,1.8,1.775,1.775,11096174,0
2018-03-29,1.775,1.775,1.75,1.75,5039991,0
