Date,Open,High,Low,Close,Volume,OpenInt
2015-03-04,782.73,793.96,782.73,786.96,154862,0
2015-03-05,796.32,797.72,788.36,790.23,88491,0
2015-03-06,794.46,799.59,786.01,795.84,130550,0
2015-03-09,793.04,793.04,771.04,781.81,119487,0
2015-03-10,787.89,800.99,768.22,773.38,176274,0
2015-03-11,785.08,786.96,752.77,754.18,130037,0
2015-03-12,764.01,765.89,756.53,760.74,119482,0
2015-03-13,766.82,786.96,766.36,781.81,97519,0
2015-03-16,783.21,788.36,772.44,777.12,117279,0
2015-03-17,784.61,808.49,777.6,808.02,165671,0
2015-03-18,801.47,817.85,801.47,805.21,172983,0
2015-03-19,818.79,818.79,804.75,808.49,158994,0
2015-03-20,819.26,857.64,806.63,857.64,942451,0
2015-03-23,848.27,848.76,828.62,835.17,167797,0
2015-03-24,826.28,845.01,826.28,835.17,183281,0
2015-03-25,846.41,846.41,824.41,831.9,94893,0
2015-03-26,826.28,826.74,796.78,799.59,129074,0
2015-03-27,812.71,827.68,804.27,827.68,166765,0
2015-03-30,824.55,834.71,819.26,824.41,165811,0
2015-03-31,820.66,828.62,796.78,800.06,209041,0
2015-04-01,789.29,811.29,786.68,796.78,201816,0
2015-04-02,811.29,814.11,797.72,805.68,111884,0
2015-04-07,816.44,823.94,807.08,814.11,129109,0
2015-04-08,818.79,823.94,808.49,815.99,214602,0
2015-04-09,818.79,834.71,811.76,823.48,77050,0
2015-04-10,832.36,833.77,811.29,832.36,96909,0
2015-04-13,833.3,833.3,811.76,815.51,280414,0
2015-04-14,819.73,828.15,811.29,828.15,202199,0
2015-04-15,833.77,850.44,826.28,837.98,185972,0
2015-04-16,836.11,836.11,819.26,823.94,152937,0
2015-04-17,822.06,833.3,816.44,822.52,199590,0
2015-04-20,815.99,823.94,814.11,820.19,94954,0
2015-04-21,824.87,828.62,815.99,819.26,114654,0
2015-04-22,822.06,824.41,804.27,804.27,95821,0
2015-04-23,814.56,815.99,801.93,813.64,169640,0
2015-04-24,807.08,819.26,803.81,806.63,103403,0
2015-04-27,806.63,810.36,784.03,787.43,125332,0
2015-04-28,783.21,795.84,762.5,768.7,155856,0
2015-04-29,786.49,786.49,763.97,774.32,172803,0
2015-04-30,773.38,796.32,771.04,790.23,216438,0
2015-05-01,787.69,794.36,777.12,786.96,63008,0
2015-05-05,777.12,795.84,777.12,781.81,153371,0
2015-05-06,777.12,783.21,770.57,773.38,244174,0
2015-05-07,770.57,774.77,760.74,766.82,245824,0
2015-05-08,781.81,817.38,781.34,811.29,308145,0
2015-05-11,814.11,817.38,786.49,794.46,132092,0
2015-05-12,785.08,790.23,774.47,784.61,123352,0
2015-05-13,791.18,803.81,787.8,797.24,146278,0
2015-05-14,806.14,821.6,794.46,819.26,103617,0
2015-05-15,826.74,826.74,813.18,817.85,146326,0
2015-05-18,823,828.15,818.79,826.74,84151,0
2015-05-19,832.36,846.41,821.13,837.98,184116,0
2015-05-20,846.41,846.41,825.8,834.71,98999,0
2015-05-21,827.68,830.96,823.48,823.48,75716,0
2015-05-22,818.32,839.86,818.32,832.83,85172,0
2015-05-26,827.23,830.5,815.05,819.26,165768,0
2015-05-27,814.56,833.3,814.56,832.36,100773,0
2015-05-28,824.87,838.91,824.87,835.64,79601,0
2015-05-29,831.9,850.15,831.9,845.01,220567,0
2015-06-01,842.66,877.78,837.98,872.63,178900,0
2015-06-02,880.12,880.12,851.08,861.38,185787,0
2015-06-03,870.77,917.57,868.88,917.57,475855,0
2015-06-04,920.85,920.85,896.51,912.88,234744,0
2015-06-05,911,912.41,887.14,889.48,199805,0
2015-06-08,900.71,900.71,880.12,882.45,175758,0
2015-06-09,888.07,890.4,871.69,875.44,125055,0
2015-06-10,880.58,884.8,871.22,877.31,121095,0
2015-06-11,882,883.86,869.82,880.12,207885,0
2015-06-12,886.2,886.2,866.06,874.97,89950,0
2015-06-15,873.09,873.09,857.64,862.79,199874,0
2015-06-16,867.48,874.51,855.76,867.48,196699,0
2015-06-17,877.31,877.31,847.81,847.81,116872,0
2015-06-18,857.18,857.18,825.35,833.3,220208,0
2015-06-19,837.98,837.98,820.66,820.66,568040,0
2015-06-22,838.91,838.91,816.44,818.79,192671,0
2015-06-23,831.9,844.52,815.51,833.3,169694,0
2015-06-24,833.3,862.79,827.23,859.52,212552,0
2015-06-25,851.55,882.93,851.55,874.97,311038,0
2015-06-26,875.9,884.8,867.93,870.77,223672,0
2015-06-29,852.04,854.38,837.98,837.98,547023,0
2015-06-30,840.32,844.52,824.87,842.2,189107,0
2015-07-01,837.03,848.6,833.3,840.79,58242,0
2015-07-02,839.39,849.69,838.46,843.13,140322,0
2015-07-03,837.03,857.64,837.03,856.25,52774,0
2015-07-06,854.38,856.7,842.66,842.66,242972,0
2015-07-07,855.31,855.31,829.56,829.56,176796,0
2015-07-08,839.39,839.39,828.62,838.46,94110,0
2015-07-09,829.14,862.69,829.14,844.73,98125,0
2015-07-10,856.55,871.66,838.6,847.1,216057,0
2015-07-13,858.9,876.39,852.76,868.36,95537,0
2015-07-14,878.28,878.28,860.32,873.54,101773,0
2015-07-15,883.48,901.9,874.97,889.14,210147,0
2015-07-16,887.73,907.1,887.73,906.15,98312,0
2015-07-17,898.6,912.39,892.92,908.04,143035,0
2015-07-20,912.77,921.27,905.81,910.88,109289,0
2015-07-21,904.26,914.19,899.07,908.99,82953,0
2015-07-22,908.99,922.21,907.57,911.35,143387,0
2015-07-23,909.93,914.65,897.64,906.15,139626,0
2015-07-24,896.7,909.46,895.29,900.48,79476,0
2015-07-27,896.23,901.43,891.03,894.82,129730,0
2015-07-28,896.7,908.51,890.61,897.64,140879,0
2015-07-29,910.41,913.24,894.82,912.29,109851,0
2015-07-30,894.82,920.33,894.82,908.04,134977,0
2015-07-31,906.15,924.58,906.15,920.8,134634,0
2015-08-03,914.65,923.62,912.29,923.62,131964,0
2015-08-04,925.06,926,914.65,917.02,108231,0
2015-08-05,914.65,921.27,914.19,919.84,104312,0
2015-08-06,912.29,920.8,906.63,911.82,142228,0
2015-08-07,909.46,913.72,901.9,904.26,115174,0
2015-08-10,911.35,916.54,897.21,905.21,158240,0
2015-08-11,901.9,908.51,900,903.31,103339,0
2015-08-12,895.75,908.51,885.85,895.29,130869,0
2015-08-13,900.97,920.8,898.6,918.44,109414,0
2015-08-14,912.77,933.55,912.77,922.21,109049,0
2015-08-17,926,928.37,909.51,918.9,82425,0
2015-08-18,919.84,919.84,910.88,913.24,89239,0
2015-08-19,915.12,919.38,908.04,911.82,106468,0
2015-08-20,926,926,893.87,900.97,111215,0
2015-08-21,908.04,908.04,869.29,872.14,126108,0
2015-08-24,857.01,857.01,812.61,823,419416,0
2015-08-25,826.77,860.8,813.55,859.38,251091,0
2015-08-26,845.67,851.83,838.12,845.21,219560,0
2015-08-27,848.98,864.11,842.85,845.67,164065,0
2015-08-28,842.45,856.55,840.49,848.04,439930,0
2015-09-01,854.65,854.65,826.31,827.73,201715,0
2015-09-02,837.17,860.8,829.14,854.65,112802,0
2015-09-03,857.01,868.83,850.4,864.11,111764,0
2015-09-04,856.07,874.97,852.76,856.55,116658,0
2015-09-07,863.11,867.41,851.35,859.86,62724,0
2015-09-08,876.86,904.74,867.54,892.92,217209,0
2015-09-09,910.41,910.41,879.22,883.95,94546,0
2015-09-10,881.11,889.63,874.97,881.11,86466,0
2015-09-11,875.45,883.95,870.25,882.52,58711,0
2015-09-14,878.76,883.01,869.29,874.03,116035,0
2015-09-15,890.56,890.56,861.26,865.51,97550,0
2015-09-16,868.36,876.39,851.83,864.57,95203,0
2015-09-17,867.85,879.22,860.17,872.61,130994,0
2015-09-18,873.54,883.95,864.11,864.11,475132,0
2015-09-21,859.86,871.66,853.15,866,134201,0
2015-09-22,881.59,881.59,853.25,858.9,108668,0
2015-09-23,851.35,882.07,851.35,876.39,79530,0
2015-09-24,879.22,891.03,869.78,875.45,144660,0
2015-09-25,874.97,894.34,871.19,885.38,126189,0
2015-09-28,888.67,897.64,881.06,883.01,82356,0
2015-09-29,874.03,887.25,871.66,876.39,94698,0
2015-09-30,888.19,897.18,874.03,886.31,129063,0
2015-10-01,887.25,899.53,880.63,882.07,139275,0
2015-10-02,883.95,892.45,879.23,883.01,60466,0
2015-10-05,891.5,908.99,891.5,898.6,67072,0
2015-10-06,893.4,906.15,886.31,893.4,113901,0
2015-10-07,898.6,903.31,871.19,874.03,294093,0
2015-10-08,870.73,888.19,855.6,864.57,586031,0
2015-10-09,855.14,876.39,855.14,859.52,404231,0
2015-10-12,873.08,883.01,858.9,860.32,204706,0
2015-10-13,877.33,877.33,853.25,860.8,147615,0
2015-10-14,852.76,860.22,847.58,849.46,118553,0
2015-10-15,847.1,862.22,847.1,859.86,95230,0
2015-10-16,860.8,869.78,848.98,859.86,149427,0
2015-10-19,864.11,889.14,857.5,884.88,173591,0
2015-10-20,885.38,888.67,875.94,879.22,87261,0
2015-10-21,878.28,890.09,875.91,889.63,193261,0
2015-10-22,878.76,887.25,875.45,878.76,153444,0
2015-10-23,885.38,896.7,878.76,893.87,163260,0
2015-10-26,897.64,907.1,893.87,907.1,139201,0
2015-10-27,907.57,908.51,899.53,907.57,114685,0
2015-10-28,908.04,908.04,897.64,907.1,151064,0
2015-10-29,908.04,908.04,902.13,908.04,105904,0
2015-10-30,908.04,910.88,900.48,904.74,125295,0
2015-11-02,906.63,907.57,895.29,906.63,164305,0
2015-11-03,901.9,907.1,894.34,903.31,201876,0
2015-11-04,903.31,905.68,888.67,890.56,203350,0
2015-11-05,893.87,901.43,892.45,899.53,143961,0
2015-11-06,907.1,907.1,894.34,897.64,129325,0
2015-11-09,901.48,901.9,883.48,891.5,216123,0
2015-11-10,890.09,891.5,872.61,878.76,232484,0
2015-11-11,883.95,891.03,868.83,874.03,159939,0
2015-11-12,877.33,884.88,868.91,876.39,217695,0
2015-11-13,875.91,876.39,866.94,876.39,110979,0
2015-11-16,875.91,885.38,871.66,881.11,167353,0
2015-11-17,888.19,890.09,876.86,880.63,213059,0
2015-11-18,883.95,883.95,872.61,874.03,162434,0
2015-11-19,861.74,874.03,861.74,869.29,306719,0
2015-11-20,864.57,878.76,864.57,878.28,272629,0
2015-11-23,879.7,879.7,867.88,868.36,91823,0
2015-11-24,874.97,874.97,851.35,859.86,225445,0
2015-11-25,862.69,886.31,860.32,886.31,256846,0
2015-11-26,887.73,892.92,880.17,887.25,135235,0
2015-11-27,881.59,892.45,878.76,891.98,195926,0
2015-11-30,893.4,902.85,890.56,901.9,211977,0
2015-12-01,890.09,901.43,890.09,901.43,293529,0
2015-12-02,901.43,911.35,894.82,900,248882,0
2015-12-03,899.07,907.57,892.45,897.18,155743,0
2015-12-04,892.92,900,883.95,900,108089,0
2015-12-07,895.75,908.04,895.75,898.6,128089,0
2015-12-08,896.23,906.63,892.92,902.38,147023,0
2015-12-09,908.04,908.04,893.87,907.57,132612,0
2015-12-10,901.43,905.68,892.45,896.23,92446,0
2015-12-11,891.98,894.72,880.63,882.52,130980,0
2015-12-14,888.19,894.82,878.76,878.76,144959,0
2015-12-15,883.95,902.38,880.63,883.95,190137,0
2015-12-16,885.38,896.23,885.38,890.09,163170,0
2015-12-17,895.75,916.54,895.75,908.99,204731,0
2015-12-18,910.41,918.9,906.63,918.9,705530,0
2015-12-21,909.93,925.06,907.1,907.1,121219,0
2015-12-22,908.99,913.72,902.85,904.26,138688,0
2015-12-23,904.74,920.33,904.74,917.5,66883,0
2015-12-24,921.27,928.37,910.92,917.5,8791,0
2015-12-29,910.88,934.03,910.88,932.62,58917,0
2015-12-30,934.97,934.97,909.93,925.06,84397,0
2015-12-31,915.6,922.45,903.31,905.68,96221,0
2016-01-04,909.93,909.93,886.31,899.07,89452,0
2016-01-05,905.68,924.1,899.07,923.62,115689,0
2016-01-06,919.38,922.21,911.82,917.02,90154,0
2016-01-07,902.16,908.81,871.3,879.38,184066,0
2016-01-08,886.5,892.57,865.52,867.51,151096,0
2016-01-11,868.46,870.4,852.78,852.78,220704,0
2016-01-12,867.51,867.51,850.9,854.21,104468,0
2016-01-13,849.93,865.64,849.93,856.59,307443,0
2016-01-14,849.93,853.27,826.67,826.67,196178,0
2016-01-15,827.15,833.32,802.45,803.87,286299,0
2016-01-18,820.01,820.01,789.64,797.71,227033,0
2016-01-19,802.93,815.27,797.3,812.42,167242,0
2016-01-20,815.27,815.27,778.72,787.26,222898,0
2016-01-21,801.98,801.98,769.21,777.29,283676,0
2016-01-22,788.2,811.95,779.18,790.11,350653,0
2016-01-25,807.68,807.68,775.92,776.81,308172,0
2016-01-26,762.1,777.77,755.45,765.43,382523,0
2016-01-27,785.84,785.84,754.97,759.72,400893,0
2016-01-28,764.93,766.37,744.05,745.95,264347,0
2016-01-29,761.62,767.31,741.8,764.47,584257,0
2016-02-01,754.97,770.64,754.97,764.47,203405,0
2016-02-02,766.37,767.31,752.83,753.54,128910,0
2016-02-03,754.97,759.72,723.15,725.53,331700,0
2016-02-04,740.72,740.72,707.01,707.01,249229,0
2016-02-05,708.44,745.48,708.44,720.78,460985,0
2016-02-08,730.76,731.7,669.98,677.09,294492,0
2016-02-09,671.4,682.33,670.44,677.09,293832,0
2016-02-10,681.85,703.21,678.05,681.38,281262,0
2016-02-11,682.33,703.69,677.09,690.38,1560197,0
2016-02-12,681.85,705.59,681.85,694.19,1314883,0
2016-02-15,706.54,714.13,701.79,707.96,157815,0
2016-02-16,707.01,712.23,698.94,703.21,221727,0
2016-02-17,709.86,717.46,705.59,713.66,144283,0
2016-02-18,731.7,731.7,704.16,706.07,135970,0
2016-02-19,701.32,706.94,696.57,704.16,262767,0
2016-02-22,698,714.13,688.98,689.92,138149,0
2016-02-23,689.92,691.74,680.42,680.9,600750,0
2016-02-24,692.77,692.77,682.33,686.11,347073,0
2016-02-25,690.38,695.45,685.02,688.5,124636,0
2016-02-26,679.46,698.94,679.46,689.92,125581,0
2016-02-29,684.23,692.77,684.23,688.03,206752,0
2016-03-01,694.67,710.81,688.86,698.46,190682,0
2016-03-02,698.94,710.34,698.46,703.21,255361,0
2016-03-03,710.81,720.3,703.21,707.01,138220,0
2016-03-04,704.65,716.03,703.69,704.16,80663,0
2016-03-07,698,709.24,691.35,691.81,81615,0
2016-03-08,684.23,689.92,678.56,687.54,171957,0
2016-03-09,689.44,693.19,685.19,688.5,173827,0
2016-03-10,687.06,704.65,683.73,688.5,162999,0
2016-03-11,685.17,703.21,685.17,693.72,150250,0
2016-03-14,693.25,711.75,693.25,708.92,112774,0
2016-03-15,715.09,715.56,704.65,713.19,153555,0
2016-03-16,715.56,722.68,708.44,715.56,361790,0
2016-03-17,708.92,723.63,707.48,723.63,123228,0
2016-03-18,719.36,739.3,719.36,738.35,523663,0
2016-03-21,734.08,742.62,718.36,737.41,100706,0
2016-03-22,734.08,739.33,728.38,735.5,137720,0
2016-03-23,734.08,745,731.7,735.5,142414,0
2016-03-24,735.97,742.15,716.03,721.26,254520,0
2016-03-29,733.6,733.6,720.78,728.38,155520,0
2016-03-30,736.93,738.35,726.48,738.35,107718,0
2016-03-31,739.3,743.57,728.71,743.57,192479,0
2016-04-01,734.08,740.24,730.28,736.44,87107,0
2016-04-04,733.6,742.15,733.6,741.68,100174,0
2016-04-05,740.24,743.57,735.97,742.15,278211,0
2016-04-06,743.57,748.8,739.1,742.15,66580,0
2016-04-07,737.41,747.37,734.56,740.72,88226,0
2016-04-08,740.72,751.64,729.33,742.15,74434,0
2016-04-11,740.72,745,733.6,741.68,99799,0
2016-04-12,741.68,746.21,736.93,745.48,125373,0
2016-04-13,753.08,783.93,750.22,783.93,188979,0
2016-04-14,767.8,781.89,764.47,764.47,320388,0
2016-04-15,780.13,780.13,759.72,765.89,113416,0
2016-04-18,761.62,769.21,757.82,766.83,149961,0
2016-04-19,782.04,782.04,758.78,760.66,109302,0
2016-04-20,761.16,769.21,750.7,767.31,114523,0
2016-04-21,761.62,762.1,748.32,750.22,134565,0
2016-04-22,749.75,766.37,735.97,736.44,131776,0
2016-04-25,744.05,775.85,741.21,775.85,119234,0
2016-04-26,777.29,807.21,777.29,804.35,128257,0
2016-04-27,792.95,800.07,786.31,795.8,146589,0
2016-04-28,786.31,801.98,785.84,801.98,80455,0
2016-04-29,796.75,809.04,792.95,792.95,209917,0
2016-05-03,791.06,805.78,791.06,802.45,166632,0
2016-05-04,799.6,807.68,798.19,800.55,99349,0
2016-05-05,799.6,813.86,792.01,793.91,388210,0
2016-05-06,789.64,801.5,787.26,789.15,261280,0
2016-05-09,791.06,808.62,791.06,805.3,263271,0
2016-05-10,811.95,811.95,804.83,810.05,417815,0
2016-05-11,802.45,808.62,787.74,788.68,99599,0
2016-05-12,791.53,792.01,778.23,787.26,94956,0
2016-05-13,793.91,793.91,779.18,787.26,62144,0
2016-05-16,783.93,785.97,779.66,781.56,45706,0
2016-05-17,787.74,792.95,783.65,788.2,150421,0
2016-05-18,775.39,785.84,772.15,782.99,203457,0
2016-05-19,765.89,783.93,765.89,781.56,145225,0
2016-05-20,796.28,801.5,782.99,801.5,195422,0
2016-05-23,796.28,830.94,791.39,824.29,253092,0
2016-05-24,808.15,832.36,808.15,829.99,136721,0
2016-05-25,816.69,829.52,813.86,822.4,131615,0
2016-05-26,811.95,823.35,811.95,820.01,93460,0
2016-05-27,833.79,833.79,811.17,829.04,193223,0
2016-05-31,810.05,826.67,810.05,823.82,265167,0
2016-06-01,811.95,820.01,807.68,815.75,200975,0
2016-06-02,811,816.46,805.3,805.3,109288,0
2016-06-03,815.75,815.75,806.72,807.21,211707,0
2016-06-06,828.09,828.09,799.13,799.13,324467,0
2016-06-07,801.03,807.68,788.68,790.58,222997,0
2016-06-08,810.53,831.9,809.1,821.44,539210,0
2016-06-09,821.44,830.25,807.21,825.71,348878,0
2016-06-10,820.5,827.62,816.34,823.35,415407,0
2016-06-13,829.99,829.99,812.89,812.89,423248,0
2016-06-14,805.78,814.33,769.21,769.21,238544,0
2016-06-15,770.64,779.66,761.86,766.83,88230,0
2016-06-16,767.31,769.7,712.72,712.72,492347,0
2016-06-17,725.53,742.62,714.61,742.62,890459,0
2016-06-20,745.48,779.18,745.48,778.23,300440,0
2016-06-21,770.16,795.33,770.16,786.31,385284,0
2016-06-22,782.99,800.07,775.39,796.28,279581,0
2016-06-23,810.53,826.85,792.93,825.24,415404,0
2016-06-24,663.33,715.2,603.97,696.57,609521,0
2016-06-27,688.03,689.92,589.73,593.05,565845,0
2016-06-28,610.61,633.83,610.61,616.8,364441,0
2016-06-29,626.76,631.52,613.47,628.19,618350,0
2016-06-30,632.94,654.78,624.87,654.78,552216,0
2016-07-01,653.36,659.03,640.54,650.5,200116,0
2016-07-04,648.61,648.61,615.37,619.18,314063,0
2016-07-05,615.37,619.18,571.22,574.05,401313,0
2016-07-06,584.03,586.89,544.62,547.95,525661,0
2016-07-07,552,568.95,550.06,561.18,480839,0
2016-07-08,555.86,600.34,555.86,589.7,274321,0
2016-07-11,600.81,639.97,598.67,639,392363,0
2016-07-12,631.27,661.72,630.31,648.67,321266,0
2016-07-13,644.32,655.44,641.42,652.06,426991,0
2016-07-14,659.79,671.87,646.98,657.37,480528,0
2016-07-15,652.54,667.03,652.54,657.37,282501,0
2016-07-18,653.02,668.98,653.02,656.41,158447,0
2016-07-19,656.41,661.72,652.54,656.89,153862,0
2016-07-20,667.52,715.37,658.33,687.33,370282,0
2016-07-21,684.91,689.26,663.17,671.39,373444,0
2016-07-22,673.8,684.4,663.66,668,176035,0
2016-07-25,667.52,673.8,661.72,664.14,271750,0
2016-07-26,663.17,665.52,658.33,658.33,186892,0
2016-07-27,660.27,673.33,657.37,669.94,153787,0
2016-07-28,666.56,682.99,664.62,673.8,267216,0
2016-07-29,673.33,683.48,673.33,681.53,234640,0
2016-08-01,684.44,688.73,671.87,673.33,212584,0
2016-08-02,670.91,676.71,655.91,668.49,153806,0
2016-08-03,671.87,671.87,644.32,649.64,262757,0
2016-08-04,649.16,667.03,644.32,661.72,255194,0
2016-08-05,661.24,663.17,653.07,659.79,173993,0
2016-08-08,667.03,667.52,657.37,661.72,136288,0
2016-08-09,658.33,662.68,653.02,657.37,207431,0
2016-08-10,646.25,662.68,646.25,654.47,293025,0
2016-08-11,646.25,655.91,640.94,651.08,145154,0
2016-08-12,644.32,659.3,643.35,655.91,325323,0
2016-08-15,653.5,658.33,646.73,652.54,180483,0
2016-08-16,646.25,656.41,637.06,637.56,184464,0
2016-08-17,636.1,639.48,629.81,632.23,132276,0
2016-08-18,630.31,640.45,630.31,639,115832,0
2016-08-19,645.29,645.29,627.89,629.81,171503,0
2016-08-22,631.27,636.1,625.96,634.65,182762,0
2016-08-23,637.56,656.41,634.65,649.64,193360,0
2016-08-24,655.44,671.39,646.73,671.39,203919,0
2016-08-25,657.37,669.45,653.02,658.83,193535,0
2016-08-26,650.12,661.24,647.22,654.95,113898,0
2016-08-30,647.7,659.3,647.7,653.99,94192,0
2016-08-31,658.83,665.1,653.5,663.66,150206,0
2016-09-01,664.62,696.52,662.68,694.6,243451,0
2016-09-02,691.21,700.39,682.51,694.1,273393,0
2016-09-05,682.51,700.68,679.6,682.02,130184,0
2016-09-06,681.06,693.62,681.06,691.68,186893,0
2016-09-07,686.86,697.01,686.86,692.65,144308,0
2016-09-08,679.6,710.54,679.6,710.54,221506,0
2016-09-09,696.03,707.16,696.03,707.16,386863,0
2016-09-12,707.16,707.16,688.3,690.72,344042,0
2016-09-13,687.83,691.21,660.27,666.56,412679,0
2016-09-14,667.03,669.45,655.44,668.49,239303,0
2016-09-15,654.47,664.14,649.64,660.75,969813,0
2016-09-16,649.64,676.71,649.64,669.94,654105,0
2016-09-19,659.79,676.71,659.79,675.25,138199,0
2016-09-20,677.67,677.67,666.07,669.94,163644,0
2016-09-21,662.21,677.18,662.21,674.29,93069,0
2016-09-22,668.49,680.57,668.49,680.57,114264,0
2016-09-23,682.02,682.02,671.87,680.57,151821,0
2016-09-26,680.09,681.53,666.56,681.53,208018,0
2016-09-27,685.89,685.89,662.21,676.71,209594,0
2016-09-28,677.18,681.53,674.29,680.09,95329,0
2016-09-29,682.02,683.95,667.03,670.91,134651,0
2016-09-30,670.41,674.76,658.33,674.76,196427,0
2016-10-03,668.49,684.44,668.49,679.6,221549,0
2016-10-04,681.06,700.87,681.06,684.91,267727,0
2016-10-05,683.48,686.86,664.14,664.62,233898,0
2016-10-06,662.21,667.52,653.5,660.75,192856,0
2016-10-07,663.17,663.66,650.12,650.12,500212,0
2016-10-10,663.66,663.66,629.33,632.72,239411,0
2016-10-11,628.37,645.29,628.37,640.45,188887,0
2016-10-12,652.54,652.54,621.12,627.89,232979,0
2016-10-13,626.43,645.77,619.66,639.48,241269,0
2016-10-14,634.17,642.26,630.31,630.31,124223,0
2016-10-17,632.72,632.72,620.64,624.02,176219,0
2016-10-18,631.27,632.23,622.57,627.89,230897,0
2016-10-19,626.92,630.79,610.48,626.43,191821,0
2016-10-20,626.43,629.33,620.64,623.05,291391,0
2016-10-21,618.7,626.92,616.58,623.05,168484,0
2016-10-24,623.54,627.89,619.19,622.08,160356,0
2016-10-25,622.57,626.43,614.35,618.22,89848,0
2016-10-26,611.46,621.12,611.46,618.22,359885,0
2016-10-27,618.7,622.53,606.13,615.81,242553,0
2016-10-28,614.84,617.73,603.23,611.46,188367,0
2016-10-31,599.85,612.89,594.54,608.55,203939,0
2016-11-01,604.2,610.97,602.27,607.58,197827,0
2016-11-02,601.78,609.51,598.39,602.27,153988,0
2016-11-03,604.2,637.56,602.27,619.66,426847,0
2016-11-04,620.64,622.57,599.85,608.07,223877,0
2016-11-07,617.25,625.47,608.55,625.47,157950,0
2016-11-08,611.46,628.37,611.46,624.5,154330,0
2016-11-09,626.92,668.98,618.22,652.06,1109315,0
2016-11-10,661.72,661.72,635.14,640.94,421625,0
2016-11-11,640.94,662.21,640.94,659.3,296932,0
2016-11-14,662.21,677.67,660.27,668.98,623321,0
2016-11-15,663.17,684.91,663.17,666.56,234627,0
2016-11-16,671.39,681.53,662.21,664.62,295852,0
2016-11-17,670.91,676.22,663.17,664.14,468711,0
2016-11-18,667.03,667.52,661.24,665.59,248949,0
2016-11-21,659.79,667.68,636.25,641.42,182971,0
2016-11-22,647.7,650.6,644.81,647.7,216567,0
2016-11-23,633.69,661.72,633.69,649.16,222186,0
2016-11-24,653.99,660.75,647.22,655.44,233265,0
2016-11-25,659.79,659.79,651.08,657.37,135419,0
2016-11-28,656.89,660.75,651.57,660.27,83445,0
2016-11-29,662.68,670.41,661.69,669.94,185222,0
2016-11-30,670.91,680.09,662.68,663.66,277679,0
2016-12-01,655.44,668,655.44,659.79,127008,0
2016-12-02,674.76,674.76,657.85,667.03,810002,0
2016-12-05,678.15,678.15,656.89,667.52,173167,0
2016-12-06,661.24,688.79,661.24,685.89,257529,0
2016-12-07,690.25,697.49,683.95,697.01,168718,0
2016-12-08,699.42,708.12,694.6,697.98,156288,0
2016-12-09,694.1,711.02,694.1,711.02,203187,0
2016-12-12,705.22,711.99,700.39,705.71,149328,0
2016-12-13,721.18,721.18,702.33,715.37,191769,0
2016-12-14,718.27,718.76,706.18,708.6,177185,0
2016-12-15,715.37,715.37,692.17,710.06,300321,0
2016-12-16,712.47,728.43,708.12,721.66,369264,0
2016-12-19,727.46,729.39,716.83,717.79,307523,0
2016-12-20,703.77,722.14,703.77,720.21,164530,0
2016-12-21,728.43,728.43,712.95,724.56,124253,0
2016-12-22,728.43,728.43,718.83,722.14,112742,0
2016-12-23,728.43,736.16,723.59,735.68,63173,0
2016-12-28,731.32,736.16,723.68,729.87,87218,0
2016-12-29,736.64,746.79,729.92,746.31,176503,0
2016-12-30,738.58,765.65,738.58,765.65,113868,0
2017-01-03,760.32,762.74,730.35,742.44,217818,0
2017-01-04,731.32,757.91,731.32,754.04,412100,0
2017-01-05,764.2,766.12,754.11,764.2,221893,0
2017-01-06,766.62,787.39,764.2,771.44,204669,0
2017-01-09,775.31,775.78,746.79,750.17,337415,0
2017-01-10,746.79,757.91,746.79,753.08,1066929,0
2017-01-11,758.39,762.74,753.08,754.04,82286,0
2017-01-12,752.87,763.11,739.71,742.63,236014,0
2017-01-13,742.14,750.43,739.71,745.07,160393,0
2017-01-16,741.17,744.1,737.27,741.17,112822,0
2017-01-17,741.17,757.75,739.22,751.41,191254,0
2017-01-18,744.1,760.18,744.1,754.82,306550,0
2017-01-19,748.97,750.93,728.98,741.17,544044,0
2017-01-20,737.75,748.49,731.91,736.3,748819,0
2017-01-23,736.3,747.02,732.88,747.02,298860,0
2017-01-24,743.61,750.93,735.32,739.22,530201,0
2017-01-25,731.91,750.93,731.42,741.66,807117,0
2017-01-26,749.46,749.46,736.78,740.19,283852,0
2017-01-27,730.44,741.17,724.59,730.93,172887,0
2017-01-30,730.93,730.93,717.28,724.1,162235,0
2017-01-31,724.1,736.3,724.1,736.3,205047,0
2017-02-01,736.3,736.3,723.12,731.42,288174,0
2017-02-02,728.98,731.42,722.15,724.1,213505,0
2017-02-03,730.93,742.18,725.08,741.17,196182,0
2017-02-06,745.55,745.55,730.93,736.3,95903,0
2017-02-07,742.14,745.07,736.78,738.73,211744,0
2017-02-08,741.17,754.34,738.24,750.93,253841,0
2017-02-09,754.82,758.23,750.43,752.38,108206,0
2017-02-10,753.36,757.26,736.3,751.9,101144,0
2017-02-13,733.86,758.23,733.86,753.85,149641,0
2017-02-14,753.85,757.75,751.41,756.29,222222,0
2017-02-15,739.71,764.57,739.71,760.18,190382,0
2017-02-16,767.01,767.01,748.97,749.46,111639,0
2017-02-17,740.19,756.29,740.19,752.87,212003,0
2017-02-20,759.7,771.4,758.73,766.53,95751,0
2017-02-21,760.67,773.84,760.67,768.97,183835,0
2017-02-22,777.74,777.74,759.21,772.38,151175,0
2017-02-23,774.81,780.18,773.18,776.28,115774,0
2017-02-24,758.73,784.08,758.73,777.74,127680,0
2017-02-27,786.03,786.03,767.68,776.28,150326,0
2017-02-28,770.92,778.22,764.09,774.33,277210,0
2017-03-01,763.6,778.72,763.6,773.84,270025,0
2017-03-02,781.16,781.16,761.65,767.5,182251,0
2017-03-03,759.21,765.06,754.82,759.7,134438,0
2017-03-06,759.7,768.48,758.73,768.48,123070,0
2017-03-07,779.69,779.69,755.79,759.7,165689,0
2017-03-08,759.7,760.67,748.97,753.85,220622,0
2017-03-09,770.42,770.42,749.46,764.09,128312,0
2017-03-10,747.99,777.25,747.99,758.73,100868,0
2017-03-13,774.33,774.33,756.29,765.55,125037,0
2017-03-14,749.46,763.11,748.97,755.79,203169,0
2017-03-15,749.94,756.07,736.3,746.05,242068,0
2017-03-16,750.93,754.82,739.22,750.93,146875,0
2017-03-17,759.7,768.97,754.59,768.97,656226,0
2017-03-20,770.92,771.4,764.09,765.06,115329,0
2017-03-21,765.06,767.25,755.31,755.79,134303,0
2017-03-22,770.92,770.92,733.86,739.71,222966,0
2017-03-23,750.43,750.93,734.83,746.54,177938,0
2017-03-24,746.05,752.87,741.17,752.87,105715,0
2017-03-27,748.49,751.9,742.14,749.46,74689,0
2017-03-28,732.88,748.49,732.88,747.51,130386,0
2017-03-29,729.47,747.51,729.47,747.51,175041,0
2017-03-30,730.93,747.51,730.93,747.51,136007,0
2017-03-31,757.26,766.04,745.55,765.55,215788,0
2017-04-03,770.42,770.42,749.94,754.34,129031,0
2017-04-04,771.4,771.4,757.26,763.11,187620,0
2017-04-05,748.97,771.89,748.97,767.98,111901,0
2017-04-06,770.42,785.54,763.11,785.54,192372,0
2017-04-07,772.38,799.68,767.94,799.2,188641,0
2017-04-10,781.64,804.07,781.64,796.76,91523,0
2017-04-11,794.32,810.41,794.32,810.41,231783,0
2017-04-12,812.36,823.58,807.97,823.58,103067,0
2017-04-13,822.11,835.28,816.75,835.28,180271,0
2017-04-18,828.94,835.28,820.65,835.28,268037,0
2017-04-19,834.79,850.89,829.91,839.67,402706,0
2017-04-20,846.01,846.01,815.77,819.19,651387,0
2017-04-21,835.28,835.28,809.44,813.34,365469,0
2017-04-24,818.21,835.28,806.51,810.41,252339,0
2017-04-25,826.02,827.96,811.39,825.52,175119,0
2017-04-26,818.7,848.45,818.7,848.45,192437,0
2017-04-27,848.45,854.78,833.82,854.3,147274,0
2017-04-28,865.02,865.02,838.69,843.08,274842,0
2017-05-02,846.01,852.34,837.71,850.89,217867,0
2017-05-03,851.37,852.34,844.54,851.37,130199,0
2017-05-04,849.42,849.91,840.15,843.57,145012,0
2017-05-05,845.51,846.01,837.71,846.01,120272,0
2017-05-08,849.91,867.94,846.98,850.39,347344,0
2017-05-09,856.25,856.25,845.51,851.86,243009,0
2017-05-10,849.42,854.3,843.08,844.06,137443,0
2017-05-11,841.62,849.42,835.76,848.93,612232,0
2017-05-12,844.54,853.81,843.08,848.93,116729,0
2017-05-15,845.03,862.58,845.03,850.39,186202,0
2017-05-16,845.51,857.22,845.51,852.83,257707,0
2017-05-17,854.3,863.56,846.98,853.81,407860,0
2017-05-18,847.95,848.64,820.65,834.79,291060,0
2017-05-19,844.06,849.91,829.91,831.38,149791,0
2017-05-22,834.79,839.18,833.82,836.26,132006,0
2017-05-23,826.5,841.13,826.5,835.28,142998,0
2017-05-24,840.64,848.45,828.59,842.1,158752,0
2017-05-25,852.34,852.83,839.67,840.64,164111,0
2017-05-26,841.62,845.51,837.71,838.69,157105,0
2017-05-30,851.86,854.78,839.67,852.83,162105,0
2017-05-31,843.08,861.13,837.77,860.14,249718,0
2017-06-01,839.67,867.46,839.67,843.57,188846,0
2017-06-02,838.69,857.71,837.23,841.62,132713,0
2017-06-05,845.03,847.35,830.89,831.87,103706,0
2017-06-06,838.69,838.69,819.67,819.67,369381,0
2017-06-07,839.67,854.78,827.47,854.78,379627,0
2017-06-08,853.32,896.72,848.45,886.97,358891,0
2017-06-09,889.4,889.4,863.56,884.04,295455,0
2017-06-12,884.04,894.85,875.19,893.79,220536,0
2017-06-13,911.35,923.54,911.35,911.35,701212,0
2017-06-14,897.69,930.85,897.69,916.71,285383,0
2017-06-15,920.61,921.1,888.92,891.36,310437,0
2017-06-16,897.2,932.31,891.84,924.51,664497,0
2017-06-19,908.42,934.07,908.42,922.56,136290,0
2017-06-20,919.15,920.12,900.13,902.08,47018,0
2017-06-21,896.72,902.2,889.89,896.72,341433,0
2017-06-22,904.52,904.52,892.33,892.81,6309,0
2017-06-23,891.84,897.72,885.01,896.72,15816,0
2017-06-26,898.18,898.18,884.04,884.04,207807,0
2017-06-27,881.12,884.53,875.26,881.6,41716,0
2017-06-28,873.8,879.65,859.17,859.17,47660,0
2017-06-29,863.56,863.56,855.27,862.1,59951,0
2017-06-30,867.94,874.29,855.29,868.44,52825,0
2017-07-03,872.34,877.7,860.88,861.13,26391,0
2017-07-04,863.07,863.07,850.39,861.13,10323,0
2017-07-05,860.63,864.53,855.75,864.53,9575,0
2017-07-06,858.86,877.27,850.85,853.4,6947,0
2017-07-07,854.89,863.81,850.93,857.37,33116,0
2017-07-10,852.41,857.37,847.21,857.37,13082,0
2017-07-11,849.44,863.35,839.53,848.45,16317,0
2017-07-12,854.4,854.4,836.55,850.93,75425,0
2017-07-13,855.88,868.77,853.16,863.32,479780,0
2017-07-14,863.32,878.68,863.32,876.7,105636,0
2017-07-17,874.22,877.44,864.8,866.78,5798,0
2017-07-18,864.8,891.13,864.8,889.09,136326,0
2017-07-19,891.56,891.56,888.71,890.57,5267,0
2017-07-20,882.15,892.06,882.15,887.1,106835,0
2017-07-21,874.71,905.94,872.73,905.94,31574,0
2017-07-24,885.12,909.9,885.12,899.99,209099,0
2017-07-25,901.48,901.48,897.76,899.99,213930,0
2017-07-26,891.56,899.25,891.56,899,193647,0
2017-07-27,911.88,924.83,911.88,920.8,142460,0
2017-07-28,911.88,911.88,896.52,905.94,146082,0
2017-07-31,911.39,915.35,902.96,906.93,400194,0
2017-08-01,902.47,906.93,894.79,897.51,280699,0
2017-08-02,904.95,904.95,890.08,896.02,153378,0
2017-08-03,874.71,905.44,873.23,905.44,91026,0
2017-08-04,907.92,907.92,893.48,896.52,64055,0
2017-08-07,893.55,901.48,892.56,896.02,150214,0
2017-08-08,899.49,900.87,892.31,894.04,89956,0
2017-08-09,860.84,891.07,858.84,891.07,110129,0
2017-08-10,889.09,895.53,880.17,884.13,100325,0
2017-08-11,876.7,880.66,870.98,873.23,105159,0
2017-08-14,873.72,888.1,871.74,888.1,61641,0
2017-08-15,876.7,886.61,876.7,886.11,86215,0
2017-08-16,883.63,896.52,883.63,894.04,119850,0
2017-08-17,915.85,915.85,887.1,889.09,95826,0
2017-08-18,870.25,875.21,870.25,873.23,76158,0
2017-08-21,862.82,877.19,862.32,870.25,51028,0
2017-08-22,864.8,875.71,864.8,871.25,65014,0
2017-08-23,871.74,871.74,853.9,862.32,90557,0
2017-08-24,860.34,870.25,858.36,858.36,54566,0
2017-08-25,866.29,866.29,847.46,847.46,81869,0
2017-08-29,846.96,863.32,841.51,863.32,97897,0
2017-08-30,878.18,878.18,856.5,868.27,110415,0
2017-08-31,847.46,879.32,847.46,879.17,317982,0
2017-09-01,886.61,886.61,870.72,874.71,110492,0
2017-09-04,853.4,882.64,853.4,882.64,82113,0
2017-09-05,867.28,889.47,867.28,872.24,134616,0
2017-09-06,893.05,893.05,870.87,877.19,83410,0
2017-09-07,881.65,881.65,873.15,875.71,88001,0
2017-09-08,891.56,891.56,868.77,876.2,46110,0
2017-09-11,854.89,888.08,854.89,883.14,79925,0
2017-09-12,900.98,900.98,875.21,875.21,117789,0
2017-09-13,883.63,883.63,870.17,879.67,298298,0
2017-09-14,858.36,886.11,858.36,877.19,138928,0
2017-09-15,892.06,892.06,873.8,884.13,276751,0
2017-09-18,884.63,887.1,875.71,879.67,95489,0
2017-09-19,881.65,884.63,877.94,884.63,66973,0
2017-09-20,873.23,892.06,873.23,882.64,88532,0
2017-09-21,885.62,885.62,870.98,873.23,97924,0
2017-09-22,882.15,882.15,870.38,875.71,86174,0
2017-09-25,867.78,880.17,867.28,880.17,88402,0
2017-09-26,858.86,878.43,858.86,870.75,71078,0
2017-09-27,858.86,869.76,858.86,862.32,146482,0
2017-09-28,852.41,866.29,852.41,866.29,82276,0
2017-09-29,872.24,888.11,867.28,879.67,29520,0
2017-10-02,900.98,900.98,876.95,884.63,113928,0
2017-10-03,892.06,893.57,881.4,888.59,83194,0
2017-10-04,883.14,886.72,878.65,885.62,84619,0
2017-10-05,864.31,895.03,864.31,893.05,79822,0
2017-10-06,892.06,900.98,890.21,899.49,182133,0
2017-10-09,889.58,904.43,889.58,898.01,115411,0
2017-10-10,899.99,899.99,889.58,892.06,332725,0
2017-10-11,871.25,907.08,871.25,895.03,133688,0
2017-10-12,899,906.19,896.32,905.94,105993,0
2017-10-13,925.26,925.26,890.57,891.07,476566,0
2017-10-16,877.19,894.44,877.19,892.56,142238,0
2017-10-17,888.1,922.79,888.1,922.79,164838,0
2017-10-18,900.48,935.67,900.48,931.21,80844,0
2017-10-19,928.24,928.24,887.01,908.91,369032,0
2017-10-20,893.55,908.17,893.55,902.96,350604,0
2017-10-23,902.96,902.96,869.26,875.21,511792,0
2017-10-24,857.37,869.26,851.42,859.35,490455,0
2017-10-25,842.5,863.81,842.5,853.9,104988,0
2017-10-26,846.96,857.37,846.96,855.88,112724,0
2017-10-27,859.35,859.35,847.05,856.87,75116,0
2017-10-30,857.37,872.24,857.37,871.25,140652,0
2017-10-31,872.24,878.55,872.24,877.19,251379,0
2017-11-01,882.15,889.82,871.25,887.1,264603,0
2017-11-02,867.78,895.53,867.78,892.06,196598,0
2017-11-03,885.12,901.75,885.12,901.48,111392,0
2017-11-06,915.35,915.35,898.18,901.97,71331,0
2017-11-07,895.53,902.24,892.06,898.01,354116,0
2017-11-08,898.01,963.42,898.01,951.03,362891,0
2017-11-09,951.03,951.03,924,924.27,234285,0
2017-11-10,908.41,923.26,908.41,916.84,142155,0
2017-11-13,935.67,935.67,902.96,904.95,178384,0
2017-11-14,903.46,917.33,903.46,917.33,151041,0
2017-11-15,922.79,922.79,904.95,917.83,169730,0
2017-11-16,930.72,950.54,930.72,948.56,147721,0
2017-11-17,957.48,961.99,942.86,950.04,287542,0
2017-11-20,950.04,961.94,934.18,934.18,103577,0
2017-11-21,928.24,955,928.24,945.09,159896,0
2017-11-22,947.57,955,938.65,939.14,135475,0
2017-11-23,933.19,943.6,930.22,934.18,47082,0
2017-11-24,936.66,942.11,927.25,936.66,118044,0
2017-11-27,944.1,948.06,923.28,923.28,157841,0
2017-11-28,916.84,929.23,916.84,923.28,123382,0
2017-11-29,924.77,926.26,919.32,923.28,299297,0
2017-11-30,940.13,940.13,916.84,923.78,173810,0
2017-12-01,934.18,940.63,917.83,919.81,108094,0
2017-12-04,923.78,925.76,900.48,918.33,163863,0
2017-12-05,917.83,935.18,917.83,933.19,132885,0
2017-12-06,926.75,943.11,919.81,923.78,233297,0
2017-12-07,944.59,944.59,919.81,930.72,255512,0
2017-12-08,925.26,954.5,925.26,953.02,225418,0
2017-12-11,963.42,963.42,910.4,923.28,215918,0
2017-12-12,918.82,923.78,891.07,914.86,416008,0
2017-12-13,893.55,914.86,892.06,912.38,394695,0
2017-12-14,916.34,919.32,894.54,919.32,209593,0
2017-12-15,924.77,951.53,921.3,951.53,1022357,0
2017-12-18,946.57,949.55,937.16,943.11,300047,0
2017-12-19,952.03,965.41,945.58,951.03,142156,0
2017-12-20,941.62,958.96,941.62,955.99,106726,0
2017-12-21,960.95,969.37,953.51,969.37,117100,0
2017-12-22,969.87,977.8,961.94,973.34,69742,0
2017-12-27,975.81,984.24,974.33,984.24,99128,0
2017-12-28,987.71,990.19,976.81,988.2,84154,0
2017-12-29,988.2,1005.05,984.73,993.16,59339,0
2018-01-02,981.27,991.18,959.96,971.85,111791,0
2018-01-03,973.83,979.28,967.39,978.79,50691,0
2018-01-04,955.5,977.8,955.5,977.8,158944,0
2018-01-05,973.83,1010.01,972.35,1004.06,262033,0
2018-01-08,1001.09,1007.04,993.16,1007.04,181837,0
2018-01-09,1007.04,1011.99,995.14,1001.09,141707,0
2018-01-10,1019.92,1019.92,990.19,993.16,189465,0
2018-01-11,986.5,991.5,957.5,963.5,211007,0
2018-01-12,970.5,981,960,960.5,158918,0
2018-01-15,951.5,964,942,951.5,72954,0
2018-01-16,962.5,968,955.5,964.5,494625,0
2018-01-17,981,996,961,978,285275,0
2018-01-18,981.5,991,972,986,238005,0
2018-01-19,984,987.5,978,985,167047,0
2018-01-22,1007,1007,976,988,131521,0
2018-01-23,988,993,968.5,992.5,369698,0
2018-01-24,996,999.5,982,990,144942,0
2018-01-25,984,1004,984,992,194073,0
2018-01-26,988,1019,984.5,1008,260676,0
2018-01-29,1009,1021,996,1015,296819,0
2018-01-30,1016,1019,999,1009,277498,0
2018-01-31,1018,1035,1003,1035,336377,0
2018-02-01,1030,1040,1010,1013,202779,0
2018-02-02,1013,1014,988.5,990,253201,0
2018-02-05,980.5,986,959.5,959.5,198626,0
2018-02-06,947.5,948,928,928,407080,0
2018-02-07,942.5,970,931.5,962.5,275687,0
2018-02-08,965,975,940.5,941.5,172428,0
2018-02-09,942,942,920,929.5,222859,0
2018-02-12,946,953.5,931.5,948.5,151235,0
2018-02-13,944,959,938,940.5,169083,0
2018-02-14,951,956,937,937,130968,0
2018-02-15,950,954.5,935,945,140597,0
2018-02-16,947.5,972,947.5,970.5,197703,0
2018-02-19,963,971.5,961.5,964.5,165389,0
2018-02-20,971.5,974.5,961.5,968.5,216313,0
2018-02-21,960,971,959.5,960,326515,0
2018-02-22,943.5,963,939,961.5,232514,0
2018-02-23,938.5,980.5,938.5,970,105447,0
2018-02-26,982,993,981.5,981.5,103411,0
2018-02-27,977,984,951.5,952,204779,0
2018-02-28,952,960.5,942,948.5,331609,0
2018-03-01,953,966.5,943,945.5,185614,0
2018-03-02,925.5,949,924.5,941.5,181220,0
2018-03-05,944,945.5,937.5,942,178372,0
2018-03-06,950.5,952,934.5,942.5,130604,0
2018-03-07,939,948.5,934.5,945.5,148833,0
2018-03-08,942,963,942,959.5,220836,0
2018-03-09,978.5,978.5,957.5,974.5,117578,0
2018-03-12,979,979.5,961.5,970.5,389471,0
2018-03-13,962,989.5,962,968.5,217515,0
2018-03-14,990,990,964,971.5,108035,0
2018-03-15,991,991,968,981,199718,0
2018-03-16,1001,1001,970,970,643126,0
2018-03-19,950.5,1005,950.5,999,155275,0
2018-03-20,992,1019,980,1008,232305,0
2018-03-21,1010,1011,996,996.5,214905,0
2018-03-22,1020,1020,988.5,993,171521,0
2018-03-23,1004,1004,978,978,200080,0
2018-03-26,981,982.5,957,957,118700,0
2018-03-27,967.5,992,963.5,984,174386,0
2018-03-28,988,994.5,979.5,988,140847,0
2018-03-29,979,1001,979,992,148330,0
