Date,Open,High,Low,Close,Volume,OpenInt
2013-01-16,1.8039,1.9036,1.6589,1.8492,495736530,0
2013-01-17,1.8674,1.9489,1.7948,1.8401,108883014,0
2013-01-18,1.8674,1.8764,1.7768,1.8039,46189785,0
2013-01-21,1.7857,1.8401,1.7676,1.7948,32239080,0
2013-01-22,1.7948,1.8221,1.7314,1.7314,21772190,0
2013-01-23,1.7314,1.7676,1.5864,1.6045,58220972,0
2013-01-24,1.5864,1.6226,1.5228,1.5411,38868037,0
2013-01-25,1.5592,1.6045,1.5411,1.5592,16289428,0
2013-01-28,1.5592,1.5592,1.4503,1.4594,38727935,0
2013-01-29,1.4503,1.5047,1.4503,1.4866,11854679,0
2013-01-30,1.5047,1.55,1.4957,1.5411,16035699,0
2013-01-31,1.55,1.5592,1.4866,1.5047,8258341,0
2013-02-01,1.4957,1.5228,1.4866,1.5047,4280305,0
2013-02-04,1.5139,1.5592,1.5139,1.5228,9231338,0
2013-02-05,1.5228,1.532,1.5047,1.5047,4560510,0
2013-02-06,1.5228,1.5592,1.5139,1.5228,2885895,0
2013-02-07,1.5411,1.5411,1.4957,1.5047,8203182,0
2013-02-08,1.4957,1.4957,1.4594,1.4686,3889783,0
2013-02-14,1.4775,1.4775,1.4594,1.4686,1010505,0
2013-02-15,1.4503,1.4594,1.4233,1.4503,2466692,0
2013-02-18,1.4503,1.4775,1.4233,1.4503,1979090,0
2013-02-19,1.4503,1.4503,1.3235,1.3324,7503771,0
2013-02-20,1.3597,1.3688,1.2329,1.3053,7450820,0
2013-02-21,1.2691,1.2691,1.2238,1.2329,10400700,0
2013-02-22,1.2691,1.2963,1.2238,1.2329,8654379,0
2013-02-25,1.2329,1.251,1.2057,1.2057,2945467,0
2013-02-26,1.1784,1.1784,1.124,1.1512,5694570,0
2013-02-27,1.1512,1.2146,1.1512,1.2057,4538447,0
2013-02-28,1.2238,1.3053,1.2238,1.2963,4670828,0
2013-03-01,1.2963,1.2963,1.251,1.2691,2877071,0
2013-03-04,1.2418,1.2418,1.1693,1.1784,12088551,0
2013-03-05,1.1784,1.1965,1.1693,1.1965,2356374,0
2013-03-06,1.1965,1.2599,1.1965,1.251,2517437,0
2013-03-07,1.251,1.2599,1.2329,1.2329,1262028,0
2013-03-08,1.2329,1.2691,1.2329,1.2691,7697930,0
2013-03-11,1.2871,1.3053,1.2782,1.3053,3682387,0
2013-03-12,1.2691,1.3324,1.2691,1.2963,4611256,0
2013-03-13,1.2963,1.3324,1.2871,1.3235,4233972,0
2013-03-14,1.3144,1.3235,1.2871,1.3144,4057464,0
2013-03-15,1.3144,1.3144,1.2691,1.3053,2861627,0
2013-03-18,1.2691,1.2871,1.2238,1.2691,3900814,0
2013-03-19,1.2599,1.2782,1.2418,1.2691,4476670,0
2013-03-20,1.2782,1.2871,1.2691,1.2691,1696677,0
2013-03-21,1.2782,1.3053,1.2691,1.2782,2716008,0
2013-03-22,1.2691,1.2691,1.251,1.2599,2082788,0
2013-03-25,1.2599,1.2691,1.2238,1.2599,1127442,0
2013-03-26,1.2418,1.2599,1.2329,1.251,604538,0
2013-03-27,1.2418,1.2418,1.2238,1.2418,1160537,0
2013-03-28,1.2329,1.2691,1.2057,1.2329,3644878,0
2013-04-02,1.2329,1.251,1.2146,1.2329,1354694,0
2013-04-03,1.2329,1.2329,1.1965,1.2146,483189,0
2013-04-05,1.2057,1.2146,1.124,1.1604,1919519,0
2013-04-08,1.1604,1.1604,1.1421,1.1512,1228934,0
2013-04-09,1.1512,1.1875,1.1512,1.1693,560411,0
2013-04-10,1.1784,1.1965,1.1784,1.1784,697204,0
2013-04-11,1.1965,1.1965,1.1784,1.1784,1414265,0
2013-04-12,1.1965,1.1965,1.1784,1.1875,644252,0
2013-04-15,1.1875,1.1875,1.1604,1.1875,2241644,0
2013-04-16,1.1512,1.1875,1.1512,1.1784,1242171,0
2013-04-17,1.1875,1.2057,1.1875,1.1965,271380,0
2013-04-18,1.1784,1.1965,1.1784,1.1875,1215695,0
2013-04-19,1.1875,1.2057,1.1693,1.2057,1385583,0
2013-04-22,1.2057,1.2146,1.1693,1.2146,783251,0
2013-04-23,1.1965,1.2057,1.1875,1.1965,487601,0
2013-04-24,1.2238,1.2329,1.2238,1.2329,1489281,0
2013-04-25,1.2329,1.2329,1.2238,1.2238,1851122,0
2013-04-26,1.2329,1.2418,1.2238,1.2329,1242171,0
2013-04-29,1.2418,1.2599,1.2418,1.2599,397141,0
2013-04-30,1.2691,1.2782,1.251,1.2599,253729,0
2013-05-02,1.2599,1.2871,1.251,1.2871,608950,0
2013-05-03,1.2871,1.3053,1.2599,1.2691,458919,0
2013-05-06,1.2782,1.2782,1.2599,1.2691,249317,0
2013-05-07,1.2691,1.2871,1.2691,1.2782,661903,0
2013-05-08,1.2963,1.3053,1.2782,1.2963,668521,0
2013-05-09,1.3144,1.3144,1.2871,1.2871,792077,0
2013-05-10,1.3144,1.3144,1.2782,1.2963,233873,0
2013-05-13,1.2963,1.3053,1.2418,1.2599,408173,0
2013-05-14,1.2871,1.3053,1.251,1.2599,397141,0
2013-05-15,1.2691,1.2963,1.2329,1.2691,1630488,0
2013-05-16,1.2691,1.2963,1.2691,1.2782,1142886,0
2013-05-20,1.3144,1.3869,1.3144,1.3416,5142985,0
2013-05-21,1.2691,1.2963,1.2329,1.2782,2462279,0
2013-05-22,1.2782,1.2782,1.2238,1.2418,4110417,0
2013-05-23,1.2418,1.2418,1.2238,1.2238,1264234,0
2013-05-24,1.2238,1.2329,1.2146,1.2238,1888629,0
2013-05-27,1.2238,1.2418,1.2238,1.2418,361841,0
2013-05-28,1.2238,1.2329,1.2238,1.2329,229460,0
2013-05-29,1.2329,1.2329,1.1875,1.1875,1859947,0
2013-05-30,1.1784,1.2057,1.1784,1.1784,728094,0
2013-05-31,1.1875,1.251,1.1784,1.1875,3296276,0
2013-06-03,1.1784,1.1875,1.115,1.1604,3724306,0
2013-06-04,1.1604,1.1604,1.124,1.1331,2102645,0
2013-06-05,1.1331,1.1604,1.124,1.1512,714856,0
2013-06-06,1.1331,1.1604,1.124,1.124,670728,0
2013-06-07,1.124,1.1331,1.0878,1.0968,1544440,0
2013-06-10,1.1059,1.1604,1.1059,1.115,531728,0
2013-06-11,1.115,1.124,1.1059,1.1059,1667995,0
2013-06-13,1.115,1.124,1.0968,1.1059,5065763,0
2013-06-14,1.1059,1.1512,1.1059,1.124,650871,0
2013-06-17,1.1331,1.1331,1.115,1.124,116936,0
2013-06-18,1.124,1.124,1.115,1.115,8826,0
2013-06-19,1.115,1.1421,1.1059,1.1421,492014,0
2013-06-20,1.1059,1.115,1.0787,1.0787,926664,0
2013-06-21,1.0424,1.0787,1.0243,1.0606,937696,0
2013-06-24,1.0606,1.0787,1.0424,1.0424,794283,0
2013-06-25,1.0515,1.0515,0.9518,0.9971,814140,0
2013-06-26,1.0243,1.0515,0.9428,1.0515,1129648,0
2013-06-27,1.0606,1.0606,1.0334,1.0334,743538,0
2013-06-28,1.0334,1.0878,1.0243,1.0878,1103171,0
2013-07-02,1.0878,1.0878,1.0243,1.0334,1266534,0
2013-07-03,1.0243,1.0424,0.9881,0.9971,2168835,0
2013-07-04,0.9518,0.9881,0.9518,0.9699,2148977,0
2013-07-05,0.9881,1.0062,0.9336,0.9428,2693944,0
2013-07-08,0.9156,0.9246,0.9065,0.9246,2157803,0
2013-07-09,0.9156,0.9156,0.834,0.8521,4818653,0
2013-07-10,0.8611,0.8883,0.8611,0.8702,4302369,0
2013-07-11,0.8611,0.9065,0.8611,0.8975,867093,0
2013-07-12,0.8975,0.9336,0.8975,0.9246,1039188,0
2013-07-15,0.9336,0.9428,0.9065,0.9428,562617,0
2013-07-16,0.9156,0.9336,0.9156,0.9336,710442,0
2013-07-17,0.9336,0.9428,0.9156,0.9336,787665,0
2013-07-18,0.9336,0.9609,0.9336,0.9609,611157,0
2013-07-19,0.9518,0.9609,0.9336,0.9428,1288505,0
2013-07-22,0.9246,0.9246,0.8702,0.8975,1915105,0
2013-07-23,0.8975,0.9428,0.8975,0.9246,516284,0
2013-07-24,0.9518,0.9971,0.9336,0.9518,997267,0
2013-07-25,0.9518,0.9518,0.9246,0.9336,233873,0
2013-07-26,0.9428,0.9971,0.9428,0.9699,1045806,0
2013-07-29,0.9609,0.9609,0.9428,0.9428,300062,0
2013-07-30,0.9428,0.9609,0.9246,0.9336,520696,0
2013-07-31,0.9336,0.9518,0.9246,0.9428,646459,0
2013-08-01,0.9428,0.9428,0.9065,0.9065,948728,0
2013-08-02,0.9156,0.9428,0.9156,0.9428,264761,0
2013-08-05,0.9065,0.9428,0.9065,0.9246,180920,0
2013-08-06,0.9065,0.9428,0.9065,0.9428,529522,0
2013-08-07,0.9156,0.9428,0.9156,0.9246,308888,0
2013-08-08,0.9156,0.9428,0.9156,0.9246,238285,0
2013-08-09,0.9246,0.9428,0.9065,0.9336,271380,0
2013-08-12,0.9428,0.9518,0.9246,0.9428,339776,0
2013-08-13,0.9428,0.9971,0.9428,0.9881,2248263,0
2013-08-15,0.9971,0.9971,0.9699,0.9789,608950,0
2013-08-16,0.9518,0.9699,0.9336,0.9609,399348,0
2013-08-19,0.9609,0.9789,0.9428,0.9789,353015,0
2013-08-20,0.9699,0.9699,0.9336,0.9518,1517964,0
2013-08-21,0.9246,0.9699,0.9246,0.9609,214016,0
2013-08-22,0.9518,0.9609,0.9428,0.9518,178713,0
2013-08-23,0.9518,0.9699,0.9518,0.9609,110318,0
2013-08-26,0.9609,0.9609,0.9246,0.9428,1932756,0
2013-08-27,0.9336,0.9336,0.9246,0.9336,200778,0
2013-08-28,0.9156,0.9336,0.9156,0.9246,500840,0
2013-08-29,0.9336,0.9336,0.9246,0.9246,355221,0
2013-08-30,0.9246,0.9336,0.9246,0.9246,383904,0
2013-09-02,0.9428,0.9428,0.9246,0.9336,4108209,0
2013-09-03,0.9336,0.9336,0.9156,0.9246,383904,0
2013-09-04,0.9246,0.9246,0.9065,0.9156,441268,0
2013-09-05,0.9156,0.9336,0.9156,0.9156,677348,0
2013-09-06,0.9156,0.9246,0.9065,0.9156,445681,0
2013-09-09,0.9336,0.9336,0.9156,0.9246,88253,0
2013-09-10,0.9336,0.9336,0.9156,0.9246,999474,0
2013-09-11,0.9336,0.9428,0.9065,0.9246,3342608,0
2013-09-12,0.9246,0.9246,0.8975,0.9065,946521,0
2013-09-13,0.8793,0.8975,0.8793,0.8975,770013,0
2013-09-16,0.9065,0.9065,0.8702,0.8793,1175981,0
2013-09-17,0.8793,0.8883,0.8702,0.8793,1416472,0
2013-09-18,0.9156,0.9336,0.8702,0.8883,520696,0
2013-09-19,0.8975,0.9156,0.8975,0.9065,1370139,0
2013-09-23,0.8975,0.9065,0.8975,0.9065,13238,0
2013-09-24,0.8975,0.8975,0.8793,0.8883,165476,0
2013-09-25,0.8883,0.8883,0.8702,0.8793,110318,0
2013-09-26,0.8702,0.8883,0.8702,0.8793,244905,0
2013-09-27,0.8793,0.8883,0.8793,0.8883,24271,0
2013-09-30,0.8702,0.8702,0.8068,0.834,1676820,0
2013-10-02,0.8158,0.8702,0.8068,0.8611,1449568,0
2013-10-03,0.843,0.843,0.834,0.843,134587,0
2013-10-04,0.8611,0.8611,0.8521,0.8611,397141,0
2013-10-07,0.8793,0.8793,0.8611,0.8611,110318,0
2013-10-08,0.843,0.8521,0.843,0.843,697204,0
2013-10-09,0.834,0.843,0.834,0.834,1019330,0
2013-10-10,0.834,0.8521,0.834,0.8521,712648,0
2013-10-11,0.843,0.8702,0.843,0.8702,597920,0
2013-10-15,0.8793,0.8793,0.8521,0.8521,1032568,0
2013-10-16,0.843,0.8521,0.8158,0.8158,948728,0
2013-10-17,0.834,0.8521,0.8249,0.8521,723680,0
2013-10-18,0.8611,0.8611,0.843,0.843,732506,0
2013-10-21,0.843,0.8521,0.834,0.843,1001679,0
2013-10-22,0.843,0.8521,0.834,0.834,3327165,0
2013-10-23,0.834,0.843,0.8068,0.8068,2484342,0
2013-10-24,0.8068,0.8158,0.7886,0.7977,3141832,0
2013-10-25,0.7977,0.7977,0.7524,0.7615,4337669,0
2013-10-28,0.7524,0.7886,0.7524,0.7795,860474,0
2013-10-29,0.7615,0.7795,0.7615,0.7705,917838,0
2013-10-30,0.7705,0.7977,0.7705,0.7795,833998,0
2013-10-31,0.7886,0.7886,0.7795,0.7795,379491,0
2013-11-01,0.7795,0.7977,0.7795,0.7977,229460,0
2013-11-04,0.7977,0.8068,0.7977,0.7977,595713,0
2013-11-05,0.8158,0.8158,0.7977,0.8068,432443,0
2013-11-06,0.8158,0.8249,0.8158,0.8158,2067343,0
2013-11-07,0.8158,0.834,0.8158,0.8158,4059670,0
2013-11-08,0.8249,0.834,0.8158,0.8158,5136366,0
2013-11-11,0.8158,0.8249,0.8068,0.8158,1736391,0
2013-11-12,0.8249,0.8249,0.8068,0.8158,7671454,0
2013-11-13,0.7977,0.8158,0.7977,0.8068,1069860,0
2013-11-14,0.7886,0.8068,0.7886,0.8068,83842,0
2013-11-15,0.8068,0.8158,0.7977,0.8068,10775778,0
2013-11-18,0.7977,0.8249,0.7977,0.8249,1275266,0
2013-11-19,0.8249,0.834,0.8249,0.834,313301,0
2013-11-20,0.8249,0.8249,0.8158,0.8249,368459,0
2013-11-21,0.8158,0.8249,0.8158,0.8249,176507,0
2013-11-22,0.834,0.8521,0.834,0.843,776633,0
2013-11-25,0.843,0.8521,0.834,0.834,474364,0
2013-11-26,0.843,0.843,0.8249,0.834,240491,0
2013-11-27,0.8158,0.8521,0.8158,0.843,108110,0
2013-11-28,0.8249,0.834,0.8249,0.834,286825,0
2013-11-29,0.843,0.843,0.8249,0.843,335365,0
2013-12-02,0.843,0.843,0.8068,0.8158,631014,0
2013-12-03,0.8158,0.8249,0.8068,0.8158,483189,0
2013-12-04,0.8068,0.8249,0.8068,0.8249,275794,0
2013-12-05,0.8249,0.8249,0.8158,0.8158,220634,0
2013-12-06,0.8249,0.834,0.8249,0.834,463333,0
2013-12-09,0.8249,0.834,0.8249,0.8249,1615043,0
2013-12-10,0.8249,0.834,0.8158,0.834,909014,0
2013-12-11,0.8249,0.834,0.8249,0.8249,255936,0
2013-12-12,0.8249,0.834,0.8249,0.8249,1014918,0
2013-12-13,0.8249,0.843,0.8249,0.834,540554,0
2013-12-16,0.834,0.843,0.834,0.834,247110,0
2013-12-17,0.834,0.834,0.8249,0.8249,72810,0
2013-12-18,0.8249,0.834,0.8249,0.8249,94873,0
2013-12-19,0.834,0.834,0.7886,0.7977,595713,0
2013-12-20,0.8068,0.8158,0.8068,0.8158,260349,0
2013-12-23,0.8249,0.8249,0.8158,0.8158,13238,0
2013-12-24,0.8158,0.8249,0.8158,0.8249,205190,0
2013-12-27,0.8158,0.8249,0.8068,0.8158,2422565,0
2013-12-30,0.8249,0.834,0.8158,0.8158,403760,0
2013-12-31,0.8249,0.8249,0.8158,0.8158,110318,0
2014-01-02,0.8249,0.8249,0.8158,0.8249,920045,0
2014-01-03,0.8249,0.8249,0.8158,0.8158,194158,0
2014-01-06,0.8158,0.8158,0.8158,0.8158,253729,0
2014-01-07,0.8158,0.8249,0.8158,0.8249,741330,0
2014-01-08,0.8158,0.8249,0.8068,0.8068,531728,0
2014-01-09,0.8158,0.8249,0.8158,0.8158,416998,0
2014-01-10,0.8158,0.8249,0.8068,0.8158,328744,0
2014-01-13,0.8068,0.8249,0.8068,0.8249,35301,0
2014-01-14,0.8068,0.8158,0.8068,0.8158,103698,0
2014-01-15,0.8068,0.8158,0.8068,0.8068,1301742,0
2014-01-16,0.8068,0.8158,0.8068,0.8158,503046,0
2014-01-17,0.8068,0.8158,0.8068,0.8068,169889,0
2014-01-20,0.8158,0.8158,0.8068,0.8158,454507,0
2014-01-21,0.8158,0.8158,0.7795,0.7886,209602,0
2014-01-22,0.7886,0.7886,0.7705,0.7795,70603,0
2014-01-23,0.8068,0.8068,0.7615,0.7886,266967,0
2014-01-24,0.7886,0.7886,0.7886,0.7886,88253,0
2014-01-27,0.7615,0.7977,0.7615,0.7795,253729,0
2014-01-28,0.8068,0.8158,0.7977,0.8158,441268,0
2014-01-29,0.8158,0.8249,0.7977,0.7977,214016,0
2014-01-30,0.7886,0.7977,0.7886,0.7977,94873,0
2014-02-04,0.7977,0.7977,0.7886,0.7977,838411,0
2014-02-05,0.7977,0.7977,0.7795,0.7795,487601,0
2014-02-06,0.7795,0.8068,0.7795,0.7886,196364,0
2014-02-07,0.7795,0.8158,0.7615,0.8158,721474,0
2014-02-10,0.7886,0.8068,0.7795,0.8068,249317,0
2014-02-11,0.7795,0.7886,0.7795,0.7886,15444,0
2014-02-12,0.7886,0.7977,0.7886,0.7886,185334,0
2014-02-13,0.7795,0.7886,0.7795,0.7886,136793,0
2014-02-14,0.7886,0.7977,0.7886,0.7977,200778,0
2014-02-17,0.7886,0.7977,0.7795,0.7886,236079,0
2014-02-18,0.7886,0.7886,0.7795,0.7795,86047,0
2014-02-19,0.7795,0.7886,0.7795,0.7795,350809,0
2014-02-20,0.7795,0.7886,0.7795,0.7886,81635,0
2014-02-21,0.7977,0.7977,0.7795,0.7886,277999,0
2014-02-24,0.7886,0.7886,0.7795,0.7886,725887,0
2014-02-25,0.7886,0.7886,0.7252,0.7433,1235552,0
2014-02-26,0.7342,0.7433,0.7161,0.7252,500748,0
2014-02-27,0.7252,0.7342,0.7252,0.7342,688380,0
2014-02-28,0.7342,0.7524,0.7161,0.7342,2426977,0
2014-03-03,0.7252,0.7252,0.7161,0.7252,353015,0
2014-03-04,0.7252,0.7342,0.7161,0.7342,401554,0
2014-03-05,0.7252,0.7252,0.7161,0.7161,68397,0
2014-03-06,0.7161,0.7161,0.707,0.7161,399348,0
2014-03-07,0.707,0.7161,0.698,0.707,595713,0
2014-03-10,0.7161,0.7342,0.707,0.7252,1934962,0
2014-03-11,0.707,0.707,0.698,0.698,783251,0
2014-03-12,0.698,0.698,0.6527,0.6617,1310568,0
2014-03-13,0.6436,0.6527,0.6345,0.6436,986235,0
2014-03-14,0.6345,0.6436,0.6254,0.6345,686173,0
2014-03-17,0.6345,0.6708,0.6345,0.6617,436857,0
2014-03-18,0.6617,0.6708,0.6436,0.6436,538348,0
2014-03-19,0.6527,0.7252,0.6527,0.6799,432443,0
2014-03-20,0.6617,0.6617,0.6527,0.6617,514078,0
2014-03-21,0.6889,0.6889,0.6617,0.6889,75016,0
2014-03-24,0.6889,0.6889,0.6708,0.6708,465539,0
2014-03-25,0.6708,0.6708,0.6617,0.6617,110318,0
2014-03-26,0.698,0.698,0.6527,0.698,816348,0
2014-03-27,0.6617,0.6617,0.6527,0.6617,600125,0
2014-03-28,0.6617,0.698,0.6617,0.6799,677348,0
2014-03-31,0.6799,0.698,0.6708,0.6889,1301742,0
2014-04-01,0.6799,0.6889,0.6799,0.6799,818554,0
2014-04-02,0.6799,0.6889,0.6799,0.6889,1394408,0
2014-04-03,0.6799,0.698,0.6708,0.6799,1061250,0
2014-04-04,0.6708,0.6799,0.6708,0.6708,68397,0
2014-04-07,0.6708,0.6708,0.6527,0.6617,2918992,0
2014-04-08,0.6527,0.6527,0.6527,0.6527,4745844,0
2014-04-09,0.6527,0.6617,0.6527,0.6617,1401028,0
2014-04-10,0.6527,0.6799,0.6436,0.6617,617776,0
2014-04-11,0.6617,0.6708,0.6617,0.6617,659696,0
2014-04-14,0.6527,0.6617,0.6527,0.6617,604538,0
2014-04-15,0.6617,0.6617,0.6527,0.6527,200778,0
2014-04-16,0.6617,0.6708,0.6617,0.6617,229460,0
2014-04-17,0.6617,0.6617,0.6436,0.6617,348602,0
2014-04-22,0.6617,0.6617,0.6436,0.6436,236079,0
2014-04-23,0.6436,0.6527,0.6345,0.6345,3704449,0
2014-04-24,0.6527,0.6617,0.6436,0.6527,14277243,0
2014-04-25,0.6527,0.6527,0.6527,0.6527,379491,0
2014-04-28,0.6436,0.6436,0.6345,0.6436,1160537,0
2014-04-29,0.6436,0.6436,0.6345,0.6436,886950,0
2014-04-30,0.6527,0.6527,0.6345,0.6345,600125,0
2014-05-02,0.6436,0.6617,0.6345,0.6345,41921,0
2014-05-05,0.6527,0.6527,0.6436,0.6436,24271,0
2014-05-07,0.6345,0.6527,0.6345,0.6527,105904,0
2014-05-08,0.6436,0.6527,0.6345,0.6345,202984,0
2014-05-09,0.6345,0.6345,0.6345,0.6345,300062,0
2014-05-12,0.6345,0.6345,0.6345,0.6345,628807,0
2014-05-13,0.6345,0.6527,0.6345,0.6527,236079,0
2014-05-14,0.6436,0.6617,0.6345,0.6527,282412,0
2014-05-15,0.6436,0.6527,0.6345,0.6527,988442,0
2014-05-16,0.6436,0.6436,0.6345,0.6436,529522,0
2014-05-19,0.6617,0.6889,0.6527,0.6799,4278098,0
2014-05-20,0.6617,0.6617,0.6436,0.6527,933282,0
2014-05-21,0.6436,0.6436,0.5983,0.6345,2768959,0
2014-05-22,0.6345,0.6345,0.6345,0.6345,390523,0
2014-05-23,0.6164,0.6436,0.6164,0.6345,357427,0
2014-05-26,0.6436,0.6436,0.6436,0.6436,22064,0
2014-05-27,0.6345,0.6436,0.6345,0.6436,275794,0
2014-05-28,0.6527,0.6527,0.6436,0.6436,44127,0
2014-05-29,0.6436,0.6436,0.6345,0.6345,253729,0
2014-05-30,0.6527,0.6527,0.6164,0.6345,2971943,0
2014-06-03,0.6345,0.6436,0.6345,0.6345,326538,0
2014-06-04,0.6527,0.6527,0.6436,0.6436,578061,0
2014-06-05,0.6345,0.6436,0.6345,0.6436,28682,0
2014-06-06,0.6436,0.6436,0.6436,0.6436,264761,0
2014-06-09,0.6436,0.6527,0.6436,0.6436,147825,0
2014-06-10,0.6436,0.6527,0.6436,0.6436,191952,0
2014-06-11,0.6527,0.6527,0.6527,0.6527,116936,0
2014-06-12,0.6436,0.6436,0.6436,0.6436,1584154,0
2014-06-13,0.6527,0.6527,0.6436,0.6527,119142,0
2014-06-16,0.6436,0.6527,0.6436,0.6527,116936,0
2014-06-17,0.6527,0.6527,0.6527,0.6527,108110,0
2014-06-18,0.6617,0.6617,0.6527,0.6527,253729,0
2014-06-19,0.6527,0.6527,0.6436,0.6436,125763,0
2014-06-20,0.6436,0.6436,0.6436,0.6436,94873,0
2014-06-23,0.6527,0.6527,0.6436,0.6436,518490,0
2014-06-24,0.6527,0.6527,0.6436,0.6436,183126,0
2014-06-25,0.6345,0.6436,0.6345,0.6436,1006092,0
2014-06-26,0.6345,0.6436,0.6345,0.6436,26476,0
2014-06-27,0.6436,0.6436,0.6436,0.6436,191952,0
2014-06-30,0.6436,0.6436,0.6436,0.6436,112524,0
2014-07-02,0.6436,0.6436,0.6436,0.6436,88253,0
2014-07-03,0.6436,0.6527,0.6436,0.6527,386110,0
2014-07-04,0.6527,0.7252,0.6527,0.6799,611157,0
2014-07-07,0.7161,0.7342,0.698,0.7342,1959232,0
2014-07-08,0.7161,0.7252,0.707,0.7252,377284,0
2014-07-09,0.7252,0.7252,0.7252,0.7252,496428,0
2014-07-10,0.6889,0.7252,0.6889,0.707,1350282,0
2014-07-11,0.7252,0.7524,0.7161,0.7524,492014,0
2014-07-14,0.7524,0.7524,0.7342,0.7342,28682,0
2014-07-15,0.7252,0.7342,0.7252,0.7342,964172,0
2014-07-16,0.7252,0.7252,0.7252,0.7252,425825,0
2014-07-17,0.7524,0.7524,0.7433,0.7433,540554,0
2014-07-18,0.7615,0.7615,0.7433,0.7433,191952,0
2014-07-21,0.7433,0.7433,0.7433,0.7433,249317,0
2014-07-22,0.7342,0.7342,0.7342,0.7342,200778,0
2014-07-23,0.7433,0.7433,0.7342,0.7433,94873,0
2014-07-24,0.7433,0.7524,0.7342,0.7433,454507,0
2014-07-25,0.7433,0.7433,0.7342,0.7433,134587,0
2014-07-28,0.7433,0.7433,0.7433,0.7433,143413,0
2014-07-29,0.7433,0.7524,0.7252,0.7342,820759,0
2014-07-30,0.7342,0.7342,0.7342,0.7342,469951,0
2014-07-31,0.7342,0.7433,0.7342,0.7433,143413,0
2014-08-01,0.7342,0.7342,0.7342,0.7342,425825,0
2014-08-04,0.7342,0.7433,0.7342,0.7342,50745,0
2014-08-05,0.7342,0.7342,0.7342,0.7342,549379,0
2014-08-06,0.7342,0.7433,0.7342,0.7433,619982,0
2014-08-07,0.7252,0.7252,0.7252,0.7252,28682,0
2014-08-08,0.7342,0.7342,0.7342,0.7342,57365,0
2014-08-11,0.7342,0.7342,0.7252,0.7342,114730,0
2014-08-12,0.7342,0.7342,0.7252,0.7252,875919,0
2014-08-13,0.7342,0.7433,0.7342,0.7433,127968,0
2014-08-14,0.7433,0.7433,0.7252,0.7252,105904,0
2014-08-15,0.7342,0.7433,0.7342,0.7433,214016,0
2014-08-18,0.7252,0.7342,0.7252,0.7252,871505,0
2014-08-19,0.7342,0.7433,0.7252,0.7342,191952,0
2014-08-20,0.7342,0.7433,0.7252,0.7342,205190,0
2014-08-21,0.7342,0.7433,0.7342,0.7433,209602,0
2014-08-22,0.7342,0.7342,0.7342,0.7342,55159,0
2014-08-25,0.7433,0.7433,0.7342,0.7433,48539,0
2014-08-26,0.7524,0.7705,0.7524,0.7524,315507,0
2014-08-27,0.7524,0.7524,0.7433,0.7524,127968,0
2014-08-28,0.7433,0.7524,0.7252,0.7524,97079,0
2014-08-29,0.7524,0.7524,0.7342,0.7342,311094,0
2014-09-01,0.7342,0.7433,0.7252,0.7433,273587,0
2014-09-02,0.7252,0.7433,0.7252,0.7342,174302,0
2014-09-03,0.7342,0.7342,0.7342,0.7342,24271,0
2014-09-04,0.7342,0.7795,0.7342,0.7524,216221,0
2014-09-05,0.7342,0.7705,0.7342,0.7705,275794,0
2014-09-08,0.7524,0.7615,0.7524,0.7615,390523,0
2014-09-10,0.7524,0.7615,0.7524,0.7524,176507,0
2014-09-11,0.7524,0.7524,0.7524,0.7524,163270,0
2014-09-12,0.7433,0.7433,0.7433,0.7433,17650,0
2014-09-15,0.7433,0.7433,0.7252,0.7342,169889,0
2014-09-16,0.7252,0.7342,0.7252,0.7342,37508,0
2014-09-17,0.7342,0.7886,0.7342,0.7795,1017124,0
2014-09-18,0.7433,0.7795,0.7433,0.7795,1641520,0
2014-09-19,0.7615,0.7977,0.7615,0.7977,849442,0
2014-09-22,0.7977,0.7977,0.7795,0.7795,4413,0
2014-09-23,0.7615,0.7795,0.7615,0.7795,619982,0
2014-09-24,0.7795,0.8158,0.7795,0.8068,553792,0
2014-09-25,0.8158,0.8158,0.7977,0.7977,187539,0
2014-09-26,0.7705,0.8158,0.7705,0.7977,626602,0
2014-09-29,0.7705,0.7795,0.7524,0.7705,214107,0
2014-09-30,0.7705,0.7977,0.7705,0.7977,110318,0
2014-10-03,0.7795,0.7977,0.7795,0.7886,1312773,0
2014-10-06,0.7615,0.7886,0.7615,0.7886,750156,0
2014-10-07,0.7615,0.7705,0.7615,0.7705,778840,0
2014-10-08,0.7615,0.7615,0.698,0.7615,1526789,0
2014-10-09,0.7615,0.7615,0.7615,0.7615,55159,0
2014-10-10,0.7615,0.7615,0.7433,0.7433,143413,0
2014-10-13,0.7252,0.7524,0.7252,0.7524,381697,0
2014-10-14,0.7433,0.7615,0.7433,0.7615,2217374,0
2014-10-15,0.7433,0.7433,0.7433,0.7433,22064,0
2014-10-16,0.7433,0.7433,0.7433,0.7433,330952,0
2014-10-17,0.7342,0.7433,0.7342,0.7342,886950,0
2014-10-20,0.7433,0.7433,0.7433,0.7433,101492,0
2014-10-21,0.7433,0.7433,0.7433,0.7433,154445,0
2014-10-22,0.7433,0.7433,0.7433,0.7433,328744,0
2014-10-23,0.7433,0.7433,0.7433,0.7433,52953,0
2014-10-24,0.7433,0.7433,0.7433,0.7433,57365,0
2014-10-27,0.7252,0.7342,0.7252,0.7342,5943887,0
2014-10-28,0.7342,0.7433,0.7342,0.7342,1453980,0
2014-10-29,0.7342,0.7342,0.7252,0.7342,191952,0
2014-10-30,0.7252,0.7342,0.7252,0.7342,262555,0
2014-10-31,0.7342,0.7342,0.7342,0.7342,138999,0
2014-11-03,0.7342,0.7524,0.7252,0.7524,1630488,0
2014-11-04,0.7433,0.7977,0.7433,0.7524,608950,0
2014-11-05,0.7433,0.7524,0.7433,0.7433,17650,0
2014-11-06,0.7433,0.7524,0.7433,0.7433,531728,0
2014-11-07,0.7342,0.7342,0.7342,0.7342,302269,0
2014-11-10,0.7342,0.7524,0.7342,0.7433,337570,0
2014-11-11,0.7252,0.7433,0.7252,0.7342,357427,0
2014-11-12,0.7252,0.7433,0.7252,0.7433,174302,0
2014-11-13,0.7342,0.7342,0.7252,0.7252,403760,0
2014-11-14,0.7252,0.7342,0.7252,0.7342,77221,0
2014-11-17,0.7433,0.7433,0.7252,0.7342,1429710,0
2014-11-18,0.7252,0.7342,0.7252,0.7342,3152863,0
2014-11-19,0.7342,0.7524,0.7252,0.7524,172095,0
2014-11-20,0.7342,0.7433,0.7342,0.7433,388316,0
2014-11-21,0.7433,0.7705,0.7433,0.7705,408173,0
2014-11-24,0.7705,0.7977,0.7524,0.7795,578061,0
2014-11-25,0.7705,0.8158,0.7705,0.7795,337570,0
2014-11-26,0.8068,0.8068,0.7795,0.7795,275794,0
2014-11-27,0.7705,0.7886,0.7705,0.7705,355221,0
2014-11-28,0.7615,0.7705,0.7524,0.7615,247110,0
2014-12-01,0.7342,0.7433,0.7252,0.7433,388316,0
2014-12-02,0.7433,0.7524,0.7342,0.7433,79428,0
2014-12-03,0.7524,0.7524,0.7433,0.7433,178713,0
2014-12-04,0.7252,0.7433,0.7252,0.7342,405968,0
2014-12-05,0.7342,0.7342,0.6527,0.698,1259822,0
2014-12-08,0.707,0.707,0.707,0.707,79428,0
2014-12-09,0.707,0.707,0.707,0.707,147825,0
2014-12-10,0.707,0.707,0.707,0.707,6618,0
2014-12-11,0.707,0.7161,0.707,0.707,59571,0
2014-12-12,0.707,0.707,0.707,0.707,15444,0
2014-12-15,0.707,0.707,0.707,0.707,33095,0
2014-12-16,0.698,0.8158,0.698,0.7252,355221,0
2014-12-17,0.7252,0.7252,0.7252,0.7252,297856,0
2014-12-18,0.7252,0.7252,0.707,0.707,119142,0
2014-12-19,0.707,0.7252,0.707,0.707,79428,0
2014-12-22,0.707,0.707,0.707,0.707,50745,0
2014-12-23,0.707,0.707,0.698,0.707,308888,0
2014-12-24,0.698,0.7252,0.698,0.698,134587,0
2014-12-29,0.698,0.698,0.698,0.698,22064,0
2014-12-30,0.698,0.698,0.698,0.698,0,0
2014-12-31,0.698,0.7252,0.698,0.7252,35301,0
2015-01-02,0.7252,0.7342,0.7252,0.7342,79428,0
2015-01-05,0.7252,0.7524,0.7252,0.7433,353015,0
2015-01-06,0.7433,0.7433,0.7342,0.7342,211809,0
2015-01-07,0.7433,0.7524,0.7433,0.7433,672935,0
2015-01-08,0.7433,0.7524,0.7433,0.7433,180920,0
2015-01-09,0.7433,0.7433,0.7252,0.7252,386110,0
2015-01-12,0.7252,0.7252,0.7252,0.7252,180920,0
2015-01-13,0.7252,0.7252,0.7252,0.7252,185334,0
2015-01-14,0.7252,0.7252,0.7252,0.7252,108110,0
2015-01-15,0.7252,0.7252,0.7161,0.7252,161063,0
2015-01-16,0.7252,0.7252,0.7252,0.7252,46333,0
2015-01-19,0.7161,0.7252,0.7161,0.7252,141206,0
2015-01-20,0.7161,0.7161,0.7161,0.7161,17650,0
2015-01-21,0.7252,0.7252,0.7252,0.7252,99286,0
2015-01-22,0.7161,0.7161,0.7161,0.7161,22064,0
2015-01-23,0.7252,0.7252,0.7161,0.7161,428030,0
2015-01-26,0.7161,0.7161,0.7161,0.7161,0,0
2015-01-27,0.707,0.7161,0.707,0.7161,77221,0
2015-01-28,0.7161,0.7161,0.707,0.707,167681,0
2015-01-29,0.707,0.707,0.707,0.707,0,0
2015-01-30,0.707,0.707,0.707,0.707,35301,0
2015-02-02,0.707,0.7161,0.6799,0.707,125763,0
2015-02-03,0.6889,0.6889,0.6889,0.6889,61778,0
2015-02-04,0.698,0.707,0.6889,0.698,185334,0
2015-02-05,0.698,0.698,0.6889,0.698,121349,0
2015-02-06,0.698,0.698,0.698,0.698,0,0
2015-02-09,0.698,0.698,0.698,0.698,0,0
2015-02-10,0.6889,0.6889,0.6889,0.6889,317713,0
2015-02-11,0.6799,0.6889,0.6799,0.6889,8826,0
2015-02-12,0.6889,0.707,0.6889,0.6889,77221,0
2015-02-13,0.6889,0.6889,0.6799,0.6799,30889,0
2015-02-16,0.6889,0.6889,0.6889,0.6889,30889,0
2015-02-17,0.6345,0.6708,0.6345,0.6708,26476,0
2015-02-18,0.7252,0.7252,0.7252,0.7252,2206,0
2015-02-23,0.7161,0.7161,0.6889,0.6889,123555,0
2015-02-24,0.7161,0.7161,0.6889,0.6889,247110,0
2015-02-25,0.698,0.698,0.698,0.698,39714,0
2015-02-26,0.698,0.698,0.6708,0.698,15444,0
2015-02-27,0.6708,0.6889,0.6708,0.6889,15444,0
2015-03-02,0.6889,0.6889,0.6799,0.6889,75016,0
2015-03-03,0.6889,0.6889,0.6708,0.6889,33095,0
2015-03-04,0.6799,0.6889,0.6799,0.6889,6618,0
2015-03-05,0.6799,0.6799,0.6799,0.6799,6618,0
2015-03-06,0.6799,0.698,0.6708,0.6799,92666,0
2015-03-09,0.6708,0.6708,0.6345,0.6617,35301,0
2015-03-10,0.6708,0.6708,0.6617,0.6708,99286,0
2015-03-11,0.6617,0.6617,0.6617,0.6617,4413,0
2015-03-12,0.6708,0.6708,0.6708,0.6708,8826,0
2015-03-13,0.6708,0.6708,0.6708,0.6708,0,0
2015-03-16,0.6527,0.6617,0.6527,0.6617,37508,0
2015-03-17,0.6617,0.6889,0.6527,0.6889,152237,0
2015-03-18,0.6889,0.6889,0.6617,0.6708,183126,0
2015-03-19,0.6708,0.6708,0.6617,0.6708,390523,0
2015-03-20,0.6708,0.6708,0.6617,0.6708,512088,0
2015-03-23,0.6708,0.6708,0.6527,0.6708,361841,0
2015-03-24,0.6617,0.6617,0.6617,0.6617,154445,0
2015-03-25,0.6617,0.6708,0.6617,0.6708,811934,0
2015-03-26,0.6708,0.6889,0.6708,0.6889,114730,0
2015-03-27,0.6889,0.6889,0.6889,0.6889,108110,0
2015-03-30,0.6708,0.6708,0.6345,0.6708,1562091,0
2015-03-31,0.6527,0.6889,0.6527,0.6708,447887,0
2015-04-01,0.6708,0.6799,0.6617,0.6617,156650,0
2015-04-02,0.6617,0.6889,0.6617,0.6889,253729,0
2015-04-08,0.7342,0.7342,0.698,0.7161,1175981,0
2015-04-09,0.7524,0.7524,0.707,0.7161,2007772,0
2015-04-10,0.707,0.7161,0.6799,0.7161,1588567,0
2015-04-13,0.7161,0.8158,0.7161,0.7886,3481609,0
2015-04-14,0.7886,0.7886,0.7615,0.7615,1341457,0
2015-04-15,0.7615,0.7705,0.7524,0.7705,319920,0
2015-04-16,0.7615,0.7615,0.7433,0.7615,920045,0
2015-04-17,0.7705,0.7705,0.7524,0.7524,578061,0
2015-04-20,0.7615,0.7615,0.7342,0.7342,966379,0
2015-04-21,0.7615,0.7615,0.7342,0.7524,498633,0
2015-04-22,0.7615,0.7705,0.7524,0.7615,403760,0
2015-04-23,0.7615,0.7615,0.7433,0.7433,560411,0
2015-04-24,0.7433,0.7615,0.7433,0.7524,580267,0
2015-04-27,0.7524,0.7615,0.7524,0.7615,1242171,0
2015-04-28,0.7615,0.7705,0.7524,0.7705,333158,0
2015-04-29,0.7524,0.7977,0.7524,0.7977,1681233,0
2015-04-30,0.8068,1.0153,0.8068,0.9789,11479604,0
2015-05-04,0.9609,0.9699,0.8702,0.9336,7900913,0
2015-05-05,0.9336,1.0424,0.9246,0.9336,3794909,0
2015-05-06,0.9336,0.9609,0.8975,0.9065,1621662,0
2015-05-07,0.8975,0.8975,0.8521,0.8611,1687852,0
2015-05-08,0.8702,0.9156,0.8702,0.8975,710442,0
2015-05-11,0.9336,0.9518,0.9156,0.9336,1676820,0
2015-05-12,0.9156,0.9246,0.9065,0.9156,833998,0
2015-05-13,0.9065,0.9246,0.8883,0.8975,631014,0
2015-05-14,0.8883,0.9065,0.8883,0.8883,317713,0
2015-05-15,0.8975,0.9156,0.8975,0.9065,655284,0
2015-05-18,0.9246,0.9246,0.8883,0.9065,500840,0
2015-05-19,0.8975,0.8975,0.8702,0.8883,469951,0
2015-05-20,0.9065,0.9065,0.8611,0.8883,366253,0
2015-05-21,0.9156,0.9156,0.8883,0.8883,138999,0
2015-05-22,0.9065,0.9156,0.8793,0.8975,650871,0
2015-05-26,0.9246,0.9246,0.8793,0.8883,728094,0
2015-05-27,0.8883,0.9065,0.8793,0.8883,776633,0
2015-05-28,0.8975,0.8975,0.8521,0.8611,1405441,0
2015-05-29,0.8702,0.8702,0.834,0.8521,666315,0
2015-06-01,0.8702,0.8975,0.8702,0.8793,714856,0
2015-06-02,0.9065,0.9065,0.8611,0.8883,353015,0
2015-06-03,0.8975,0.8975,0.8702,0.8793,507460,0
2015-06-04,0.8883,0.8883,0.8702,0.8883,752363,0
2015-06-05,0.8975,0.9065,0.8702,0.8793,770013,0
2015-06-08,0.8883,0.8883,0.8611,0.8793,244905,0
2015-06-09,0.9065,0.9065,0.7795,0.8249,1612837,0
2015-06-10,0.8702,0.8702,0.8158,0.834,646459,0
2015-06-11,0.834,0.843,0.7977,0.8249,1014918,0
2015-06-12,0.8611,0.8611,0.8158,0.834,110318,0
2015-06-15,0.834,0.8521,0.8158,0.834,597920,0
2015-06-16,0.8249,0.834,0.8158,0.8158,492014,0
2015-06-17,0.843,0.8521,0.8158,0.8249,319920,0
2015-06-18,0.843,0.843,0.834,0.834,66190,0
2015-06-19,0.834,0.843,0.8068,0.8068,172095,0
2015-06-22,0.834,0.834,0.8068,0.8158,114730,0
2015-06-23,0.834,0.834,0.8249,0.8249,22064,0
2015-06-24,0.8249,0.8249,0.8158,0.8158,187539,0
2015-06-25,0.8158,0.8158,0.7977,0.8068,202984,0
2015-06-26,0.7977,0.8158,0.7977,0.7977,558204,0
2015-06-29,0.8068,0.8158,0.7795,0.7977,1484868,0
2015-06-30,0.7977,0.8158,0.7977,0.8158,297856,0
2015-07-02,0.8068,0.8158,0.8068,0.8068,322126,0
2015-07-03,0.8158,0.8793,0.7886,0.7977,3031514,0
2015-07-06,0.8158,0.8158,0.7433,0.7615,2760135,0
2015-07-07,0.7615,0.7615,0.7342,0.7433,1716535,0
2015-07-08,0.7252,0.7252,0.6617,0.6708,2603484,0
2015-07-09,0.6708,0.7433,0.6708,0.7252,856061,0
2015-07-10,0.6889,0.7433,0.6889,0.7342,613364,0
2015-07-13,0.7161,0.7433,0.7161,0.7342,542760,0
2015-07-14,0.7342,0.7342,0.7252,0.7252,375079,0
2015-07-15,0.7161,0.7252,0.698,0.707,86047,0
2015-07-16,0.7342,0.7342,0.7161,0.7252,200778,0
2015-07-17,0.7342,0.7433,0.6799,0.7433,511872,0
2015-07-20,0.7342,0.7342,0.7161,0.7252,19857,0
2015-07-21,0.7252,0.7342,0.7161,0.7252,255936,0
2015-07-22,0.7252,0.7252,0.7252,0.7252,0,0
2015-07-23,0.7252,0.7252,0.7161,0.7161,112524,0
2015-07-24,0.7161,0.7524,0.7161,0.7433,1019330,0
2015-07-27,0.7342,0.7342,0.707,0.707,1149505,0
2015-07-28,0.707,0.7252,0.6889,0.6889,236079,0
2015-07-29,0.707,0.707,0.707,0.707,19857,0
2015-07-30,0.7161,0.7252,0.707,0.707,291237,0
2015-07-31,0.707,0.707,0.707,0.707,35301,0
2015-08-03,0.707,0.707,0.6889,0.707,70603,0
2015-08-04,0.707,0.707,0.707,0.707,0,0
2015-08-05,0.7252,0.7252,0.7252,0.7252,11032,0
2015-08-06,0.7252,0.7252,0.6889,0.698,52953,0
2015-08-07,0.698,0.698,0.6708,0.698,22064,0
2015-08-10,0.698,0.707,0.698,0.707,141206,0
2015-08-11,0.707,0.707,0.707,0.707,152237,0
2015-08-12,0.6799,0.698,0.6708,0.6708,134587,0
2015-08-13,0.6345,0.698,0.6345,0.6436,2417049,0
2015-08-14,0.6799,0.6799,0.6345,0.6617,346397,0
2015-08-17,0.6617,0.6617,0.6436,0.6436,138999,0
2015-08-18,0.6708,0.6708,0.6074,0.6164,286825,0
2015-08-19,0.6164,0.6164,0.6074,0.6164,116936,0
2015-08-20,0.6164,0.6164,0.6074,0.6074,41921,0
2015-08-21,0.5983,0.6164,0.5983,0.6074,260349,0
2015-08-24,0.5892,0.5892,0.5439,0.553,1396615,0
2015-08-25,0.5439,0.5621,0.5348,0.5439,225047,0
2015-08-26,0.5439,0.5892,0.5348,0.5621,297856,0
2015-08-27,0.5621,0.5621,0.5621,0.5621,0,0
2015-08-28,0.5711,0.5711,0.5621,0.5621,251523,0
2015-08-31,0.5983,0.5983,0.5801,0.5983,220634,0
2015-09-01,0.5983,0.5983,0.5983,0.5983,0,0
2015-09-02,0.5801,0.5801,0.5621,0.5621,123555,0
2015-09-04,0.5711,0.5711,0.5711,0.5711,0,0
2015-09-07,0.5439,0.6254,0.5439,0.6074,238285,0
2015-09-08,0.5892,0.5892,0.5892,0.5892,24271,0
2015-09-09,0.5892,0.5892,0.553,0.5801,19857,0
2015-09-10,0.553,0.5711,0.553,0.553,648664,0
2015-09-11,0.553,0.553,0.553,0.553,0,0
2015-09-14,0.5621,0.5621,0.5621,0.5621,0,0
2015-09-15,0.5892,0.6164,0.5621,0.5892,30889,0
2015-09-16,0.6164,0.6254,0.5711,0.5711,30889,0
2015-09-17,0.5711,0.5801,0.5711,0.5801,6618,0
2015-09-18,0.5801,0.5801,0.5801,0.5801,15444,0
2015-09-21,0.5801,0.5801,0.5801,0.5801,0,0
2015-09-22,0.5801,0.5801,0.5801,0.5801,11032,0
2015-09-23,0.5801,0.5801,0.5348,0.553,30889,0
2015-09-24,0.5621,0.5621,0.5621,0.5621,0,0
2015-09-25,0.5621,0.5892,0.553,0.5892,24271,0
2015-09-29,0.5892,0.6164,0.5801,0.6164,284618,0
2015-09-30,0.6254,0.6527,0.6164,0.6436,2001153,0
2015-10-02,0.6436,0.6436,0.6345,0.6345,187539,0
2015-10-05,0.6345,0.6527,0.6345,0.6436,59571,0
2015-10-06,0.6436,0.6436,0.6436,0.6436,0,0
2015-10-07,0.6617,0.7342,0.6436,0.6527,3651497,0
2015-10-08,0.6527,0.6527,0.6436,0.6436,83842,0
2015-10-09,0.6345,0.6345,0.6345,0.6345,15444,0
2015-10-12,0.6254,0.6254,0.6254,0.6254,66190,0
2015-10-13,0.6164,0.6345,0.6164,0.6345,72810,0
2015-10-14,0.6345,0.6345,0.6345,0.6345,22064,0
2015-10-15,0.6345,0.6436,0.6345,0.6345,191952,0
2015-10-16,0.6345,0.6345,0.6345,0.6345,0,0
2015-10-19,0.6345,0.6345,0.6345,0.6345,4413,0
2015-10-20,0.6345,0.6345,0.6345,0.6345,110318,0
2015-10-22,0.6345,0.6345,0.6345,0.6345,50745,0
2015-10-23,0.6254,0.6254,0.6254,0.6254,4413,0
2015-10-26,0.6254,0.6254,0.6254,0.6254,0,0
2015-10-27,0.6254,0.6254,0.6254,0.6254,0,0
2015-10-28,0.6254,0.6254,0.6254,0.6254,0,0
2015-10-29,0.6254,0.6254,0.6254,0.6254,0,0
2015-10-30,0.6799,0.7615,0.6164,0.6164,191952,0
2015-11-02,0.6254,0.6254,0.6254,0.6254,22064,0
2015-11-03,0.6799,0.6799,0.6436,0.6436,30889,0
2015-11-04,0.6708,0.6708,0.6527,0.6527,178713,0
2015-11-05,0.6708,0.6708,0.6708,0.6708,143413,0
2015-11-06,0.6527,0.6617,0.6527,0.6617,26476,0
2015-11-09,0.6617,0.6617,0.6617,0.6617,11032,0
2015-11-10,0.6617,0.6617,0.6617,0.6617,88253,0
2015-11-11,0.6527,0.6527,0.6527,0.6527,35301,0
2015-11-12,0.6527,0.6527,0.6527,0.6527,0,0
2015-11-13,0.6436,0.6436,0.6436,0.6436,0,0
2015-11-16,0.6345,0.6345,0.6345,0.6345,4413,0
2015-11-17,0.6799,0.6799,0.6617,0.6799,306681,0
2015-11-18,0.6799,0.6799,0.6617,0.6617,2727040,0
2015-11-19,0.6799,0.6799,0.6708,0.6799,1334837,0
2015-11-20,0.6799,0.6799,0.6799,0.6799,0,0
2015-11-23,0.6799,0.6799,0.6799,0.6799,0,0
2015-11-24,0.6799,0.6889,0.6799,0.6889,22064,0
2015-11-25,0.6799,0.6799,0.6799,0.6799,0,0
2015-11-26,0.6345,0.6345,0.6164,0.6345,4413,0
2015-11-27,0.6436,0.6436,0.6345,0.6345,48539,0
2015-11-30,0.6345,0.6345,0.6345,0.6345,0,0
2015-12-01,0.6345,0.6345,0.6345,0.6345,0,0
2015-12-02,0.6527,0.6617,0.6436,0.6436,456713,0
2015-12-03,0.6436,0.6436,0.6436,0.6436,0,0
2015-12-04,0.6345,0.6345,0.6345,0.6345,99286,0
2015-12-07,0.6345,0.6345,0.6345,0.6345,0,0
2015-12-08,0.6345,0.6345,0.6345,0.6345,11032,0
2015-12-09,0.6345,0.6345,0.6345,0.6345,15810653,0
2015-12-10,0.6436,0.6436,0.6436,0.6436,0,0
2015-12-11,0.6345,0.6345,0.6345,0.6345,90460,0
2015-12-14,0.6436,0.6436,0.6345,0.6345,81635,0
2015-12-15,0.6527,0.6527,0.6436,0.6436,6457964,0
2015-12-16,0.5892,0.6074,0.5801,0.6074,842822,0
2015-12-17,0.5892,0.6254,0.5892,0.6254,88253,0
2015-12-18,0.5983,0.6164,0.5983,0.6164,13238,0
2015-12-21,0.6254,0.6254,0.6254,0.6254,92666,0
2015-12-22,0.6254,0.6254,0.6254,0.6254,0,0
2015-12-23,0.6164,0.6799,0.6164,0.6345,425825,0
2015-12-24,0.6345,0.6345,0.6345,0.6345,0,0
2015-12-28,0.6345,0.6345,0.6345,0.6345,0,0
2015-12-29,0.6254,0.6254,0.6164,0.6254,50745,0
2015-12-30,0.6889,0.6889,0.6254,0.6254,26476,0
2015-12-31,0.6254,0.6254,0.6254,0.6254,0,0
2016-01-04,0.6254,0.6254,0.6254,0.6254,66190,0
2016-01-05,0.6254,0.6345,0.6254,0.6345,15444,0
2016-01-06,0.6254,0.6345,0.6254,0.6345,154445,0
2016-01-07,0.6345,0.6345,0.6345,0.6345,0,0
2016-01-08,0.6254,0.6345,0.6164,0.6164,335365,0
2016-01-11,0.5983,0.6345,0.5892,0.6345,176507,0
2016-01-12,0.5983,0.5983,0.5439,0.5892,130174,0
2016-01-13,0.5892,0.5892,0.5892,0.5892,101492,0
2016-01-14,0.5892,0.5983,0.5892,0.5983,44127,0
2016-01-15,0.5892,0.6164,0.5892,0.5892,112524,0
2016-01-18,0.5892,0.5892,0.5892,0.5892,0,0
2016-01-19,0.6254,0.6254,0.5892,0.6164,187539,0
2016-01-20,0.5801,0.5801,0.5801,0.5801,39714,0
2016-01-21,0.5892,0.5892,0.5711,0.5711,37508,0
2016-01-22,0.5439,0.5621,0.5439,0.5621,61778,0
2016-01-25,0.5621,0.5621,0.5621,0.5621,0,0
2016-01-26,0.5621,0.5621,0.5621,0.5621,0,0
2016-01-27,0.5621,0.5621,0.5621,0.5621,0,0
2016-01-28,0.5621,0.5621,0.5621,0.5621,0,0
2016-01-29,0.5621,0.5621,0.5621,0.5621,0,0
2016-02-01,0.5439,0.5439,0.47133,0.5166,22064,0
2016-02-02,0.5439,0.5439,0.5258,0.5258,11032,0
2016-02-03,0.5439,0.6074,0.5439,0.5983,154445,0
2016-02-04,0.6708,0.6708,0.6345,0.6345,11032,0
2016-02-05,0.5439,0.6254,0.5258,0.5983,28682,0
2016-02-11,0.5983,0.5983,0.5983,0.5983,0,0
2016-02-12,0.5983,0.5983,0.5983,0.5983,0,0
2016-02-15,0.5983,0.5983,0.5439,0.5439,6618,0
2016-02-16,0.5983,0.5983,0.5892,0.5983,17650,0
2016-02-17,0.5892,0.5983,0.5892,0.5892,26476,0
2016-02-18,0.5892,0.5892,0.5892,0.5892,2206,0
2016-02-19,0.5801,0.5801,0.5801,0.5801,44127,0
2016-02-22,0.5621,0.5621,0.5621,0.5621,68397,0
2016-02-23,0.5621,0.5621,0.5621,0.5621,0,0
2016-02-24,0.5621,0.5621,0.5621,0.5621,4413,0
2016-02-25,0.5621,0.5621,0.5621,0.5621,0,0
2016-02-26,0.5621,0.5621,0.5621,0.5621,0,0
2016-02-29,0.5258,0.5258,0.49862,0.5166,79428,0
2016-03-01,0.5348,0.5801,0.5166,0.5166,26476,0
2016-03-02,0.5258,0.5258,0.5258,0.5258,0,0
2016-03-03,0.5621,0.5621,0.553,0.5621,2206,0
2016-03-04,0.5621,0.5621,0.5621,0.5621,68397,0
2016-03-07,0.5621,0.5621,0.5621,0.5621,0,0
2016-03-08,0.5621,0.5621,0.5621,0.5621,0,0
2016-03-09,0.6345,0.6436,0.5621,0.6345,114730,0
2016-03-10,0.5711,0.5711,0.5711,0.5711,0,0
2016-03-11,0.5711,0.5711,0.5711,0.5711,0,0
2016-03-14,0.5711,0.5711,0.5711,0.5711,28682,0
2016-03-15,0.553,0.5621,0.553,0.5621,2206,0
2016-03-16,0.5621,0.5621,0.5621,0.5621,17650,0
2016-03-17,0.5439,0.5439,0.5439,0.5439,24271,0
2016-03-18,0.5348,0.5348,0.5258,0.5258,489807,0
2016-03-21,0.5801,0.5892,0.5801,0.5892,319920,0
2016-03-22,0.553,0.5621,0.553,0.553,94873,0
2016-03-23,0.5621,0.5621,0.5621,0.5621,4413,0
2016-03-24,0.5621,0.5621,0.5621,0.5621,19857,0
2016-03-29,0.5621,0.5621,0.5621,0.5621,57365,0
2016-03-30,0.5801,0.5892,0.5711,0.5801,353015,0
2016-03-31,0.6074,0.6074,0.5801,0.5801,116936,0
2016-04-01,0.5801,0.5801,0.5801,0.5801,66190,0
2016-04-05,0.5711,0.5711,0.553,0.5621,388316,0
2016-04-06,0.5621,0.5621,0.5621,0.5621,13238,0
2016-04-07,0.5711,0.5711,0.5711,0.5711,55159,0
2016-04-08,0.5711,0.5711,0.5711,0.5711,311094,0
2016-04-11,0.5892,0.5892,0.5621,0.5621,743538,0
2016-04-12,0.5621,0.5801,0.5621,0.5801,127968,0
2016-04-13,0.5711,0.6074,0.5711,0.6074,61778,0
2016-04-14,0.6074,0.6074,0.6074,0.6074,0,0
2016-04-15,0.5892,0.5983,0.5892,0.5983,11032,0
2016-04-18,0.5983,0.5983,0.5983,0.5983,0,0
2016-04-19,0.5892,0.5892,0.5892,0.5892,77221,0
2016-04-20,0.5983,0.5983,0.5621,0.5892,238285,0
2016-04-21,0.5801,0.5801,0.5801,0.5801,0,0
2016-04-22,0.5621,0.6074,0.5621,0.6074,52953,0
2016-04-25,0.5892,0.5892,0.5892,0.5892,0,0
2016-04-26,0.5892,0.6164,0.5892,0.5983,306681,0
2016-04-27,0.5892,0.5892,0.5621,0.5801,238285,0
2016-04-28,0.5801,0.5801,0.5801,0.5801,0,0
2016-04-29,0.5983,0.5983,0.5711,0.5983,114730,0
2016-05-03,0.5983,0.5983,0.5983,0.5983,0,0
2016-05-04,0.5711,0.5801,0.5621,0.5801,79428,0
2016-05-05,0.5801,0.5801,0.5801,0.5801,28682,0
2016-05-06,0.5711,0.5983,0.553,0.553,286825,0
2016-05-09,0.553,0.553,0.553,0.553,55159,0
2016-05-10,0.553,0.553,0.5439,0.553,86047,0
2016-05-11,0.5439,0.5439,0.5439,0.5439,99286,0
2016-05-12,0.5439,0.5439,0.5439,0.5439,0,0
2016-05-13,0.5439,0.5439,0.5439,0.5439,0,0
2016-05-16,0.5801,0.5892,0.5801,0.5801,165476,0
2016-05-17,0.5892,0.6074,0.5892,0.5892,198571,0
2016-05-18,0.6164,0.6164,0.6074,0.6074,66190,0
2016-05-19,0.6074,0.6164,0.6074,0.6164,110318,0
2016-05-20,0.6164,0.6164,0.6164,0.6164,0,0
2016-05-23,0.6074,0.6074,0.6074,0.6074,0,0
2016-05-24,0.5801,0.6074,0.5621,0.5801,207396,0
2016-05-25,0.5711,0.5711,0.5711,0.5711,28682,0
2016-05-26,0.5621,0.5621,0.5621,0.5621,4413,0
2016-05-27,0.5621,0.5621,0.5621,0.5621,0,0
2016-05-30,0.5621,0.5621,0.5621,0.5621,4413,0
2016-05-31,0.5621,0.5621,0.5621,0.5621,11032,0
2016-06-01,0.5711,0.5711,0.5711,0.5711,0,0
2016-06-02,0.5711,0.5711,0.5711,0.5711,0,0
2016-06-03,0.5711,0.5711,0.5711,0.5711,11032,0
2016-06-06,0.5711,0.5711,0.5711,0.5711,0,0
2016-06-07,0.5711,0.5711,0.5621,0.5621,97079,0
2016-06-08,0.5711,0.6074,0.5711,0.6074,119142,0
2016-06-10,0.5892,0.5892,0.5892,0.5892,0,0
2016-06-13,0.5983,0.5983,0.5711,0.5711,13238,0
2016-06-14,0.5711,0.5801,0.5621,0.5621,57365,0
2016-06-15,0.5892,0.5892,0.5892,0.5892,328744,0
2016-06-16,0.5621,0.5801,0.5621,0.5621,286825,0
2016-06-17,0.5621,0.5621,0.5621,0.5621,0,0
2016-06-20,0.5621,0.5621,0.5621,0.5621,0,0
2016-06-21,0.553,0.553,0.553,0.553,22064,0
2016-06-22,0.553,0.553,0.553,0.553,0,0
2016-06-23,0.553,0.553,0.553,0.553,0,0
2016-06-24,0.553,0.553,0.553,0.553,0,0
2016-06-27,0.5439,0.553,0.5439,0.553,39714,0
2016-06-28,0.553,0.553,0.553,0.553,0,0
2016-06-29,0.5439,0.5439,0.5258,0.5439,72810,0
2016-06-30,0.5439,0.5439,0.5439,0.5439,0,0
2016-07-04,0.5439,0.5621,0.5439,0.5439,273587,0
2016-07-05,0.5348,0.5439,0.5348,0.5439,121349,0
2016-07-06,0.5439,0.5439,0.5439,0.5439,121349,0
2016-07-07,0.5439,0.5439,0.5439,0.5439,0,0
2016-07-08,0.5439,0.5439,0.5439,0.5439,0,0
2016-07-11,0.5439,0.5439,0.5439,0.5439,83842,0
2016-07-12,0.5439,0.5439,0.5439,0.5439,1778312,0
2016-07-13,0.5439,0.5439,0.5348,0.5348,79428,0
2016-07-14,0.5348,0.5348,0.5348,0.5348,0,0
2016-07-15,0.5348,0.5348,0.5348,0.5348,0,0
2016-07-18,0.5348,0.5348,0.5348,0.5348,253729,0
2016-07-19,0.5439,0.5439,0.5439,0.5439,553792,0
2016-07-20,0.5439,0.5439,0.5439,0.5439,386110,0
2016-07-21,0.5439,0.5439,0.5439,0.5439,308888,0
2016-07-22,0.5439,0.5439,0.5439,0.5439,1268647,0
2016-07-25,0.5348,0.5348,0.5348,0.5348,225047,0
2016-07-26,0.5348,0.5348,0.5348,0.5348,77221,0
2016-07-27,0.5348,0.5348,0.5348,0.5348,0,0
2016-07-28,0.5348,0.5348,0.5348,0.5348,0,0
2016-07-29,0.5258,0.5258,0.5258,0.5258,4413,0
2016-08-01,0.5439,0.5439,0.5258,0.5258,41921,0
2016-08-03,0.5258,0.5348,0.5258,0.5258,258142,0
2016-08-04,0.5439,0.5439,0.5439,0.5439,8826,0
2016-08-05,0.5348,0.5348,0.5166,0.5348,50745,0
2016-08-08,0.5258,0.5439,0.5258,0.5258,70603,0
2016-08-09,0.5258,0.5348,0.5258,0.5348,130174,0
2016-08-10,0.5439,0.5439,0.5439,0.5439,125763,0
2016-08-11,0.5439,0.5439,0.5439,0.5439,2206,0
2016-08-12,0.5439,0.553,0.5348,0.5439,77221,0
2016-08-15,0.5439,0.5439,0.5439,0.5439,17650,0
2016-08-16,0.5439,0.5621,0.5348,0.5621,372872,0
2016-08-17,0.5621,0.5711,0.5621,0.5711,101492,0
2016-08-18,0.5711,0.5711,0.5711,0.5711,0,0
2016-08-19,0.5801,0.5801,0.5801,0.5801,6618,0
2016-08-22,0.5801,0.5801,0.5801,0.5801,0,0
2016-08-23,0.553,0.5711,0.5439,0.5621,357427,0
2016-08-24,0.5801,0.5801,0.5711,0.5711,2206,0
2016-08-25,0.5711,0.5711,0.553,0.553,134587,0
2016-08-26,0.553,0.5711,0.553,0.5621,578061,0
2016-08-29,0.5621,0.5621,0.553,0.5621,119142,0
2016-08-30,0.553,0.5711,0.553,0.5711,103698,0
2016-08-31,0.5711,0.5711,0.5711,0.5711,441268,0
2016-09-01,0.5711,0.5711,0.5711,0.5711,35301,0
2016-09-02,0.5801,0.5801,0.5711,0.5801,216221,0
2016-09-05,0.5801,0.5892,0.5711,0.5711,555999,0
2016-09-06,0.5801,0.5801,0.5711,0.5711,997267,0
2016-09-07,0.5711,0.5711,0.5711,0.5711,216221,0
2016-09-08,0.5621,0.5892,0.5621,0.5711,668521,0
2016-09-09,0.5711,0.5711,0.5439,0.5621,745744,0
2016-09-12,0.5439,0.553,0.5348,0.5439,602332,0
2016-09-13,0.5621,0.5621,0.5439,0.5439,136793,0
2016-09-14,0.553,0.553,0.553,0.553,1332631,0
2016-09-15,0.5439,0.5621,0.5439,0.5621,154445,0
2016-09-19,0.5621,0.5621,0.5621,0.5621,22064,0
2016-09-20,0.5676,0.5676,0.5676,0.5676,107462,0
2016-09-21,0.577,0.577,0.5676,0.577,268653,0
2016-09-22,0.5583,0.577,0.5583,0.577,107462,0
2016-09-23,0.5862,0.5862,0.577,0.5862,107462,0
2016-09-26,0.577,0.577,0.5676,0.5676,137551,0
2016-09-27,0.5676,0.5676,0.5676,0.5676,0,0
2016-09-28,0.5676,0.5676,0.5583,0.5676,169789,0
2016-09-29,0.5676,0.5676,0.5676,0.5676,0,0
2016-09-30,0.5583,0.5583,0.5583,0.5583,438442,0
2016-10-03,0.5583,0.5583,0.5583,0.5583,0,0
2016-10-04,0.5676,0.577,0.5583,0.5583,1242253,0
2016-10-05,0.5676,0.5676,0.5676,0.5676,277250,0
2016-10-06,0.5676,0.5676,0.5583,0.5583,189132,0
2016-10-07,0.5676,0.5676,0.5676,0.5676,438442,0
2016-10-11,0.5583,0.5676,0.5583,0.5583,851094,0
2016-10-12,0.5583,0.5583,0.5583,0.5583,0,0
2016-10-13,0.5583,0.5583,0.5583,0.5583,0,0
2016-10-14,0.5583,0.5583,0.5583,0.5583,0,0
2016-10-17,0.5583,0.5583,0.5583,0.5583,0,0
2016-10-18,0.5397,0.5583,0.5304,0.5583,68775,0
2016-10-19,0.5583,0.5583,0.5397,0.549,386861,0
2016-10-20,0.549,0.549,0.549,0.549,335279,0
2016-10-24,0.5397,0.5397,0.5397,0.5397,4299,0
2016-10-25,0.5397,0.549,0.5397,0.549,601784,0
2016-10-26,0.5397,0.5397,0.5397,0.5397,268653,0
2016-10-27,0.5397,0.5397,0.5397,0.5397,687753,0
2016-10-28,0.5397,0.5397,0.5397,0.5397,176237,0
2016-10-31,0.5304,0.5304,0.5211,0.5304,156893,0
2016-11-01,0.5397,0.549,0.5304,0.5397,999391,0
2016-11-02,0.5397,0.5397,0.5397,0.5397,75223,0
2016-11-03,0.5397,0.5397,0.5397,0.5397,0,0
2016-11-04,0.5304,0.549,0.5304,0.549,118207,0
2016-11-07,0.549,0.549,0.549,0.549,0,0
2016-11-08,0.5397,0.5397,0.5304,0.5397,64477,0
2016-11-09,0.5304,0.5304,0.5211,0.5304,77372,0
2016-11-10,0.549,0.549,0.5304,0.5304,700648,0
2016-11-11,0.5304,0.5397,0.5304,0.5304,1124046,0
2016-11-14,0.5304,0.5304,0.5304,0.5304,0,0
2016-11-15,0.5211,0.5304,0.5211,0.5304,17194,0
2016-11-16,0.5304,0.5304,0.5304,0.5304,98865,0
2016-11-17,0.5211,0.5211,0.5211,0.5211,32238,0
2016-11-18,0.5211,0.5211,0.5211,0.5211,0,0
2016-11-21,0.5211,0.5304,0.5118,0.5118,666260,0
2016-11-22,0.5118,0.5118,0.5118,0.5118,287997,0
2016-11-23,0.5025,0.5211,0.49316,0.5211,96715,0
2016-11-24,0.5118,0.5118,0.5118,0.5118,21493,0
2016-11-25,0.5118,0.5118,0.49316,0.5118,4299,0
2016-11-28,0.5397,0.5397,0.5211,0.5397,60179,0
2016-11-29,0.5397,0.5397,0.5397,0.5397,0,0
2016-11-30,0.5397,0.5397,0.5211,0.5397,311638,0
2016-12-01,0.5397,0.5583,0.5397,0.549,784467,0
2016-12-02,0.5583,0.5583,0.5397,0.5583,322384,0
2016-12-05,0.5583,0.5583,0.5397,0.549,15045,0
2016-12-06,0.549,0.5583,0.549,0.549,870436,0
2016-12-07,0.549,0.549,0.5397,0.549,75223,0
2016-12-08,0.549,0.5583,0.549,0.5583,64477,0
2016-12-09,0.5676,0.5676,0.5583,0.5676,610380,0
2016-12-12,0.5583,0.5583,0.549,0.5583,202027,0
2016-12-13,0.5397,0.5397,0.5397,0.5397,21493,0
2016-12-14,0.5397,0.5397,0.5397,0.5397,2149,0
2016-12-15,0.5397,0.5397,0.5397,0.5397,0,0
2016-12-16,0.5397,0.5397,0.5397,0.5397,0,0
2016-12-19,0.549,0.5583,0.5397,0.5397,1141239,0
2016-12-20,0.5304,0.5304,0.5211,0.5304,120356,0
2016-12-21,0.5304,0.5304,0.5304,0.5304,0,0
2016-12-22,0.5304,0.5304,0.5304,0.5304,0,0
2016-12-23,0.5304,0.5304,0.5304,0.5304,0,0
2016-12-28,0.5025,0.5118,0.47459,0.5025,73073,0
2016-12-29,0.5118,0.5397,0.49316,0.5304,397607,0
2016-12-30,0.5304,0.5304,0.5304,0.5304,0,0
2017-01-03,0.5304,0.5304,0.5211,0.5211,81670,0
2017-01-04,0.5211,0.5211,0.5025,0.5211,146148,0
2017-01-05,0.5304,0.5304,0.5304,0.5304,0,0
2017-01-06,0.5304,0.5304,0.5304,0.5304,0,0
2017-01-09,0.5304,0.5304,0.5304,0.5304,0,0
2017-01-10,0.5304,0.5304,0.5304,0.5304,0,0
2017-01-11,0.5304,0.5304,0.5118,0.5304,208475,0
2017-01-12,0.5304,0.5304,0.5304,0.5304,0,0
2017-01-13,0.5118,0.5397,0.49316,0.5397,118207,0
2017-01-16,0.5211,0.5211,0.48389,0.5211,154745,0
2017-01-17,0.5211,0.5211,0.5211,0.5211,0,0
2017-01-18,0.5025,0.5211,0.5025,0.5211,32238,0
2017-01-19,0.5211,0.5211,0.5211,0.5211,0,0
2017-01-20,0.5025,0.5211,0.5025,0.5211,8597,0
2017-01-23,0.5211,0.5304,0.5211,0.5304,58029,0
2017-01-24,0.5304,0.5304,0.5304,0.5304,4299,0
2017-01-25,0.5211,0.5211,0.5211,0.5211,0,0
2017-01-26,0.5211,0.5211,0.5118,0.5211,2149,0
2017-01-27,0.5211,0.5211,0.5211,0.5211,0,0
2017-02-01,0.5025,0.5304,0.5025,0.5304,154745,0
2017-02-02,0.5211,0.5211,0.5025,0.5211,166260,0
2017-02-03,0.5211,0.5211,0.5211,0.5211,0,0
2017-02-06,0.5304,0.5304,0.5304,0.5304,242863,0
2017-02-07,0.5304,0.5304,0.5304,0.5304,0,0
2017-02-08,0.549,0.549,0.5397,0.549,66627,0
2017-02-09,0.549,0.549,0.549,0.549,0,0
2017-02-10,0.549,0.549,0.549,0.549,0,0
2017-02-13,0.549,0.549,0.549,0.549,10746,0
2017-02-14,0.5397,0.5397,0.5397,0.5397,12896,0
2017-02-15,0.5397,0.549,0.5397,0.5397,876884,0
2017-02-16,0.549,0.549,0.5397,0.5397,234266,0
2017-02-17,0.5397,0.549,0.5397,0.5397,870436,0
2017-02-20,0.5397,0.549,0.5397,0.5397,178386,0
2017-02-21,0.549,0.549,0.5397,0.5397,292294,0
2017-02-22,0.5397,0.577,0.5397,0.5397,975749,0
2017-02-23,0.5397,0.5397,0.5304,0.5397,2888561,0
2017-02-24,0.6979,0.6979,0.6142,0.6142,18642394,0
2017-02-27,0.6142,0.6328,0.6048,0.6234,1661353,0
2017-02-28,0.6328,0.6421,0.6142,0.6234,1412042,0
2017-03-01,0.6142,0.6234,0.5862,0.5862,2177167,0
2017-03-02,0.5956,0.6234,0.5956,0.5956,1053121,0
2017-03-03,0.5956,0.6048,0.5862,0.6048,954257,0
2017-03-06,0.5956,0.6142,0.5956,0.6048,150446,0
2017-03-07,0.5956,0.6142,0.5956,0.6048,330981,0
2017-03-08,0.6048,0.6142,0.6048,0.6142,419100,0
2017-03-09,0.6048,0.6142,0.6048,0.6142,425546,0
2017-03-10,0.6142,0.6234,0.6048,0.6234,206325,0
2017-03-13,0.6234,0.6514,0.6234,0.6328,1379804,0
2017-03-14,0.6234,0.6328,0.6142,0.6142,5723392,0
2017-03-15,0.6142,0.6234,0.6142,0.6142,1581831,0
2017-03-16,0.6234,0.6328,0.6142,0.6142,1429236,0
2017-03-17,0.6142,0.6142,0.6048,0.6142,1459325,0
2017-03-20,0.6142,0.6142,0.6142,0.6142,346025,0
2017-03-21,0.6142,0.6234,0.6142,0.6234,2338359,0
2017-03-22,0.6142,0.6234,0.6142,0.6142,1792455,0
2017-03-23,0.6142,0.6234,0.6142,0.6142,292294,0
2017-03-24,0.6142,0.6328,0.6142,0.6142,2778951,0
2017-03-27,0.6514,0.6514,0.6142,0.6142,3883653,0
2017-03-28,0.6234,0.6234,0.5956,0.5956,1856932,0
2017-03-29,0.5956,0.6142,0.5956,0.6048,606082,0
2017-03-30,0.6048,0.6048,0.6048,0.6048,219221,0
2017-03-31,0.5956,0.6048,0.5956,0.5956,55880,0
2017-04-03,0.6048,0.6142,0.6048,0.6142,569545,0
2017-04-05,0.6142,0.6142,0.6048,0.6142,608231,0
2017-04-06,0.6048,0.6048,0.6048,0.6048,217072,0
2017-04-07,0.6048,0.6142,0.6048,0.6142,696349,0
2017-04-10,0.6142,0.6142,0.6048,0.6048,311638,0
2017-04-11,0.6048,0.6048,0.5956,0.6048,1287387,0
2017-04-12,0.6048,0.6142,0.6048,0.6048,945660,0
2017-04-13,0.6142,0.6142,0.6048,0.6048,597485,0
2017-04-18,0.5956,0.6048,0.5956,0.6048,193431,0
2017-04-19,0.5862,0.6142,0.5862,0.6142,51582,0
2017-04-20,0.6142,0.6142,0.6142,0.6142,0,0
2017-04-21,0.6142,0.6142,0.5956,0.5956,42985,0
2017-04-24,0.5862,0.6048,0.5862,0.5862,12896,0
2017-04-25,0.6048,0.6048,0.5956,0.5956,21493,0
2017-04-26,0.6048,0.6048,0.5956,0.6048,163341,0
2017-04-27,0.6048,0.6048,0.5956,0.5956,238565,0
2017-04-28,0.5956,0.6048,0.5956,0.5956,805960,0
2017-05-02,0.6048,0.6048,0.577,0.5862,318086,0
2017-05-04,0.5862,0.5862,0.5862,0.5862,62328,0
2017-05-05,0.5862,0.5862,0.577,0.5862,431994,0
2017-05-08,0.5956,0.5956,0.5956,0.5956,4299,0
2017-05-09,0.5956,0.5956,0.5956,0.5956,0,0
2017-05-10,0.6048,0.6142,0.6048,0.6142,762976,0
2017-05-11,0.6142,0.6142,0.6142,0.6142,2149,0
2017-05-12,0.6048,0.6142,0.6048,0.6048,621127,0
2017-05-15,0.5956,0.6142,0.5956,0.5956,588888,0
2017-05-16,0.5862,0.6048,0.5862,0.5956,296593,0
2017-05-17,0.5956,0.5956,0.5956,0.5956,0,0
2017-05-18,0.5956,0.5956,0.5956,0.5956,0,0
2017-05-19,0.5862,0.5956,0.5862,0.5956,79521,0
2017-05-22,0.5862,0.6048,0.577,0.6048,401905,0
2017-05-23,0.5956,0.5956,0.5956,0.5956,64477,0
2017-05-24,0.5956,0.5956,0.5862,0.5956,32238,0
2017-05-25,0.5956,0.6048,0.5956,0.5956,2144929,0
2017-05-26,0.5956,0.5956,0.5862,0.5862,34387,0
2017-05-29,0.5956,0.5956,0.5862,0.5956,773722,0
2017-05-31,0.5956,0.5956,0.5862,0.5956,812408,0
2017-06-01,0.5862,0.6048,0.5862,0.5956,937063,0
2017-06-02,0.6139,0.6236,0.5944,0.6236,350974,0
2017-06-05,0.6139,0.6139,0.6139,0.6139,0,0
2017-06-06,0.6139,0.6236,0.5944,0.6139,332501,0
2017-06-07,0.6041,0.6139,0.6041,0.6041,348921,0
2017-06-08,0.6041,0.6041,0.6041,0.6041,0,0
2017-06-09,0.6041,0.6041,0.5944,0.6041,133411,0
2017-06-12,0.6041,0.6041,0.6041,0.6041,0,0
2017-06-13,0.6041,0.6139,0.6041,0.6139,248350,0
2017-06-14,0.6139,0.6139,0.6139,0.6139,0,0
2017-06-15,0.6041,0.6041,0.6041,0.6041,8210,0
2017-06-16,0.6139,0.6139,0.5944,0.6139,504910,0
2017-06-19,0.6139,0.6139,0.6041,0.6139,496700,0
2017-06-20,0.6041,0.6139,0.6041,0.6139,488490,0
2017-06-21,0.6041,0.6041,0.6041,0.6041,353026,0
2017-06-22,0.6041,0.6139,0.5749,0.5749,1034449,0
2017-06-23,0.5944,0.6236,0.5944,0.6139,3427638,0
2017-06-26,0.6139,0.6334,0.6139,0.6139,2140735,0
2017-06-27,0.6236,0.6236,0.6041,0.6139,1311534,0
2017-06-28,0.6236,0.6334,0.6139,0.6139,2298776,0
2017-06-29,0.6139,0.6236,0.6139,0.6236,153936,0
2017-06-30,0.6139,0.6139,0.6139,0.6139,166251,0
2017-07-03,0.6139,0.6236,0.6139,0.6236,301714,0
2017-07-04,0.6236,0.6236,0.6139,0.6236,1434682,0
2017-07-05,0.6139,0.6236,0.6139,0.6236,36945,0
2017-07-06,0.6236,0.6236,0.6236,0.6236,0,0
2017-07-07,0.6236,0.6236,0.6139,0.6236,864093,0
2017-07-10,0.6236,0.6236,0.6236,0.6236,0,0
2017-07-11,0.6139,0.6236,0.6139,0.6139,543907,0
2017-07-12,0.6139,0.6334,0.6139,0.6236,186776,0
2017-07-13,0.6236,0.6236,0.6236,0.6236,942087,0
2017-07-14,0.6139,0.6236,0.6139,0.6236,701948,0
2017-07-17,0.6236,0.6334,0.6139,0.6236,488490,0
2017-07-18,0.6236,0.6236,0.6236,0.6236,0,0
2017-07-19,0.6041,0.6041,0.6041,0.6041,4105,0
2017-07-20,0.6139,0.6431,0.6139,0.6236,2384980,0
2017-07-21,0.6334,0.6431,0.6139,0.6139,4026962,0
2017-07-24,0.6139,0.6334,0.6139,0.6236,3505633,0
2017-07-25,0.6236,0.6236,0.6236,0.6236,492595,0
2017-07-26,0.6236,0.6236,0.6139,0.6139,205248,0
2017-07-27,0.6236,0.6236,0.6139,0.6236,837411,0
2017-07-28,0.6334,0.6334,0.6236,0.6236,367394,0
2017-07-31,0.6236,0.6236,0.6139,0.6236,650636,0
2017-08-01,0.6236,0.6236,0.6139,0.6236,730682,0
2017-08-02,0.6334,0.6334,0.6236,0.6236,443335,0
2017-08-03,0.6334,0.6334,0.6334,0.6334,100571,0
2017-08-04,0.6918,0.7211,0.6334,0.6431,28623860,0
2017-08-07,0.6431,0.6626,0.6431,0.6626,5207137,0
2017-08-08,0.6626,0.6724,0.6626,0.6626,1683032,0
2017-08-09,0.6724,0.6918,0.6529,0.6821,5566321,0
2017-08-10,0.6918,0.7016,0.6724,0.6724,1020082,0
2017-08-11,0.6626,0.6724,0.6431,0.6626,1715872,0
2017-08-14,0.6626,0.6724,0.6626,0.6626,3983860,0
2017-08-15,0.6724,0.6724,0.6626,0.6724,1412105,0
2017-08-16,0.6724,0.6821,0.6724,0.6724,2058636,0
2017-08-17,0.6724,0.6724,0.6724,0.6724,248350,0
2017-08-18,0.6724,0.6724,0.6529,0.6529,1722029,0
2017-08-21,0.6529,0.6626,0.6529,0.6529,328397,0
2017-08-22,0.6626,0.6626,0.6529,0.6626,1853388,0
2017-08-24,0.6626,0.6918,0.6626,0.6918,7169306,0
2017-08-25,0.7211,0.7211,0.6724,0.6821,3628781,0
2017-08-28,0.6724,0.6821,0.6626,0.6821,2662064,0
2017-08-29,0.6724,0.6821,0.6724,0.6821,1500362,0
2017-08-30,0.6821,0.6821,0.6626,0.6821,3409166,0
2017-08-31,0.6821,0.6821,0.6724,0.6821,1572198,0
2017-09-01,0.6724,0.6821,0.6724,0.6821,149831,0
2017-09-04,0.6724,0.6821,0.6724,0.6821,1128863,0
2017-09-05,0.6821,0.6821,0.6724,0.6821,1075499,0
2017-09-06,0.6821,0.6821,0.6724,0.6821,1227382,0
2017-09-07,0.6821,0.9062,0.6821,0.9062,21171312,0
2017-09-08,0.8672,0.9257,0.8283,0.8283,13620245,0
2017-09-11,0.8575,0.877,0.8478,0.8575,3142344,0
2017-09-12,0.86,0.87,0.82,0.83,1618000,0
2017-09-13,0.82,0.82,0.79,0.8,2310000,0
2017-09-14,0.79,0.88,0.79,0.83,7348000,0
2017-09-15,0.84,0.93,0.83,0.89,17413800,0
2017-09-18,0.91,0.92,0.86,0.86,11482000,0
2017-09-19,0.86,0.88,0.84,0.86,4166000,0
2017-09-20,0.86,0.88,0.85,0.86,2126000,0
2017-09-21,0.87,0.88,0.83,0.84,9672000,0
2017-09-22,0.85,0.85,0.81,0.83,4224000,0
2017-09-25,0.82,0.82,0.75,0.76,4984000,0
2017-09-26,0.76,0.78,0.76,0.78,2400000,0
2017-09-27,0.8,0.8,0.78,0.79,920000,0
2017-09-28,0.78,0.79,0.77,0.78,524000,0
2017-09-29,0.77,0.79,0.75,0.78,1372000,0
2017-10-03,0.78,0.78,0.75,0.77,1128000,0
2017-10-04,0.77,0.79,0.77,0.79,704000,0
2017-10-06,0.79,0.8,0.79,0.8,1206000,0
2017-10-09,0.8,0.81,0.79,0.8,980000,0
2017-10-10,0.79,0.79,0.78,0.79,698000,0
2017-10-11,0.8,0.81,0.78,0.78,1754000,0
2017-10-12,0.78,0.8,0.77,0.77,1374000,0
2017-10-13,0.77,0.78,0.76,0.77,474000,0
2017-10-16,0.78,0.79,0.77,0.78,488000,0
2017-10-17,0.78,0.79,0.78,0.79,246000,0
2017-10-18,0.78,0.78,0.77,0.78,548000,0
2017-10-19,0.77,0.78,0.75,0.75,878000,0
2017-10-20,0.76,0.82,0.76,0.79,1102000,0
2017-10-23,0.77,0.77,0.77,0.77,430000,0
2017-10-24,0.77,0.79,0.77,0.78,198000,0
2017-10-25,0.78,0.8,0.78,0.78,864000,0
2017-10-26,0.79,0.79,0.77,0.78,346000,0
2017-10-27,0.78,0.78,0.75,0.76,1020000,0
2017-10-30,0.75,0.77,0.75,0.77,996000,0
2017-10-31,0.76,0.77,0.76,0.76,470000,0
2017-11-01,0.77,0.78,0.76,0.77,372000,0
2017-11-02,0.77,0.77,0.76,0.76,308000,0
2017-11-03,0.76,0.77,0.76,0.76,240000,0
2017-11-06,0.76,0.78,0.76,0.76,310000,0
2017-11-07,0.76,0.76,0.73,0.75,852000,0
2017-11-08,0.76,0.76,0.75,0.75,716000,0
2017-11-09,0.75,0.75,0.73,0.74,1162000,0
2017-11-10,0.75,0.75,0.72,0.73,516000,0
2017-11-13,0.74,0.8,0.73,0.76,2090000,0
2017-11-14,0.75,0.75,0.74,0.75,420000,0
2017-11-15,0.74,0.75,0.74,0.75,104000,0
2017-11-16,0.73,0.75,0.73,0.73,444000,0
2017-11-17,0.74,0.74,0.72,0.73,742000,0
2017-11-20,0.73,0.73,0.72,0.72,258000,0
2017-11-21,0.72,0.72,0.7,0.71,930000,0
2017-11-22,0.71,0.73,0.7,0.73,1394000,0
2017-11-23,0.73,0.73,0.73,0.73,240000,0
2017-11-24,0.73,0.74,0.72,0.72,572000,0
2017-11-27,0.71,0.71,0.7,0.7,286000,0
2017-11-28,0.7,0.71,0.7,0.71,142000,0
2017-11-29,0.71,0.71,0.71,0.71,150000,0
2017-11-30,0.7,0.71,0.7,0.71,256000,0
2017-12-01,0.73,0.73,0.73,0.73,20000,0
2017-12-04,0.72,0.73,0.69,0.72,574000,0
2017-12-05,0.71,0.71,0.71,0.71,234000,0
2017-12-06,0.71,0.71,0.69,0.7,1402000,0
2017-12-07,0.7,0.7,0.7,0.7,594000,0
2017-12-08,0.71,0.74,0.71,0.72,228000,0
2017-12-11,0.7,0.71,0.7,0.71,592000,0
2017-12-12,0.71,0.71,0.71,0.71,248000,0
2017-12-13,0.71,0.71,0.71,0.71,124000,0
2017-12-14,0.7,0.71,0.7,0.7,80000,0
2017-12-15,0.72,0.72,0.7,0.7,230000,0
2017-12-18,0.7,0.71,0.7,0.7,44000,0
2017-12-19,0.71,0.71,0.71,0.71,264000,0
2017-12-20,0.71,0.72,0.71,0.72,356000,0
2017-12-21,0.71,0.73,0.71,0.71,266000,0
2017-12-22,0.72,0.73,0.72,0.73,366000,0
2017-12-27,0.73,0.75,0.73,0.74,70000,0
2017-12-28,0.74,0.74,0.74,0.74,22000,0
2017-12-29,0.73,0.73,0.72,0.73,68000,0
2018-01-02,0.74,0.77,0.74,0.75,890000,0
2018-01-03,0.75,0.76,0.75,0.75,672000,0
2018-01-04,0.77,0.78,0.75,0.76,854000,0
2018-01-05,0.82,0.86,0.8,0.81,6174000,0
2018-01-08,0.81,0.82,0.8,0.8,3124000,0
2018-01-09,0.8,0.8,0.8,0.8,694000,0
2018-01-10,0.79,0.81,0.79,0.81,962000,0
2018-01-11,0.81,0.81,0.8,0.8,688000,0
2018-01-12,0.8,0.81,0.8,0.8,756000,0
2018-01-15,0.81,0.81,0.79,0.79,1256000,0
2018-01-16,0.79,0.82,0.79,0.81,2610000,0
2018-01-17,0.81,0.83,0.81,0.82,1296000,0
2018-01-18,0.82,0.84,0.8,0.81,784000,0
2018-01-19,0.81,0.87,0.8,0.84,8490000,0
2018-01-22,0.85,0.85,0.82,0.84,1612000,0
2018-01-23,0.84,0.87,0.84,0.86,2512000,0
2018-01-24,0.87,0.87,0.84,0.85,860000,0
2018-01-25,0.84,0.86,0.82,0.86,1412000,0
2018-01-26,0.86,0.92,0.85,0.88,3716000,0
2018-01-29,0.9,0.9,0.87,0.88,1222000,0
2018-01-30,0.88,0.88,0.83,0.84,1392000,0
2018-01-31,0.84,0.87,0.83,0.84,1478000,0
2018-02-01,0.87,0.87,0.84,0.85,812000,0
2018-02-02,0.84,0.84,0.82,0.82,256000,0
2018-02-05,0.81,0.84,0.79,0.83,716000,0
2018-02-06,0.81,0.81,0.74,0.76,3448000,0
2018-02-07,0.78,0.79,0.73,0.74,3164000,0
2018-02-08,0.76,0.76,0.74,0.74,1400000,0
2018-02-09,0.72,0.72,0.7,0.72,3788000,0
2018-02-12,0.73,0.73,0.73,0.73,498000,0
2018-02-13,0.74,0.75,0.73,0.73,490000,0
2018-02-14,0.76,0.76,0.74,0.74,104000,0
2018-02-15,0.75,0.76,0.75,0.76,498000,0
2018-02-20,0.76,0.76,0.76,0.76,538000,0
2018-02-21,0.75,0.77,0.75,0.77,454000,0
2018-02-22,0.76,0.78,0.75,0.76,302000,0
2018-02-23,0.77,0.77,0.77,0.77,194000,0
2018-02-26,0.77,0.78,0.77,0.78,126000,0
2018-02-27,0.78,0.78,0.76,0.76,12000,0
2018-02-28,0.75,0.75,0.75,0.75,314000,0
2018-03-01,0.75,0.76,0.75,0.76,256000,0
2018-03-02,0.74,0.75,0.74,0.74,76000,0
2018-03-05,0.74,0.75,0.73,0.73,222000,0
2018-03-06,0.75,0.76,0.74,0.76,68000,0
2018-03-07,0.73,0.76,0.73,0.74,214000,0
2018-03-08,0.75,0.75,0.75,0.75,90000,0
2018-03-09,0.76,0.76,0.76,0.76,82000,0
2018-03-12,0.76,0.77,0.76,0.77,196000,0
2018-03-13,0.76,0.77,0.75,0.76,128000,0
2018-03-14,0.76,0.76,0.76,0.76,10000,0
2018-03-15,0.76,0.83,0.76,0.79,1534000,0
2018-03-16,0.81,0.81,0.8,0.8,284000,0
2018-03-19,0.8,0.8,0.79,0.79,194000,0
2018-03-20,0.79,0.79,0.77,0.79,188000,0
2018-03-21,0.81,0.82,0.8,0.8,560000,0
2018-03-22,0.8,0.8,0.79,0.8,750000,0
2018-03-23,0.77,0.79,0.77,0.79,302000,0
2018-03-26,0.8,0.8,0.78,0.79,1510000,0
2018-03-27,0.8,0.8,0.8,0.8,682000,0
2018-03-28,0.78,0.79,0.78,0.79,916000,0
2018-03-29,0.78,0.78,0.77,0.78,620000,0
