Date,Open,High,Low,Close,Volume,OpenInt
2012-07-06,0.918,0.936,0.846,0.918,10662748,0
2012-07-09,0.909,0.918,0.864,0.891,3922360,0
2012-07-10,0.891,0.946,0.882,0.936,3640777,0
2012-07-11,0.927,0.927,0.909,0.918,2679436,0
2012-07-12,0.909,0.909,0.891,0.891,1755493,0
2012-07-13,0.909,0.918,0.891,0.909,1951281,0
2012-07-16,0.909,0.909,0.891,0.909,1711495,0
2012-07-17,0.909,0.946,0.891,0.909,6291615,0
2012-07-18,0.9,0.909,0.873,0.909,2945620,0
2012-07-19,0.909,0.909,0.882,0.909,4353534,0
2012-07-20,0.9,0.909,0.882,0.909,2362655,0
2012-07-23,0.9,0.9,0.873,0.9,3900361,0
2012-07-24,0.891,0.9,0.873,0.9,3486787,0
2012-07-25,0.9,0.927,0.891,0.927,6969174,0
2012-07-26,0.918,0.927,0.909,0.918,2712434,0
2012-07-27,0.918,0.927,0.9,0.927,3187605,0
2012-07-30,0.936,0.964,0.918,0.946,5719650,0
2012-07-31,0.936,0.946,0.927,0.946,4131347,0
2012-08-01,0.936,0.936,0.918,0.936,3227203,0
2012-08-02,0.927,0.927,0.909,0.927,3209604,0
2012-08-03,0.918,0.936,0.909,0.936,1718095,0
2012-08-06,0.927,0.927,0.918,0.927,3627578,0
2012-08-07,0.918,0.927,0.909,0.927,2415452,0
2012-08-08,0.918,0.918,0.909,0.918,3231602,0
2012-08-09,0.918,0.982,0.918,0.973,6087028,0
2012-08-10,0.991,0.991,0.955,0.973,2875224,0
2012-08-13,0.973,0.982,0.955,0.955,6603996,0
2012-08-14,0.964,0.964,0.909,0.918,3398792,0
2012-08-15,0.927,0.927,0.909,0.918,2591441,0
2012-08-16,0.909,0.955,0.909,0.955,3686974,0
2012-08-17,0.946,0.955,0.936,0.955,3203004,0
2012-08-20,0.946,0.964,0.946,0.955,2371455,0
2012-08-21,0.955,0.955,0.936,0.955,3570382,0
2012-08-22,0.946,1,0.946,0.991,2983017,0
2012-08-23,0.973,0.982,0.946,0.964,3238202,0
2012-08-24,0.955,0.964,0.946,0.955,2668437,0
2012-08-27,0.955,0.955,0.936,0.955,2802629,0
2012-08-28,0.936,0.946,0.927,0.936,4153346,0
2012-08-29,0.946,0.991,0.936,0.964,5110287,0
2012-08-30,0.964,0.964,0.946,0.964,3871763,0
2012-08-31,0.964,0.982,0.946,0.982,4027954,0
2012-09-03,0.982,0.982,0.964,0.964,3964157,0
2012-09-04,0.964,0.982,0.964,0.982,3946559,0
2012-09-05,0.973,0.982,0.964,0.982,3530784,0
2012-09-06,0.973,0.973,0.955,0.955,4382132,0
2012-09-07,0.964,0.973,0.955,0.973,3044614,0
2012-09-10,0.973,0.973,0.964,0.964,3422991,0
2012-09-11,0.964,0.964,0.964,0.964,2648638,0
2012-09-12,0.964,1,0.955,1,5486464,0
2012-09-13,0.991,1,0.982,0.991,4342534,0
2012-09-14,0.991,1.082,0.991,1.082,6810783,0
2012-09-17,1.082,1.091,1.064,1.064,3429590,0
2012-09-18,1.046,1.073,1.046,1.055,3376793,0
2012-09-19,1.055,1.064,1.027,1.055,5490864,0
2012-09-20,1.036,1.064,1.027,1.046,4027954,0
2012-09-21,1.055,1.064,1.046,1.055,2670637,0
2012-09-24,1.055,1.073,1.046,1.055,4115948,0
2012-09-25,1.064,1.064,1.046,1.055,3662776,0
2012-09-26,1.055,1.073,1.055,1.073,2822427,0
2012-09-27,1.073,1.127,1.073,1.127,4626317,0
2012-09-28,1.136,1.146,1.1,1.146,3482387,0
2012-10-03,1.146,1.155,1.146,1.155,2463849,0
2012-10-04,1.155,1.155,1.146,1.146,2144869,0
2012-10-05,1.146,1.146,1.127,1.146,2956619,0
2012-10-08,1.118,1.127,1.118,1.127,2699235,0
2012-10-09,1.127,1.127,1.091,1.127,3156807,0
2012-10-10,1.118,1.118,1.1,1.118,3451589,0
2012-10-11,1.109,1.109,1.091,1.091,1315520,0
2012-10-12,1.091,1.109,1.082,1.1,4896900,0
2012-10-15,1.091,1.091,1.046,1.082,12499635,0
2012-10-16,1.082,1.082,1.055,1.073,3400992,0
2012-10-17,1.082,1.082,1.073,1.082,2067873,0
2012-10-18,1.073,1.082,1.055,1.073,4063151,0
2012-10-19,1.073,1.073,1.055,1.055,2714634,0
2012-10-22,1.046,1.064,1.046,1.055,2815828,0
2012-10-24,1.055,1.055,1.036,1.046,2980818,0
2012-10-25,1.046,1.055,1.046,1.046,2378054,0
2012-10-26,1.055,1.055,1.027,1.036,3603380,0
2012-10-29,1.027,1.046,1.018,1.036,4520723,0
2012-10-30,1.036,1.036,1.027,1.027,2378054,0
2012-10-31,1.027,1.091,1.027,1.082,14728099,0
2012-11-01,1.064,1.073,1.055,1.064,2536445,0
2012-11-02,1.064,1.082,1.055,1.082,3876163,0
2012-11-05,1.073,1.091,1.064,1.082,12308247,0
2012-11-06,1.073,1.082,1.055,1.082,3651777,0
2012-11-07,1.073,1.082,1.064,1.064,2965419,0
2012-11-08,1.064,1.082,1.055,1.082,3700174,0
2012-11-09,1.064,1.173,1.064,1.164,6678791,0
2012-11-12,1.136,1.146,1.109,1.109,3345995,0
2012-11-13,1.109,1.109,1.064,1.109,3066612,0
2012-11-14,1.109,1.118,1.073,1.118,4835304,0
2012-11-15,1.109,1.136,1.109,1.136,3640777,0
2012-11-16,1.136,1.136,1.118,1.136,3878363,0
2012-11-19,1.127,1.255,1.109,1.255,13683163,0
2012-11-20,1.236,1.327,1.227,1.318,6887779,0
2012-11-21,1.309,1.336,1.309,1.327,4230341,0
2012-11-22,1.327,1.346,1.309,1.346,4327135,0
2012-11-23,1.327,1.418,1.327,1.409,4949697,0
2012-11-26,1.382,1.427,1.382,1.427,7369549,0
2012-11-27,1.418,1.473,1.418,1.464,6313614,0
2012-11-28,1.455,1.464,1.418,1.418,3345995,0
2012-11-29,1.427,1.427,1.373,1.391,4448128,0
2012-11-30,1.391,1.4,1.364,1.382,4393131,0
2012-12-03,1.373,1.373,1.355,1.364,4203943,0
2012-12-04,1.373,1.373,1.318,1.364,5776847,0
2012-12-05,1.364,1.382,1.336,1.382,3231602,0
2012-12-06,1.364,1.373,1.336,1.364,6718389,0
2012-12-07,1.355,1.355,1.318,1.346,8157101,0
2012-12-10,1.355,1.364,1.355,1.364,4947497,0
2012-12-11,1.364,1.364,1.346,1.364,3662776,0
2012-12-12,1.355,1.409,1.346,1.373,8113104,0
2012-12-13,1.373,1.391,1.346,1.364,6966974,0
2012-12-14,1.364,1.382,1.364,1.382,3871763,0
2012-12-17,1.382,1.455,1.382,1.455,9978589,0
2012-12-18,1.446,1.446,1.436,1.446,7582936,0
2012-12-19,1.446,1.455,1.418,1.446,13452177,0
2012-12-20,1.427,1.427,1.4,1.418,5015693,0
2012-12-21,1.409,1.427,1.382,1.418,10130380,0
2012-12-24,1.418,1.446,1.418,1.418,3526384,0
2012-12-27,1.418,1.418,1.4,1.418,7468543,0
2012-12-28,1.409,1.409,1.391,1.409,3576981,0
2012-12-31,1.409,1.409,1.4,1.4,3249201,0
2013-01-02,1.409,1.409,1.364,1.373,5897839,0
2013-01-03,1.373,1.391,1.327,1.355,8104304,0
2013-01-04,1.355,1.373,1.346,1.355,4186344,0
2013-01-07,1.346,1.355,1.336,1.346,6388409,0
2013-01-08,1.355,1.364,1.336,1.364,6905377,0
2013-01-09,1.355,1.364,1.355,1.364,5559060,0
2013-01-10,1.346,1.355,1.336,1.355,5374271,0
2013-01-11,1.355,1.355,1.336,1.355,7479542,0
2013-01-14,1.355,1.382,1.327,1.346,6344412,0
2013-01-15,1.346,1.346,1.327,1.327,5317075,0
2013-01-16,1.336,1.346,1.309,1.327,6353211,0
2013-01-17,1.336,1.336,1.309,1.309,6034231,0
2013-01-18,1.318,1.336,1.309,1.318,5816444,0
2013-01-21,1.327,1.355,1.3,1.346,7068168,0
2013-01-22,1.346,1.355,1.291,1.291,5193882,0
2013-01-23,1.3,1.3,1.155,1.182,7279355,0
2013-01-24,1.182,1.327,1.182,1.282,3579181,0
2013-01-25,1.291,1.291,1.236,1.273,6434606,0
2013-01-28,1.273,1.273,1.227,1.236,5772447,0
2013-01-29,1.209,1.273,1.182,1.273,5658054,0
2013-01-30,1.236,1.273,1.227,1.273,4811106,0
2013-01-31,1.227,1.255,1.191,1.218,5081689,0
2013-02-01,1.227,1.227,1.136,1.155,5957235,0
2013-02-04,1.236,1.3,1.218,1.282,26987949,0
2013-02-05,1.264,1.282,1.236,1.236,9334029,0
2013-02-06,1.264,1.309,1.264,1.291,7444344,0
2013-02-07,1.291,1.291,1.264,1.273,6823982,0
2013-02-08,1.282,1.291,1.273,1.291,5079489,0
2013-02-14,1.3,1.318,1.282,1.309,5486464,0
2013-02-15,1.318,1.336,1.3,1.309,4540522,0
2013-02-18,1.309,1.318,1.282,1.3,6599596,0
2013-02-19,1.3,1.309,1.291,1.309,5031092,0
2013-02-20,1.318,1.327,1.309,1.309,5592058,0
2013-02-21,1.3,1.3,1.273,1.3,5255478,0
2013-02-22,1.309,1.309,1.273,1.3,10145779,0
2013-02-25,1.309,1.318,1.291,1.3,4518524,0
2013-02-26,1.3,1.3,1.227,1.264,6410408,0
2013-02-27,1.264,1.291,1.236,1.273,6421407,0
2013-02-28,1.264,1.264,1.255,1.264,6487403,0
2013-03-01,1.255,1.291,1.218,1.273,5528262,0
2013-03-04,1.282,1.282,1.218,1.264,6274016,0
2013-03-05,1.282,1.282,1.264,1.264,5101488,0
2013-03-06,1.264,1.282,1.264,1.273,6559999,0
2013-03-07,1.264,1.273,1.255,1.255,5108087,0
2013-03-08,1.264,1.273,1.246,1.273,6872379,0
2013-03-11,1.264,1.282,1.236,1.273,5911038,0
2013-03-12,1.264,1.273,1.246,1.264,8174700,0
2013-03-13,1.255,1.255,1.246,1.255,5301676,0
2013-03-14,1.255,1.255,1.227,1.255,6412608,0
2013-03-15,1.246,1.246,1.246,1.246,6234419,0
2013-03-18,1.246,1.246,1.191,1.246,6073828,0
2013-03-19,1.264,1.264,1.218,1.255,5193882,0
2013-03-20,1.255,1.3,1.236,1.3,9424223,0
2013-03-21,1.291,1.336,1.273,1.336,8933653,0
2013-03-22,1.309,1.318,1.309,1.309,5420468,0
2013-03-25,1.309,1.318,1.291,1.318,8269294,0
2013-03-26,1.327,1.346,1.3,1.346,13069400,0
2013-03-27,1.346,1.364,1.336,1.364,3152407,0
2013-03-28,1.336,1.491,1.336,1.482,5048691,0
2013-04-02,1.455,1.482,1.446,1.473,6131025,0
2013-04-03,1.455,1.482,1.427,1.473,9248234,0
2013-04-05,1.446,1.473,1.436,1.464,5312675,0
2013-04-08,1.455,1.464,1.446,1.455,4327135,0
2013-04-09,1.455,1.464,1.446,1.455,3634178,0
2013-04-10,1.455,1.455,1.446,1.455,4571320,0
2013-04-11,1.455,1.455,1.436,1.446,8282493,0
2013-04-12,1.455,1.464,1.436,1.455,3724372,0
2013-04-15,1.464,1.482,1.446,1.473,3559382,0
2013-04-16,1.464,1.464,1.382,1.436,9320830,0
2013-04-17,1.436,1.455,1.436,1.436,3159007,0
2013-04-18,1.455,1.464,1.418,1.446,4054352,0
2013-04-19,1.436,1.564,1.427,1.564,7934914,0
2013-04-22,1.518,1.555,1.491,1.555,8249495,0
2013-04-23,1.536,1.536,1.509,1.518,6269616,0
2013-04-24,1.518,1.546,1.509,1.546,6678791,0
2013-04-25,1.527,1.591,1.509,1.591,4967296,0
2013-04-26,1.636,1.636,1.573,1.582,4646116,0
2013-04-29,1.546,1.646,1.546,1.618,4544922,0
2013-04-30,1.609,1.646,1.6,1.646,2892823,0
2013-05-02,1.646,1.746,1.636,1.736,4474526,0
2013-05-03,1.736,1.773,1.7,1.736,4071951,0
2013-05-06,1.764,1.782,1.746,1.782,3020415,0
2013-05-07,1.782,1.864,1.773,1.864,2776230,0
2013-05-08,1.864,1.873,1.827,1.855,3123809,0
2013-05-09,1.846,1.846,1.782,1.827,3975157,0
2013-05-10,1.827,1.836,1.809,1.827,3130408,0
2013-05-13,1.827,1.982,1.827,1.891,4703312,0
2013-05-14,1.882,1.882,1.782,1.873,3922360,0
2013-05-15,1.882,1.882,1.809,1.827,4195143,0
2013-05-16,1.836,1.873,1.791,1.864,4309536,0
2013-05-20,1.864,1.873,1.827,1.846,2254862,0
2013-05-21,1.855,1.873,1.818,1.846,2930221,0
2013-05-22,1.855,1.873,1.827,1.827,2345057,0
2013-05-23,1.846,1.846,1.782,1.818,5281877,0
2013-05-24,1.864,1.864,1.691,1.746,5176283,0
2013-05-27,1.773,1.836,1.773,1.809,4540522,0
2013-05-28,1.8,1.827,1.791,1.827,2813628,0
2013-05-29,1.827,1.827,1.7,1.727,25571235,0
2013-05-30,1.736,1.755,1.673,1.746,9239435,0
2013-05-31,1.764,1.764,1.727,1.736,4619717,0
2013-06-03,1.736,1.755,1.627,1.627,3011616,0
2013-06-04,1.627,1.7,1.518,1.582,5266478,0
2013-06-05,1.546,1.564,1.509,1.527,3911361,0
2013-06-06,1.527,1.564,1.518,1.527,3966357,0
2013-06-07,1.564,1.564,1.5,1.527,3845365,0
2013-06-10,1.546,1.546,1.491,1.527,5154285,0
2013-06-11,1.518,1.536,1.427,1.464,5057491,0
2013-06-13,1.509,1.555,1.5,1.527,4778108,0
2013-06-14,1.536,1.536,1.436,1.509,3420791,0
2013-06-17,1.536,1.536,1.491,1.536,4258939,0
2013-06-18,1.518,1.546,1.491,1.518,6124425,0
2013-06-19,1.518,1.518,1.491,1.518,3972957,0
2013-06-20,1.509,1.518,1.473,1.482,4511924,0
2013-06-21,1.436,1.536,1.427,1.536,5035492,0
2013-06-24,1.536,1.564,1.5,1.518,4727511,0
2013-06-25,1.5,1.518,1.427,1.491,3836565,0
2013-06-26,1.491,1.5,1.455,1.491,1390315,0
2013-06-27,1.491,1.491,1.418,1.464,2672836,0
2013-06-28,1.491,1.491,1.446,1.455,1830288,0
2013-07-02,1.455,1.482,1.436,1.446,5141085,0
2013-07-03,1.446,1.455,1.409,1.409,1359517,0
2013-07-04,1.409,1.482,1.409,1.436,7622534,0
2013-07-05,1.382,1.455,1.382,1.436,3605579,0
2013-07-08,1.436,1.436,1.4,1.436,2727833,0
2013-07-09,1.436,1.436,1.4,1.4,3060013,0
2013-07-10,1.409,1.436,1.4,1.427,1946881,0
2013-07-11,1.418,1.436,1.391,1.427,3675975,0
2013-07-12,1.436,1.436,1.355,1.373,6381810,0
2013-07-15,1.382,1.455,1.382,1.446,2906022,0
2013-07-16,1.436,1.491,1.436,1.464,2518846,0
2013-07-17,1.473,1.591,1.464,1.527,6238818,0
2013-07-18,1.546,1.546,1.364,1.373,4412930,0
2013-07-19,1.382,1.473,1.364,1.436,8484881,0
2013-07-22,1.436,1.527,1.409,1.455,4993694,0
2013-07-23,1.464,1.464,1.355,1.382,5237880,0
2013-07-24,1.4,1.446,1.382,1.4,2303259,0
2013-07-25,1.409,1.427,1.327,1.382,4793507,0
2013-07-26,1.427,1.427,1.355,1.418,3829966,0
2013-07-29,1.382,1.455,1.382,1.455,3713373,0
2013-07-30,1.455,1.546,1.427,1.546,6949375,0
2013-07-31,1.546,1.564,1.464,1.536,5840643,0
2013-08-01,1.536,1.618,1.5,1.564,4456927,0
2013-08-02,1.564,1.627,1.527,1.546,1942481,0
2013-08-05,1.527,1.591,1.509,1.591,1929282,0
2013-08-06,1.555,1.582,1.518,1.573,1880885,0
2013-08-07,1.555,1.691,1.555,1.691,3352595,0
2013-08-08,1.691,1.727,1.627,1.655,2646438,0
2013-08-09,1.655,1.664,1.6,1.655,1553105,0
2013-08-12,1.646,1.673,1.591,1.673,2529845,0
2013-08-13,1.664,1.746,1.627,1.727,2342857,0
2013-08-15,1.727,1.746,1.682,1.736,3616579,0
2013-08-16,1.736,1.782,1.682,1.755,2967618,0
2013-08-19,1.746,1.764,1.664,1.682,7838120,0
2013-08-20,1.682,1.727,1.646,1.7,1165929,0
2013-08-21,1.718,1.727,1.609,1.673,2952219,0
2013-08-22,1.636,1.727,1.618,1.727,2778430,0
2013-08-23,1.709,1.718,1.664,1.7,1957880,0
2013-08-26,1.7,1.736,1.546,1.6,2248262,0
2013-08-27,1.6,1.709,1.6,1.682,2298859,0
2013-08-28,1.682,1.736,1.646,1.655,2017277,0
2013-08-29,1.727,1.746,1.655,1.7,2736633,0
2013-08-30,1.691,1.7,1.664,1.7,2043675,0
2013-09-02,1.709,1.755,1.682,1.746,3409791,0
2013-09-03,1.746,1.746,1.664,1.727,2507847,0
2013-09-04,1.7,1.727,1.673,1.718,2862025,0
2013-09-05,1.718,1.727,1.682,1.7,1979879,0
2013-09-06,1.7,1.718,1.655,1.682,3955358,0
2013-09-09,1.682,1.718,1.627,1.646,2749832,0
2013-09-10,1.682,1.709,1.646,1.664,442173,0
2013-09-11,1.646,1.7,1.6,1.655,1227525,0
2013-09-12,1.664,1.682,1.627,1.664,1801690,0
2013-09-13,1.682,1.682,1.618,1.636,8377087,0
2013-09-16,1.655,1.655,1.609,1.627,1317719,0
2013-09-17,1.655,1.727,1.591,1.609,1128531,0
2013-09-18,1.609,1.664,1.473,1.573,1588303,0
2013-09-19,1.591,1.591,1.518,1.573,409175,0
2013-09-23,1.536,1.618,1.518,1.564,1315520,0
2013-09-24,1.564,1.591,1.518,1.573,840349,0
2013-09-25,1.555,1.573,1.518,1.573,831549,0
2013-09-26,1.573,1.682,1.546,1.682,8913855,0
2013-09-27,1.646,1.727,1.646,1.673,2204265,0
2013-09-30,1.682,1.709,1.655,1.664,1539906,0
2013-10-02,1.7,1.746,1.664,1.746,2351656,0
2013-10-03,1.746,1.755,1.727,1.746,2468249,0
2013-10-04,1.746,1.755,1.691,1.746,2789429,0
2013-10-07,1.736,1.736,1.709,1.718,2928021,0
2013-10-08,1.718,1.782,1.709,1.773,4287538,0
2013-10-09,1.755,1.764,1.691,1.709,1935882,0
2013-10-10,1.718,1.746,1.682,1.746,2697035,0
2013-10-11,1.736,1.746,1.7,1.727,1564104,0
2013-10-15,1.727,1.727,1.673,1.718,2516646,0
2013-10-16,1.709,1.709,1.636,1.664,5471065,0
2013-10-17,1.709,1.709,1.6,1.609,2296659,0
2013-10-18,1.636,1.682,1.591,1.655,3425190,0
2013-10-21,1.664,1.664,1.491,1.573,7085766,0
2013-10-22,1.555,1.618,1.491,1.5,3572581,0
2013-10-23,1.5,1.527,1.436,1.446,2584842,0
2013-10-24,1.464,1.473,1.436,1.446,1858886,0
2013-10-25,1.446,1.5,1.418,1.446,4778108,0
2013-10-28,1.464,1.464,1.409,1.427,1392515,0
2013-10-29,1.455,1.627,1.346,1.382,5013493,0
2013-10-30,1.373,1.455,1.355,1.436,3029215,0
2013-10-31,1.418,1.427,1.327,1.346,3526384,0
2013-11-01,1.382,1.391,1.246,1.291,4120348,0
2013-11-04,1.318,1.318,1.164,1.227,7503741,0
2013-11-05,1.218,1.227,0.655,0.691,32291824,0
2013-11-06,0.855,0.909,0.727,0.846,109940473,0
2013-11-07,0.873,0.882,0.8,0.818,22561819,0
2013-11-08,0.818,0.827,0.773,0.8,13564370,0
2013-11-11,0.8,0.818,0.746,0.755,8731266,0
2013-11-12,0.755,0.764,0.718,0.727,10477959,0
2013-11-13,0.709,0.718,0.682,0.7,7222158,0
2013-11-14,0.709,0.782,0.709,0.773,18492069,0
2013-11-15,0.773,0.873,0.755,0.855,42664189,0
2013-11-18,0.846,0.855,0.809,0.818,11461299,0
2013-11-19,0.8,0.818,0.782,0.8,5966035,0
2013-11-20,0.8,0.809,0.764,0.782,8271494,0
2013-11-21,0.791,0.8,0.764,0.773,7226558,0
2013-11-22,0.773,0.791,0.764,0.773,6018832,0
2013-11-25,0.764,0.782,0.746,0.764,33662340,0
2013-11-26,0.755,0.764,0.755,0.764,1539906,0
2013-11-27,0.764,0.764,0.746,0.755,2160268,0
2013-11-28,0.736,0.746,0.718,0.736,5649254,0
2013-11-29,0.736,0.736,0.718,0.736,2939020,0
2013-12-02,0.736,0.736,0.718,0.727,3631978,0
2013-12-03,0.727,0.736,0.727,0.736,3913561,0
2013-12-04,0.727,0.736,0.718,0.736,3961958,0
2013-12-05,0.736,0.791,0.727,0.755,12251050,0
2013-12-06,0.755,0.809,0.755,0.791,10125980,0
2013-12-09,0.791,0.827,0.791,0.809,7472943,0
2013-12-10,0.809,0.818,0.791,0.809,2925821,0
2013-12-11,0.791,0.827,0.791,0.818,4811106,0
2013-12-12,0.818,0.846,0.809,0.818,9103043,0
2013-12-13,0.827,0.827,0.809,0.818,2837826,0
2013-12-16,0.818,0.827,0.8,0.8,2164668,0
2013-12-17,0.809,0.827,0.791,0.791,6511602,0
2013-12-18,0.782,0.8,0.782,0.782,1128531,0
2013-12-19,0.782,0.791,0.736,0.746,2899423,0
2013-12-20,0.736,0.782,0.718,0.746,3913561,0
2013-12-23,0.746,0.773,0.727,0.727,2441851,0
2013-12-24,0.718,0.736,0.718,0.736,193588,0
2013-12-27,0.736,0.746,0.718,0.736,563166,0
2013-12-30,0.727,0.736,0.718,0.727,1773092,0
2013-12-31,0.718,0.727,0.718,0.727,277183,0
2014-01-02,0.727,0.727,0.709,0.727,1473910,0
2014-01-03,0.727,0.727,0.718,0.727,409175,0
2014-01-06,0.709,0.718,0.709,0.709,915144,0
2014-01-07,0.709,0.727,0.709,0.727,1649899,0
2014-01-08,0.718,0.755,0.709,0.727,805151,0
2014-01-09,0.718,0.718,0.709,0.718,481771,0
2014-01-10,0.736,0.736,0.7,0.718,675359,0
2014-01-13,0.736,0.736,0.709,0.727,114393,0
2014-01-14,0.709,0.718,0.691,0.7,325580,0
2014-01-15,0.727,0.727,0.682,0.709,2037075,0
2014-01-16,0.709,0.709,0.673,0.7,3099610,0
2014-01-17,0.727,0.746,0.7,0.7,2602441,0
2014-01-20,0.718,0.846,0.709,0.8,24838680,0
2014-01-21,0.809,0.846,0.755,0.773,11531694,0
2014-01-22,0.773,0.818,0.773,0.818,8025109,0
2014-01-23,0.864,0.891,0.818,0.827,18443671,0
2014-01-24,0.818,0.818,0.773,0.791,4071951,0
2014-01-27,0.773,0.791,0.718,0.746,7369549,0
2014-01-28,0.773,0.791,0.746,0.755,1119731,0
2014-01-29,0.782,0.782,0.736,0.746,1691696,0
2014-01-30,0.764,0.764,0.727,0.755,1306720,0
2014-02-04,0.755,0.764,0.718,0.755,1909483,0
2014-02-05,0.764,0.764,0.709,0.727,2327458,0
2014-02-06,0.727,0.746,0.727,0.736,409175,0
2014-02-07,0.718,0.746,0.718,0.727,796351,0
2014-02-10,0.746,0.773,0.727,0.736,2534245,0
2014-02-11,0.746,0.746,0.718,0.718,2437451,0
2014-02-12,0.718,0.736,0.718,0.736,1482709,0
2014-02-13,0.727,0.736,0.718,0.727,811750,0
2014-02-14,0.727,0.8,0.718,0.755,6782185,0
2014-02-17,0.764,0.764,0.736,0.746,3255801,0
2014-02-18,0.791,0.8,0.746,0.755,2312059,0
2014-02-19,0.782,0.782,0.736,0.755,4696713,0
2014-02-20,0.773,0.773,0.746,0.764,1388115,0
2014-02-21,0.764,0.764,0.746,0.746,565365,0
2014-02-24,0.755,0.755,0.736,0.746,428974,0
2014-02-25,0.736,0.746,0.709,0.727,2901622,0
2014-02-26,0.746,0.746,0.718,0.727,807351,0
2014-02-27,0.755,0.755,0.727,0.736,1403514,0
2014-02-28,0.736,0.746,0.718,0.736,1053736,0
2014-03-03,0.746,0.746,0.718,0.718,697357,0
2014-03-04,0.736,0.736,0.718,0.718,532367,0
2014-03-05,0.718,0.727,0.709,0.718,1159329,0
2014-03-06,0.718,0.736,0.709,0.727,1819289,0
2014-03-07,0.718,0.746,0.709,0.746,1280322,0
2014-03-10,0.718,0.746,0.718,0.727,769953,0
2014-03-11,0.755,0.755,0.727,0.746,1817089,0
2014-03-12,0.736,0.736,0.718,0.718,1025137,0
2014-03-13,0.736,0.746,0.718,0.727,640161,0
2014-03-14,0.718,0.718,0.7,0.709,1352917,0
2014-03-17,0.718,0.727,0.709,0.718,1346318,0
2014-03-18,0.718,0.746,0.718,0.746,756754,0
2014-03-19,0.746,0.746,0.718,0.727,2529845,0
2014-03-20,0.727,0.746,0.718,0.727,1828088,0
2014-03-21,0.818,0.836,0.755,0.782,11976067,0
2014-03-24,0.809,0.809,0.764,0.773,4478926,0
2014-03-25,0.836,0.864,0.736,0.746,25668029,0
2014-03-26,0.755,0.782,0.727,0.736,4019154,0
2014-03-27,0.746,0.764,0.727,0.736,3568182,0
2014-03-28,0.746,0.746,0.727,0.736,2320858,0
2014-03-31,0.755,0.755,0.727,0.727,1498108,0
2014-04-01,0.727,0.736,0.718,0.718,1405714,0
2014-04-02,0.718,0.746,0.709,0.709,3814567,0
2014-04-03,0.709,0.727,0.709,0.727,2263661,0
2014-04-04,0.727,0.736,0.718,0.718,169390,0
2014-04-07,0.727,0.727,0.709,0.718,609363,0
2014-04-08,0.718,0.718,0.709,0.718,1403514,0
2014-04-09,0.709,0.727,0.709,0.718,505969,0
2014-04-10,0.718,0.718,0.7,0.709,1097733,0
2014-04-11,0.718,0.718,0.682,0.7,2265861,0
2014-04-14,0.691,0.718,0.682,0.718,1236324,0
2014-04-15,0.709,0.727,0.7,0.718,13837153,0
2014-04-16,0.709,0.709,0.691,0.7,1247324,0
2014-04-17,0.691,0.7,0.682,0.691,805151,0
2014-04-22,0.718,0.718,0.682,0.691,774353,0
2014-04-23,0.682,0.682,0.664,0.682,1722495,0
2014-04-24,0.673,0.691,0.673,0.673,1003139,0
2014-04-25,0.673,0.682,0.664,0.664,316781,0
2014-04-28,0.664,0.691,0.645,0.664,1797290,0
2014-04-29,0.664,0.664,0.645,0.664,1724694,0
2014-04-30,0.645,0.664,0.645,0.664,492770,0
2014-05-02,0.645,0.655,0.636,0.645,569765,0
2014-05-05,0.664,0.673,0.645,0.664,860147,0
2014-05-07,0.655,0.664,0.645,0.664,503769,0
2014-05-08,0.645,0.664,0.645,0.664,644561,0
2014-05-09,0.664,0.664,0.655,0.664,439973,0
2014-05-12,0.664,0.673,0.655,0.664,202388,0
2014-05-13,0.664,0.664,0.645,0.664,1594902,0
2014-05-14,0.664,0.673,0.645,0.673,2219664,0
2014-05-15,0.655,0.673,0.655,0.673,252985,0
2014-05-16,0.673,0.673,0.655,0.673,230986,0
2014-05-19,0.673,0.673,0.645,0.664,417974,0
2014-05-20,0.664,0.664,0.645,0.664,1047136,0
2014-05-21,0.645,0.664,0.645,0.664,257384,0
2014-05-22,0.655,0.664,0.655,0.664,338779,0
2014-05-23,0.645,0.655,0.645,0.655,16982961,0
2014-05-26,0.645,0.664,0.636,0.655,2092072,0
2014-05-27,0.655,0.664,0.645,0.655,1722495,0
2014-05-28,0.645,0.655,0.645,0.655,1590503,0
2014-05-29,0.645,0.655,0.636,0.645,3543983,0
2014-05-30,0.655,0.655,0.645,0.655,255184,0
2014-06-03,0.655,0.727,0.655,0.682,4247940,0
2014-06-04,0.682,0.691,0.664,0.682,6691991,0
2014-06-05,0.727,0.736,0.7,0.709,11122519,0
2014-06-06,0.718,0.736,0.682,0.691,1295721,0
2014-06-09,0.7,0.7,0.664,0.682,664359,0
2014-06-10,0.691,0.7,0.655,0.691,963541,0
2014-06-11,0.691,0.727,0.691,0.718,7004371,0
2014-06-12,0.727,0.727,0.718,0.727,4080750,0
2014-06-13,0.736,0.755,0.718,0.746,9938992,0
2014-06-16,0.764,0.764,0.727,0.746,10110581,0
2014-06-17,0.746,0.746,0.718,0.736,5031092,0
2014-06-18,0.736,0.755,0.727,0.755,2111871,0
2014-06-19,0.773,0.782,0.736,0.764,227439683,0
2014-06-20,0.764,0.773,0.718,0.727,6621595,0
2014-06-23,0.718,0.736,0.7,0.736,3416391,0
2014-06-24,0.736,0.746,0.709,0.727,6386209,0
2014-06-25,0.727,0.727,0.709,0.709,1559705,0
2014-06-26,0.718,0.727,0.709,0.727,6729388,0
2014-06-27,0.727,0.746,0.709,0.727,11635088,0
2014-06-30,0.718,0.727,0.7,0.718,7400347,0
2014-07-02,0.718,0.746,0.709,0.736,13359783,0
2014-07-03,0.773,0.8,0.736,0.755,64678242,0
2014-07-04,0.755,0.764,0.736,0.755,18434872,0
2014-07-07,0.764,0.764,0.709,0.727,15995221,0
2014-07-08,0.727,0.736,0.709,0.727,4650515,0
2014-07-09,0.718,0.736,0.709,0.727,3671575,0
2014-07-10,0.727,0.727,0.709,0.727,2800429,0
2014-07-11,0.718,0.727,0.709,0.727,4916699,0
2014-07-14,0.718,0.746,0.718,0.727,9224036,0
2014-07-15,0.755,0.8,0.736,0.782,63587109,0
2014-07-16,0.809,0.818,0.7,0.727,104341816,0
2014-07-17,0.727,0.736,0.718,0.718,19539204,0
2014-07-18,0.718,0.727,0.709,0.727,16584785,0
2014-07-21,0.727,0.736,0.709,0.727,19125630,0
2014-07-22,0.727,0.727,0.709,0.727,17299741,0
2014-07-23,0.727,0.736,0.709,0.736,19528205,0
2014-07-24,0.736,0.746,0.718,0.736,36933540,0
2014-07-25,0.736,0.746,0.727,0.746,36143788,0
2014-07-28,0.746,0.755,0.736,0.746,21257299,0
2014-07-29,0.746,0.773,0.746,0.773,43871916,0
2014-07-30,0.773,0.782,0.755,0.764,17438333,0
2014-07-31,0.764,0.782,0.764,0.773,21365093,0
2014-08-01,0.773,0.773,0.755,0.773,17422934,0
2014-08-04,0.773,0.782,0.746,0.755,11855075,0
2014-08-05,0.755,0.755,0.736,0.746,9850997,0
2014-08-06,0.746,0.782,0.736,0.773,17231546,0
2014-08-07,0.773,0.782,0.746,0.755,8143902,0
2014-08-08,0.755,0.764,0.746,0.764,9668408,0
2014-08-11,0.764,0.782,0.755,0.764,15427656,0
2014-08-12,0.755,0.773,0.746,0.773,14728099,0
2014-08-13,0.755,0.782,0.755,0.773,21180304,0
2014-08-14,0.773,0.773,0.764,0.773,5974834,0
2014-08-15,0.773,0.782,0.764,0.782,6377410,0
2014-08-18,0.782,0.827,0.782,0.818,31840852,0
2014-08-19,0.818,0.855,0.809,0.855,35761012,0
2014-08-20,0.864,0.891,0.818,0.855,38196263,0
2014-08-21,0.836,0.891,0.836,0.882,29027224,0
2014-08-22,0.9,0.955,0.873,0.882,38112668,0
2014-08-25,0.891,0.909,0.873,0.891,25540437,0
2014-08-26,0.882,0.9,0.864,0.873,7816122,0
2014-08-27,0.982,0.982,0.836,0.873,62625768,0
2014-08-28,0.873,0.873,0.809,0.836,22854402,0
2014-08-29,0.846,0.855,0.827,0.846,14090138,0
2014-09-01,0.836,0.846,0.818,0.827,12033264,0
2014-09-02,0.827,0.836,0.809,0.827,11993666,0
2014-09-03,0.818,0.836,0.8,0.818,11958468,0
2014-09-04,0.818,0.818,0.791,0.809,16542988,0
2014-09-05,0.8,0.809,0.782,0.809,11753881,0
2014-09-08,0.8,0.818,0.791,0.818,11395303,0
2014-09-10,0.818,0.818,0.764,0.8,15894027,0
2014-09-11,0.791,0.791,0.773,0.782,10128180,0
2014-09-12,0.782,0.782,0.755,0.773,10449361,0
2014-09-15,0.764,0.818,0.755,0.818,12972606,0
2014-09-16,0.818,0.864,0.818,0.846,35464030,0
2014-09-17,0.855,0.864,0.836,0.846,25016869,0
2014-09-18,0.855,0.864,0.836,0.846,22326434,0
2014-09-19,0.846,0.864,0.836,0.864,33809731,0
2014-09-22,0.864,0.873,0.846,0.873,13058401,0
2014-09-23,0.873,0.873,0.855,0.873,18782451,0
2014-09-24,0.873,0.873,0.818,0.827,207064530,0
2014-09-25,0.827,0.873,0.818,0.827,36337377,0
2014-09-26,0.818,0.909,0.782,0.836,117991980,0
2014-09-29,0.827,0.827,0.791,0.8,21974455,0
2014-09-30,0.791,0.8,0.736,0.755,38772628,0
2014-10-03,0.764,0.827,0.755,0.773,24849679,0
2014-10-06,0.773,0.818,0.773,0.8,11278710,0
2014-10-07,0.809,0.827,0.773,0.809,16210808,0
2014-10-08,0.8,0.809,0.782,0.8,12383042,0
2014-10-09,0.8,0.809,0.791,0.809,9367027,0
2014-10-10,0.8,0.809,0.791,0.8,13546771,0
2014-10-13,0.8,0.809,0.782,0.809,8720266,0
2014-10-14,0.8,0.827,0.782,0.791,10708947,0
2014-10-15,0.791,0.818,0.773,0.791,14345322,0
2014-10-16,0.791,0.791,0.773,0.791,7972312,0
2014-10-17,0.791,0.909,0.773,0.855,144383765,0
2014-10-20,0.864,0.873,0.764,0.782,179436421,0
2014-10-21,0.782,0.791,0.773,0.782,8253895,0
2014-10-22,0.782,0.8,0.773,0.8,15795034,0
2014-10-23,0.791,0.809,0.773,0.791,28831436,0
2014-10-24,0.791,0.791,0.773,0.782,24675890,0
2014-10-27,0.782,0.782,0.755,0.773,25610833,0
2014-10-28,0.764,0.782,0.764,0.782,13698562,0
2014-10-29,0.773,0.782,0.764,0.782,13388381,0
2014-10-30,0.773,0.782,0.764,0.773,14028542,0
2014-10-31,0.773,0.809,0.764,0.782,31007103,0
2014-11-03,0.782,0.791,0.764,0.782,14783095,0
2014-11-04,0.782,0.782,0.764,0.773,13150795,0
2014-11-05,0.764,0.782,0.755,0.773,10367966,0
2014-11-06,0.764,0.773,0.755,0.773,11034525,0
2014-11-07,0.764,0.782,0.755,0.764,12944008,0
2014-11-10,0.764,0.773,0.727,0.764,19642598,0
2014-11-11,0.755,0.782,0.755,0.773,14332123,0
2014-11-12,0.773,0.773,0.755,0.764,10590152,0
2014-11-13,0.764,0.773,0.755,0.773,13361982,0
2014-11-14,0.764,0.764,0.755,0.764,9252634,0
2014-11-17,0.764,0.773,0.755,0.764,9283432,0
2014-11-18,0.755,0.773,0.746,0.764,17242545,0
2014-11-19,0.755,0.764,0.755,0.764,8053707,0
2014-11-20,0.764,0.764,0.746,0.764,7246357,0
2014-11-21,0.755,0.764,0.746,0.764,7235357,0
2014-11-24,0.755,0.764,0.736,0.755,12022264,0
2014-11-25,0.746,0.746,0.736,0.746,3200804,0
2014-11-26,0.736,0.746,0.691,0.709,23265776,0
2014-11-27,0.709,0.718,0.691,0.709,19607400,0
2014-11-28,0.709,0.709,0.682,0.691,11571292,0
2014-12-01,0.691,0.736,0.673,0.691,26928552,0
2014-12-02,0.691,0.718,0.673,0.682,10667147,0
2014-12-03,0.682,0.691,0.673,0.682,3060013,0
2014-12-04,0.682,0.691,0.664,0.682,4023554,0
2014-12-05,0.682,0.682,0.673,0.682,3242602,0
2014-12-08,0.673,0.682,0.664,0.682,3845365,0
2014-12-09,0.673,0.682,0.664,0.682,4459127,0
2014-12-10,0.664,0.682,0.664,0.673,2353856,0
2014-12-11,0.673,0.682,0.655,0.682,5860441,0
2014-12-12,0.673,0.691,0.673,0.682,3304198,0
2014-12-15,0.673,0.682,0.673,0.682,758954,0
2014-12-16,0.673,0.682,0.664,0.682,789752,0
2014-12-17,0.673,0.682,0.664,0.664,2347256,0
2014-12-18,0.664,0.673,0.645,0.664,4758309,0
2014-12-19,0.664,0.7,0.655,0.673,2081073,0
2014-12-22,0.664,0.664,0.655,0.664,1867686,0
2014-12-23,0.655,0.664,0.636,0.655,3449389,0
2014-12-24,0.655,0.655,0.627,0.636,4388731,0
2014-12-29,0.636,0.645,0.627,0.645,1258323,0
2014-12-30,0.645,0.645,0.627,0.636,4071951,0
2014-12-31,0.636,0.645,0.618,0.636,4927698,0
2015-01-02,0.627,0.627,0.609,0.627,4802306,0
2015-01-05,0.627,0.645,0.618,0.645,10389964,0
2015-01-06,0.636,0.664,0.627,0.655,11360105,0
2015-01-07,0.655,0.682,0.655,0.673,7796323,0
2015-01-08,0.691,0.709,0.682,0.7,11808877,0
2015-01-09,0.7,0.718,0.691,0.691,5081689,0
2015-01-12,0.691,0.691,0.673,0.673,6062829,0
2015-01-13,0.682,0.682,0.673,0.673,1572904,0
2015-01-14,0.682,0.7,0.673,0.682,6324613,0
2015-01-15,0.673,0.7,0.664,0.691,8223097,0
2015-01-16,0.691,0.7,0.682,0.7,4421729,0
2015-01-19,0.7,0.709,0.673,0.673,9481420,0
2015-01-20,0.682,0.709,0.673,0.682,6003433,0
2015-01-21,0.682,0.691,0.673,0.682,2912622,0
2015-01-22,0.673,0.691,0.664,0.673,5345673,0
2015-01-23,0.682,0.691,0.664,0.673,2512246,0
2015-01-26,0.673,0.673,0.664,0.673,1913883,0
2015-01-27,0.673,0.673,0.655,0.673,2472649,0
2015-01-28,0.673,0.673,0.655,0.664,1927082,0
2015-01-29,0.664,0.664,0.645,0.664,10590152,0
2015-01-30,0.673,0.691,0.655,0.691,5774647,0
2015-02-02,0.691,0.691,0.664,0.673,7323352,0
2015-02-03,0.682,0.7,0.664,0.682,16457193,0
2015-02-04,0.682,0.691,0.673,0.682,10717744,0
2015-02-05,0.682,0.682,0.673,0.682,6439006,0
2015-02-06,0.673,0.682,0.664,0.682,7321152,0
2015-02-09,0.682,0.709,0.664,0.682,42769783,0
2015-02-10,0.691,0.709,0.682,0.7,33365358,0
2015-02-11,0.7,0.709,0.682,0.7,19807588,0
2015-02-12,0.691,0.7,0.673,0.691,7747926,0
2015-02-13,0.682,0.691,0.673,0.691,4331535,0
2015-02-16,0.682,0.7,0.673,0.682,8979851,0
2015-02-17,0.682,0.691,0.682,0.691,3024815,0
2015-02-18,0.682,0.691,0.682,0.691,1220925,0
2015-02-23,0.691,0.7,0.682,0.691,4553721,0
2015-02-24,0.691,0.691,0.673,0.682,5803245,0
2015-02-25,0.682,0.691,0.682,0.691,5616256,0
2015-02-26,0.691,0.691,0.673,0.691,5015693,0
2015-02-27,0.691,0.709,0.682,0.691,13608367,0
2015-03-02,0.682,0.691,0.673,0.682,31763856,0
2015-03-03,0.682,0.682,0.664,0.682,14765497,0
2015-03-04,0.682,0.691,0.664,0.682,21455287,0
2015-03-05,0.673,0.682,0.664,0.682,9872996,0
2015-03-06,0.682,0.691,0.664,0.682,47044121,0
2015-03-09,0.682,0.691,0.655,0.655,42866577,0
2015-03-10,0.655,0.673,0.655,0.664,9666209,0
2015-03-11,0.664,0.718,0.655,0.709,23782745,0
2015-03-12,0.709,0.746,0.673,0.682,76572915,0
2015-03-13,0.682,0.682,0.673,0.682,5638255,0
2015-03-16,0.682,0.682,0.664,0.682,23003992,0
2015-03-17,0.673,0.7,0.664,0.673,44864055,0
2015-03-18,0.673,0.673,0.645,0.655,49697159,0
2015-03-19,0.664,0.664,0.645,0.664,25203858,0
2015-03-20,0.664,0.673,0.655,0.664,17726515,0
2015-03-23,0.664,0.673,0.655,0.664,16180010,0
2015-03-24,0.664,0.673,0.655,0.673,13106798,0
2015-03-25,0.664,0.691,0.664,0.691,16793772,0
2015-03-26,0.691,0.7,0.664,0.673,43042566,0
2015-03-27,0.655,0.655,0.6,0.636,56668533,0
2015-03-30,0.636,0.645,0.582,0.591,33611743,0
2015-03-31,0.591,0.618,0.582,0.6,63375922,0
2015-04-01,0.6,0.618,0.591,0.6,24598895,0
2015-04-02,0.6,0.609,0.582,0.591,19862585,0
2015-04-08,0.6,0.618,0.591,0.618,26343388,0
2015-04-09,0.618,0.682,0.609,0.664,105190964,0
2015-04-10,0.673,0.682,0.645,0.655,45253431,0
2015-04-13,0.673,0.727,0.673,0.718,67582065,0
2015-04-14,0.727,0.755,0.682,0.718,57269096,0
2015-04-15,0.718,0.718,0.664,0.673,45596610,0
2015-04-16,0.673,0.682,0.655,0.682,17757313,0
2015-04-17,0.682,0.7,0.673,0.682,33013380,0
2015-04-20,0.682,0.7,0.636,0.645,38051072,0
2015-04-21,0.655,0.673,0.645,0.664,25657030,0
2015-04-22,0.664,0.682,0.645,0.664,36841146,0
2015-04-23,0.664,0.682,0.655,0.673,13322385,0
2015-04-24,0.673,0.682,0.645,0.655,36546364,0
2015-04-27,0.655,0.673,0.645,0.664,13095799,0
2015-04-28,0.673,0.691,0.673,0.691,25918814,0
2015-04-29,0.691,0.7,0.673,0.682,20416951,0
2015-04-30,0.682,0.682,0.664,0.673,16094215,0
2015-05-04,0.673,0.773,0.673,0.682,98789355,0
2015-05-05,0.691,0.709,0.664,0.673,27205735,0
2015-05-06,0.673,0.673,0.655,0.664,22731209,0
2015-05-07,0.664,0.664,0.636,0.655,14305725,0
2015-05-08,0.655,0.664,0.645,0.655,12314846,0
2015-05-11,0.655,0.664,0.645,0.664,25016869,0
2015-05-12,0.664,0.664,0.645,0.655,11839676,0
2015-05-13,0.655,0.691,0.645,0.673,48746817,0
2015-05-14,0.679,0.689,0.661,0.67,31442829,0
2015-05-15,0.679,0.679,0.661,0.67,17117566,0
2015-05-18,0.67,0.689,0.661,0.679,22390709,0
2015-05-19,0.679,0.689,0.661,0.679,16416223,0
2015-05-20,0.67,0.679,0.661,0.67,19875022,0
2015-05-21,0.67,0.679,0.652,0.67,28454497,0
2015-05-22,0.67,0.679,0.661,0.67,17233005,0
2015-05-26,0.67,0.67,0.661,0.67,13356014,0
2015-05-27,0.67,0.67,0.661,0.67,10419956,0
2015-05-28,0.661,0.67,0.652,0.67,14530002,0
2015-05-29,0.661,0.67,0.652,0.661,14083495,0
2015-06-01,0.661,0.679,0.661,0.679,44733500,0
2015-06-02,0.67,0.679,0.661,0.67,23157395,0
2015-06-03,0.67,0.698,0.67,0.689,34243845,0
2015-06-04,0.679,0.689,0.661,0.679,27378523,0
2015-06-05,0.67,0.679,0.652,0.67,35888299,0
2015-06-08,0.661,0.67,0.643,0.661,36293423,0
2015-06-09,0.661,0.661,0.624,0.643,24446821,0
2015-06-10,0.643,0.652,0.624,0.643,27591975,0
2015-06-11,0.643,0.652,0.634,0.643,33699324,0
2015-06-12,0.643,0.744,0.588,0.606,179123495,0
2015-06-15,0.606,0.615,0.597,0.606,43444074,0
2015-06-16,0.606,0.615,0.588,0.606,11234560,0
2015-06-17,0.597,0.615,0.597,0.606,10202148,0
2015-06-18,0.606,0.606,0.588,0.606,9398435,0
2015-06-19,0.597,0.606,0.588,0.606,7782296,0
2015-06-22,0.597,0.606,0.588,0.606,13791631,0
2015-06-23,0.597,0.606,0.588,0.597,7440337,0
2015-06-24,0.588,0.606,0.588,0.606,15947935,0
2015-06-25,0.597,0.643,0.597,0.624,27138933,0
2015-06-26,0.624,0.634,0.615,0.615,12979206,0
2015-06-29,0.624,0.643,0.597,0.615,18343828,0
2015-06-30,0.615,0.615,0.578,0.597,14484262,0
2015-07-02,0.597,0.615,0.588,0.606,15102838,0
2015-07-03,0.606,0.606,0.551,0.588,15749729,0
2015-07-06,0.578,0.588,0.45,0.551,37961836,0
2015-07-07,0.56,0.56,0.468,0.523,17596745,0
2015-07-08,0.505,0.505,0.455,0.477,13397398,0
2015-07-09,0.477,0.477,0.477,0.477,0,0
2015-07-10,0.477,0.477,0.477,0.477,0,0
2015-07-13,0.477,0.477,0.477,0.477,0,0
2015-07-14,0.578,0.588,0.496,0.514,88497753,0
2015-07-15,0.514,0.523,0.496,0.505,16548302,0
2015-07-16,0.505,0.523,0.496,0.514,33516365,0
2015-07-17,0.514,0.523,0.505,0.523,26304727,0
2015-07-20,0.523,0.56,0.514,0.542,31975544,0
2015-07-21,0.542,0.551,0.523,0.542,18757403,0
2015-07-22,0.533,0.56,0.533,0.56,53343294,0
2015-07-23,0.551,0.615,0.542,0.597,65536451,0
2015-07-24,0.597,0.661,0.597,0.624,95938809,0
2015-07-27,0.661,0.67,0.588,0.606,51673553,0
2015-07-28,0.606,0.643,0.578,0.606,49768121,0
2015-07-29,0.615,0.624,0.551,0.569,49800705,0
2015-07-30,0.569,0.588,0.551,0.569,44476269,0
2015-07-31,0.569,0.578,0.542,0.56,35787084,0
2015-08-03,0.56,0.569,0.542,0.551,24999423,0
2015-08-04,0.551,0.56,0.542,0.551,18522039,0
2015-08-05,0.551,0.597,0.551,0.578,51748610,0
2015-08-06,0.578,0.588,0.542,0.551,25048190,0
2015-08-07,0.551,0.551,0.523,0.542,16108547,0
2015-08-10,0.542,0.551,0.477,0.496,98337141,0
2015-08-11,0.477,0.523,0.468,0.496,158295780,0
2015-08-12,0.487,0.505,0.459,0.468,105584500,0
2015-08-13,0.468,0.542,0.418,0.427,444512686,0
2015-08-14,0.432,0.441,0.404,0.404,82126311,0
2015-08-17,0.413,0.427,0.399,0.418,26870702,0
2015-08-18,0.418,0.422,0.349,0.354,73822800,0
2015-08-19,0.358,0.367,0.331,0.34,36343780,0
2015-08-20,0.335,0.335,0.294,0.298,32950281,0
2015-08-21,0.294,0.303,0.271,0.28,37684130,0
2015-08-24,0.266,0.266,0.239,0.243,18517095,0
2015-08-25,0.243,0.266,0.239,0.248,16582084,0
2015-08-26,0.253,0.257,0.243,0.248,9296065,0
2015-08-27,0.253,0.257,0.225,0.234,37174001,0
2015-08-28,0.234,0.294,0.234,0.262,97934130,0
2015-08-31,0.257,0.262,0.248,0.248,25201854,0
2015-09-01,0.253,0.294,0.243,0.271,48211226,0
2015-09-02,0.253,0.271,0.248,0.253,23801150,0
2015-09-04,0.262,0.266,0.253,0.257,8163461,0
2015-09-07,0.262,0.266,0.253,0.262,5994306,0
2015-09-08,0.262,0.266,0.257,0.266,9385366,0
2015-09-09,0.275,0.28,0.262,0.266,19131249,0
2015-09-10,0.262,0.266,0.257,0.262,3905306,0
2015-09-11,0.262,0.266,0.257,0.262,6940706,0
2015-09-14,0.266,0.266,0.253,0.253,5059690,0
2015-09-15,0.253,0.257,0.243,0.248,4730212,0
2015-09-16,0.253,0.257,0.248,0.253,6042007,0
2015-09-17,0.253,0.253,0.248,0.248,4644003,0
2015-09-18,0.253,0.262,0.248,0.262,5372246,0
2015-09-21,0.253,0.262,0.253,0.257,3572059,0
2015-09-22,0.262,0.285,0.257,0.266,21709295,0
2015-09-23,0.262,0.262,0.248,0.253,4526931,0
2015-09-24,0.257,0.262,0.253,0.257,2058290,0
2015-09-25,0.257,0.257,0.248,0.253,4229840,0
2015-09-29,0.248,0.257,0.243,0.243,4280459,0
2015-09-30,0.243,0.257,0.243,0.253,11713303,0
2015-10-02,0.253,0.257,0.248,0.253,5619567,0
2015-10-05,0.253,0.257,0.243,0.248,12809860,0
2015-10-06,0.253,0.253,0.243,0.248,4757154,0
2015-10-07,0.253,0.253,0.243,0.248,10250610,0
2015-10-08,0.248,0.266,0.243,0.257,10909241,0
2015-10-09,0.257,0.262,0.253,0.257,6281596,0
2015-10-12,0.257,0.262,0.248,0.253,5034555,0
2015-10-13,0.253,0.257,0.243,0.257,12430329,0
2015-10-14,0.253,0.253,0.248,0.248,4870415,0
2015-10-15,0.248,0.257,0.248,0.253,3415237,0
2015-10-16,0.253,0.257,0.248,0.253,2979707,0
2015-10-19,0.253,0.257,0.253,0.257,6014824,0
2015-10-20,0.257,0.308,0.257,0.289,117174197,0
2015-10-22,0.285,0.289,0.275,0.285,22099499,0
2015-10-23,0.285,0.285,0.275,0.285,4905482,0
2015-10-26,0.285,0.289,0.271,0.275,16608984,0
2015-10-27,0.275,0.275,0.262,0.271,5913500,0
2015-10-28,0.271,0.271,0.262,0.266,4083081,0
2015-10-29,0.266,0.266,0.257,0.266,3145699,0
2015-10-30,0.266,0.271,0.262,0.262,5628650,0
2015-11-02,0.23,0.248,0.211,0.243,57224794,0
2015-11-03,0.243,0.257,0.243,0.248,12480250,0
2015-11-04,0.248,0.266,0.248,0.266,10465500,0
2015-11-05,0.266,0.275,0.257,0.266,10909198,0
2015-11-06,0.262,0.266,0.257,0.262,9909196,0
2015-11-09,0.266,0.271,0.248,0.257,16127300,0
2015-11-10,0.257,0.257,0.239,0.243,45999839,0
2015-11-11,0.25,0.26,0.248,0.25,6400000,0
2015-11-12,0.25,0.255,0.248,0.25,2721900,0
2015-11-13,0.25,0.26,0.249,0.25,2789820,0
2015-11-16,0.249,0.255,0.246,0.255,2070200,0
2015-11-17,0.255,0.27,0.249,0.27,6807000,0
2015-11-18,0.265,0.265,0.255,0.26,2667000,0
2015-11-19,0.255,0.27,0.255,0.27,3380000,0
2015-11-20,0.265,0.27,0.255,0.27,7264000,0
2015-11-23,0.26,0.27,0.255,0.27,1075720,0
2015-11-24,0.265,0.265,0.255,0.26,1476580,0
2015-11-25,0.255,0.265,0.255,0.26,2802700,0
2015-11-26,0.265,0.265,0.26,0.26,4740300,0
2015-11-27,0.26,0.265,0.255,0.26,6984200,0
2015-11-30,0.26,0.26,0.244,0.245,13650880,0
2015-12-01,0.243,0.248,0.241,0.245,3876790,0
2015-12-02,0.245,0.255,0.241,0.25,5642690,0
2015-12-03,0.245,0.25,0.243,0.245,5934020,0
2015-12-04,0.245,0.249,0.24,0.246,11082500,0
2015-12-07,0.244,0.246,0.238,0.24,5624460,0
2015-12-08,0.239,0.24,0.237,0.24,1364520,0
2015-12-09,0.24,0.244,0.23,0.243,3413400,0
2015-12-10,0.244,0.255,0.24,0.255,9803000,0
2015-12-11,0.255,0.285,0.25,0.27,51802120,0
2015-12-14,0.265,0.305,0.265,0.295,61171300,0
2015-12-15,0.3,0.315,0.28,0.29,62543880,0
2015-12-16,0.295,0.305,0.29,0.295,46290150,0
2015-12-17,0.295,0.3,0.285,0.295,64468560,0
2015-12-18,0.295,0.325,0.29,0.3,70568700,0
2015-12-21,0.3,0.315,0.29,0.295,72845630,0
2015-12-22,0.29,0.305,0.285,0.3,112857660,0
2015-12-23,0.295,0.31,0.285,0.29,98494450,0
2015-12-24,0.29,0.295,0.275,0.285,24528120,0
2015-12-28,0.285,0.31,0.275,0.305,54239700,0
2015-12-29,0.305,0.31,0.295,0.305,100923350,0
2015-12-30,0.31,0.36,0.31,0.34,168688980,0
2015-12-31,0.345,0.38,0.34,0.35,128414110,0
2016-01-04,0.37,0.375,0.32,0.33,80219150,0
2016-01-05,0.33,0.34,0.31,0.325,103595810,0
2016-01-06,0.32,0.345,0.32,0.33,89061680,0
2016-01-07,0.325,0.33,0.29,0.305,26366300,0
2016-01-08,0.31,0.35,0.29,0.31,104025500,0
2016-01-11,0.3,0.325,0.29,0.3,112595050,0
2016-01-12,0.305,0.32,0.3,0.31,87836730,0
2016-01-13,0.315,0.335,0.305,0.32,188172640,0
2016-01-14,0.32,0.32,0.3,0.31,103763100,0
2016-01-15,0.31,0.39,0.29,0.3,557324850,0
2016-01-18,0.3,0.305,0.29,0.3,89611060,0
2016-01-19,0.3,0.31,0.29,0.3,85472020,0
2016-01-20,0.32,0.325,0.275,0.285,92466200,0
2016-01-21,0.28,0.285,0.145,0.159,221000730,0
2016-01-22,0.19,0.194,0.163,0.165,154898000,0
2016-01-25,0.174,0.176,0.169,0.173,66863510,0
2016-01-26,0.173,0.175,0.165,0.175,24753000,0
2016-01-27,0.177,0.183,0.167,0.173,25260500,0
2016-01-28,0.173,0.175,0.17,0.173,7540000,0
2016-01-29,0.172,0.172,0.165,0.169,11996200,0
2016-02-01,0.169,0.171,0.16,0.168,22980700,0
2016-02-02,0.166,0.171,0.166,0.171,18211400,0
2016-02-03,0.17,0.175,0.166,0.175,18490100,0
2016-02-04,0.175,0.178,0.174,0.176,12271000,0
2016-02-05,0.176,0.184,0.173,0.178,5550000,0
2016-02-11,0.176,0.184,0.173,0.182,5908000,0
2016-02-12,0.185,0.185,0.18,0.183,2270300,0
2016-02-15,0.184,0.197,0.184,0.196,25180000,0
2016-02-16,0.197,0.205,0.192,0.194,17380200,0
2016-02-17,0.196,0.2,0.194,0.199,5920260,0
2016-02-18,0.2,0.2,0.194,0.196,11819380,0
2016-02-19,0.195,0.199,0.193,0.197,5099200,0
2016-02-22,0.197,0.199,0.19,0.197,5403000,0
2016-02-23,0.195,0.196,0.189,0.194,10410000,0
2016-02-24,0.193,0.193,0.189,0.191,3740000,0
2016-02-25,0.19,0.191,0.184,0.191,10490000,0
2016-02-26,0.191,0.191,0.185,0.191,1730000,0
2016-02-29,0.188,0.191,0.186,0.191,7389000,0
2016-03-01,0.19,0.19,0.187,0.19,2440000,0
2016-03-02,0.19,0.195,0.188,0.194,23512880,0
2016-03-03,0.185,0.194,0.185,0.194,1591220,0
2016-03-04,0.193,0.193,0.19,0.193,3680000,0
2016-03-07,0.19,0.193,0.186,0.191,4256000,0
2016-03-08,0.19,0.192,0.186,0.191,2300000,0
2016-03-09,0.188,0.19,0.188,0.19,2794000,0
2016-03-10,0.182,0.203,0.182,0.193,63610020,0
2016-03-11,0.192,0.192,0.186,0.19,7905000,0
2016-03-14,0.19,0.192,0.188,0.192,3430200,0
2016-03-15,0.188,0.19,0.181,0.189,8990000,0
2016-03-16,0.189,0.19,0.185,0.188,3950000,0
2016-03-17,0.188,0.189,0.185,0.188,3316000,0
2016-03-18,0.189,0.193,0.184,0.189,6321300,0
2016-03-21,0.188,0.19,0.184,0.19,2300920,0
2016-03-22,0.19,0.19,0.186,0.19,2320000,0
2016-03-23,0.19,0.191,0.187,0.189,7105260,0
2016-03-24,0.185,0.19,0.185,0.189,1140000,0
2016-03-29,0.19,0.19,0.181,0.186,6130000,0
2016-03-30,0.185,0.187,0.183,0.187,3870000,0
2016-03-31,0.187,0.19,0.184,0.187,8341650,0
2016-04-01,0.187,0.19,0.185,0.188,7607160,0
2016-04-05,0.186,0.187,0.184,0.186,4246000,0
2016-04-06,0.185,0.189,0.183,0.188,17628000,0
2016-04-07,0.18,0.188,0.18,0.187,5360580,0
2016-04-08,0.187,0.193,0.187,0.192,5835700,0
2016-04-11,0.192,0.192,0.187,0.19,10970000,0
2016-04-12,0.19,0.19,0.185,0.189,21940500,0
2016-04-13,0.188,0.188,0.184,0.188,2280320,0
2016-04-14,0.186,0.187,0.184,0.186,2770000,0
2016-04-15,0.185,0.187,0.183,0.187,8544000,0
2016-04-18,0.185,0.185,0.174,0.182,15326000,0
2016-04-19,0.18,0.185,0.175,0.185,5860100,0
2016-04-20,0.183,0.185,0.18,0.183,8682000,0
2016-04-21,0.18,0.184,0.18,0.183,5010000,0
2016-04-22,0.18,0.184,0.18,0.184,2609000,0
2016-04-25,0.18,0.184,0.174,0.182,9560000,0
2016-04-26,0.178,0.179,0.172,0.178,7867880,0
2016-04-27,0.166,0.178,0.166,0.174,4630500,0
2016-04-28,0.174,0.178,0.173,0.177,4130200,0
2016-04-29,0.177,0.182,0.174,0.181,11474000,0
2016-05-03,0.181,0.185,0.178,0.184,41453650,0
2016-05-04,0.185,0.188,0.183,0.185,27711830,0
2016-05-05,0.185,0.187,0.185,0.185,65540000,0
2016-05-06,0.187,0.188,0.18,0.186,45006360,0
2016-05-09,0.186,0.187,0.183,0.187,36364040,0
2016-05-10,0.186,0.188,0.174,0.177,86095000,0
2016-05-11,0.179,0.186,0.169,0.175,58297300,0
2016-05-12,0.173,0.174,0.168,0.17,3914120,0
2016-05-13,0.171,0.174,0.164,0.17,11111800,0
2016-05-16,0.168,0.171,0.166,0.171,4772950,0
2016-05-17,0.169,0.171,0.168,0.171,2660000,0
2016-05-18,0.17,0.172,0.167,0.17,5302380,0
2016-05-19,0.169,0.17,0.167,0.169,2250300,0
2016-05-20,0.166,0.173,0.165,0.171,1320000,0
2016-05-23,0.168,0.17,0.166,0.17,2070000,0
2016-05-24,0.169,0.169,0.165,0.169,4960000,0
2016-05-25,0.17,0.175,0.158,0.166,13231000,0
2016-05-26,0.169,0.169,0.16,0.167,4265000,0
2016-05-27,0.165,0.167,0.161,0.165,5554030,0
2016-05-30,0.165,0.165,0.161,0.165,2350000,0
2016-05-31,0.16,0.166,0.16,0.165,7980150,0
2016-06-01,0.169,0.169,0.162,0.163,1664140,0
2016-06-02,0.163,0.175,0.163,0.17,8065100,0
2016-06-03,0.167,0.175,0.166,0.175,5640000,0
2016-06-06,0.177,0.18,0.174,0.176,5360000,0
2016-06-07,0.178,0.178,0.171,0.173,2570800,0
2016-06-08,0.172,0.172,0.168,0.168,1590000,0
2016-06-10,0.167,0.168,0.164,0.164,820200,0
2016-06-13,0.163,0.169,0.163,0.166,4540960,0
2016-06-14,0.168,0.168,0.164,0.166,1160000,0
2016-06-15,0.166,0.168,0.166,0.166,500000,0
2016-06-16,0.165,0.167,0.165,0.166,1670300,0
2016-06-17,0.166,0.167,0.165,0.167,487650,0
2016-06-20,0.165,0.167,0.161,0.166,2234000,0
2016-06-21,0.163,0.164,0.158,0.162,3660000,0
2016-06-22,0.162,0.163,0.161,0.161,3931000,0
2016-06-23,0.163,0.163,0.16,0.16,1740200,0
2016-06-24,0.163,0.163,0.158,0.161,2380000,0
2016-06-27,0.163,0.163,0.16,0.162,1340100,0
2016-06-28,0.163,0.163,0.159,0.16,2091000,0
2016-06-29,0.159,0.163,0.159,0.159,2310000,0
2016-06-30,0.162,0.162,0.16,0.161,856150,0
2016-07-04,0.161,0.161,0.156,0.157,3200000,0
2016-07-05,0.161,0.161,0.156,0.157,5920000,0
2016-07-06,0.162,0.162,0.158,0.159,1270000,0
2016-07-07,0.161,0.161,0.158,0.16,400000,0
2016-07-08,0.16,0.16,0.156,0.16,1609660,0
2016-07-11,0.161,0.161,0.158,0.159,720000,0
2016-07-12,0.161,0.161,0.159,0.161,1350400,0
2016-07-13,0.162,0.164,0.161,0.163,3400000,0
2016-07-14,0.161,0.163,0.16,0.163,1320000,0
2016-07-15,0.161,0.163,0.16,0.16,470000,0
2016-07-18,0.164,0.17,0.16,0.161,956450,0
2016-07-19,0.161,0.161,0.161,0.161,111500,0
2016-07-20,0.161,0.163,0.157,0.163,900200,0
2016-07-21,0.162,0.163,0.157,0.163,1581200,0
2016-07-22,0.161,0.162,0.159,0.162,960400,0
2016-07-25,0.16,0.161,0.155,0.161,3160000,0
2016-07-26,0.16,0.16,0.155,0.156,4059750,0
2016-07-27,0.158,0.158,0.155,0.155,500000,0
2016-07-28,0.156,0.156,0.153,0.153,3135250,0
2016-07-29,0.154,0.156,0.148,0.148,2714740,0
2016-08-01,0.157,0.157,0.151,0.151,832220,0
2016-08-03,0.148,0.15,0.148,0.148,961600,0
2016-08-04,0.152,0.152,0.147,0.15,670960,0
2016-08-05,0.152,0.154,0.147,0.154,1614540,0
2016-08-08,0.155,0.155,0.148,0.148,1640000,0
2016-08-09,0.152,0.152,0.146,0.148,970000,0
2016-08-10,0.148,0.148,0.146,0.147,340600,0
2016-08-11,0.147,0.147,0.14,0.141,5659430,0
2016-08-12,0.149,0.149,0.137,0.142,3670300,0
2016-08-15,0.142,0.145,0.138,0.145,860660,0
2016-08-16,0.143,0.143,0.139,0.142,1352100,0
2016-08-17,0.148,0.148,0.135,0.141,5835450,0
2016-08-18,0.141,0.141,0.134,0.138,10880000,0
2016-08-19,0.141,0.141,0.14,0.14,173000,0
2016-08-22,0.139,0.14,0.135,0.14,2360300,0
2016-08-23,0.141,0.144,0.135,0.144,3225500,0
2016-08-24,0.142,0.142,0.136,0.14,2300700,0
2016-08-25,0.14,0.143,0.134,0.136,4781000,0
2016-08-26,0.138,0.139,0.134,0.139,3064000,0
2016-08-29,0.139,0.139,0.137,0.139,251180,0
2016-08-30,0.143,0.143,0.136,0.14,1580000,0
2016-08-31,0.142,0.142,0.135,0.142,1990300,0
2016-09-01,0.142,0.142,0.133,0.141,12420000,0
2016-09-02,0.13,0.138,0.13,0.137,857000,0
2016-09-05,0.135,0.137,0.131,0.136,2992620,0
2016-09-06,0.135,0.136,0.133,0.136,1830000,0
2016-09-07,0.135,0.135,0.131,0.133,7420000,0
2016-09-08,0.133,0.138,0.125,0.137,3942060,0
2016-09-09,0.125,0.138,0.125,0.137,4120200,0
2016-09-12,0.137,0.137,0.133,0.133,430700,0
2016-09-13,0.136,0.138,0.134,0.137,2020000,0
2016-09-14,0.135,0.139,0.135,0.139,1983080,0
2016-09-15,0.141,0.141,0.14,0.141,760000,0
2016-09-19,0.133,0.14,0.133,0.14,690120,0
2016-09-20,0.139,0.14,0.135,0.14,1641000,0
2016-09-21,0.14,0.141,0.136,0.14,3998450,0
2016-09-22,0.14,0.142,0.138,0.14,3366380,0
2016-09-23,0.14,0.151,0.139,0.148,4667800,0
2016-09-26,0.148,0.148,0.142,0.145,1191710,0
2016-09-27,0.145,0.145,0.137,0.143,1064500,0
2016-09-28,0.138,0.144,0.138,0.14,668600,0
2016-09-29,0.14,0.14,0.133,0.139,1900000,0
2016-09-30,0.14,0.14,0.133,0.14,5410000,0
2016-10-03,0.136,0.139,0.133,0.139,4400000,0
2016-10-04,0.136,0.136,0.133,0.135,5325450,0
2016-10-05,0.134,0.137,0.133,0.137,2270800,0
2016-10-06,0.135,0.138,0.134,0.138,4856500,0
2016-10-07,0.136,0.137,0.133,0.137,2600000,0
2016-10-11,0.135,0.138,0.135,0.138,220000,0
2016-10-12,0.136,0.141,0.135,0.141,6042020,0
2016-10-13,0.137,0.139,0.136,0.139,1610000,0
2016-10-14,0.136,0.139,0.136,0.139,1260000,0
2016-10-17,0.132,0.136,0.132,0.136,10300,0
2016-10-18,0.135,0.14,0.135,0.14,310000,0
2016-10-19,0.14,0.14,0.136,0.139,1790000,0
2016-10-20,0.136,0.137,0.134,0.136,1030000,0
2016-10-24,0.135,0.136,0.134,0.136,1851000,0
2016-10-25,0.136,0.143,0.136,0.14,3910000,0
2016-10-26,0.141,0.142,0.134,0.136,2061500,0
2016-10-27,0.135,0.14,0.134,0.14,2080000,0
2016-10-28,0.137,0.137,0.135,0.135,520000,0
2016-10-31,0.135,0.135,0.133,0.134,3030000,0
2016-11-01,0.134,0.135,0.134,0.135,440000,0
2016-11-02,0.135,0.137,0.135,0.137,1070000,0
2016-11-03,0.125,0.135,0.125,0.135,910300,0
2016-11-04,0.135,0.138,0.135,0.138,940600,0
2016-11-07,0.135,0.139,0.135,0.137,1050060,0
2016-11-08,0.143,0.143,0.135,0.137,1853060,0
2016-11-09,0.136,0.141,0.134,0.136,1016460,0
2016-11-10,0.14,0.141,0.137,0.138,964050,0
2016-11-11,0.14,0.141,0.138,0.138,700000,0
2016-11-14,0.135,0.137,0.134,0.136,552100,0
2016-11-15,0.135,0.138,0.134,0.138,1112410,0
2016-11-16,0.138,0.143,0.138,0.14,3420100,0
2016-11-17,0.139,0.139,0.136,0.136,901850,0
2016-11-18,0.135,0.137,0.135,0.136,976300,0
2016-11-21,0.135,0.136,0.134,0.136,125000,0
2016-11-22,0.138,0.138,0.138,0.138,200000,0
2016-11-23,0.135,0.137,0.135,0.135,165750,0
2016-11-24,0.134,0.135,0.13,0.135,4450200,0
2016-11-25,0.133,0.138,0.133,0.138,1042000,0
2016-11-28,0.137,0.137,0.137,0.137,120000,0
2016-11-29,0.125,0.135,0.125,0.135,760800,0
2016-11-30,0.134,0.137,0.134,0.136,3390000,0
2016-12-01,0.134,0.137,0.133,0.136,1177140,0
2016-12-02,0.13,0.135,0.129,0.13,4090000,0
2016-12-05,0.133,0.135,0.131,0.131,905750,0
2016-12-06,0.133,0.133,0.105,0.118,19800600,0
2016-12-07,0.125,0.13,0.119,0.122,29720760,0
2016-12-08,0.124,0.124,0.116,0.119,8872500,0
2016-12-09,0.122,0.123,0.118,0.12,3940800,0
2016-12-12,0.12,0.12,0.111,0.118,9670000,0
2016-12-13,0.12,0.122,0.115,0.117,4160600,0
2016-12-14,0.12,0.12,0.12,0.12,610000,0
2016-12-15,0.12,0.12,0.115,0.12,4023220,0
2016-12-16,0.118,0.125,0.117,0.123,6635000,0
2016-12-19,0.119,0.124,0.105,0.107,50660700,0
2016-12-20,0.11,0.116,0.104,0.105,23400000,0
2016-12-21,0.108,0.108,0.102,0.104,27830000,0
2016-12-22,0.104,0.105,0.101,0.104,21382500,0
2016-12-23,0.103,0.106,0.102,0.105,8236920,0
2016-12-28,0.105,0.11,0.105,0.11,3582500,0
2016-12-29,0.108,0.113,0.108,0.113,4980000,0
2016-12-30,0.113,0.127,0.11,0.126,12910700,0
2017-01-03,0.131,0.131,0.122,0.125,4930000,0
2017-01-04,0.121,0.123,0.118,0.122,1960100,0
2017-01-05,0.12,0.122,0.117,0.121,1204080,0
2017-01-06,0.123,0.125,0.121,0.121,625000,0
2017-01-09,0.122,0.124,0.122,0.124,2554240,0
2017-01-10,0.123,0.124,0.123,0.124,586000,0
2017-01-11,0.11,0.121,0.11,0.121,696900,0
2017-01-12,0.121,0.121,0.121,0.121,210000,0
2017-01-13,0.121,0.132,0.121,0.131,13063520,0
2017-01-16,0.132,0.132,0.128,0.13,4906940,0
2017-01-17,0.122,0.132,0.122,0.13,1302500,0
2017-01-18,0.137,0.137,0.13,0.137,3860100,0
2017-01-19,0.139,0.159,0.139,0.148,17850200,0
2017-01-20,0.145,0.152,0.143,0.146,9800500,0
2017-01-23,0.144,0.144,0.133,0.144,1780600,0
2017-01-24,0.142,0.142,0.134,0.142,2400000,0
2017-01-25,0.151,0.153,0.144,0.149,22160070,0
2017-01-26,0.152,0.162,0.152,0.154,6293600,0
2017-01-27,0.152,0.152,0.144,0.148,2886650,0
2017-02-01,0.148,0.148,0.14,0.142,1755450,0
2017-02-02,0.14,0.145,0.14,0.145,618160,0
2017-02-03,0.149,0.155,0.146,0.151,22090000,0
2017-02-06,0.151,0.155,0.15,0.153,26683280,0
2017-02-07,0.142,0.162,0.142,0.16,36222760,0
2017-02-08,0.157,0.163,0.156,0.161,42710500,0
2017-02-09,0.161,0.166,0.159,0.165,13692040,0
2017-02-10,0.164,0.167,0.156,0.166,49029010,0
2017-02-13,0.165,0.179,0.16,0.176,57888000,0
2017-02-14,0.177,0.185,0.174,0.179,50015900,0
2017-02-15,0.175,0.185,0.175,0.182,66627250,0
2017-02-16,0.175,0.184,0.172,0.175,84538420,0
2017-02-17,0.175,0.177,0.166,0.177,60539780,0
2017-02-20,0.172,0.185,0.17,0.18,52698550,0
2017-02-21,0.175,0.185,0.175,0.179,50010000,0
2017-02-22,0.178,0.189,0.176,0.185,52850160,0
2017-02-23,0.185,0.187,0.181,0.185,25870300,0
2017-02-24,0.183,0.187,0.181,0.186,21040100,0
2017-02-27,0.182,0.182,0.171,0.175,49541300,0
2017-02-28,0.172,0.181,0.171,0.174,41530000,0
2017-03-01,0.17,0.179,0.17,0.175,35610600,0
2017-03-02,0.173,0.177,0.173,0.174,701500,0
2017-03-03,0.172,0.178,0.17,0.173,6775350,0
2017-03-06,0.173,0.183,0.173,0.182,5570420,0
2017-03-07,0.182,0.186,0.18,0.181,6910000,0
2017-03-08,0.184,0.19,0.182,0.186,4390300,0
2017-03-09,0.182,0.19,0.18,0.185,3669350,0
2017-03-10,0.186,0.189,0.184,0.184,830100,0
2017-03-13,0.189,0.189,0.183,0.184,410000,0
2017-03-14,0.172,0.187,0.172,0.183,1671140,0
2017-03-15,0.183,0.186,0.179,0.182,2879250,0
2017-03-16,0.182,0.186,0.181,0.186,3661500,0
2017-03-17,0.184,0.184,0.178,0.18,8520380,0
2017-03-20,0.185,0.185,0.177,0.185,3060500,0
2017-03-21,0.171,0.186,0.171,0.184,1891500,0
2017-03-22,0.186,0.186,0.179,0.185,1415540,0
2017-03-23,0.184,0.184,0.181,0.184,1760000,0
2017-03-24,0.176,0.184,0.176,0.182,1989000,0
2017-03-27,0.182,0.182,0.178,0.181,3348150,0
2017-03-28,0.181,0.181,0.18,0.18,2306340,0
2017-03-29,0.178,0.182,0.178,0.179,15580000,0
2017-03-30,0.178,0.179,0.172,0.177,15260000,0
2017-03-31,0.172,0.178,0.172,0.178,1110000,0
2017-04-03,0.183,0.183,0.178,0.178,640000,0
2017-04-05,0.175,0.176,0.173,0.175,1700000,0
2017-04-06,0.171,0.174,0.171,0.171,1210200,0
2017-04-07,0.178,0.178,0.166,0.171,1202930,0
2017-04-10,0.181,0.181,0.165,0.166,1800100,0
2017-04-11,0.179,0.179,0.167,0.167,80000,0
2017-04-12,0.165,0.167,0.16,0.166,7566000,0
2017-04-13,0.16,0.162,0.16,0.16,590000,0
2017-04-18,0.16,0.16,0.157,0.16,924140,0
2017-04-19,0.15,0.16,0.15,0.16,493320,0
2017-04-20,0.16,0.16,0.16,0.16,28180,0
2017-04-21,0.16,0.168,0.16,0.167,154340,0
2017-04-24,0.167,0.167,0.166,0.166,420000,0
2017-04-25,0.165,0.168,0.165,0.166,1197020,0
2017-04-26,0.175,0.177,0.166,0.168,1147000,0
2017-04-27,0.16,0.179,0.16,0.179,2435500,0
2017-04-28,0.175,0.179,0.174,0.175,942070,0
2017-05-02,0.171,0.171,0.169,0.171,680000,0
2017-05-04,0.172,0.172,0.168,0.168,198960,0
2017-05-05,0.165,0.173,0.164,0.169,2860000,0
2017-05-08,0.166,0.175,0.161,0.175,2538440,0
2017-05-09,0.166,0.178,0.166,0.171,1260000,0
2017-05-10,0.172,0.18,0.172,0.179,2332760,0
2017-05-11,0.178,0.185,0.175,0.175,5442000,0
2017-05-12,0.176,0.177,0.176,0.176,151000,0
2017-05-15,0.176,0.178,0.176,0.177,440100,0
2017-05-16,0.177,0.177,0.173,0.173,2776200,0
2017-05-17,0.175,0.177,0.175,0.175,318200,0
2017-05-18,0.16,0.175,0.16,0.175,296000,0
2017-05-19,0.169,0.178,0.169,0.169,350000,0
2017-05-22,0.166,0.17,0.165,0.166,690000,0
2017-05-23,0.163,0.166,0.16,0.166,865150,0
2017-05-24,0.168,0.171,0.168,0.168,810000,0
2017-05-25,0.17,0.17,0.168,0.17,30000,0
2017-05-26,0.166,0.17,0.166,0.168,1400300,0
2017-05-29,0.164,0.165,0.164,0.165,40160,0
2017-05-31,0.165,0.165,0.165,0.165,481000,0
2017-06-01,0.16,0.166,0.16,0.166,153160,0
2017-06-02,0.166,0.17,0.166,0.167,411500,0
2017-06-05,0.155,0.175,0.155,0.168,2701420,0
2017-06-06,0.166,0.168,0.166,0.167,1130750,0
2017-06-07,0.166,0.172,0.166,0.167,947000,0
2017-06-08,0.175,0.175,0.169,0.169,550000,0
2017-06-09,0.168,0.168,0.166,0.166,846000,0
2017-06-12,0.165,0.166,0.165,0.166,380000,0
2017-06-13,0.168,0.169,0.168,0.168,560100,0
2017-06-14,0.164,0.169,0.153,0.153,8040000,0
2017-06-15,0.165,0.165,0.14,0.15,22412810,0
2017-06-16,0.15,0.16,0.148,0.152,4454000,0
2017-06-19,0.15,0.153,0.15,0.153,110000,0
2017-06-20,0.156,0.165,0.155,0.163,1301000,0
2017-06-21,0.165,0.171,0.165,0.17,860000,0
2017-06-22,0.17,0.172,0.168,0.168,1180350,0
2017-06-23,0.167,0.168,0.167,0.168,633800,0
2017-06-26,0.172,0.172,0.169,0.172,1840000,0
2017-06-27,0.172,0.172,0.166,0.168,560000,0
2017-06-28,0.155,0.168,0.155,0.166,1500400,0
2017-06-29,0.166,0.167,0.164,0.167,1790000,0
2017-06-30,0.165,0.166,0.165,0.166,505000,0
2017-07-03,0.169,0.17,0.15,0.151,2483000,0
2017-07-04,0.161,0.166,0.161,0.165,3644580,0
2017-07-05,0.165,0.184,0.165,0.179,11080300,0
2017-07-06,0.179,0.185,0.179,0.185,11778000,0
2017-07-07,0.175,0.203,0.175,0.192,14839340,0
2017-07-10,0.192,0.192,0.172,0.192,8215600,0
2017-07-11,0.192,0.199,0.182,0.199,14974500,0
2017-07-12,0.2,0.2,0.19,0.196,1922900,0
2017-07-13,0.19,0.205,0.18,0.196,12188150,0
2017-07-14,0.193,0.21,0.188,0.208,11952120,0
2017-07-17,0.208,0.237,0.205,0.236,22037750,0
2017-07-18,0.236,0.24,0.219,0.238,37758660,0
2017-07-19,0.237,0.246,0.235,0.237,28828530,0
2017-07-20,0.233,0.235,0.23,0.23,1692400,0
2017-07-21,0.223,0.227,0.218,0.219,2255100,0
2017-07-24,0.22,0.22,0.212,0.216,1590000,0
2017-07-25,0.215,0.219,0.211,0.213,2010000,0
2017-07-26,0.213,0.213,0.201,0.207,4390000,0
2017-07-27,0.203,0.217,0.191,0.208,4000450,0
2017-07-28,0.202,0.206,0.198,0.204,1210000,0
2017-07-31,0.19,0.206,0.19,0.206,760870,0
2017-08-01,0.206,0.206,0.2,0.202,197940,0
2017-08-02,0.2,0.204,0.198,0.2,1775750,0
2017-08-03,0.192,0.2,0.192,0.2,1510200,0
2017-08-04,0.19,0.195,0.19,0.194,68000,0
2017-08-07,0.199,0.199,0.196,0.199,210000,0
2017-08-08,0.196,0.197,0.196,0.196,130000,0
2017-08-09,0.197,0.198,0.197,0.197,100000,0
2017-08-10,0.21,0.214,0.202,0.205,2457900,0
2017-08-11,0.211,0.211,0.206,0.209,2545120,0
2017-08-14,0.209,0.215,0.209,0.21,6793500,0
2017-08-15,0.215,0.216,0.211,0.216,1520000,0
2017-08-16,0.205,0.211,0.205,0.211,146040,0
2017-08-17,0.211,0.212,0.21,0.212,261500,0
2017-08-18,0.194,0.207,0.194,0.207,312000,0
2017-08-21,0.216,0.22,0.212,0.218,3693140,0
2017-08-22,0.211,0.22,0.211,0.22,2431800,0
2017-08-24,0.215,0.222,0.215,0.221,450000,0
2017-08-25,0.228,0.237,0.218,0.236,6062610,0
2017-08-28,0.22,0.237,0.216,0.235,2902180,0
2017-08-29,0.235,0.24,0.223,0.24,9228690,0
2017-08-30,0.225,0.242,0.225,0.242,1038180,0
2017-08-31,0.238,0.238,0.238,0.238,0,0
2017-09-01,0.237,0.239,0.23,0.239,5480000,0
2017-09-04,0.22,0.239,0.22,0.232,8470500,0
2017-09-05,0.232,0.239,0.232,0.239,4133000,0
2017-09-06,0.234,0.239,0.23,0.231,4716100,0
2017-09-07,0.22,0.239,0.22,0.233,5805260,0
2017-09-08,0.233,0.233,0.233,0.233,1120550,0
2017-09-11,0.238,0.248,0.233,0.248,8927260,0
2017-09-12,0.245,0.25,0.24,0.25,6035340,0
2017-09-13,0.25,0.25,0.245,0.245,530000,0
2017-09-14,0.234,0.245,0.234,0.245,2694260,0
2017-09-15,0.24,0.243,0.228,0.235,8942700,0
2017-09-18,0.236,0.249,0.235,0.242,12170000,0
2017-09-19,0.249,0.25,0.248,0.249,4633000,0
2017-09-20,0.249,0.255,0.243,0.25,14611550,0
2017-09-21,0.245,0.255,0.245,0.245,220000,0
2017-09-22,0.242,0.242,0.242,0.242,50000,0
2017-09-25,0.239,0.239,0.239,0.239,151210,0
2017-09-26,0.236,0.248,0.236,0.238,150600,0
2017-09-27,0.232,0.245,0.232,0.245,50020,0
2017-09-28,0.238,0.24,0.238,0.238,80100,0
2017-09-29,0.231,0.239,0.231,0.239,896000,0
2017-10-03,0.224,0.24,0.224,0.23,804400,0
2017-10-04,0.232,0.232,0.232,0.232,41000,0
2017-10-06,0.234,0.24,0.234,0.24,926840,0
2017-10-09,0.235,0.235,0.235,0.235,40860,0
2017-10-10,0.228,0.236,0.228,0.236,8000,0
2017-10-11,0.234,0.234,0.231,0.234,623300,0
2017-10-12,0.234,0.235,0.234,0.235,180900,0
2017-10-13,0.235,0.235,0.235,0.235,174220,0
2017-10-16,0.244,0.26,0.235,0.237,4700000,0
2017-10-17,0.245,0.246,0.237,0.237,1728450,0
2017-10-18,0.249,0.26,0.241,0.25,5984100,0
2017-10-19,0.255,0.265,0.255,0.255,15195000,0
2017-10-20,0.26,0.27,0.25,0.25,12864000,0
2017-10-23,0.265,0.27,0.25,0.26,11452420,0
2017-10-24,0.24,0.27,0.24,0.265,5647900,0
2017-10-25,0.265,0.265,0.26,0.265,120000,0
2017-10-26,0.255,0.26,0.25,0.26,1620000,0
2017-10-27,0.26,0.28,0.26,0.27,19862500,0
2017-10-30,0.27,0.27,0.246,0.247,4801200,0
2017-10-31,0.245,0.245,0.242,0.244,360700,0
2017-11-01,0.25,0.255,0.25,0.255,806250,0
2017-11-02,0.245,0.245,0.245,0.245,102000,0
2017-11-03,0.246,0.25,0.245,0.246,1481810,0
2017-11-06,0.241,0.241,0.241,0.241,30000,0
2017-11-07,0.239,0.244,0.239,0.244,1166700,0
2017-11-08,0.242,0.242,0.242,0.242,10000,0
2017-11-09,0.233,0.242,0.233,0.242,711020,0
2017-11-10,0.24,0.242,0.236,0.242,360000,0
2017-11-13,0.24,0.25,0.24,0.249,790400,0
2017-11-14,0.249,0.249,0.244,0.248,450000,0
2017-11-15,0.247,0.247,0.247,0.247,25750,0
2017-11-16,0.239,0.28,0.239,0.25,2176680,0
2017-11-17,0.247,0.25,0.244,0.25,1330000,0
2017-11-20,0.235,0.246,0.235,0.246,1845500,0
2017-11-21,0.245,0.246,0.245,0.246,1154900,0
2017-11-22,0.244,0.25,0.244,0.248,1185000,0
2017-11-23,0.244,0.25,0.244,0.244,1108150,0
2017-11-24,0.245,0.245,0.244,0.245,580000,0
2017-11-27,0.241,0.25,0.241,0.246,1960580,0
2017-11-28,0.248,0.25,0.245,0.248,920000,0
2017-11-29,0.246,0.247,0.245,0.247,482320,0
2017-11-30,0.246,0.246,0.245,0.246,300000,0
2017-12-01,0.22,0.255,0.22,0.255,92800,0
2017-12-04,0.25,0.25,0.249,0.25,430000,0
2017-12-05,0.236,0.25,0.236,0.25,697820,0
2017-12-06,0.24,0.245,0.24,0.245,131500,0
2017-12-07,0.245,0.249,0.239,0.246,952560,0
2017-12-08,0.241,0.241,0.235,0.241,241000,0
2017-12-11,0.233,0.246,0.233,0.246,236000,0
2017-12-12,0.246,0.246,0.246,0.246,0,0
2017-12-13,0.226,0.24,0.225,0.236,602600,0
2017-12-14,0.233,0.24,0.225,0.233,1021880,0
2017-12-15,0.235,0.235,0.231,0.233,435100,0
2017-12-18,0.238,0.238,0.238,0.238,50000,0
2017-12-19,0.238,0.238,0.238,0.238,10800,0
2017-12-20,0.238,0.25,0.238,0.25,651000,0
2017-12-21,0.25,0.265,0.25,0.25,1760750,0
2017-12-22,0.26,0.26,0.25,0.26,600000,0
2017-12-27,0.265,0.265,0.26,0.265,160000,0
2017-12-28,0.275,0.28,0.27,0.275,901220,0
2017-12-29,0.27,0.29,0.26,0.29,12979900,0
2018-01-02,0.285,0.29,0.26,0.27,3195390,0
2018-01-03,0.255,0.27,0.255,0.27,117380,0
2018-01-04,0.26,0.27,0.26,0.27,1428080,0
2018-01-05,0.27,0.27,0.265,0.27,40000,0
2018-01-08,0.24,0.265,0.24,0.265,1341680,0
2018-01-09,0.255,0.265,0.255,0.265,1161500,0
2018-01-10,0.235,0.26,0.235,0.26,21860,0
2018-01-11,0.255,0.255,0.255,0.255,442000,0
2018-01-12,0.25,0.25,0.245,0.245,1250000,0
2018-01-15,0.231,0.249,0.231,0.249,803860,0
2018-01-16,0.242,0.249,0.241,0.242,120000,0
2018-01-17,0.22,0.243,0.22,0.243,582840,0
2018-01-18,0.236,0.245,0.236,0.245,489300,0
2018-01-19,0.245,0.245,0.245,0.245,0,0
2018-01-22,0.239,0.239,0.239,0.239,117500,0
2018-01-23,0.23,0.24,0.23,0.24,200200,0
2018-01-24,0.24,0.24,0.24,0.24,25150,0
2018-01-25,0.24,0.26,0.239,0.239,2104500,0
2018-01-26,0.239,0.239,0.235,0.239,651440,0
2018-01-29,0.238,0.24,0.235,0.24,159680,0
2018-01-30,0.244,0.245,0.244,0.245,370000,0
2018-01-31,0.224,0.245,0.224,0.245,12000,0
2018-02-01,0.22,0.236,0.22,0.236,50500,0
2018-02-02,0.24,0.24,0.23,0.24,1241300,0
2018-02-05,0.234,0.295,0.225,0.247,24776650,0
2018-02-06,0.247,0.265,0.247,0.265,12780620,0
2018-02-07,0.23,0.26,0.23,0.26,11058620,0
2018-02-08,0.26,0.265,0.245,0.26,8600400,0
2018-02-09,0.25,0.265,0.25,0.255,14090300,0
2018-02-12,0.255,0.255,0.249,0.255,950000,0
2018-02-13,0.246,0.26,0.246,0.26,6660100,0
2018-02-14,0.245,0.26,0.245,0.26,700,0
2018-02-15,0.255,0.255,0.25,0.25,340400,0
2018-02-20,0.242,0.242,0.242,0.242,18080,0
2018-02-21,0.242,0.242,0.242,0.242,0,0
2018-02-22,0.242,0.243,0.242,0.243,100000,0
2018-02-23,0.243,0.244,0.243,0.244,360300,0
2018-02-26,0.244,0.25,0.244,0.245,40600,0
2018-02-27,0.242,0.243,0.242,0.243,60000,0
2018-02-28,0.222,0.244,0.222,0.244,200280,0
2018-03-01,0.241,0.241,0.225,0.232,6335180,0
2018-03-02,0.238,0.295,0.233,0.238,28038000,0
2018-03-05,0.238,0.238,0.205,0.215,3750300,0
2018-03-06,0.213,0.225,0.21,0.217,940000,0
2018-03-07,0.225,0.23,0.2,0.2,13250000,0
2018-03-08,0.2,0.224,0.197,0.199,22881510,0
2018-03-09,0.202,0.21,0.2,0.205,7230100,0
2018-03-12,0.192,0.205,0.192,0.205,204000,0
2018-03-13,0.21,0.21,0.2,0.2,50000,0
2018-03-14,0.191,0.197,0.19,0.197,246650,0
2018-03-15,0.194,0.195,0.192,0.194,220000,0
2018-03-16,0.191,0.191,0.19,0.19,10000,0
2018-03-19,0.177,0.188,0.17,0.177,320000,0
2018-03-20,0.161,0.177,0.161,0.177,50400,0
2018-03-21,0.17,0.17,0.165,0.166,889740,0
2018-03-22,0.171,0.171,0.165,0.166,222300,0
2018-03-23,0.165,0.165,0.15,0.164,1200000,0
2018-03-26,0.162,0.162,0.162,0.162,6004040,0
2018-03-27,0.158,0.158,0.158,0.158,6150000,0
2018-03-28,0.15,0.15,0.147,0.147,100000,0
2018-03-29,0.15,0.15,0.146,0.147,331200,0
