Date,Open,High,Low,Close,Volume,OpenInt
2013-12-04,1.6966,1.6966,1.6966,1.6966,0,0
2013-12-05,1.7626,1.7721,1.527,1.6213,70876886,0
2013-12-06,1.6213,1.6966,1.6118,1.6496,9426266,0
2013-12-09,1.6401,1.6496,1.5553,1.6024,5653691,0
2013-12-10,1.593,1.6118,1.5365,1.5836,3534932,0
2013-12-11,1.5365,1.7156,1.5365,1.593,9255328,0
2013-12-12,1.5741,1.593,1.5458,1.5647,1742004,0
2013-12-13,1.5553,1.6778,1.5553,1.659,3386406,0
2013-12-16,1.6306,1.6684,1.6306,1.6401,1260354,0
2013-12-17,1.6401,1.6873,1.6401,1.6401,1105463,0
2013-12-18,1.6024,1.6213,1.6024,1.6213,163380,0
2013-12-19,1.6778,1.7156,1.5365,1.5458,2348842,0
2013-12-20,1.527,1.6118,1.4705,1.4987,9410220,0
2013-12-23,1.4987,1.5458,1.4987,1.5176,161257,0
2013-12-24,1.5553,1.5553,1.4893,1.4987,116699,0
2013-12-27,1.4798,1.4893,1.395,1.4139,3377388,0
2013-12-30,1.4893,1.5176,1.4139,1.4422,2889903,0
2013-12-31,1.4139,1.5553,1.4139,1.5365,5688568,0
2014-01-02,1.5365,1.5365,1.4139,1.4516,1517093,0
2014-01-03,1.4422,1.4705,1.4233,1.4516,392534,0
2014-01-06,1.4705,1.4705,1.4233,1.461,335245,0
2014-01-07,1.4893,1.5458,1.4893,1.5081,859332,0
2014-01-08,1.5365,1.5365,1.4987,1.4987,668370,0
2014-01-09,1.4987,1.4987,1.4705,1.4705,218546,0
2014-01-10,1.4705,1.4893,1.4705,1.4705,203694,0
2014-01-13,1.4705,1.5081,1.4705,1.5081,244008,0
2014-01-14,1.527,1.5553,1.5081,1.5365,965423,0
2014-01-15,1.527,1.5365,1.5176,1.5365,157013,0
2014-01-16,1.5081,1.527,1.5081,1.5081,256739,0
2014-01-17,1.5081,1.5647,1.5081,1.527,1207309,0
2014-01-20,1.5081,1.6024,1.5081,1.5365,922986,0
2014-01-21,1.5365,1.5365,1.4327,1.4987,1801415,0
2014-01-22,1.4987,1.5458,1.4987,1.5081,549549,0
2014-01-23,1.5081,1.5081,1.4705,1.4798,277956,0
2014-01-24,1.4798,1.4798,1.4422,1.4422,173988,0
2014-01-27,1.4422,1.4422,1.3667,1.4045,299175,0
2014-01-28,1.4139,1.4233,1.395,1.395,585619,0
2014-01-29,1.461,1.461,1.4516,1.4516,59411,0
2014-01-30,1.4233,1.4327,1.4139,1.4233,137918,0
2014-02-04,1.4139,1.4233,1.3667,1.395,492260,0
2014-02-05,1.395,1.4139,1.3667,1.3667,1137290,0
2014-02-06,1.3762,1.3762,1.3479,1.3479,265226,0
2014-02-07,1.3573,1.3573,1.3573,1.3573,106091,0
2014-02-10,1.329,1.3667,1.3007,1.3102,1024834,0
2014-02-11,1.3102,1.3102,1.2537,1.2537,880551,0
2014-02-12,1.2537,1.2537,1.1782,1.2065,1470413,0
2014-02-13,1.2254,1.3197,1.2254,1.2631,882672,0
2014-02-14,1.2537,1.2537,1.2537,1.2537,8487,0
2014-02-17,1.1594,1.3102,1.1594,1.2819,203694,0
2014-02-18,1.3385,1.4139,1.3197,1.3197,318377,0
2014-02-19,1.3197,1.3197,1.2537,1.3102,95481,0
2014-02-20,1.3102,1.3197,1.3102,1.3197,48802,0
2014-02-21,1.3197,1.3197,1.2914,1.3007,101846,0
2014-02-24,1.2725,1.2819,1.2725,1.2819,203694,0
2014-02-25,1.329,1.3385,1.2537,1.3102,668370,0
2014-02-26,1.2631,1.2631,1.2348,1.2537,394656,0
2014-02-27,1.2442,1.2537,1.1689,1.2159,252496,0
2014-02-28,1.2442,1.2537,1.2254,1.2442,116699,0
2014-03-03,1.2348,1.2442,1.2254,1.2348,500747,0
2014-03-04,1.2631,1.3197,1.2631,1.3007,445580,0
2014-03-05,1.3197,1.3857,1.3197,1.3667,299175,0
2014-03-06,1.3667,1.395,1.3667,1.3762,84872,0
2014-03-07,1.3667,1.395,1.3667,1.395,210059,0
2014-03-10,1.3667,1.3762,1.329,1.3667,920865,0
2014-03-11,1.3762,1.395,1.3762,1.395,82751,0
2014-03-12,1.3857,1.3857,1.3857,1.3857,120943,0
2014-03-13,1.395,1.395,1.395,1.395,76386,0
2014-03-14,1.395,1.6966,1.3857,1.6496,687466,0
2014-03-17,1.5836,1.5836,1.4327,1.461,210059,0
2014-03-18,1.3857,1.4233,1.3857,1.4233,16975,0
2014-03-19,1.461,1.5553,1.461,1.5553,587741,0
2014-03-20,1.5553,1.593,1.395,1.4233,309784,0
2014-03-21,1.4233,1.4233,1.4233,1.4233,42436,0
2014-03-24,1.4516,1.4516,1.3385,1.4422,74264,0
2014-03-25,1.329,1.4516,1.3197,1.4327,42436,0
2014-03-26,1.461,1.5741,1.3667,1.4139,732024,0
2014-03-27,1.4139,1.5081,1.4045,1.4233,290688,0
2014-03-28,1.4705,1.5458,1.4233,1.4705,475285,0
2014-03-31,1.4705,1.5553,1.4705,1.5365,1478900,0
2014-04-01,1.5176,1.593,1.5176,1.5647,547427,0
2014-04-02,1.593,1.6496,1.5741,1.6213,1257702,0
2014-04-03,1.6496,1.6966,1.6496,1.6684,1975403,0
2014-04-04,1.6684,1.8098,1.6684,1.7061,4208607,0
2014-04-07,1.7061,1.7249,1.6024,1.6873,969666,0
2014-04-08,1.7156,1.7249,1.6873,1.7249,3246366,0
2014-04-09,1.7249,1.7249,1.6496,1.6496,326758,0
2014-04-10,1.7344,1.7344,1.6966,1.7249,434971,0
2014-04-11,1.7344,1.7815,1.6966,1.7344,1529824,0
2014-04-14,1.7815,1.7815,1.6496,1.7438,248251,0
2014-04-15,1.7815,1.7815,1.6873,1.7249,320393,0
2014-04-16,1.7249,1.7532,1.6966,1.7438,1128802,0
2014-04-17,1.7532,1.7721,1.7061,1.7438,1436464,0
2014-04-22,1.7721,1.7721,1.6213,1.6496,507112,0
2014-04-23,1.6496,1.7815,1.6306,1.7532,708684,0
2014-04-24,1.7532,1.7721,1.659,1.7532,3721652,0
2014-04-25,1.7532,1.7532,1.6684,1.7156,252496,0
2014-04-28,1.7156,1.7438,1.6778,1.7438,434971,0
2014-04-29,1.7438,1.7438,1.659,1.6966,581376,0
2014-04-30,1.7344,1.7344,1.6966,1.7344,214302,0
2014-05-02,1.7344,1.7438,1.7249,1.7344,207937,0
2014-05-05,1.7344,1.7438,1.7156,1.7344,188841,0
2014-05-07,1.7344,1.7438,1.6873,1.7249,176110,0
2014-05-08,1.7344,1.7344,1.6966,1.7344,176110,0
2014-05-09,1.6966,1.7344,1.4705,1.7061,570766,0
2014-05-12,1.7061,1.7061,1.7061,1.7061,0,0
2014-05-13,1.6712,1.6712,1.6712,1.6712,0,0
2014-05-14,1.6684,1.6684,1.6684,1.6684,0,0
2014-05-15,1.6684,1.6684,1.6684,1.6684,0,0
2014-05-16,1.6684,1.6684,1.6684,1.6684,0,0
2014-05-19,1.6684,1.6684,1.6684,1.6684,0,0
2014-05-20,1.6684,1.7249,1.6213,1.6684,388291,0
2014-05-21,1.6401,1.6401,1.6401,1.6401,16975,0
2014-05-22,1.6024,1.6401,1.593,1.6401,95481,0
2014-05-23,1.6401,1.6401,1.6401,1.6401,0,0
2014-05-26,1.6401,1.8192,1.6118,1.6401,99725,0
2014-05-27,1.6401,1.7249,1.6401,1.7061,63654,0
2014-05-28,1.7061,1.7061,1.7061,1.7061,0,0
2014-05-29,1.6306,1.6966,1.6024,1.6966,558036,0
2014-05-30,1.6118,1.6966,1.6024,1.6966,23340,0
2014-06-03,1.6966,1.6966,1.6966,1.6966,10609,0
2014-06-04,1.6966,1.6966,1.6966,1.6966,0,0
2014-06-05,1.6118,1.7438,1.6118,1.7156,407387,0
2014-06-06,1.6966,1.6966,1.6966,1.6966,0,0
2014-06-09,1.6778,1.6778,1.6778,1.6778,0,0
2014-06-10,1.6778,1.6778,1.6778,1.6778,0,0
2014-06-11,1.7061,1.7061,1.6966,1.6966,2122,0
2014-06-12,1.6873,1.7156,1.6873,1.7061,594106,0
2014-06-13,1.6966,1.7438,1.6966,1.6966,277956,0
2014-06-16,1.6966,1.7438,1.6966,1.7344,252496,0
2014-06-17,1.7156,1.7438,1.7156,1.7249,201572,0
2014-06-18,1.7249,1.7249,1.7249,1.7249,0,0
2014-06-19,1.7249,1.7249,1.7249,1.7249,63654,0
2014-06-20,1.7438,1.7438,1.659,1.7249,91238,0
2014-06-23,1.7156,1.7156,1.7156,1.7156,0,0
2014-06-24,1.7156,1.7156,1.7156,1.7156,0,0
2014-06-25,1.6966,1.7156,1.6496,1.6966,31827,0
2014-06-26,1.6873,1.6873,1.6873,1.6873,8487,0
2014-06-27,1.6684,1.6684,1.6496,1.6684,280079,0
2014-06-30,1.6684,1.6684,1.6684,1.6684,108213,0
2014-07-02,1.659,1.659,1.659,1.659,6365,0
2014-07-03,1.659,1.659,1.659,1.659,0,0
2014-07-04,1.659,1.659,1.659,1.659,0,0
2014-07-07,1.659,1.659,1.659,1.659,23340,0
2014-07-08,1.659,1.659,1.659,1.659,21218,0
2014-07-09,1.6684,1.6684,1.659,1.659,21218,0
2014-07-10,1.7156,1.7156,1.659,1.659,6365,0
2014-07-11,1.659,1.659,1.659,1.659,0,0
2014-07-14,1.6966,1.7156,1.6778,1.6778,250374,0
2014-07-15,1.6778,1.6778,1.659,1.659,4243,0
2014-07-16,1.659,1.659,1.659,1.659,19097,0
2014-07-17,1.659,1.6778,1.659,1.6778,8487,0
2014-07-18,1.6684,1.6966,1.6684,1.6778,61532,0
2014-07-21,1.6778,1.6778,1.6778,1.6778,0,0
2014-07-22,1.6966,1.6966,1.6684,1.6966,72141,0
2014-07-23,1.6966,1.6966,1.6684,1.6966,59411,0
2014-07-24,1.6966,1.7156,1.6966,1.6966,59411,0
2014-07-25,1.6778,1.7061,1.6778,1.7061,146405,0
2014-07-28,1.6778,1.7061,1.659,1.6778,58800,0
2014-07-29,1.6778,1.7061,1.6684,1.7061,99114,0
2014-07-30,1.5365,1.7061,1.5365,1.6873,107602,0
2014-07-31,1.6496,1.7438,1.6496,1.6966,203084,0
2014-08-01,1.6966,1.6966,1.6966,1.6966,0,0
2014-08-04,1.6496,1.6966,1.6496,1.6873,8487,0
2014-08-05,1.6401,1.6873,1.6401,1.6873,25462,0
2014-08-06,1.6401,1.6401,1.5836,1.6024,583497,0
2014-08-07,1.6024,1.6024,1.6024,1.6024,0,0
2014-08-08,1.6024,1.6024,1.5741,1.5741,4243,0
2014-08-11,1.5741,1.5741,1.5741,1.5741,0,0
2014-08-12,1.5553,1.5553,1.527,1.5553,42436,0
2014-08-13,1.6778,1.6966,1.593,1.6966,50924,0
2014-08-14,1.6873,1.6966,1.659,1.6966,33949,0
2014-08-15,1.6778,1.6778,1.6778,1.6778,0,0
2014-08-18,1.6778,1.6966,1.6684,1.6966,33949,0
2014-08-19,1.6966,1.6966,1.6024,1.6966,190962,0
2014-08-20,1.6873,1.6966,1.6684,1.6966,95481,0
2014-08-21,1.6966,1.6966,1.6684,1.6684,4243,0
2014-08-22,1.6684,1.6684,1.6024,1.659,4243,0
2014-08-25,1.6966,1.7249,1.6401,1.6778,371317,0
2014-08-26,1.6684,1.6966,1.6401,1.6873,269469,0
2014-08-27,1.6778,1.6966,1.6778,1.6873,31827,0
2014-08-28,1.6966,1.7061,1.6024,1.6024,258861,0
2014-08-29,1.7156,1.7156,1.6401,1.6966,630177,0
2014-09-01,1.6966,1.6966,1.6966,1.6966,0,0
2014-09-02,1.7061,1.7061,1.6966,1.6966,2122,0
2014-09-03,1.6873,1.6873,1.6873,1.6873,2122,0
2014-09-04,1.7061,1.7061,1.6966,1.6966,2122,0
2014-09-05,1.6966,1.6966,1.6966,1.6966,0,0
2014-09-08,1.6966,1.6966,1.6966,1.6966,0,0
2014-09-10,1.6873,1.6873,1.6873,1.6873,0,0
2014-09-11,1.7156,1.7156,1.6966,1.6966,6365,0
2014-09-12,1.6966,1.6966,1.6966,1.6966,0,0
2014-09-15,1.6778,1.6778,1.6778,1.6778,0,0
2014-09-16,1.6778,1.6778,1.6778,1.6778,0,0
2014-09-17,1.6684,1.6684,1.6684,1.6684,0,0
2014-09-18,1.6966,1.6966,1.6684,1.6684,1659254,0
2014-09-19,1.6684,1.6684,1.6684,1.6684,0,0
2014-09-22,1.659,1.659,1.659,1.659,17765901,0
2014-09-23,1.659,1.659,1.659,1.659,0,0
2014-09-24,1.659,1.659,1.659,1.659,0,0
2014-09-25,1.6873,1.6966,1.6873,1.6966,768094,0
2014-09-26,1.6966,1.6966,1.6966,1.6966,0,0
2014-09-29,1.6401,1.6401,1.6401,1.6401,23340,0
2014-09-30,1.6401,1.7438,1.6024,1.7344,1343105,0
2014-10-03,1.6966,1.6966,1.6966,1.6966,14853,0
2014-10-06,1.6966,1.6966,1.6966,1.6966,0,0
2014-10-07,1.6966,1.6966,1.6966,1.6966,0,0
2014-10-08,1.6966,1.7249,1.6401,1.6966,392534,0
2014-10-09,1.6966,1.6966,1.6966,1.6966,0,0
2014-10-10,1.6966,1.6966,1.6966,1.6966,0,0
2014-10-13,1.6966,1.6966,1.6966,1.6966,0,0
2014-10-14,1.6966,1.6966,1.6966,1.6966,0,0
2014-10-15,1.6966,1.6966,1.6966,1.6966,292810,0
2014-10-16,1.6401,1.6778,1.6401,1.6684,193085,0
2014-10-17,1.6966,1.6966,1.6496,1.6496,4243,0
2014-10-20,1.6496,1.6496,1.6496,1.6496,0,0
2014-10-21,1.6496,1.6496,1.6496,1.6496,0,0
2014-10-22,1.6496,1.6496,1.6496,1.6496,6365,0
2014-10-23,1.6873,1.6873,1.6873,1.6873,78507,0
2014-10-24,1.6401,1.6401,1.6401,1.6401,0,0
2014-10-27,1.6306,1.6306,1.6306,1.6306,0,0
2014-10-28,1.6306,1.6306,1.6306,1.6306,0,0
2014-10-29,1.6306,1.6306,1.6306,1.6306,0,0
2014-10-30,1.6024,1.6024,1.6024,1.6024,0,0
2014-10-31,1.6401,1.6401,1.6401,1.6401,26523,0
2014-11-03,1.6401,1.6401,1.6401,1.6401,0,0
2014-11-04,1.6401,1.6401,1.6401,1.6401,0,0
2014-11-05,1.6024,1.6306,1.461,1.6213,606838,0
2014-11-06,1.6213,1.6213,1.6213,1.6213,0,0
2014-11-07,1.6213,1.6496,1.6213,1.6496,3409746,0
2014-11-10,1.6778,1.6778,1.6306,1.6306,275835,0
2014-11-11,1.6496,1.6496,1.6306,1.6306,286444,0
2014-11-12,1.6306,1.6306,1.6306,1.6306,265226,0
2014-11-13,1.6306,1.6306,1.6306,1.6306,267348,0
2014-11-14,1.6306,1.6306,1.6306,1.6306,188311,0
2014-11-17,1.6306,1.6306,1.6306,1.6306,31827,0
2014-11-18,1.6306,1.6401,1.6213,1.6213,6365,0
2014-11-19,1.6213,1.6213,1.6213,1.6213,0,0
2014-11-20,1.6213,1.6213,1.6213,1.6213,0,0
2014-11-21,1.6118,1.6118,1.6118,1.6118,0,0
2014-11-24,1.6024,1.6024,1.593,1.593,2122,0
2014-11-25,1.593,1.593,1.593,1.593,0,0
2014-11-26,1.5836,1.5836,1.5836,1.5836,0,0
2014-11-27,1.6213,1.6213,1.6024,1.6024,14853,0
2014-11-28,1.6024,1.6306,1.6024,1.6306,8487,0
2014-12-01,1.6306,1.6306,1.6306,1.6306,6365,0
2014-12-02,1.6306,1.6306,1.6306,1.6306,6365,0
2014-12-03,1.6306,1.6306,1.6213,1.6213,4243,0
2014-12-04,1.6213,1.6213,1.6213,1.6213,12730,0
2014-12-05,1.6213,1.6213,1.6213,1.6213,0,0
2014-12-08,1.6213,1.6306,1.6213,1.6306,40314,0
2014-12-09,1.6306,1.6306,1.6024,1.6024,4243,0
2014-12-10,1.6213,1.6213,1.6213,1.6213,2122,0
2014-12-11,1.6306,1.6306,1.6213,1.6306,691710,0
2014-12-12,1.6213,1.6213,1.6213,1.6213,10609,0
2014-12-15,1.6024,1.6966,1.6024,1.6778,27584,0
2014-12-16,1.6778,1.6778,1.6684,1.6684,2122,0
2014-12-17,1.5081,1.6306,1.5081,1.6306,8487,0
2014-12-18,1.6401,1.6496,1.6401,1.6401,23340,0
2014-12-19,1.659,1.659,1.659,1.659,2122,0
2014-12-22,1.6496,1.6496,1.6401,1.6401,12730,0
2014-12-23,1.6401,1.6401,1.6401,1.6401,19097,0
2014-12-24,1.6496,1.6496,1.6496,1.6496,2122,0
2014-12-29,1.5553,1.6966,1.5553,1.6873,810531,0
2014-12-30,1.6966,1.6966,1.6778,1.6873,649273,0
2014-12-31,1.6873,1.6873,1.6778,1.6873,131552,0
2015-01-02,1.6966,1.6966,1.6873,1.6873,70019,0
2015-01-05,1.6873,1.6873,1.6873,1.6873,144283,0
2015-01-06,1.6873,1.6873,1.6873,1.6873,220669,0
2015-01-07,1.5836,1.6778,1.5836,1.6684,180354,0
2015-01-08,1.6684,1.6684,1.6684,1.6684,25462,0
2015-01-09,1.6778,1.6778,1.6778,1.6778,86994,0
2015-01-12,1.6966,1.6966,1.6873,1.6966,101846,0
2015-01-13,1.6966,1.6966,1.6966,1.6966,0,0
2015-01-14,1.6966,1.6966,1.6966,1.6966,0,0
2015-01-15,1.6966,1.6966,1.6966,1.6966,0,0
2015-01-16,1.6966,1.6966,1.6966,1.6966,0,0
2015-01-19,1.6966,1.6966,1.6966,1.6966,0,0
2015-01-20,1.527,1.6966,1.527,1.6306,123065,0
2015-01-21,1.6496,1.6873,1.6496,1.6873,8487,0
2015-01-22,1.6966,1.6966,1.6873,1.6966,33949,0
2015-01-23,1.6873,1.6873,1.6873,1.6873,0,0
2015-01-26,1.6873,1.6873,1.6873,1.6873,0,0
2015-01-27,1.5458,1.6966,1.5458,1.6966,6365,0
2015-01-28,1.6966,1.6966,1.6966,1.6966,0,0
2015-01-29,1.6966,1.6966,1.6966,1.6966,0,0
2015-01-30,1.6966,1.6966,1.6966,1.6966,0,0
2015-02-02,1.6966,1.6966,1.6966,1.6966,0,0
2015-02-03,1.6966,1.6966,1.6966,1.6966,0,0
2015-02-04,1.6966,1.6966,1.6966,1.6966,0,0
2015-02-05,1.6873,1.6873,1.6873,1.6873,2122,0
2015-02-06,1.6873,1.6873,1.6873,1.6873,0,0
2015-02-09,1.6873,1.6873,1.6873,1.6873,0,0
2015-02-10,1.6873,1.6873,1.6873,1.6873,0,0
2015-02-11,1.6873,1.6873,1.6873,1.6873,0,0
2015-02-12,1.6873,1.6873,1.6873,1.6873,0,0
2015-02-13,1.6873,1.6873,1.6873,1.6873,0,0
2015-02-16,1.6873,1.6873,1.6873,1.6873,0,0
2015-02-17,1.6118,1.6118,1.6024,1.6118,12730,0
2015-02-18,1.6306,1.6306,1.6306,1.6306,23340,0
2015-02-23,1.6306,1.6306,1.6306,1.6306,2121808,0
2015-02-24,1.6306,1.6306,1.6306,1.6306,0,0
2015-02-25,1.6306,1.6306,1.6306,1.6306,0,0
2015-02-26,1.6306,1.6306,1.6306,1.6306,0,0
2015-02-27,1.6306,1.6306,1.6306,1.6306,0,0
2015-03-02,1.6306,1.6306,1.6306,1.6306,636543,0
2015-03-03,1.6213,1.6213,1.6213,1.6213,8487,0
2015-03-04,1.6213,1.6213,1.6213,1.6213,0,0
2015-03-05,1.6213,1.6213,1.6213,1.6213,0,0
2015-03-06,1.659,1.659,1.6496,1.6496,2122,0
2015-03-09,1.6401,1.6401,1.6401,1.6401,0,0
2015-03-10,1.6401,1.6401,1.6401,1.6401,6365,0
2015-03-11,1.6401,1.6401,1.6401,1.6401,31827,0
2015-03-12,1.6401,1.6401,1.6213,1.6213,6365,0
2015-03-13,1.6118,1.6118,1.6118,1.6118,0,0
2015-03-16,1.5836,1.5836,1.5836,1.5836,0,0
2015-03-17,1.5458,1.5741,1.5081,1.5458,82751,0
2015-03-18,1.5458,1.5458,1.5458,1.5458,0,0
2015-03-19,1.5458,1.5458,1.5458,1.5458,74264,0
2015-03-20,1.5176,1.5176,1.5176,1.5176,10609,0
2015-03-23,1.5176,1.5176,1.5176,1.5176,0,0
2015-03-24,1.5176,1.5176,1.5176,1.5176,0,0
2015-03-25,1.4987,1.4987,1.4987,1.4987,8487,0
2015-03-26,1.4987,1.4987,1.4987,1.4987,0,0
2015-03-27,1.4987,1.4987,1.4987,1.4987,0,0
2015-03-30,1.3102,1.3385,1.3007,1.3385,53045,0
2015-03-31,1.395,1.395,1.2914,1.3007,280079,0
2015-04-01,1.3102,1.3762,1.3007,1.3762,1483144,0
2015-04-02,1.4139,1.461,1.4139,1.461,29705,0
2015-04-08,1.4893,1.4987,1.4893,1.4987,55167,0
2015-04-09,1.461,1.461,1.4139,1.4233,10609,0
2015-04-10,1.4139,1.461,1.4139,1.461,42436,0
2015-04-13,1.4893,1.593,1.4893,1.593,31827,0
2015-04-14,1.593,1.6213,1.5553,1.5741,144283,0
2015-04-15,1.5647,1.5647,1.5647,1.5647,0,0
2015-04-16,1.5647,1.5647,1.5647,1.5647,0,0
2015-04-17,1.6873,1.8381,1.5553,1.5741,326758,0
2015-04-20,1.4139,1.5741,1.4139,1.5647,6365,0
2015-04-21,1.7156,1.7156,1.6496,1.6496,2122,0
2015-04-22,1.6966,1.6966,1.6684,1.6684,2122,0
2015-04-23,1.6496,1.6684,1.6496,1.6684,4472772,0
2015-04-24,1.6873,1.6966,1.6306,1.6778,6552144,0
2015-04-27,1.7249,1.8381,1.6496,1.6966,5991987,0
2015-04-28,1.7156,1.7156,1.659,1.6778,4010217,0
2015-04-29,1.6873,1.6966,1.659,1.6778,920865,0
2015-04-30,1.6873,1.6966,1.659,1.6684,742633,0
2015-05-04,1.6778,1.6966,1.659,1.6966,946326,0
2015-05-05,1.6966,1.7061,1.6401,1.6684,725659,0
2015-05-06,1.6778,1.6778,1.6213,1.6496,683222,0
2015-05-07,1.659,1.6873,1.6118,1.6401,1270963,0
2015-05-08,1.6496,1.659,1.6213,1.6306,1296425,0
2015-05-11,1.6401,1.659,1.593,1.6024,2198194,0
2015-05-12,1.593,1.6024,1.5836,1.6024,1063026,0
2015-05-13,1.6118,1.6213,1.5741,1.6118,3496740,0
2015-05-14,1.6213,1.6778,1.6213,1.659,1587113,0
2015-05-15,1.6684,1.7438,1.6496,1.659,4477015,0
2015-05-18,1.6684,1.6966,1.6401,1.6496,4381534,0
2015-05-19,1.6778,1.6966,1.6401,1.659,4712536,0
2015-05-20,1.6778,1.8004,1.6778,1.7438,16138474,0
2015-05-21,1.7532,1.8192,1.7249,1.7438,13059730,0
2015-05-22,1.7532,1.7909,1.6873,1.7344,12060359,0
2015-05-26,1.7438,1.7532,1.7061,1.7344,6460907,0
2015-05-27,1.7061,1.7344,1.6778,1.6778,4158744,0
2015-05-28,1.6873,1.8381,1.6873,1.7249,15565586,0
2015-05-29,1.7249,1.8474,1.7156,1.7909,26870581,0
2015-06-01,1.8192,1.8757,1.7909,1.8286,125789286,0
2015-06-02,1.8852,2.2057,1.8852,2.1303,32406644,0
2015-06-03,2.168,2.1868,1.9794,2.0737,26586258,0
2015-06-04,2.0832,2.102,1.8946,2.0549,17033877,0
2015-06-05,2.0549,2.0925,1.9417,2.0265,10340633,0
2015-06-08,2.036,2.036,1.9417,1.9794,10592067,0
2015-06-09,1.9889,1.9889,1.8286,1.9512,10087077,0
2015-06-10,1.9417,2.0077,1.8757,1.9134,4379412,0
2015-06-11,1.9229,1.9229,1.7909,1.8946,6417409,0
2015-06-12,1.904,1.9512,1.8474,1.8946,4689196,0
2015-06-15,1.8852,1.9606,1.8757,1.8852,6297527,0
2015-06-16,1.8946,1.8946,1.7815,1.8192,5527311,0
2015-06-17,1.8286,1.8852,1.8098,1.8192,4315758,0
2015-06-18,1.8004,1.8852,1.7909,1.8569,5546407,0
2015-06-19,1.8474,1.8852,1.8381,1.8569,4358194,0
2015-06-22,1.8664,1.8852,1.7626,1.8098,4438823,0
2015-06-23,1.8004,1.8286,1.7438,1.8192,4368804,0
2015-06-24,1.8098,1.8381,1.7532,1.8098,4619177,0
2015-06-25,1.7909,1.8098,1.7438,1.8004,4646760,0
2015-06-26,1.7909,1.8192,1.7249,1.7438,4423970,0
2015-06-29,1.7532,1.7815,1.4987,1.4987,12057176,0
2015-06-30,1.5081,1.6024,1.4516,1.593,8746094,0
2015-07-02,1.6024,1.6496,1.5081,1.593,5616427,0
2015-07-03,1.593,1.593,1.3197,1.4893,8466015,0
2015-07-06,1.4798,1.4893,1.0746,1.2348,14346607,0
2015-07-07,1.2442,1.3102,1.1029,1.1406,12588689,0
2015-07-08,1.1311,1.1406,0.8483,1.1406,5991987,0
2015-07-09,1.1499,1.4422,1.1406,1.4139,5145385,0
2015-07-10,1.4139,1.4987,1.3573,1.3857,4674344,0
2015-07-13,1.3762,1.4327,1.3197,1.3667,4271200,0
2015-07-14,1.3762,1.3857,1.3479,1.3573,4288175,0
2015-07-15,1.3667,1.3762,1.2254,1.2819,4347585,0
2015-07-16,1.2914,1.2914,1.2065,1.2442,4941692,0
2015-07-17,1.2348,1.2537,1.2159,1.2442,4805895,0
2015-07-20,1.2348,1.3007,1.1499,1.2537,5453047,0
2015-07-21,1.2442,1.2537,1.1877,1.2254,4330611,0
2015-07-22,1.2254,1.2254,1.1971,1.2065,1438586,0
2015-07-23,1.1971,1.2065,1.1689,1.1971,1432221,0
2015-07-24,1.1971,1.2725,1.1971,1.2348,2503734,0
2015-07-27,1.2254,1.2254,0.9898,1.0369,4491869,0
2015-07-28,1.1406,1.1689,1.0746,1.0934,2792300,0
2015-07-29,1.0557,1.1406,1.0557,1.0746,625933,0
2015-07-30,1.1782,1.2065,1.0557,1.1877,1716543,0
2015-07-31,1.1877,1.1971,1.1217,1.1782,2387034,0
2015-08-03,1.1689,1.1782,1.0086,1.0934,3206052,0
2015-08-04,1.0839,1.1782,1.0746,1.1311,1181847,0
2015-08-05,1.1311,1.1406,1.0746,1.1122,1540432,0
2015-08-06,1.1029,1.1406,1.0746,1.1406,1676229,0
2015-08-07,1.1406,1.1594,1.1122,1.1594,1519215,0
2015-08-10,1.1782,1.2725,1.1122,1.1499,2389156,0
2015-08-11,1.1594,1.1594,1.0746,1.1217,4059019,0
2015-08-12,1.1311,1.1311,1.0274,1.1217,2940826,0
2015-08-13,1.1122,1.1122,1.0369,1.0557,1618940,0
2015-08-14,1.0651,1.0651,1.0369,1.0369,1073636,0
2015-08-17,1.0651,1.0651,0.9709,1.0369,1727152,0
2015-08-18,1.0463,1.0463,0.9898,0.9991,1300668,0
2015-08-19,0.9898,1.0463,0.9898,1.0274,3121180,0
2015-08-20,1.018,1.1594,1.018,1.1499,2077251,0
2015-08-21,1.1217,1.1217,0.9238,0.9614,3925345,0
2015-08-24,0.9143,0.9143,0.6692,0.8483,7736113,0
2015-08-25,0.7635,0.8955,0.7541,0.7635,995128,0
2015-08-26,0.8012,0.9426,0.7823,0.8766,2447956,0
2015-08-27,0.9238,0.9238,0.8389,0.8672,583497,0
2015-08-28,0.8578,0.886,0.8295,0.8483,1063026,0
2015-08-31,0.8483,0.8578,0.8106,0.8483,1449195,0
2015-09-01,0.8389,0.8483,0.82,0.8483,727781,0
2015-09-02,0.8295,0.8483,0.7823,0.8483,855089,0
2015-09-04,0.8578,0.8578,0.7918,0.8012,424361,0
2015-09-07,0.7918,0.8106,0.7635,0.8012,925108,0
2015-09-08,0.8106,0.8955,0.773,0.8389,1222162,0
2015-09-09,0.8295,0.8766,0.8106,0.8483,422239,0
2015-09-10,0.8295,0.8483,0.8106,0.8389,715049,0
2015-09-11,0.8483,0.8483,0.8106,0.8389,354342,0
2015-09-14,0.82,0.82,0.8106,0.8106,106091,0
2015-09-15,0.8106,0.8106,0.8106,0.8106,0,0
2015-09-16,0.8389,0.9426,0.8295,0.8766,814775,0
2015-09-17,0.8766,0.8766,0.82,0.82,127308,0
2015-09-18,0.8483,0.8672,0.8483,0.8672,8487,0
2015-09-21,0.8578,0.8672,0.8483,0.8672,65776,0
2015-09-22,0.8672,0.9238,0.8389,0.8766,256739,0
2015-09-23,0.8483,0.8672,0.8389,0.8578,360707,0
2015-09-24,0.8483,0.8672,0.8295,0.8483,891159,0
2015-09-25,0.8389,0.8389,0.8106,0.82,233399,0
2015-09-29,0.8012,0.8012,0.7635,0.7635,778703,0
2015-09-30,0.82,0.82,0.7918,0.7918,123065,0
2015-10-02,0.82,0.8578,0.82,0.8578,1196700,0
2015-10-05,0.8672,0.9143,0.8672,0.886,481650,0
2015-10-06,0.9143,0.9238,0.8672,0.886,112456,0
2015-10-07,0.9238,0.9238,0.8483,0.8766,322515,0
2015-10-08,0.8295,0.886,0.8295,0.8766,161257,0
2015-10-09,0.8766,0.886,0.8672,0.8766,116699,0
2015-10-12,0.8766,0.9143,0.8483,0.8672,411631,0
2015-10-13,0.8483,0.886,0.8389,0.886,159135,0
2015-10-14,0.8483,0.8955,0.8483,0.8672,89116,0
2015-10-15,0.8672,0.8766,0.8389,0.8389,608959,0
2015-10-16,0.7823,0.8578,0.7823,0.8483,214302,0
2015-10-19,0.8483,0.8483,0.8483,0.8483,0,0
2015-10-20,0.8389,0.8483,0.8389,0.8483,218546,0
2015-10-22,0.8483,0.8483,0.8106,0.8295,339490,0
2015-10-23,0.886,0.886,0.82,0.8483,294931,0
2015-10-26,0.8389,0.8955,0.8389,0.886,288566,0
2015-10-27,0.8483,0.8672,0.8483,0.8672,86994,0
2015-10-28,0.8578,0.8766,0.8389,0.8578,188841,0
2015-10-29,0.8389,0.8578,0.8389,0.8578,350098,0
2015-10-30,0.8483,0.9049,0.8483,0.8672,280079,0
2015-11-02,0.8578,0.8672,0.8483,0.8483,176110,0
2015-11-03,0.8106,0.8672,0.8106,0.8389,356464,0
2015-11-04,0.82,0.886,0.82,0.8295,1629548,0
2015-11-05,0.8106,0.8766,0.8106,0.8578,549549,0
2015-11-06,0.8389,0.8578,0.8106,0.8295,426484,0
2015-11-09,0.8389,0.9426,0.8389,0.8766,1937211,0
2015-11-10,0.8483,0.8672,0.8295,0.8578,611081,0
2015-11-11,0.8295,0.8389,0.8106,0.82,899647,0
2015-11-12,0.8295,0.8483,0.8106,0.8295,271591,0
2015-11-13,0.8106,0.8483,0.7635,0.8295,339490,0
2015-11-16,0.8295,0.8295,0.8295,0.8295,0,0
2015-11-17,0.8106,0.8106,0.8106,0.8106,53045,0
2015-11-18,0.8012,0.8012,0.7541,0.773,1680472,0
2015-11-19,0.773,0.7918,0.7541,0.7823,352220,0
2015-11-20,0.7823,0.7823,0.7823,0.7823,0,0
2015-11-23,0.7823,0.7918,0.7352,0.7352,4084481,0
2015-11-24,0.7541,0.7823,0.7163,0.7541,413753,0
2015-11-25,0.7352,0.7823,0.7352,0.773,918743,0
2015-11-26,0.7635,0.773,0.7352,0.7541,405266,0
2015-11-27,0.7447,0.7823,0.6598,0.7163,3634658,0
2015-11-30,0.707,0.7635,0.707,0.7163,549549,0
2015-12-01,0.7258,0.7635,0.707,0.7258,1742004,0
2015-12-02,0.7352,0.7352,0.6881,0.7163,850845,0
2015-12-03,0.7163,0.7258,0.707,0.7163,413753,0
2015-12-04,0.7163,0.7352,0.7163,0.7258,267348,0
2015-12-07,0.7258,0.7541,0.7258,0.7447,602593,0
2015-12-08,0.773,0.8766,0.7541,0.8295,5060513,0
2015-12-09,0.8295,0.886,0.7823,0.8389,3713164,0
2015-12-10,0.8483,0.8578,0.7918,0.7918,5315130,0
2015-12-11,0.7918,0.7918,0.7541,0.773,912378,0
2015-12-14,0.7635,0.773,0.7447,0.7541,572888,0
2015-12-15,0.7635,0.7918,0.7635,0.7918,135796,0
2015-12-16,0.8012,0.8389,0.8012,0.8295,384047,0
2015-12-17,0.82,0.8389,0.8012,0.82,207937,0
2015-12-18,0.8389,0.8389,0.8012,0.8012,55167,0
2015-12-21,0.82,0.9709,0.82,0.9426,3435208,0
2015-12-22,0.9426,1.0934,0.8955,0.9709,5370297,0
2015-12-23,0.9898,0.9991,0.9049,0.9331,1786563,0
2015-12-24,0.9331,0.952,0.9049,0.9426,248251,0
2015-12-28,0.9426,0.9709,0.9143,0.9238,254617,0
2015-12-29,0.9143,0.952,0.8672,0.8955,1345227,0
2015-12-30,0.886,0.886,0.8483,0.8483,513477,0
2015-12-31,0.8483,0.9426,0.8483,0.9426,1357957,0
2016-01-04,0.9238,0.9238,0.8672,0.9049,509234,0
2016-01-05,0.8955,0.8955,0.886,0.8955,84872,0
2016-01-06,0.886,0.8955,0.8483,0.8955,297053,0
2016-01-07,0.8766,0.8955,0.7823,0.8106,1364322,0
2016-01-08,0.82,0.82,0.7541,0.8012,1674107,0
2016-01-11,0.7635,0.82,0.7541,0.7918,1139411,0
2016-01-12,0.8106,0.8672,0.8012,0.82,886916,0
2016-01-13,0.8012,0.8483,0.7918,0.82,214302,0
2016-01-14,0.7823,0.8106,0.7541,0.8012,538939,0
2016-01-15,0.8389,0.8483,0.7541,0.8389,1896897,0
2016-01-18,0.7823,0.8389,0.7823,0.82,1612575,0
2016-01-19,0.8012,0.8578,0.8012,0.8578,1063026,0
2016-01-20,0.82,0.8578,0.8106,0.8483,513477,0
2016-01-21,0.8295,0.8295,0.7258,0.7352,2824127,0
2016-01-22,0.7541,0.773,0.7352,0.7352,583497,0
2016-01-25,0.7447,0.7447,0.7163,0.7163,1489510,0
2016-01-26,0.6881,0.7163,0.6692,0.6692,1623183,0
2016-01-27,0.6881,0.6881,0.6692,0.6787,137918,0
2016-01-28,0.6881,0.707,0.6881,0.707,246129,0
2016-01-29,0.7258,0.7918,0.7258,0.7447,621690,0
2016-02-01,0.7447,0.7541,0.7447,0.7541,8487,0
2016-02-02,0.7541,0.7541,0.7163,0.7163,318271,0
2016-02-03,0.707,0.707,0.6787,0.6787,345855,0
2016-02-04,0.6975,0.6975,0.6975,0.6975,6365,0
2016-02-05,0.7163,0.7163,0.7163,0.7163,6365,0
2016-02-11,0.7163,0.7163,0.7163,0.7163,146405,0
2016-02-12,0.7163,0.7258,0.641,0.6504,2722281,0
2016-02-15,0.6598,0.6787,0.6598,0.6598,23340,0
2016-02-16,0.6975,0.6975,0.6504,0.6504,417996,0
2016-02-17,0.6787,0.7258,0.6598,0.6881,265226,0
2016-02-18,0.707,0.707,0.6598,0.6975,1928724,0
2016-02-19,0.707,0.707,0.6787,0.6881,1014649,0
2016-02-22,0.6787,0.6975,0.6787,0.6787,246129,0
2016-02-23,0.6881,0.7163,0.6881,0.6881,748998,0
2016-02-24,0.6975,0.707,0.6692,0.6787,403144,0
2016-02-25,0.6881,0.707,0.6881,0.6881,33949,0
2016-02-26,0.6881,0.6881,0.6881,0.6881,0,0
2016-02-29,0.6692,0.6881,0.6692,0.6692,55167,0
2016-03-01,0.6787,0.6787,0.6692,0.6787,4243,0
2016-03-02,0.6787,0.6975,0.6692,0.6975,233399,0
2016-03-03,0.6881,0.6975,0.6787,0.6881,214302,0
2016-03-04,0.6975,0.7352,0.6975,0.6975,479528,0
2016-03-07,0.7258,0.7352,0.6787,0.7258,1425855,0
2016-03-08,0.7258,0.7447,0.6975,0.7258,322515,0
2016-03-09,0.7163,0.7541,0.7163,0.7163,161257,0
2016-03-10,0.7163,0.7352,0.707,0.7163,80629,0
2016-03-11,0.7163,0.7258,0.707,0.7163,137918,0
2016-03-14,0.7352,0.773,0.7258,0.7447,137918,0
2016-03-15,0.7823,0.8012,0.7352,0.7823,942083,0
2016-03-16,0.7823,0.8483,0.773,0.8483,392534,0
2016-03-17,0.8106,0.8295,0.7918,0.82,193085,0
2016-03-18,0.8483,0.8483,0.7918,0.82,133674,0
2016-03-21,0.8295,0.9709,0.8106,0.9614,976032,0
2016-03-22,0.9898,0.9991,0.8955,0.9331,687466,0
2016-03-23,0.9331,0.9331,0.886,0.886,282201,0
2016-03-24,0.8955,0.9238,0.8766,0.9238,297053,0
2016-03-29,0.9238,0.9238,0.9143,0.9143,74264,0
2016-03-30,0.9143,0.9143,0.8389,0.8389,331002,0
2016-03-31,0.8766,0.9331,0.8766,0.9143,95481,0
2016-04-01,0.9049,0.9143,0.8955,0.9049,53045,0
2016-04-05,0.9049,0.9049,0.8483,0.8672,303418,0
2016-04-06,0.8578,0.8578,0.82,0.8483,227034,0
2016-04-07,0.8389,0.8578,0.8295,0.8483,290688,0
2016-04-08,0.8483,0.8578,0.8483,0.8578,61532,0
2016-04-11,0.8578,0.8766,0.8578,0.8766,99725,0
2016-04-12,0.8672,0.8766,0.8672,0.8672,57289,0
2016-04-13,0.8955,0.9426,0.8955,0.9238,318271,0
2016-04-14,0.9426,0.9426,0.9049,0.9049,110334,0
2016-04-15,0.9238,0.9426,0.9049,0.9238,222790,0
2016-04-18,0.9426,0.9426,0.8766,0.9143,269469,0
2016-04-19,0.9331,0.9331,0.9331,0.9331,16975,0
2016-04-20,0.9143,0.9238,0.8672,0.886,182475,0
2016-04-21,0.9143,0.9143,0.9049,0.9143,108213,0
2016-04-22,0.9049,0.9238,0.9049,0.9049,33949,0
2016-04-25,0.8955,0.9049,0.8955,0.8955,33949,0
2016-04-26,0.9049,0.9049,0.8766,0.886,103969,0
2016-04-27,0.886,0.886,0.886,0.886,0,0
2016-04-28,0.886,0.9331,0.886,0.9331,31827,0
2016-04-29,0.952,0.952,0.9331,0.952,42436,0
2016-05-03,0.9331,0.9331,0.9331,0.9331,21218,0
2016-05-04,0.9426,0.9709,0.9426,0.9426,409509,0
2016-05-05,0.9426,0.9426,0.9331,0.9426,65776,0
2016-05-06,0.9143,0.9426,0.8955,0.9426,180354,0
2016-05-09,0.9426,0.9426,0.9331,0.9426,106091,0
2016-05-10,0.9426,0.9426,0.9426,0.9426,21218,0
2016-05-11,1.0274,1.0274,0.9898,0.9898,2122,0
2016-05-12,0.9614,0.9803,0.9331,0.952,333124,0
2016-05-13,0.9709,0.9709,0.9143,0.9238,604716,0
2016-05-16,0.9331,0.9426,0.9238,0.9331,212181,0
2016-05-17,0.9803,0.9991,0.9426,0.9803,258861,0
2016-05-18,0.952,0.952,0.952,0.952,21218,0
2016-05-19,0.8955,0.8955,0.8955,0.8955,148527,0
2016-05-20,0.9143,0.9143,0.9143,0.9143,19097,0
2016-05-23,0.9143,0.9331,0.9143,0.9143,91238,0
2016-05-24,0.9331,0.9331,0.9331,0.9331,21218,0
2016-05-25,0.9803,0.9803,0.952,0.952,2122,0
2016-05-26,0.9614,0.9614,0.952,0.952,10609,0
2016-05-27,0.8955,0.9426,0.8955,0.9049,1194578,0
2016-05-30,0.9049,0.9049,0.9049,0.9049,0,0
2016-05-31,0.9049,0.9049,0.9049,0.9049,8487,0
2016-06-01,0.9426,0.9426,0.9238,0.9238,31827,0
2016-06-02,0.9238,0.9238,0.9238,0.9238,10609,0
2016-06-03,0.8955,0.9238,0.8766,0.9238,36071,0
2016-06-06,0.9238,0.9238,0.9143,0.9238,137918,0
2016-06-07,0.886,0.9426,0.82,0.9049,2906878,0
2016-06-08,0.9238,0.9331,0.886,0.8955,195207,0
2016-06-10,0.886,0.886,0.82,0.8672,844480,0
2016-06-13,0.82,0.8295,0.8012,0.8106,653517,0
2016-06-14,0.8106,0.82,0.7918,0.82,207937,0
2016-06-15,0.7918,0.7918,0.7163,0.773,2775325,0
2016-06-16,0.8012,0.8012,0.7447,0.7541,186719,0
2016-06-17,0.773,0.773,0.7541,0.773,59411,0
2016-06-20,0.7541,0.7823,0.7541,0.7541,42436,0
2016-06-21,0.7541,0.773,0.7541,0.7541,133674,0
2016-06-22,0.773,0.7823,0.7541,0.7635,254617,0
2016-06-23,0.7823,0.7823,0.7541,0.7823,942083,0
2016-06-24,0.7541,0.7541,0.7352,0.7352,367072,0
2016-06-27,0.7541,0.773,0.7258,0.7352,180354,0
2016-06-28,0.7352,0.773,0.6975,0.7541,86994,0
2016-06-29,0.7352,0.7823,0.7352,0.7635,108213,0
2016-06-30,0.7541,0.7823,0.7352,0.7823,377682,0
2016-07-04,0.7918,0.8672,0.7635,0.8012,282201,0
2016-07-05,0.8012,0.8295,0.8012,0.82,101846,0
2016-07-06,0.8012,0.8672,0.8012,0.8389,99725,0
2016-07-07,0.82,0.8389,0.8106,0.8389,422239,0
2016-07-08,0.8389,0.8389,0.8106,0.8295,103969,0
2016-07-11,0.8106,0.8106,0.8012,0.8106,250374,0
2016-07-12,0.7918,0.7918,0.773,0.7823,498625,0
2016-07-13,0.773,0.8483,0.773,0.8483,931474,0
2016-07-14,0.82,0.8295,0.8106,0.82,31827,0
2016-07-15,0.8955,0.9143,0.8012,0.8295,602593,0
2016-07-18,0.8012,0.8012,0.7918,0.8012,379804,0
2016-07-19,0.8012,0.8012,0.8012,0.8012,53045,0
2016-07-20,0.8106,0.8295,0.8012,0.8106,231277,0
2016-07-21,0.8106,0.8106,0.7823,0.7823,884794,0
2016-07-22,0.7918,0.8106,0.7918,0.8012,1007859,0
2016-07-25,0.7823,0.7918,0.7823,0.7823,897525,0
2016-07-26,0.7823,0.8295,0.7823,0.8295,2005109,0
2016-07-27,0.8012,0.8106,0.7918,0.8012,1805658,0
2016-07-28,0.8295,0.8295,0.8012,0.8295,290688,0
2016-07-29,0.8295,0.9426,0.82,0.8483,481650,0
2016-08-01,0.8578,0.8955,0.8578,0.886,507112,0
2016-08-03,0.886,0.886,0.886,0.886,31827,0
2016-08-04,0.9331,0.9331,0.8578,0.8672,129430,0
2016-08-05,0.886,0.886,0.8578,0.886,97603,0
2016-08-08,0.8955,0.8955,0.8483,0.8766,50924,0
2016-08-09,0.8578,0.9049,0.8578,0.8955,250374,0
2016-08-10,0.9238,0.9238,0.8955,0.9143,409509,0
2016-08-11,0.9143,0.9426,0.9143,0.9238,468920,0
2016-08-12,0.9331,0.9426,0.8955,0.8955,869942,0
2016-08-15,0.9331,0.9331,0.9049,0.9331,78507,0
2016-08-16,0.9143,0.9143,0.8955,0.9143,237642,0
2016-08-17,0.9426,0.9426,0.8766,0.9238,76386,0
2016-08-18,0.9331,0.9331,0.8955,0.8955,237642,0
2016-08-19,0.9331,0.9331,0.8955,0.9143,237642,0
2016-08-22,0.9238,0.9331,0.9049,0.9049,375560,0
2016-08-23,0.8955,0.9238,0.886,0.8955,311906,0
2016-08-24,0.9143,0.9331,0.8955,0.9143,835992,0
2016-08-25,0.9331,1.0274,0.8955,1.018,352220,0
2016-08-26,0.9426,0.9426,0.886,0.8955,1239136,0
2016-08-29,0.8672,0.9143,0.8295,0.8389,2985385,0
2016-08-30,0.8295,0.8483,0.773,0.8389,3696190,0
2016-08-31,0.8389,0.8389,0.8389,0.8389,0,0
2016-09-01,0.8483,0.8483,0.82,0.82,188841,0
2016-09-02,0.82,0.8672,0.82,0.8295,216424,0
2016-09-05,0.8483,0.8483,0.8483,0.8483,10609,0
2016-09-06,0.82,0.8672,0.82,0.8672,201572,0
2016-09-07,0.8672,0.8672,0.8578,0.8672,167623,0
2016-09-08,0.8672,0.886,0.8672,0.886,72141,0
2016-09-09,0.886,0.9049,0.8483,0.8766,920865,0
2016-09-12,0.8578,0.8578,0.8389,0.8483,229156,0
2016-09-13,0.8483,0.8483,0.8483,0.8483,63654,0
2016-09-14,0.8295,0.8389,0.8106,0.82,101846,0
2016-09-15,0.8295,0.8295,0.8295,0.8295,4243,0
2016-09-19,0.8483,0.8483,0.8389,0.8389,216424,0
2016-09-20,0.8295,0.8295,0.8012,0.82,1744126,0
2016-09-21,0.82,0.82,0.82,0.82,776581,0
2016-09-22,0.8389,0.8389,0.8012,0.82,1527702,0
2016-09-23,0.82,0.82,0.7918,0.8012,2592850,0
2016-09-26,0.8012,0.8106,0.8012,0.8106,146405,0
2016-09-27,0.7965,0.82,0.7918,0.82,2539804,0
2016-09-28,0.8295,0.8295,0.82,0.82,360707,0
2016-09-29,0.8389,0.8389,0.82,0.8389,152770,0
2016-09-30,0.8106,0.8389,0.8106,0.8389,1826877,0
2016-10-03,0.8295,0.8483,0.8295,0.8389,33949,0
2016-10-04,0.8389,0.8389,0.8389,0.8389,0,0
2016-10-05,0.8295,0.8295,0.82,0.8295,31827,0
2016-10-06,0.8389,0.8389,0.82,0.8389,598350,0
2016-10-07,0.8389,0.8578,0.8389,0.8389,901769,0
2016-10-11,0.8483,0.9049,0.8483,0.8766,1604088,0
2016-10-12,0.8672,0.886,0.8483,0.8483,935718,0
2016-10-13,0.8766,0.886,0.8483,0.886,774460,0
2016-10-14,0.886,0.8955,0.8672,0.886,825383,0
2016-10-17,0.8672,0.8955,0.8578,0.8955,74264,0
2016-10-18,0.886,0.9049,0.8766,0.886,254617,0
2016-10-19,0.886,0.8955,0.886,0.886,53045,0
2016-10-20,0.886,0.886,0.8483,0.8672,833870,0
2016-10-24,0.886,0.886,0.8578,0.8672,589863,0
2016-10-25,0.8672,0.9238,0.8672,0.9143,882672,0
2016-10-26,0.9143,0.9143,0.886,0.886,1186091,0
2016-10-27,0.886,0.886,0.8672,0.886,895403,0
2016-10-28,0.8766,0.8766,0.8766,0.8766,0,0
2016-10-31,0.886,0.886,0.8389,0.8672,1958430,0
2016-11-01,0.8672,0.8955,0.8483,0.8955,835992,0
2016-11-02,0.8955,0.9049,0.8955,0.8955,106091,0
2016-11-03,0.8955,0.9143,0.8672,0.8955,405266,0
2016-11-04,0.8955,0.8955,0.8672,0.8672,10609,0
2016-11-07,0.8766,0.8955,0.8766,0.8766,46680,0
2016-11-08,0.8766,0.8766,0.8766,0.8766,0,0
2016-11-09,0.8578,0.8672,0.8389,0.8483,186719,0
2016-11-10,0.8483,0.8483,0.8483,0.8483,1135168,0
2016-11-11,0.8955,0.9049,0.8483,0.8955,184597,0
2016-11-14,0.886,0.8955,0.886,0.8955,31827,0
2016-11-15,0.886,0.8955,0.886,0.886,233399,0
2016-11-16,0.8955,0.9049,0.8578,0.9049,301297,0
2016-11-17,0.886,0.8955,0.886,0.886,31827,0
2016-11-18,0.8578,0.9049,0.8483,0.8955,396778,0
2016-11-21,0.8955,0.8955,0.8955,0.8955,0,0
2016-11-22,0.8672,0.9238,0.8672,0.9049,2609825,0
2016-11-23,0.8955,0.9049,0.886,0.8955,152770,0
2016-11-24,0.8672,0.8955,0.8672,0.886,106091,0
2016-11-25,0.886,0.886,0.886,0.886,0,0
2016-11-28,0.886,0.886,0.886,0.886,21218,0
2016-11-29,0.8955,0.8955,0.886,0.8955,57289,0
2016-11-30,0.886,0.9143,0.8672,0.9049,774460,0
2016-12-01,0.886,0.9143,0.886,0.9049,65776,0
2016-12-02,0.8955,0.9331,0.8955,0.9049,4243,0
2016-12-05,0.9049,0.9049,0.9049,0.9049,0,0
2016-12-06,0.9049,0.9331,0.886,0.9143,159135,0
2016-12-07,0.9049,0.9426,0.9049,0.9049,628055,0
2016-12-08,0.9143,0.9426,0.9049,0.9143,82751,0
2016-12-09,0.9426,0.9426,0.9143,0.9143,159135,0
2016-12-12,0.9143,0.9426,0.9049,0.9143,636543,0
2016-12-13,0.9143,0.9143,0.9143,0.9143,0,0
2016-12-14,0.886,0.9426,0.886,0.9049,910256,0
2016-12-15,0.886,0.8955,0.886,0.8955,27584,0
2016-12-16,0.8955,0.8955,0.886,0.8955,712927,0
2016-12-19,0.9331,0.9331,0.9049,0.9238,19097,0
2016-12-20,0.9331,0.9331,0.9049,0.9238,732024,0
2016-12-21,0.952,0.952,0.9143,0.9426,1281573,0
2016-12-22,0.952,1.1782,0.952,1.018,7110180,0
2016-12-23,1.018,1.0274,0.9614,1.0086,1561651,0
2016-12-28,0.9991,1.0463,0.952,1.0369,1411003,0
2016-12-29,1.018,1.0557,1.0086,1.0463,655617,0
2016-12-30,1.0369,1.0651,1.018,1.0651,2505855,0
2017-01-03,1.0651,1.0651,1.0463,1.0557,82751,0
2017-01-04,1.0557,1.0557,1.0086,1.0463,417996,0
2017-01-05,1.018,1.0934,1.0086,1.0839,778703,0
2017-01-06,1.1122,1.1122,1.0557,1.0839,137918,0
2017-01-09,1.0934,1.0934,1.0557,1.0651,282201,0
2017-01-10,1.0274,1.0746,1.018,1.0746,305540,0
2017-01-11,1.0651,1.0651,1.0651,1.0651,2122,0
2017-01-12,1.0934,1.0934,1.0557,1.0934,579254,0
2017-01-13,1.1122,1.1217,1.0839,1.1029,218546,0
2017-01-16,1.0839,1.0839,1.0839,1.0839,53045,0
2017-01-17,1.1499,1.1499,1.0274,1.1217,2079372,0
2017-01-18,1.1311,1.2725,1.1217,1.2348,1915993,0
2017-01-19,1.2442,1.3573,1.2442,1.3197,3963538,0
2017-01-20,1.329,1.3573,1.2348,1.2914,1894774,0
2017-01-23,1.2725,1.3197,1.2631,1.3102,865697,0
2017-01-24,1.2819,1.3102,1.2725,1.3102,331002,0
2017-01-25,1.3102,1.3102,1.3007,1.3102,152770,0
2017-01-26,1.3102,1.3102,1.2725,1.3102,708684,0
2017-01-27,1.3102,1.3102,1.2914,1.3102,320393,0
2017-02-01,1.3102,1.4516,1.3007,1.4516,1621061,0
2017-02-02,1.4516,1.4516,1.3857,1.395,630548,0
2017-02-03,1.395,1.395,1.3385,1.3573,598350,0
2017-02-06,1.3573,1.3573,1.2914,1.3385,379804,0
2017-02-07,1.3479,1.3479,1.2914,1.3197,171867,0
2017-02-08,1.3102,1.3197,1.2631,1.2819,717171,0
2017-02-09,1.2819,1.3197,1.2254,1.2348,623811,0
2017-02-10,1.1877,1.2819,1.1877,1.2819,108213,0
2017-02-13,1.2819,1.3197,1.2631,1.3197,1054539,0
2017-02-14,1.2819,1.3197,1.2631,1.2819,986641,0
2017-02-15,1.2254,1.2914,1.2254,1.2914,137918,0
2017-02-16,1.2537,1.2914,1.2442,1.2537,27584,0
2017-02-17,1.2348,1.2914,1.2348,1.2819,63654,0
2017-02-20,1.2725,1.2725,1.2631,1.2725,84872,0
2017-02-21,1.2537,1.2537,1.2348,1.2537,27584,0
2017-02-22,1.2348,1.2631,1.2254,1.2537,127308,0
2017-02-23,1.2537,1.2819,1.2537,1.2819,46680,0
2017-02-24,1.2725,1.2819,1.2725,1.2725,10609,0
2017-02-27,1.2631,1.2914,1.2442,1.2725,193085,0
2017-02-28,1.2914,1.2914,1.2914,1.2914,21218,0
2017-03-01,1.2442,1.3857,1.2442,1.3197,1896897,0
2017-03-02,1.3385,1.4422,1.3197,1.4045,3015090,0
2017-03-03,1.4139,1.4422,1.3479,1.4045,2444323,0
2017-03-06,1.4233,1.5553,1.4045,1.5458,5847704,0
2017-03-07,1.5553,1.5836,1.4893,1.5365,4583106,0
2017-03-08,1.5458,1.5458,1.4893,1.5081,1712299,0
2017-03-09,1.5365,1.6306,1.4893,1.593,5926211,0
2017-03-10,1.6024,1.6778,1.5647,1.6496,2781691,0
2017-03-13,1.6684,1.6873,1.5365,1.6213,3169982,0
2017-03-14,1.6213,1.6213,1.5553,1.6024,1945698,0
2017-03-15,1.6024,1.6024,1.5553,1.593,1249746,0
2017-03-16,1.593,1.6684,1.5647,1.6213,4447310,0
2017-03-17,1.6306,1.659,1.5458,1.5741,4254226,0
2017-03-20,1.593,1.6401,1.593,1.6213,742633,0
2017-03-21,1.6401,1.6684,1.6024,1.6306,1046052,0
2017-03-22,1.6024,1.6401,1.593,1.6306,623811,0
2017-03-23,1.6118,1.6496,1.6024,1.6496,415874,0
2017-03-24,1.6966,1.7344,1.6213,1.6778,4042044,0
2017-03-27,1.6966,1.6966,1.6306,1.6496,591984,0
2017-03-28,1.6496,1.6778,1.6213,1.6496,167623,0
2017-03-29,1.6401,1.6496,1.5836,1.6118,1283694,0
2017-03-30,1.5553,1.6306,1.5553,1.6213,1143655,0
2017-03-31,1.6024,1.659,1.593,1.6496,1899019,0
2017-04-03,1.6496,1.7156,1.6401,1.6684,681100,0
2017-04-05,1.6778,1.6778,1.6024,1.659,1020590,0
2017-04-06,1.6496,1.6496,1.5553,1.6024,3670729,0
2017-04-07,1.6496,1.6496,1.5836,1.6024,1166995,0
2017-04-10,1.593,1.6024,1.5741,1.6024,205815,0
2017-04-11,1.593,1.6024,1.5647,1.6024,719293,0
2017-04-12,1.593,1.6024,1.5647,1.593,591984,0
2017-04-13,1.5836,1.6213,1.5647,1.6213,379804,0
2017-04-18,1.6118,1.6118,1.5553,1.6024,384047,0
2017-04-19,1.593,1.6024,1.593,1.6024,142161,0
2017-04-20,1.5836,1.6024,1.5741,1.6024,207937,0
2017-04-21,1.593,1.6024,1.5647,1.6024,203694,0
2017-04-24,1.593,1.593,1.5458,1.5836,265226,0
2017-04-25,1.5741,1.5836,1.5647,1.5836,309784,0
2017-04-26,1.5741,1.5836,1.5458,1.5553,369195,0
2017-04-27,1.5553,1.5836,1.4705,1.527,1669863,0
2017-04-28,1.4798,1.5176,1.3762,1.5081,3679216,0
2017-05-02,1.4987,1.5553,1.4705,1.4987,791435,0
2017-05-04,1.5081,1.5836,1.4987,1.5365,1266720,0
2017-05-05,1.5176,1.5647,1.5176,1.5458,449823,0
2017-05-08,1.5553,1.593,1.527,1.5553,906012,0
2017-05-09,1.5647,1.6306,1.5647,1.5741,3426721,0
2017-05-10,1.5741,1.5836,1.5553,1.5553,611081,0
2017-05-11,1.5647,1.5836,1.527,1.5647,112456,0
2017-05-12,1.5553,1.5836,1.5365,1.5647,710806,0
2017-05-15,1.5741,1.6118,1.5458,1.5647,2213046,0
2017-05-16,1.6024,1.6118,1.4893,1.6024,2111200,0
2017-05-17,1.6118,1.6213,1.5647,1.6118,746876,0
2017-05-18,1.6024,1.6213,1.527,1.6024,594106,0
2017-05-19,1.6118,1.6118,1.5176,1.5741,761729,0
2017-05-22,1.5741,1.6118,1.5081,1.5836,1084244,0
2017-05-23,1.5958,1.6549,1.5465,1.5662,615202,0
2017-05-24,1.5662,1.6352,1.5071,1.6155,337041,0
2017-05-25,1.6056,1.645,1.5958,1.645,134004,0
2017-05-26,1.645,1.7238,1.6253,1.645,1926820,0
2017-05-29,1.645,1.6746,1.5859,1.5958,314707,0
2017-05-31,1.6056,1.6549,1.5958,1.5958,667991,0
2017-06-01,1.6056,1.6844,1.6056,1.6647,2745058,0
2017-06-02,1.6549,1.6943,1.5564,1.6549,8015895,0
2017-06-05,1.6352,1.6844,1.6155,1.645,828390,0
2017-06-06,1.6746,1.6746,1.6549,1.6647,519774,0
2017-06-07,1.6746,1.6844,1.6253,1.6844,814178,0
2017-06-08,1.6746,1.7238,1.6647,1.7238,2964338,0
2017-06-09,1.7041,1.8125,1.6746,1.7829,4227227,0
2017-06-12,1.7928,1.8125,1.7337,1.7534,7975288,0
2017-06-13,1.7829,1.7829,1.7238,1.7435,2669935,0
2017-06-14,1.7534,1.7928,1.7238,1.7632,2385683,0
2017-06-15,1.7829,1.8913,1.7632,1.8716,5388598,0
2017-06-16,1.8913,1.9996,1.8519,1.9307,10316302,0
2017-06-19,1.9405,2.1868,1.9405,2.1375,16100822,0
2017-06-20,2.1277,2.1671,2.0686,2.1277,3782577,0
2017-06-21,2.1277,2.1769,2.0489,2.1671,3315592,0
2017-06-22,2.1769,2.3149,2.108,2.108,7325570,0
2017-06-23,2.1178,2.2262,2.1178,2.1966,2091280,0
2017-06-26,2.2262,2.2459,2.1671,2.2163,2269952,0
2017-06-27,2.2656,2.2656,2.1178,2.1671,2414108,0
2017-06-28,2.1474,2.1671,2.0587,2.0883,1945093,0
2017-06-29,2.1178,2.1572,2.0292,2.0883,1413136,0
2017-06-30,2.0686,2.2163,2.0193,2.1769,2052703,0
2017-07-03,2.1966,2.2656,2.0784,2.0883,2221223,0
2017-07-04,2.1178,2.1277,2.0587,2.1178,1644598,0
2017-07-05,2.0686,2.1671,2.0686,2.1671,1918698,0
2017-07-06,2.1769,2.2163,2.108,2.1572,1275376,0
2017-07-07,2.1178,2.1868,2.1178,2.1671,1321770,0
2017-07-10,2.0883,2.1769,2.0883,2.1277,994881,0
2017-07-11,2.1178,2.1671,2.0883,2.1375,458863,0
2017-07-12,2.1375,2.1671,2.108,2.1474,1469987,0
2017-07-13,2.1572,2.1671,2.1375,2.1671,2462837,0
2017-07-14,2.1671,2.4134,2.1572,2.4035,8211825,0
2017-07-17,2.4626,2.4823,2.3641,2.4528,2631358,0
2017-07-18,2.4626,2.4626,2.3937,2.4429,960364,0
2017-07-19,2.4429,2.6596,2.4331,2.5907,3387670,0
2017-07-20,2.6498,2.7187,2.6104,2.7089,2507505,0
2017-07-21,2.7089,2.7975,2.5414,2.7286,3071948,0
2017-07-24,2.7778,2.896,2.6596,2.8566,2211071,0
2017-07-25,2.8172,2.8665,2.699,2.8172,1567444,0
2017-07-26,2.8468,2.8468,2.6104,2.7089,1900425,0
2017-07-27,2.7581,2.7581,2.6202,2.7089,1000972,0
2017-07-28,2.6596,2.7384,2.6498,2.6892,1264920,0
2017-07-31,2.6596,2.7384,2.6399,2.6596,1411106,0
2017-08-01,2.6596,2.6695,2.5217,2.6104,2091280,0
2017-08-02,2.571,2.5808,2.4922,2.5808,1813119,0
2017-08-03,2.5119,2.5513,2.4626,2.4823,871028,0
2017-08-04,2.4626,2.6596,2.4429,2.6005,1427349,0
2017-08-07,2.6005,2.6695,2.5414,2.6104,2438473,0
2017-08-08,2.5907,2.699,2.5808,2.5907,1114672,0
2017-08-09,2.5611,2.6005,2.5414,2.571,698447,0
2017-08-10,2.571,2.5808,2.4922,2.5513,1035488,0
2017-08-11,2.4823,2.5513,2.2951,2.5217,1232434,0
2017-08-14,2.5217,2.5513,2.4626,2.5217,942091,0
2017-08-15,2.5119,2.6399,2.5119,2.5611,464954,0
2017-08-16,2.502,2.6202,2.4922,2.5513,253796,0
2017-08-17,2.5611,2.571,2.5119,2.5611,588807,0
2017-08-18,2.5513,2.5907,2.4626,2.5217,716720,0
2017-08-21,2.5217,2.6005,2.4725,2.4922,144156,0
2017-08-22,2.502,2.5414,2.4626,2.5414,1800937,0
2017-08-24,2.5414,2.5611,2.4725,2.5119,2235436,0
2017-08-25,2.5611,2.6202,2.4626,2.5513,3522689,0
2017-08-28,2.5907,2.5907,2.4626,2.4922,899453,0
2017-08-29,2.502,2.5414,2.4725,2.502,491349,0
2017-08-30,2.5217,2.6202,2.502,2.6005,2399896,0
2017-08-31,2.6104,2.7089,2.6005,2.699,1628356,0
2017-09-01,2.699,2.7778,2.6695,2.768,1431410,0
2017-09-04,2.768,2.768,2.6596,2.6793,598959,0
2017-09-05,2.6793,2.7286,2.6695,2.7286,393891,0
2017-09-06,2.7286,2.7975,2.699,2.7778,1343089,0
2017-09-07,2.7778,2.8566,2.7384,2.7975,536017,0
2017-09-08,2.7581,2.7778,2.7384,2.7483,341102,0
2017-09-11,2.7286,2.7778,2.7286,2.7581,826360,0
2017-09-12,2.81,2.89,2.76,2.85,2296000,0
2017-09-13,2.86,3.06,2.85,3.02,3522000,0
2017-09-14,3.06,3.24,3.06,3.23,3808000,0
2017-09-15,3.14,3.26,3.08,3.26,1926000,0
2017-09-18,3.26,3.46,3.15,3.25,2750000,0
2017-09-19,3.25,3.25,3.04,3.11,1916000,0
2017-09-20,3.14,3.35,3.08,3.2,1230000,0
2017-09-21,3.2,3.2,3.14,3.15,4608000,0
2017-09-22,3.19,3.19,3.04,3.06,1544000,0
2017-09-25,3.06,3.06,2.87,2.94,1214000,0
2017-09-26,2.94,3.11,2.84,2.92,2016000,0
2017-09-27,2.91,2.99,2.9,2.93,817800,0
2017-09-28,2.96,2.96,2.86,2.9,390000,0
2017-09-29,2.93,2.93,2.85,2.89,338000,0
2017-10-03,2.89,2.97,2.89,2.94,604000,0
2017-10-04,2.94,3,2.88,2.91,440000,0
2017-10-06,2.91,3.01,2.84,3.01,812000,0
2017-10-09,3.04,3.04,2.87,2.87,824000,0
2017-10-10,2.91,2.94,2.83,2.86,526000,0
2017-10-11,2.93,2.99,2.87,2.96,890000,0
2017-10-12,2.95,2.96,2.88,2.94,424500,0
2017-10-13,2.94,2.94,2.88,2.91,514000,0
2017-10-16,2.91,2.91,2.74,2.83,1792000,0
2017-10-17,2.89,2.89,2.76,2.78,3482500,0
2017-10-18,2.75,2.82,2.75,2.76,1164000,0
2017-10-19,2.76,2.8,2.71,2.74,1578000,0
2017-10-20,2.8,2.85,2.72,2.79,1887000,0
2017-10-23,2.71,2.8,2.71,2.78,842000,0
2017-10-24,2.75,2.79,2.65,2.69,904000,0
2017-10-25,2.75,2.75,2.69,2.73,570000,0
2017-10-26,2.69,2.76,2.67,2.67,506000,0
2017-10-27,2.72,2.72,2.5,2.56,1172000,0
2017-10-30,2.61,2.63,2.57,2.6,2034000,0
2017-10-31,2.58,2.62,2.5,2.59,820000,0
2017-11-01,2.55,2.59,2.54,2.55,620000,0
2017-11-02,2.56,2.57,2.5,2.51,2254000,0
2017-11-03,2.5,2.58,2.47,2.5,2308000,0
2017-11-06,2.5,2.51,2.46,2.48,746000,0
2017-11-07,2.55,2.59,2.45,2.47,1082000,0
2017-11-08,2.56,2.56,2.3,2.42,5128000,0
2017-11-09,2.43,2.49,2.41,2.47,3198000,0
2017-11-10,2.47,2.49,2.38,2.43,912000,0
2017-11-13,2.43,2.58,2.43,2.49,1054000,0
2017-11-14,2.48,2.52,2.43,2.43,976000,0
2017-11-15,2.41,2.45,2.35,2.41,232000,0
2017-11-16,2.39,2.43,2.35,2.4,1762000,0
2017-11-17,2.43,2.44,2.25,2.27,1568000,0
2017-11-20,2.31,2.33,2.25,2.28,975390,0
2017-11-21,2.28,2.3,2.24,2.26,542000,0
2017-11-22,2.26,2.42,2.26,2.38,628000,0
2017-11-23,2.43,2.61,2.43,2.49,1088000,0
2017-11-24,2.5,2.51,2.38,2.43,510000,0
2017-11-27,2.42,2.42,2.34,2.35,282000,0
2017-11-28,2.38,2.43,2.38,2.4,280000,0
2017-11-29,2.4,2.42,2.37,2.4,618000,0
2017-11-30,2.39,2.42,2.36,2.38,324000,0
2017-12-01,2.33,2.4,2.32,2.38,456000,0
2017-12-04,2.33,2.4,2.33,2.34,746000,0
2017-12-05,2.33,2.35,2.31,2.33,1358000,0
2017-12-06,2.34,2.45,2.3,2.33,2670000,0
2017-12-07,2.36,2.4,2.24,2.3,544000,0
2017-12-08,2.31,2.39,2.25,2.28,1394000,0
2017-12-11,2.32,2.36,2.27,2.31,596000,0
2017-12-12,2.31,2.33,2.3,2.32,724000,0
2017-12-13,2.31,2.38,2.31,2.34,446000,0
2017-12-14,2.34,2.35,2.33,2.33,1056000,0
2017-12-15,2.31,2.35,2.26,2.29,756000,0
2017-12-18,2.3,2.3,2.25,2.3,462000,0
2017-12-19,2.34,2.34,2.25,2.31,832000,0
2017-12-20,2.25,2.31,2.24,2.26,1350000,0
2017-12-21,2.35,2.35,2.23,2.29,964000,0
2017-12-22,2.29,2.36,2.29,2.35,558000,0
2017-12-27,2.35,2.43,2.35,2.39,290000,0
2017-12-28,2.39,2.45,2.35,2.43,240000,0
2017-12-29,2.43,2.47,2.41,2.44,642000,0
2018-01-02,2.45,2.56,2.44,2.53,3296000,0
2018-01-03,2.59,2.61,2.51,2.6,1274000,0
2018-01-04,2.6,2.6,2.5,2.58,288000,0
2018-01-05,2.6,2.6,2.51,2.53,424000,0
2018-01-08,2.56,2.58,2.53,2.54,488000,0
2018-01-09,2.53,2.58,2.48,2.54,396000,0
2018-01-10,2.6,2.91,2.6,2.71,3660000,0
2018-01-11,2.71,2.75,2.65,2.67,1112000,0
2018-01-12,2.64,2.64,2.57,2.62,644000,0
2018-01-15,2.62,2.67,2.54,2.54,3271000,0
2018-01-16,2.54,2.58,2.52,2.56,1788000,0
2018-01-17,2.56,2.56,2.51,2.55,28956000,0
2018-01-18,2.6,2.8,2.57,2.7,2990000,0
2018-01-19,2.7,2.7,2.61,2.65,1298000,0
2018-01-22,2.67,2.8,2.54,2.76,2268000,0
2018-01-23,2.76,2.83,2.7,2.82,1450000,0
2018-01-24,2.76,2.85,2.71,2.74,1904000,0
2018-01-25,2.68,2.68,2.61,2.63,2164000,0
2018-01-26,2.56,2.8,2.56,2.73,2858000,0
2018-01-29,2.75,2.81,2.72,2.81,2337916,0
2018-01-30,2.81,2.81,2.73,2.77,314000,0
2018-01-31,2.85,2.99,2.67,2.8,1026000,0
2018-02-01,2.86,2.98,2.75,2.88,4203833,0
2018-02-02,2.82,2.95,2.74,2.93,14304000,0
2018-02-05,2.92,2.92,2.75,2.85,1868000,0
2018-02-06,2.85,2.85,2.64,2.78,1558000,0
2018-02-07,2.89,2.89,2.59,2.61,966000,0
2018-02-08,2.56,2.68,2.55,2.59,3276000,0
2018-02-09,2.5,2.58,2.45,2.51,2630000,0
2018-02-12,2.54,2.65,2.51,2.61,610000,0
2018-02-13,2.66,2.78,2.62,2.75,784000,0
2018-02-14,2.71,2.79,2.65,2.71,1644000,0
2018-02-15,2.79,2.8,2.71,2.71,206000,0
2018-02-20,2.71,2.88,2.7,2.84,1080000,0
2018-02-21,2.85,3.1,2.84,2.98,1916000,0
2018-02-22,2.98,3.1,2.88,3.01,1030000,0
2018-02-23,3.01,3.02,2.95,2.95,490000,0
2018-02-26,3.03,3.05,2.9,2.92,836000,0
2018-02-27,2.93,3.04,2.88,2.93,1144000,0
2018-02-28,2.91,2.92,2.7,2.92,446000,0
2018-03-01,2.86,2.95,2.86,2.91,488000,0
2018-03-02,2.8,2.91,2.8,2.8,52000,0
2018-03-05,2.73,2.78,2.7,2.74,68000,0
2018-03-06,2.75,2.94,2.74,2.83,1232000,0
2018-03-07,2.81,2.83,2.78,2.81,386000,0
2018-03-08,2.81,2.82,2.78,2.82,182000,0
2018-03-09,2.76,2.95,2.76,2.92,328000,0
2018-03-12,2.89,3,2.85,2.89,542000,0
2018-03-13,2.9,2.99,2.85,2.96,236000,0
2018-03-14,2.9,3.05,2.89,2.98,988000,0
2018-03-15,2.98,3.13,2.98,3.07,1436000,0
2018-03-16,3.05,3.15,3.05,3.07,1479000,0
2018-03-19,3.07,3.12,3,3,428000,0
2018-03-20,3.01,3.06,2.89,2.96,1446000,0
2018-03-21,3.02,3.16,3.01,3.04,3024000,0
2018-03-22,3.13,3.17,3.05,3.07,1740000,0
2018-03-23,3.02,3.04,2.84,2.95,766000,0
2018-03-26,3,3.1,2.94,3,1517600,0
2018-03-27,3.19,3.19,3.05,3.11,1228500,0
2018-03-28,3.18,3.18,3.09,3.15,806000,0
2018-03-29,3.14,3.18,3.09,3.17,482000,0
