Date,Open,High,Low,Close,Volume,OpenInt
2016-09-12,2.98,3.27,2.98,3.21,1036000,0
2016-09-13,3.3,3.44,3.08,3.14,952000,0
2016-09-14,3.16,3.31,3.1,3.21,856000,0
2016-09-15,3.11,3.28,3.06,3.08,676000,0
2016-09-19,3.06,3.09,2.85,2.98,768000,0
2016-09-20,3,3.05,2.9,2.99,592000,0
2016-09-21,3.01,3.05,2.78,2.87,976000,0
2016-09-22,2.85,2.9,2.76,2.76,748000,0
2016-09-23,2.79,2.86,2.74,2.74,588000,0
2016-09-26,2.71,2.82,2.59,2.59,696000,0
2016-09-27,2.65,2.65,2.51,2.57,1256000,0
2016-09-28,2.59,2.6,2.54,2.6,628000,0
2016-09-29,2.62,2.62,2.57,2.6,604000,0
2016-09-30,2.57,2.61,2.54,2.58,649600,0
2016-10-03,2.56,2.59,2.51,2.51,644000,0
2016-10-04,2.6,2.6,2.45,2.58,728000,0
2016-10-05,2.55,2.58,2.5,2.53,660000,0
2016-10-06,2.53,2.6,2.52,2.59,760000,0
2016-10-07,2.61,2.63,2.58,2.62,712000,0
2016-10-11,2.7,2.83,2.7,2.79,836000,0
2016-10-12,2.79,2.79,2.75,2.75,676000,0
2016-10-13,2.79,2.79,2.75,2.75,712000,0
2016-10-14,2.78,2.78,2.55,2.59,920000,0
2016-10-17,2.57,2.69,2.57,2.59,656000,0
2016-10-18,2.56,2.61,2.53,2.58,672000,0
2016-10-19,2.65,2.65,2.52,2.59,684000,0
2016-10-20,2.57,2.61,2.51,2.53,604000,0
2016-10-24,2.59,2.59,2.4,2.53,912000,0
2016-10-25,2.4,2.5,2.4,2.49,444000,0
2016-10-26,2.49,2.52,2.47,2.48,488000,0
2016-10-27,2.5,2.51,2.49,2.51,400000,0
2016-10-28,2.5,2.51,2.48,2.48,420000,0
2016-10-31,2.49,2.51,2.43,2.51,640000,0
2016-11-01,2.5,2.51,2.4,2.5,1012000,0
2016-11-02,2.5,2.5,2.46,2.49,696000,0
2016-11-03,2.49,2.5,2.47,2.5,652000,0
2016-11-04,2.49,2.5,2.47,2.47,852000,0
2016-11-07,2.49,2.51,2.46,2.49,1136000,0
2016-11-08,2.5,2.5,2.49,2.49,444000,0
2016-11-09,2.5,2.51,2.48,2.48,996000,0
2016-11-10,2.5,2.5,2.48,2.49,1104000,0
2016-11-11,2.5,2.51,2.48,2.49,732000,0
2016-11-14,2.5,2.51,2.49,2.49,956000,0
2016-11-15,2.49,2.53,2.49,2.52,816000,0
2016-11-16,2.49,2.58,2.49,2.57,1572000,0
2016-11-17,2.55,2.57,2.53,2.54,600000,0
2016-11-18,2.55,2.59,2.53,2.57,1548000,0
2016-11-21,2.55,2.57,2.53,2.56,1552000,0
2016-11-22,2.56,2.59,2.55,2.58,972000,0
2016-11-23,2.58,2.63,2.58,2.59,1628000,0
2016-11-24,2.59,2.63,2.58,2.61,2488000,0
2016-11-25,2.61,2.66,2.61,2.61,1604000,0
2016-11-28,2.6,2.63,2.6,2.63,2052000,0
2016-11-29,2.61,2.63,2.6,2.62,1756000,0
2016-11-30,2.61,2.64,2.57,2.63,1708000,0
2016-12-01,2.62,2.68,2.62,2.64,1572000,0
2016-12-02,2.64,2.68,2.63,2.63,1644000,0
2016-12-05,2.64,2.66,2.58,2.58,1792000,0
2016-12-06,2.59,2.6,2.54,2.57,1388000,0
2016-12-07,2.57,2.62,2.57,2.59,1640000,0
2016-12-08,2.61,2.66,2.6,2.6,1536000,0
2016-12-09,2.61,2.64,2.59,2.59,1564000,0
2016-12-12,2.6,2.62,2.5,2.52,1512000,0
2016-12-13,2.55,2.55,2.32,2.47,2008000,0
2016-12-14,2.46,2.61,2.35,2.43,3116000,0
2016-12-15,2.41,2.54,2.37,2.44,3460000,0
2016-12-16,2.43,2.51,2.37,2.5,3456000,0
2016-12-19,2.55,2.56,2.44,2.48,4020000,0
2016-12-20,2.5,2.52,2.35,2.51,3796000,0
2016-12-21,2.51,2.53,2.46,2.51,2784000,0
2016-12-22,2.53,2.53,2.45,2.5,2671622,0
2016-12-23,2.55,2.55,2.42,2.47,3656000,0
2016-12-28,2.57,2.57,2.4,2.5,3828000,0
2016-12-29,2.48,2.55,2.42,2.43,4092000,0
2016-12-30,2.43,2.48,2.35,2.48,3536000,0
2017-01-03,2.49,2.52,2.47,2.5,3872000,0
2017-01-04,2.49,2.53,2.48,2.5,3722000,0
2017-01-05,2.5,2.5,2.44,2.5,4172000,0
2017-01-06,2.49,2.49,2.45,2.45,4780000,0
2017-01-09,2.45,2.5,2.36,2.44,2316000,0
2017-01-10,2.44,2.44,2.15,2.29,3916000,0
2017-01-11,2.3,2.3,2.15,2.18,3672000,0
2017-01-12,2.19,2.3,2.1,2.3,6388000,0
2017-01-13,2.28,2.29,2.18,2.27,3408000,0
2017-01-16,2.3,2.3,2.16,2.2,3572000,0
2017-01-17,2.2,2.2,2.17,2.19,3444000,0
2017-01-18,2.2,2.2,2.17,2.2,2720000,0
2017-01-19,2.18,2.3,2.18,2.3,3008000,0
2017-01-20,2.29,2.35,2.25,2.25,3132000,0
2017-01-23,2.34,2.34,2.27,2.3,2784000,0
2017-01-24,2.31,2.32,2.27,2.32,4120000,0
2017-01-25,2.3,2.33,2.28,2.28,3700000,0
2017-01-26,2.3,2.34,2.27,2.3,3968000,0
2017-01-27,2.34,2.34,2.25,2.25,3788000,0
2017-02-01,2.3,2.3,2.23,2.3,4756000,0
2017-02-02,2.3,2.35,2.24,2.24,4320000,0
2017-02-03,2.3,2.31,2.22,2.31,3912000,0
2017-02-06,2.29,2.32,2.24,2.32,3388000,0
2017-02-07,2.34,2.34,2.25,2.3,3160000,0
2017-02-08,2.31,2.31,2.24,2.25,3296000,0
2017-02-09,2.26,2.27,2.21,2.21,2792000,0
2017-02-10,2.24,2.24,2.15,2.17,3620000,0
2017-02-13,2.19,2.25,2.18,2.25,3188000,0
2017-02-14,2.26,2.28,2.15,2.25,3376000,0
2017-02-15,2.26,2.28,2.2,2.24,3892000,0
2017-02-16,2.26,2.35,2.21,2.31,7336000,0
2017-02-17,2.35,2.39,2.27,2.31,4500000,0
2017-02-20,2.3,2.38,2.29,2.38,3844000,0
2017-02-21,2.39,2.49,2.38,2.38,4016000,0
2017-02-22,2.49,2.5,2.39,2.39,3296000,0
2017-02-23,2.37,2.4,2.32,2.37,5124000,0
2017-02-24,2.39,2.45,2.31,2.37,4336000,0
2017-02-27,2.38,2.45,2.31,2.41,4240000,0
2017-02-28,2.42,2.42,2.35,2.37,4308000,0
2017-03-01,2.38,2.41,2.32,2.36,4268000,0
2017-03-02,2.37,2.5,2.34,2.49,4248000,0
2017-03-03,2.5,2.54,2.37,2.42,4144000,0
2017-03-06,2.46,2.48,2.3,2.38,4396000,0
2017-03-07,2.36,2.42,2.32,2.39,5896000,0
2017-03-08,2.4,2.48,2.31,2.48,6541600,0
2017-03-09,2.49,2.5,2.43,2.47,4104000,0
2017-03-10,2.47,2.52,2.37,2.39,6992000,0
2017-03-13,2.39,2.41,2.32,2.33,6160000,0
2017-03-14,2.35,2.43,2.32,2.36,5948000,0
2017-03-15,2.37,2.38,2.26,2.26,5184000,0
2017-03-16,2.24,2.27,2.18,2.26,10936000,0
2017-03-17,2.25,2.26,2.2,2.26,5276000,0
2017-03-20,2.26,2.27,2.23,2.27,6328000,0
2017-03-21,2.28,2.3,2.24,2.28,7160000,0
2017-03-22,2.28,2.29,2.23,2.24,6296000,0
2017-03-23,2.26,2.26,2.21,2.26,5308000,0
2017-03-24,2.27,2.27,2.22,2.22,3272000,0
2017-03-27,2.22,2.34,2.22,2.29,5676000,0
2017-03-28,2.3,2.33,2.25,2.27,6584000,0
2017-03-29,2.25,2.3,2.22,2.24,5556000,0
2017-03-30,2.24,2.27,2.19,2.19,11484000,0
2017-03-31,2.18,2.36,2.18,2.35,6440000,0
2017-04-03,2.39,2.39,2.24,2.28,6148000,0
2017-04-05,2.29,2.34,2.26,2.31,5596000,0
2017-04-06,2.31,2.39,2.29,2.33,6308000,0
2017-04-07,2.34,2.36,2.3,2.34,4752000,0
2017-04-10,2.36,2.36,2.3,2.33,5108000,0
2017-04-11,2.34,2.34,2.27,2.3,5836000,0
2017-04-12,2.3,2.3,2.22,2.25,6704000,0
2017-04-13,2.27,2.27,2.19,2.23,4328000,0
2017-04-18,2.15,2.21,2.1,2.11,3880000,0
2017-04-19,2.07,2.16,2.06,2.14,3008000,0
2017-04-20,2.18,2.19,2.08,2.15,568000,0
2017-04-21,2.17,2.17,2.07,2.12,1124000,0
2017-04-24,2.15,2.15,2.1,2.13,5268000,0
2017-04-25,2.14,2.34,2.13,2.23,4568000,0
2017-04-26,2.29,2.29,2.2,2.23,3468000,0
2017-04-27,2.2,2.25,2.11,2.19,4528000,0
2017-04-28,2.19,2.23,2.18,2.2,4264000,0
2017-05-02,2.25,2.27,2.2,2.26,4140000,0
2017-05-04,2.24,2.24,2.13,2.2,3996000,0
2017-05-05,2.2,2.2,2.14,2.16,5060000,0
2017-05-08,2.12,2.18,2.1,2.14,3356000,0
2017-05-09,2.13,2.2,2.1,2.2,4664000,0
2017-05-10,2.15,2.2,2.13,2.15,4380000,0
2017-05-11,2.2,2.21,2.17,2.18,4260000,0
2017-05-12,2.17,2.19,2.12,2.18,3376000,0
2017-05-15,2.23,2.23,2.12,2.17,3792000,0
2017-05-16,2.17,2.18,2.14,2.17,2832000,0
2017-05-17,2.17,2.18,2.11,2.13,3108000,0
2017-05-18,2.13,2.25,2.13,2.18,2928000,0
2017-05-19,2.19,2.24,2.14,2.19,3556000,0
2017-05-22,2.18,2.22,2.15,2.2,4504000,0
2017-05-23,2.22,2.24,2.14,2.17,4040000,0
2017-05-24,2.16,2.22,2.12,2.2,3572000,0
2017-05-25,2.2,2.2,2.12,2.2,9908000,0
2017-05-26,2.14,2.15,2.09,2.11,5240000,0
2017-05-29,2.08,2.24,2.07,2.21,4012000,0
2017-05-31,2.22,2.22,2.13,2.14,3220000,0
2017-06-01,2.16,2.18,2.14,2.18,4092000,0
2017-06-02,2.14,2.2,2.13,2.19,1560000,0
2017-06-05,2.2,2.2,2.13,2.13,2736000,0
2017-06-06,2.17,2.17,2.11,2.13,7816000,0
2017-06-07,2.13,2.2,2.11,2.15,8252000,0
2017-06-08,2.18,2.19,2.14,2.19,5452000,0
2017-06-09,2.2,2.2,2.13,2.15,6176000,0
2017-06-12,2.13,2.18,2.12,2.14,5724000,0
2017-06-13,2.15,2.15,2.13,2.13,2792000,0
2017-06-14,2.12,2.16,2.12,2.16,3344000,0
2017-06-15,2.16,2.16,2.13,2.16,3820000,0
2017-06-16,2.16,2.18,2.13,2.14,6396000,0
2017-06-19,2.13,2.19,2.13,2.14,5052000,0
2017-06-20,2.16,2.16,2.11,2.15,3116000,0
2017-06-21,2.14,2.15,2.11,2.12,5728000,0
2017-06-22,2.13,2.18,2.13,2.16,3008000,0
2017-06-23,2.17,2.17,2.12,2.14,3728000,0
2017-06-26,2.12,2.12,2.07,2.12,2128000,0
2017-06-27,2.15,2.16,2.13,2.14,2868000,0
2017-06-28,2.18,2.18,2.1,2.1,2704000,0
2017-06-29,2.1,2.13,2.08,2.11,3184000,0
2017-06-30,2.09,2.15,2.07,2.14,2700000,0
2017-07-03,2.11,2.13,2.1,2.12,2408000,0
2017-07-04,2.12,2.13,2.07,2.07,2720000,0
2017-07-05,2.11,2.11,2.09,2.1,2672000,0
2017-07-06,2.11,2.14,2.08,2.14,1552000,0
2017-07-07,2.14,2.14,2.11,2.12,1704000,0
2017-07-10,2.14,2.14,2.11,2.13,3452000,0
2017-07-11,2.13,2.14,2.11,2.12,3560000,0
2017-07-12,2.13,2.13,2.09,2.12,3360000,0
2017-07-13,2.13,2.14,2.08,2.12,3608000,0
2017-07-14,2.13,2.14,2.11,2.13,3332000,0
2017-07-17,2.13,2.14,2.1,2.13,3120000,0
2017-07-18,2.13,2.14,2.09,2.13,3240000,0
2017-07-19,2.14,2.18,2.11,2.16,3904000,0
2017-07-20,2.16,2.19,2.12,2.15,3390000,0
2017-07-21,2.16,2.16,2.12,2.12,2968000,0
2017-07-24,2.12,2.14,2.1,2.14,3848000,0
2017-07-25,2.13,2.14,2.1,2.12,3404000,0
2017-07-26,2.13,2.15,2.11,2.14,3280000,0
2017-07-27,2.14,2.25,2.13,2.21,4120000,0
2017-07-28,2.21,2.25,2.17,2.21,3016000,0
2017-07-31,2.22,2.28,2.14,2.16,3260000,0
2017-08-01,2.21,2.3,2.13,2.16,5276000,0
2017-08-02,2.22,2.24,2.18,2.23,5668000,0
2017-08-03,2.24,2.27,2.17,2.26,3920000,0
2017-08-04,2.29,2.38,2.22,2.35,5736000,0
2017-08-07,2.37,2.41,2.34,2.39,1720000,0
2017-08-08,2.4,2.42,2.21,2.28,8744000,0
2017-08-09,2.27,2.27,2.21,2.22,1620000,0
2017-08-10,2.27,2.4,2.2,2.37,5088000,0
2017-08-11,2.34,2.34,2.1,2.22,3288000,0
2017-08-14,2.15,2.24,2.15,2.21,3128000,0
2017-08-15,2.17,2.23,2.11,2.19,4584000,0
2017-08-16,2.19,2.26,2.17,2.17,2240000,0
2017-08-17,2.18,2.21,2.17,2.18,548000,0
2017-08-18,2.19,2.22,2.17,2.17,2612000,0
2017-08-21,2.2,2.2,2.16,2.17,3064000,0
2017-08-22,2.19,2.28,2.18,2.22,2192000,0
2017-08-24,2.2,2.24,2.17,2.23,2180000,0
2017-08-25,2.23,2.29,2.22,2.23,2152000,0
2017-08-28,2.26,2.27,2.23,2.27,2636000,0
2017-08-29,2.27,2.29,2.13,2.13,2468000,0
2017-08-30,2.17,2.19,2.1,2.11,2444000,0
2017-08-31,2.11,2.18,2.06,2.17,2632000,0
2017-09-01,2.19,2.19,2.1,2.11,2424000,0
2017-09-04,2.15,2.15,2.05,2.14,2440000,0
2017-09-05,2.12,2.13,2.08,2.1,2472000,0
2017-09-06,2.1,2.13,2.05,2.08,2112000,0
2017-09-07,2.1,2.1,2.06,2.08,1588000,0
2017-09-08,2.12,2.12,2.05,2.06,1960000,0
2017-09-11,2.11,2.18,2.04,2.18,1980000,0
2017-09-12,2.19,2.2,2.16,2.17,1484000,0
2017-09-13,2.21,2.21,2.16,2.19,1496000,0
2017-09-14,2.22,2.22,2.16,2.19,1492000,0
2017-09-15,2.21,2.21,2.12,2.19,1504000,0
2017-09-18,2.19,2.19,2.13,2.13,1460000,0
2017-09-19,2.14,2.17,2.1,2.16,1488000,0
2017-09-20,2.18,2.18,2.09,2.12,1452000,0
2017-09-21,2.14,2.14,2.09,2.12,1924000,0
2017-09-22,2.11,2.15,2.07,2.09,2012000,0
2017-09-25,2.13,2.16,2.08,2.16,2160000,0
2017-09-26,2.18,2.18,2.11,2.18,2236000,0
2017-09-27,2.19,2.19,2.13,2.14,2064000,0
2017-09-28,2.15,2.15,2.1,2.12,1936000,0
2017-09-29,2.12,2.18,2.09,2.18,2444000,0
2017-10-03,2.16,2.17,2.11,2.13,2268000,0
2017-10-04,2.14,2.18,2.12,2.17,2316000,0
2017-10-06,2.16,2.16,2.1,2.1,4676000,0
2017-10-09,2.13,2.15,2.1,2.12,5484000,0
2017-10-10,2.14,2.17,2.06,2.15,5448000,0
2017-10-11,2.16,2.16,2.08,2.15,4588000,0
2017-10-12,2.14,2.14,2.07,2.12,4068000,0
2017-10-13,2.11,2.12,2.09,2.12,3816000,0
2017-10-16,2.13,2.13,2.09,2.1,1492000,0
2017-10-17,2.11,2.13,2.07,2.12,1776000,0
2017-10-18,2.12,2.13,2.07,2.11,1680000,0
2017-10-19,2.1,2.13,2.07,2.13,1980000,0
2017-10-20,2.12,2.12,2.09,2.11,1452000,0
2017-10-23,2.11,2.11,2.07,2.09,3552000,0
2017-10-24,2.08,2.08,2.07,2.08,4224000,0
2017-10-25,2.08,2.08,2.05,2.06,2972000,0
2017-10-26,2.06,2.13,2.06,2.13,5348000,0
2017-10-27,2.14,2.14,2.06,2.1,3356000,0
2017-10-30,2.09,2.16,2.05,2.15,4524000,0
2017-10-31,2.1,2.15,2.08,2.15,4596000,0
2017-11-01,2.16,2.16,2.09,2.11,3832000,0
2017-11-02,2.11,2.11,2.09,2.09,1440000,0
2017-11-03,2.11,2.11,2.08,2.1,1980000,0
2017-11-06,2.08,2.15,2.05,2.1,2028000,0
2017-11-07,2.12,2.14,2.09,2.1,1512000,0
2017-11-08,2.14,2.14,2.11,2.11,1480000,0
2017-11-09,2.13,2.14,2.04,2.06,1688000,0
2017-11-10,2.05,2.07,2.04,2.07,1672000,0
2017-11-13,2.06,2.07,2.05,2.07,1540000,0
2017-11-14,2.06,2.06,2.02,2.02,1524000,0
2017-11-15,2.04,2.05,2,2.05,1944000,0
2017-11-16,2.07,2.07,2.04,2.07,1504000,0
2017-11-17,2.07,2.07,2.05,2.07,1580000,0
2017-11-20,2.07,2.07,2.04,2.05,1520000,0
2017-11-21,2.07,2.07,1.98,2.02,2248000,0
2017-11-22,2.04,2.04,1.96,1.99,1476000,0
2017-11-23,2,2.09,1.89,2.03,2948000,0
2017-11-24,2.08,2.08,2,2.03,1604000,0
2017-11-27,2.1,2.1,2.03,2.03,1596000,0
2017-11-28,2.09,2.09,2.02,2.05,2184000,0
2017-11-29,2.05,2.07,2,2.06,2916000,0
2017-11-30,2.07,2.08,1.86,1.9,4254773,0
2017-12-01,1.95,2.06,1.95,2.02,2376000,0
2017-12-04,2.04,2.04,1.99,1.99,1740000,0
2017-12-05,2.02,2.05,2.01,2.04,1680000,0
2017-12-06,2.04,2.04,2,2.01,1960000,0
2017-12-07,2.04,2.08,1.98,2.06,2340000,0
2017-12-08,2.05,2.07,2,2.05,1988000,0
2017-12-11,2.04,2.04,2,2,2024000,0
2017-12-12,2,2.07,2,2.01,2304000,0
2017-12-13,2.03,2.05,2,2.01,2748000,0
2017-12-14,2,2.03,2,2.02,1876000,0
2017-12-15,2.03,2.18,1.99,2.17,4292000,0
2017-12-18,2.17,2.22,2.07,2.12,1960000,0
2017-12-19,2.15,2.15,2,2.03,1960000,0
2017-12-20,2.03,2.11,1.92,2.09,5324000,0
2017-12-21,2.06,2.15,2.01,2.08,2348000,0
2017-12-22,2.04,2.1,1.99,2,3444000,0
2017-12-27,1.95,2.02,1.91,2.01,3968000,0
2017-12-28,2,2.04,1.92,2,6632000,0
2017-12-29,2.02,2.02,1.96,2,2464000,0
2018-01-02,2.02,2.09,1.98,2.03,1672000,0
2018-01-03,2.03,2.09,2.01,2.04,1888000,0
2018-01-04,2.08,2.11,2.04,2.09,2480000,0
2018-01-05,2.11,2.11,2.05,2.09,1512000,0
2018-01-08,2.1,2.23,2.1,2.2,1788000,0
2018-01-09,2.22,2.29,2.12,2.19,1232000,0
2018-01-10,2.25,2.25,2.06,2.16,1112000,0
2018-01-11,2.2,2.2,2.07,2.13,696000,0
2018-01-12,2.13,2.16,2.06,2.11,912000,0
2018-01-15,2.15,2.15,2.02,2.04,1040000,0
2018-01-16,2.07,2.08,2,2.04,880000,0
2018-01-17,2.03,2.06,1.99,2.01,1108000,0
2018-01-18,1.98,2.08,1.98,2.04,880000,0
2018-01-19,2.07,2.07,2,2.02,960000,0
2018-01-22,2.03,2.03,1.98,2.01,708000,0
2018-01-23,2.01,2.05,1.98,2.01,1236000,0
2018-01-24,2.04,2.05,2,2.02,872000,0
2018-01-25,2.05,2.05,2,2.03,726000,0
2018-01-26,2.02,2.06,1.98,2.06,1356000,0
2018-01-29,2.09,2.09,1.93,2.03,1476000,0
2018-01-30,2.02,2.02,1.98,2,1108000,0
2018-01-31,2.01,2.01,1.98,2,740000,0
2018-02-01,2,2,1.96,2,1132000,0
2018-02-02,1.99,2,1.95,2,3564000,0
2018-02-05,1.99,2,1.93,2,1496000,0
2018-02-06,1.97,1.97,1.93,1.97,1020000,0
2018-02-07,1.98,1.98,1.86,1.96,2276000,0
2018-02-08,1.97,2,1.92,2,1140000,0
2018-02-09,2.01,2.01,1.95,1.98,1508000,0
2018-02-12,2.02,2.04,1.95,1.97,2196000,0
2018-02-13,1.98,1.98,1.92,1.95,1728000,0
2018-02-14,1.95,1.98,1.92,1.95,1348000,0
2018-02-15,1.96,1.98,1.92,1.98,1108000,0
2018-02-20,1.99,1.99,1.93,1.94,1428000,0
2018-02-21,1.94,2,1.9,1.98,3000000,0
2018-02-22,2,2,1.92,2,2216000,0
2018-02-23,2,2,1.96,2,724000,0
2018-02-26,2,2,1.92,1.96,1596000,0
2018-02-27,1.95,2,1.91,2,1984000,0
2018-02-28,1.97,1.98,1.94,1.98,820000,0
2018-03-01,1.96,1.98,1.94,1.98,780000,0
2018-03-02,1.98,2,1.94,1.98,1120000,0
2018-03-05,1.96,1.96,1.93,1.95,1196000,0
2018-03-06,1.94,1.94,1.92,1.94,1008000,0
2018-03-07,1.93,2.03,1.89,1.98,2412000,0
2018-03-08,1.99,2.1,1.94,2.08,2072000,0
2018-03-09,2.07,2.07,1.97,2.03,1608000,0
2018-03-12,2.04,2.12,1.96,2.1,1904000,0
2018-03-13,2.09,2.25,2.05,2.1,2232000,0
2018-03-14,2.07,2.13,2.01,2.13,1456000,0
2018-03-15,2.17,2.17,2.06,2.15,1972000,0
2018-03-16,2.13,2.14,2.1,2.14,1152000,0
2018-03-19,2.18,2.18,2.05,2.06,1432000,0
2018-03-20,2.12,2.12,2,2.02,1660000,0
2018-03-21,2.03,2.05,1.95,2,1648000,0
2018-03-22,2.01,2.09,1.98,2,1408000,0
2018-03-23,2.06,2.06,1.91,2,2312000,0
2018-03-26,1.99,2.19,1.91,2.01,1688000,0
2018-03-27,2.01,2.07,1.97,2,1468000,0
2018-03-28,1.99,2.04,1.95,1.99,2040000,0
2018-03-29,1.96,1.99,1.92,1.94,2484000,0
