Date,Open,High,Low,Close,Volume,OpenInt
2017-04-19,2.76,2.81,2.74,2.78,53184000,0
2017-04-20,2.78,2.78,2.75,2.76,11292000,0
2017-04-21,2.76,2.76,2.72,2.73,6676000,0
2017-04-24,2.73,2.75,2.61,2.66,1611000,0
2017-04-25,2.66,2.77,2.66,2.68,2730000,0
2017-04-26,2.7,2.74,2.69,2.71,3348000,0
2017-04-27,2.72,2.77,2.71,2.74,4407000,0
2017-04-28,2.75,2.83,2.75,2.8,28775200,0
2017-05-02,2.82,2.85,2.77,2.78,3594000,0
2017-05-04,2.75,2.77,2.64,2.74,1806000,0
2017-05-05,2.7,2.73,2.66,2.71,4036000,0
2017-05-08,2.74,2.78,2.64,2.7,4831000,0
2017-05-09,2.7,2.71,2.68,2.69,4171000,0
2017-05-10,2.68,2.74,2.66,2.72,942000,0
2017-05-11,2.7,2.83,2.69,2.8,3464000,0
2017-05-12,2.81,3.06,2.81,3,14190000,0
2017-05-15,3.04,3.12,2.98,3.09,6436200,0
2017-05-16,3.1,3.12,3.04,3.09,2885400,0
2017-05-17,3.1,3.23,3.06,3.14,8193000,0
2017-05-18,3.07,3.22,3.06,3.14,5421000,0
2017-05-19,3.14,3.2,3.13,3.16,3218000,0
2017-05-22,3.18,3.28,3.1,3.17,8074000,0
2017-05-23,3.15,3.22,3.05,3.14,2486000,0
2017-05-24,3.06,3.17,3.06,3.15,1269000,0
2017-05-25,3.19,3.19,3.06,3.09,971000,0
2017-05-26,3.1,3.15,3.02,3.08,782000,0
2017-05-29,3.08,3.13,2.8,3.01,2554000,0
2017-05-31,3.02,3.2,3.01,3.08,2228000,0
2017-06-01,3.05,3.14,2.95,3.14,548000,0
2017-06-02,3.14,3.14,3.07,3.1,502000,0
2017-06-05,3.01,3.14,2.95,3.13,579000,0
2017-06-06,3.13,3.13,3,3.09,674000,0
2017-06-07,3.07,3.07,3.01,3.07,459000,0
2017-06-08,3.06,3.12,3.06,3.11,898000,0
2017-06-09,3.11,3.16,3.03,3.11,2487923,0
2017-06-12,3.1,3.1,2.97,3.01,185000,0
2017-06-13,3.03,3.08,3.01,3.06,473000,0
2017-06-14,3.04,3.06,3.04,3.06,516000,0
2017-06-15,3,3.05,3,3.04,697000,0
2017-06-16,3.04,3.13,3.04,3.13,1333000,0
2017-06-19,3.13,3.2,3.13,3.15,2029000,0
2017-06-20,3.14,3.19,3.02,3.12,898000,0
2017-06-21,3.09,3.12,3.03,3.07,1636000,0
2017-06-22,3.06,3.1,3.05,3.1,1247000,0
2017-06-23,3.16,3.16,3.06,3.1,758000,0
2017-06-26,3.1,3.1,3.05,3.06,1842000,0
2017-06-27,3.06,3.1,3.02,3.1,393000,0
2017-06-28,3.04,3.06,2.98,3.06,367000,0
2017-06-29,3.06,3.06,3.05,3.06,192000,0
2017-06-30,3.05,3.1,3.03,3.09,283000,0
2017-07-03,3.09,3.13,3.06,3.1,2821000,0
2017-07-04,3.1,3.1,3.04,3.06,1252000,0
2017-07-05,3.05,3.05,3.03,3.05,126000,0
2017-07-06,3.05,3.07,3.03,3.06,680177,0
2017-07-07,3.06,3.06,3,3.06,364000,0
2017-07-10,3.05,3.05,3.01,3.05,47000,0
2017-07-11,3.05,3.05,3,3.02,320000,0
2017-07-12,3.02,3.02,2.97,2.98,328000,0
2017-07-13,3,3,2.82,2.9,1458000,0
2017-07-14,2.91,2.91,2.82,2.87,1576000,0
2017-07-17,2.85,2.95,2.83,2.94,1261000,0
2017-07-18,2.93,2.95,2.87,2.9,2071000,0
2017-07-19,2.87,2.89,2.81,2.85,1272600,0
2017-07-20,2.87,3,2.85,3,1895000,0
2017-07-21,2.95,2.95,2.93,2.93,86000,0
2017-07-24,2.87,2.88,2.81,2.88,630000,0
2017-07-25,2.83,2.83,2.68,2.76,795000,0
2017-07-26,2.75,2.8,2.75,2.8,293000,0
2017-07-27,2.77,2.77,2.75,2.75,888000,0
2017-07-28,2.72,2.73,2.68,2.68,823000,0
2017-07-31,2.68,2.77,2.61,2.75,920000,0
2017-08-01,2.71,2.73,2.65,2.73,649000,0
2017-08-02,2.66,2.79,2.65,2.73,753000,0
2017-08-03,2.68,2.77,2.65,2.66,638000,0
2017-08-04,2.65,2.67,2.63,2.66,1107000,0
2017-08-07,2.62,2.66,2.58,2.6,1259000,0
2017-08-08,2.6,2.67,2.6,2.67,239000,0
2017-08-09,2.62,2.63,2.6,2.6,188000,0
2017-08-10,2.58,2.6,2.57,2.6,231000,0
2017-08-11,2.6,2.63,2.58,2.63,1056000,0
2017-08-14,2.7,2.7,2.63,2.65,96000,0
2017-08-15,2.65,2.75,2.65,2.72,348000,0
2017-08-16,2.74,2.8,2.74,2.77,394000,0
2017-08-17,2.77,2.81,2.76,2.8,732000,0
2017-08-18,2.87,2.91,2.81,2.88,4799000,0
2017-08-21,2.93,2.97,2.91,2.93,794000,0
2017-08-22,2.92,2.95,2.92,2.94,928000,0
2017-08-24,2.92,2.94,2.9,2.9,888308,0
2017-08-25,2.87,2.89,2.86,2.88,436065,0
2017-08-28,2.88,2.9,2.85,2.86,519000,0
2017-08-29,2.86,2.9,2.86,2.88,498000,0
2017-08-30,2.91,2.91,2.88,2.9,588000,0
2017-08-31,2.9,2.97,2.9,2.96,2002000,0
2017-09-01,2.99,3.1,2.88,3.08,3079000,0
2017-09-04,3.07,3.19,3.07,3.14,19519000,0
2017-09-05,3.19,3.48,3.15,3.39,18322000,0
2017-09-06,3.4,3.67,3.4,3.54,12863000,0
2017-09-07,3.54,3.55,3.46,3.48,4400000,0
2017-09-08,3.47,3.65,3.43,3.65,10943000,0
2017-09-11,3.69,3.98,3.69,3.95,9814000,0
2017-09-12,3.95,3.95,3.74,3.88,7380000,0
2017-09-13,3.85,4.25,3.81,4.25,9590000,0
2017-09-14,4.25,4.58,4.14,4.4,12517000,0
2017-09-15,4.4,4.72,4.36,4.72,9663000,0
2017-09-18,4.72,4.8,4.4,4.56,3110000,0
2017-09-19,4.57,4.67,4.5,4.52,3000000,0
2017-09-20,4.52,4.55,4.5,4.55,1827000,0
2017-09-21,4.52,4.52,4.22,4.3,7650000,0
2017-09-22,4.3,4.3,4,4.11,4929000,0
2017-09-25,4.11,4.26,4.05,4.1,3000424,0
2017-09-26,4.01,4.2,4,4.09,1139000,0
2017-09-27,4.12,4.19,4.09,4.19,1402848,0
2017-09-28,4.23,4.5,4.23,4.38,2442000,0
2017-09-29,4.35,4.4,4.24,4.31,617000,0
2017-10-03,4.39,4.66,4.39,4.61,3499742,0
2017-10-04,4.65,4.8,4.65,4.8,3243000,0
2017-10-06,4.82,5.25,4.82,5.15,5630000,0
2017-10-09,5.15,5.35,5.03,5.19,3826000,0
2017-10-10,5.19,5.26,4.95,5,2829000,0
2017-10-11,5,5,4.8,4.96,3280742,0
2017-10-12,4.99,4.99,4.87,4.96,3615000,0
2017-10-13,4.96,5.13,4.9,4.97,3424000,0
2017-10-16,5,5.01,4.87,4.88,9667000,0
2017-10-17,4.95,5.27,4.95,5,2523000,0
2017-10-18,4.95,5.07,4.82,4.82,3712000,0
2017-10-19,4.98,5.45,4.94,5.1,33017490,0
2017-10-20,5.1,5.42,5.1,5.33,5204000,0
2017-10-23,5.34,5.42,5.21,5.33,2512000,0
2017-10-24,5.28,5.47,5.24,5.35,4058000,0
2017-10-25,5.4,5.44,5.15,5.37,3568000,0
2017-10-26,5.21,5.31,4.93,5.01,11158000,0
2017-10-27,4.7,4.9,4.57,4.66,10070000,0
2017-10-30,4.69,4.78,4.65,4.76,1748000,0
2017-10-31,4.75,4.78,4.64,4.7,2148100,0
2017-11-01,4.75,4.78,4.52,4.6,4384000,0
2017-11-02,4.58,4.65,4.51,4.53,3739000,0
2017-11-03,4.53,4.63,4.41,4.48,2095000,0
2017-11-06,4.49,4.65,4.4,4.64,4629000,0
2017-11-07,4.74,5.05,4.71,4.9,15937000,0
2017-11-08,4.9,4.95,4.72,4.85,34559000,0
2017-11-09,4.83,4.98,4.73,4.9,1271000,0
2017-11-10,4.9,4.9,4.78,4.81,340000,0
2017-11-13,4.82,4.82,4.71,4.74,995000,0
2017-11-14,4.72,4.77,4.58,4.73,3143000,0
2017-11-15,4.71,4.71,4.61,4.62,690000,0
2017-11-16,4.54,4.62,4.47,4.52,1382000,0
2017-11-17,4.51,4.92,4.51,4.89,9479000,0
2017-11-20,4.9,4.98,4.66,4.73,3643000,0
2017-11-21,4.78,4.8,4.59,4.59,3883000,0
2017-11-22,4.6,4.66,4.51,4.59,2323000,0
2017-11-23,4.66,4.68,4.57,4.58,946000,0
2017-11-24,4.7,4.7,4.32,4.5,2101000,0
2017-11-27,4.54,4.6,4.5,4.51,707000,0
2017-11-28,4.54,4.54,4.43,4.48,1166000,0
2017-11-29,4.5,4.61,4.41,4.55,1192000,0
2017-11-30,4.59,4.6,4.39,4.39,5341910,0
2017-12-01,4.46,4.46,4.3,4.39,619038,0
2017-12-04,4.32,4.5,4.32,4.4,1116000,0
2017-12-05,4.4,4.57,4.36,4.41,1008000,0
2017-12-06,4.31,4.35,4.03,4.19,1684000,0
2017-12-07,4.15,4.2,4.02,4.05,3072000,0
2017-12-08,4.06,4.18,4,4.1,2802000,0
2017-12-11,4.17,4.22,4.15,4.16,1307000,0
2017-12-12,4.18,4.22,4.09,4.09,1404000,0
2017-12-13,4.09,4.11,3.99,4.03,983000,0
2017-12-14,3.96,4.09,3.94,3.99,3094000,0
2017-12-15,3.99,4.05,3.95,4,1583588,0
2017-12-18,4.03,4.03,3.9,3.97,664000,0
2017-12-19,3.97,4.08,3.96,4.02,1495000,0
2017-12-20,4.01,4.05,3.97,4,1958000,0
2017-12-21,4.01,4.25,4,4.07,4213000,0
2017-12-22,4.08,4.42,4.08,4.2,2403000,0
2017-12-27,4.28,4.28,4.09,4.22,2486000,0
2017-12-28,4.27,4.32,4.23,4.28,2463000,0
2017-12-29,4.34,4.34,3.93,4.04,11326000,0
2018-01-02,4.09,4.47,4.09,4.42,4962500,0
2018-01-03,4.46,4.76,4.45,4.7,6767000,0
2018-01-04,4.7,4.75,4.6,4.65,1401000,0
2018-01-05,4.71,4.84,4.62,4.74,8918000,0
2018-01-08,4.75,4.82,4.71,4.79,2537000,0
2018-01-09,4.83,5,4.8,4.94,4606800,0
2018-01-10,5,5.15,4.96,4.99,3214000,0
2018-01-11,5,5.14,4.84,5.07,2941000,0
2018-01-12,5.07,5.15,4.98,5,2676000,0
2018-01-15,5.09,5.09,4.85,4.85,3186000,0
2018-01-16,4.86,5.13,4.86,5.05,1606000,0
2018-01-17,5.05,5.05,4.91,4.95,1538000,0
2018-01-18,5.01,5.12,4.93,5.02,3148835,0
2018-01-19,5.05,5.09,4.96,5.03,1972000,0
2018-01-22,5,5.01,4.85,4.85,3121858,0
2018-01-23,4.87,5.12,4.87,4.97,4468000,0
2018-01-24,5,5.12,4.97,4.97,3140000,0
2018-01-25,4.97,5,4.9,4.92,2555000,0
2018-01-26,4.9,5,4.9,4.96,1973000,0
2018-01-29,4.98,5.14,4.96,4.96,5597000,0
2018-01-30,4.86,5.33,4.78,5.22,8891000,0
2018-01-31,5.27,5.7,5.06,5.61,11678000,0
2018-02-01,5.71,5.9,5.53,5.74,11939850,0
2018-02-02,5.74,6.04,5.56,5.9,8990000,0
2018-02-05,5.7,5.87,5.55,5.75,7518000,0
2018-02-06,5.37,5.6,5.17,5.3,11648000,0
2018-02-07,5.5,5.62,4.89,4.94,9225813,0
2018-02-08,4.88,5.08,4.87,4.96,3538000,0
2018-02-09,4.75,4.75,4.48,4.56,6380000,0
2018-02-12,4.45,4.72,4.44,4.63,2886000,0
2018-02-13,4.67,4.81,4.61,4.65,2745000,0
2018-02-14,4.79,4.9,4.54,4.59,3826000,0
2018-02-15,4.68,5.15,4.68,5.15,1990065,0
2018-02-20,5.05,5.15,4.9,5.05,2352000,0
2018-02-21,5.05,5.41,5.04,5.4,3882000,0
2018-02-22,5.39,5.39,5.19,5.25,3777320,0
2018-02-23,5.27,5.57,5.23,5.28,7246320,0
2018-02-26,5.39,5.39,5.16,5.24,4038000,0
2018-02-27,5.26,5.36,5.15,5.15,4004000,0
2018-02-28,5.15,5.21,5.03,5.21,3411005,0
2018-03-01,5.35,5.56,5.3,5.55,15615000,0
2018-03-02,5.44,5.89,5.36,5.79,11653000,0
2018-03-05,5.89,6.08,5.82,6,21864000,0
2018-03-06,6.17,6.2,5.82,5.92,8681000,0
2018-03-07,5.88,6.18,5.85,5.97,12580000,0
2018-03-08,5.99,6.13,5.9,6,7495000,0
2018-03-09,6.01,6.15,5.4,5.67,40281000,0
2018-03-12,5.78,5.87,5.6,5.72,19151500,0
2018-03-13,5.77,5.85,5.65,5.7,4209000,0
2018-03-14,5.6,5.71,5.58,5.62,3121000,0
2018-03-15,5.6,5.84,5.56,5.82,7943000,0
2018-03-16,5.83,5.83,5.67,5.69,4478000,0
2018-03-19,5.69,5.74,5.55,5.62,4120000,0
2018-03-20,5.58,5.96,5.5,5.76,13858800,0
2018-03-21,5.81,6.15,5.78,5.91,14200600,0
2018-03-22,5.93,5.93,5.66,5.73,8145500,0
2018-03-23,5.5,5.61,5.36,5.54,7403000,0
2018-03-26,5.5,5.56,5.35,5.53,5102000,0
2018-03-27,5.61,5.72,5.56,5.58,6169000,0
2018-03-28,5.5,5.55,5.3,5.42,5260000,0
2018-03-29,5.49,5.53,5.24,5.37,5668000,0
