Date,Open,High,Low,Close,Volume,OpenInt
2010-10-07,17.98,17.98,17.98,17.98,0,0
2010-10-08,18.5,19.92,18.4,19.06,209192644,0
2010-10-11,19.34,20.6,19.32,20.15,74732708,0
2010-10-12,20.1,20.65,19.64,19.82,26337997,0
2010-10-13,20.1,20.5,19.88,20.25,24167160,0
2010-10-14,20.55,20.9,20.35,20.55,18507800,0
2010-10-15,20.75,21.45,20.75,21.05,17819300,0
2010-10-18,21.2,21.25,20.1,20.1,12703824,0
2010-10-19,20.4,20.6,20.1,20.2,10266858,0
2010-10-20,19.8,20.6,19.76,20.4,7705760,0
2010-10-21,20.7,20.7,19.82,20.3,7534200,0
2010-10-22,20.3,21.45,20.3,20.85,13193000,0
2010-10-25,21.25,21.25,20.45,20.75,7802600,0
2010-10-26,21,21.6,20.65,21.3,17512400,0
2010-10-27,21.45,21.8,20.7,20.8,13447126,0
2010-10-28,20.8,21.2,20.5,20.55,7568468,0
2010-10-29,20.55,20.65,19.92,20.05,8138800,0
2010-11-01,20.3,20.5,20,20.35,7287600,0
2010-11-02,20.35,20.7,20.2,20.35,4108800,0
2010-11-03,20.4,20.55,19.96,20.05,4538800,0
2010-11-04,20.3,20.45,19.74,19.8,6440020,0
2010-11-05,20,20,19.26,19.26,13246200,0
2010-11-08,19.4,19.8,19.04,19.14,14504370,0
2010-11-09,19.22,19.44,19.14,19.2,6601754,0
2010-11-10,19.3,20,19.3,19.98,8378400,0
2010-11-11,20.1,20.7,19.78,20.15,11238600,0
2010-11-12,20.1,20.1,18.74,18.88,22214000,0
2010-11-15,19.2,19.2,18.76,18.92,6452200,0
2010-11-16,18.98,19.18,18.6,18.68,8183400,0
2010-11-17,18.5,18.92,18.32,18.38,6731400,0
2010-11-18,18.54,18.68,18.4,18.46,3674000,0
2010-11-19,18.6,18.64,18.24,18.38,3391400,0
2010-11-22,18.4,18.78,18.4,18.44,2032200,0
2010-11-23,18.38,18.58,18.22,18.24,2759000,0
2010-11-24,18.36,18.54,18.04,18.36,3663000,0
2010-11-25,18.58,19.26,18.54,19.04,6443800,0
2010-11-26,19,19.48,19,19.34,6620000,0
2010-11-29,19.38,19.38,18.84,19.12,3270800,0
2010-11-30,19.18,19.18,18.38,18.4,7789200,0
2010-12-01,18.38,18.58,18.02,18.1,9464710,0
2010-12-02,18.26,18.38,17.82,18.02,7979000,0
2010-12-03,18.16,18.18,17.52,17.56,9502755,0
2010-12-06,17.58,17.86,17,17.04,7713410,0
2010-12-07,17.52,18.4,17.52,18.34,11824000,0
2010-12-08,18.4,18.52,18.06,18.06,4315800,0
2010-12-09,18.3,18.3,17.38,17.4,5192700,0
2010-12-10,17.3,17.6,17.08,17.26,4397400,0
2010-12-13,17.4,17.46,16.28,16.5,10535600,0
2010-12-14,16.38,16.44,15.8,16.04,12215972,0
2010-12-15,15.9,16.6,15.88,16,7107573,0
2010-12-16,16.2,16.2,15.92,16.04,2660000,0
2010-12-17,16.18,16.34,15.98,16.3,2181800,0
2010-12-20,16.36,16.38,15.58,16.02,3301400,0
2010-12-21,16.02,16.38,15.94,16.3,3721500,0
2010-12-22,16.46,16.46,15.72,15.9,5521757,0
2010-12-23,15.86,15.9,15.58,15.58,4195000,0
2010-12-24,15.58,15.8,15.5,15.62,1320200,0
2010-12-28,15.54,15.72,15.36,15.46,3347000,0
2010-12-29,15.38,15.66,15.36,15.42,1643100,0
2010-12-30,15.38,15.98,15.34,15.9,3126200,0
2010-12-31,15.9,16.38,15.72,16.1,3245800,0
2011-01-03,16.32,16.32,16.12,16.3,1652400,0
2011-01-04,16.36,16.56,16.36,16.52,1972505,0
2011-01-05,16.56,16.96,16.46,16.84,3802400,0
2011-01-06,16.92,17.16,16.86,16.96,7351764,0
2011-01-07,16.96,17.08,16.56,16.6,1765500,0
2011-01-10,16.74,16.76,16.2,16.26,2686400,0
2011-01-11,16.22,16.4,15.92,16.02,2477500,0
2011-01-12,16.2,16.26,15.98,16.02,3998000,0
2011-01-13,16.08,16.24,15.4,15.42,6470400,0
2011-01-14,15.46,15.88,15.46,15.8,3120800,0
2011-01-17,15.8,15.86,15.54,15.62,766800,0
2011-01-18,15.72,15.84,15.56,15.82,1406000,0
2011-01-19,15.88,15.94,15.64,15.64,1327200,0
2011-01-20,15.6,15.62,15,15.42,1639100,0
2011-01-21,15.36,15.46,14.94,15.02,4889400,0
2011-01-24,15.02,15.14,14.9,14.98,1128800,0
2011-01-25,15.02,15.38,15,15.32,1224600,0
2011-01-26,15.3,15.3,14.94,15.12,1033400,0
2011-01-27,15.08,15.24,15,15.2,1505200,0
2011-01-28,15.26,15.26,15,15.24,997200,0
2011-01-31,15.08,15.24,15.02,15.2,862400,0
2011-02-01,15.8,15.8,15.3,15.64,1534200,0
2011-02-02,15.64,15.64,15.38,15.52,468600,0
2011-02-07,15.58,15.58,14.9,14.92,2801600,0
2011-02-08,14.92,15.02,14.4,14.46,3810600,0
2011-02-09,14.42,14.64,14.26,14.28,3370800,0
2011-02-10,14.26,14.26,13.56,13.66,9128400,0
2011-02-11,13.66,13.72,13.22,13.38,4322000,0
2011-02-14,13.86,14.38,13.42,14.3,4141600,0
2011-02-15,14.24,14.36,13.92,13.94,1126800,0
2011-02-16,13.92,13.94,13.46,13.52,4646000,0
2011-02-17,13.5,13.68,13.3,13.36,3018600,0
2011-02-18,13.3,13.4,13.02,13.14,5145700,0
2011-02-21,13.06,13.24,12.9,13.08,7324400,0
2011-02-22,13,13.26,12.78,12.8,2771047,0
2011-02-23,12.62,12.82,12.56,12.56,5484176,0
2011-02-24,12.6,12.9,12.5,12.56,3651600,0
2011-02-25,12.5,12.74,12.16,12.2,6806300,0
2011-02-28,12.38,12.62,12.1,12.54,7295000,0
2011-03-01,12.7,13.5,12.56,13.32,14355757,0
2011-03-02,13.08,13.1,12.6,12.78,15317661,0
2011-03-03,12.84,13.04,12.76,12.78,3346200,0
2011-03-04,12.9,13.36,12.86,13.3,6260000,0
2011-03-07,13.38,13.5,13.06,13.28,5188400,0
2011-03-08,13.28,13.4,13.18,13.3,1478400,0
2011-03-09,13.38,13.42,13.18,13.4,3871600,0
2011-03-10,13.4,13.4,13.04,13.08,2423400,0
2011-03-11,12.9,13,12.6,12.68,4910064,0
2011-03-14,12.7,12.98,12.6,12.92,2481000,0
2011-03-15,12.96,14.28,12.72,14.14,21404600,0
2011-03-16,14.3,14.36,13.42,14.12,8766800,0
2011-03-17,14.2,15.2,14.2,14.6,23704170,0
2011-03-18,15,15.02,14.64,15,13885800,0
2011-03-21,15.28,15.28,14.24,14.34,11761000,0
2011-03-22,14.36,14.48,13.54,13.58,12833700,0
2011-03-23,13.48,13.86,13.44,13.7,7213000,0
2011-03-24,13.7,14.12,13.66,13.72,7741623,0
2011-03-25,13.78,13.88,13.68,13.7,2670942,0
2011-03-28,13.8,14.1,13.72,13.78,5788400,0
2011-03-29,14,14.14,13.82,13.84,7536600,0
2011-03-30,14.02,14.08,13.84,14.06,4468800,0
2011-03-31,14.28,14.76,14.14,14.34,10124600,0
2011-04-01,14.36,14.56,14.02,14.56,5928186,0
2011-04-04,14.54,14.68,14.3,14.4,3269400,0
2011-04-06,14.42,14.48,14.04,14.2,7130800,0
2011-04-07,14.06,14.2,13.38,13.44,15047400,0
2011-04-08,13.44,13.66,13.38,13.56,9095188,0
2011-04-11,13.56,13.58,13.24,13.28,4453400,0
2011-04-12,13.5,13.82,13.42,13.78,9840085,0
2011-04-13,13.72,14.18,13.7,14.08,5968600,0
2011-04-14,14,14.16,13.8,13.88,3755300,0
2011-04-15,13.9,14.16,13.9,14.14,5212950,0
2011-04-18,14.24,14.5,14.02,14.1,7975275,0
2011-04-19,14,14.14,13.82,13.88,6171701,0
2011-04-20,13,13.06,12.14,12.24,35414586,0
2011-04-21,12.24,12.24,11.48,11.76,20525800,0
2011-04-26,11.76,11.8,11.5,11.52,5418598,0
2011-04-27,11.64,11.72,11.26,11.48,9913600,0
2011-04-28,11.5,11.5,11.12,11.14,6161400,0
2011-04-29,11,11.1,10.56,10.74,12689400,0
2011-05-03,10.7,10.78,10.3,10.52,15557553,0
2011-05-04,10.52,10.66,10.34,10.54,6583600,0
2011-05-05,10.5,11.28,10.5,11.06,11037600,0
2011-05-06,11,11.08,10.66,10.9,5771600,0
2011-05-09,11.02,11.08,10.58,10.8,6286000,0
2011-05-11,10.92,11.02,10.78,10.94,3234400,0
2011-05-12,10.86,10.98,10.74,10.9,2115600,0
2011-05-13,10.92,10.98,10.72,10.86,3231400,0
2011-05-16,10.86,10.86,10.66,10.72,1221540,0
2011-05-17,10.72,10.78,10.58,10.68,2148865,0
2011-05-18,10.68,11.32,10.66,11.24,6444200,0
2011-05-19,11.4,11.4,11.06,11.16,3217850,0
2011-05-20,11.28,11.28,10.98,11.06,2187800,0
2011-05-23,10.8,10.8,10.36,10.44,2352800,0
2011-05-24,10.4,10.7,10.38,10.68,1206139,0
2011-05-25,10.7,10.7,10.38,10.6,1691756,0
2011-05-26,10.58,10.58,10.26,10.4,1850800,0
2011-05-27,10.42,10.44,10.26,10.32,965800,0
2011-05-30,10.28,10.36,10,10.12,3554000,0
2011-05-31,10.38,10.8,10.3,10.74,6189453,0
2011-06-01,10.76,11.06,10.7,10.88,6318600,0
2011-06-02,10.6,10.98,10.58,10.92,2771000,0
2011-06-03,10.9,10.9,10.62,10.68,2236591,0
2011-06-07,10.52,10.6,10.32,10.46,2947456,0
2011-06-08,10.32,10.46,10.04,10.06,6162256,0
2011-06-09,10.04,10.1,9.69,9.9,4842400,0
2011-06-10,9.9,9.9,9.69,9.86,1266600,0
2011-06-13,9.84,9.84,9.05,9.21,6076400,0
2011-06-14,9.19,9.19,8.8,8.87,5987000,0
2011-06-15,8.8,9.1,8.68,8.79,3809532,0
2011-06-16,8.72,8.72,8.45,8.46,5920000,0
2011-06-17,8.45,8.7,8.45,8.54,4945983,0
2011-06-20,8.54,8.66,8.11,8.13,5817400,0
2011-06-21,8.17,8.25,7.98,8.02,3625600,0
2011-06-22,8.15,8.33,8.03,8.18,2069200,0
2011-06-23,8.2,8.44,8.04,8.34,1949600,0
2011-06-24,8.38,8.38,8.2,8.3,2642600,0
2011-06-27,8.26,8.61,8.22,8.45,3186200,0
2011-06-28,8.47,8.58,8.3,8.35,2589557,0
2011-06-29,8.4,8.55,8.33,8.5,2556955,0
2011-06-30,8.5,8.61,8.26,8.33,3060600,0
2011-07-04,8.5,8.53,8.19,8.2,5747000,0
2011-07-05,8.25,8.45,7.95,8.18,12530114,0
2011-07-06,8.2,8.38,8.18,8.22,2994000,0
2011-07-07,8.1,8.27,8.03,8.04,3505600,0
2011-07-08,8.04,8.07,7.79,7.9,8466266,0
2011-07-11,7.81,7.89,7.6,7.72,6467800,0
2011-07-12,7.65,7.73,7.5,7.51,4267000,0
2011-07-13,7.51,7.56,7.42,7.43,2653600,0
2011-07-14,7.44,7.48,7.22,7.39,5345507,0
2011-07-15,7.33,7.34,6.75,6.84,17527000,0
2011-07-18,6.78,6.79,6.31,6.46,10213400,0
2011-07-19,6.45,6.71,6.41,6.68,7138600,0
2011-07-20,6.7,6.7,6.37,6.46,4978600,0
2011-07-21,6.5,6.5,6.35,6.36,4138843,0
2011-07-22,6.5,6.53,6.37,6.4,3715000,0
2011-07-25,6.1,6.26,5.95,5.98,9604600,0
2011-07-26,6,6.08,5.72,5.76,7684000,0
2011-07-27,5.74,6.15,5.63,6.09,11632600,0
2011-07-28,5.98,6.19,5.9,6.17,6286400,0
2011-07-29,6.15,6.2,5.88,5.94,4531400,0
2011-08-01,5.96,6.07,5.9,5.93,2377400,0
2011-08-02,5.91,5.94,5.74,5.75,3851400,0
2011-08-03,5.61,5.66,5.5,5.59,3345600,0
2011-08-04,5.57,5.7,5.45,5.47,3287400,0
2011-08-05,5.36,5.36,4.93,4.96,10744100,0
2011-08-08,4.71,4.8,4.55,4.75,6443250,0
2011-08-09,4.57,4.62,4.2,4.35,9934900,0
2011-08-10,4.55,4.63,4.24,4.33,9343555,0
2011-08-11,4.21,4.55,4.2,4.48,8532637,0
2011-08-12,4.5,4.73,4.42,4.46,5497600,0
2011-08-15,4.6,4.97,4.51,4.92,8440400,0
2011-08-16,4.95,5.17,4.81,4.91,9052400,0
2011-08-17,4.91,5.15,4.91,4.92,3859200,0
2011-08-18,5.07,5.07,4.87,4.89,2194400,0
2011-08-19,4.72,4.76,4.53,4.62,4752600,0
2011-08-22,4.6,4.79,4.32,4.5,4231400,0
2011-08-23,4.49,4.64,4.38,4.53,4264000,0
2011-08-24,4.63,4.63,4.46,4.48,3292900,0
2011-08-25,4.6,4.69,4.51,4.62,3199400,0
2011-08-26,4.55,4.61,4.43,4.55,3954457,0
2011-08-29,4.54,4.54,3.97,3.99,12810557,0
2011-08-30,4.02,4.15,4.01,4.14,6247021,0
2011-08-31,4.15,4.17,4.05,4.13,4809639,0
2011-09-01,4.16,4.36,4.14,4.25,8902379,0
2011-09-02,4.21,4.53,4.21,4.44,15331079,0
2011-09-05,4.43,4.52,4.33,4.36,4623000,0
2011-09-06,4.3,4.34,4.1,4.27,3027000,0
2011-09-07,4.4,4.4,4.16,4.3,1754000,0
2011-09-08,4.4,4.4,4.25,4.28,1583347,0
2011-09-09,4.3,4.3,4.15,4.16,950000,0
2011-09-12,4.05,4.15,3.98,3.99,2809600,0
2011-09-14,4.11,4.11,3.72,3.84,3460988,0
2011-09-15,3.91,3.92,3.73,3.77,1807200,0
2011-09-16,3.9,3.95,3.81,3.88,2637400,0
2011-09-19,3.97,3.97,3.62,3.66,2608600,0
2011-09-20,3.63,3.85,3.63,3.82,2781700,0
2011-09-21,3.87,4.07,3.79,4.02,3816600,0
2011-09-22,3.88,3.95,3.75,3.79,3314600,0
2011-09-23,3.68,3.85,3.6,3.68,2486400,0
2011-09-26,3.75,3.81,3.52,3.6,2806200,0
2011-09-27,3.8,3.8,3.66,3.78,1408400,0
2011-09-28,3.87,3.88,3.68,3.75,1922718,0
2011-09-30,3.83,3.85,3.73,3.77,1511980,0
2011-10-03,3.76,3.76,3.52,3.53,1924200,0
2011-10-04,3.5,3.52,3.29,3.37,3155000,0
2011-10-06,3.44,3.5,3.26,3.31,3661800,0
2011-10-07,3.39,3.47,3.32,3.4,5622600,0
2011-10-10,3.38,3.52,3.33,3.49,3006400,0
2011-10-11,3.59,3.79,3.59,3.71,4407400,0
2011-10-12,3.72,4.14,3.69,4.01,6211400,0
2011-10-13,4.19,4.45,4.09,4.44,8920000,0
2011-10-14,4.36,4.43,4.06,4.14,5412101,0
2011-10-17,4.3,4.5,4.17,4.5,7467800,0
2011-10-18,4.29,4.3,4.07,4.12,4068401,0
2011-10-19,4.29,4.29,4,4.07,2988600,0
2011-10-20,4.09,4.09,3.84,3.9,2667535,0
2011-10-21,3.9,4.09,3.82,4.04,2121200,0
2011-10-24,4.13,4.38,4.07,4.3,8615800,0
2011-10-25,4.39,4.39,4.14,4.21,5626578,0
2011-10-26,4.19,4.36,4.07,4.33,3133000,0
2011-10-27,4.38,4.92,4.27,4.88,18659578,0
2011-10-28,5.05,5.4,4.87,4.89,15572200,0
2011-10-31,4.95,5.25,4.92,5.06,8397600,0
2011-11-01,4.9,5,4.82,4.9,5182800,0
2011-11-02,4.7,5.02,4.61,5.01,8189800,0
2011-11-03,5,5.16,4.85,4.98,7577400,0
2011-11-04,5.23,5.25,5,5.1,4623200,0
2011-11-07,5.1,5.3,5.05,5.2,4630800,0
2011-11-08,5.2,5.57,5.16,5.38,10060400,0
2011-11-09,5.49,5.52,5.19,5.22,5865400,0
2011-11-10,4.97,5.04,4.8,4.84,6327000,0
2011-11-11,5.28,5.28,4.8,4.81,3480400,0
2011-11-14,5,5.07,4.88,5.04,3862600,0
2011-11-15,4.91,5.17,4.91,5.05,2249000,0
2011-11-16,5.05,5.05,4.81,4.88,2240600,0
2011-11-17,4.85,4.9,4.76,4.84,2279800,0
2011-11-18,4.79,4.79,4.63,4.67,2133000,0
2011-11-21,4.62,4.62,4.41,4.44,2163000,0
2011-11-22,4.39,4.62,4.38,4.61,2146800,0
2011-11-23,4.5,4.64,4.37,4.4,1187800,0
2011-11-24,4.44,4.53,4.38,4.45,1372200,0
2011-11-25,4.49,4.49,4.19,4.25,1491800,0
2011-11-28,4.29,4.42,4.29,4.42,1113510,0
2011-11-29,4.5,4.53,4.38,4.48,1594200,0
2011-11-30,4.46,4.48,4.22,4.28,1373200,0
2011-12-01,4.52,4.57,4.41,4.53,4195475,0
2011-12-02,4.55,4.55,4.46,4.53,1689200,0
2011-12-05,4.55,4.61,4.5,4.57,1974800,0
2011-12-06,4.6,4.6,4.4,4.42,1135000,0
2011-12-07,4.57,4.57,4.43,4.5,1537600,0
2011-12-08,4.5,4.5,4.37,4.44,1014800,0
2011-12-09,4.3,4.39,4.3,4.32,808000,0
2011-12-12,4.42,4.42,4.31,4.34,902200,0
2011-12-13,4.25,4.33,4.18,4.2,912100,0
2011-12-14,4.2,4.25,4.06,4.1,825535,0
2011-12-15,4.15,4.15,3.85,3.91,2481437,0
2011-12-16,3.91,4.22,3.9,4.17,3568043,0
2011-12-19,4.29,4.29,4.01,4.09,942400,0
2011-12-20,4.15,4.16,3.97,3.98,749800,0
2011-12-21,4.03,4.07,3.98,4.03,1382260,0
2011-12-22,4.03,4.1,3.91,3.97,1055800,0
2011-12-23,4.01,4.07,3.99,4.06,1020200,0
2011-12-28,4.05,4.13,3.98,4.13,706000,0
2011-12-29,4.05,4.11,3.99,4.01,844824,0
2011-12-30,4.07,4.19,4.04,4.16,1777210,0
2012-01-03,4.28,4.28,4.17,4.22,2483600,0
2012-01-04,4.26,4.29,4.15,4.24,1360800,0
2012-01-05,4.24,4.24,4.09,4.1,483200,0
2012-01-06,4.1,4.11,4.01,4.04,843800,0
2012-01-09,4.09,4.22,4.03,4.2,502400,0
2012-01-10,4.2,4.33,4.14,4.29,2533899,0
2012-01-11,4.3,4.35,4.25,4.3,1079800,0
2012-01-12,4.27,4.52,4.27,4.4,6219306,0
2012-01-13,4.49,4.59,4.41,4.48,3433400,0
2012-01-16,4.44,4.46,4.15,4.16,1828412,0
2012-01-17,4.2,4.37,4.2,4.35,3597000,0
2012-01-18,4.35,4.44,4.29,4.34,2104200,0
2012-01-19,4.39,4.56,4.34,4.52,5613800,0
2012-01-20,4.58,4.65,4.5,4.57,3607000,0
2012-01-26,4.64,4.81,4.58,4.8,2946600,0
2012-01-27,4.78,4.78,4.63,4.72,2854800,0
2012-01-30,4.7,4.71,4.51,4.53,1908200,0
2012-01-31,4.64,4.65,4.41,4.45,2001600,0
2012-02-01,4.51,4.64,4.48,4.55,2541400,0
2012-02-02,4.6,4.73,4.59,4.7,5550200,0
2012-02-03,4.7,5.05,4.61,5.02,9633000,0
2012-02-06,5.07,5.12,4.84,4.92,6731200,0
2012-02-07,4.97,4.97,4.82,4.87,2238657,0
2012-02-08,4.91,5.18,4.89,5.15,7034000,0
2012-02-09,5.17,5.5,5.06,5.38,10169002,0
2012-02-10,5.5,6,5.16,5.23,11619200,0
2012-02-13,5.18,5.37,5.12,5.26,3781202,0
2012-02-14,5.26,5.29,4.96,5.01,8057505,0
2012-02-15,5.02,5.24,5,5.13,5601100,0
2012-02-16,5.13,5.17,5.04,5.09,4419200,0
2012-02-17,5.16,5.21,4.99,5.1,8511600,0
2012-02-20,5.16,5.22,4.98,5,5408600,0
2012-02-21,5.01,5.08,4.87,4.99,5711000,0
2012-02-22,4.99,5.14,4.93,5.08,3624333,0
2012-02-23,5.05,5.14,5,5.11,3686800,0
2012-02-24,5.12,5.2,5.01,5.12,4195200,0
2012-02-27,5.16,5.32,5.11,5.17,6116800,0
2012-02-28,5.17,5.22,5.03,5.15,2862400,0
2012-02-29,5.1,5.2,5,5.06,7367000,0
2012-03-01,5.02,5.09,4.81,4.85,7988934,0
2012-03-02,4.95,4.97,4.88,4.94,3403400,0
2012-03-05,4.96,4.97,4.83,4.86,2506200,0
2012-03-06,4.92,4.92,4.63,4.64,4028600,0
2012-03-07,4.6,4.63,4.54,4.56,2901000,0
2012-03-08,4.55,4.65,4.55,4.61,2662410,0
2012-03-09,4.7,4.85,4.66,4.79,3183600,0
2012-03-12,4.82,4.84,4.68,4.73,1757400,0
2012-03-13,4.76,4.83,4.74,4.75,2032400,0
2012-03-14,4.8,4.86,4.65,4.67,4759000,0
2012-03-15,4.67,4.73,4.59,4.64,1645000,0
2012-03-16,4.6,4.65,4.44,4.47,4080600,0
2012-03-19,4.55,4.55,4.35,4.39,2200400,0
2012-03-20,4.45,4.45,4.27,4.31,2702820,0
2012-03-21,4.29,4.34,4.18,4.23,2076800,0
2012-03-22,4.22,4.35,4.16,4.27,1111302,0
2012-03-23,4.2,4.29,4.13,4.27,1719200,0
2012-03-26,4.2,4.25,4.12,4.19,1160200,0
2012-03-27,4.28,4.36,4.25,4.32,1749010,0
2012-03-28,4.37,4.37,4.18,4.23,1341253,0
2012-03-29,4.14,4.23,4.13,4.22,1779200,0
2012-03-30,4.17,4.3,4.16,4.21,672600,0
2012-04-02,4.21,4.21,4.1,4.17,1471738,0
2012-04-03,4.18,4.32,4.12,4.29,2063203,0
2012-04-05,4.28,4.46,4.15,4.45,2953400,0
2012-04-10,4.36,4.55,4.28,4.46,1539800,0
2012-04-11,4.34,4.44,4.33,4.4,939400,0
2012-04-12,4.33,4.44,4.25,4.34,1712200,0
2012-04-13,4.44,4.44,4.28,4.3,1316200,0
2012-04-16,4.1,4.1,3.98,4.03,3726376,0
2012-04-17,4.01,4.01,3.75,3.83,3521900,0
2012-04-18,3.97,3.97,3.84,3.86,1922600,0
2012-04-19,3.95,3.95,3.8,3.81,1396800,0
2012-04-20,3.82,3.83,3.72,3.77,2173200,0
2012-04-23,3.74,3.8,3.73,3.74,695800,0
2012-04-24,3.71,3.81,3.62,3.65,1397860,0
2012-04-25,3.75,3.75,3.63,3.66,955055,0
2012-04-26,3.68,3.74,3.65,3.7,906600,0
2012-04-27,3.67,3.74,3.67,3.71,829000,0
2012-04-30,3.7,3.86,3.7,3.84,1225000,0
2012-05-02,3.95,3.95,3.82,3.89,1854622,0
2012-05-03,3.88,3.94,3.8,3.84,649400,0
2012-05-04,3.8,3.84,3.74,3.75,752800,0
2012-05-07,3.71,3.72,3.65,3.65,726600,0
2012-05-08,3.65,3.75,3.63,3.69,1269380,0
2012-05-09,3.67,3.69,3.6,3.63,1077800,0
2012-05-10,3.63,3.63,3.54,3.56,561470,0
2012-05-11,3.58,3.58,3.52,3.55,878490,0
2012-05-14,3.53,3.6,3.46,3.46,514600,0
2012-05-15,3.45,3.65,3.26,3.52,871600,0
2012-05-16,3.5,3.5,3.36,3.4,940655,0
2012-05-17,3.45,3.55,3.42,3.44,632200,0
2012-05-18,3.33,3.4,3.25,3.3,1473070,0
2012-05-21,3.3,3.32,3.2,3.23,1733205,0
2012-05-22,3.32,3.39,3.26,3.33,469800,0
2012-05-23,3.35,3.35,3.24,3.27,400800,0
2012-05-24,3.23,3.35,3.23,3.31,779600,0
2012-05-25,3.29,3.36,3.24,3.36,366400,0
2012-05-28,3.34,3.37,3.28,3.36,490800,0
2012-05-29,3.31,3.44,3.3,3.42,1354200,0
2012-05-30,3.42,3.47,3.36,3.38,1250800,0
2012-05-31,3.32,3.38,3.32,3.36,436800,0
2012-06-01,3.29,3.39,3.24,3.24,638400,0
2012-06-04,3.05,3.14,3.04,3.06,2513800,0
2012-06-05,3.1,3.12,3,3.02,1435800,0
2012-06-06,3.05,3.1,2.99,3,1740600,0
2012-06-07,3.02,3.1,2.98,3,1561880,0
2012-06-08,2.99,3.06,2.9,2.92,1708600,0
2012-06-11,2.96,3.02,2.93,2.97,1579000,0
2012-06-12,2.96,3,2.93,2.96,1283200,0
2012-06-13,2.94,3,2.94,2.96,1771000,0
2012-06-14,2.98,2.98,2.93,2.93,1189280,0
2012-06-15,2.98,2.99,2.93,2.95,1318028,0
2012-06-18,3.05,3.13,3,3.02,3117659,0
2012-06-19,3.01,3.03,2.98,2.99,1558800,0
2012-06-20,3.01,3.1,2.99,3.06,3492800,0
2012-06-21,3.08,3.08,2.97,2.98,2816675,0
2012-06-22,2.91,2.97,2.89,2.93,1184800,0
2012-06-25,2.93,2.93,2.85,2.88,1529400,0
2012-06-26,2.88,2.9,2.85,2.87,1260200,0
2012-06-27,2.88,2.9,2.85,2.86,887000,0
2012-06-28,2.95,2.95,2.78,2.83,1929600,0
2012-06-29,2.87,2.91,2.84,2.85,906121,0
2012-07-03,2.92,2.95,2.83,2.86,1686000,0
2012-07-04,2.86,3.04,2.83,2.99,8376188,0
2012-07-05,2.98,3,2.9,2.95,3126800,0
2012-07-06,2.97,2.99,2.95,2.96,2113000,0
2012-07-09,2.96,2.97,2.83,2.83,1588400,0
2012-07-10,2.82,2.85,2.78,2.8,820200,0
2012-07-11,2.76,2.83,2.75,2.81,1078600,0
2012-07-12,2.81,2.83,2.74,2.76,1544800,0
2012-07-13,2.77,2.84,2.75,2.78,1220044,0
2012-07-16,2.76,2.76,2.67,2.68,1135100,0
2012-07-17,2.67,2.73,2.67,2.68,1696800,0
2012-07-18,2.68,2.68,2.63,2.65,1046800,0
2012-07-19,2.66,2.72,2.65,2.67,1193200,0
2012-07-20,2.66,2.7,2.65,2.66,434400,0
2012-07-23,2.65,2.65,2.59,2.6,907400,0
2012-07-24,2.58,2.61,2.58,2.6,303200,0
2012-07-25,2.6,2.6,2.51,2.53,1308450,0
2012-07-26,2.52,2.55,2.5,2.51,517600,0
2012-07-27,2.68,2.68,2.52,2.54,907000,0
2012-07-30,2.58,2.59,2.45,2.54,1125400,0
2012-07-31,2.5,2.56,2.47,2.47,982606,0
2012-08-01,2.47,2.55,2.41,2.5,2994503,0
2012-08-02,2.5,2.55,2.48,2.52,1289800,0
2012-08-03,2.51,2.54,2.48,2.51,947600,0
2012-08-06,2.57,2.71,2.51,2.69,3098200,0
2012-08-07,2.68,2.8,2.65,2.72,3317000,0
2012-08-08,2.75,2.78,2.7,2.75,1654600,0
2012-08-09,2.76,2.81,2.75,2.8,1522000,0
2012-08-10,2.76,2.8,2.71,2.74,2276600,0
2012-08-13,2.74,2.77,2.65,2.67,1330200,0
2012-08-14,2.67,2.69,2.61,2.66,976400,0
2012-08-15,2.62,2.68,2.61,2.62,876600,0
2012-08-16,2.6,2.67,2.6,2.61,979800,0
2012-08-17,2.68,2.68,2.63,2.63,669400,0
2012-08-20,2.62,2.67,2.61,2.66,359600,0
2012-08-21,2.67,2.73,2.67,2.69,739200,0
2012-08-22,2.69,2.69,2.64,2.65,762400,0
2012-08-23,2.68,2.7,2.63,2.69,440800,0
2012-08-24,2.69,2.69,2.65,2.65,649800,0
2012-08-27,2.69,2.69,2.55,2.58,1219205,0
2012-08-28,2.56,2.62,2.55,2.58,494400,0
2012-08-29,2.59,2.61,2.56,2.58,193800,0
2012-08-30,2.55,2.57,2.51,2.52,1047800,0
2012-08-31,2.58,2.58,2.51,2.56,599400,0
2012-09-03,2.56,2.64,2.55,2.61,294806,0
2012-09-04,2.57,2.61,2.57,2.57,689800,0
2012-09-05,2.6,2.6,2.51,2.56,835400,0
2012-09-06,2.56,2.6,2.5,2.52,836845,0
2012-09-07,2.63,2.68,2.56,2.65,3844600,0
2012-09-10,2.69,2.78,2.65,2.73,2126710,0
2012-09-11,2.73,2.77,2.68,2.71,1819800,0
2012-09-12,2.74,2.76,2.7,2.72,984600,0
2012-09-13,2.72,2.77,2.66,2.68,1360700,0
2012-09-14,2.77,2.79,2.7,2.74,2094000,0
2012-09-17,2.77,2.84,2.74,2.75,2446600,0
2012-09-18,2.75,2.76,2.65,2.65,990104,0
2012-09-19,2.7,2.76,2.68,2.74,1081600,0
2012-09-20,2.74,2.75,2.68,2.7,779400,0
2012-09-21,2.7,2.76,2.65,2.71,1903200,0
2012-09-24,2.67,2.74,2.67,2.71,772557,0
2012-09-25,2.7,2.73,2.67,2.7,721000,0
2012-09-26,2.66,2.7,2.6,2.62,1626510,0
2012-09-27,2.6,2.68,2.6,2.64,1341400,0
2012-09-28,2.65,2.68,2.63,2.65,953800,0
2012-10-03,2.65,2.67,2.6,2.62,1058000,0
2012-10-04,2.6,2.67,2.6,2.65,1013200,0
2012-10-05,2.65,2.86,2.65,2.82,4652803,0
2012-10-08,2.8,2.84,2.76,2.76,1427603,0
2012-10-09,2.76,2.96,2.76,2.89,3562400,0
2012-10-10,2.86,2.93,2.85,2.89,1427801,0
2012-10-11,2.86,3,2.86,2.92,2849600,0
2012-10-12,2.93,2.94,2.84,2.89,1709600,0
2012-10-15,2.9,2.9,2.81,2.85,821200,0
2012-10-16,2.86,2.88,2.84,2.86,1087200,0
2012-10-17,2.87,2.98,2.86,2.97,2219000,0
2012-10-18,3,3.13,2.96,3.06,4214800,0
2012-10-19,3.09,3.1,3.04,3.06,2623600,0
2012-10-22,3.02,3.21,3.01,3.18,4438200,0
2012-10-24,3.11,3.27,3.11,3.24,4943000,0
2012-10-25,3.23,3.36,3.04,3.07,5662840,0
2012-10-26,3.12,3.12,2.93,2.96,2766000,0
2012-10-29,2.94,3,2.84,2.95,3086400,0
2012-10-30,2.95,2.95,2.9,2.91,1061400,0
2012-10-31,2.91,2.96,2.88,2.95,1836800,0
2012-11-01,2.93,3.08,2.93,3.05,2415000,0
2012-11-02,3.09,3.14,3.05,3.07,3010800,0
2012-11-05,3.03,3.1,3.01,3.08,2198000,0
2012-11-06,3.06,3.14,3.03,3.08,4117600,0
2012-11-07,3.12,3.14,3.05,3.13,2817400,0
2012-11-08,3.01,3.08,3,3.03,2956402,0
2012-11-09,3.03,3.13,2.99,3.13,3550200,0
2012-11-12,3.11,3.21,3.08,3.09,3590000,0
2012-11-13,3.08,3.08,2.98,3.02,2283000,0
2012-11-14,3.01,3.12,2.98,3.11,2377800,0
2012-11-15,3.05,3.09,3,3.04,698891,0
2012-11-16,3.04,3.09,3,3.01,634200,0
2012-11-19,3.02,3.05,3,3.04,844400,0
2012-11-20,3.1,3.1,2.98,3.01,524400,0
2012-11-21,3.05,3.05,2.9,3.01,2396000,0
2012-11-22,3,3.1,3,3.03,600800,0
2012-11-23,3,3.04,3,3.02,611600,0
2012-11-26,3.05,3.09,3.02,3.05,697400,0
2012-11-27,3.07,3.13,3.05,3.06,2110108,0
2012-11-28,3.01,3.04,2.99,3.01,1141448,0
2012-11-29,3.08,3.1,3.04,3.06,898806,0
2012-11-30,3.1,3.1,3.05,3.07,654402,0
2012-12-03,3.03,3.06,3.01,3.04,594800,0
2012-12-04,3.03,3.05,3,3.03,1253606,0
2012-12-05,3.02,3.08,2.97,3.01,2257664,0
2012-12-06,3.01,3.03,2.95,2.96,1954052,0
2012-12-07,2.96,3.02,2.95,3,1660204,0
2012-12-10,3.01,3.03,2.97,3,2010800,0
2012-12-11,3.07,3.07,2.99,3,1267800,0
2012-12-12,2.99,3.08,2.97,3.06,6459955,0
2012-12-13,3.07,3.13,3.02,3.04,4218600,0
2012-12-14,3.07,3.16,3.04,3.14,6791400,0
2012-12-17,3.17,3.24,3.14,3.21,4426000,0
2012-12-18,3.25,3.28,3.14,3.16,3642337,0
2012-12-19,3.21,3.46,3.2,3.45,14714402,0
2012-12-20,3.41,3.44,3.33,3.37,6209607,0
2012-12-21,3.35,3.48,3.31,3.41,5839600,0
2012-12-24,3.4,3.51,3.4,3.46,1257800,0
2012-12-27,3.46,3.5,3.31,3.4,1906400,0
2012-12-28,3.43,3.43,3.33,3.36,2286200,0
2012-12-31,3.33,3.35,3.29,3.3,1034800,0
2013-01-02,3.47,3.48,3.33,3.45,4519206,0
2013-01-03,3.47,3.69,3.44,3.66,8515434,0
2013-01-04,3.69,3.75,3.55,3.75,5604003,0
2013-01-07,3.78,3.86,3.73,3.78,5628008,0
2013-01-08,3.74,3.81,3.67,3.7,5123242,0
2013-01-09,3.7,4,3.68,3.97,9266886,0
2013-01-10,4.05,4.44,4.04,4.32,28832600,0
2013-01-11,4.4,4.52,4.15,4.31,14139805,0
2013-01-14,4.33,4.35,4.15,4.23,4489603,0
2013-01-15,4.29,4.29,4.01,4.12,9510000,0
2013-01-16,4.08,4.26,4.08,4.23,4852800,0
2013-01-17,4.26,4.26,4.03,4.03,4512700,0
2013-01-18,4.04,4.13,3.96,4.02,5530400,0
2013-01-21,4.01,4.05,3.94,3.96,2656000,0
2013-01-22,3.96,4.14,3.95,4.12,3995800,0
2013-01-23,4.09,4.1,3.97,4,2784817,0
2013-01-24,4,4.06,3.76,3.78,4506800,0
2013-01-25,3.88,3.88,3.41,3.42,14888400,0
2013-01-28,3.47,3.5,3.41,3.45,6468000,0
2013-01-29,3.43,3.57,3.42,3.49,3723000,0
2013-01-30,3.56,3.8,3.55,3.79,9793997,0
2013-01-31,3.75,3.75,3.57,3.63,3574800,0
2013-02-01,3.63,3.65,3.55,3.61,1100291,0
2013-02-04,3.59,3.82,3.59,3.67,6014186,0
2013-02-05,3.59,3.64,3.54,3.64,2820800,0
2013-02-06,3.66,3.78,3.66,3.75,4098089,0
2013-02-07,3.8,3.8,3.64,3.71,2442806,0
2013-02-08,3.7,3.71,3.62,3.69,907001,0
2013-02-14,3.77,3.77,3.65,3.67,1025007,0
2013-02-15,3.61,3.75,3.61,3.73,1434000,0
2013-02-18,3.76,3.98,3.71,3.91,4934400,0
2013-02-19,3.93,4,3.79,3.82,2922491,0
2013-02-20,3.95,4.27,3.95,4.23,16727300,0
2013-02-21,4.19,4.42,4.09,4.4,14868600,0
2013-02-22,4.37,4.4,4.27,4.34,10716962,0
2013-02-25,4.29,4.47,4.24,4.25,7896600,0
2013-02-26,4.2,4.25,4.03,4.08,9053402,0
2013-02-27,4.08,4.34,4.07,4.32,6802408,0
2013-02-28,4.35,4.48,4.31,4.32,9664804,0
2013-03-01,4.32,4.74,4.32,4.71,24028600,0
2013-03-04,4.72,4.98,4.7,4.92,13973205,0
2013-03-05,4.92,4.98,4.68,4.83,8859768,0
2013-03-06,4.9,4.95,4.69,4.74,8321400,0
2013-03-07,4.7,4.87,4.7,4.8,4532800,0
2013-03-08,4.86,4.88,4.68,4.73,2439000,0
2013-03-11,4.78,4.78,4.34,4.4,8577000,0
2013-03-12,4.42,4.5,4.18,4.19,8325890,0
2013-03-13,4.25,4.26,4.1,4.22,4277759,0
2013-03-14,4.19,4.43,4.08,4.42,7032430,0
2013-03-15,4.38,4.43,4.22,4.4,4022059,0
2013-03-18,4.28,4.3,4.17,4.21,2478202,0
2013-03-19,4.21,4.25,4.12,4.2,1475800,0
2013-03-20,4.2,4.42,4.2,4.4,5011419,0
2013-03-21,4.42,4.47,4.35,4.46,2441263,0
2013-03-22,4.46,4.59,4.41,4.58,4807200,0
2013-03-25,4.57,4.9,4.57,4.83,12071200,0
2013-03-26,4.9,4.94,4.66,4.7,13168400,0
2013-03-27,4.66,4.74,4.55,4.7,5196000,0
2013-03-28,4.69,4.7,4.53,4.65,1946340,0
2013-04-02,4.56,4.63,4.35,4.35,3529802,0
2013-04-03,4.43,4.45,4.25,4.28,2657800,0
2013-04-05,4.22,4.28,3.91,4.15,5994400,0
2013-04-08,4.04,4.34,4,4.16,2567000,0
2013-04-09,4.24,4.31,4.16,4.3,2832816,0
2013-04-10,4.36,4.4,4.25,4.3,1738000,0
2013-04-11,4.38,4.4,4.3,4.37,1665263,0
2013-04-12,4.4,4.49,4.35,4.41,1502600,0
2013-04-15,4.4,4.47,4.12,4.19,2455801,0
2013-04-16,4.05,4.25,4.04,4.2,1405200,0
2013-04-17,4.22,4.53,4.21,4.45,4451200,0
2013-04-18,4.29,4.51,4.27,4.31,2687002,0
2013-04-19,4.3,4.4,4.3,4.37,915602,0
2013-04-22,4.39,4.46,4.36,4.45,545912,0
2013-04-23,4.46,4.54,4.39,4.44,2942600,0
2013-04-24,4.46,4.5,4.38,4.47,1022600,0
2013-04-25,4.47,4.62,4.45,4.5,2926600,0
2013-04-26,4.68,4.73,4.28,4.38,8673000,0
2013-04-29,4.41,4.66,4.4,4.58,3133200,0
2013-04-30,4.58,4.71,4.58,4.69,6217854,0
2013-05-02,4.68,4.68,4.6,4.64,1680688,0
2013-05-03,4.66,4.73,4.59,4.63,1882803,0
2013-05-06,4.66,4.7,4.62,4.7,1333400,0
2013-05-07,4.68,4.72,4.59,4.64,2123000,0
2013-05-08,4.64,4.69,4.55,4.63,1664800,0
2013-05-09,4.66,4.82,4.63,4.75,6414653,0
2013-05-10,4.8,4.91,4.74,4.79,5236800,0
2013-05-13,4.79,4.96,4.74,4.87,6253574,0
2013-05-14,4.92,4.93,4.77,4.88,1867300,0
2013-05-15,4.92,5.38,4.86,5.29,15768000,0
2013-05-16,5.3,5.86,5.27,5.71,21516599,0
2013-05-20,5.73,6.19,5.73,6.01,18759200,0
2013-05-21,6.08,6.08,5.86,6.01,8452814,0
2013-05-22,6,6.01,5.7,5.8,6393600,0
2013-05-23,6,6.14,5.46,5.58,9263280,0
2013-05-24,5.53,5.86,5.47,5.84,4142383,0
2013-05-27,5.8,6.52,5.75,6.43,10768074,0
2013-05-28,6.39,6.46,6.06,6.14,6665000,0
2013-05-29,6.18,6.25,6.08,6.17,3837400,0
2013-05-30,6.06,6.08,5.63,5.81,16762400,0
2013-05-31,5.9,5.93,5.7,5.85,7957800,0
2013-06-03,5.84,5.92,5.6,5.85,6335600,0
2013-06-04,5.8,5.81,5.56,5.59,3244600,0
2013-06-05,5.59,6.1,5.59,6.04,10204800,0
2013-06-06,6.03,6.23,5.88,5.95,7827600,0
2013-06-07,5.9,6.03,5.66,5.7,5245000,0
2013-06-10,5.8,6.04,5.77,5.96,3484000,0
2013-06-11,5.95,6.12,5.89,5.94,2481800,0
2013-06-13,5.94,5.94,5.55,5.76,4619000,0
2013-06-14,5.87,5.87,5.55,5.56,3158800,0
2013-06-17,5.46,5.93,5.46,5.75,3594000,0
2013-06-18,5.8,5.82,5.66,5.71,2100400,0
2013-06-19,5.7,5.87,5.66,5.74,2397600,0
2013-06-20,5.7,5.73,5.2,5.28,4741200,0
2013-06-21,5.16,5.18,4.96,5.12,6573400,0
2013-06-24,5.06,5.14,4.72,4.83,5549592,0
2013-06-25,4.76,5.03,4.58,4.97,4632600,0
2013-06-26,4.97,5.38,4.97,5.27,4573400,0
2013-06-27,5.28,5.37,5.17,5.29,3726000,0
2013-06-28,5.22,5.39,5.18,5.3,2336200,0
2013-07-02,5.34,5.63,5.34,5.53,2853600,0
2013-07-03,5.48,5.48,5.26,5.27,671600,0
2013-07-04,5.27,5.27,5.27,5.27,0,0
2013-07-05,5.27,5.27,5.27,5.27,0,0
2013-07-08,5,5,4.58,4.85,7611001,0
2013-07-09,4.85,4.96,4.45,4.71,5801194,0
2013-07-10,4.6,4.75,4.56,4.67,4376600,0
2013-07-11,4.65,4.84,4.61,4.75,2481634,0
2013-07-12,4.8,4.8,4.55,4.57,2888200,0
2013-07-15,4.57,5.11,4.57,4.9,5493000,0
2013-07-16,4.95,5.01,4.66,4.68,5280772,0
2013-07-17,4.68,4.83,4.68,4.73,3767855,0
2013-07-18,4.67,4.73,4.6,4.63,1814700,0
2013-07-19,4.65,4.65,4.27,4.33,5152810,0
2013-07-22,4.3,4.58,4.3,4.56,1799499,0
2013-07-23,4.58,4.66,4.48,4.62,1847800,0
2013-07-24,4.63,4.72,4.6,4.68,2353600,0
2013-07-25,4.67,4.75,4.67,4.68,1438050,0
2013-07-26,4.66,4.72,4.57,4.63,1703537,0
2013-07-29,4.56,4.62,4.45,4.46,1373800,0
2013-07-30,4.46,4.54,4.46,4.48,902647,0
2013-07-31,4.5,4.57,4.35,4.35,1492200,0
2013-08-01,4.43,4.59,4.4,4.54,3196936,0
2013-08-02,4.62,4.65,4.49,4.49,2566400,0
2013-08-05,4.49,4.69,4.49,4.6,1340400,0
2013-08-06,4.55,4.6,4.47,4.58,981212,0
2013-08-07,4.54,4.64,4.52,4.62,1244976,0
2013-08-08,4.66,4.66,4.46,4.5,1859800,0
2013-08-09,4.5,4.56,4.48,4.48,1434200,0
2013-08-12,4.48,4.67,4.47,4.6,2607800,0
2013-08-13,4.67,4.71,4.52,4.53,4125600,0
2013-08-15,4.51,4.62,4.43,4.46,3260600,0
2013-08-16,4.42,4.46,4.31,4.32,5547210,0
2013-08-19,4.36,4.42,4.36,4.36,1650600,0
2013-08-20,4.4,4.4,4.08,4.13,3540000,0
2013-08-21,4.14,4.18,4.03,4.1,2122800,0
2013-08-22,4.04,4.1,3.98,4.08,3835666,0
2013-08-23,4.16,4.17,4.01,4.06,2066400,0
2013-08-26,4.3,5.04,4.28,4.98,28253000,0
2013-08-27,4.92,4.96,4.7,4.72,10105579,0
2013-08-28,4.66,4.76,4.54,4.58,7957800,0
2013-08-29,4.63,4.84,4.6,4.76,8035800,0
2013-08-30,4.75,4.83,4.65,4.76,6159597,0
2013-09-02,4.81,5.1,4.8,5.09,11714824,0
2013-09-03,5.16,5.28,4.9,4.97,7784035,0
2013-09-04,4.97,5.38,4.97,5.26,13487000,0
2013-09-05,5.32,5.32,5,5.15,11189706,0
2013-09-06,5.13,5.16,4.93,5.05,4160800,0
2013-09-09,5.1,5.12,4.98,5.05,3280736,0
2013-09-10,5.05,5.11,4.81,4.92,7187615,0
2013-09-11,4.95,5.08,4.78,4.79,4211800,0
2013-09-12,4.83,5,4.79,4.83,3935200,0
2013-09-13,4.85,4.87,4.7,4.74,3572000,0
2013-09-16,4.84,4.85,4.65,4.69,4365000,0
2013-09-17,4.78,4.79,4.64,4.72,985613,0
2013-09-18,4.68,4.8,4.68,4.74,981318,0
2013-09-19,4.8,4.81,4.7,4.8,2013200,0
2013-09-23,4.9,5.33,4.9,5.13,11796000,0
2013-09-24,5.11,5.23,5.01,5.14,9683359,0
2013-09-25,5.08,5.29,5.08,5.19,5378131,0
2013-09-26,5.23,5.23,5.01,5.04,3281400,0
2013-09-27,5.09,5.29,5.04,5.23,7615000,0
2013-09-30,5.22,5.25,5.08,5.12,1788400,0
2013-10-02,5.19,5.54,5.1,5.43,10370829,0
2013-10-03,5.51,5.63,5.45,5.48,7599000,0
2013-10-04,5.48,5.63,5.44,5.49,3044800,0
2013-10-07,5.5,5.87,5.4,5.84,8144600,0
2013-10-08,5.9,5.9,5.66,5.7,5452200,0
2013-10-09,5.58,6.02,5.58,6,8405237,0
2013-10-10,6.09,6.3,5.98,6.05,12262400,0
2013-10-11,6.13,7,6.07,6.92,28692900,0
2013-10-15,7.01,7.16,6.68,7.01,21061392,0
2013-10-16,7,7.11,6.9,7,11638000,0
2013-10-17,6.99,7.65,6.99,7.39,12116787,0
2013-10-18,7.33,7.59,7.01,7.09,14200160,0
2013-10-21,7.12,7.6,7.12,7.53,8089329,0
2013-10-22,7.5,7.78,7.4,7.71,10320200,0
2013-10-23,7.73,7.86,7.12,7.22,19847000,0
2013-10-24,7.27,7.56,6.97,7.33,8170600,0
2013-10-25,7.41,7.71,7.37,7.6,12795957,0
2013-10-28,7.66,8.25,7.5,8.16,19712400,0
2013-10-29,8.2,8.32,7.54,7.8,20055800,0
2013-10-30,7.78,8.17,7.77,8.16,8353200,0
2013-10-31,8.15,8.15,7.75,7.92,7135011,0
2013-11-01,7.93,7.93,7.38,7.41,11031334,0
2013-11-04,7.54,8.23,7.54,8.17,20009715,0
2013-11-05,8.23,8.23,7.78,8.14,11547000,0
2013-11-06,8.14,8.14,7.9,7.95,6005400,0
2013-11-07,7.9,8.2,7.9,7.96,4853324,0
2013-11-08,7.96,8.01,7.12,7.17,16403000,0
2013-11-11,7.25,7.48,7.17,7.39,8463400,0
2013-11-12,7.39,7.42,7.21,7.24,3294600,0
2013-11-13,7.14,7.36,7.04,7.36,7323200,0
2013-11-14,7.42,7.77,7.16,7.61,8398400,0
2013-11-15,7.69,7.69,7.26,7.37,7803174,0
2013-11-18,7.4,7.59,7.33,7.37,6800860,0
2013-11-19,7.33,7.4,7.11,7.19,4777400,0
2013-11-20,7.2,7.35,7.13,7.2,5429000,0
2013-11-21,7.21,7.35,7.13,7.22,2029000,0
2013-11-22,7.14,7.3,7.14,7.15,2901800,0
2013-11-25,7.15,7.29,7.15,7.22,2163700,0
2013-11-26,7.2,7.23,6.88,7.09,2898400,0
2013-11-27,7.12,7.34,6.99,7.27,5320216,0
2013-11-28,7.31,7.75,7.31,7.7,14796800,0
2013-11-29,7.6,7.68,7.34,7.58,6237726,0
2013-12-02,7.55,7.63,7.38,7.53,5853000,0
2013-12-03,7.49,7.94,7.42,7.72,7965621,0
2013-12-04,7.69,7.84,7.49,7.56,3138400,0
2013-12-05,7.51,7.73,7.51,7.65,2940400,0
2013-12-06,7.6,7.73,7.39,7.51,3378000,0
2013-12-09,7.53,7.68,7.53,7.56,2087600,0
2013-12-10,7.54,7.83,7.52,7.8,4891929,0
2013-12-11,7.8,7.85,7.47,7.78,6054400,0
2013-12-12,7.75,7.75,7.5,7.55,1947400,0
2013-12-13,7.55,7.84,7.54,7.83,4319526,0
2013-12-16,7.8,7.83,7.65,7.68,2219800,0
2013-12-17,7.65,7.81,7.61,7.7,2058597,0
2013-12-18,7.7,7.72,7.57,7.66,960600,0
2013-12-19,7.72,8.33,7.72,7.85,12258600,0
2013-12-20,7.85,8.17,7.85,8.08,6593600,0
2013-12-23,8.08,8.2,7.92,7.99,2441939,0
2013-12-24,7.99,8.1,7.9,7.99,925698,0
2013-12-27,7.96,8.12,7.86,7.92,4393200,0
2013-12-30,7.95,8.28,7.95,8.11,6504615,0
2013-12-31,8.11,8.86,8.11,8.84,9997885,0
2014-01-02,8.95,9.19,8.84,9.04,7033000,0
2014-01-03,8.9,9.14,8.88,8.89,3647400,0
2014-01-06,8.9,9.11,8.64,8.89,4636400,0
2014-01-07,8.84,9.3,8.72,9.24,5679200,0
2014-01-08,9.39,9.58,9.15,9.33,5721159,0
2014-01-09,9.33,9.64,9.17,9.44,4195335,0
2014-01-10,9.44,9.44,8.95,9,7752328,0
2014-01-13,9.02,9.4,9.02,9.27,8246400,0
2014-01-14,9.2,9.4,9.03,9.14,5222000,0
2014-01-15,9.17,9.33,8.8,8.96,8070110,0
2014-01-16,8.94,9.2,8.8,8.95,6379455,0
2014-01-17,8.94,9.16,8.8,8.83,9635168,0
2014-01-20,8.71,9.03,8.68,8.8,3720400,0
2014-01-21,8.8,8.85,8.44,8.5,5016957,0
2014-01-22,8.53,9.04,8.53,8.96,4030800,0
2014-01-23,8.96,9.34,8.96,9.23,6246121,0
2014-01-24,9.25,9.32,8.84,8.86,1850600,0
2014-01-27,8.8,8.8,8.19,8.27,3099944,0
2014-01-28,8.25,8.45,8.2,8.36,3104175,0
2014-01-29,8.48,8.68,8.44,8.45,2966600,0
2014-01-30,8.34,8.34,8.15,8.28,2497336,0
2014-02-04,7.98,8.05,7.87,7.89,2131900,0
2014-02-05,8.03,8.08,7.53,7.6,3769578,0
2014-02-06,7.6,7.94,7.6,7.88,2271493,0
2014-02-07,7.84,8.05,7.84,7.93,1529192,0
2014-02-10,8.05,8.61,8.05,8.13,6215068,0
2014-02-11,8.22,8.32,7.98,8,3651448,0
2014-02-12,8.25,8.28,8,8.08,3119800,0
2014-02-13,8.14,8.2,7.96,8.02,2245613,0
2014-02-14,8.14,8.56,8.02,8.53,3084600,0
2014-02-17,8.74,8.99,8.42,8.51,5238438,0
2014-02-18,8.52,8.65,8.33,8.56,2219600,0
2014-02-19,8.65,8.67,8.36,8.47,7814000,0
2014-02-20,8.44,8.44,8.21,8.33,1858286,0
2014-02-21,8.5,8.58,8.19,8.2,1247068,0
2014-02-24,8.2,8.44,8.16,8.33,2947725,0
2014-02-25,8.43,8.43,8.03,8.33,3403800,0
2014-02-26,8.3,8.66,8.1,8.62,3513254,0
2014-02-27,8.9,9.05,8.55,8.6,5792500,0
2014-02-28,8.61,8.88,8.6,8.71,2192200,0
2014-03-03,8.87,9.51,8.87,9.24,18538400,0
2014-03-04,9.3,9.36,9,9.07,7453200,0
2014-03-05,9.22,9.44,9.04,9.09,4423750,0
2014-03-06,9.28,10.12,9.17,9.74,17850823,0
2014-03-07,9.88,10,9.61,9.75,4761200,0
2014-03-10,9.75,9.75,9.05,9.36,8610241,0
2014-03-11,9.35,9.36,9.11,9.18,3150448,0
2014-03-12,9.2,9.4,8.79,9.29,5937434,0
2014-03-13,9.4,9.43,9.04,9.07,3846707,0
2014-03-14,9,9.05,8.72,9.02,6108698,0
2014-03-17,8.81,8.81,8.5,8.53,6686801,0
2014-03-18,8.6,9.31,8.6,9.28,7311150,0
2014-03-19,9.16,9.23,8.78,8.84,5920000,0
2014-03-20,8.67,8.99,8.67,8.7,2251075,0
2014-03-21,8.71,8.88,8.36,8.39,4968025,0
2014-03-24,8.61,9.27,8.61,9.14,8386310,0
2014-03-25,9.3,9.3,8.43,8.48,9417300,0
2014-03-26,8.63,8.78,8.21,8.27,9213504,0
2014-03-27,8.32,8.6,7.91,8.02,9105388,0
2014-03-28,8.02,8.3,8,8.1,4142601,0
2014-03-31,8.05,8.29,8.05,8.26,2333175,0
2014-04-01,8.17,8.44,8.17,8.31,3450944,0
2014-04-02,8.35,8.48,8.21,8.24,2473554,0
2014-04-03,8.26,8.35,8,8.01,4669200,0
2014-04-04,8.1,8.11,7.82,7.94,2149900,0
2014-04-07,7.77,7.98,7.64,7.66,3844600,0
2014-04-08,7.66,7.66,7.3,7.37,7379498,0
2014-04-09,7.4,7.96,7.39,7.88,6079400,0
2014-04-10,7.95,8.98,7.68,8.91,17582400,0
2014-04-11,8.82,8.83,8.25,8.38,7040130,0
2014-04-14,8.33,8.64,8.14,8.37,6651400,0
2014-04-15,8.3,8.38,8.02,8.08,3123486,0
2014-04-16,8.04,8.25,8.02,8.11,3640600,0
2014-04-17,8.12,8.24,7.92,8.09,2519800,0
2014-04-22,8.11,8.25,8.01,8.23,2437200,0
2014-04-23,8.3,8.39,8.15,8.34,2323811,0
2014-04-24,8.32,8.32,8.06,8.22,2387800,0
2014-04-25,8.26,8.26,8.06,8.07,1338200,0
2014-04-28,8.22,8.54,8.21,8.45,10079400,0
2014-04-29,8.57,8.59,8.28,8.4,2825937,0
2014-04-30,8.36,8.46,8.29,8.42,2012000,0
2014-05-02,8.39,8.5,8.32,8.41,1496644,0
2014-05-05,8.46,8.5,8.39,8.41,1020518,0
2014-05-07,8.38,8.4,8.22,8.28,4874185,0
2014-05-08,8.31,8.4,7.49,7.5,4722000,0
2014-05-09,7.54,7.9,7.5,7.75,2648200,0
2014-05-12,7.74,7.99,7.67,7.95,1916800,0
2014-05-13,7.98,8.27,7.92,8.26,2815170,0
2014-05-14,8.3,8.37,8.09,8.31,2325400,0
2014-05-15,8.3,8.44,8.15,8.31,2044248,0
2014-05-16,8.21,8.38,8.2,8.3,1603200,0
2014-05-19,8.28,8.37,8.1,8.3,833845,0
2014-05-20,8.23,8.39,8.2,8.31,661725,0
2014-05-21,8.38,8.43,8.28,8.39,1488375,0
2014-05-22,8.45,8.88,8.41,8.79,5406400,0
2014-05-23,8.71,8.8,8.6,8.69,1765200,0
2014-05-26,8.7,8.83,8.7,8.78,911000,0
2014-05-27,8.8,8.8,8.61,8.74,549594,0
2014-05-28,8.8,8.9,8.64,8.73,2897800,0
2014-05-29,8.8,8.8,8.44,8.6,1698600,0
2014-05-30,8.72,8.81,8.63,8.74,2033800,0
2014-06-03,8.75,9,8.7,8.74,2492446,0
2014-06-04,8.78,8.84,8.74,8.8,1333498,0
2014-06-05,8.8,9.08,8.74,9.04,2584115,0
2014-06-06,9.11,9.11,9,9.01,1624551,0
2014-06-09,9.01,9.25,9.01,9.1,2127043,0
2014-06-10,9.2,9.22,9.1,9.17,1005000,0
2014-06-11,9.2,9.23,9.12,9.2,1589006,0
2014-06-12,9,9.4,9,9.38,3736658,0
2014-06-13,9.38,9.5,9.23,9.38,1896600,0
2014-06-16,9.25,9.45,9.06,9.38,4030200,0
2014-06-17,9.33,9.35,9.16,9.2,3755400,0
2014-06-18,9.2,9.35,9.19,9.2,1335000,0
2014-06-19,9.26,9.27,8.99,9.08,2120200,0
2014-06-20,9.02,9.19,8.82,8.95,1912882,0
2014-06-23,8.98,9.04,8.7,8.72,1500000,0
2014-06-24,8.68,8.95,8.68,8.94,1583226,0
2014-06-25,8.81,9.18,8.81,9.15,2807587,0
2014-06-26,9.09,9.34,9.05,9.3,2050600,0
2014-06-27,9.21,9.4,9.11,9.29,1313000,0
2014-06-30,9.25,9.25,8.96,9.03,3221680,0
2014-07-02,9,9.31,9,9.25,1736076,0
2014-07-03,9.28,9.31,9.1,9.31,2396097,0
2014-07-04,9.26,9.3,9.1,9.14,2345221,0
2014-07-07,9.2,9.22,9.05,9.13,676400,0
2014-07-08,9.12,9.13,8.89,9.03,1126400,0
2014-07-09,8.9,8.97,8.7,8.88,1615925,0
2014-07-10,9.07,9.18,8.89,9.17,2460200,0
2014-07-11,9.25,9.25,8.9,9.12,795800,0
2014-07-14,9.12,9.16,8.98,9.01,1404200,0
2014-07-15,9.05,9.12,8.95,8.98,958200,0
2014-07-16,9,9.1,8.82,9.08,1227200,0
2014-07-17,9.09,9.15,8.99,9.14,927400,0
2014-07-18,9,9.36,9,9.29,2431000,0
2014-07-21,9.25,9.45,9.14,9.18,1441646,0
2014-07-22,9.12,9.35,9.12,9.24,1089050,0
2014-07-23,9.27,9.36,9.26,9.35,1557700,0
2014-07-24,9.38,9.57,9.28,9.49,3455217,0
2014-07-25,9.49,9.58,9.45,9.49,2185400,0
2014-07-28,9.44,9.77,9.35,9.67,2946800,0
2014-07-29,9.66,9.7,9.25,9.25,2879600,0
2014-07-30,9.35,9.42,8.9,9,5553800,0
2014-07-31,9.09,9.09,8.75,8.86,2936743,0
2014-08-01,8.79,9,8.53,8.59,4810676,0
2014-08-04,8.6,8.85,8.6,8.81,2584750,0
2014-08-05,8.84,8.98,8.76,8.92,1694600,0
2014-08-06,8.99,9.12,8.81,9.11,1739800,0
2014-08-07,9.05,9.27,8.95,9.2,2378656,0
2014-08-08,9.18,9.28,8.99,9.12,1912209,0
2014-08-11,9.19,9.38,9.12,9.21,1559925,0
2014-08-12,9.22,9.38,9.22,9.29,1299000,0
2014-08-13,9.25,9.35,9.23,9.35,1413600,0
2014-08-14,9.46,9.49,9.17,9.28,1555840,0
2014-08-15,9.26,9.34,9.2,9.3,396279,0
2014-08-18,9.26,9.32,9.2,9.28,731200,0
2014-08-19,9.25,9.3,9.12,9.24,1122800,0
2014-08-20,9.3,9.45,9.17,9.42,2129200,0
2014-08-21,9.34,9.38,9.13,9.22,1096000,0
2014-08-22,9.28,9.45,9.28,9.45,1353000,0
2014-08-25,10.38,12.32,10.38,12.1,42601673,0
2014-08-26,12,12.48,11.76,12.18,20801200,0
2014-08-27,12.18,12.18,12.18,12.18,0,0
2014-08-28,12.18,12.18,12.18,12.18,0,0
2014-08-29,12.18,12.18,12.18,12.18,0,0
2014-09-01,12.18,12.18,12.18,12.18,0,0
2014-09-02,12.18,12.18,12.18,12.18,0,0
2014-09-03,12.84,13.86,12.64,13.4,41705148,0
2014-09-04,13.36,13.36,12.84,12.88,7229244,0
2014-09-05,12.88,13.38,12.84,13.12,5212980,0
2014-09-08,13.1,13.16,12.7,12.92,2520800,0
2014-09-10,12.96,13.12,12.8,13.02,2225500,0
2014-09-11,13.06,13.6,12.96,13.4,4477100,0
2014-09-12,13.22,13.5,13.06,13.06,3182688,0
2014-09-15,13.2,13.3,12.56,12.7,5716800,0
2014-09-16,12.62,12.92,12.46,12.54,3612213,0
2014-09-17,12.78,12.84,12.2,12.3,5492600,0
2014-09-18,12.32,12.8,12.26,12.76,5646038,0
2014-09-19,12.8,12.88,12.48,12.86,3148772,0
2014-09-22,12.8,12.8,12.5,12.58,1493932,0
2014-09-23,12.5,12.88,12.48,12.76,1306800,0
2014-09-24,12.5,13.24,12.5,13.14,3157992,0
2014-09-25,13.1,13.1,12.9,12.98,2609310,0
2014-09-26,12.92,13.42,12.76,13.38,4301600,0
2014-09-29,13.14,13.28,12.56,12.76,3724700,0
2014-09-30,12.5,13.38,12.5,13.32,7042200,0
2014-10-03,13.18,13.92,12.86,13.8,5796597,0
2014-10-06,13.8,14.42,13.44,14.36,9832300,0
2014-10-07,14.38,14.68,14.1,14.16,3810858,0
2014-10-08,13.98,14.32,13.98,14.28,3274400,0
2014-10-09,14.28,14.32,14,14.28,2900363,0
2014-10-10,14.08,14.08,13.54,13.78,3903768,0
2014-10-13,13.6,13.66,13.14,13.52,3630101,0
2014-10-14,13.44,13.62,13.06,13.24,3441496,0
2014-10-15,13.3,14.1,13.3,14.06,4094300,0
2014-10-16,13.8,13.84,13.44,13.7,3142605,0
2014-10-17,13.84,13.84,13.42,13.54,3215237,0
2014-10-20,13.8,14.3,13.66,14.08,3285750,0
2014-10-21,14.16,14.78,14.16,14.66,5312150,0
2014-10-22,14.78,15,14.5,14.6,3597322,0
2014-10-23,14.6,14.74,14.08,14.1,5560000,0
2014-10-24,14.06,14.34,14.06,14.24,4750800,0
2014-10-27,14.12,14.12,13.64,14,1889680,0
2014-10-28,13.86,14.12,13.86,14.04,6493324,0
2014-10-29,14.32,14.36,13.8,14.14,6675500,0
2014-10-30,14.8,15.26,13.68,13.8,16257007,0
2014-10-31,14,14.12,13.72,13.98,8671743,0
2014-11-03,14.22,14.24,13.9,14,4343800,0
2014-11-04,13.9,14.1,13.84,13.86,2179793,0
2014-11-05,13.92,13.98,13.26,13.38,3425200,0
2014-11-06,13.5,13.78,13.08,13.68,6456421,0
2014-11-07,13.68,14,13.42,13.46,2010510,0
2014-11-10,13.58,13.76,13.44,13.54,2091194,0
2014-11-11,13.54,13.84,13.24,13.28,2482233,0
2014-11-12,13.42,13.78,13.3,13.62,3489053,0
2014-11-13,13.36,13.52,13.12,13.18,6426600,0
2014-11-14,13.18,13.32,12.6,12.98,6238200,0
2014-11-17,12.96,13,12.52,12.58,2631200,0
2014-11-18,12.6,12.64,11.62,12.02,9049003,0
2014-11-19,12.08,12.1,11.64,11.66,7910600,0
2014-11-20,11.58,12.24,11.5,12.02,5944500,0
2014-11-21,12.18,12.72,11.92,12.64,6365980,0
2014-11-24,12.94,12.94,12.36,12.66,5298600,0
2014-11-25,12.66,12.68,11.98,12.14,4554872,0
2014-11-26,12.2,12.58,12.06,12.14,5106436,0
2014-11-27,12.14,12.26,11.76,11.96,2287849,0
2014-11-28,12.08,12.08,11.26,11.3,5544600,0
2014-12-01,11.3,11.76,11.14,11.38,3467720,0
2014-12-02,11.38,11.5,11.02,11.38,3165114,0
2014-12-03,11.38,11.7,11.16,11.24,3033902,0
2014-12-04,11.18,11.54,11.14,11.52,2345400,0
2014-12-05,11.46,11.48,11.06,11.12,2664600,0
2014-12-08,11.1,11.38,11.06,11.12,2870400,0
2014-12-09,11.18,11.3,10.98,10.98,6230373,0
2014-12-10,10.8,11.62,10.78,11.62,6183200,0
2014-12-11,11.42,11.66,11.3,11.48,4587510,0
2014-12-12,11.38,12.44,11.38,12.34,5253465,0
2014-12-15,12.3,12.44,12.06,12.38,5889702,0
2014-12-16,12.38,12.38,12.1,12.12,3530924,0
2014-12-17,12.3,12.3,11.94,12.12,5593253,0
2014-12-18,12.2,12.44,12.1,12.12,5587565,0
2014-12-19,12.28,12.28,11.82,11.98,3004859,0
2014-12-22,12.34,12.38,11.52,11.64,3141784,0
2014-12-23,11.7,12.18,11.56,11.88,2506856,0
2014-12-24,11.94,11.94,11.66,11.8,252200,0
2014-12-29,11.9,12.42,11.8,12.38,3005760,0
2014-12-30,12.34,12.38,11.98,12.18,974352,0
2014-12-31,12.18,12.18,11.94,12.06,2862360,0
2015-01-02,12.2,12.2,11.8,12.16,2369400,0
2015-01-05,12.16,12.98,12.1,12.88,5129048,0
2015-01-06,12.72,13.2,12.62,12.82,3249624,0
2015-01-07,12.82,13.02,12.62,12.82,2169106,0
2015-01-08,13,13.68,12.82,13.58,8984014,0
2015-01-09,13.8,13.86,13.52,13.56,5802600,0
2015-01-12,13.36,13.68,12.96,13.16,3477400,0
2015-01-13,13.18,13.36,13.02,13.16,1652410,0
2015-01-14,13.16,13.62,13.06,13.52,3341600,0
2015-01-15,13.42,13.62,13.14,13.48,1886471,0
2015-01-16,13.32,13.42,13,13.16,2289400,0
2015-01-19,13.14,13.14,12.42,12.54,1910800,0
2015-01-20,12.54,12.96,12.54,12.82,936000,0
2015-01-21,12.82,12.96,12.66,12.94,1062200,0
2015-01-22,12.92,13.06,12.68,12.8,1956200,0
2015-01-23,12.9,12.96,12.76,12.86,883186,0
2015-01-26,12.82,13.02,12.54,12.74,2727900,0
2015-01-27,12.92,13.22,12.74,12.84,3080000,0
2015-01-28,12.9,12.9,12.7,12.76,689600,0
2015-01-29,12.58,12.64,12.08,12.12,4100200,0
2015-01-30,12.06,12.6,12.02,12.42,1595600,0
2015-02-02,12.28,12.32,11.6,11.8,4181400,0
2015-02-03,11.86,12.2,11.82,12.18,1894000,0
2015-02-04,12.18,12.44,11.82,12.08,4212546,0
2015-02-05,12.12,12.3,11.86,12.26,2681574,0
2015-02-06,12.26,12.34,11.72,11.78,2538600,0
2015-02-09,11.8,12.08,11.52,11.58,1364200,0
2015-02-10,11.4,11.86,11.4,11.84,895800,0
2015-02-11,11.64,11.76,11.56,11.62,964988,0
2015-02-12,11.56,11.6,11.32,11.38,2746800,0
2015-02-13,11.3,11.86,11.3,11.78,2154800,0
2015-02-16,11.72,11.72,11.48,11.62,734800,0
2015-02-17,11.52,11.72,11.46,11.66,1770477,0
2015-02-18,11.64,11.66,11.56,11.64,156000,0
2015-02-23,11.54,11.6,11.4,11.42,655800,0
2015-02-24,11.4,11.64,11.3,11.62,1397400,0
2015-02-25,11.68,11.7,11.5,11.7,668498,0
2015-02-26,11.62,11.8,11.58,11.76,3441800,0
2015-02-27,11.86,11.88,11.32,11.34,9740200,0
2015-03-02,11.52,12.1,11.46,11.78,11057250,0
2015-03-03,11.84,12.26,11.82,11.96,13663000,0
2015-03-04,11.98,12.18,11.7,11.94,3642200,0
2015-03-05,11.96,12.04,11.7,11.9,2983400,0
2015-03-06,11.92,13.06,11.92,12.96,14228800,0
2015-03-09,12.9,12.9,12.44,12.64,5452200,0
2015-03-10,12.76,12.84,12.18,12.3,4478832,0
2015-03-11,12.1,12.68,11.78,12.02,6291121,0
2015-03-12,12.16,12.16,11.84,11.86,1546200,0
2015-03-13,11.7,11.94,11.26,11.42,5035500,0
2015-03-16,11.42,11.62,11.3,11.54,1642000,0
2015-03-17,11.62,11.66,11.26,11.36,3427833,0
2015-03-18,11.46,11.86,11.38,11.66,4111072,0
2015-03-19,11.78,11.9,11.68,11.86,3740300,0
2015-03-20,11.8,11.96,11.68,11.88,3979239,0
2015-03-23,11.86,12.2,11.86,12.18,4155022,0
2015-03-24,12.12,12.5,12.12,12.34,2992213,0
2015-03-25,12.38,12.42,12.14,12.2,2562400,0
2015-03-26,12.3,12.44,12.06,12.38,1767116,0
2015-03-27,12.32,13.1,12.14,13.06,8445273,0
2015-03-30,13.5,15.2,13.5,15.06,26844400,0
2015-03-31,15.1,15.46,14.32,14.58,15327022,0
2015-04-01,14.8,15.36,14.5,15.34,20464950,0
2015-04-02,15.38,15.98,15.18,15.96,9107300,0
2015-04-08,16.34,18.24,16.34,17.38,18909239,0
2015-04-09,17.38,19.2,16.38,17.48,13884819,0
2015-04-10,18,18,16.78,17.5,9595300,0
2015-04-13,17.52,18.32,17.5,18,4883693,0
2015-04-14,17.8,18.22,17.06,17.18,10261208,0
2015-04-15,17.18,17.9,16.22,16.32,10019900,0
2015-04-16,16.88,17.74,16.6,17.44,5494546,0
2015-04-17,17.5,17.5,16.98,17,4654985,0
2015-04-20,16.88,17.88,16.2,16.28,8859200,0
2015-04-21,16.5,17.24,16.5,16.78,6083170,0
2015-04-22,16.78,18.18,16.78,18,7736090,0
2015-04-23,17.98,18.38,17.6,17.72,5598500,0
2015-04-24,17.96,17.96,16.6,17.34,5001800,0
2015-04-27,18.26,19,18.1,19,22799068,0
2015-04-28,19.18,19.18,18.3,18.84,6099385,0
2015-04-29,18.52,19.08,18.52,18.72,4176714,0
2015-04-30,18.8,18.84,17.98,18.06,5171200,0
2015-05-04,18.28,19,17.56,17.96,9180650,0
2015-05-05,18.2,18.76,17.44,17.46,7260837,0
2015-05-06,17.4,18.1,17.32,17.32,4423600,0
2015-05-07,17.16,17.38,16.44,16.62,6001320,0
2015-05-08,16.96,17.46,16.96,17.38,3240107,0
2015-05-11,17.54,18.04,17.02,17.92,3830000,0
2015-05-12,18,18.12,17.5,17.62,1836993,0
2015-05-13,17.86,17.98,17.3,17.88,1882800,0
2015-05-14,17.92,18.3,17.78,18.16,2170200,0
2015-05-15,18.16,18.22,17.64,17.78,2356200,0
2015-05-18,17.82,18.32,17.68,17.98,2170400,0
2015-05-19,18,18,17.46,17.94,2547900,0
2015-05-20,17.9,18.8,17.76,18.8,7084000,0
2015-05-21,18.7,18.9,18.18,18.46,1617400,0
2015-05-22,18.44,18.86,18.16,18.56,1809800,0
2015-05-26,18.84,19.5,18.6,19.38,6492400,0
2015-05-27,19.34,19.7,19.22,19.64,4587771,0
2015-05-28,19.52,19.58,18.42,18.78,3131480,0
2015-05-29,18.5,19.6,18.42,19,3689036,0
2015-06-01,19.48,19.76,19.02,19.7,4078000,0
2015-06-02,19.36,19.78,19.16,19.66,3045720,0
2015-06-03,19.5,19.7,19.06,19.1,2230600,0
2015-06-04,19.32,19.36,18.04,18.84,3631000,0
2015-06-05,18.8,19,18.54,18.78,3285332,0
2015-06-08,18.8,19.38,18.78,18.9,2872465,0
2015-06-09,19.1,19.1,17.08,17.84,6545800,0
2015-06-10,17.46,18.16,17.16,17.4,4166198,0
2015-06-11,17.3,17.5,17.02,17.4,2035600,0
2015-06-12,17.5,18.8,17.5,18.52,5131724,0
2015-06-15,18.34,18.38,17.7,17.96,2867595,0
2015-06-16,17.52,17.7,16.96,16.98,4833409,0
2015-06-17,17.08,17.44,16.9,17.42,2911000,0
2015-06-18,17.42,17.5,16.9,17.34,2916600,0
2015-06-19,17.4,17.68,16.8,17.08,2541471,0
2015-06-22,17.08,17.1,16.98,17.02,2199800,0
2015-06-23,17.1,17.36,16.98,17.16,2385656,0
2015-06-24,17.16,17.16,16.68,16.76,3868937,0
2015-06-25,16.9,17.08,16.68,16.78,2961880,0
2015-06-26,16.78,16.88,16.24,16.7,3095685,0
2015-06-29,16.86,16.9,14.62,15.2,6486121,0
2015-06-30,15.2,16.1,15.2,15.68,8584600,0
2015-07-02,15.7,16.1,15.36,15.66,6771358,0
2015-07-03,15.68,15.8,14.22,14.4,8492612,0
2015-07-06,14.5,14.8,12.7,14.06,16292170,0
2015-07-07,14,14.1,13.22,13.58,8580086,0
2015-07-08,13,13,11.12,12.52,15072952,0
2015-07-09,12.64,14.38,12.52,13.8,14182526,0
2015-07-10,16,16.36,14.82,15.92,12356258,0
2015-07-13,16.22,16.28,15.72,16.26,10366800,0
2015-07-14,16.26,16.68,16.02,16.2,6909136,0
2015-07-15,16.28,16.48,15.8,15.9,7110360,0
2015-07-16,15.8,16.82,15.52,16.7,9306202,0
2015-07-17,17.02,17.04,16.5,16.86,1810290,0
2015-07-20,17,17,16.56,16.84,1322800,0
2015-07-21,16.98,16.98,16.42,16.72,1174000,0
2015-07-22,16.5,16.68,16.22,16.48,1368400,0
2015-07-23,16.54,16.54,16.22,16.36,1625800,0
2015-07-24,16.1,16.36,15.82,15.86,1781600,0
2015-07-27,15.86,15.86,14.4,14.74,4939400,0
2015-07-28,13.9,15.44,13.9,14.62,3135928,0
2015-07-29,14.62,15.3,14.6,14.98,4453042,0
2015-07-30,15.3,15.38,14.86,14.9,2123973,0
2015-07-31,15,15,14.62,14.82,1756400,0
2015-08-03,14.82,14.92,14.18,14.2,1459100,0
2015-08-04,14.2,14.74,14.14,14.6,2293825,0
2015-08-05,14.48,15.1,14.42,14.72,4584000,0
2015-08-06,14.98,15.08,14.6,14.8,1915800,0
2015-08-07,14.8,15.32,14.8,15.12,4175641,0
2015-08-10,15.12,15.7,14.8,15.62,3690809,0
2015-08-11,15.58,16.42,15.5,15.74,4903300,0
2015-08-12,15.7,15.7,15.2,15.38,1858400,0
2015-08-13,15.84,15.88,15.22,15.42,1322294,0
2015-08-14,15.7,16,15.6,15.84,2338065,0
2015-08-17,15.7,15.78,15,15.7,1515592,0
2015-08-18,15.32,15.64,14.6,14.72,2556800,0
2015-08-19,14.7,15.1,14.12,14.4,8675200,0
2015-08-20,14.3,14.3,13.22,13.28,6488400,0
2015-08-21,12.7,13,12.2,12.32,10895600,0
2015-08-24,11.6,11.62,10.86,11.42,8746502,0
2015-08-25,11.2,12.3,11.18,11.72,9865295,0
2015-08-26,12.3,12.3,11.5,11.76,5309243,0
2015-08-27,12.14,13.56,12.14,13.4,9967298,0
2015-08-28,13.8,14.12,13.54,13.56,7602800,0
2015-08-31,13.58,13.82,12.68,13.18,4345400,0
2015-09-01,13.38,13.48,12.9,12.92,4316200,0
2015-09-02,13,13.18,12.4,12.8,2588800,0
2015-09-04,13,13.16,12.16,12.5,2299771,0
2015-09-07,12.32,13.3,12.32,12.72,1815080,0
2015-09-08,12.72,13.54,12.72,13.5,2034900,0
2015-09-09,14,14,13.6,13.88,3982400,0
2015-09-10,13.84,13.98,13.38,13.4,2323788,0
2015-09-11,13.42,14.12,13.36,13.8,7775600,0
2015-09-14,14.08,14.08,13.02,13.22,4201800,0
2015-09-15,13.02,13.36,12.5,12.52,4345000,0
2015-09-16,12.9,13.96,12.86,13.96,7924559,0
2015-09-17,14,14.08,13.42,13.54,2985860,0
2015-09-18,13.7,13.88,13.68,13.8,2514400,0
2015-09-21,13.7,13.88,13.52,13.72,1217400,0
2015-09-22,13.64,13.78,13.36,13.64,2687200,0
2015-09-23,13.26,13.6,12.94,13.18,1518109,0
2015-09-24,13.28,13.54,13.02,13.24,908337,0
2015-09-25,13.32,13.38,12.96,13.2,1333800,0
2015-09-29,13,13.14,12.62,12.82,1653200,0
2015-09-30,13,13.5,12.72,13.4,3620728,0
2015-10-02,13.52,14,13.52,13.74,3341263,0
2015-10-05,13.88,14.24,13.84,13.96,2016800,0
2015-10-06,14.18,14.18,13.92,14,2120620,0
2015-10-07,14,14.78,13.92,14.74,3504370,0
2015-10-08,14.8,14.86,14.22,14.42,2184445,0
2015-10-09,14.44,14.8,14.34,14.36,1089789,0
2015-10-12,14.58,14.58,14.04,14.32,2659574,0
2015-10-13,14.36,14.44,14.06,14.2,2338254,0
2015-10-14,14.4,15.66,14.18,15.48,10020383,0
2015-10-15,15.48,15.54,15.22,15.3,3641303,0
2015-10-16,15.5,15.84,15.28,15.76,5595600,0
2015-10-19,15.7,15.82,15.3,15.38,3643488,0
2015-10-20,15.48,15.48,15.18,15.32,2163600,0
2015-10-22,15.12,15.54,15.12,15.46,3295194,0
2015-10-23,15.8,15.8,15.14,15.6,4726400,0
2015-10-26,16.06,16.18,15.88,16.1,7565480,0
2015-10-27,16.3,16.56,16.18,16.52,8595500,0
2015-10-28,16.6,17.34,16,16.1,9504610,0
2015-10-29,16.36,16.84,16.34,16.42,9088400,0
2015-10-30,16.3,16.38,14.4,14.62,24773200,0
2015-11-02,14,14,13.04,13.16,32533957,0
2015-11-03,13.42,13.82,13.2,13.36,17359657,0
2015-11-04,13.38,13.94,13.32,13.38,14525149,0
2015-11-05,13.44,13.66,13.26,13.6,12342000,0
2015-11-06,13.68,13.86,13.48,13.66,5703000,0
2015-11-09,13.66,13.68,13.04,13.08,11347682,0
2015-11-10,13.02,13.08,12.52,12.56,7201625,0
2015-11-11,12.66,13.06,12.66,12.86,10321668,0
2015-11-12,13.1,13.4,12.76,13.38,8970800,0
2015-11-13,13.04,13.22,12.9,13.06,6694000,0
2015-11-16,12.82,12.94,12.6,12.84,2413192,0
2015-11-17,13.06,13.24,13,13.08,4201337,0
2015-11-18,13.18,13.48,13.14,13.16,4780490,0
2015-11-19,13.3,13.48,13.18,13.42,3858600,0
2015-11-20,13.56,13.76,13.38,13.7,6097600,0
2015-11-23,13.7,13.82,13.58,13.68,3295400,0
2015-11-24,13.68,13.7,13.1,13.2,3668600,0
2015-11-25,13.2,13.32,13.1,13.18,1928426,0
2015-11-26,13.3,13.36,13.18,13.3,3526700,0
2015-11-27,13.34,13.34,12.92,12.94,3949608,0
2015-11-30,12.94,13.26,12.82,13.14,3066800,0
2015-12-01,13.14,13.46,13.08,13.4,3445628,0
2015-12-02,13.54,13.88,13.48,13.84,5755000,0
2015-12-03,13.84,13.88,13.54,13.6,2378873,0
2015-12-04,13.58,13.62,13.2,13.44,2467000,0
2015-12-07,13.4,13.66,13.2,13.46,2251200,0
2015-12-08,13.36,13.4,13.02,13.18,2201800,0
2015-12-09,13.24,13.64,13.1,13.4,6920018,0
2015-12-10,13.36,13.42,13.02,13.18,4238600,0
2015-12-11,12.84,12.9,11.36,11.56,24061614,0
2015-12-14,11.6,12.38,11.4,12.34,10683760,0
2015-12-15,12.4,13.16,12.38,13,14524736,0
2015-12-16,13.14,13.22,12.84,13.08,12269200,0
2015-12-17,13.2,13.68,13.2,13.6,26660328,0
2015-12-18,13.4,14.38,13.34,13.78,10165264,0
2015-12-21,13.8,15.24,13.8,15.02,14008063,0
2015-12-22,14.9,15.16,14.4,14.86,10509200,0
2015-12-23,14.96,15.7,14.9,15.68,16049643,0
2015-12-24,15.4,15.44,14.08,14.26,6961639,0
2015-12-28,14.3,14.3,13.7,13.98,4088833,0
2015-12-29,13.98,14.22,13.7,13.9,2955280,0
2015-12-30,14.1,14.58,14,14.54,6489570,0
2015-12-31,14.54,15.1,14.28,14.9,8307743,0
2016-01-04,14.78,14.86,13.54,14.04,9211430,0
2016-01-05,14,14.18,13.7,14,6889436,0
2016-01-06,14.16,14.2,13.74,13.94,3104646,0
2016-01-07,13.86,13.86,13,13.08,7302200,0
2016-01-08,13.02,13.58,12.82,12.88,6440100,0
2016-01-11,12.64,12.64,11.98,12.04,5794800,0
2016-01-12,12.28,12.5,12.1,12.16,4411400,0
2016-01-13,12.46,12.58,11.84,11.94,5010100,0
2016-01-14,11.52,12,11.22,12,2514778,0
2016-01-15,12.1,12.2,11.38,11.44,2466281,0
2016-01-18,11.1,11.44,10.8,11.4,5399300,0
2016-01-19,11.28,11.84,11.08,11.8,7836800,0
2016-01-20,11.46,11.46,10.92,11.04,5229042,0
2016-01-21,11.1,11.24,10,10.06,7199149,0
2016-01-22,10.44,11.18,10.3,10.92,6573200,0
2016-01-25,11.14,11.16,10.68,10.7,2961700,0
2016-01-26,10.3,10.46,10,10.06,4048000,0
2016-01-27,10.36,10.38,9.77,9.96,3478931,0
2016-01-28,9.88,10.08,9.61,9.71,4271700,0
2016-01-29,9.91,10.18,9.8,10.06,14973237,0
2016-02-01,10.28,10.28,9.75,9.82,6472315,0
2016-02-02,9.68,10.1,9.6,9.84,6908950,0
2016-02-03,9.6,9.71,9.26,9.41,5173584,0
2016-02-04,9.62,9.75,9.35,9.52,6500729,0
2016-02-05,9.43,9.64,8.82,8.84,9294200,0
2016-02-11,8.8,8.99,8.4,8.56,6164400,0
2016-02-12,8.45,8.68,8.19,8.23,3709800,0
2016-02-15,8.4,9.05,8.4,9.02,5331800,0
2016-02-16,8.92,9.76,8.92,9.7,6909900,0
2016-02-17,9.71,9.8,8.88,8.91,7629895,0
2016-02-18,9.22,10.14,9.22,9.99,11345800,0
2016-02-19,10,10,9.5,9.56,8490600,0
2016-02-22,9.6,9.8,9.33,9.39,5646800,0
2016-02-23,9.51,9.72,9.34,9.48,2886600,0
2016-02-24,9.43,9.48,9.02,9.17,4749200,0
2016-02-25,9.2,9.2,8.78,8.8,5812331,0
2016-02-26,8.97,9.1,8.83,8.88,4501655,0
2016-02-29,8.98,9,8.28,8.36,12998150,0
2016-03-01,8.46,8.61,8.3,8.58,7124956,0
2016-03-02,8.75,9.07,8.75,9.03,9795400,0
2016-03-03,9.23,9.33,8.95,9.19,7203450,0
2016-03-04,9.23,9.84,9.23,9.74,14310623,0
2016-03-07,9.9,10,9.61,9.79,10793400,0
2016-03-08,9.85,9.88,9.27,9.4,7919588,0
2016-03-09,9.33,9.33,9.1,9.2,3318400,0
2016-03-10,9.33,9.47,9.03,9.09,3206683,0
2016-03-11,9.2,9.46,9.1,9.43,4649067,0
2016-03-14,9.6,9.76,9.44,9.58,4216448,0
2016-03-15,9.4,9.56,9.25,9.46,2804289,0
2016-03-16,9.4,9.56,9.28,9.48,2845490,0
2016-03-17,9.75,9.96,9.63,9.75,7595687,0
2016-03-18,9.68,10.2,9.53,9.9,12933717,0
2016-03-21,9.95,10.16,9.92,10.16,6338400,0
2016-03-22,10.48,11.08,10.44,10.9,17028968,0
2016-03-23,11,11.06,10.38,10.58,9533800,0
2016-03-24,10.5,10.56,10.24,10.56,4152800,0
2016-03-29,10.56,10.88,10.46,10.68,6185940,0
2016-03-30,10.94,11.36,10.94,11.3,12350833,0
2016-03-31,11.62,11.62,11.02,11.1,6525970,0
2016-04-01,11.08,11.4,11.08,11.36,5428000,0
2016-04-05,11.44,11.44,11,11.24,3530700,0
2016-04-06,11.36,11.54,11.16,11.34,6698981,0
2016-04-07,11.46,11.56,11.06,11.08,5425800,0
2016-04-08,11.2,11.2,10.84,11,5242066,0
2016-04-11,11.1,11.16,10.9,11.12,3268100,0
2016-04-12,11.2,11.4,11.02,11.26,3253467,0
2016-04-13,11.36,12.18,11.3,12.16,11409200,0
2016-04-14,12.3,12.36,11.86,11.92,5995178,0
2016-04-15,11.9,12.24,11.82,12,3406200,0
2016-04-18,11.7,11.74,11.36,11.42,7965944,0
2016-04-19,11.6,11.78,11.52,11.66,3828205,0
2016-04-20,11.98,12.34,11.84,12.32,11661800,0
2016-04-21,12.2,12.76,12.18,12.7,6320545,0
2016-04-22,12.56,12.62,12.2,12.34,5865850,0
2016-04-25,12.58,12.58,12.18,12.38,3186400,0
2016-04-26,12.58,13.02,12.26,12.96,9724200,0
2016-04-27,12.72,13,12.7,12.74,6053608,0
2016-04-28,12.92,12.92,12.48,12.78,3144852,0
2016-04-29,12.88,13,12.62,12.82,4268705,0
2016-05-03,12.8,12.88,12.24,12.26,5478207,0
2016-05-04,12.22,12.8,12.2,12.76,5686200,0
2016-05-05,12.64,12.7,12.28,12.48,4877400,0
2016-05-06,12.26,12.38,11.96,12,3490954,0
2016-05-09,12.2,12.26,11.38,11.56,6556430,0
2016-05-10,11.54,11.74,11.36,11.72,4367800,0
2016-05-11,11.94,12.14,11.6,12,3557189,0
2016-05-12,12,12.08,11.76,11.96,1783800,0
2016-05-13,11.92,12.04,11.68,11.8,2322200,0
2016-05-16,11.52,12,11.52,11.82,1660933,0
2016-05-17,11.92,12.38,11.92,12.3,3774200,0
2016-05-18,12,12.18,11.84,12.02,2115633,0
2016-05-19,11.96,12.02,11.72,11.8,1956800,0
2016-05-20,11.7,11.94,11.58,11.62,2298000,0
2016-05-23,11.6,12.08,11.6,11.86,3460600,0
2016-05-24,11.92,12.12,11.78,12.1,1099000,0
2016-05-25,12.22,12.3,11.68,11.74,3984400,0
2016-05-26,11.76,11.98,11.76,11.88,2690197,0
2016-05-27,11.9,12.1,11.6,11.74,8631254,0
2016-05-30,11.8,11.94,11.68,11.9,1766400,0
2016-05-31,11.94,12.2,11.78,12.06,2594353,0
2016-06-01,12.52,12.58,12.04,12.06,10521700,0
2016-06-02,12.18,12.3,11.92,12.04,4029800,0
2016-06-03,12.12,12.24,11.96,12.2,3063800,0
2016-06-06,12.4,12.4,12.04,12.3,5523600,0
2016-06-07,12.34,12.44,12.12,12.34,6372000,0
2016-06-08,12.38,12.4,11.88,11.9,6009068,0
2016-06-10,11.92,12.08,10.7,10.76,18537642,0
2016-06-13,10.64,10.68,10.32,10.54,10130931,0
2016-06-14,10.56,11.04,10.56,10.88,6220600,0
2016-06-15,10.78,11.04,10.58,10.8,4662800,0
2016-06-16,10.8,10.88,10.66,10.7,2823292,0
2016-06-17,10.86,10.94,10.72,10.94,2002400,0
2016-06-20,11,11.04,10.7,10.8,3673800,0
2016-06-21,10.8,11.1,10.8,10.9,3619400,0
2016-06-22,10.82,11.26,10.82,11.14,4004285,0
2016-06-23,11.14,11.24,10.96,11.02,5427650,0
2016-06-24,10.7,11.08,10.44,10.84,6704117,0
2016-06-27,10.62,11.1,10.62,11,3066480,0
2016-06-28,10.88,11.04,10.8,11.02,2258400,0
2016-06-29,11.04,11.26,11.02,11.06,4327800,0
2016-06-30,10.7,10.7,10.5,10.58,5439200,0
2016-07-04,10.6,10.9,10.6,10.9,3366400,0
2016-07-05,10.76,10.86,10.66,10.68,1991300,0
2016-07-06,10.6,10.64,10.32,10.34,6648400,0
2016-07-07,10.5,10.62,10.34,10.6,3263200,0
2016-07-08,10.6,10.66,10.44,10.52,3042048,0
2016-07-11,10.76,10.76,10.48,10.5,2101400,0
2016-07-12,10.5,10.96,10.5,10.94,5611300,0
2016-07-13,10.9,10.98,10.8,10.94,2985422,0
2016-07-14,10.84,10.9,10.6,10.88,1772400,0
2016-07-15,10.86,10.9,10.76,10.86,2121600,0
2016-07-18,10.8,10.9,10.66,10.84,1650280,0
2016-07-19,10.8,10.94,10.68,10.7,1769564,0
2016-07-20,10.66,10.86,10.54,10.66,2345354,0
2016-07-21,10.76,10.8,10.64,10.76,1891000,0
2016-07-22,10.72,10.72,10.56,10.64,1947000,0
2016-07-25,10.7,10.7,10.52,10.64,1346600,0
2016-07-26,10.64,10.76,10.5,10.5,3741300,0
2016-07-27,10.54,10.78,10.48,10.56,3626900,0
2016-07-28,10.66,10.66,10.52,10.66,1535200,0
2016-07-29,10.76,10.76,10.5,10.52,2391993,0
2016-08-01,10.66,10.66,10.5,10.6,2853400,0
2016-08-03,10.64,11.2,10.56,11.16,10140400,0
2016-08-04,11.3,11.44,11.02,11.38,5926600,0
2016-08-05,11.4,11.58,11.36,11.58,4648100,0
2016-08-08,11.62,11.72,11.48,11.62,2643000,0
2016-08-09,11.66,11.72,11.52,11.6,2124200,0
2016-08-10,11.56,11.62,11.48,11.5,1782000,0
2016-08-11,11.56,11.78,11.48,11.76,2655600,0
2016-08-12,11.8,11.88,11.56,11.7,3232800,0
2016-08-15,11.72,12.2,11.72,12.1,5133200,0
2016-08-16,12.3,12.56,12.04,12.46,8581000,0
2016-08-17,12.5,12.76,12.22,12.34,6856231,0
2016-08-18,12.28,12.62,12.26,12.34,4229648,0
2016-08-19,12.36,12.58,11.92,11.96,3827783,0
2016-08-22,11.98,12.14,11.78,11.86,3145800,0
2016-08-23,11.94,12.34,11.9,12.14,2656447,0
2016-08-24,12.2,12.3,11.86,12.02,2453918,0
2016-08-25,11.96,12.02,11.88,11.98,1682318,0
2016-08-26,11.94,12.38,11.9,12.34,4008600,0
2016-08-29,12.34,12.36,11.5,11.52,10088300,0
2016-08-30,11.56,11.64,11.24,11.26,9303405,0
2016-08-31,11.22,11.52,11.12,11.26,5350600,0
2016-09-01,11.28,11.36,11.04,11.1,4182600,0
2016-09-02,11.28,11.46,11.24,11.44,3882060,0
2016-09-05,11.68,11.86,11.58,11.84,7129418,0
2016-09-06,11.94,12.18,11.72,12.1,4713400,0
2016-09-07,12.06,12.26,12.04,12.18,6292395,0
2016-09-08,12.18,12.3,12.04,12.28,4888000,0
2016-09-09,12.3,13.1,12.26,12.94,14236990,0
2016-09-12,12.52,12.76,12.5,12.62,8878262,0
2016-09-13,12.8,13.04,12.6,12.6,7036803,0
2016-09-14,12.48,12.6,12.42,12.52,2483200,0
2016-09-15,12.5,12.68,12.42,12.56,1293820,0
2016-09-19,12.72,12.88,12.4,12.8,4130000,0
2016-09-20,12.88,12.94,12.48,12.58,3319452,0
2016-09-21,12.64,12.86,12.54,12.82,2582000,0
2016-09-22,12.88,13.1,12.64,12.7,4618400,0
2016-09-23,12.8,12.82,12.24,12.38,2790000,0
2016-09-26,12.16,12.38,11.88,11.88,5712020,0
2016-09-27,11.88,12.16,11.88,12.08,2035566,0
2016-09-28,12.1,12.1,11.92,12,1168400,0
2016-09-29,12.06,12.14,11.88,12,1091839,0
2016-09-30,11.96,11.96,11.5,11.58,7164373,0
2016-10-03,11.7,11.88,11.66,11.88,1621200,0
2016-10-04,11.8,12,11.8,11.96,1328600,0
2016-10-05,11.88,12.2,11.88,11.98,1924700,0
2016-10-06,11.96,12.24,11.9,12.18,1632000,0
2016-10-07,12.3,12.32,12.02,12.1,1844000,0
2016-10-11,12.1,12.28,11.84,11.98,1760200,0
2016-10-12,11.92,12,11.8,11.82,1023400,0
2016-10-13,11.72,12.02,11.7,11.76,1539800,0
2016-10-14,11.76,11.86,11.7,11.76,1779600,0
2016-10-17,11.78,11.84,11.7,11.7,1270400,0
2016-10-18,11.7,11.9,11.7,11.9,1370400,0
2016-10-19,11.88,11.88,11.7,11.76,1347600,0
2016-10-20,11.74,11.94,11.64,11.9,1651400,0
2016-10-24,11.7,11.86,11.04,11.6,4927800,0
2016-10-25,11.52,11.76,11.52,11.7,1146000,0
2016-10-26,11.66,11.72,11.5,11.66,5709462,0
2016-10-27,11.6,11.7,11.36,11.4,1892200,0
2016-10-28,11.38,11.44,10.92,11,6359142,0
2016-10-31,10.9,10.9,10.16,10.72,9613994,0
2016-11-01,10.5,10.68,10.4,10.68,7029200,0
2016-11-02,10.5,10.66,10.36,10.54,3585500,0
2016-11-03,10.54,11.12,10.54,10.8,6384650,0
2016-11-04,10.6,11.42,10.6,11.24,6189004,0
2016-11-07,11.04,11.7,11.04,11.66,5885526,0
2016-11-08,11.66,11.88,11.62,11.7,4370134,0
2016-11-09,11.68,11.68,11.12,11.38,6650400,0
2016-11-10,11.6,11.72,11.46,11.62,3677600,0
2016-11-11,11.4,11.68,11.4,11.62,3751872,0
2016-11-14,11.36,11.6,11.28,11.52,3593488,0
2016-11-15,11.44,11.5,11,11.1,3842332,0
2016-11-16,11.14,11.4,11.12,11.22,4649200,0
2016-11-17,11.18,11.28,11.02,11.08,1891700,0
2016-11-18,11.18,11.46,11,11.26,3910450,0
2016-11-21,11.16,11.5,11.16,11.42,1860123,0
2016-11-22,11.44,11.7,11.44,11.64,2471200,0
2016-11-23,11.58,11.8,11.58,11.66,3056800,0
2016-11-24,11.68,11.8,11.54,11.78,2763200,0
2016-11-25,11.78,12.12,11.68,12.08,3228200,0
2016-11-28,12.14,12.68,12.14,12.46,9287400,0
2016-11-29,12.5,12.62,12.22,12.24,4493572,0
2016-11-30,12.3,12.42,12.22,12.24,2457200,0
2016-12-01,12.34,12.52,12.3,12.44,2489981,0
2016-12-02,12.44,12.46,12.02,12.14,2691000,0
2016-12-05,12.5,12.6,11.6,11.78,7891600,0
2016-12-06,11.82,12.12,11.7,12,6396693,0
2016-12-07,12.16,12.16,11.92,11.96,2610267,0
2016-12-08,13,13.1,12.4,12.5,14865207,0
2016-12-09,12.58,12.64,12.38,12.48,3507600,0
2016-12-12,12.32,12.48,12.22,12.36,4791154,0
2016-12-13,12.46,12.8,12.32,12.74,8349200,0
2016-12-14,12.7,12.88,12.6,12.82,4632800,0
2016-12-15,12.78,12.88,12.38,12.84,5778073,0
2016-12-16,12.8,12.9,12.5,12.9,4951072,0
2016-12-19,12.62,12.92,12.62,12.62,2573020,0
2016-12-20,12.64,12.78,12.46,12.52,2449200,0
2016-12-21,12.66,12.74,12.5,12.6,2647410,0
2016-12-22,12.56,12.66,12.32,12.36,3791030,0
2016-12-23,12.22,12.5,12.22,12.4,1033200,0
2016-12-28,12.46,12.8,12.44,12.78,2864712,0
2016-12-29,12.7,13.06,12.7,13,4075903,0
2016-12-30,13.1,13.3,12.96,13.1,6112310,0
2017-01-03,13.22,13.24,13.1,13.14,2722800,0
2017-01-04,13.08,13.26,13.08,13.08,4621200,0
2017-01-05,13.08,13.22,12.78,12.8,4490647,0
2017-01-06,12.8,13.02,12.76,12.88,4744855,0
2017-01-09,12.92,13.16,12.9,13.1,3048800,0
2017-01-10,13.1,13.12,12.92,13,3105600,0
2017-01-11,13,13.2,12.8,12.88,2850200,0
2017-01-12,12.96,13,12.7,12.88,4238900,0
2017-01-13,12.74,12.96,12.74,12.82,1773800,0
2017-01-16,12.82,12.92,12.44,12.62,3485248,0
2017-01-17,12.56,12.88,12.48,12.78,4737210,0
2017-01-18,12.84,12.96,12.7,12.86,2142590,0
2017-01-19,12.82,12.86,12.7,12.86,2955468,0
2017-01-20,12.8,13.16,12.8,13.06,6724704,0
2017-01-23,13.04,13.14,13,13.06,1247656,0
2017-01-24,13.02,13.14,12.92,12.96,1172432,0
2017-01-25,12.98,12.98,12.82,12.86,614395,0
2017-01-26,12.88,13.12,12.88,13.1,1546764,0
2017-01-27,13.1,13.1,12.94,13.04,432200,0
2017-02-01,13.06,13.08,12.86,13.02,1511600,0
2017-02-02,13,13.06,12.78,12.9,2092800,0
2017-02-03,13,13.04,12.8,13,3265745,0
2017-02-06,13.02,13.18,12.88,13.06,10176070,0
2017-02-07,13,13.12,12.92,12.98,1988200,0
2017-02-08,13.04,13.04,12.74,12.9,5887600,0
2017-02-09,12.9,13.12,12.86,12.9,3565660,0
2017-02-10,13.04,13.6,13.02,13.2,18330622,0
2017-02-13,13.2,13.54,12.9,13.34,7790800,0
2017-02-14,13.36,13.36,13.12,13.18,3545000,0
2017-02-15,13.18,13.46,12.92,12.96,5398800,0
2017-02-16,13,13.16,12.9,12.96,2638770,0
2017-02-17,12.88,12.98,12.76,12.84,4165800,0
2017-02-20,12.9,13.02,12.84,12.9,3981200,0
2017-02-21,12.9,13.04,12.9,12.92,3703600,0
2017-02-22,13.02,13.18,12.9,13.16,4572600,0
2017-02-23,13.12,13.18,12.82,12.9,4309600,0
2017-02-24,12.92,12.96,12.82,12.9,4161635,0
2017-02-27,12.88,13,12.54,12.56,5862400,0
2017-02-28,12.7,12.88,12.56,12.72,3726400,0
2017-03-01,12.8,13.04,12.78,13.02,2468052,0
2017-03-02,13.04,13.12,12.82,12.9,2536217,0
2017-03-03,12.82,12.88,12.66,12.82,1702687,0
2017-03-06,12.78,12.9,12.76,12.9,739800,0
2017-03-07,12.86,13.04,12.78,13,1952340,0
2017-03-08,13.06,13.1,12.92,13.08,1105985,0
2017-03-09,13.04,13.06,12.76,12.88,1085400,0
2017-03-10,12.88,13,12.72,12.76,2087850,0
2017-03-13,12.78,12.98,12.68,12.8,3058790,0
2017-03-14,12.86,12.86,12.58,12.72,1593600,0
2017-03-15,12.7,12.86,12.64,12.78,3761900,0
2017-03-16,12.84,12.96,12.76,12.86,1566200,0
2017-03-17,12.92,13.46,12.88,13.1,11285026,0
2017-03-20,13.1,13.42,12.98,13.38,4302870,0
2017-03-21,13.38,13.38,13,13.14,3234544,0
2017-03-22,13.06,13.06,12.9,12.92,2242200,0
2017-03-23,12.96,13.16,12.96,13.04,2952986,0
2017-03-24,13.02,13.24,13,13.02,2099800,0
2017-03-27,13.02,13.18,12.84,12.86,8313000,0
2017-03-28,12.9,12.9,12.5,12.76,7686825,0
2017-03-29,12.86,12.86,12.4,12.46,3844324,0
2017-03-30,12.4,12.42,11.46,11.9,13029400,0
2017-03-31,11.9,11.9,11.6,11.7,4824488,0
2017-04-03,11.54,11.64,11.54,11.54,3457200,0
2017-04-05,11.44,11.64,11.44,11.5,6296552,0
2017-04-06,11.46,11.68,11.46,11.6,3838448,0
2017-04-07,11.6,11.66,11.28,11.44,4249849,0
2017-04-10,11.28,11.36,10.76,10.8,10413800,0
2017-04-11,10.76,11.02,10.76,10.9,5029271,0
2017-04-12,10.9,10.96,10.78,10.84,2449200,0
2017-04-13,10.84,10.96,10.8,10.82,2570200,0
2017-04-18,10.9,10.98,10.84,10.92,3347667,0
2017-04-19,10.94,10.98,10.72,10.82,1174380,0
2017-04-20,10.78,11,10.72,10.98,2959600,0
2017-04-21,11.1,11.26,11.04,11.14,4251200,0
2017-04-24,11.16,11.2,10.94,11.08,3187044,0
2017-04-25,11.2,11.2,10.76,10.88,3082400,0
2017-04-26,10.96,11.4,10.96,11.38,4749400,0
2017-04-27,11.4,11.44,11.02,11.3,5206300,0
2017-04-28,11.4,11.86,11.2,11.34,6951000,0
2017-05-02,11.54,11.54,11.3,11.4,3527000,0
2017-05-04,11.4,11.5,11.18,11.24,4134400,0
2017-05-05,11.24,11.32,11.06,11.08,1502362,0
2017-05-08,11.14,11.38,11.1,11.24,1273200,0
2017-05-09,11.3,11.54,11.24,11.5,2081705,0
2017-05-10,11.48,11.56,11.3,11.34,1511100,0
2017-05-11,11.4,11.48,11.3,11.44,850800,0
2017-05-12,11.52,11.6,11.32,11.6,2327400,0
2017-05-15,11.62,11.86,11.58,11.78,2773000,0
2017-05-16,11.9,12.18,11.66,11.9,2408000,0
2017-05-17,11.96,12.04,11.7,11.94,1613200,0
2017-05-18,11.78,11.88,11.6,11.72,1378600,0
2017-05-19,11.72,11.76,11.52,11.58,988600,0
2017-05-22,11.58,11.94,11.46,11.5,1906400,0
2017-05-23,11.56,11.84,11.48,11.8,3902200,0
2017-05-24,11.78,11.78,11.5,11.68,1452800,0
2017-05-25,11.76,11.76,11.54,11.7,1200847,0
2017-05-26,11.68,11.68,11.36,11.52,3861044,0
2017-05-29,11.52,11.72,11.48,11.6,1824800,0
2017-05-31,11.64,11.9,11.64,11.84,1549800,0
2017-06-01,11.86,11.86,11.52,11.56,1959669,0
2017-06-02,11.68,11.8,11.6,11.7,1221000,0
2017-06-05,11.74,11.88,11.68,11.72,803212,0
2017-06-06,11.8,11.86,11.72,11.8,1050800,0
2017-06-07,11.86,11.86,11.6,11.72,1799143,0
2017-06-08,11.68,12,11.62,11.72,1634160,0
2017-06-09,11.82,11.88,11.58,11.6,2568000,0
2017-06-12,11.58,11.62,11.36,11.44,1825200,0
2017-06-13,11.38,11.52,11.32,11.38,1729200,0
2017-06-14,11.2,11.5,11.14,11.48,2238200,0
2017-06-15,11.48,11.5,11.04,11.1,3218000,0
2017-06-16,11.1,11.1,10.62,10.72,12431071,0
2017-06-19,10.72,10.96,10.68,10.78,1073909,0
2017-06-20,10.92,11.14,10.84,11.04,1473800,0
2017-06-21,11,11.12,10.86,10.98,3040020,0
2017-06-22,11,11.34,11,11.24,1947000,0
2017-06-23,11.18,11.28,11.04,11.1,1556296,0
2017-06-26,11.16,11.28,11.12,11.26,1316600,0
2017-06-27,11.26,11.32,11.12,11.18,978900,0
2017-06-28,11.14,11.4,11.1,11.26,1905000,0
2017-06-29,11.36,11.46,11.28,11.46,2187000,0
2017-06-30,11.46,11.48,11.34,11.4,3587400,0
2017-07-03,8.99,9.15,8.75,8.92,6142960,0
2017-07-04,8.9,8.9,8.61,8.69,2327400,0
2017-07-05,8.73,8.89,8.65,8.77,2326400,0
2017-07-06,8.8,8.98,8.79,8.96,3118200,0
2017-07-07,8.95,8.95,8.81,8.82,676413,0
2017-07-10,8.8,8.84,8.62,8.62,2143621,0
2017-07-11,8.66,8.75,8.62,8.67,552968,0
2017-07-12,8.7,8.73,8.6,8.61,1403130,0
2017-07-13,8.65,8.7,8.59,8.63,3344960,0
2017-07-14,8.63,8.9,8.59,8.8,4535183,0
2017-07-17,8.78,8.79,8.4,8.41,7612770,0
2017-07-18,8.43,8.5,8.4,8.49,4548640,0
2017-07-19,8.42,8.57,8.31,8.56,2190560,0
2017-07-20,8.56,8.66,8.52,8.63,1951800,0
2017-07-21,8.78,8.8,8.6,8.76,1250952,0
2017-07-24,8.7,8.8,8.68,8.7,1709350,0
2017-07-25,8.7,8.75,8.46,8.5,2901600,0
2017-07-26,8.52,8.52,8.32,8.37,2318100,0
2017-07-27,8.37,8.66,8.37,8.65,1766400,0
2017-07-28,8.69,8.83,8.64,8.8,2455560,0
2017-07-31,8.72,8.9,8.71,8.89,1361855,0
2017-08-01,8.7,8.93,8.7,8.9,2588600,0
2017-08-02,8.9,8.93,8.88,8.93,1816287,0
2017-08-03,8.92,8.94,8.88,8.9,861357,0
2017-08-04,8.81,8.91,8.79,8.88,1080020,0
2017-08-07,8.86,8.92,8.73,8.88,2038900,0
2017-08-08,8.88,9.05,8.88,8.98,2271170,0
2017-08-09,8.99,9.12,8.98,9.04,2825200,0
2017-08-10,9,9.06,8.92,8.99,3434625,0
2017-08-11,8.86,8.86,8.58,8.68,2371845,0
2017-08-14,8.72,8.76,8.64,8.69,1752935,0
2017-08-15,8.76,8.76,8.66,8.7,552000,0
2017-08-16,8.66,8.75,8.66,8.74,406200,0
2017-08-17,8.61,8.91,8.61,8.8,834200,0
2017-08-18,8.78,8.81,8.68,8.78,1012800,0
2017-08-21,8.7,8.9,8.67,8.69,1332800,0
2017-08-22,8.7,8.78,8.6,8.65,1566200,0
2017-08-24,8.61,8.73,8.57,8.67,540760,0
2017-08-25,8.59,8.75,8.57,8.75,3630989,0
2017-08-28,8.61,9.08,8.54,8.99,8236960,0
2017-08-29,8.99,9.03,8.6,8.64,4166658,0
2017-08-30,8.64,8.82,8.6,8.62,2606180,0
2017-08-31,8.62,8.72,8.58,8.59,3442848,0
2017-09-01,8.65,8.92,8.59,8.67,4535040,0
2017-09-04,8.65,8.8,8.6,8.7,969014,0
2017-09-05,8.63,8.73,8.61,8.62,2096800,0
2017-09-06,8.58,8.62,8.48,8.53,2823552,0
2017-09-07,8.6,8.72,8.45,8.54,3320010,0
2017-09-08,8.5,8.56,8.42,8.46,4084488,0
2017-09-11,8.43,8.6,8.38,8.45,2821283,0
2017-09-12,8.48,8.8,8.42,8.77,4297925,0
2017-09-13,8.62,8.95,8.62,8.86,5401155,0
2017-09-14,8.86,9.05,8.85,8.99,2749233,0
2017-09-15,8.99,9.05,8.85,8.95,3921505,0
2017-09-18,8.95,9.3,8.85,9.2,7061316,0
2017-09-19,9.1,9.53,9.1,9.24,3824880,0
2017-09-20,9.24,9.88,9.24,9.7,9751513,0
2017-09-21,9.7,10.12,9.7,9.92,10802789,0
2017-09-22,9.88,10.2,9.69,9.82,4175621,0
2017-09-25,9.85,9.85,9.6,9.76,4477672,0
2017-09-26,9.76,9.77,9.61,9.77,3573080,0
2017-09-27,9.76,10.02,9.76,9.94,5827040,0
2017-09-28,9.8,9.96,9.75,9.79,2175545,0
2017-09-29,9.79,9.82,9.71,9.76,1863457,0
2017-10-03,9.8,10.3,9.8,9.99,1408208,0
2017-10-04,10.04,10.1,9.82,10.02,1655300,0
2017-10-06,10.02,10.18,9.83,9.89,2017880,0
2017-10-09,10,10.2,9.86,9.9,3309036,0
2017-10-10,9.94,10,9.86,9.95,1494640,0
2017-10-11,9.89,9.92,9.76,9.81,2455224,0
2017-10-12,9.97,10.2,9.83,10.18,6210586,0
2017-10-13,10.2,10.3,10,10.04,1648540,0
2017-10-16,10.3,10.3,9.96,9.96,2232540,0
2017-10-17,10,10.36,9.92,10.28,4616679,0
2017-10-18,10.2,10.8,10.14,10.6,10457543,0
2017-10-19,10.6,11.02,10.4,10.4,7782262,0
2017-10-20,10.54,11.12,10.52,10.98,8650747,0
2017-10-23,11.3,11.3,10.78,10.8,4652540,0
2017-10-24,10.8,10.92,10.26,10.26,10812383,0
2017-10-25,10.28,10.68,10.16,10.22,6845920,0
2017-10-26,10.1,10.58,10.04,10.58,9093500,0
2017-10-27,10.44,10.82,10.34,10.36,7817840,0
2017-10-30,10.4,10.68,10.1,10.34,4396904,0
2017-10-31,10.22,10.26,9.66,9.88,9204784,0
2017-11-01,9.88,9.95,9.62,9.8,6019200,0
2017-11-02,9.81,9.81,9.48,9.71,3929400,0
2017-11-03,9.75,9.9,9.66,9.76,2640400,0
2017-11-06,9.76,9.86,9.65,9.85,1841858,0
2017-11-07,9.85,10.1,9.71,10.08,7160058,0
2017-11-08,10.1,10.4,10.02,10.28,4595141,0
2017-11-09,10.3,10.48,10.12,10.4,3876960,0
2017-11-10,10.4,11.08,10.34,10.84,19504140,0
2017-11-13,10.92,12.14,10.84,12.06,21254558,0
2017-11-14,12.06,12.12,11.6,11.84,17718077,0
2017-11-15,11.8,12.08,11.72,11.78,7536320,0
2017-11-16,11.8,11.9,11.66,11.86,7684200,0
2017-11-17,11.86,12.36,11.64,11.74,13609550,0
2017-11-20,11.72,11.76,11.28,11.48,7737260,0
2017-11-21,11.48,11.9,11.44,11.66,9147973,0
2017-11-22,11.64,11.86,11.44,11.46,6850540,0
2017-11-23,11.46,11.8,11.02,11.1,8603920,0
2017-11-24,11.18,11.42,11.1,11.4,4311540,0
2017-11-27,11.22,11.44,11.18,11.32,5491780,0
2017-11-28,11.46,11.46,10.82,10.92,8352654,0
2017-11-29,10.94,11.16,10.52,10.68,4951152,0
2017-11-30,10.56,10.76,10.4,10.54,3625534,0
2017-12-01,10.54,10.8,10.54,10.78,2505040,0
2017-12-04,10.82,11.36,10.78,11.32,11100170,0
2017-12-05,11.34,11.46,11.06,11.08,4558656,0
2017-12-06,11.04,11.26,10.4,10.6,5572960,0
2017-12-07,10.7,10.74,10,10.38,8597520,0
2017-12-08,10.34,10.84,10.32,10.66,3348420,0
2017-12-11,10.6,11.16,10.46,11.14,3826020,0
2017-12-12,11.14,11.36,10.7,11.3,4834214,0
2017-12-13,11.16,12,11,11.96,20705222,0
2017-12-14,12.02,12.2,11.58,11.66,12070960,0
2017-12-15,11.5,11.78,11.22,11.24,9164360,0
2017-12-18,11.4,11.54,11.06,11.06,3969031,0
2017-12-19,11.3,11.5,11.14,11.3,3279840,0
2017-12-20,11.32,12.08,11.32,11.86,15107560,0
2017-12-21,11.94,12.92,11.82,12.8,21800556,0
2017-12-22,12.68,13.16,12.64,12.68,9929592,0
2017-12-27,12.6,12.94,12.14,12.34,9309200,0
2017-12-28,12.32,13.44,12.32,13.12,10999940,0
2017-12-29,13.26,13.5,12.9,13.28,7925200,0
2018-01-02,13.68,14.28,13.38,14.22,12984580,0
2018-01-03,14.24,14.8,13.54,13.74,17832692,0
2018-01-04,13.8,13.9,13.46,13.46,9317080,0
2018-01-05,13.48,13.84,13.4,13.6,7475219,0
2018-01-08,13.56,13.94,13.3,13.94,7446980,0
2018-01-09,13.9,14.5,13.44,13.44,8269008,0
2018-01-10,13.46,13.84,13.26,13.36,7100280,0
2018-01-11,13.36,13.46,12.96,13.06,6091787,0
2018-01-12,13.02,13.46,13.02,13.3,3582060,0
2018-01-15,13.4,13.5,12.68,12.74,11375760,0
2018-01-16,12.6,12.96,12.56,12.8,8486340,0
2018-01-17,12.76,13,12.54,12.78,5222360,0
2018-01-18,12.76,13.68,12.76,13.52,9365260,0
2018-01-19,13.52,14.34,13.32,13.92,11294185,0
2018-01-22,13.82,14.34,13.72,14.08,6178996,0
2018-01-23,14.26,14.34,13.64,13.9,7039676,0
2018-01-24,13.94,13.94,13.2,13.62,6639080,0
2018-01-25,13.76,13.78,13.32,13.7,8148474,0
2018-01-26,13.76,13.9,13.5,13.54,5746360,0
2018-01-29,13.8,13.96,13.4,13.52,7489800,0
2018-01-30,13.48,13.88,13.36,13.8,8054873,0
2018-01-31,13.5,13.8,13.32,13.66,3348440,0
2018-02-01,13.76,13.78,12.32,12.7,21848617,0
2018-02-02,12.6,13.38,12.38,12.76,10617720,0
2018-02-05,12.34,12.8,12.32,12.48,5682590,0
2018-02-06,12,12.28,11.7,12,9664500,0
2018-02-07,12.02,12.6,11.48,11.74,8450620,0
2018-02-08,11.8,11.8,11.22,11.72,13554720,0
2018-02-09,11.3,11.3,10.64,10.92,12979619,0
2018-02-12,10.94,11.36,10.94,11.22,10439220,0
2018-02-13,11.42,11.7,11.36,11.56,3276480,0
2018-02-14,12.1,12.1,11.52,11.88,2784060,0
2018-02-15,12,12.1,11.8,11.94,741400,0
2018-02-20,12.04,12.1,11.7,11.86,996220,0
2018-02-21,11.98,12.12,11.74,12.06,1518040,0
2018-02-22,11.9,12.08,11.7,12,6792280,0
2018-02-23,11.88,12.12,11.84,12.02,6246640,0
2018-02-26,11.9,12.5,11.9,12.3,8732560,0
2018-02-27,12.24,12.58,12.12,12.3,5454430,0
2018-02-28,12,12.36,11.66,12.32,10436800,0
2018-03-01,12.24,12.5,12.02,12.3,11113020,0
2018-03-02,12.18,12.38,12.16,12.2,4621460,0
2018-03-05,12.16,12.32,11.7,11.92,3476422,0
2018-03-06,12.02,12.26,11.72,12.08,4667120,0
2018-03-07,12.08,12.18,11.72,11.84,2720960,0
2018-03-08,12.2,12.2,11.86,12.12,3268000,0
2018-03-09,11.9,12.88,11.9,12.86,9534880,0
2018-03-12,12.86,13.8,12.82,13.7,28047860,0
2018-03-13,13.6,13.7,13.2,13.4,6077820,0
2018-03-14,13.38,14.18,13.18,14.14,19897580,0
2018-03-15,13.96,14.68,13.9,14.6,21124140,0
2018-03-16,14.6,14.84,13.94,14.3,12209424,0
2018-03-19,14.28,14.88,14.2,14.56,6838713,0
2018-03-20,14.34,14.8,14.04,14.3,5699530,0
2018-03-21,14.4,15.82,14.4,15.2,17426686,0
2018-03-22,15.2,15.34,14.5,14.5,9849980,0
2018-03-23,13.7,14.72,13.4,14.18,17220520,0
2018-03-26,14.32,14.32,12.98,13.54,26163660,0
2018-03-27,13.6,14.08,13.2,13.28,16459984,0
2018-03-28,13.2,13.7,12.9,13,18667721,0
2018-03-29,13.08,13.4,12.24,12.58,12241100,0
