Date,Open,High,Low,Close,Volume,OpenInt
2006-02-01,0.52,0.52,0.52,0.52,0,0
2006-02-06,0.52,0.52,0.52,0.52,0,0
2006-02-08,0.52,0.52,0.52,0.52,0,0
2006-02-13,0.5,0.5,0.5,0.5,10000,0
2006-02-15,0.52,0.52,0.52,0.52,0,0
2006-02-20,0.54,0.54,0.54,0.54,0,0
2006-02-22,0.54,0.54,0.54,0.54,0,0
2006-02-27,0.54,0.54,0.54,0.54,0,0
2006-03-01,0.54,0.54,0.54,0.54,0,0
2006-03-06,0.54,0.54,0.54,0.54,0,0
2006-03-08,0.54,0.54,0.54,0.54,0,0
2006-03-13,0.54,0.54,0.54,0.54,0,0
2006-03-15,0.54,0.54,0.54,0.54,0,0
2006-03-20,0.54,0.54,0.54,0.54,0,0
2006-03-22,0.54,0.54,0.54,0.54,0,0
2006-03-27,0.58,0.58,0.58,0.58,0,0
2006-03-29,0.64,0.64,0.64,0.64,0,0
2006-04-03,0.65,0.65,0.65,0.65,10000,0
2006-04-06,0.64,0.64,0.64,0.64,0,0
2006-04-10,0.64,0.64,0.64,0.64,0,0
2006-04-13,0.58,0.58,0.58,0.58,0,0
2006-04-19,0.58,0.58,0.58,0.58,0,0
2006-04-24,0.6,0.6,0.6,0.6,0,0
2006-04-26,0.6,0.6,0.6,0.6,0,0
2006-05-02,0.6,0.6,0.6,0.6,0,0
2006-05-04,0.57,0.57,0.57,0.57,15000,0
2006-05-10,0.6,0.6,0.6,0.6,0,0
2006-05-12,0.65,0.65,0.65,0.65,20000,0
2006-05-17,0.65,0.65,0.65,0.65,0,0
2006-05-19,0.65,0.65,0.65,0.65,0,0
2006-05-24,0.52,0.52,0.52,0.52,0,0
2006-05-26,0.52,0.52,0.52,0.52,0,0
2006-06-01,0.47,0.47,0.47,0.47,0,0
2006-06-05,0.47,0.47,0.47,0.47,0,0
2006-06-08,0.465,0.465,0.465,0.465,0,0
2006-06-12,0.465,0.465,0.465,0.465,0,0
2006-06-15,0.465,0.465,0.465,0.465,0,0
2006-06-19,0.55,0.55,0.55,0.55,0,0
2006-06-21,0.55,0.55,0.55,0.55,0,0
2006-06-26,0.55,0.55,0.55,0.55,0,0
2006-06-28,0.55,0.55,0.55,0.55,0,0
2006-07-03,0.455,0.455,0.455,0.455,30000,0
2006-07-05,0.56,0.56,0.56,0.56,60000,0
2006-07-10,0.56,0.56,0.56,0.56,30000,0
2006-07-12,0.56,0.56,0.56,0.56,0,0
2006-07-17,0.54,0.54,0.54,0.54,0,0
2006-07-19,0.54,0.54,0.54,0.54,270000,0
2006-07-24,0.56,0.56,0.56,0.56,0,0
2006-07-26,0.56,0.56,0.56,0.56,0,0
2006-07-31,0.64,0.64,0.64,0.64,310000,0
2006-08-02,0.63,0.63,0.63,0.63,0,0
2006-08-07,0.54,0.54,0.54,0.54,175000,0
2006-08-09,0.55,0.55,0.55,0.55,0,0
2006-08-14,0.53,0.53,0.53,0.53,0,0
2006-08-16,0.53,0.53,0.53,0.53,0,0
2006-08-21,0.62,0.62,0.62,0.62,30000,0
2006-08-23,0.62,0.62,0.62,0.62,100000,0
2006-08-25,0.62,0.62,0.62,0.62,0,0
2006-08-30,0.63,0.63,0.63,0.63,0,0
2006-09-01,0.63,0.63,0.63,0.63,0,0
2006-09-06,0.64,0.64,0.64,0.64,0,0
2006-09-08,0.62,0.62,0.62,0.62,0,0
2006-09-13,0.58,0.58,0.58,0.58,0,0
2006-09-15,0.56,0.56,0.56,0.56,0,0
2006-09-20,0.52,0.52,0.52,0.52,50000,0
2006-09-22,0.52,0.52,0.52,0.52,0,0
2006-09-27,0.5,0.5,0.5,0.5,30000,0
2006-09-29,0.5,0.5,0.5,0.5,0,0
2006-10-05,0.5,0.5,0.5,0.5,0,0
2006-10-09,0.5,0.5,0.5,0.5,0,0
2006-10-12,0.49,0.49,0.49,0.49,30000,0
2006-10-16,0.49,0.49,0.49,0.49,0,0
2006-10-19,0.49,0.49,0.49,0.49,0,0
2006-10-23,0.49,0.49,0.49,0.49,0,0
2006-10-26,0.48,0.48,0.48,0.48,245000,0
2006-10-31,0.47,0.47,0.47,0.47,5000,0
2006-11-02,0.47,0.47,0.47,0.47,0,0
2006-11-07,0.47,0.47,0.47,0.47,0,0
2006-11-09,0.47,0.47,0.47,0.47,0,0
2006-11-14,0.47,0.47,0.47,0.47,0,0
2006-11-16,0.47,0.47,0.47,0.47,0,0
2006-11-21,0.47,0.47,0.47,0.47,0,0
2006-11-23,0.47,0.47,0.47,0.47,0,0
2006-11-28,0.455,0.455,0.455,0.455,10000,0
2006-11-30,0.455,0.455,0.455,0.455,0,0
2006-12-05,0.45,0.45,0.45,0.45,0,0
2006-12-07,0.45,0.45,0.45,0.45,0,0
2006-12-12,0.485,0.485,0.485,0.485,280000,0
2006-12-14,0.52,0.52,0.52,0.52,0,0
2006-12-19,0.52,0.52,0.52,0.52,0,0
2006-12-21,0.52,0.52,0.52,0.52,0,0
2006-12-29,0.52,0.52,0.52,0.52,0,0
2007-01-03,0.5,0.5,0.5,0.5,0,0
2007-01-08,0.5,0.5,0.5,0.5,0,0
2007-01-10,0.49,0.49,0.49,0.49,0,0
2007-01-12,0.49,0.49,0.49,0.49,0,0
2007-01-17,0.44,0.44,0.44,0.44,0,0
2007-01-19,0.44,0.44,0.44,0.44,0,0
2007-01-24,0.44,0.44,0.44,0.44,0,0
2007-01-26,0.44,0.44,0.44,0.44,0,0
2007-01-31,0.415,0.415,0.415,0.415,0,0
2007-02-02,0.415,0.415,0.415,0.415,0,0
2007-02-07,0.415,0.415,0.415,0.415,0,0
2007-02-09,0.425,0.425,0.425,0.425,0,0
2007-02-14,0.43,0.43,0.43,0.43,0,0
2007-02-16,0.44,0.44,0.44,0.44,0,0
2007-02-23,0.47,0.47,0.47,0.47,0,0
2007-02-27,0.47,0.47,0.47,0.47,0,0
2007-03-02,0.45,0.45,0.45,0.45,0,0
2007-03-06,0.45,0.45,0.45,0.45,0,0
2007-03-09,0.45,0.45,0.45,0.45,0,0
2007-03-13,0.45,0.45,0.45,0.45,0,0
2007-03-16,0.45,0.45,0.45,0.45,4746,0
2007-03-20,0.4,0.4,0.4,0.4,40000,0
2007-03-22,0.48,0.48,0.48,0.48,0,0
2007-03-27,0.5,0.5,0.5,0.5,0,0
2007-03-29,0.5,0.5,0.5,0.5,85000,0
2007-04-03,0.5,0.5,0.5,0.5,0,0
2007-04-10,0.5,0.5,0.5,0.5,0,0
2007-04-13,0.51,0.51,0.51,0.51,20000,0
2007-04-17,0.55,0.55,0.55,0.55,0,0
2007-04-20,0.58,0.58,0.58,0.58,0,0
2007-04-24,0.8,0.8,0.8,0.8,0,0
2007-04-27,0.64,0.64,0.64,0.64,0,0
2007-05-02,0.64,0.64,0.64,0.64,0,0
2007-05-07,0.64,0.64,0.64,0.64,0,0
2007-05-09,0.57,0.57,0.57,0.57,0,0
2007-05-14,0.6,0.6,0.6,0.6,0,0
2007-05-16,0.62,0.62,0.62,0.62,0,0
2007-05-21,0.65,0.65,0.65,0.65,0,0
2007-05-23,0.66,0.66,0.66,0.66,0,0
2007-05-29,0.68,0.68,0.68,0.68,0,0
2007-05-31,0.68,0.68,0.68,0.68,0,0
2007-06-04,0.7,0.7,0.7,0.7,0,0
2007-06-07,0.71,0.71,0.71,0.71,0,0
2007-06-11,0.86,0.86,0.86,0.86,0,0
2007-06-14,0.75,0.75,0.75,0.75,0,0
2007-06-18,0.75,0.75,0.75,0.75,0,0
2007-06-22,0.75,0.75,0.75,0.75,0,0
2007-06-26,0.75,0.75,0.75,0.75,0,0
2007-06-29,0.75,0.75,0.75,0.75,0,0
2007-07-04,0.75,0.75,0.75,0.75,0,0
2007-07-09,0.75,0.75,0.75,0.75,0,0
2007-07-11,0.86,0.86,0.86,0.86,0,0
2007-07-16,0.85,0.85,0.85,0.85,0,0
2007-07-18,0.85,0.85,0.85,0.85,0,0
2007-07-23,0.85,0.85,0.85,0.85,0,0
2007-07-25,0.9,0.9,0.9,0.9,35000,0
2007-07-30,0.88,0.88,0.88,0.88,205000,0
2007-08-01,0.88,0.88,0.88,0.88,0,0
2007-08-06,0.88,0.88,0.88,0.88,0,0
2007-08-08,0.88,0.88,0.88,0.88,0,0
2007-08-10,0.78,0.78,0.78,0.78,0,0
2007-08-15,0.78,0.78,0.78,0.78,0,0
2007-08-17,0.78,0.78,0.78,0.78,0,0
2007-08-22,0.78,0.78,0.78,0.78,0,0
2007-08-24,0.78,0.78,0.78,0.78,0,0
2007-08-29,0.78,0.78,0.78,0.78,0,0
2007-08-31,0.78,0.78,0.78,0.78,0,0
2007-09-05,0.78,0.78,0.78,0.78,0,0
2007-09-07,0.88,0.88,0.88,0.88,30000,0
2007-09-12,0.9,0.9,0.9,0.9,0,0
2007-09-14,0.85,0.85,0.85,0.85,0,0
2007-09-19,0.85,0.85,0.85,0.85,0,0
2007-09-21,0.78,0.78,0.78,0.78,0,0
2007-09-27,0.76,0.76,0.76,0.76,0,0
2007-10-02,0.76,0.76,0.76,0.76,0,0
2007-10-05,0.76,0.76,0.76,0.76,0,0
2007-10-09,0.77,0.77,0.77,0.77,0,0
2007-10-12,0.77,0.77,0.77,0.77,0,0
2007-10-16,0.88,0.88,0.88,0.88,0,0
2007-10-18,0.9,0.9,0.9,0.9,35000,0
2007-10-24,0.88,0.88,0.88,0.88,485000,0
2007-10-26,0.86,0.86,0.86,0.86,100000,0
2007-10-31,0.86,0.86,0.86,0.86,125000,0
2007-11-02,0.9,0.9,0.9,0.9,0,0
2007-11-07,0.9,0.9,0.9,0.9,0,0
2007-11-09,0.8,0.8,0.8,0.8,0,0
2007-11-14,0.85,0.85,0.85,0.85,5000,0
2007-11-16,0.76,0.76,0.76,0.76,25000,0
2007-11-21,0.76,0.76,0.76,0.76,0,0
2007-11-23,0.76,0.76,0.76,0.76,0,0
2007-11-28,0.76,0.76,0.76,0.76,0,0
2007-11-30,0.76,0.76,0.76,0.76,0,0
2007-12-05,0.76,0.76,0.76,0.76,0,0
2007-12-07,0.76,0.76,0.76,0.76,0,0
2007-12-12,0.76,0.76,0.76,0.76,0,0
2007-12-14,0.76,0.76,0.76,0.76,0,0
2007-12-19,0.76,0.76,0.76,0.76,0,0
2007-12-21,0.76,0.76,0.76,0.76,0,0
2007-12-27,0.76,0.76,0.76,0.76,0,0
2008-01-02,0.76,0.76,0.76,0.76,0,0
2008-01-04,0.76,0.76,0.76,0.76,0,0
2008-01-09,0.76,0.76,0.76,0.76,0,0
2008-01-11,0.76,0.76,0.76,0.76,0,0
2008-01-16,0.75,0.75,0.75,0.75,0,0
2008-01-18,0.75,0.75,0.75,0.75,0,0
2008-01-23,0.75,0.75,0.75,0.75,0,0
2008-01-25,0.7,0.7,0.7,0.7,30000,0
2008-01-30,0.7,0.7,0.7,0.7,0,0
2008-02-01,0.65,0.65,0.65,0.65,15000,0
2008-02-06,0.86,0.86,0.86,0.86,0,0
2008-02-12,1,1,1,1,70000,0
2008-02-15,1,1,1,1,255000,0
2008-02-19,0.99,0.99,0.99,0.99,500000,0
2008-02-22,1,1,1,1,1060000,0
2008-02-26,1.42,1.42,1.42,1.42,1665000,0
2008-02-29,1.41,1.41,1.41,1.41,440000,0
2008-03-04,1.38,1.38,1.38,1.38,255000,0
2008-03-06,1.49,1.49,1.49,1.49,1520000,0
2008-03-11,1.37,1.37,1.37,1.37,300000,0
2008-03-13,1.31,1.31,1.31,1.31,315000,0
2008-03-18,1.47,1.47,1.47,1.47,0,0
2008-03-20,1.31,1.31,1.31,1.31,70000,0
2008-03-27,1.3,1.3,1.3,1.3,0,0
2008-03-31,1.32,1.32,1.32,1.32,0,0
2008-04-03,1.18,1.18,1.18,1.18,95000,0
2008-04-08,1.25,1.25,1.25,1.25,205000,0
2008-04-11,1.3,1.3,1.3,1.3,635000,0
2008-04-15,1.3,1.3,1.3,1.3,105000,0
2008-04-18,1.29,1.29,1.29,1.29,20000,0
2008-04-22,1.37,1.37,1.37,1.37,225000,0
2008-04-25,1.29,1.29,1.29,1.29,0,0
2008-04-29,1.27,1.27,1.27,1.27,30000,0
2008-05-05,1.3,1.3,1.3,1.3,335000,0
2008-05-07,1.29,1.29,1.29,1.29,820000,0
2008-05-13,1.89,1.89,1.89,1.89,0,0
2008-05-15,1.89,1.89,1.89,1.89,0,0
2008-05-19,2.65,2.65,2.65,2.65,5515400,0
2008-05-22,2.9,2.9,2.9,2.9,885000,0
2008-05-26,2.78,2.78,2.78,2.78,615000,0
2008-05-29,4.45,4.45,4.45,4.45,2400000,0
2008-06-02,4.85,4.85,4.85,4.85,1010000,0
2008-06-05,4.85,4.85,4.85,4.85,0,0
2008-06-10,4.85,4.85,4.85,4.85,0,0
2008-06-13,4.85,4.85,4.85,4.85,0,0
2008-06-17,4.85,4.85,4.85,4.85,0,0
2008-06-20,4.85,4.85,4.85,4.85,0,0
2008-06-24,4.73,4.73,4.73,4.73,1980000,0
2008-06-27,4.1,4.1,4.1,4.1,776744,0
2008-07-02,4.77,4.77,4.77,4.77,790000,0
2008-07-07,4.6,4.6,4.6,4.6,530000,0
2008-07-09,4.3,4.3,4.3,4.3,35000,0
2008-07-14,4.48,4.48,4.48,4.48,85000,0
2008-07-16,4.6,4.6,4.6,4.6,650000,0
2008-07-21,4.65,4.65,4.65,4.65,375000,0
2008-07-23,5.7,5.7,5.7,5.7,647884,0
2008-07-25,6.07,6.07,6.07,6.07,1165000,0
2008-07-30,6.1,6.1,6.1,6.1,125000,0
2008-08-01,6.15,6.15,6.15,6.15,215000,0
2008-08-07,6,6,6,6,365000,0
2008-08-11,5.2,5.2,5.2,5.2,240000,0
2008-08-14,4.87,4.87,4.87,4.87,55000,0
2008-08-18,5.2,5.2,5.2,5.2,200000,0
2008-08-21,4.9,4.9,4.9,4.9,75000,0
2008-08-26,5.03,5.03,5.03,5.03,10000,0
2008-08-29,4.8,4.8,4.8,4.8,80000,0
2008-09-02,4.4,4.4,4.4,4.4,35000,0
2008-09-05,4.45,4.45,4.45,4.45,235000,0
2008-09-09,4.81,4.81,4.81,4.81,25000,0
2008-09-12,4.7,4.7,4.7,4.7,0,0
2008-09-17,4.7,4.7,4.7,4.7,0,0
2008-09-22,4,4,4,4,10000,0
2008-09-24,3.9,3.9,3.9,3.9,55000,0
2008-09-26,4.08,4.08,4.08,4.08,25000,0
2008-10-02,3.9,3.9,3.9,3.9,15000,0
2008-10-06,3.6,3.6,3.6,3.6,95000,0
2008-10-10,2.94,2.94,2.94,2.94,0,0
2008-10-14,2.59,2.59,2.59,2.59,135000,0
2008-10-17,2.48,2.48,2.48,2.48,60000,0
2008-10-21,2.2,2.2,2.2,2.2,55000,0
2008-10-24,1.85,1.85,1.85,1.85,70000,0
2008-10-28,1.75,1.75,1.75,1.75,85000,0
2008-10-31,2.4,2.4,2.4,2.4,95000,0
2008-11-04,2.65,2.65,2.65,2.65,190000,0
2008-11-07,2.8,2.8,2.8,2.8,40000,0
2008-11-11,2.8,2.8,2.8,2.8,30000,0
2008-11-14,2.6,2.6,2.6,2.6,40000,0
2008-11-18,2.5,2.5,2.5,2.5,210000,0
2008-11-21,2.8,2.8,2.8,2.8,85000,0
2008-11-25,2.7,2.7,2.7,2.7,0,0
2008-11-28,2.55,2.55,2.55,2.55,155000,0
2008-12-02,2.5,2.5,2.5,2.5,195000,0
2008-12-04,2.6,2.6,2.6,2.6,0,0
2008-12-09,3.1,3.1,3.1,3.1,35000,0
2008-12-11,3.2,3.2,3.2,3.2,10000,0
2008-12-16,3.25,3.25,3.25,3.25,5000,0
2008-12-18,3.2,3.2,3.2,3.2,0,0
2008-12-23,3.1,3.1,3.1,3.1,85000,0
2008-12-29,3.1,3.1,3.1,3.1,0,0
2009-01-02,3.3,3.3,3.3,3.3,55000,0
2009-01-06,3,3,3,3,5000,0
2009-01-09,2.9,2.9,2.9,2.9,0,0
2009-01-13,2.7,2.7,2.7,2.7,180000,0
2009-01-16,2.78,2.78,2.78,2.78,0,0
2009-01-20,2.78,2.78,2.78,2.78,0,0
2009-01-23,2.95,2.95,2.95,2.95,0,0
2009-01-30,2.95,2.95,2.95,2.95,0,0
2009-02-04,3.43,3.43,3.43,3.43,70000,0
2009-02-06,3.3,3.3,3.3,3.3,35000,0
2009-02-11,3.6,3.6,3.6,3.6,0,0
2009-02-13,3.9,3.9,3.9,3.9,55000,0
2009-02-17,3.85,3.85,3.85,3.85,0,0
2009-02-20,4.9,4.9,4.9,4.9,190000,0
2009-02-24,4.6,4.6,4.6,4.6,40000,0
2009-02-27,3.8,3.8,3.8,3.8,35000,0
2009-03-03,3.5,3.5,3.5,3.5,55000,0
2009-03-06,4.2,4.2,4.2,4.2,5000,0
2009-03-10,4.3,4.3,4.3,4.3,10000,0
2009-03-13,4.48,4.48,4.48,4.48,25000,0
2009-03-17,4.35,4.35,4.35,4.35,5000,0
2009-03-20,3.83,3.83,3.83,3.83,195000,0
2009-03-24,3.93,3.93,3.93,3.93,30000,0
2009-03-27,3.93,3.93,3.93,3.93,0,0
2009-03-31,3.93,3.93,3.93,3.93,0,0
2009-04-03,3.93,3.93,3.93,3.93,0,0
2009-04-07,3.93,3.93,3.93,3.93,0,0
2009-04-14,3.93,3.93,3.93,3.93,0,0
2009-04-16,5.15,5.15,5.15,5.15,760000,0
2009-04-21,5.39,5.39,5.39,5.39,1355000,0
2009-04-23,5.28,5.28,5.28,5.28,185000,0
2009-04-27,5.1,5.1,5.1,5.1,315000,0
2009-04-30,5.18,5.18,5.18,5.18,600000,0
2009-05-05,5.01,5.01,5.01,5.01,1695000,0
2009-05-08,5.08,5.08,5.08,5.08,505000,0
2009-05-12,5.07,5.07,5.07,5.07,490000,0
2009-05-15,5.1,5.1,5.1,5.1,205000,0
2009-05-19,5.23,5.23,5.23,5.23,1665000,0
2009-05-22,5.13,5.13,5.13,5.13,560000,0
2009-05-26,5.04,5.04,5.04,5.04,420000,0
2009-06-01,5.11,5.11,5.11,5.11,3235000,0
2009-06-03,5.07,5.07,5.07,5.07,1255000,0
2009-06-08,5.15,5.15,5.15,5.15,700000,0
2009-06-10,8.27,8.27,8.27,8.27,4730000,0
2009-06-15,7.9,7.9,7.9,7.9,245000,0
2009-06-17,8.4,8.4,8.4,8.4,620000,0
2009-06-22,8.58,8.58,8.58,8.58,225000,0
2009-06-24,9.49,9.49,9.49,9.49,1215000,0
2009-06-29,11.7,11.7,11.7,11.7,3863000,0
2009-07-02,10.84,10.84,10.84,10.84,1166000,0
2009-07-06,10.4,10.4,10.4,10.4,1620000,0
2009-07-09,9.8,9.8,9.8,9.8,53900000,0
2009-07-13,9.5,9.5,9.5,9.5,690000,0
2009-07-16,9.3,9.3,9.3,9.3,350000,0
2009-07-20,9.58,9.58,9.58,9.58,1230000,0
2009-07-23,9.5,9.5,9.5,9.5,380000,0
2009-07-27,9.55,9.55,9.55,9.55,380000,0
2009-07-30,9.47,9.47,9.47,9.47,210000,0
2009-08-03,12.18,12.18,12.18,12.18,2180000,0
2009-08-06,11,11,11,11,4250000,0
2009-08-10,10.34,10.34,10.34,10.34,1095000,0
2009-08-13,9.99,9.99,9.99,9.99,925000,0
2009-08-17,9.1,9.1,9.1,9.1,1790000,0
2009-08-20,9,9,9,9,345000,0
2009-08-24,8.96,8.96,8.96,8.96,395000,0
2009-08-27,8.16,8.16,8.16,8.16,775000,0
2009-08-31,8.01,8.01,8.01,8.01,400000,0
2009-09-03,8.99,8.99,8.99,8.99,830000,0
2009-09-07,9,9,9,9,325000,0
2009-09-09,8.9,8.9,8.9,8.9,130000,0
2009-09-14,10.12,10.12,10.12,10.12,780000,0
2009-09-16,9.37,9.37,9.37,9.37,555000,0
2009-09-21,9.6,9.6,9.6,9.6,525000,0
2009-09-23,9.45,9.45,9.45,9.45,310000,0
2009-09-28,8.87,8.87,8.87,8.87,245000,0
2009-09-30,8.8,8.8,8.8,8.8,80000,0
2009-10-06,8.7,8.7,8.7,8.7,75000,0
2009-10-08,9,9,9,9,150000,0
2009-10-13,9.25,9.25,9.25,9.25,275000,0
2009-10-15,9.5,9.5,9.5,9.5,1830000,0
2009-10-20,9.11,9.11,9.11,9.11,405000,0
2009-10-22,9.12,9.12,9.12,9.12,55000,0
2009-10-28,8.9,8.9,8.9,8.9,155000,0
2009-10-30,8.8,8.8,8.8,8.8,120000,0
2009-11-04,8.85,8.85,8.85,8.85,225000,0
2009-11-06,8.75,8.75,8.75,8.75,230000,0
2009-11-11,8.67,8.67,8.67,8.67,330000,0
2009-11-13,9.1,9.1,9.1,9.1,505000,0
2009-11-17,8.7,8.7,8.7,8.7,340000,0
2009-11-20,8.56,8.56,8.56,8.56,275000,0
2009-11-24,8.32,8.32,8.32,8.32,360000,0
2009-11-27,8.3,8.3,8.3,8.3,365000,0
2009-12-01,8.59,8.59,8.59,8.59,307000,0
2009-12-04,8.65,8.65,8.65,8.65,180000,0
2009-12-08,8.18,8.18,8.18,8.18,145000,0
2009-12-11,8.02,8.02,8.02,8.02,220000,0
2009-12-15,8.25,8.25,8.25,8.25,140000,0
2009-12-18,7.6,7.6,7.6,7.6,150000,0
2009-12-22,7.61,7.61,7.61,7.61,70000,0
2009-12-28,8.13,8.13,8.13,8.13,175000,0
2009-12-30,8.15,8.15,8.15,8.15,260000,0
2010-01-05,8.05,8.05,8.05,8.05,617000,0
2010-01-07,8.02,8.02,8.02,8.02,350000,0
2010-01-12,8.7,8.7,8.7,8.7,1171116,0
2010-01-14,8.96,8.96,8.96,8.96,855000,0
2010-01-19,8.5,8.5,8.5,8.5,400000,0
2010-01-21,8.2,8.2,8.2,8.2,590000,0
2010-01-25,8.88,8.88,8.88,8.88,1895000,0
2010-01-28,8.8,8.8,8.8,8.8,1080000,0
2010-02-01,8.85,8.85,8.85,8.85,588000,0
2010-02-04,8.3,8.3,8.3,8.3,285000,0
2010-02-08,8.1,8.5,8.1,8.32,1687250,0
2010-02-09,8.14,8.2,8.1,8.13,240000,0
2010-02-10,8.17,8.24,8.13,8.14,345000,0
2010-02-11,8.11,8.3,8.1,8.2,570000,0
2010-02-12,8.2,8.38,8.2,8.3,275000,0
2010-02-17,8.31,8.35,8.28,8.31,70000,0
2010-02-18,8.23,8.4,8.22,8.3,105000,0
2010-02-19,8.14,8.2,7.95,7.98,430000,0
2010-02-22,8,8.03,7.85,7.9,485000,0
2010-02-23,7.9,7.9,7.8,7.9,255000,0
2010-02-24,7.9,7.9,7.84,7.84,165000,0
2010-02-25,7.82,7.84,7.58,7.7,331000,0
2010-02-26,7.61,7.81,7.61,7.76,112000,0
2010-03-01,7.88,7.89,7.75,7.8,323000,0
2010-03-02,8,8.04,7.85,7.86,130000,0
2010-03-03,7.86,8.06,7.86,8,845000,0
2010-03-04,8.23,8.24,8.04,8.19,685000,0
2010-03-05,8.18,8.29,8.07,8.08,605000,0
2010-03-08,8.1,8.18,7.9,7.95,1315000,0
2010-03-09,7.9,7.9,7.7,7.75,1369000,0
2010-03-10,7.74,7.78,7.67,7.7,680000,0
2010-03-11,7.7,7.74,7.68,7.69,635000,0
2010-03-12,7.72,7.72,7.58,7.6,500000,0
2010-03-15,7.6,7.6,7.46,7.5,405700,0
2010-03-16,7.5,7.8,7.5,7.7,810000,0
2010-03-17,7.8,7.81,7.61,7.63,265000,0
2010-03-18,7.69,7.69,7.32,7.36,665000,0
2010-03-19,7.38,7.43,7.2,7.4,650000,0
2010-03-22,7.25,7.39,7.22,7.25,425000,0
2010-03-23,7.26,7.48,7.26,7.47,365000,0
2010-03-24,7.55,7.57,7.28,7.28,285000,0
2010-03-25,7.28,7.28,6.98,7.02,850000,0
2010-03-26,7,7.07,6.9,6.92,586100,0
2010-03-29,6.92,7.02,6.92,6.95,360000,0
2010-03-30,6.95,7,6.94,6.96,490000,0
2010-03-31,6.95,6.95,6.86,6.88,234000,0
2010-04-01,6.71,6.93,6.71,6.83,670000,0
2010-04-07,6.9,7.7,6.83,7.66,1345000,0
2010-04-08,7.8,8.17,7.6,8.1,2842000,0
2010-04-09,8.1,8.1,7.71,7.92,955000,0
2010-04-12,8.1,8.16,7.8,8,546000,0
2010-04-13,8.01,8.06,7.91,8,612000,0
2010-04-14,7.92,7.99,7.82,7.97,320000,0
2010-04-15,8,8,7.65,7.7,585000,0
2010-04-16,7.61,7.65,7.41,7.45,665000,0
2010-04-19,7.32,7.43,7.3,7.39,435000,0
2010-04-20,7.36,7.8,7.25,7.8,735000,0
2010-04-21,7.8,7.92,7.77,7.77,545000,0
2010-04-22,7.7,7.7,7.52,7.63,170000,0
2010-04-23,7.63,7.7,7.46,7.68,545000,0
2010-04-26,7.57,7.7,7.54,7.7,100000,0
2010-04-27,7.7,7.7,7.51,7.58,220000,0
2010-04-28,7.44,7.44,7.13,7.28,620000,0
2010-04-29,7.2,7.22,7,7.05,769000,0
2010-04-30,7.1,7.42,7.1,7.26,300000,0
2010-05-03,7.26,7.36,7.22,7.32,30000,0
2010-05-04,7.32,7.32,7.22,7.28,185000,0
2010-05-05,7.22,7.22,6.9,6.95,410000,0
2010-05-06,7,7,6.77,6.9,240000,0
2010-05-07,6.88,6.93,6.79,6.9,205000,0
2010-05-10,6.9,6.9,6.73,6.89,230000,0
2010-05-11,6.92,7.09,6.83,6.88,110000,0
2010-05-12,6.8,6.88,6.63,6.88,205000,0
2010-05-13,7.02,7.02,6.97,7.01,190000,0
2010-05-14,7.02,7.2,7.01,7.11,230000,0
2010-05-17,7.03,7.03,6.85,6.85,535000,0
2010-05-18,6.9,6.9,6.83,6.85,235000,0
2010-05-19,6.75,6.8,6.7,6.7,210000,0
2010-05-20,6.63,6.68,6.3,6.58,345000,0
2010-05-24,6.5,6.66,6.35,6.66,235000,0
2010-05-25,6.66,6.8,6.5,6.5,610000,0
2010-05-26,6.5,6.88,6.42,6.85,220000,0
2010-05-27,6.85,7.24,6.85,7.05,927800,0
2010-05-28,7.2,7.29,7.15,7.25,606000,0
2010-05-31,7.25,7.43,7.25,7.3,525000,0
2010-06-01,7.35,7.35,7.2,7.35,440000,0
2010-06-02,7.35,7.4,7.12,7.3,555000,0
2010-06-03,7.4,7.4,7.2,7.2,205000,0
2010-06-04,7.1,7.18,7.05,7.08,275000,0
2010-06-07,7,7,6.87,7,180000,0
2010-06-08,6.85,6.89,6.85,6.86,185000,0
2010-06-09,6.86,6.9,6.78,6.9,190000,0
2010-06-10,6.87,6.9,6.87,6.88,70000,0
2010-06-11,6.88,6.9,6.85,6.85,115000,0
2010-06-14,6.8,6.81,6.8,6.81,35000,0
2010-06-15,6.85,6.85,6.75,6.75,640000,0
2010-06-17,6.71,6.8,6.71,6.8,35000,0
2010-06-18,6.8,6.8,6.68,6.75,145000,0
2010-06-21,6.9,6.95,6.85,6.92,345000,0
2010-06-22,6.9,6.92,6.9,6.9,200000,0
2010-06-23,6.9,6.9,6.84,6.88,205000,0
2010-06-24,6.85,6.85,6.85,6.85,85000,0
2010-06-25,6.85,6.9,6.82,6.85,170000,0
2010-06-28,6.85,6.85,6.85,6.85,90000,0
2010-06-29,6.85,6.85,6.55,6.77,715900,0
2010-06-30,6.77,6.77,6.65,6.7,230000,0
2010-07-02,6.7,6.78,6.7,6.71,140000,0
2010-07-05,6.71,6.9,6.6,6.6,170000,0
2010-07-06,6.6,6.65,6.55,6.58,190000,0
2010-07-07,6.59,6.59,6.55,6.56,70000,0
2010-07-08,6.6,6.6,6.6,6.6,335000,0
2010-07-09,6.6,6.62,6.6,6.6,330000,0
2010-07-12,6.65,6.88,6.65,6.88,3605000,0
2010-07-13,7.1,7.1,6.8,6.8,320000,0
2010-07-14,6.82,6.82,6.6,6.65,140000,0
2010-07-15,6.8,6.8,6.46,6.46,185000,0
2010-07-16,6.56,6.6,6.45,6.48,50000,0
2010-07-19,6.48,6.48,6.4,6.4,55000,0
2010-07-20,6.4,6.56,6.4,6.55,245000,0
2010-07-21,6.55,6.62,6.5,6.51,160000,0
2010-07-22,6.6,6.72,6.58,6.68,290000,0
2010-07-23,6.7,6.7,6.65,6.7,165000,0
2010-07-26,6.8,6.8,6.7,6.74,200000,0
2010-07-27,6.7,6.7,6.68,6.7,65000,0
2010-07-28,6.7,6.72,6.7,6.7,115000,0
2010-07-29,6.7,6.7,6.61,6.7,85000,0
2010-07-30,6.61,6.7,6.52,6.59,120000,0
2010-08-02,6.78,6.78,6.65,6.72,128000,0
2010-08-03,6.8,6.8,6.66,6.7,146000,0
2010-08-04,6.67,6.68,6.64,6.64,92000,0
2010-08-05,6.7,6.7,6.45,6.58,563000,0
2010-08-06,6.69,6.69,6.45,6.5,349900,0
2010-08-09,6.47,6.52,6.3,6.49,165000,0
2010-08-10,6.4,6.4,6.4,6.4,7000,0
2010-08-11,6.4,6.4,6.22,6.22,362000,0
2010-08-12,6.2,6.2,6.08,6.12,110000,0
2010-08-13,6.11,6.15,6,6.05,356000,0
2010-08-16,6.01,6.15,6,6.08,149000,0
2010-08-17,6.08,6.2,6.08,6.1,453000,0
2010-08-18,6.28,6.28,6.08,6.08,143000,0
2010-08-19,6.08,6.08,6,6.08,29000,0
2010-08-20,6.05,6.1,6.01,6.03,221000,0
2010-08-23,6.03,6.1,6.03,6.03,117000,0
2010-08-24,6,6,5.9,5.95,368000,0
2010-08-25,5.91,5.92,5.85,5.85,542000,0
2010-08-26,5.88,5.93,5.87,5.89,464000,0
2010-08-27,5.9,5.91,5.68,5.8,240000,0
2010-08-30,5.69,5.89,5.69,5.78,69000,0
2010-08-31,5.68,6.6,5.68,6.3,696000,0
2010-09-01,6.1,6.19,5.91,5.92,199000,0
2010-09-02,6.19,6.21,5.98,6.11,895827,0
2010-09-03,6.01,6.2,5.96,6.08,200000,0
2010-09-06,6.15,6.5,6.15,6.3,623000,0
2010-09-07,6.3,6.4,6.29,6.38,60000,0
2010-09-08,6.28,6.32,6.04,6.3,422000,0
2010-09-09,6.11,6.15,6.05,6.1,480000,0
2010-09-10,6.08,6.09,6.08,6.08,43000,0
2010-09-13,6,6.05,5.86,6,467000,0
2010-09-14,6.03,6.04,5.9,6.02,252000,0
2010-09-15,5.95,6,5.88,5.9,144000,0
2010-09-16,5.86,5.86,5.78,5.81,190000,0
2010-09-17,5.8,5.82,5.75,5.75,282000,0
2010-09-20,5.72,5.95,5.7,5.95,415000,0
2010-09-21,6,6.2,5.9,6,493000,0
2010-09-22,6.09,6.1,5.88,5.9,177000,0
2010-09-24,5.9,6.19,5.9,6.15,207000,0
2010-09-27,6.15,6.15,5.95,6.05,212000,0
2010-09-28,6.1,6.1,5.89,6.02,642000,0
2010-09-29,6.03,6.05,5.9,5.9,265000,0
2010-09-30,5.85,5.9,5.75,5.85,636000,0
2010-10-04,5.85,6.05,5.79,5.93,817000,0
2010-10-05,5.85,5.9,5.85,5.85,403000,0
2010-10-06,5.98,5.99,5.88,5.9,282000,0
2010-10-07,5.9,5.99,5.9,5.96,204000,0
2010-10-08,6,6.96,5.97,6.9,2609000,0
2010-10-11,7,7.31,6.8,6.84,1498000,0
2010-10-12,6.9,7,6.85,6.94,468000,0
2010-10-13,7.07,7.1,6.9,7.05,1152000,0
2010-10-14,7.05,7.65,7.03,7.5,3188000,0
2010-10-15,7.65,7.9,7.5,7.66,2401233,0
2010-10-18,7.66,7.8,7.1,7.18,1063000,0
2010-10-19,7.3,7.6,7.19,7.2,649000,0
2010-10-20,7.2,7.2,6.85,7.08,501233,0
2010-10-21,7,7,6.75,6.86,213000,0
2010-10-22,6.77,7.02,6.7,6.9,237000,0
2010-10-25,7.1,7.3,7.05,7.12,820000,0
2010-10-26,7.2,7.32,6.95,7.07,289000,0
2010-10-27,7.16,7.23,6.7,6.88,482000,0
2010-10-28,6.85,6.85,6.75,6.82,99000,0
2010-10-29,6.83,6.9,6.5,6.9,248000,0
2010-11-01,6.9,7.17,6.9,7.09,433000,0
2010-11-02,7.02,7.14,6.98,7.02,345000,0
2010-11-03,7.1,7.18,6.98,7.06,821000,0
2010-11-04,7.1,7.1,7.03,7.09,485000,0
2010-11-05,7.1,7.28,7.05,7.22,986000,0
2010-11-08,7.3,7.34,7.18,7.29,368000,0
2010-11-09,7.3,7.42,7.19,7.4,856000,0
2010-11-10,7.36,7.8,7.31,7.79,1845000,0
2010-11-11,7.8,8.5,7.8,8.49,4215000,0
2010-11-12,8.6,8.71,8.05,8.22,1259000,0
2010-11-15,8.25,8.9,8.21,8.79,1899000,0
2010-11-16,8.89,9.08,8.36,8.49,896000,0
2010-11-17,8.5,8.75,8.21,8.25,745000,0
2010-11-18,8.58,8.65,8.34,8.5,394000,0
2010-11-19,8.62,9.4,8.6,9.39,2916000,0
2010-11-22,9.5,9.55,9.12,9.31,789000,0
2010-11-23,9.35,9.35,8.65,8.7,1057770,0
2010-11-24,8.7,9.1,8.7,9,693000,0
2010-11-25,9.15,9.15,8.92,9,329000,0
2010-11-26,9.08,9.08,8.7,8.8,292000,0
2010-11-29,8.8,8.8,8.45,8.56,244000,0
2010-11-30,8.56,8.56,8.08,8.3,1196000,0
2010-12-01,8.43,8.45,8.3,8.45,321000,0
2010-12-02,8.64,8.7,8.5,8.69,541000,0
2010-12-03,8.75,8.85,8.7,8.7,335000,0
2010-12-06,8.7,8.75,8.4,8.55,394000,0
2010-12-07,8.51,8.9,8.51,8.89,636000,0
2010-12-08,8.8,8.81,8.66,8.7,267000,0
2010-12-09,8.62,8.65,8.48,8.63,272000,0
2010-12-10,8.63,8.63,8.5,8.58,128000,0
2010-12-13,8.51,8.64,8.5,8.6,316000,0
2010-12-14,8.62,9.44,8.61,9.2,5145000,0
2010-12-15,9.11,9.25,9.1,9.1,886000,0
2010-12-16,9.05,9.05,8.91,8.98,409000,0
2010-12-17,8.9,9.18,8.9,9.09,503300,0
2010-12-20,9.1,9.19,8.9,9.1,622000,0
2010-12-21,9.01,9.04,8.92,8.99,296000,0
2010-12-22,9.02,9.02,8.65,8.65,558000,0
2010-12-23,8.58,8.64,8.42,8.57,491000,0
2010-12-24,8.5,8.5,8.35,8.4,362000,0
2010-12-28,8.4,8.4,8.25,8.4,227000,0
2010-12-29,8.42,8.46,8.4,8.45,411000,0
2010-12-30,8.45,8.5,8.38,8.5,106000,0
2010-12-31,8.7,8.7,8.6,8.7,123000,0
2011-01-03,8.5,8.56,8.37,8.5,126700,0
2011-01-04,8.56,8.69,7.38,7.4,2287000,0
2011-01-05,7.47,7.5,7.11,7.38,2113700,0
2011-01-06,7.29,7.44,7.05,7.39,1180300,0
2011-01-07,7.4,7.4,7.19,7.25,532000,0
2011-01-10,7.25,7.28,7.08,7.16,460000,0
2011-01-11,7.13,7.3,7.08,7.25,346000,0
2011-01-12,7.24,7.24,7.04,7.1,399000,0
2011-01-13,7.05,7.15,7.04,7.07,298000,0
2011-01-14,7.07,7.07,6.8,6.83,1033000,0
2011-01-17,6.85,6.85,6.5,6.83,903000,0
2011-01-18,6.88,7.1,6.85,7.05,549500,0
2011-01-19,7.12,7.33,7.05,7.23,449000,0
2011-01-20,7.23,7.41,7.2,7.37,1260000,0
2011-01-21,7.36,7.36,7.18,7.25,309000,0
2011-01-24,7.3,7.3,6.78,6.9,794000,0
2011-01-25,6.84,6.95,6.83,6.93,299000,0
2011-01-26,6.86,6.86,6.75,6.84,114000,0
2011-01-27,7,7,6.78,6.82,163000,0
2011-01-28,6.8,6.9,6.8,6.8,121000,0
2011-01-31,6.8,6.88,6.75,6.88,86000,0
2011-02-01,6.85,6.95,6.82,6.95,61000,0
2011-02-02,6.99,7.21,6.99,7.15,254000,0
2011-02-07,7.16,7.16,7,7.04,70000,0
2011-02-08,7.1,7.27,7,7.1,129000,0
2011-02-09,7.05,7.06,6.95,6.95,94700,0
2011-02-10,6.95,6.95,6.77,6.81,303000,0
2011-02-11,6.81,6.81,6.7,6.71,102000,0
2011-02-14,6.8,6.95,6.8,6.95,685000,0
2011-02-15,6.9,6.9,6.7,6.77,397000,0
2011-02-16,6.77,6.78,6.69,6.75,194000,0
2011-02-17,6.71,6.75,6.7,6.74,188000,0
2011-02-18,6.74,6.8,6.64,6.79,166000,0
2011-02-21,6.8,6.8,6.7,6.72,20000,0
2011-02-22,6.72,6.72,6.35,6.42,362000,0
2011-02-23,6.55,6.6,6.4,6.5,293000,0
2011-02-24,6.4,6.4,5.85,5.9,1735000,0
2011-02-25,5.92,5.95,5.65,5.9,1978000,0
2011-02-28,6.08,6.32,5.9,6.32,613000,0
2011-03-01,6.32,6.35,6.1,6.12,328000,0
2011-03-02,6,6.17,5.95,6.08,536000,0
2011-03-03,6.08,6.2,6.08,6.17,359770,0
2011-03-04,6.17,6.25,6.17,6.22,282000,0
2011-03-07,6.17,6.35,6.17,6.22,262000,0
2011-03-08,6.15,6.32,6.15,6.32,282000,0
2011-03-09,6.35,6.48,6.35,6.48,178000,0
2011-03-10,6.4,6.5,6.1,6.31,94000,0
2011-03-11,6.21,6.3,6.17,6.2,27000,0
2011-03-14,6.15,6.15,5.77,5.9,484000,0
2011-03-15,5.8,5.8,5.23,5.47,1447000,0
2011-03-16,5.47,5.75,5.27,5.62,691200,0
2011-03-17,5.25,5.25,4.74,4.91,3619000,0
2011-03-18,5,5.07,4.85,4.92,1224000,0
2011-03-21,5,5.42,5,5.33,1233000,0
2011-03-22,5.5,5.66,5.32,5.39,991000,0
2011-03-23,5.31,5.4,5.2,5.23,305000,0
2011-03-24,5.28,5.49,5.2,5.39,295000,0
2011-03-25,5.44,5.7,5.36,5.58,480000,0
2011-03-28,5.65,5.65,5.3,5.4,202000,0
2011-03-29,5.21,5.5,5.2,5.35,166000,0
2011-03-30,5.31,5.5,5.26,5.41,407000,0
2011-03-31,5.4,5.64,5.3,5.6,622000,0
2011-04-01,5.41,5.41,5.2,5.31,665000,0
2011-04-04,5.3,5.4,5.29,5.35,98000,0
2011-04-06,5.35,5.35,5.2,5.24,234000,0
2011-04-07,5.24,5.38,5.24,5.35,63000,0
2011-04-08,5.5,5.5,5.21,5.34,158000,0
2011-04-11,5.3,5.4,5.22,5.35,154000,0
2011-04-12,5.35,5.35,5.26,5.28,157000,0
2011-04-13,5.23,5.44,5.23,5.4,98000,0
2011-04-14,5.35,5.35,5.21,5.26,35000,0
2011-04-15,5.26,5.3,5.23,5.24,140000,0
2011-04-18,5.26,5.29,5.01,5.15,212000,0
2011-04-19,5.05,5.13,4.97,5.08,275000,0
2011-04-20,5,5.09,4.93,5.09,265000,0
2011-04-21,5.09,5.09,4.9,4.9,331000,0
2011-04-26,4.9,4.92,4.8,4.87,391000,0
2011-04-27,4.83,4.83,4.74,4.75,245000,0
2011-04-28,4.74,4.74,4.2,4.4,549000,0
2011-04-29,4.4,4.4,4.22,4.33,297000,0
2011-05-03,4.28,4.32,4.22,4.3,232000,0
2011-05-04,4.3,4.69,4.27,4.65,837000,0
2011-05-05,4.7,4.78,4.54,4.67,913000,0
2011-05-06,4.54,4.65,4.47,4.5,215000,0
2011-05-09,4.5,4.5,4.5,4.5,0,0
2011-05-11,4.5,4.5,4.5,4.5,0,0
2011-05-12,4.5,4.5,4.5,4.5,0,0
2011-05-13,4.5,4.5,4.5,4.5,0,0
2011-05-16,4.5,4.5,4.5,4.5,0,0
2011-05-17,4.8,5.39,4.75,5.3,797000,0
2011-05-18,5.3,5.85,5.3,5.78,2644400,0
2011-05-19,5.78,5.87,5.5,5.65,1671000,0
2011-05-20,5.6,5.9,5.49,5.6,896000,0
2011-05-23,5.52,5.64,5.43,5.5,445000,0
2011-05-24,5.55,5.78,5.55,5.61,539000,0
2011-05-25,5.52,5.52,5.4,5.49,119000,0
2011-05-26,5.46,5.48,5.3,5.4,236000,0
2011-05-27,5.35,5.39,5.3,5.3,152400,0
2011-05-30,5.29,5.29,4.8,4.89,1289000,0
2011-05-31,4.87,5.2,4.7,4.95,473000,0
2011-06-01,5.05,5.2,4.87,5.1,230700,0
2011-06-02,5,5.04,4.88,4.95,115000,0
2011-06-03,4.92,4.93,4.9,4.9,357000,0
2011-06-07,4.85,4.85,4.76,4.8,17000,0
2011-06-08,4.75,4.75,4.6,4.73,113000,0
2011-06-09,4.68,4.68,4.49,4.5,323000,0
2011-06-10,4.5,4.5,4.45,4.45,71000,0
2011-06-13,4.45,4.45,4.35,4.35,214000,0
2011-06-14,4.5,4.5,4.36,4.36,231000,0
2011-06-15,4.33,4.33,4.26,4.31,40000,0
2011-06-16,4.31,4.49,4.21,4.35,396000,0
2011-06-17,4.35,4.35,4.31,4.31,41000,0
2011-06-20,4.28,4.3,4.02,4.2,91000,0
2011-06-21,4.2,4.3,4.2,4.3,158000,0
2011-06-22,4.3,4.41,4.24,4.4,197000,0
2011-06-23,4.32,4.32,4.31,4.31,62000,0
2011-06-24,4.3,4.3,4.3,4.3,61000,0
2011-06-27,4.3,4.35,4.3,4.32,28000,0
2011-06-28,4.75,4.75,4.5,4.5,22000,0
2011-06-29,4.4,4.46,4.4,4.41,66000,0
2011-06-30,4.4,4.4,4.4,4.4,62000,0
2011-07-04,4.4,4.64,4.4,4.62,350000,0
2011-07-05,4.62,4.62,4.5,4.5,113000,0
2011-07-06,4.58,4.6,4.45,4.45,55000,0
2011-07-07,4.4,4.44,4.3,4.38,186000,0
2011-07-08,4.38,4.5,4.36,4.36,48000,0
2011-07-11,4.36,4.36,4.36,4.36,0,0
2011-07-12,4.29,4.29,4.15,4.2,117000,0
2011-07-13,4.2,4.2,4.15,4.2,55000,0
2011-07-14,4.1,4.3,4.1,4.3,33000,0
2011-07-15,4.3,4.3,4.3,4.3,33000,0
2011-07-18,4.3,4.3,4.06,4.06,21000,0
2011-07-19,4.1,4.2,4.07,4.15,112000,0
2011-07-20,4.15,4.15,4.08,4.09,14000,0
2011-07-21,4.1,4.2,3.9,3.9,232000,0
2011-07-22,3.8,4.05,3.8,4,318000,0
2011-07-25,4.01,4.02,4,4,10000,0
2011-07-26,4.02,4.02,4,4,132000,0
2011-07-27,4,4,3.8,3.89,345000,0
2011-07-28,3.8,3.8,3.75,3.76,141000,0
2011-07-29,3.85,3.85,3.57,3.6,216000,0
2011-08-01,3.75,3.9,3.6,3.6,305000,0
2011-08-02,3.75,3.75,3.47,3.47,278000,0
2011-08-03,3.5,3.51,3.5,3.5,130000,0
2011-08-04,3.4,3.42,3.36,3.36,217000,0
2011-08-05,3.1,3.1,2.94,3,520000,0
2011-08-08,3.12,3.12,2.65,2.73,461000,0
2011-08-09,2.65,2.73,2.5,2.57,618000,0
2011-08-10,2.79,2.98,2.6,2.85,682000,0
2011-08-11,2.83,2.85,2.7,2.7,209000,0
2011-08-12,3,3,2.7,2.71,110000,0
2011-08-15,2.88,2.98,2.78,2.8,193000,0
2011-08-16,2.85,2.94,2.85,2.94,84000,0
2011-08-17,2.89,2.89,2.84,2.88,69000,0
2011-08-18,2.81,2.92,2.81,2.91,158000,0
2011-08-19,2.9,2.9,2.72,2.77,342000,0
2011-08-22,2.78,2.78,2.6,2.75,213000,0
2011-08-23,2.75,2.89,2.75,2.89,23000,0
2011-08-24,2.93,2.93,2.8,2.81,243000,0
2011-08-25,2.95,2.99,2.9,2.95,131000,0
2011-08-26,2.78,2.96,2.78,2.96,150000,0
2011-08-29,2.96,3,2.73,2.9,186000,0
2011-08-30,3,3,2.89,2.9,171000,0
2011-08-31,3.07,3.07,2.85,2.9,38000,0
2011-09-01,2.9,2.95,2.83,2.9,77000,0
2011-09-02,2.83,2.9,2.83,2.83,33000,0
2011-09-05,2.9,2.9,2.76,2.77,88000,0
2011-09-06,2.73,2.75,2.6,2.63,129000,0
2011-09-07,2.64,2.64,2.62,2.63,140000,0
2011-09-08,2.65,2.65,2.35,2.35,324000,0
2011-09-09,2.4,2.41,2.15,2.35,204000,0
2011-09-12,2.15,2.3,2.15,2.2,48000,0
2011-09-14,2.36,2.36,2,2.2,81000,0
2011-09-15,2.18,2.2,2.05,2.2,85000,0
2011-09-16,2.15,2.2,2.08,2.2,67000,0
2011-09-19,2.18,2.18,2.09,2.1,126000,0
2011-09-20,2.01,2.1,2,2.1,213000,0
2011-09-21,2.12,2.5,2.1,2.49,770000,0
2011-09-22,2.25,2.29,2.15,2.28,324000,0
2011-09-23,2.28,2.5,2.2,2.49,853000,0
2011-09-26,2.54,2.55,2,2.14,370000,0
2011-09-27,2.15,2.22,2.14,2.2,383000,0
2011-09-28,2.11,2.2,2.1,2.1,161000,0
2011-09-30,2.05,2.05,1.94,1.96,480000,0
2011-10-03,1.91,1.91,1.91,1.91,37000,0
2011-10-04,1.85,1.88,1.85,1.88,29000,0
2011-10-06,1.87,1.95,1.87,1.95,104000,0
2011-10-07,2,2.04,1.95,2,323000,0
2011-10-10,1.81,2.09,1.81,2,155000,0
2011-10-11,2.08,2.11,2,2.05,390000,0
2011-10-12,2.06,2.1,2.02,2.05,811000,0
2011-10-13,2.2,2.2,2.05,2.16,870000,0
2011-10-14,2.06,2.12,2,2,680000,0
2011-10-17,2.01,2.06,2,2.04,1408000,0
2011-10-18,1.93,1.95,1.86,1.87,549000,0
2011-10-19,1.89,1.9,1.85,1.85,341000,0
2011-10-20,1.81,1.85,1.77,1.85,1002000,0
2011-10-21,1.85,1.89,1.81,1.84,716000,0
2011-10-24,1.96,1.98,1.86,1.94,526000,0
2011-10-25,2,2,1.91,1.91,320000,0
2011-10-26,1.85,1.98,1.84,1.96,402000,0
2011-10-27,1.99,2.25,1.96,2.18,766000,0
2011-10-28,2.28,2.28,2.12,2.25,872000,0
2011-10-31,2.43,2.43,2.19,2.28,459000,0
2011-11-01,2.18,2.28,2.17,2.18,250000,0
2011-11-02,2.02,2.25,2,2.25,199000,0
2011-11-03,2.25,2.3,2.12,2.18,416000,0
2011-11-04,2.3,2.3,2.15,2.23,1430000,0
2011-11-07,2.19,2.25,2.18,2.2,886000,0
2011-11-08,2.1,2.2,2.1,2.13,827000,0
2011-11-09,2.17,2.19,2.1,2.14,1107000,0
2011-11-10,2.08,2.09,2.01,2.03,638000,0
2011-11-11,2.03,2.08,2,2.03,753000,0
2011-11-14,2.18,2.18,2.04,2.07,2053000,0
2011-11-15,2.05,2.09,2.05,2.08,1788000,0
2011-11-16,2.11,2.12,2.02,2.05,1243000,0
2011-11-17,2.01,2.05,2.01,2.03,404000,0
2011-11-18,2.07,2.07,2,2.03,635000,0
2011-11-21,2.03,2.05,2.03,2.03,681000,0
2011-11-22,2.01,2.06,1.96,2.01,810000,0
2011-11-23,2.01,2.02,2,2.02,151000,0
2011-11-24,2,2.09,1.98,1.99,228000,0
2011-11-25,1.95,2,1.95,2,101000,0
2011-11-28,1.95,2.07,1.95,2.07,203000,0
2011-11-29,2.07,2.09,2.01,2.09,204000,0
2011-11-30,2.09,2.09,1.95,1.97,1051000,0
2011-12-01,2.01,2.06,2,2.02,798253,0
2011-12-02,2.01,2.03,1.96,2.03,499000,0
2011-12-05,2.05,2.07,2.03,2.03,286000,0
2011-12-06,2,2.03,1.98,2.03,1067000,0
2011-12-07,2.03,2.04,2.03,2.04,87000,0
2011-12-08,2.01,2.05,1.99,2.02,463000,0
2011-12-09,2.01,2.05,1.98,2.02,383000,0
2011-12-12,2.04,2.48,2.03,2.37,3724000,0
2011-12-13,2.48,2.78,2.31,2.57,5521000,0
2011-12-14,2.52,2.64,2.23,2.26,3461000,0
2011-12-15,2.18,2.3,2.1,2.23,1303000,0
2011-12-16,2.2,2.27,2.19,2.19,658000,0
2011-12-19,2.19,2.26,2.15,2.2,671000,0
2011-12-20,2.19,2.19,2.09,2.12,795000,0
2011-12-21,2.17,2.17,2.06,2.07,1068000,0
2011-12-22,2.07,2.2,2.04,2.12,922000,0
2011-12-23,2.11,2.19,2.11,2.11,318000,0
2011-12-28,2.05,2.08,2.02,2.07,269000,0
2011-12-29,2.08,2.1,2.06,2.1,443000,0
2011-12-30,2.06,2.11,2.02,2.02,196000,0
2012-01-03,2.04,2.26,2.04,2.19,3288000,0
2012-01-04,2.2,2.2,2.12,2.13,533000,0
2012-01-05,2.1,2.14,2.05,2.07,1371000,0
2012-01-06,2.04,2.07,2.02,2.05,705000,0
2012-01-09,2.03,2.08,2.03,2.08,688000,0
2012-01-10,2.06,2.2,2.06,2.19,1933000,0
2012-01-11,2.13,2.42,2.12,2.37,4423000,0
2012-01-12,2.35,2.44,2.32,2.34,1655000,0
2012-01-13,2.34,2.45,2.3,2.34,2214000,0
2012-01-16,2.3,2.31,2.22,2.23,627000,0
2012-01-17,2.25,2.34,2.23,2.32,959000,0
2012-01-18,2.35,2.47,2.34,2.4,3284000,0
2012-01-19,2.42,2.42,2.34,2.37,946000,0
2012-01-20,2.4,2.42,2.29,2.38,637000,0
2012-01-26,2.4,2.4,2.33,2.37,412000,0
2012-01-27,2.36,2.36,2.29,2.34,444000,0
2012-01-30,2.38,2.42,2.32,2.4,1229000,0
2012-01-31,2.42,2.51,2.39,2.44,1290000,0
2012-02-01,2.43,2.47,2.42,2.46,1030000,0
2012-02-02,2.47,2.59,2.44,2.57,2195000,0
2012-02-03,2.55,2.59,2.48,2.54,915000,0
2012-02-06,2.58,2.64,2.45,2.57,2605000,0
2012-02-07,2.59,2.8,2.58,2.69,7491300,0
2012-02-08,2.74,2.96,2.68,2.92,4223000,0
2012-02-09,2.96,3.19,2.86,3.14,5570000,0
2012-02-10,3.14,3.18,2.85,2.91,6100000,0
2012-02-13,2.91,3.1,2.8,3.06,3087000,0
2012-02-14,3.06,3.11,2.99,3.04,1657000,0
2012-02-15,3.05,3.3,3,3.28,2343000,0
2012-02-16,3.25,3.4,3.17,3.23,2546000,0
2012-02-17,3.26,3.35,3.13,3.2,3338000,0
2012-02-20,3.25,3.31,3.08,3.1,1681000,0
2012-02-21,3.1,3.15,2.93,3.13,4075000,0
2012-02-22,3.23,3.23,3.08,3.12,1101000,0
2012-02-23,3.06,3.1,3.01,3.01,1847000,0
2012-02-24,3,3.13,3,3.03,1502000,0
2012-02-27,3.03,3.03,2.78,2.81,3144000,0
2012-02-28,2.81,2.87,2.73,2.81,2047000,0
2012-02-29,2.83,2.94,2.8,2.93,1281000,0
2012-03-01,2.93,2.93,2.8,2.82,1363000,0
2012-03-02,2.84,2.95,2.81,2.91,1829000,0
2012-03-05,2.93,2.93,2.81,2.82,1064000,0
2012-03-06,2.85,2.92,2.84,2.88,2079000,0
2012-03-07,2.82,2.84,2.81,2.83,941000,0
2012-03-08,2.83,2.91,2.83,2.87,1716000,0
2012-03-09,2.9,3.02,2.88,2.93,2374000,0
2012-03-12,2.99,3.28,2.99,3.22,7972000,0
2012-03-13,3.25,3.27,3.12,3.14,3143000,0
2012-03-14,3.16,3.2,2.88,2.89,4259000,0
2012-03-15,2.86,2.88,2.6,2.61,7939000,0
2012-03-16,2.63,2.65,2.42,2.47,5911000,0
2012-03-19,2.53,2.53,2.42,2.44,2053000,0
2012-03-20,2.45,2.45,2.35,2.35,2432000,0
2012-03-21,2.35,2.35,2.18,2.22,3177000,0
2012-03-22,2.23,2.4,2.2,2.33,2277000,0
2012-03-23,2.28,2.39,2.25,2.33,1750000,0
2012-03-26,2.35,2.37,2.18,2.21,1488000,0
2012-03-27,2.25,2.27,2.2,2.21,1082000,0
2012-03-28,2.22,2.22,2.02,2.05,1955000,0
2012-03-29,2.05,2.05,1.91,1.98,2250000,0
2012-03-30,2,2.08,1.95,2.02,2474000,0
2012-04-02,2.07,2.07,1.9,1.99,1691000,0
2012-04-03,2.01,2.07,1.97,2.06,1763000,0
2012-04-05,1.99,2.2,1.98,2.17,1607000,0
2012-04-10,2.17,2.2,2.12,2.13,608000,0
2012-04-11,2.08,2.1,2.02,2.06,1121000,0
2012-04-12,2.08,2.08,1.99,2.07,1337000,0
2012-04-13,2.09,2.11,2.07,2.1,261000,0
2012-04-16,2.07,2.09,2.03,2.09,179000,0
2012-04-17,2.05,2.07,2.02,2.05,237000,0
2012-04-18,2.06,2.15,2.02,2.1,568000,0
2012-04-19,2.08,2.12,2.07,2.12,355000,0
2012-04-20,2.09,2.28,2.09,2.28,1300000,0
2012-04-23,2.25,2.25,2.12,2.17,397000,0
2012-04-24,2.16,2.16,2.13,2.14,365000,0
2012-04-25,2.14,2.17,2.13,2.13,466000,0
2012-04-26,2.14,2.18,2.14,2.16,78000,0
2012-04-27,2.11,2.16,2.11,2.16,257000,0
2012-04-30,2.11,2.15,2.11,2.13,129000,0
2012-05-02,2.16,2.26,2.16,2.23,505000,0
2012-05-03,2.23,2.24,2.19,2.24,365000,0
2012-05-04,2.15,2.18,2.15,2.15,427000,0
2012-05-07,2.1,2.14,2.08,2.1,500000,0
2012-05-08,2.1,2.18,2.1,2.17,194000,0
2012-05-09,2.14,2.14,2.09,2.13,625000,0
2012-05-10,2.1,2.13,2.08,2.13,554000,0
2012-05-11,2.11,2.12,2.08,2.1,401000,0
2012-05-14,2.1,2.12,2.06,2.06,207000,0
2012-05-15,2.04,2.04,2,2.04,201000,0
2012-05-16,2,2.08,1.93,1.94,422000,0
2012-05-17,1.9,1.97,1.9,1.97,669000,0
2012-05-18,1.88,1.95,1.88,1.9,311000,0
2012-05-21,1.88,1.92,1.87,1.9,344000,0
2012-05-22,1.93,1.96,1.92,1.92,201000,0
2012-05-23,1.9,1.9,1.8,1.88,594000,0
2012-05-24,1.88,1.9,1.86,1.87,256000,0
2012-05-25,1.89,1.89,1.87,1.87,197000,0
2012-05-28,1.85,1.85,1.84,1.85,157000,0
2012-05-29,1.9,1.98,1.85,1.95,820000,0
2012-05-30,1.91,2.02,1.91,1.98,817000,0
2012-05-31,1.95,2,1.93,2,452000,0
2012-06-01,2.07,2.14,2.07,2.1,998000,0
2012-06-04,2,2.04,1.98,2,328000,0
2012-06-05,1.98,2,1.91,1.92,111000,0
2012-06-06,2,2.05,1.97,1.98,243000,0
2012-06-07,2.1,2.1,2.04,2.08,558000,0
2012-06-08,2,2.08,2,2.01,335000,0
2012-06-11,2.04,2.07,2.04,2.06,75000,0
2012-06-12,1.97,2.09,1.96,2.09,348000,0
2012-06-13,2.01,2.07,2.01,2.07,202000,0
2012-06-14,2.02,2.05,2.02,2.03,290000,0
2012-06-15,2.05,2.08,2.03,2.06,243000,0
2012-06-18,2.04,2.08,2.04,2.08,227000,0
2012-06-19,2.04,2.08,2.03,2.04,57000,0
2012-06-20,2.05,2.12,2.04,2.09,548000,0
2012-06-21,2.05,2.21,2.05,2.08,1058000,0
2012-06-22,2.03,2.1,2.01,2.01,211000,0
2012-06-25,2,2.13,2,2.02,180000,0
2012-06-26,2,2.06,2,2.04,167000,0
2012-06-27,2.04,2.06,2.01,2.06,48000,0
2012-06-28,2.02,2.02,1.95,2,122000,0
2012-06-29,2,2.04,1.99,2,279294,0
2012-07-03,1.96,2.04,1.96,2.03,69000,0
2012-07-04,2,2.1,2,2.1,220000,0
2012-07-05,2.09,2.1,2.04,2.05,112000,0
2012-07-06,2.05,2.05,2.01,2.05,288000,0
2012-07-09,2.06,2.06,1.98,1.99,133000,0
2012-07-10,1.98,1.99,1.98,1.98,171000,0
2012-07-11,2,2.05,1.98,2.01,137000,0
2012-07-12,1.98,1.98,1.91,1.94,740000,0
2012-07-13,1.9,1.92,1.87,1.88,311000,0
2012-07-16,1.87,1.9,1.85,1.88,294000,0
2012-07-17,1.9,1.9,1.87,1.88,244000,0
2012-07-18,1.88,1.9,1.86,1.86,59000,0
2012-07-19,1.86,1.86,1.8,1.83,271000,0
2012-07-20,1.85,1.87,1.84,1.86,98000,0
2012-07-23,1.83,1.85,1.81,1.83,231000,0
2012-07-24,1.83,1.83,1.81,1.81,56000,0
2012-07-25,1.8,1.82,1.8,1.82,825000,0
2012-07-26,1.8,1.88,1.8,1.84,276000,0
2012-07-27,1.8,1.88,1.8,1.87,164000,0
2012-07-30,1.83,1.92,1.83,1.9,206000,0
2012-07-31,1.9,1.91,1.87,1.91,277000,0
2012-08-01,1.86,1.91,1.86,1.91,176000,0
2012-08-02,1.87,1.9,1.79,1.79,1632000,0
2012-08-03,1.75,1.82,1.74,1.78,208000,0
2012-08-06,1.79,1.86,1.79,1.84,486000,0
2012-08-07,1.82,1.93,1.82,1.93,771000,0
2012-08-08,1.93,1.93,1.87,1.88,414000,0
2012-08-09,1.87,1.9,1.85,1.87,213000,0
2012-08-10,1.85,1.9,1.85,1.9,611000,0
2012-08-13,1.88,1.95,1.88,1.9,1195622,0
2012-08-14,1.95,2.17,1.95,2.03,2636000,0
2012-08-15,2.03,2.03,1.96,1.96,422000,0
2012-08-16,1.95,2.06,1.93,1.94,500000,0
2012-08-17,1.9,2.03,1.9,1.99,73000,0
2012-08-20,1.96,2.11,1.96,2.07,1329000,0
2012-08-21,2.03,2.06,2,2.02,392000,0
2012-08-22,2.02,2.02,1.96,1.97,260000,0
2012-08-23,1.98,2,1.94,1.99,418000,0
2012-08-24,1.98,2.06,1.95,2.01,633000,0
2012-08-27,1.97,1.97,1.95,1.96,263000,0
2012-08-28,1.95,1.96,1.94,1.95,78000,0
2012-08-29,1.92,1.96,1.92,1.92,232000,0
2012-08-30,1.92,1.92,1.9,1.92,242000,0
2012-08-31,1.93,2.15,1.93,2,863000,0
2012-09-03,1.99,1.99,1.97,1.97,14000,0
2012-09-04,1.95,2.03,1.95,2,85000,0
2012-09-05,1.94,1.95,1.92,1.95,204000,0
2012-09-06,1.9,1.95,1.9,1.95,245000,0
2012-09-07,1.97,2,1.95,1.98,282000,0
2012-09-10,1.92,2.01,1.92,2,96000,0
2012-09-11,2.01,2.09,1.98,1.98,142000,0
2012-09-12,1.99,2.03,1.99,2.01,168042,0
2012-09-13,2.03,2.04,2,2,198000,0
2012-09-14,2.01,2.06,2.01,2.05,523000,0
2012-09-17,2.03,2.08,2.03,2.06,509000,0
2012-09-18,2.06,2.06,2.01,2.01,129000,0
2012-09-19,2.04,2.05,2.03,2.05,255000,0
2012-09-20,2.05,2.05,2.02,2.02,202000,0
2012-09-21,2.01,2.06,2.01,2.02,65000,0
2012-09-24,2.01,2.03,2.01,2.02,114000,0
2012-09-25,2,2,2,2,75000,0
2012-09-26,2.03,2.09,1.97,2.06,412000,0
2012-09-27,2.06,2.07,2.03,2.05,100042,0
2012-09-28,2.04,2.12,2.04,2.12,602000,0
2012-10-03,2.12,2.12,2.08,2.09,229000,0
2012-10-04,2.11,2.11,2.09,2.1,172000,0
2012-10-05,2.1,2.15,2.1,2.13,330000,0
2012-10-08,2.15,2.15,2.1,2.12,259000,0
2012-10-09,2.08,2.1,2.08,2.1,112000,0
2012-10-10,2.05,2.06,2.05,2.06,191000,0
2012-10-11,2.06,2.06,2,2.01,763000,0
2012-10-12,2.05,2.06,2.01,2.06,200000,0
2012-10-15,2.04,2.04,2.04,2.04,34000,0
2012-10-16,2.06,2.06,2.03,2.03,49000,0
2012-10-17,2.06,2.06,2.05,2.05,226000,0
2012-10-18,2.08,2.13,2.06,2.13,280000,0
2012-10-19,2.08,2.1,2.08,2.1,236000,0
2012-10-22,2.1,2.19,2.1,2.19,255000,0
2012-10-24,2.19,2.28,2.14,2.27,463000,0
2012-10-25,2.36,2.6,2.32,2.35,6066000,0
2012-10-26,2.35,2.35,2.16,2.19,750000,0
2012-10-29,2.19,2.25,2.19,2.2,211000,0
2012-10-30,2.25,2.3,2.12,2.26,454000,0
2012-10-31,2.26,2.26,2.18,2.23,364000,0
2012-11-01,2.18,2.34,2.17,2.29,402000,0
2012-11-02,2.3,2.35,2.25,2.31,440000,0
2012-11-05,2.24,2.33,2.24,2.28,568000,0
2012-11-06,2.28,2.28,2.27,2.27,133000,0
2012-11-07,2.25,2.39,2.25,2.39,469000,0
2012-11-08,2.32,2.35,2.28,2.3,374000,0
2012-11-09,2.22,2.28,2.22,2.27,114000,0
2012-11-12,2.27,2.27,2.22,2.23,183000,0
2012-11-13,2.23,2.23,2.12,2.15,173000,0
2012-11-14,2.13,2.18,2.1,2.18,343000,0
2012-11-15,2.13,2.17,2.11,2.11,123000,0
2012-11-16,2.1,2.12,2.1,2.1,359000,0
2012-11-19,2.15,2.17,2.1,2.1,317000,0
2012-11-20,2.1,2.13,2.1,2.1,265000,0
2012-11-21,2.1,2.1,2.08,2.1,207000,0
2012-11-22,2.1,2.16,2.09,2.11,242000,0
2012-11-23,2.13,2.16,2.13,2.14,175000,0
2012-11-26,2.14,2.14,2.13,2.14,30000,0
2012-11-27,2.2,2.24,2.14,2.15,97000,0
2012-11-28,2.12,2.14,2.12,2.14,74000,0
2012-11-29,2.14,2.14,2.1,2.14,85000,0
2012-11-30,2.16,2.16,2.1,2.14,333000,0
2012-12-03,2.12,2.14,2.12,2.14,3000,0
2012-12-04,2.13,2.14,2.12,2.14,428000,0
2012-12-05,2.11,2.17,2.07,2.17,341000,0
2012-12-06,2.12,2.15,2.12,2.15,72000,0
2012-12-07,2.11,2.18,2.11,2.15,818000,0
2012-12-10,2.1,2.24,2.1,2.24,553000,0
2012-12-11,2.22,2.28,2.18,2.18,237000,0
2012-12-12,2.2,2.33,2.16,2.25,615000,0
2012-12-13,2.21,2.22,2.2,2.2,241000,0
2012-12-14,2.15,2.25,2.15,2.22,141000,0
2012-12-17,2.2,2.25,2.2,2.25,260000,0
2012-12-18,2.28,2.33,2.24,2.24,92000,0
2012-12-19,2.3,2.3,2.24,2.28,155000,0
2012-12-20,2.28,2.37,2.21,2.32,890000,0
2012-12-21,2.31,2.34,2.26,2.29,225000,0
2012-12-24,2.26,2.26,2.25,2.26,20000,0
2012-12-27,2.26,2.29,2.25,2.29,547000,0
2012-12-28,2.26,2.35,2.26,2.32,405000,0
2012-12-31,2.28,2.28,2.22,2.28,104000,0
2013-01-02,2.29,2.35,2.28,2.33,624000,0
2013-01-03,2.31,2.4,2.3,2.4,1068000,0
2013-01-04,2.32,2.43,2.32,2.4,515000,0
2013-01-07,2.4,2.45,2.38,2.44,1466000,0
2013-01-08,2.42,2.43,2.35,2.4,793000,0
2013-01-09,2.36,2.45,2.36,2.4,497000,0
2013-01-10,2.42,2.53,2.42,2.48,1798010,0
2013-01-11,2.48,2.5,2.4,2.44,710000,0
2013-01-14,2.35,2.46,2.35,2.43,890000,0
2013-01-15,2.42,2.42,2.35,2.4,387000,0
2013-01-16,2.36,2.36,2.3,2.34,523000,0
2013-01-17,2.3,2.33,2.3,2.33,237000,0
2013-01-18,2.32,2.35,2.3,2.35,231000,0
2013-01-21,2.35,2.41,2.31,2.41,115000,0
2013-01-22,2.35,2.39,2.34,2.39,307000,0
2013-01-23,2.33,2.37,2.31,2.37,257000,0
2013-01-24,2.25,2.35,2.25,2.31,109000,0
2013-01-25,2.27,2.32,2.23,2.26,126000,0
2013-01-28,2.23,2.25,2.21,2.22,104000,0
2013-01-29,2.22,2.28,2.2,2.27,166000,0
2013-01-30,2.27,2.32,2.22,2.26,147000,0
2013-01-31,2.26,2.26,2.25,2.26,161000,0
2013-02-01,2.17,2.25,2.17,2.25,101000,0
2013-02-04,2.27,2.27,2.2,2.2,201000,0
2013-02-05,2.16,2.17,2.09,2.13,363000,0
2013-02-06,2.05,2.13,2.05,2.13,415000,0
2013-02-07,2.13,2.15,2.09,2.15,133000,0
2013-02-08,2.12,2.18,2.12,2.16,225000,0
2013-02-14,2.2,2.24,2.2,2.23,153000,0
2013-02-15,2.2,2.28,2.2,2.24,240000,0
2013-02-18,2.22,2.24,2.21,2.24,68000,0
2013-02-19,2.22,2.22,2.16,2.16,280000,0
2013-02-20,2.13,2.16,2.13,2.16,78000,0
2013-02-21,2.12,2.15,2.12,2.15,62000,0
2013-02-22,2.1,2.17,2.1,2.16,170000,0
2013-02-25,2.12,2.17,2.12,2.17,54000,0
2013-02-26,2.17,2.17,2.1,2.15,428000,0
2013-02-27,2.12,2.13,2.1,2.12,278000,0
2013-02-28,2.12,2.17,2.12,2.17,249000,0
2013-03-01,2.17,2.17,2.12,2.16,107000,0
2013-03-04,2.11,2.16,2.11,2.16,50000,0
2013-03-05,2.13,2.15,2.12,2.15,66000,0
2013-03-06,2.15,2.16,2.15,2.16,41000,0
2013-03-07,2.19,2.24,2.15,2.2,187000,0
2013-03-08,2.18,2.19,2.15,2.19,293000,0
2013-03-11,2.16,2.16,2.15,2.16,93000,0
2013-03-12,2.16,2.16,2.1,2.14,308000,0
2013-03-13,2.1,2.1,2.04,2.04,193000,0
2013-03-14,2.01,2.02,2.01,2.01,59000,0
2013-03-15,2.03,2.11,2.01,2.06,74000,0
2013-03-18,1.96,2.04,1.95,2.04,142000,0
2013-03-19,2.04,2.04,2,2.02,87000,0
2013-03-20,2.03,2.05,2,2.05,58000,0
2013-03-21,2.05,2.09,2.05,2.09,45000,0
2013-03-22,1.97,2.1,1.97,2.04,29000,0
2013-03-25,2.08,2.08,2.08,2.08,0,0
2013-03-26,2.08,2.08,2.07,2.07,56000,0
2013-03-27,2.01,2.08,2.01,2.08,25000,0
2013-03-28,2.08,2.08,1.9,1.94,884000,0
2013-04-02,2,2.08,1.92,1.95,245000,0
2013-04-03,1.91,1.96,1.78,1.79,1425000,0
2013-04-05,1.75,1.77,1.61,1.72,483000,0
2013-04-08,1.63,1.77,1.63,1.75,508000,0
2013-04-09,1.8,1.8,1.74,1.76,295000,0
2013-04-10,1.75,1.76,1.72,1.74,133000,0
2013-04-11,1.73,1.76,1.71,1.75,48000,0
2013-04-12,1.71,1.76,1.71,1.74,52000,0
2013-04-15,1.83,1.83,1.7,1.74,127000,0
2013-04-16,1.65,1.74,1.65,1.74,43000,0
2013-04-17,1.71,1.71,1.65,1.69,259000,0
2013-04-18,1.77,1.77,1.73,1.74,50000,0
2013-04-19,1.66,1.73,1.66,1.73,84000,0
2013-04-22,1.73,1.76,1.7,1.74,269000,0
2013-04-23,1.74,1.74,1.63,1.68,189000,0
2013-04-24,1.7,1.71,1.7,1.71,65000,0
2013-04-25,1.73,1.81,1.7,1.72,283000,0
2013-04-26,1.72,1.73,1.68,1.68,203000,0
2013-04-29,1.62,1.7,1.62,1.7,2000,0
2013-04-30,1.78,1.78,1.7,1.72,120000,0
2013-05-02,1.76,1.76,1.68,1.73,225000,0
2013-05-03,1.73,1.77,1.71,1.71,595000,0
2013-05-06,1.73,1.75,1.7,1.75,194000,0
2013-05-07,1.75,1.76,1.71,1.74,283000,0
2013-05-08,1.74,1.74,1.7,1.7,257000,0
2013-05-09,1.73,1.81,1.7,1.79,757000,0
2013-05-10,1.79,2,1.79,1.98,1574000,0
2013-05-13,2.05,2.05,1.88,1.93,518000,0
2013-05-14,1.93,1.95,1.85,1.85,261000,0
2013-05-15,1.9,1.92,1.88,1.89,306000,0
2013-05-16,1.89,1.93,1.8,1.91,20000,0
2013-05-20,1.92,1.92,1.82,1.89,248000,0
2013-05-21,1.87,1.92,1.87,1.92,40000,0
2013-05-22,1.85,1.9,1.84,1.86,34000,0
2013-05-23,1.85,1.88,1.83,1.83,135000,0
2013-05-24,1.74,1.86,1.74,1.86,30000,0
2013-05-27,1.75,1.88,1.75,1.88,31000,0
2013-05-28,1.88,1.88,1.8,1.84,645000,0
2013-05-29,1.8,1.84,1.8,1.83,60000,0
2013-05-30,1.78,1.8,1.76,1.8,235000,0
2013-05-31,1.82,1.82,1.81,1.81,24000,0
2013-06-03,1.76,1.83,1.76,1.83,40000,0
2013-06-04,1.83,1.83,1.83,1.83,10000,0
2013-06-05,1.85,1.86,1.76,1.83,124000,0
2013-06-06,1.77,1.77,1.77,1.77,5000,0
2013-06-07,1.76,1.9,1.75,1.79,125000,0
2013-06-10,1.72,1.73,1.7,1.73,105000,0
2013-06-11,1.73,1.77,1.72,1.72,85000,0
2013-06-13,1.72,1.76,1.7,1.76,131000,0
2013-06-14,1.7,1.8,1.7,1.77,45000,0
2013-06-17,1.74,1.74,1.74,1.74,30000,0
2013-06-18,1.75,1.75,1.75,1.75,0,0
2013-06-19,1.74,1.75,1.71,1.73,68000,0
2013-06-20,1.66,1.69,1.63,1.69,337000,0
2013-06-21,1.68,1.68,1.68,1.68,10000,0
2013-06-24,1.67,1.67,1.6,1.64,255000,0
2013-06-25,1.62,1.62,1.52,1.58,586000,0
2013-06-26,1.58,1.66,1.58,1.63,81000,0
2013-06-27,1.63,1.64,1.56,1.62,56000,0
2013-06-28,1.6,1.65,1.59,1.65,159000,0
2013-07-02,1.64,1.64,1.64,1.64,20000,0
2013-07-03,1.58,1.58,1.54,1.54,108000,0
2013-07-04,1.54,1.58,1.54,1.58,106000,0
2013-07-05,1.52,1.54,1.51,1.52,107000,0
2013-07-08,1.5,1.51,1.48,1.5,729000,0
2013-07-09,1.5,1.55,1.5,1.55,87000,0
2013-07-10,1.65,1.65,1.41,1.59,473000,0
2013-07-11,1.59,1.62,1.5,1.61,148000,0
2013-07-12,1.6,1.6,1.57,1.57,43000,0
2013-07-15,1.59,1.74,1.55,1.62,1604000,0
2013-07-16,1.55,1.59,1.53,1.59,43000,0
2013-07-17,1.65,1.65,1.59,1.62,152000,0
2013-07-18,1.62,1.62,1.56,1.6,86000,0
2013-07-19,1.56,1.61,1.56,1.61,125000,0
2013-07-22,1.56,1.58,1.55,1.58,34000,0
2013-07-23,1.58,1.59,1.53,1.57,165000,0
2013-07-24,1.65,1.65,1.55,1.55,52000,0
2013-07-25,1.56,1.58,1.55,1.55,58000,0
2013-07-26,1.56,1.58,1.56,1.58,20000,0
2013-07-29,1.56,1.63,1.56,1.62,30000,0
2013-07-30,1.57,1.61,1.57,1.57,37000,0
2013-07-31,1.57,1.57,1.56,1.56,26000,0
2013-08-01,1.58,1.62,1.58,1.62,158000,0
2013-08-02,1.62,1.66,1.58,1.66,414000,0
2013-08-05,1.59,1.64,1.59,1.62,150000,0
2013-08-06,1.58,1.6,1.54,1.56,390000,0
2013-08-07,1.56,1.58,1.55,1.55,137000,0
2013-08-08,1.56,1.58,1.55,1.58,70000,0
2013-08-09,1.58,1.59,1.56,1.59,30000,0
2013-08-12,1.59,1.59,1.59,1.59,0,0
2013-08-13,1.55,1.6,1.55,1.59,201000,0
2013-08-15,1.56,1.6,1.53,1.54,456000,0
2013-08-16,1.54,1.59,1.54,1.56,440000,0
2013-08-19,1.53,1.57,1.53,1.56,70000,0
2013-08-20,1.56,1.56,1.5,1.5,80000,0
2013-08-21,1.55,1.55,1.36,1.49,349000,0
2013-08-22,1.41,1.48,1.4,1.43,389000,0
2013-08-23,1.45,1.46,1.43,1.46,192000,0
2013-08-26,1.45,1.52,1.44,1.49,108000,0
2013-08-27,1.5,1.5,1.42,1.47,95000,0
2013-08-28,1.43,1.48,1.42,1.47,128000,0
2013-08-29,1.42,1.43,1.42,1.43,47000,0
2013-08-30,1.41,1.46,1.41,1.44,425000,0
2013-09-02,1.44,1.44,1.37,1.4,748000,0
2013-09-03,1.4,1.44,1.4,1.43,162000,0
2013-09-04,1.4,1.44,1.39,1.44,257000,0
2013-09-05,1.41,1.46,1.41,1.44,301000,0
2013-09-06,1.42,1.44,1.41,1.43,155000,0
2013-09-09,1.42,1.46,1.41,1.46,153000,0
2013-09-10,1.42,1.54,1.42,1.51,404000,0
2013-09-11,1.5,1.51,1.49,1.51,396000,0
2013-09-12,1.5,1.53,1.5,1.52,298000,0
2013-09-13,1.52,1.52,1.48,1.52,98000,0
2013-09-16,1.52,1.59,1.52,1.53,276000,0
2013-09-17,1.53,1.53,1.49,1.5,168000,0
2013-09-18,1.49,1.49,1.46,1.48,395000,0
2013-09-19,1.49,1.53,1.47,1.51,782000,0
2013-09-23,1.51,1.51,1.49,1.49,100000,0
2013-09-24,1.49,1.76,1.49,1.72,2466000,0
2013-09-25,1.69,1.69,1.55,1.6,1033000,0
2013-09-26,1.6,1.62,1.58,1.62,224000,0
2013-09-27,1.64,1.64,1.58,1.6,407000,0
2013-09-30,1.62,1.62,1.6,1.6,247000,0
2013-10-02,1.6,1.6,1.58,1.6,450000,0
2013-10-03,1.59,1.63,1.59,1.62,69000,0
2013-10-04,1.59,1.63,1.59,1.61,465000,0
2013-10-07,1.6,1.6,1.59,1.6,187000,0
2013-10-08,1.6,1.65,1.6,1.64,228000,0
2013-10-09,1.62,1.62,1.61,1.62,201000,0
2013-10-10,1.61,1.63,1.59,1.61,262000,0
2013-10-11,1.61,1.63,1.61,1.61,483000,0
2013-10-15,1.62,1.65,1.62,1.64,254000,0
2013-10-16,1.64,1.74,1.61,1.69,1114000,0
2013-10-17,1.69,1.92,1.67,1.9,1590000,0
2013-10-18,1.9,2.03,1.83,1.9,2104000,0
2013-10-21,1.89,1.92,1.86,1.89,730000,0
2013-10-22,1.9,1.95,1.83,1.85,2520000,0
2013-10-23,1.88,1.89,1.78,1.83,269000,0
2013-10-24,1.79,1.82,1.77,1.81,158000,0
2013-10-25,1.79,1.82,1.76,1.76,303000,0
2013-10-28,1.81,1.81,1.75,1.75,135000,0
2013-10-29,1.75,1.78,1.74,1.74,242000,0
2013-10-30,1.74,1.79,1.73,1.77,121000,0
2013-10-31,1.83,1.83,1.82,1.83,74000,0
2013-11-01,1.79,1.85,1.79,1.85,270000,0
2013-11-04,1.78,1.82,1.76,1.77,169000,0
2013-11-05,1.81,1.81,1.74,1.76,361000,0
2013-11-06,1.76,1.77,1.74,1.77,20000,0
2013-11-07,1.77,1.77,1.77,1.77,0,0
2013-11-08,1.75,1.86,1.75,1.85,1131000,0
2013-11-11,1.81,1.96,1.81,1.93,2236000,0
2013-11-12,1.9,1.9,1.82,1.84,223000,0
2013-11-13,1.85,1.85,1.8,1.8,105000,0
2013-11-14,1.82,1.82,1.82,1.82,20000,0
2013-11-15,1.82,1.82,1.82,1.82,20000,0
2013-11-18,1.76,1.84,1.74,1.78,772000,0
2013-11-19,1.78,1.78,1.7,1.7,541000,0
2013-11-20,1.73,1.8,1.72,1.8,409000,0
2013-11-21,1.81,1.82,1.77,1.81,193000,0
2013-11-22,1.78,1.81,1.77,1.81,496000,0
2013-11-25,1.78,1.83,1.78,1.82,165000,0
2013-11-26,1.81,1.81,1.78,1.8,340000,0
2013-11-27,1.8,1.84,1.78,1.84,465000,0
2013-11-28,1.84,1.86,1.82,1.84,344000,0
2013-11-29,1.8,1.83,1.79,1.82,259000,0
2013-12-02,1.83,1.89,1.83,1.85,174000,0
2013-12-03,1.83,1.94,1.83,1.94,2186000,0
2013-12-04,1.9,1.91,1.86,1.87,1084000,0
2013-12-05,1.87,1.87,1.81,1.84,944000,0
2013-12-06,1.81,1.85,1.81,1.85,491000,0
2013-12-09,1.86,1.9,1.85,1.87,1002000,0
2013-12-10,1.88,1.89,1.87,1.89,280000,0
2013-12-11,1.83,1.85,1.81,1.81,334000,0
2013-12-12,1.81,1.85,1.78,1.83,149000,0
2013-12-13,1.79,1.84,1.79,1.84,127000,0
2013-12-16,1.83,1.83,1.7,1.78,391000,0
2013-12-17,1.84,1.84,1.78,1.81,29000,0
2013-12-18,1.81,1.81,1.8,1.8,321000,0
2013-12-19,1.81,1.81,1.78,1.78,519000,0
2013-12-20,1.77,1.79,1.77,1.79,201000,0
2013-12-23,1.77,1.78,1.74,1.78,232000,0
2013-12-24,1.77,1.77,1.77,1.77,10000,0
2013-12-27,1.77,1.83,1.77,1.81,101000,0
2013-12-30,1.77,1.77,1.7,1.72,560000,0
2013-12-31,1.72,1.75,1.7,1.75,337000,0
2014-01-02,1.73,1.78,1.73,1.76,207000,0
2014-01-03,1.7,1.79,1.7,1.79,251000,0
2014-01-06,1.75,1.79,1.74,1.76,216000,0
2014-01-07,1.74,1.76,1.74,1.76,142000,0
2014-01-08,1.78,1.78,1.73,1.75,292000,0
2014-01-09,1.73,1.74,1.63,1.69,2380000,0
2014-01-10,1.65,1.69,1.65,1.69,323000,0
2014-01-13,1.67,1.73,1.67,1.72,186000,0
2014-01-14,1.68,1.73,1.68,1.73,86000,0
2014-01-15,1.7,1.75,1.69,1.72,398000,0
2014-01-16,1.72,1.76,1.71,1.76,316000,0
2014-01-17,1.83,1.95,1.76,1.84,2688000,0
2014-01-20,1.88,1.94,1.88,1.88,1138000,0
2014-01-21,1.88,2.11,1.88,2.07,4931000,0
2014-01-22,2.1,2.23,1.98,2.1,2417000,0
2014-01-23,2.1,2.1,1.97,2,899000,0
2014-01-24,1.92,2,1.88,1.95,1123000,0
2014-01-27,1.85,1.92,1.78,1.9,964000,0
2014-01-28,1.9,2,1.9,1.98,832000,0
2014-01-29,2,2.14,2,2.08,601000,0
2014-01-30,2.02,2.05,2.01,2.01,37000,0
2014-02-04,2.03,2.06,2,2,1401000,0
2014-02-05,2,2.11,1.96,2,238000,0
2014-02-06,2.01,2.14,1.99,2.03,365000,0
2014-02-07,2.05,2.08,2.03,2.05,342000,0
2014-02-10,2.12,2.17,2.08,2.16,1181825,0
2014-02-11,2.16,2.26,2.16,2.18,1007000,0
2014-02-12,2.25,2.34,2.25,2.29,1665000,0
2014-02-13,2.28,2.28,2.11,2.11,1629000,0
2014-02-14,2.18,2.35,2.1,2.34,2096000,0
2014-02-17,2.39,2.55,2.33,2.39,1853000,0
2014-02-18,2.4,2.43,2.32,2.38,999000,0
2014-02-19,2.34,2.4,2.3,2.34,923000,0
2014-02-20,2.27,2.35,2.26,2.3,766000,0
2014-02-21,2.28,2.35,2.27,2.28,644000,0
2014-02-24,2.28,2.29,2.2,2.24,265000,0
2014-02-25,2.24,2.24,2.18,2.21,697000,0
2014-02-26,2.2,2.25,2.12,2.15,1535000,0
2014-02-27,2.28,2.46,2.23,2.44,945000,0
2014-02-28,2.45,2.52,2.38,2.52,1375000,0
2014-03-03,2.52,2.54,2.39,2.39,748000,0
2014-03-04,2.39,2.45,2.36,2.39,712000,0
2014-03-05,2.39,2.44,2.32,2.36,953000,0
2014-03-06,2.32,2.46,2.28,2.43,745000,0
2014-03-07,2.43,2.47,2.41,2.44,888000,0
2014-03-10,2.45,2.54,2.35,2.4,900000,0
2014-03-11,2.35,2.43,2.34,2.4,325000,0
2014-03-12,2.38,2.38,2.27,2.3,733000,0
2014-03-13,2.3,2.3,2.15,2.24,958000,0
2014-03-14,2.21,2.3,2.19,2.2,654000,0
2014-03-17,2.27,2.31,2.22,2.26,316000,0
2014-03-18,2.28,2.44,2.24,2.37,833000,0
2014-03-19,2.35,2.43,2.35,2.36,361000,0
2014-03-20,2.32,2.37,2.32,2.36,120000,0
2014-03-21,2.31,2.31,2.15,2.23,1124000,0
2014-03-24,2.31,2.31,2.23,2.25,169000,0
2014-03-25,2.25,2.25,2.2,2.22,276000,0
2014-03-26,2.23,2.23,2.18,2.22,419000,0
2014-03-27,2.22,2.23,2.1,2.12,791000,0
2014-03-28,2.1,2.15,2.1,2.14,112000,0
2014-03-31,2.19,2.19,2.08,2.12,677000,0
2014-04-01,2.1,2.15,2.1,2.15,45000,0
2014-04-02,2.15,2.2,2.13,2.2,369000,0
2014-04-03,2.2,2.23,2.2,2.2,113000,0
2014-04-04,2.15,2.2,2.15,2.17,367000,0
2014-04-07,2.15,2.15,2.11,2.11,455000,0
2014-04-08,2.11,2.15,2.02,2.07,570000,0
2014-04-09,2.03,2.07,2.03,2.07,190000,0
2014-04-10,2.04,2.19,2.04,2.16,241000,0
2014-04-11,2.09,2.13,2.07,2.1,211000,0
2014-04-14,2.13,2.19,2.08,2.13,386000,0
2014-04-15,2.13,2.22,2.11,2.2,751000,0
2014-04-16,2.23,2.31,2.21,2.23,129000,0
2014-04-17,2.21,2.25,2.2,2.2,67000,0
2014-04-22,2.2,2.45,2.2,2.43,2269000,0
2014-04-23,2.41,2.47,2.3,2.31,569000,0
2014-04-24,2.3,2.41,2.29,2.38,699000,0
2014-04-25,2.32,2.35,2.29,2.29,568000,0
2014-04-28,2.21,2.27,2.2,2.2,604000,0
2014-04-29,2.14,2.15,2.06,2.14,906000,0
2014-04-30,2.14,2.15,2.1,2.1,347000,0
2014-05-02,2.1,2.12,2.09,2.12,89000,0
2014-05-05,2.14,2.2,2.14,2.17,121000,0
2014-05-07,2.11,2.11,2.05,2.1,208000,0
2014-05-08,2.06,2.13,2.06,2.1,700000,0
2014-05-09,2.07,2.12,2.06,2.07,187000,0
2014-05-12,2.08,2.19,2.07,2.11,193000,0
2014-05-13,2.16,2.17,2.11,2.14,31000,0
2014-05-14,2.15,2.15,2.06,2.1,264000,0
2014-05-15,2.11,2.17,2.11,2.14,133000,0
2014-05-16,2.13,2.14,2.07,2.11,1154000,0
2014-05-19,2.11,2.16,2.08,2.12,469000,0
2014-05-20,2.1,2.13,2.08,2.13,216000,0
2014-05-21,2.09,2.14,2.09,2.12,65000,0
2014-05-22,2.12,2.12,2.11,2.11,11000,0
2014-05-23,2.1,2.11,2.1,2.11,10000,0
2014-05-26,2.08,2.13,2.07,2.12,214000,0
2014-05-27,2.08,2.12,2.08,2.12,120000,0
2014-05-28,2.1,2.15,2.08,2.15,513000,0
2014-05-29,2.11,2.15,2.1,2.12,185000,0
2014-05-30,2.14,2.15,2.09,2.1,125000,0
2014-06-03,2.15,2.19,2.15,2.19,270000,0
2014-06-04,2.19,2.19,2.15,2.15,51000,0
2014-06-05,2.15,2.17,2.15,2.15,61000,0
2014-06-06,2.15,2.17,2.14,2.17,67000,0
2014-06-09,2.12,2.17,2.11,2.17,64000,0
2014-06-10,2.12,2.17,2.12,2.16,74000,0
2014-06-11,2.16,2.16,2.16,2.16,0,0
2014-06-12,2.2,2.2,2.13,2.19,157000,0
2014-06-13,2.15,2.22,2.15,2.2,266000,0
2014-06-16,2.28,2.35,2.26,2.28,323000,0
2014-06-17,2.31,2.32,2.23,2.28,303000,0
2014-06-18,2.3,2.3,2.24,2.24,60000,0
2014-06-19,2.28,2.28,2.15,2.18,268000,0
2014-06-20,2.18,2.26,2.15,2.18,204000,0
2014-06-23,2.2,2.24,2.15,2.15,343000,0
2014-06-24,2.16,2.16,2.15,2.15,192000,0
2014-06-25,2.15,2.16,2.14,2.15,275000,0
2014-06-26,2.15,2.17,2.14,2.17,1195000,0
2014-06-27,2.17,2.17,2.17,2.17,0,0
2014-06-30,2.16,2.17,2.16,2.17,20000,0
2014-07-02,2.19,2.19,2.16,2.16,48000,0
2014-07-03,2.19,2.19,2.17,2.17,121000,0
2014-07-04,2.17,2.22,2.17,2.19,192000,0
2014-07-07,2.19,2.19,2.15,2.16,128000,0
2014-07-08,2.15,2.19,2.13,2.16,68000,0
2014-07-09,2.16,2.18,2.16,2.16,166000,0
2014-07-10,2.15,2.24,2.14,2.22,686000,0
2014-07-11,2.21,2.22,2.15,2.18,732000,0
2014-07-14,2.18,2.21,2.17,2.2,117000,0
2014-07-15,2.17,2.21,2.17,2.17,176000,0
2014-07-16,2.21,2.21,2.18,2.19,75000,0
2014-07-17,2.2,2.22,2.17,2.22,326000,0
2014-07-18,2.22,2.28,2.16,2.28,560000,0
2014-07-21,2.3,2.4,2.25,2.28,380000,0
2014-07-22,2.3,2.32,2.3,2.3,94000,0
2014-07-23,2.25,2.32,2.24,2.28,123000,0
2014-07-24,2.35,2.39,2.26,2.28,125000,0
2014-07-25,2.28,2.35,2.26,2.32,498000,0
2014-07-28,2.35,2.43,2.3,2.38,503000,0
2014-07-29,2.38,2.45,2.37,2.41,583000,0
2014-07-30,2.39,2.48,2.36,2.46,643000,0
2014-07-31,2.46,2.64,2.4,2.61,1294000,0
2014-08-01,2.58,3.03,2.48,2.89,5690000,0
2014-08-04,2.92,3.22,2.92,3.21,3510200,0
2014-08-05,3.2,3.47,3.15,3.4,5268400,0
2014-08-06,3.39,3.61,3.37,3.6,3940800,0
2014-08-07,3.59,3.59,3.31,3.36,8853000,0
2014-08-08,3.4,3.5,3.28,3.45,7334000,0
2014-08-11,3.65,3.65,3.43,3.45,1024000,0
2014-08-12,3.48,3.53,3.46,3.52,783000,0
2014-08-13,3.54,3.58,3.4,3.52,924000,0
2014-08-14,3.49,3.49,3.23,3.25,2951000,0
2014-08-15,3.32,3.35,3.07,3.15,3862000,0
2014-08-18,3.19,3.19,3.03,3.18,931000,0
2014-08-19,3.14,3.23,3.13,3.19,2587000,0
2014-08-20,3.24,3.28,3.15,3.26,710000,0
2014-08-21,3.21,3.4,3.1,3.3,746000,0
2014-08-22,3.23,3.31,3.23,3.3,88000,0
2014-08-25,3.26,3.35,3.22,3.25,258000,0
2014-08-26,3.24,3.3,3.2,3.27,517000,0
2014-08-27,3.21,3.26,3.15,3.18,753000,0
2014-08-28,3.14,3.3,3.14,3.25,618000,0
2014-08-29,3.2,3.22,3.2,3.22,30000,0
2014-09-01,3.11,3.12,2.92,2.95,1819000,0
2014-09-02,2.99,3.01,2.85,2.95,1023000,0
2014-09-03,2.99,3,2.92,2.97,707000,0
2014-09-04,3.01,3.09,2.97,3.02,708000,0
2014-09-05,3.06,3.1,2.94,2.95,321000,0
2014-09-08,3.01,3.01,2.93,2.97,81000,0
2014-09-10,2.91,2.95,2.85,2.92,349000,0
2014-09-11,2.9,2.98,2.9,2.97,834600,0
2014-09-12,2.94,2.95,2.88,2.9,478000,0
2014-09-15,2.94,3.15,2.94,3.15,781000,0
2014-09-16,3.1,3.15,2.98,3.03,443000,0
2014-09-17,3.09,3.12,3.03,3.05,237000,0
2014-09-18,3.06,3.14,3.03,3.07,557000,0
2014-09-19,3.08,3.12,3.04,3.08,529000,0
2014-09-22,3.01,3.08,3,3.02,475000,0
2014-09-23,2.98,3.03,2.97,3.02,846000,0
2014-09-24,2.96,3.1,2.95,3.04,436000,0
2014-09-25,3.08,3.35,3.07,3.31,3785000,0
2014-09-26,3.31,3.52,3.18,3.18,3853850,0
2014-09-29,3.15,3.15,2.97,3.04,1397000,0
2014-09-30,2.98,3,2.83,2.88,1473000,0
2014-10-03,2.83,2.88,2.63,2.84,1757000,0
2014-10-06,2.84,2.99,2.84,2.98,868000,0
2014-10-07,2.99,3,2.85,2.9,856000,0
2014-10-08,2.92,2.93,2.81,2.87,333000,0
2014-10-09,2.86,2.99,2.82,2.93,620000,0
2014-10-10,2.85,2.91,2.85,2.91,161000,0
2014-10-13,2.86,2.87,2.78,2.8,546000,0
2014-10-14,2.79,2.79,2.76,2.77,211000,0
2014-10-15,2.77,2.77,2.67,2.72,276000,0
2014-10-16,2.72,2.72,2.64,2.67,447000,0
2014-10-17,2.67,2.7,2.59,2.68,503000,0
2014-10-20,2.62,2.75,2.62,2.7,231000,0
2014-10-21,2.72,2.72,2.68,2.68,12000,0
2014-10-22,2.69,2.8,2.69,2.76,200000,0
2014-10-23,2.7,2.71,2.6,2.67,641000,0
2014-10-24,2.65,2.69,2.63,2.69,373000,0
2014-10-27,2.7,2.88,2.69,2.73,366000,0
2014-10-28,2.75,2.95,2.71,2.93,1661000,0
2014-10-29,2.98,2.98,2.9,2.91,1178000,0
2014-10-30,2.9,2.9,2.81,2.82,388000,0
2014-10-31,2.83,2.98,2.76,2.97,955000,0
2014-11-03,2.95,2.95,2.9,2.92,211000,0
2014-11-04,2.93,2.99,2.91,2.97,1152000,0
2014-11-05,2.97,3.04,2.93,3.04,1560600,0
2014-11-06,3.04,3.27,3.04,3.27,2265000,0
2014-11-07,3.19,3.2,3,3.09,1488000,0
2014-11-10,3.13,3.2,3.12,3.12,725000,0
2014-11-11,3.17,3.17,2.95,2.99,679000,0
2014-11-12,3.03,3.12,3.01,3.02,440000,0
2014-11-13,2.95,3.11,2.94,3.09,1102000,0
2014-11-14,3.11,3.11,3.01,3.05,234000,0
2014-11-17,3.04,3.13,2.95,3.03,248000,0
2014-11-18,3,3.15,3,3.09,1169000,0
2014-11-19,3.07,3.08,3.01,3.01,345000,0
2014-11-20,3.01,3.01,2.97,3.01,326000,0
2014-11-21,3,3.04,2.97,2.97,317000,0
2014-11-24,3,3.07,2.99,3.04,834000,0
2014-11-25,3.07,3.19,3.07,3.16,1863000,0
2014-11-26,3.2,3.25,3.17,3.22,1365000,0
2014-11-27,3.16,3.21,3.13,3.13,704000,0
2014-11-28,3.16,3.25,3.15,3.22,1362000,0
2014-12-01,3.24,3.24,3.08,3.09,1128000,0
2014-12-02,3.04,3.13,3.01,3.03,993000,0
2014-12-03,3.07,3.07,2.9,2.98,838000,0
2014-12-04,2.9,3.04,2.9,3,714000,0
2014-12-05,3.05,3.15,3.04,3.13,1321000,0
2014-12-08,3.18,3.25,3.1,3.11,1322000,0
2014-12-09,3.1,3.13,2.99,3.05,1811000,0
2014-12-10,3.04,3.06,2.93,2.97,577000,0
2014-12-11,2.95,2.99,2.7,2.86,1748100,0
2014-12-12,2.85,3.05,2.82,3.01,929000,0
2014-12-15,3.02,3.02,2.85,2.89,442600,0
2014-12-16,2.89,2.93,2.81,2.84,414000,0
2014-12-17,2.8,2.84,2.73,2.78,1110000,0
2014-12-18,2.8,2.9,2.8,2.87,285000,0
2014-12-19,2.9,2.91,2.78,2.9,372000,0
2014-12-22,2.87,2.9,2.78,2.85,1304000,0
2014-12-23,2.89,2.89,2.75,2.8,496000,0
2014-12-24,2.8,2.8,2.78,2.8,88000,0
2014-12-29,2.75,2.9,2.75,2.77,228000,0
2014-12-30,2.82,2.85,2.82,2.85,275000,0
2014-12-31,2.81,2.85,2.79,2.81,83000,0
2015-01-02,2.81,2.86,2.77,2.83,392000,0
2015-01-05,2.83,2.95,2.81,2.91,474000,0
2015-01-06,2.86,2.92,2.81,2.89,208000,0
2015-01-07,2.84,3.03,2.84,3.01,1404000,0
2015-01-08,3.03,3.15,2.99,2.99,1179000,0
2015-01-09,2.98,3.05,2.97,2.99,378000,0
2015-01-12,2.95,3,2.9,2.97,587000,0
2015-01-13,2.95,3,2.91,2.97,172000,0
2015-01-14,2.95,3,2.92,2.92,185000,0
2015-01-15,2.9,2.95,2.88,2.9,316000,0
2015-01-16,2.87,2.92,2.84,2.9,844000,0
2015-01-19,2.95,2.95,2.79,2.8,1247000,0
2015-01-20,2.78,2.97,2.78,2.91,1131000,0
2015-01-21,2.93,2.93,2.86,2.87,538000,0
2015-01-22,2.86,2.94,2.86,2.9,218000,0
2015-01-23,2.92,3.07,2.92,2.99,248700,0
2015-01-26,3,3,2.9,2.94,246000,0
2015-01-27,3,3,2.93,2.98,149000,0
2015-01-28,2.98,2.98,2.9,2.96,130000,0
2015-01-29,2.93,3.05,2.93,2.98,565000,0
2015-01-30,3,3.03,2.98,2.99,544000,0
2015-02-02,2.97,2.98,2.9,2.9,181000,0
2015-02-03,2.93,2.93,2.88,2.89,249000,0
2015-02-04,2.94,2.98,2.92,2.97,165000,0
2015-02-05,2.98,3,2.95,2.95,228000,0
2015-02-06,2.97,3,2.95,2.95,220000,0
2015-02-09,2.9,2.97,2.9,2.97,84000,0
2015-02-10,2.96,3,2.9,2.91,462000,0
2015-02-11,2.97,3,2.95,2.95,49000,0
2015-02-12,2.95,3.24,2.95,3.19,1749400,0
2015-02-13,3.2,3.21,3.13,3.18,430000,0
2015-02-16,3.17,3.23,3.12,3.23,340000,0
2015-02-17,3.23,3.23,3.17,3.2,98000,0
2015-02-18,3.17,3.17,3.04,3.07,417000,0
2015-02-23,2.98,3,2.96,2.96,173000,0
2015-02-24,2.95,2.95,2.81,2.89,375000,0
2015-02-25,2.89,2.99,2.86,2.92,371000,0
2015-02-26,2.92,2.99,2.92,2.99,169200,0
2015-02-27,2.99,2.99,2.97,2.97,42000,0
2015-03-02,2.99,3.04,2.99,3,206000,0
2015-03-03,3.02,3.2,3.02,3.19,1024000,0
2015-03-04,3.15,3.2,3.07,3.15,530000,0
2015-03-05,3.11,3.18,3.11,3.12,150000,0
2015-03-06,3.16,3.26,3.15,3.18,861000,0
2015-03-09,3.18,3.32,3.18,3.26,738000,0
2015-03-10,3.23,3.23,3.05,3.05,290000,0
2015-03-11,3.01,3.04,3,3.04,52000,0
2015-03-12,3.01,3.02,2.96,2.96,146000,0
2015-03-13,2.97,3.09,2.91,3.04,274000,0
2015-03-16,2.96,3,2.94,2.95,281000,0
2015-03-17,2.95,3.05,2.91,2.96,224000,0
2015-03-18,2.94,3.05,2.94,3,440000,0
2015-03-19,3.09,3.09,2.94,2.98,101000,0
2015-03-20,3,3.1,3,3.05,439000,0
2015-03-23,2.95,3,2.94,2.96,218000,0
2015-03-24,2.99,3.09,2.94,3.09,135000,0
2015-03-25,3.07,3.07,2.97,3,167000,0
2015-03-26,3.02,3.03,2.96,3,216000,0
2015-03-27,3,3.04,2.99,3,229000,0
2015-03-30,3,3.15,3,3.06,585000,0
2015-03-31,3.06,3.07,3.02,3.06,804000,0
2015-04-01,3.05,3.05,2.93,3.04,484000,0
2015-04-02,3.06,3.1,2.98,3.1,781000,0
2015-04-08,3.1,3.41,3.06,3.37,4651000,0
2015-04-09,3.46,3.6,3.23,3.33,2655000,0
2015-04-10,3.44,3.68,3.2,3.67,1993000,0
2015-04-13,3.78,4.28,3.63,4.21,4730390,0
2015-04-14,4.17,4.19,3.91,3.96,1625000,0
2015-04-15,3.95,4.1,3.8,3.82,1581000,0
2015-04-16,3.96,4.46,3.96,4.44,3905000,0
2015-04-17,4.55,4.75,4.35,4.43,4488000,0
2015-04-20,4.4,4.47,3.96,4.15,2066000,0
2015-04-21,4.15,4.28,4.14,4.15,906000,0
2015-04-22,4.18,4.6,4.18,4.54,1606000,0
2015-04-23,4.66,4.96,4.6,4.69,1458000,0
2015-04-24,4.78,4.78,4.32,4.64,743000,0
2015-04-27,4.65,4.88,4.38,4.88,1320000,0
2015-04-28,4.82,4.85,4.59,4.66,709800,0
2015-04-29,4.46,4.55,4.41,4.48,835000,0
2015-04-30,4.48,4.6,4.32,4.36,1034000,0
2015-05-04,4.39,4.39,4.2,4.2,1434000,0
2015-05-05,4.3,4.3,3.9,4.08,1462150,0
2015-05-06,3.99,4.27,3.99,4.15,819822,0
2015-05-07,4.1,4.1,3.93,3.98,548000,0
2015-05-08,3.9,4.49,3.9,4.14,503000,0
2015-05-11,4.18,4.29,4.18,4.25,400000,0
2015-05-12,4.26,4.48,4.15,4.36,1236000,0
2015-05-13,4.4,4.4,4.23,4.28,468000,0
2015-05-14,4.28,4.55,4.23,4.53,1928000,0
2015-05-15,4.48,4.52,4.38,4.48,573000,0
2015-05-18,4.45,4.5,4.2,4.27,1530000,0
2015-05-19,4.28,4.33,4.21,4.27,666000,0
2015-05-20,4.4,4.4,4.2,4.27,542000,0
2015-05-21,4.27,4.32,4.2,4.21,342000,0
2015-05-22,4.08,4.29,4.08,4.2,619000,0
2015-05-26,4.43,4.43,4.23,4.41,1155000,0
2015-05-27,4.39,4.51,4.39,4.49,1130000,0
2015-05-28,4.4,4.58,4.38,4.47,774000,0
2015-05-29,4.46,4.7,4.31,4.61,1659000,0
2015-06-01,4.62,5.14,4.62,5.14,4507000,0
2015-06-02,5.25,5.3,4.84,5.03,2243000,0
2015-06-03,5.03,5.03,4.73,4.91,1472000,0
2015-06-04,4.82,4.99,4.64,4.8,646000,0
2015-06-05,4.71,4.92,4.67,4.76,434000,0
2015-06-08,4.75,4.75,4.41,4.57,962000,0
2015-06-09,4.57,4.88,4.2,4.88,2165898,0
2015-06-10,4.89,4.93,4.47,4.5,1147000,0
2015-06-11,4.79,4.79,4.45,4.5,923000,0
2015-06-12,4.42,4.6,4.41,4.59,254000,0
2015-06-15,4.65,4.69,4.43,4.56,214000,0
2015-06-16,4.31,4.47,4.31,4.34,486000,0
2015-06-17,4.55,4.55,4.3,4.49,349000,0
2015-06-18,4.5,4.5,4.31,4.32,171000,0
2015-06-19,4.33,4.45,4.2,4.34,414000,0
2015-06-22,4.37,4.37,4.19,4.28,262000,0
2015-06-23,4.37,4.37,4.2,4.3,92000,0
2015-06-24,4.37,4.56,4.3,4.56,369000,0
2015-06-25,4.56,4.56,4.28,4.43,271500,0
2015-06-26,4.35,4.35,4.12,4.15,481000,0
2015-06-29,4.01,4.12,3.8,3.91,1065000,0
2015-06-30,3.82,3.99,3.69,3.91,412000,0
2015-07-02,4.15,4.3,3.62,3.65,330000,0
2015-07-03,3.59,3.59,3.31,3.51,1144000,0
2015-07-06,3.89,3.99,2.8,2.95,991000,0
2015-07-07,2.81,2.82,2.5,2.55,1096000,0
2015-07-08,2.05,2.25,1.79,2,879000,0
2015-07-09,2,3,1.97,2.9,1321000,0
2015-07-10,3.02,3.03,2.78,2.87,2012000,0
2015-07-13,3.02,3.02,2.84,2.99,292000,0
2015-07-14,3.07,3.07,2.88,2.9,677000,0
2015-07-15,2.9,2.98,2.7,2.71,390000,0
2015-07-16,2.68,2.88,2.68,2.72,259000,0
2015-07-17,2.88,2.95,2.87,2.95,160000,0
2015-07-20,2.92,3.07,2.73,2.98,420000,0
2015-07-21,2.98,2.98,2.89,2.9,76000,0
2015-07-22,2.99,2.99,2.88,2.91,129000,0
2015-07-23,2.81,3.08,2.81,2.91,294000,0
2015-07-24,2.84,2.99,2.84,2.95,195800,0
2015-07-27,2.93,2.94,2.7,2.75,480000,0
2015-07-28,2.74,2.9,2.69,2.77,198000,0
2015-07-29,2.79,2.85,2.77,2.81,71000,0
2015-07-30,2.89,2.89,2.89,2.89,37000,0
2015-07-31,2.93,2.94,2.83,2.92,40000,0
2015-08-03,2.8,2.8,2.55,2.67,24300,0
2015-08-04,3.29,3.29,2.68,2.71,256000,0
2015-08-05,2.84,2.91,2.77,2.8,185000,0
2015-08-06,2.9,2.91,2.76,2.78,60000,0
2015-08-07,2.8,2.81,2.76,2.77,294000,0
2015-08-10,2.86,2.95,2.81,2.9,233000,0
2015-08-11,2.99,3.03,2.89,2.89,371000,0
2015-08-12,2.88,3,2.81,2.83,640000,0
2015-08-13,2.9,2.93,2.83,2.92,76600,0
2015-08-14,2.96,2.96,2.9,2.92,44000,0
2015-08-17,2.4,2.94,2.4,2.94,144000,0
2015-08-18,2.81,2.9,2.8,2.9,52000,0
2015-08-19,2.84,2.95,2.77,2.86,202000,0
2015-08-20,2.77,2.94,2.77,2.94,319000,0
2015-08-21,2.8,2.86,2.68,2.72,349000,0
2015-08-24,2.42,2.67,2.21,2.48,635000,0
2015-08-25,2.54,2.55,2.21,2.53,522000,0
2015-08-26,2.58,2.7,2.51,2.59,112000,0
2015-08-27,2.74,2.74,2.6,2.74,374000,0
2015-08-28,2.8,2.85,2.6,2.79,124000,0
2015-08-31,2.6,2.8,2.6,2.75,68000,0
2015-09-01,2.25,2.74,2.25,2.66,127000,0
2015-09-02,2.49,2.66,2.48,2.64,68000,0
2015-09-04,2.62,2.62,2.45,2.62,76000,0
2015-09-07,2.64,2.65,2.55,2.55,52000,0
2015-09-08,2.57,2.8,2.5,2.79,411000,0
2015-09-09,2.89,2.93,2.7,2.87,32610,0
2015-09-10,2.82,2.96,2.82,2.9,108000,0
2015-09-11,3,3,2.81,2.99,75000,0
2015-09-14,2.98,2.98,2.86,2.86,42000,0
2015-09-15,2.86,2.86,2.86,2.86,0,0
2015-09-16,2.88,2.95,2.88,2.95,14000,0
2015-09-17,2.96,2.98,2.94,2.98,84000,0
2015-09-18,2.81,3.04,2.81,3.04,249000,0
2015-09-21,3.01,3.02,2.9,3,77000,0
2015-09-22,3.05,3.05,2.93,3.01,45000,0
2015-09-23,2.91,2.98,2.8,2.96,68000,0
2015-09-24,2.91,2.95,2.91,2.95,4000,0
2015-09-25,3.02,3.02,2.9,2.98,124000,0
2015-09-29,3.1,3.1,2.78,2.85,237600,0
2015-09-30,2.85,2.88,2.38,2.87,239000,0
2015-10-02,2.87,2.88,2.7,2.83,110000,0
2015-10-05,2.87,2.92,2.64,2.9,150000,0
2015-10-06,2.94,2.95,2.93,2.93,196000,0
2015-10-07,2.94,2.95,2.94,2.94,97000,0
2015-10-08,3.08,3.08,2.91,2.92,326000,0
2015-10-09,2.97,3.02,2.96,2.98,341000,0
2015-10-12,3.06,3.12,3.03,3.04,239000,0
2015-10-13,3.11,3.17,3.1,3.14,682000,0
2015-10-14,3.14,3.24,3.1,3.23,262700,0
2015-10-15,3.24,3.3,3.11,3.26,158000,0
2015-10-16,3.2,3.3,3.12,3.3,676000,0
2015-10-19,3.32,3.49,3.32,3.4,252000,0
2015-10-20,3.4,3.47,3.4,3.42,579000,0
2015-10-22,3.35,3.41,3.35,3.35,33000,0
2015-10-23,3.21,3.35,3.08,3.25,123000,0
2015-10-26,3.12,3.25,3.08,3.15,111000,0
2015-10-27,3.06,3.13,3.06,3.06,36000,0
2015-10-28,3.08,3.16,3.07,3.16,22000,0
2015-10-29,3.13,3.18,3.13,3.13,47000,0
2015-10-30,3.1,3.1,3.1,3.1,39000,0
2015-11-02,3.15,3.16,3.15,3.15,118000,0
2015-11-03,3.13,3.13,3.13,3.13,58000,0
2015-11-04,3.12,3.22,2.81,3.13,120000,0
2015-11-05,3.13,3.13,3.12,3.12,24000,0
2015-11-06,3.1,3.13,3.1,3.13,78500,0
2015-11-09,3.12,3.12,3.09,3.1,120000,0
2015-11-10,3.18,3.46,3.16,3.19,501300,0
2015-11-11,3.2,3.2,3,3.06,1498000,0
2015-11-12,3.07,3.1,3.06,3.06,47000,0
2015-11-13,3.06,3.06,3.06,3.06,0,0
2015-11-16,3.04,3.04,2.91,3.02,220000,0
2015-11-17,2.86,3.02,2.86,2.96,179000,0
2015-11-18,2.95,2.98,2.94,2.98,89000,0
2015-11-19,3.05,3.07,3.04,3.05,55000,0
2015-11-20,3.03,3.11,3.02,3.03,157000,0
2015-11-23,3.1,3.5,3.1,3.5,2224000,0
2015-11-24,3.45,3.5,3.43,3.44,147000,0
2015-11-25,3.45,3.47,3.44,3.45,225000,0
2015-11-26,3.45,3.45,3.4,3.4,41000,0
2015-11-27,3.42,3.42,3.4,3.42,227000,0
2015-11-30,3.4,3.4,3.4,3.4,0,0
2015-12-01,3.4,3.4,3.35,3.35,148000,0
2015-12-02,3.32,3.35,3.32,3.34,32000,0
2015-12-03,3.42,3.42,3.09,3.29,423000,0
2015-12-04,3.25,3.27,3.19,3.27,201500,0
2015-12-07,3.15,3.15,3.01,3.1,433300,0
2015-12-08,3.04,3.16,3.04,3.15,187000,0
2015-12-09,3,3.1,3,3.1,33000,0
2015-12-10,3.01,3.19,2.92,3.05,77000,0
2015-12-11,2.97,2.98,2.97,2.98,2000,0
2015-12-14,2.98,3.01,2.89,3.01,71000,0
2015-12-15,2.96,3.09,2.94,3.08,33000,0
2015-12-16,3.08,3.08,3.08,3.08,0,0
2015-12-17,3.1,3.23,3.07,3.16,167000,0
2015-12-18,3.18,3.19,3.15,3.15,186000,0
2015-12-21,3.15,3.15,3.1,3.1,7000,0
2015-12-22,3.06,3.07,3.05,3.06,49400,0
2015-12-23,3.06,3.1,2.97,3.07,109300,0
2015-12-24,3.05,3.26,3.05,3.15,406000,0
2015-12-28,3.15,3.15,3.12,3.12,3000,0
2015-12-29,3.1,3.1,3.1,3.1,0,0
2015-12-30,3.05,3.13,3,3.07,75000,0
2015-12-31,3.07,3.07,3.07,3.07,0,0
2016-01-04,3.07,3.07,2.99,2.99,16000,0
2016-01-05,2.98,3.1,2.89,3.08,86000,0
2016-01-06,3,3.06,2.97,3.06,51000,0
2016-01-07,2.99,3.09,2.81,3,291000,0
2016-01-08,2.99,3.01,2.96,2.98,248000,0
2016-01-11,2.82,2.82,2.8,2.8,132000,0
2016-01-12,2.81,2.84,2.75,2.75,216000,0
2016-01-13,2.79,2.99,2.79,2.85,508000,0
2016-01-14,2.85,2.87,2.76,2.85,62000,0
2016-01-15,2.82,2.82,2.82,2.82,0,0
2016-01-18,2.7,2.82,2.7,2.81,68000,0
2016-01-19,2.85,2.85,2.85,2.85,40000,0
2016-01-20,2.86,2.94,2.85,2.87,76000,0
2016-01-21,2.67,2.9,2.67,2.86,245400,0
2016-01-22,2.9,3,2.57,2.78,311500,0
2016-01-25,2.82,2.85,2.7,2.81,672400,0
2016-01-26,2.76,2.8,2.73,2.75,432000,0
2016-01-27,2.75,2.88,2.75,2.85,312000,0
2016-01-28,2.83,2.85,2.69,2.82,730000,0
2016-01-29,2.8,2.85,2.78,2.85,67000,0
2016-02-01,2.9,2.95,2.9,2.9,94000,0
2016-02-02,2.95,2.95,2.9,2.93,177000,0
2016-02-03,2.92,2.92,2.92,2.92,0,0
2016-02-04,2.92,2.92,2.92,2.92,0,0
2016-02-05,3,3.01,2.84,2.89,128000,0
2016-02-11,2.75,2.84,2.75,2.75,18000,0
2016-02-12,2.7,2.81,2.69,2.81,127000,0
2016-02-15,2.72,2.81,2.72,2.72,17000,0
2016-02-16,2.85,2.97,2.85,2.92,56000,0
2016-02-17,2.85,2.89,2.85,2.85,102000,0
2016-02-18,2.85,2.85,2.82,2.85,305000,0
2016-02-19,2.88,2.9,2.8,2.88,97000,0
2016-02-22,2.5,2.92,2.5,2.92,55000,0
2016-02-23,2.92,2.92,2.92,2.92,0,0
2016-02-24,2.85,2.94,2.79,2.79,29000,0
2016-02-25,2.79,2.79,2.62,2.79,111800,0
2016-02-26,2.8,2.91,2.8,2.9,12000,0
2016-02-29,2.9,2.9,2.9,2.9,0,0
2016-03-01,2.9,2.9,2.9,2.9,0,0
2016-03-02,2.9,2.9,2.9,2.9,5000,0
2016-03-03,2.85,2.91,2.85,2.85,3000,0
2016-03-04,2.85,2.85,2.85,2.85,1400,0
2016-03-07,2.7,2.89,2.7,2.82,78000,0
2016-03-08,2.86,2.93,2.76,2.86,412000,0
2016-03-09,2.86,2.86,2.86,2.86,0,0
2016-03-10,2.8,2.9,2.8,2.8,6000,0
2016-03-11,2.88,2.88,2.75,2.8,47000,0
2016-03-14,2.8,2.8,2.8,2.8,0,0
2016-03-15,2.81,2.81,2.8,2.8,14000,0
2016-03-16,2.8,2.8,2.8,2.8,0,0
2016-03-17,2.68,2.8,2.68,2.8,70000,0
2016-03-18,2.73,2.81,2.73,2.81,423000,0
2016-03-21,2.85,2.9,2.85,2.9,202800,0
2016-03-22,2.88,2.88,2.88,2.88,10000,0
2016-03-23,2.75,2.82,2.75,2.75,58000,0
2016-03-24,2.74,2.75,2.63,2.74,70000,0
2016-03-29,2.79,2.8,2.7,2.76,185000,0
2016-03-30,2.8,2.8,2.79,2.8,422000,0
2016-03-31,2.95,3.09,2.95,2.95,270000,0
2016-04-01,2.95,2.95,2.95,2.95,0,0
2016-04-05,2.85,2.9,2.75,2.85,237000,0
2016-04-06,2.73,2.76,2.73,2.76,8000,0
2016-04-07,2.73,2.81,2.73,2.81,81000,0
2016-04-08,2.81,2.81,2.81,2.81,0,0
2016-04-11,2.81,2.81,2.81,2.81,0,0
2016-04-12,2.8,2.82,2.8,2.8,50000,0
2016-04-13,2.8,2.85,2.75,2.83,209000,0
2016-04-14,2.85,2.86,2.8,2.85,156000,0
2016-04-15,2.79,2.85,2.79,2.79,61000,0
2016-04-18,2.76,2.8,2.7,2.76,47000,0
2016-04-19,2.76,2.8,2.75,2.8,123000,0
2016-04-20,2.8,2.8,2.76,2.76,151000,0
2016-04-21,2.81,2.85,2.8,2.8,86000,0
2016-04-22,2.7,2.81,2.7,2.8,239400,0
2016-04-25,2.79,2.8,2.75,2.8,108000,0
2016-04-26,2.79,2.82,2.79,2.79,2000,0
2016-04-27,2.78,2.8,2.73,2.8,115000,0
2016-04-28,2.8,2.81,2.8,2.81,36000,0
2016-04-29,2.8,2.84,2.8,2.84,131000,0
2016-05-03,2.78,2.8,2.77,2.8,125400,0
2016-05-04,2.72,2.8,2.64,2.8,347000,0
2016-05-05,2.8,2.8,2.8,2.8,0,0
2016-05-06,2.7,2.8,2.63,2.8,126000,0
2016-05-09,2.8,2.8,2.8,2.8,0,0
2016-05-10,2.76,2.76,2.76,2.76,53400,0
2016-05-11,2.68,2.71,2.67,2.71,8000,0
2016-05-12,2.62,2.75,2.6,2.75,72000,0
2016-05-13,2.7,2.75,2.63,2.75,26000,0
2016-05-16,2.75,2.75,2.75,2.75,0,0
2016-05-17,2.72,2.72,2.62,2.71,430000,0
2016-05-18,2.65,2.65,2.6,2.65,51200,0
2016-05-19,2.58,2.58,2.4,2.45,270000,0
2016-05-20,2.45,2.45,2.45,2.45,0,0
2016-05-23,2.45,2.45,2.45,2.45,0,0
2016-05-24,2.45,2.45,2.45,2.45,0,0
2016-05-25,2.45,2.45,2.45,2.45,0,0
2016-05-26,2.3,2.44,2.3,2.3,227000,0
2016-05-27,2.31,2.5,2.3,2.4,190800,0
2016-05-30,2.41,2.41,2.41,2.41,0,0
2016-05-31,2.5,2.5,2.32,2.39,92000,0
2016-06-01,2.47,2.6,2.29,2.4,194000,0
2016-06-02,2.66,2.7,2.32,2.35,126000,0
2016-06-03,2.39,2.41,2.39,2.4,50000,0
2016-06-06,2.4,2.4,2.4,2.4,0,0
2016-06-07,2.72,2.72,2.4,2.55,220000,0
2016-06-08,2.55,2.55,2.55,2.55,0,0
2016-06-10,2.55,2.55,2.55,2.55,0,0
2016-06-13,2.55,2.55,2.55,2.55,0,0
2016-06-14,2.55,2.55,2.55,2.55,15000,0
2016-06-15,2.55,2.55,2.55,2.55,0,0
2016-06-16,2.42,2.42,2.42,2.42,1000,0
2016-06-17,2.44,2.44,2.44,2.44,41000,0
2016-06-20,2.44,2.44,2.44,2.44,0,0
2016-06-21,2.6,2.67,2.6,2.63,66000,0
2016-06-22,2.63,2.63,2.63,2.63,111000,0
2016-06-23,2.53,2.53,2.46,2.53,34000,0
2016-06-24,2.5,2.5,2.49,2.5,29000,0
2016-06-27,2.38,2.6,2.38,2.6,98000,0
2016-06-28,2.6,2.6,2.6,2.6,0,0
2016-06-29,2.6,2.6,2.6,2.6,20000,0
2016-06-30,2.57,2.57,2.57,2.57,20000,0
2016-07-04,2.67,2.67,2.67,2.67,10000,0
2016-07-05,2.67,2.67,2.67,2.67,0,0
2016-07-06,2.47,2.6,2.45,2.58,39000,0
2016-07-07,2.56,2.6,2.5,2.6,165000,0
2016-07-08,2.6,2.6,2.6,2.6,0,0
2016-07-11,2.6,2.6,2.6,2.6,0,0
2016-07-12,2.6,2.6,2.59,2.6,149000,0
2016-07-13,2.6,2.69,2.52,2.69,172200,0
2016-07-14,2.75,2.75,2.7,2.75,98000,0
2016-07-15,2.78,2.78,2.54,2.58,115000,0
2016-07-18,2.55,2.6,2.53,2.6,208000,0
2016-07-19,2.63,2.63,2.54,2.6,187000,0
2016-07-20,2.6,2.6,2.55,2.6,51000,0
2016-07-21,2.6,2.6,2.6,2.6,29000,0
2016-07-22,2.6,2.6,2.59,2.59,163000,0
2016-07-25,2.59,2.59,2.59,2.59,0,0
2016-07-26,2.59,2.59,2.57,2.59,140000,0
2016-07-27,2.63,2.63,2.62,2.62,38000,0
2016-07-28,2.62,2.62,2.62,2.62,3000,0
2016-07-29,2.62,2.62,2.62,2.62,0,0
2016-08-01,2.53,2.62,2.53,2.53,82200,0
2016-08-03,2.55,2.55,2.55,2.55,0,0
2016-08-04,2.56,2.66,2.56,2.62,384900,0
2016-08-05,2.6,2.62,2.56,2.6,19000,0
2016-08-08,2.6,2.6,2.59,2.6,11000,0
2016-08-09,2.58,2.6,2.53,2.59,252000,0
2016-08-10,2.59,2.59,2.57,2.57,25000,0
2016-08-11,2.57,2.57,2.57,2.57,0,0
2016-08-12,2.69,2.69,2.6,2.67,168400,0
2016-08-15,2.66,2.67,2.61,2.61,28000,0
2016-08-16,2.59,2.64,2.59,2.64,97000,0
2016-08-17,2.63,2.63,2.63,2.63,16000,0
2016-08-18,2.69,2.7,2.69,2.69,34000,0
2016-08-19,2.73,2.73,2.73,2.73,2000,0
2016-08-22,2.73,2.81,2.73,2.81,189000,0
2016-08-23,2.67,2.67,2.66,2.67,10000,0
2016-08-24,2.6,2.81,2.59,2.7,132000,0
2016-08-25,2.7,2.7,2.7,2.7,0,0
2016-08-26,2.7,2.7,2.7,2.7,5000,0
2016-08-29,2.77,2.77,2.68,2.76,28000,0
2016-08-30,2.7,2.7,2.66,2.7,669000,0
2016-08-31,2.7,2.7,2.7,2.7,10000,0
2016-09-01,2.69,2.7,2.69,2.7,29000,0
2016-09-02,2.65,2.69,2.56,2.6,131000,0
2016-09-05,2.64,2.65,2.64,2.64,27000,0
2016-09-06,2.63,2.64,2.63,2.63,130000,0
2016-09-07,2.56,2.68,2.56,2.65,61000,0
2016-09-08,2.67,2.68,2.65,2.68,264000,0
2016-09-09,2.7,2.7,2.64,2.64,128000,0
2016-09-12,2.64,2.64,2.63,2.64,41000,0
2016-09-13,2.64,2.64,2.64,2.64,0,0
2016-09-14,2.68,2.68,2.66,2.66,7000,0
2016-09-15,2.6,2.66,2.6,2.66,36000,0
2016-09-19,2.72,2.72,2.7,2.71,116000,0
2016-09-20,2.71,2.71,2.71,2.71,0,0
2016-09-21,2.6,2.6,2.58,2.6,27000,0
2016-09-22,2.66,2.66,2.66,2.66,42000,0
2016-09-23,2.66,2.66,2.66,2.66,0,0
2016-09-26,2.64,2.64,2.62,2.62,61000,0
2016-09-27,2.45,2.56,2.45,2.55,22300,0
2016-09-28,2.64,2.64,2.64,2.64,1000,0
2016-09-29,2.64,2.64,2.64,2.64,0,0
2016-09-30,2.53,2.68,2.52,2.68,24000,0
2016-10-03,2.65,2.65,2.65,2.65,0,0
2016-10-04,2.53,2.66,2.5,2.65,150000,0
2016-10-05,2.6,2.6,2.53,2.6,233000,0
2016-10-06,2.6,2.6,2.58,2.58,242000,0
2016-10-07,2.58,2.58,2.51,2.52,123000,0
2016-10-11,2.51,2.51,2.49,2.49,183000,0
2016-10-12,2.4,2.5,2.4,2.45,134000,0
2016-10-13,2.47,2.47,2.41,2.45,7000,0
2016-10-14,2.41,2.41,2.39,2.4,121000,0
2016-10-17,2.34,2.35,2.3,2.33,240000,0
2016-10-18,2.38,2.41,2.38,2.4,154000,0
2016-10-19,2.4,2.4,2.4,2.4,0,0
2016-10-20,2.32,2.38,2.3,2.35,237000,0
2016-10-24,2.28,2.36,2.28,2.3,148000,0
2016-10-25,2.3,2.3,2.3,2.3,0,0
2016-10-26,2.3,2.3,2.3,2.3,0,0
2016-10-27,2.3,2.3,2.3,2.3,0,0
2016-10-28,2.4,2.4,2.4,2.4,1000,0
2016-10-31,2.47,2.48,2.4,2.47,2679000,0
2016-11-01,2.47,2.47,2.47,2.47,0,0
2016-11-02,2.48,2.48,2.45,2.48,2070000,0
2016-11-03,2.49,2.49,2.49,2.49,0,0
2016-11-04,2.5,2.5,2.35,2.36,61000,0
2016-11-07,2.36,2.44,2.36,2.43,59000,0
2016-11-08,2.43,2.43,2.43,2.43,0,0
2016-11-09,2.31,2.31,2.31,2.31,10000,0
2016-11-10,2.31,2.31,2.31,2.31,0,0
2016-11-11,2.32,2.33,2.32,2.32,51000,0
2016-11-14,2.29,2.29,2.19,2.24,527000,0
2016-11-15,2.25,2.28,2.25,2.26,63000,0
2016-11-16,2.26,2.26,2.26,2.26,0,0
2016-11-17,2.26,2.3,2.26,2.3,43000,0
2016-11-18,2.3,2.4,2.3,2.3,50000,0
2016-11-21,2.37,2.37,2.24,2.37,87000,0
2016-11-22,2.37,2.4,2.36,2.37,216000,0
2016-11-23,2.4,2.63,2.4,2.54,278400,0
2016-11-24,2.53,2.53,2.53,2.53,0,0
2016-11-25,2.52,2.52,2.52,2.52,0,0
2016-11-28,2.52,2.52,2.4,2.49,31000,0
2016-11-29,2.38,2.38,2.35,2.38,30000,0
2016-11-30,2.38,2.4,2.38,2.38,43000,0
2016-12-01,2.34,2.45,2.27,2.39,2524000,0
2016-12-02,2.5,2.5,2.2,2.3,800200,0
2016-12-05,2.29,2.46,2.28,2.37,86000,0
2016-12-06,2.39,2.48,2.39,2.48,359600,0
2016-12-07,2.33,2.35,2.33,2.35,8000,0
2016-12-08,2.47,2.5,2.47,2.5,508000,0
2016-12-09,2.5,2.55,2.48,2.52,171800,0
2016-12-12,2.56,2.68,2.56,2.62,380600,0
2016-12-13,2.61,2.62,2.6,2.61,59800,0
2016-12-14,2.31,2.68,2.31,2.61,199800,0
2016-12-15,2.6,2.6,2.6,2.6,0,0
2016-12-16,2.6,2.6,2.6,2.6,0,0
2016-12-19,2.73,2.73,2.56,2.62,172000,0
2016-12-20,2.64,2.68,2.6,2.64,213000,0
2016-12-21,2.61,2.61,2.61,2.61,0,0
2016-12-22,2.61,2.61,2.5,2.54,133000,0
2016-12-23,2.62,2.62,2.55,2.58,52100,0
2016-12-28,2.6,2.6,2.56,2.6,94800,0
2016-12-29,2.6,2.6,2.46,2.52,48000,0
2016-12-30,2.59,2.6,2.47,2.57,109100,0
2017-01-03,2.55,2.55,2.54,2.54,1400,0
2017-01-04,2.64,2.64,2.54,2.54,8300,0
2017-01-05,2.6,2.67,2.51,2.61,112000,0
2017-01-06,2.68,2.68,2.52,2.59,309900,0
2017-01-09,2.62,2.68,2.55,2.55,168000,0
2017-01-10,2.55,2.58,2.4,2.51,90500,0
2017-01-11,2.6,2.62,2.53,2.6,42000,0
2017-01-12,2.6,2.69,2.52,2.67,335600,0
2017-01-13,2.66,2.67,2.61,2.66,246400,0
2017-01-16,2.66,2.66,2.66,2.66,0,0
2017-01-17,2.66,2.66,2.66,2.66,0,0
2017-01-18,2.54,2.69,2.54,2.67,40800,0
2017-01-19,2.69,2.7,2.56,2.57,111000,0
2017-01-20,2.67,2.95,2.56,2.87,1144500,0
2017-01-23,2.92,3,2.86,2.86,693000,0
2017-01-24,2.96,3.15,2.94,3.13,2711220,0
2017-01-25,3.19,3.28,3.16,3.2,1053500,0
2017-01-26,3.25,3.3,3.16,3.28,722900,0
2017-01-27,3.28,3.28,3.28,3.28,18000,0
2017-02-01,3.38,3.38,3,3.15,203000,0
2017-02-02,3.1,3.35,3.1,3.32,157300,0
2017-02-03,3.33,3.4,3.32,3.36,362000,0
2017-02-06,3.36,3.36,3.36,3.36,245500,0
2017-02-07,3.38,3.51,3.32,3.37,315600,0
2017-02-08,3.42,3.45,3.37,3.4,345500,0
2017-02-09,3.43,3.47,3.35,3.44,397400,0
2017-02-10,3.47,3.5,3.35,3.38,171300,0
2017-02-13,3.48,3.6,3.4,3.55,694800,0
2017-02-14,3.55,3.69,3.55,3.6,660300,0
2017-02-15,3.6,3.68,3.38,3.58,1651000,0
2017-02-16,3.55,3.65,3.28,3.55,1017400,0
2017-02-17,3.6,3.8,3.59,3.69,2103000,0
2017-02-20,3.72,3.86,3.72,3.8,705000,0
2017-02-21,3.8,3.8,3.78,3.79,20000,0
2017-02-22,3.78,3.88,3.48,3.54,937100,0
2017-02-23,3.56,3.65,3.5,3.55,308200,0
2017-02-24,3.51,3.51,3.44,3.51,283000,0
2017-02-27,3.54,3.55,3.48,3.48,39000,0
2017-02-28,3.8,3.8,3.6,3.7,422700,0
2017-03-01,3.8,3.8,3.51,3.71,264670,0
2017-03-02,3.76,3.76,3.55,3.65,596030,0
2017-03-03,3.56,3.63,3.5,3.63,243000,0
2017-03-06,3.54,3.54,3.5,3.5,233100,0
2017-03-07,3.47,3.53,3.47,3.53,17000,0
2017-03-08,3.52,3.63,3.52,3.6,580000,0
2017-03-09,3.6,3.73,3.47,3.55,721000,0
2017-03-10,3.44,3.51,3.4,3.42,178000,0
2017-03-13,3.48,3.5,3.42,3.42,188000,0
2017-03-14,3.62,3.62,3.48,3.51,186200,0
2017-03-15,3.6,3.6,3.46,3.57,713400,0
2017-03-16,3.64,3.64,3.52,3.6,504300,0
2017-03-17,3.63,3.8,3.56,3.8,1514900,0
2017-03-20,3.81,3.85,3.65,3.75,828000,0
2017-03-21,3.78,3.8,3.65,3.74,445000,0
2017-03-22,3.68,3.68,3.64,3.65,319000,0
2017-03-23,3.67,3.68,3.54,3.67,86000,0
2017-03-24,3.61,3.62,3.45,3.58,1074000,0
2017-03-27,3.55,3.56,3.4,3.45,394000,0
2017-03-28,3.44,3.5,3.44,3.49,2000,0
2017-03-29,3.5,3.54,3.42,3.42,187000,0
2017-03-30,3.42,3.42,3.4,3.4,56000,0
2017-03-31,3.39,3.53,3.39,3.53,17000,0
2017-04-03,3.51,3.55,3.51,3.55,198000,0
2017-04-05,3.55,3.55,3.5,3.55,214000,0
2017-04-06,3.5,3.51,3.41,3.41,173000,0
2017-04-07,3.42,3.48,3.37,3.42,457000,0
2017-04-10,3.41,3.53,3.41,3.46,237000,0
2017-04-11,3.52,3.69,3.51,3.55,111200,0
2017-04-12,3.57,3.66,3.55,3.6,569400,0
2017-04-13,3.6,3.65,3.6,3.6,201000,0
2017-04-18,3.58,3.63,3.48,3.6,234400,0
2017-04-19,3.6,3.6,3.5,3.59,264000,0
2017-04-20,3.59,3.59,3.45,3.55,79000,0
2017-04-21,3.52,3.53,3.47,3.47,338000,0
2017-04-24,3.47,3.47,3.47,3.47,2000,0
2017-04-25,3.48,3.48,3.48,3.48,0,0
2017-04-26,3.47,3.5,3.46,3.49,198000,0
2017-04-27,3.47,3.47,3.43,3.44,8000,0
2017-04-28,3.42,3.43,3.24,3.4,480800,0
2017-05-02,3.41,3.55,3.26,3.4,304800,0
2017-05-04,3.38,3.38,3.25,3.35,148200,0
2017-05-05,3.31,3.31,3.14,3.19,452800,0
2017-05-08,3.17,3.17,2.8,2.8,1743000,0
2017-05-09,2.83,3.15,2.83,3.15,229000,0
2017-05-10,3.08,3.15,3,3.12,288000,0
2017-05-11,3.15,3.16,3.15,3.16,36000,0
2017-05-12,3.16,3.21,3.16,3.21,28000,0
2017-05-15,3.21,3.24,3.12,3.15,770000,0
2017-05-16,3.14,3.35,3.1,3.33,462000,0
2017-05-17,3.28,3.4,3.28,3.34,29000,0
2017-05-18,3.28,3.28,3.13,3.18,106100,0
2017-05-19,3.17,3.17,3.17,3.17,4000,0
2017-05-22,3.4,3.4,3.24,3.4,60000,0
2017-05-23,3.49,3.5,3.32,3.48,191000,0
2017-05-24,3.42,3.48,3.42,3.42,86100,0
2017-05-25,3.38,3.5,3.17,3.5,95600,0
2017-05-26,3.55,3.6,3.39,3.39,140100,0
2017-05-29,3.3,3.36,3.24,3.32,530000,0
2017-05-31,3.38,3.6,3.35,3.48,85000,0
2017-06-01,3.48,3.48,3.38,3.38,104200,0
2017-06-02,3.31,3.45,3.3,3.34,18300,0
2017-06-05,3.24,3.34,3.22,3.26,52000,0
2017-06-06,3.29,3.33,3.21,3.21,120100,0
2017-06-07,3.18,3.36,3.18,3.23,263200,0
2017-06-08,3.23,3.28,3.18,3.22,197000,0
2017-06-09,3.22,3.26,3.2,3.26,16000,0
2017-06-12,3.26,3.26,3.18,3.18,267000,0
2017-06-13,3.2,3.3,3.17,3.2,218000,0
2017-06-14,3.29,3.3,3.2,3.29,167000,0
2017-06-15,3.28,3.28,3.2,3.28,38000,0
2017-06-16,3.28,3.29,3.21,3.21,21000,0
2017-06-19,3.22,3.29,3.22,3.23,79000,0
2017-06-20,3.29,3.29,3.2,3.29,70000,0
2017-06-21,3.22,3.28,3.22,3.28,95000,0
2017-06-22,3.27,3.3,3.27,3.3,43000,0
2017-06-23,3.26,3.28,3.25,3.28,39000,0
2017-06-26,3.29,3.4,3.29,3.4,115300,0
2017-06-27,3.48,3.52,3.42,3.5,191100,0
2017-06-28,3.5,3.5,3.38,3.38,22000,0
2017-06-29,3.37,3.37,3.29,3.3,22000,0
2017-06-30,3.3,3.31,3.27,3.29,111000,0
2017-07-03,3.32,3.32,3.32,3.32,20000,0
2017-07-04,3.59,3.6,3.29,3.59,5000,0
2017-07-05,3.29,3.44,3.26,3.43,22000,0
2017-07-06,3.39,3.4,3.31,3.31,23000,0
2017-07-07,3.47,3.47,3.41,3.41,70900,0
2017-07-10,3.39,3.39,3.35,3.35,5000,0
2017-07-11,3.36,3.36,3.3,3.31,72000,0
2017-07-12,3.31,3.31,3.26,3.28,258000,0
2017-07-13,3.29,3.29,3.29,3.29,0,0
2017-07-14,3.3,3.55,3.3,3.48,77000,0
2017-07-17,3.37,3.65,3.37,3.61,475400,0
2017-07-18,3.6,3.61,3.54,3.55,100800,0
2017-07-19,3.47,3.54,3.39,3.47,218800,0
2017-07-20,3.47,3.54,3.42,3.54,420800,0
2017-07-21,3.53,3.53,3.53,3.53,0,0
2017-07-24,3.44,3.46,3.41,3.46,135800,0
2017-07-25,3.41,3.43,3.41,3.41,100000,0
2017-07-26,3.41,3.41,3.41,3.41,1900,0
2017-07-27,3.32,3.32,3.15,3.29,603000,0
2017-07-28,3.29,3.3,3.28,3.29,21000,0
2017-07-31,3.28,3.3,3.28,3.3,42500,0
2017-08-01,3.3,3.39,3.21,3.29,75000,0
2017-08-02,3.29,3.45,3.24,3.33,209000,0
2017-08-03,3.35,3.42,3.25,3.39,1126000,0
2017-08-04,3.41,3.41,3.32,3.4,73000,0
2017-08-07,3.4,3.4,3.32,3.4,71000,0
2017-08-08,3.41,3.41,3.4,3.4,97000,0
2017-08-09,3.51,3.58,3.51,3.51,6000,0
2017-08-10,3.41,3.48,3.4,3.41,317000,0
2017-08-11,3.38,3.54,3.38,3.38,68000,0
2017-08-14,3.38,3.38,3.38,3.38,0,0
2017-08-15,3.42,3.44,3.36,3.42,139000,0
2017-08-16,3.42,3.43,3.38,3.4,576000,0
2017-08-17,3.43,3.54,3.39,3.4,144000,0
2017-08-18,3.39,3.45,3.31,3.4,113100,0
2017-08-21,3.39,3.45,3.38,3.44,65000,0
2017-08-22,3.49,3.49,3.39,3.39,46000,0
2017-08-24,3.4,3.45,3.4,3.45,28000,0
2017-08-25,3.39,3.52,3.39,3.49,77000,0
2017-08-28,3.45,3.45,3.43,3.45,36000,0
2017-08-29,3.4,3.56,3.39,3.56,175000,0
2017-08-30,3.52,3.52,3.45,3.52,16000,0
2017-08-31,3.5,3.5,3.5,3.5,33000,0
2017-09-01,3.49,3.57,3.42,3.56,111000,0
2017-09-04,3.59,3.63,3.45,3.49,66000,0
2017-09-05,3.49,3.49,3.49,3.49,0,0
2017-09-06,3.49,3.49,3.49,3.49,16000,0
2017-09-07,3.48,3.48,3.48,3.48,59000,0
2017-09-08,3.5,3.5,3.48,3.48,69000,0
2017-09-11,3.41,3.48,3.4,3.48,432000,0
2017-09-12,3.42,3.48,3.4,3.48,85000,0
2017-09-13,3.5,3.5,3.49,3.5,68000,0
2017-09-14,3.48,3.5,3.44,3.5,233000,0
2017-09-15,3.45,3.53,3.44,3.48,415000,0
2017-09-18,3.49,3.52,3.48,3.52,122000,0
2017-09-19,3.53,3.53,3.45,3.48,519000,0
2017-09-20,3.49,3.55,3.41,3.5,509000,0
2017-09-21,3.49,3.55,3.49,3.5,44000,0
2017-09-22,3.54,3.6,3.54,3.55,540400,0
2017-09-25,3.5,3.5,3.45,3.5,46000,0
2017-09-26,3.42,3.5,3.42,3.5,21000,0
2017-09-27,3.52,3.52,3.52,3.52,81000,0
2017-09-28,3.49,3.5,3.45,3.49,240000,0
2017-09-29,3.5,3.5,3.5,3.5,131000,0
2017-10-03,3.48,3.49,3.46,3.46,13000,0
2017-10-04,3.48,3.5,3.48,3.48,42000,0
2017-10-06,3.48,3.53,3.45,3.5,434000,0
2017-10-09,3.52,3.52,3.48,3.5,70000,0
2017-10-10,3.5,3.52,3.48,3.52,82000,0
2017-10-11,3.52,3.53,3.49,3.52,150000,0
2017-10-12,3.5,3.51,3.48,3.5,416000,0
2017-10-13,3.46,3.5,3.46,3.5,57000,0
2017-10-16,3.49,3.5,3.45,3.5,270000,0
2017-10-17,3.52,3.52,3.46,3.52,12000,0
2017-10-18,3.52,3.52,3.52,3.52,0,0
2017-10-19,3.53,3.53,3.46,3.5,110000,0
2017-10-20,3.52,3.54,3.49,3.5,112000,0
2017-10-23,3.5,3.5,3.5,3.5,0,0
2017-10-24,3.5,3.5,3.49,3.5,260000,0
2017-10-25,3.5,3.5,3.5,3.5,10000,0
2017-10-26,3.5,3.5,3.49,3.5,361000,0
2017-10-27,3.52,3.55,3.52,3.52,468000,0
2017-10-30,3.5,3.52,3.49,3.5,69000,0
2017-10-31,3.5,3.5,3.48,3.5,68900,0
2017-11-01,3.5,3.53,3.5,3.51,238000,0
2017-11-02,3.51,3.51,3.51,3.51,0,0
2017-11-03,3.5,3.51,3.49,3.51,32000,0
2017-11-06,3.49,3.5,3.45,3.5,256000,0
2017-11-07,3.46,3.52,3.46,3.52,711000,0
2017-11-08,3.52,3.52,3.46,3.52,221000,0
2017-11-09,3.52,3.53,3.52,3.53,312000,0
2017-11-10,3.47,3.53,3.47,3.53,125000,0
2017-11-13,3.53,3.55,3.45,3.53,301500,0
2017-11-14,3.53,3.53,3.47,3.53,8000,0
2017-11-15,3.52,3.53,3.5,3.53,259000,0
2017-11-16,3.53,3.53,3.53,3.53,0,0
2017-11-17,3.51,3.6,3.51,3.59,438000,0
2017-11-20,3.6,3.6,3.59,3.59,44000,0
2017-11-21,3.63,3.63,3.5,3.58,42600,0
2017-11-22,3.6,3.7,3.5,3.7,325600,0
2017-11-23,3.6,3.88,3.6,3.8,1895000,0
2017-11-24,3.81,3.81,3.73,3.78,93000,0
2017-11-27,3.84,3.99,3.62,3.65,524000,0
2017-11-28,3.75,3.86,3.75,3.76,304000,0
2017-11-29,3.8,3.83,3.76,3.8,129400,0
2017-11-30,3.8,3.82,3.78,3.78,26000,0
2017-12-01,3.7,3.83,3.63,3.75,59000,0
2017-12-04,3.76,3.85,3.6,3.81,275200,0
2017-12-05,4.19,4.19,3.77,3.8,1118800,0
2017-12-06,3.81,3.81,3.66,3.81,493800,0
2017-12-07,3.8,3.85,3.66,3.73,124600,0
2017-12-08,3.73,3.73,3.69,3.69,14000,0
2017-12-11,3.75,3.84,3.75,3.8,264800,0
2017-12-12,3.85,3.86,3.69,3.83,596800,0
2017-12-13,3.81,3.95,3.73,3.8,227400,0
2017-12-14,3.8,3.92,3.79,3.86,786000,0
2017-12-15,3.8,3.91,3.8,3.82,381000,0
2017-12-18,3.82,3.82,3.76,3.8,246000,0
2017-12-19,3.8,3.87,3.8,3.81,212380,0
2017-12-20,3.8,3.8,3.71,3.78,8345,0
2017-12-21,3.79,3.79,3.67,3.69,75000,0
2017-12-22,3.7,3.8,3.7,3.76,32380,0
2017-12-27,3.68,3.75,3.68,3.68,12000,0
2017-12-28,3.61,3.74,3.52,3.6,305200,0
2017-12-29,3.6,3.88,3.6,3.86,171690,0
2018-01-02,3.9,3.96,3.74,3.85,409035,0
2018-01-03,3.98,3.98,3.73,3.96,660035,0
2018-01-04,3.84,3.94,3.82,3.85,31000,0
2018-01-05,3.86,3.94,3.82,3.82,75725,0
2018-01-08,3.87,3.98,3.84,3.96,493980,0
2018-01-09,4,4,3.84,3.93,274490,0
2018-01-10,3.95,3.97,3.86,3.9,195490,0
2018-01-11,3.94,4.1,3.82,3.85,561410,0
2018-01-12,3.86,3.95,3.85,3.89,116000,0
2018-01-15,3.87,3.99,3.73,3.83,554000,0
2018-01-16,3.84,3.84,3.77,3.77,57000,0
2018-01-17,3.83,3.83,3.75,3.75,56000,0
2018-01-18,3.8,3.85,3.8,3.8,3000,0
2018-01-19,3.8,3.8,3.8,3.8,0,0
2018-01-22,3.72,3.78,3.7,3.72,58000,0
2018-01-23,3.78,3.84,3.7,3.77,44000,0
2018-01-24,3.84,3.98,3.77,3.95,243450,0
2018-01-25,3.95,4.03,3.93,3.96,960000,0
2018-01-26,3.92,3.92,3.88,3.88,113000,0
2018-01-29,3.82,3.87,3.78,3.81,99000,0
2018-01-30,3.79,3.9,3.79,3.85,610000,0
2018-01-31,4,4.09,3.84,4,186000,0
2018-02-01,4.02,4.08,3.84,3.92,147960,0
2018-02-02,3.89,3.89,3.89,3.89,38000,0
2018-02-05,3.81,3.96,3.77,3.91,261000,0
2018-02-06,3.62,3.68,3.62,3.65,61000,0
2018-02-07,3.73,3.73,3.7,3.7,42000,0
2018-02-08,3.7,3.7,3.7,3.7,0,0
2018-02-09,3.5,3.7,3.48,3.51,410000,0
2018-02-12,3.51,3.64,3.51,3.53,37000,0
2018-02-13,3.55,3.55,3.55,3.55,0,0
2018-02-14,3.6,3.6,3.57,3.6,1000,0
2018-02-15,3.8,4,3.8,4,101960,0
2018-02-20,3.51,4.2,3.48,4.1,562000,0
2018-02-21,4.09,4.1,4,4,96000,0
2018-02-22,3.99,3.99,3.88,3.97,7000,0
2018-02-23,3.97,3.97,3.97,3.97,0,0
2018-02-26,3.55,3.8,3.55,3.8,14000,0
2018-02-27,3.83,3.83,3.83,3.83,4000,0
2018-02-28,3.78,3.78,3.55,3.59,253980,0
2018-03-01,3.69,3.7,3.69,3.7,25000,0
2018-03-02,3.68,3.68,3.67,3.68,36000,0
2018-03-05,3.79,3.8,3.75,3.79,36450,0
2018-03-06,3.9,3.9,3.8,3.9,239000,0
2018-03-07,3.9,3.9,3.9,3.9,100000,0
2018-03-08,3.9,3.9,3.9,3.9,0,0
2018-03-09,3.91,3.97,3.9,3.9,152000,0
2018-03-12,3.89,3.89,3.89,3.89,20000,0
2018-03-13,3.98,3.98,3.98,3.98,10000,0
2018-03-14,3.8,3.8,3.8,3.8,23000,0
2018-03-15,3.8,3.8,3.8,3.8,0,0
2018-03-16,3.8,3.8,3.8,3.8,0,0
2018-03-19,3.73,3.73,3.66,3.73,9000,0
2018-03-20,3.7,3.7,3.61,3.68,273960,0
2018-03-21,3.63,3.71,3.63,3.71,13980,0
2018-03-22,3.6,3.66,3.5,3.65,61000,0
2018-03-23,3.6,3.65,3.51,3.57,371470,0
2018-03-26,3.57,3.59,3.4,3.5,737940,0
2018-03-27,3.59,3.85,3.59,3.69,29000,0
2018-03-28,3.49,3.55,3.49,3.54,166500,0
2018-03-29,3.65,3.65,3.6,3.65,97000,0
