Date,Open,High,Low,Close,Volume,OpenInt
2007-12-19,2.732,2.732,2.732,2.732,0,0
2007-12-24,2.303,2.303,2.303,2.303,10536000,0
2007-12-28,2.652,2.652,2.652,2.652,64285000,0
2008-01-02,2.514,2.514,2.514,2.514,8700000,0
2008-01-04,2.426,2.426,2.426,2.426,4680000,0
2008-01-08,2.237,2.237,2.237,2.237,4923000,0
2008-01-10,2.215,2.215,2.215,2.215,1721000,0
2008-01-14,1.931,1.931,1.931,1.931,2845000,0
2008-01-16,1.851,1.851,1.851,1.851,1880000,0
2008-01-18,1.997,1.997,1.997,1.997,2098000,0
2008-01-22,1.771,1.771,1.771,1.771,2152000,0
2008-01-24,1.822,1.822,1.822,1.822,1299000,0
2008-01-28,1.895,1.895,1.895,1.895,1609000,0
2008-01-30,1.931,1.931,1.931,1.931,797000,0
2008-02-01,2.179,2.179,2.179,2.179,1645000,0
2008-02-05,2.04,2.04,2.04,2.04,1005000,0
2008-02-11,1.909,1.909,1.909,1.909,520000,0
2008-02-13,1.895,1.895,1.895,1.895,600000,0
2008-02-15,1.909,1.909,1.909,1.909,259000,0
2008-02-19,1.909,1.909,1.909,1.909,240000,0
2008-02-21,1.946,1.946,1.946,1.946,646000,0
2008-02-25,1.895,1.895,1.895,1.895,1932000,0
2008-02-27,1.96,1.96,1.96,1.96,1099000,0
2008-02-29,1.916,1.916,1.916,1.916,944000,0
2008-03-04,1.895,1.895,1.895,1.895,1434000,0
2008-03-06,1.844,1.844,1.844,1.844,88000,0
2008-03-10,1.829,1.829,1.829,1.829,466000,0
2008-03-12,1.865,1.865,1.865,1.865,589000,0
2008-03-14,1.829,1.829,1.829,1.829,548000,0
2008-03-18,1.676,1.676,1.676,1.676,486000,0
2008-03-20,1.676,1.676,1.676,1.676,503000,0
2008-03-26,1.669,1.669,1.669,1.669,1085000,0
2008-03-28,1.676,1.676,1.676,1.676,642000,0
2008-04-01,1.814,1.814,1.814,1.814,363000,0
2008-04-03,1.763,1.763,1.763,1.763,370000,0
2008-04-08,1.895,1.895,1.895,1.895,1406000,0
2008-04-10,2.026,2.026,2.026,2.026,1611000,0
2008-04-14,2.099,2.099,2.099,2.099,1452000,0
2008-04-16,2.077,2.077,2.077,2.077,868000,0
2008-04-18,2.113,2.113,2.113,2.113,739000,0
2008-04-22,2.018,2.018,2.018,2.018,971000,0
2008-04-24,2.077,2.077,2.077,2.077,724000,0
2008-04-28,2.055,2.055,2.055,2.055,534000,0
2008-04-30,2.069,2.069,2.069,2.069,298000,0
2008-05-05,2.069,2.069,2.069,2.069,893000,0
2008-05-07,2.018,2.018,2.018,2.018,729000,0
2008-05-09,2.055,2.055,2.055,2.055,276000,0
2008-05-14,2.026,2.026,2.026,2.026,408000,0
2008-05-16,2.048,2.048,2.048,2.048,392000,0
2008-05-20,1.938,1.938,1.938,1.938,2875000,0
2008-05-22,1.851,1.851,1.851,1.851,4374000,0
2008-05-26,1.818,1.818,1.818,1.818,1879000,0
2008-05-28,1.756,1.756,1.756,1.756,1041000,0
2008-05-30,1.74,1.74,1.74,1.74,2661486,0
2008-06-03,1.529,1.529,1.529,1.529,3667000,0
2008-06-05,1.444,1.444,1.444,1.444,3129000,0
2008-06-10,1.272,1.272,1.272,1.272,2004000,0
2008-06-12,1.311,1.311,1.311,1.311,963000,0
2008-06-16,1.334,1.334,1.334,1.334,379000,0
2008-06-18,1.358,1.358,1.358,1.358,63000,0
2008-06-20,1.248,1.248,1.248,1.248,404000,0
2008-06-24,1.194,1.194,1.194,1.194,218000,0
2008-06-26,1.194,1.194,1.194,1.194,188000,0
2008-06-30,1.248,1.248,1.248,1.248,325000,0
2008-07-03,1.194,1.194,1.194,1.194,157000,0
2008-07-07,1.17,1.17,1.17,1.17,264000,0
2008-07-09,1.131,1.131,1.131,1.131,1072000,0
2008-07-11,1.155,1.155,1.155,1.155,290000,0
2008-07-15,1.264,1.264,1.264,1.264,830000,0
2008-07-17,1.233,1.233,1.233,1.233,514000,0
2008-07-21,1.241,1.241,1.241,1.241,167000,0
2008-07-23,1.264,1.264,1.264,1.264,170000,0
2008-07-25,1.241,1.241,1.241,1.241,96000,0
2008-07-29,1.241,1.241,1.241,1.241,2000,0
2008-07-31,1.327,1.327,1.327,1.327,559000,0
2008-08-04,1.327,1.327,1.327,1.327,95000,0
2008-08-07,1.287,1.287,1.287,1.287,77000,0
2008-08-11,1.233,1.233,1.233,1.233,194000,0
2008-08-13,1.248,1.248,1.248,1.248,1002000,0
2008-08-15,1.342,1.342,1.342,1.342,369000,0
2008-08-19,1.248,1.248,1.248,1.248,103000,0
2008-08-21,1.233,1.233,1.233,1.233,1803000,0
2008-08-26,1.248,1.248,1.248,1.248,50000,0
2008-08-28,1.233,1.233,1.233,1.233,91000,0
2008-09-01,1.233,1.233,1.233,1.233,20000,0
2008-09-03,1.233,1.233,1.233,1.233,173000,0
2008-09-05,1.139,1.139,1.139,1.139,1174000,0
2008-09-09,1.116,1.116,1.116,1.116,19000,0
2008-09-11,0.843,0.843,0.843,0.843,327000,0
2008-09-16,0.788,0.788,0.788,0.788,677000,0
2008-09-18,0.679,0.679,0.679,0.679,638000,0
2008-09-22,0.726,0.726,0.726,0.726,590000,0
2008-09-24,0.694,0.694,0.694,0.694,398000,0
2008-09-26,0.702,0.702,0.702,0.702,119000,0
2008-09-30,0.694,0.694,0.694,0.694,26000,0
2008-10-03,0.694,0.694,0.694,0.694,0,0
2008-10-08,0.648,0.648,0.648,0.648,744000,0
2008-10-10,0.585,0.585,0.585,0.585,147000,0
2008-10-14,0.499,0.499,0.499,0.499,717000,0
2008-10-16,0.406,0.406,0.406,0.406,581000,0
2008-10-20,0.453,0.453,0.453,0.453,1068000,0
2008-10-22,0.297,0.297,0.297,0.297,2102000,0
2008-10-24,0.281,0.281,0.281,0.281,534000,0
2008-10-28,0.308,0.308,0.308,0.308,1874000,0
2008-10-30,0.304,0.304,0.304,0.304,420000,0
2008-11-03,0.32,0.32,0.32,0.32,798000,0
2008-11-05,0.386,0.386,0.386,0.386,1165000,0
2008-11-07,0.343,0.343,0.343,0.343,172000,0
2008-11-11,0.359,0.359,0.359,0.359,140000,0
2008-11-13,0.343,0.343,0.343,0.343,262000,0
2008-11-17,0.343,0.343,0.343,0.343,96000,0
2008-11-19,0.351,0.351,0.351,0.351,417000,0
2008-11-21,0.32,0.32,0.32,0.32,540000,0
2008-11-25,0.312,0.312,0.312,0.312,272000,0
2008-11-27,0.324,0.324,0.324,0.324,448000,0
2008-12-01,0.332,0.332,0.332,0.332,424000,0
2008-12-03,0.328,0.328,0.328,0.328,570000,0
2008-12-05,0.332,0.332,0.332,0.332,125000,0
2008-12-09,0.351,0.351,0.351,0.351,1288000,0
2008-12-11,0.406,0.406,0.406,0.406,7109000,0
2008-12-15,0.414,0.414,0.414,0.414,1839000,0
2008-12-17,0.429,0.429,0.429,0.429,1304000,0
2008-12-19,0.429,0.429,0.429,0.429,689000,0
2008-12-23,0.421,0.421,0.421,0.421,505000,0
2008-12-29,0.421,0.421,0.421,0.421,108000,0
2008-12-31,0.445,0.445,0.445,0.445,35000,0
2009-01-05,0.609,0.609,0.609,0.609,7042000,0
2009-01-07,0.531,0.531,0.531,0.531,2496000,0
2009-01-09,0.515,0.515,0.515,0.515,944000,0
2009-01-13,0.468,0.468,0.468,0.468,376000,0
2009-01-15,0.476,0.476,0.476,0.476,377000,0
2009-01-19,0.453,0.453,0.453,0.453,656000,0
2009-01-21,0.414,0.414,0.414,0.414,260000,0
2009-01-23,0.421,0.421,0.421,0.421,40000,0
2009-01-30,0.421,0.421,0.421,0.421,0,0
2009-02-03,0.414,0.414,0.414,0.414,389000,0
2009-02-05,0.363,0.363,0.363,0.363,2945000,0
2009-02-09,0.355,0.355,0.355,0.355,1470000,0
2009-02-11,0.359,0.359,0.359,0.359,3048000,0
2009-02-13,0.39,0.39,0.39,0.39,29367000,0
2009-02-17,0.386,0.386,0.386,0.386,8669000,0
2009-02-19,0.359,0.359,0.359,0.359,4892000,0
2009-02-23,0.289,0.289,0.289,0.289,12730000,0
2009-02-26,0.312,0.312,0.312,0.312,2741000,0
2009-03-02,0.304,0.304,0.304,0.304,1537000,0
2009-03-04,0.312,0.312,0.312,0.312,2561000,0
2009-03-06,0.308,0.308,0.308,0.308,1519000,0
2009-03-10,0.289,0.289,0.289,0.289,2155000,0
2009-03-12,0.289,0.289,0.289,0.289,2478000,0
2009-03-16,0.312,0.312,0.312,0.312,2460000,0
2009-03-18,0.328,0.328,0.328,0.328,3363000,0
2009-03-20,0.32,0.32,0.32,0.32,2933000,0
2009-03-24,0.343,0.343,0.343,0.343,2021000,0
2009-03-26,0.39,0.39,0.39,0.39,14702000,0
2009-03-30,0.437,0.437,0.437,0.437,12153000,0
2009-04-01,0.347,0.347,0.347,0.347,6585000,0
2009-04-03,0.351,0.351,0.351,0.351,4766700,0
2009-04-07,0.406,0.406,0.406,0.406,14590000,0
2009-04-09,0.39,0.39,0.39,0.39,4436000,0
2009-04-15,0.429,0.429,0.429,0.429,3932000,0
2009-04-17,0.39,0.39,0.39,0.39,8829000,0
2009-04-21,0.398,0.398,0.398,0.398,2847000,0
2009-04-23,0.453,0.453,0.453,0.453,12435000,0
2009-04-27,0.429,0.429,0.429,0.429,7074000,0
2009-04-29,0.437,0.437,0.437,0.437,6680000,0
2009-05-04,0.484,0.484,0.484,0.484,9280000,0
2009-05-06,0.556,0.556,0.556,0.556,7113000,0
2009-05-08,0.589,0.589,0.589,0.589,4975000,0
2009-05-12,0.548,0.548,0.548,0.548,3313000,0
2009-05-14,0.565,0.565,0.565,0.565,3946000,0
2009-05-18,0.581,0.581,0.581,0.581,1687000,0
2009-05-20,0.589,0.589,0.589,0.589,1292000,0
2009-05-22,0.613,0.613,0.613,0.613,2966000,0
2009-05-26,0.621,0.621,0.621,0.621,886000,0
2009-05-29,0.629,0.629,0.629,0.629,1431000,0
2009-06-02,0.621,0.621,0.621,0.621,2883000,0
2009-06-04,0.669,0.669,0.669,0.669,8782000,0
2009-06-08,0.75,0.75,0.75,0.75,3511000,0
2009-06-10,0.847,0.847,0.847,0.847,8659000,0
2009-06-12,0.927,0.927,0.927,0.927,4990000,0
2009-06-16,0.782,0.782,0.782,0.782,4476000,0
2009-06-18,0.839,0.839,0.839,0.839,2031000,0
2009-06-22,0.847,0.847,0.847,0.847,1650000,0
2009-06-24,0.831,0.831,0.831,0.831,752000,0
2009-06-26,0.839,0.839,0.839,0.839,4788000,0
2009-06-30,0.815,0.815,0.815,0.815,966000,0
2009-07-03,0.734,0.734,0.734,0.734,3460000,0
2009-07-07,0.71,0.71,0.71,0.71,1164000,0
2009-07-09,0.71,0.71,0.71,0.71,2230000,0
2009-07-13,0.702,0.702,0.702,0.702,425000,0
2009-07-15,0.75,0.75,0.75,0.75,1648000,0
2009-07-17,0.75,0.75,0.75,0.75,1950000,0
2009-07-21,0.742,0.742,0.742,0.742,1951000,0
2009-07-23,0.79,0.79,0.79,0.79,3436000,0
2009-07-27,0.855,0.855,0.855,0.855,2844000,0
2009-07-29,0.863,0.863,0.863,0.863,5799360,0
2009-07-31,0.895,0.895,0.895,0.895,1147000,0
2009-08-04,0.895,0.895,0.895,0.895,2728000,0
2009-08-06,0.855,0.855,0.855,0.855,424000,0
2009-08-10,0.839,0.839,0.839,0.839,755000,0
2009-08-12,0.831,0.831,0.831,0.831,1447000,0
2009-08-14,0.807,0.807,0.807,0.807,627000,0
2009-08-18,0.742,0.742,0.742,0.742,1043000,0
2009-08-20,0.758,0.758,0.758,0.758,36000,0
2009-08-24,0.782,0.782,0.782,0.782,363000,0
2009-08-26,0.823,0.823,0.823,0.823,581000,0
2009-08-28,0.855,0.855,0.855,0.855,4494000,0
2009-09-01,0.807,0.807,0.807,0.807,453000,0
2009-09-03,0.807,0.807,0.807,0.807,453400,0
2009-09-07,0.807,0.807,0.807,0.807,686000,0
2009-09-09,0.79,0.79,0.79,0.79,942000,0
2009-09-11,0.798,0.798,0.798,0.798,248000,0
2009-09-15,0.79,0.79,0.79,0.79,305000,0
2009-09-17,0.807,0.807,0.807,0.807,1161000,0
2009-09-21,0.887,0.887,0.887,0.887,5666000,0
2009-09-23,0.976,0.976,0.976,0.976,5462000,0
2009-09-25,0.976,0.976,0.976,0.976,1849000,0
2009-09-29,1.105,1.105,1.105,1.105,7817000,0
2009-10-02,1.153,1.153,1.153,1.153,2280000,0
2009-10-06,1.226,1.226,1.226,1.226,1511000,0
2009-10-08,1.266,1.266,1.266,1.266,1672000,0
2009-10-12,1.363,1.363,1.363,1.363,1455100,0
2009-10-14,1.347,1.347,1.347,1.347,1079000,0
2009-10-16,1.403,1.403,1.403,1.403,2398000,0
2009-10-20,1.452,1.452,1.452,1.452,2999500,0
2009-10-22,1.419,1.419,1.419,1.419,324000,0
2009-10-27,1.411,1.411,1.411,1.411,1011000,0
2009-10-29,1.363,1.363,1.363,1.363,1855000,0
2009-11-02,1.331,1.331,1.331,1.331,11269500,0
2009-11-04,1.428,1.428,1.428,1.428,3490000,0
2009-11-06,1.476,1.476,1.476,1.476,2380000,0
2009-11-10,1.436,1.436,1.436,1.436,1146000,0
2009-11-12,1.452,1.452,1.452,1.452,2734054,0
2009-11-16,1.336,1.336,1.336,1.336,3820000,0
2009-11-18,1.256,1.256,1.256,1.256,3449000,0
2009-11-20,1.416,1.416,1.416,1.416,6605500,0
2009-11-24,1.38,1.38,1.38,1.38,3105000,0
2009-11-26,1.309,1.309,1.309,1.309,5600000,0
2009-11-30,1.264,1.264,1.264,1.264,2650000,0
2009-12-02,1.282,1.282,1.282,1.282,1909500,0
2009-12-04,1.362,1.362,1.362,1.362,5359000,0
2009-12-08,1.398,1.398,1.398,1.398,5596000,0
2009-12-10,1.407,1.407,1.407,1.407,4572000,0
2009-12-14,1.425,1.425,1.425,1.425,5410000,0
2009-12-16,1.389,1.389,1.389,1.389,1163000,0
2009-12-18,1.46,1.46,1.46,1.46,3826000,0
2009-12-22,1.469,1.469,1.469,1.469,5256000,0
2009-12-24,1.443,1.443,1.443,1.443,3680000,0
2009-12-29,1.425,1.425,1.425,1.425,2351000,0
2009-12-31,1.451,1.451,1.451,1.451,2983000,0
2010-01-05,1.443,1.443,1.443,1.443,488000,0
2010-01-07,1.443,1.443,1.443,1.443,2109000,0
2010-01-11,1.371,1.371,1.371,1.371,1567000,0
2010-01-13,1.371,1.371,1.371,1.371,751000,0
2010-01-15,1.398,1.398,1.398,1.398,769000,0
2010-01-19,1.336,1.336,1.336,1.336,1348000,0
2010-01-21,1.291,1.291,1.291,1.291,493000,0
2010-01-25,1.158,1.158,1.158,1.158,1031000,0
2010-01-27,1.069,1.069,1.069,1.069,983000,0
2010-01-29,1.113,1.113,1.113,1.113,677000,0
2010-02-02,1.167,1.167,1.167,1.167,287000,0
2010-02-04,1.211,1.211,1.211,1.211,484000,0
2010-02-08,1.3,1.39,1.3,1.34,132000,0
2010-02-09,1.34,1.39,1.33,1.38,347000,0
2010-02-10,1.33,1.38,1.33,1.38,101000,0
2010-02-11,1.38,1.41,1.38,1.4,385000,0
2010-02-12,1.4,1.55,1.4,1.49,1452000,0
2010-02-17,1.5,1.57,1.48,1.49,342000,0
2010-02-18,1.58,1.58,1.48,1.5,154000,0
2010-02-19,1.5,1.5,1.44,1.44,277000,0
2010-02-22,1.48,1.49,1.45,1.47,210000,0
2010-02-23,1.42,1.45,1.38,1.42,227000,0
2010-02-24,1.44,1.44,1.38,1.4,324000,0
2010-02-25,1.42,1.42,1.38,1.39,501000,0
2010-02-26,1.38,1.44,1.38,1.42,253000,0
2010-03-01,1.4,1.42,1.38,1.41,191000,0
2010-03-02,1.41,1.41,1.38,1.39,230000,0
2010-03-03,1.4,1.41,1.38,1.41,440000,0
2010-03-04,1.4,1.41,1.39,1.39,342000,0
2010-03-05,1.38,1.41,1.38,1.41,587000,0
2010-03-08,1.41,1.44,1.4,1.44,223000,0
2010-03-09,1.44,1.44,1.4,1.41,283100,0
2010-03-10,1.41,1.46,1.41,1.45,1079000,0
2010-03-11,1.45,1.46,1.41,1.42,356000,0
2010-03-12,1.4,1.47,1.4,1.45,577493,0
2010-03-15,1.45,1.52,1.45,1.49,995000,0
2010-03-16,1.48,1.5,1.44,1.47,723000,0
2010-03-17,1.47,1.5,1.45,1.5,695000,0
2010-03-18,1.51,1.51,1.45,1.5,375000,0
2010-03-19,1.46,1.5,1.46,1.5,332000,0
2010-03-22,1.48,1.5,1.47,1.5,158000,0
2010-03-23,1.5,1.52,1.48,1.5,412000,0
2010-03-24,1.51,1.51,1.5,1.5,293000,0
2010-03-25,1.48,1.5,1.45,1.49,547000,0
2010-03-26,1.47,1.48,1.42,1.48,467000,0
2010-03-29,1.5,1.55,1.5,1.55,1531000,0
2010-03-30,1.55,1.58,1.53,1.55,503000,0
2010-03-31,1.91,2.17,1.77,1.98,25313000,0
2010-04-01,2,2.08,2,2.02,7768000,0
2010-04-07,2.05,2.08,1.98,2.03,6030000,0
2010-04-08,2.01,2.12,1.98,2.11,6588000,0
2010-04-09,2.08,2.31,2.08,2.29,10168000,0
2010-04-12,2.32,2.45,2.29,2.44,9168000,0
2010-04-13,2.46,2.55,2.34,2.35,8011000,0
2010-04-14,2.39,2.4,2.29,2.33,3640000,0
2010-04-15,2.35,2.35,2.28,2.28,2745000,0
2010-04-16,2.28,2.28,2.21,2.24,5144000,0
2010-04-19,2.23,2.42,2.21,2.35,4822000,0
2010-04-20,2.36,2.4,2.3,2.36,2921000,0
2010-04-21,2.36,2.52,2.29,2.5,13639000,0
2010-04-22,2.34,2.35,2.23,2.28,3276000,0
2010-04-23,2.3,2.3,2.14,2.15,3817621,0
2010-04-26,2.15,2.16,2.04,2.05,2068000,0
2010-04-27,2.08,2.12,1.95,2,4542000,0
2010-04-28,2,2,1.89,1.93,3938000,0
2010-04-29,1.95,1.95,1.85,1.89,7423000,0
2010-04-30,1.95,2.23,1.92,2.2,12578000,0
2010-05-03,2.18,2.33,2.16,2.27,7912000,0
2010-05-04,2.31,2.5,2.28,2.49,14177000,0
2010-05-05,2.45,2.63,2.37,2.42,8595000,0
2010-05-06,2.38,2.4,2.14,2.3,4865000,0
2010-05-07,2.2,2.36,2.16,2.23,2867500,0
2010-05-10,2.26,2.32,2.15,2.23,2423000,0
2010-05-11,2.2,2.2,1.99,2.01,12413000,0
2010-05-12,2.04,2.04,1.95,1.98,2709000,0
2010-05-13,2.02,2.14,1.98,2.08,4458000,0
2010-05-14,2.09,2.14,2.06,2.08,2789000,0
2010-05-17,2.02,2.02,1.96,1.97,2045000,0
2010-05-18,1.97,1.98,1.93,1.94,1241000,0
2010-05-19,1.95,1.95,1.82,1.82,1945000,0
2010-05-20,1.81,1.88,1.74,1.77,4628000,0
2010-05-24,1.79,1.82,1.78,1.79,1192000,0
2010-05-25,1.79,1.79,1.69,1.71,2967000,0
2010-05-26,1.71,1.75,1.7,1.74,471000,0
2010-05-27,1.7,1.97,1.7,1.89,2638000,0
2010-05-28,1.94,2,1.91,1.94,2869000,0
2010-05-31,1.92,1.98,1.85,1.86,1792000,0
2010-06-01,1.86,1.93,1.8,1.86,875000,0
2010-06-02,1.85,1.95,1.82,1.84,833000,0
2010-06-03,1.88,1.93,1.87,1.9,1166000,0
2010-06-04,1.88,1.93,1.88,1.91,526000,0
2010-06-07,1.89,1.89,1.83,1.84,728000,0
2010-06-08,1.89,1.94,1.86,1.91,1204000,0
2010-06-09,1.88,1.91,1.87,1.91,617000,0
2010-06-10,1.92,1.93,1.89,1.89,1259000,0
2010-06-11,1.9,1.98,1.9,1.94,1621000,0
2010-06-14,1.95,1.97,1.88,1.93,896000,0
2010-06-15,1.89,1.94,1.88,1.91,530000,0
2010-06-17,1.89,1.92,1.89,1.91,456000,0
2010-06-18,1.92,1.94,1.92,1.92,472000,0
2010-06-21,1.92,1.95,1.89,1.94,995000,0
2010-06-22,1.92,1.95,1.92,1.93,302000,0
2010-06-23,1.92,1.96,1.92,1.96,350000,0
2010-06-24,1.93,1.96,1.93,1.93,197000,0
2010-06-25,1.92,1.93,1.89,1.91,700000,0
2010-06-28,1.9,1.95,1.9,1.91,454000,0
2010-06-29,1.91,1.94,1.91,1.92,429000,0
2010-06-30,1.9,1.94,1.88,1.91,247000,0
2010-07-02,1.89,1.9,1.86,1.88,176000,0
2010-07-05,1.87,1.88,1.86,1.86,234000,0
2010-07-06,1.93,1.93,1.85,1.91,228000,0
2010-07-07,1.89,1.9,1.87,1.87,141000,0
2010-07-08,1.88,1.91,1.88,1.89,89000,0
2010-07-09,1.91,1.98,1.9,1.93,625000,0
2010-07-12,1.9,1.92,1.89,1.92,264000,0
2010-07-13,1.94,1.94,1.9,1.91,198000,0
2010-07-14,1.91,1.94,1.9,1.91,356000,0
2010-07-15,1.89,1.92,1.89,1.92,445000,0
2010-07-16,1.86,1.92,1.86,1.91,320000,0
2010-07-19,1.91,1.92,1.87,1.91,844000,0
2010-07-20,1.9,1.91,1.88,1.91,198000,0
2010-07-21,1.91,1.91,1.89,1.91,155000,0
2010-07-22,1.9,1.9,1.88,1.88,198000,0
2010-07-23,1.89,2.13,1.89,2.07,4559000,0
2010-07-26,2.06,2.19,2.06,2.15,2235000,0
2010-07-27,2.15,2.16,2.06,2.14,1524000,0
2010-07-28,2.12,2.31,2.12,2.3,3178000,0
2010-07-29,2.27,2.46,2.27,2.43,6168000,0
2010-07-30,2.43,2.45,2.26,2.28,1730000,0
2010-08-02,2.29,2.3,2.24,2.27,832000,0
2010-08-03,2.3,2.3,2.23,2.26,1112000,0
2010-08-04,2.3,2.42,2.28,2.39,3005000,0
2010-08-05,2.35,2.35,2.31,2.33,471272,0
2010-08-06,2.34,2.34,2.33,2.33,312000,0
2010-08-09,2.34,2.34,2.29,2.32,513000,0
2010-08-10,2.35,2.35,2.26,2.31,443000,0
2010-08-11,2.29,2.3,2.26,2.29,425000,0
2010-08-12,2.25,2.3,2.24,2.28,571000,0
2010-08-13,2.27,2.29,2.25,2.28,930000,0
2010-08-16,2.29,2.3,2.23,2.27,482000,0
2010-08-17,2.25,2.28,2.24,2.26,300000,0
2010-08-18,2.26,2.28,2.19,2.24,1168000,0
2010-08-19,2.24,2.29,2.15,2.19,1230000,0
2010-08-20,2.18,2.18,2.08,2.15,3089000,0
2010-08-23,2.05,2.1,1.9,1.92,8890000,0
2010-08-24,1.96,2.1,1.95,2.09,5803000,0
2010-08-25,2.1,2.11,2.04,2.1,1192000,0
2010-08-26,2.13,2.14,2.09,2.12,864000,0
2010-08-27,2.1,2.12,2.04,2.08,371000,0
2010-08-30,2.05,2.05,2,2.01,309000,0
2010-08-31,2.02,2.02,1.98,2,237000,0
2010-09-01,1.99,2.03,1.98,2.03,285000,0
2010-09-02,2.05,2.07,2.04,2.04,466000,0
2010-09-03,2.04,2.08,2.04,2.08,188000,0
2010-09-06,2.12,2.14,2.08,2.11,537000,0
2010-09-07,2.1,2.14,2.09,2.14,677000,0
2010-09-08,2.1,2.13,2.1,2.13,322000,0
2010-09-09,2.13,2.13,2.1,2.1,265000,0
2010-09-10,2.15,2.15,2.05,2.05,683000,0
2010-09-13,2.03,2.09,2.03,2.06,816000,0
2010-09-14,2.08,2.13,2.07,2.12,619000,0
2010-09-15,2.05,2.12,2.05,2.11,352000,0
2010-09-16,2.14,2.14,2.1,2.11,361000,0
2010-09-17,2.12,2.12,2.09,2.11,218000,0
2010-09-20,2.08,2.15,2.06,2.15,306000,0
2010-09-21,2.16,2.17,2.1,2.1,167000,0
2010-09-22,2.1,2.1,2.08,2.08,171000,0
2010-09-24,2.1,2.13,2.08,2.12,358000,0
2010-09-27,2.18,2.18,2.12,2.14,488000,0
2010-09-28,2.17,2.17,2.12,2.14,845000,0
2010-09-29,2.11,2.13,2.1,2.11,502000,0
2010-09-30,2.08,2.1,2.07,2.08,388000,0
2010-10-04,2.08,2.11,2.08,2.09,227000,0
2010-10-05,2.12,2.12,2.03,2.03,832014,0
2010-10-06,2.06,2.09,2.03,2.08,620000,0
2010-10-07,2.06,2.11,2.06,2.07,227000,0
2010-10-08,2.07,2.1,2.07,2.08,308000,0
2010-10-11,2.07,2.11,2.05,2.05,800000,0
2010-10-12,2.05,2.08,2.03,2.07,360000,0
2010-10-13,2.07,2.08,2.05,2.06,199000,0
2010-10-14,2.06,2.07,2.03,2.05,1158000,0
2010-10-15,2.03,2.1,2.03,2.07,697000,0
2010-10-18,2.14,2.14,2.06,2.13,1598000,0
2010-10-19,2.13,2.14,2.1,2.1,826000,0
2010-10-20,2.09,2.14,2.08,2.12,1025000,0
2010-10-21,2.12,2.21,2.12,2.21,1335000,0
2010-10-22,2.21,2.31,2.11,2.13,3707000,0
2010-10-25,2.16,2.23,2.1,2.2,3203000,0
2010-10-26,2.2,2.2,2.15,2.18,679000,0
2010-10-27,2.1,2.1,2.03,2.07,4198000,0
2010-10-28,2.09,2.09,1.99,2.01,1889000,0
2010-10-29,2.01,2.07,2.01,2.06,334000,0
2010-11-01,2.06,2.06,2.02,2.04,346000,0
2010-11-02,2.06,2.07,2.04,2.06,801000,0
2010-11-03,2.1,2.13,2.06,2.13,1478000,0
2010-11-04,2.13,2.13,2.07,2.11,570000,0
2010-11-05,2.11,2.12,2.1,2.1,563000,0
2010-11-08,2.08,2.15,2.07,2.09,411000,0
2010-11-09,2.07,2.11,2.05,2.11,528000,0
2010-11-10,2.07,2.14,2.07,2.13,816000,0
2010-11-11,2.1,2.11,2.07,2.09,1188000,0
2010-11-12,2.09,2.12,2.04,2.04,774000,0
2010-11-15,2.05,2.06,2.04,2.05,104000,0
2010-11-16,2.05,2.06,2.03,2.05,223000,0
2010-11-17,2.04,2.05,2.03,2.04,316000,0
2010-11-18,2.03,2.05,2.03,2.04,178000,0
2010-11-19,2.04,2.07,2.02,2.05,748000,0
2010-11-22,2.07,2.09,2.04,2.08,363000,0
2010-11-23,2.08,2.08,2.01,2.04,292000,0
2010-11-24,2.04,2.07,2.01,2.06,128000,0
2010-11-25,2.05,2.08,2.03,2.05,828000,0
2010-11-26,2.04,2.05,2.03,2.04,410000,0
2010-11-29,2.05,2.08,2.03,2.05,409000,0
2010-11-30,2.05,2.08,2.03,2.08,175000,0
2010-12-01,2.03,2.05,2.03,2.05,72000,0
2010-12-02,2.05,2.1,2.05,2.1,849000,0
2010-12-03,2.12,2.12,2.09,2.1,130000,0
2010-12-06,2.12,2.12,2.07,2.07,57000,0
2010-12-07,2.07,2.07,2.05,2.07,107000,0
2010-12-08,2.08,2.09,2.05,2.07,184000,0
2010-12-09,2.05,2.07,2.04,2.06,270000,0
2010-12-10,2.08,2.08,2.06,2.08,150000,0
2010-12-13,2.08,2.08,2.04,2.06,479000,0
2010-12-14,2.04,2.06,2.04,2.06,45000,0
2010-12-15,2.04,2.05,2.03,2.05,183000,0
2010-12-16,2.04,2.08,2.03,2.05,344000,0
2010-12-17,2.07,2.07,2.02,2.04,121000,0
2010-12-20,2.02,2.05,2.01,2.04,207000,0
2010-12-21,2.02,2.04,1.99,2.04,776000,0
2010-12-22,2.03,2.03,2.02,2.03,300000,0
2010-12-23,2.03,2.04,2.02,2.04,147000,0
2010-12-24,2.02,2.04,2.01,2.01,44000,0
2010-12-28,2.01,2.01,1.99,2,316000,0
2010-12-29,2.01,2.01,1.99,2,394000,0
2010-12-30,2,2.02,2,2,102000,0
2010-12-31,2,2.06,2,2.05,50000,0
2011-01-03,2.05,2.05,2.01,2.05,40000,0
2011-01-04,2.05,2.12,2.02,2.1,602000,0
2011-01-05,2.1,2.1,2.06,2.07,649000,0
2011-01-06,2.05,2.09,2.05,2.07,220000,0
2011-01-07,2.06,2.11,2.04,2.05,277000,0
2011-01-10,2.05,2.09,2.03,2.05,167000,0
2011-01-11,2.08,2.08,2.06,2.06,145000,0
2011-01-12,2.06,2.1,2.06,2.08,73000,0
2011-01-13,2.09,2.09,2.05,2.07,774000,0
2011-01-14,2.05,2.07,2.05,2.07,108000,0
2011-01-17,2.08,2.08,2.05,2.06,165000,0
2011-01-18,2.05,2.06,2.04,2.05,239000,0
2011-01-19,2.07,2.07,2.04,2.06,98000,0
2011-01-20,2.06,2.08,2.05,2.07,41000,0
2011-01-21,2.06,2.06,2.05,2.05,117000,0
2011-01-24,2.08,2.08,2.03,2.07,70000,0
2011-01-25,2.04,2.06,2.03,2.06,71000,0
2011-01-26,2.03,2.06,1.99,2.06,298000,0
2011-01-27,2.02,2.05,2.02,2.04,65000,0
2011-01-28,2.03,2.04,2.02,2.03,123000,0
2011-01-31,2.04,2.06,2.04,2.04,99000,0
2011-02-01,2,2.08,2,2.06,24000,0
2011-02-02,2.08,2.08,2.06,2.08,18000,0
2011-02-07,2.1,2.1,2.01,2.04,83000,0
2011-02-08,2.01,2.05,2.01,2.02,198000,0
2011-02-09,2.05,2.05,2.02,2.04,330000,0
2011-02-10,2.03,2.05,2.01,2.01,119000,0
2011-02-11,2.02,2.03,2,2,371000,0
2011-02-14,2.01,2.05,2,2.04,169000,0
2011-02-15,2.05,2.05,2.02,2.03,157000,0
2011-02-16,2.04,2.05,2.01,2.03,162500,0
2011-02-17,2.01,2.06,2.01,2.06,73000,0
2011-02-18,2.02,2.03,2.02,2.03,10000,0
2011-02-21,2.02,2.05,2.01,2.05,116000,0
2011-02-22,2.04,2.05,2,2.02,510000,0
2011-02-23,2.03,2.06,2.01,2.06,140000,0
2011-02-24,2.01,2.05,1.99,2.02,292000,0
2011-02-25,2,2.02,2,2.02,375000,0
2011-02-28,2.02,2.04,2.01,2.02,112000,0
2011-03-01,2.02,2.03,2,2.02,87000,0
2011-03-02,2.02,2.06,2,2.04,204000,0
2011-03-03,2.04,2.05,2.03,2.03,135000,0
2011-03-04,2.03,2.06,2.03,2.06,311000,0
2011-03-07,2.08,2.25,2.08,2.17,1149000,0
2011-03-08,2.15,2.16,2.1,2.15,437000,0
2011-03-09,2.23,2.23,2.14,2.14,533000,0
2011-03-10,2.15,2.15,2.11,2.11,135000,0
2011-03-11,2.1,2.15,2.06,2.12,179000,0
2011-03-14,2.13,2.13,2.05,2.09,72000,0
2011-03-15,2.05,2.11,2,2.03,536000,0
2011-03-16,2.05,2.05,2.02,2.02,69000,0
2011-03-17,2.01,2.06,1.98,2,418000,0
2011-03-18,2,2.02,2,2.01,96000,0
2011-03-21,2.03,2.06,2.03,2.04,363000,0
2011-03-22,2.06,2.06,2.03,2.04,165000,0
2011-03-23,2.05,2.07,2.01,2.06,479000,0
2011-03-24,2.07,2.14,2.06,2.07,695000,0
2011-03-25,2.07,2.15,2.07,2.09,525000,0
2011-03-28,1.98,1.98,1.8,1.83,3489000,0
2011-03-29,1.83,1.83,1.71,1.78,1232000,0
2011-03-30,1.81,1.87,1.8,1.82,346000,0
2011-03-31,1.8,1.8,1.74,1.79,579000,0
2011-04-01,1.78,1.78,1.75,1.76,1427000,0
2011-04-04,1.74,1.78,1.74,1.76,807000,0
2011-04-06,1.76,1.76,1.73,1.75,344000,0
2011-04-07,1.78,1.8,1.76,1.77,477000,0
2011-04-08,1.75,1.8,1.75,1.8,934000,0
2011-04-11,1.76,1.83,1.76,1.78,522000,0
2011-04-12,1.78,1.81,1.77,1.78,321000,0
2011-04-13,1.76,1.8,1.76,1.78,374000,0
2011-04-14,1.78,1.8,1.75,1.79,174000,0
2011-04-15,1.79,1.8,1.77,1.78,180000,0
2011-04-18,1.76,1.77,1.73,1.76,777000,0
2011-04-19,1.76,1.76,1.74,1.74,175000,0
2011-04-20,1.74,1.76,1.73,1.74,230000,0
2011-04-21,1.74,1.76,1.74,1.75,883000,0
2011-04-26,1.75,1.75,1.74,1.75,108000,0
2011-04-27,1.75,1.75,1.73,1.75,138000,0
2011-04-28,1.73,1.75,1.73,1.74,152000,0
2011-04-29,1.75,1.76,1.74,1.74,154000,0
2011-05-03,1.72,1.75,1.67,1.75,465000,0
2011-05-04,1.72,1.74,1.7,1.74,35000,0
2011-05-05,1.71,1.73,1.71,1.72,142000,0
2011-05-06,1.7,1.74,1.68,1.71,278000,0
2011-05-09,1.68,1.68,1.62,1.65,350000,0
2011-05-11,1.64,1.7,1.63,1.7,491000,0
2011-05-12,1.71,1.71,1.68,1.71,283000,0
2011-05-13,1.7,1.75,1.67,1.72,366000,0
2011-05-16,1.72,1.72,1.68,1.7,8000,0
2011-05-17,1.67,1.7,1.65,1.7,260000,0
2011-05-18,1.68,1.7,1.68,1.69,16000,0
2011-05-19,1.65,1.7,1.65,1.7,449000,0
2011-05-20,1.69,1.71,1.69,1.7,212000,0
2011-05-23,1.7,1.71,1.64,1.65,388000,0
2011-05-24,1.7,1.7,1.66,1.66,110000,0
2011-05-25,1.69,1.7,1.65,1.68,76000,0
2011-05-26,1.66,1.68,1.58,1.64,246000,0
2011-05-27,1.64,1.64,1.61,1.64,52000,0
2011-05-30,1.61,1.66,1.61,1.66,36000,0
2011-05-31,1.66,1.66,1.64,1.64,150000,0
2011-06-01,1.64,1.67,1.64,1.64,54000,0
2011-06-02,1.62,1.64,1.61,1.62,134000,0
2011-06-03,1.61,1.64,1.61,1.64,105000,0
2011-06-07,1.61,1.62,1.61,1.62,33000,0
2011-06-08,1.6,1.6,1.58,1.6,557000,0
2011-06-09,1.59,1.6,1.54,1.56,77000,0
2011-06-10,1.56,1.6,1.54,1.6,95000,0
2011-06-13,1.54,1.56,1.52,1.56,119000,0
2011-06-14,1.52,1.55,1.5,1.52,246000,0
2011-06-15,1.5,1.57,1.46,1.53,141000,0
2011-06-16,1.49,1.52,1.46,1.5,89000,0
2011-06-17,1.5,1.5,1.5,1.5,0,0
2011-06-20,1.46,1.5,1.46,1.5,9000,0
2011-06-21,1.5,1.5,1.5,1.5,40000,0
2011-06-22,1.47,1.5,1.46,1.5,152000,0
2011-06-23,1.5,1.5,1.5,1.5,100,0
2011-06-24,1.46,1.51,1.45,1.5,194000,0
2011-06-27,1.51,1.55,1.51,1.55,147000,0
2011-06-28,1.48,1.57,1.46,1.55,47000,0
2011-06-29,1.55,1.55,1.55,1.55,0,0
2011-06-30,1.53,1.6,1.53,1.59,127000,0
2011-07-04,1.6,1.66,1.59,1.6,48000,0
2011-07-05,1.53,1.59,1.53,1.59,14000,0
2011-07-06,1.53,1.53,1.53,1.53,37000,0
2011-07-07,1.55,1.59,1.47,1.59,97000,0
2011-07-08,1.55,1.6,1.55,1.59,129000,0
2011-07-11,1.55,1.59,1.55,1.58,14000,0
2011-07-12,1.49,1.58,1.49,1.57,85000,0
2011-07-13,1.5,1.6,1.5,1.57,38000,0
2011-07-14,1.57,1.57,1.55,1.57,26000,0
2011-07-15,1.54,1.59,1.51,1.56,17000,0
2011-07-18,1.56,1.56,1.56,1.56,0,0
2011-07-19,1.56,1.6,1.56,1.6,817000,0
2011-07-20,1.58,1.58,1.57,1.57,11000,0
2011-07-21,1.52,1.6,1.52,1.59,86000,0
2011-07-22,1.59,1.61,1.54,1.6,349000,0
2011-07-25,1.6,1.6,1.6,1.6,25000,0
2011-07-26,1.59,1.6,1.59,1.59,37000,0
2011-07-27,1.55,1.59,1.54,1.59,143000,0
2011-07-28,1.55,1.59,1.54,1.57,137000,0
2011-07-29,1.57,1.57,1.57,1.57,0,0
2011-08-01,1.56,1.57,1.53,1.57,203000,0
2011-08-02,1.55,1.56,1.47,1.56,126000,0
2011-08-03,1.55,1.55,1.55,1.55,0,0
2011-08-04,1.53,1.57,1.45,1.53,241000,0
2011-08-05,1.41,1.51,1.4,1.4,84000,0
2011-08-08,1.4,1.45,1.26,1.34,138000,0
2011-08-09,1.27,1.3,1.11,1.29,142000,0
2011-08-10,1.3,1.45,1.3,1.38,239000,0
2011-08-11,1.38,1.38,1.37,1.37,51000,0
2011-08-12,1.4,1.4,1.4,1.4,112000,0
2011-08-15,1.37,1.37,1.37,1.37,380000,0
2011-08-16,1.28,1.34,1.28,1.34,28000,0
2011-08-17,1.39,1.39,1.38,1.38,32000,0
2011-08-18,1.39,1.47,1.36,1.47,200000,0
2011-08-19,1.32,1.4,1.31,1.38,352000,0
2011-08-22,1.3,1.32,1.28,1.32,110000,0
2011-08-23,1.23,1.26,1.23,1.26,22000,0
2011-08-24,1.26,1.35,1.26,1.34,22000,0
2011-08-25,1.34,1.34,1.3,1.3,25000,0
2011-08-26,1.3,1.3,1.3,1.3,0,0
2011-08-29,1.3,1.31,1.3,1.31,42000,0
2011-08-30,1.27,1.33,1.23,1.26,73000,0
2011-08-31,1.26,1.34,1.26,1.33,145000,0
2011-09-01,1.33,1.36,1.33,1.34,84000,0
2011-09-02,1.35,1.36,1.35,1.35,104000,0
2011-09-05,1.25,1.32,1.25,1.29,41000,0
2011-09-06,1.31,1.31,1.28,1.28,3000,0
2011-09-07,1.32,1.32,1.3,1.3,20000,0
2011-09-08,1.24,1.29,1.24,1.29,31000,0
2011-09-09,1.29,1.29,1.29,1.29,4000,0
2011-09-12,1.25,1.26,1.18,1.18,66000,0
2011-09-14,1.27,1.27,1.2,1.24,142000,0
2011-09-15,1.29,1.29,1.23,1.26,133000,0
2011-09-16,1.21,1.27,1.21,1.24,61000,0
2011-09-19,1.2,1.2,1.2,1.2,10000,0
2011-09-20,1.2,1.2,1.19,1.2,255000,0
2011-09-21,1.19,1.2,1.18,1.18,3469000,0
2011-09-22,1.15,1.16,1.09,1.09,846000,0
2011-09-23,1.06,1.09,1.02,1.03,722000,0
2011-09-26,1.03,1.05,0.93,1.05,444000,0
2011-09-27,1.04,1.04,1.02,1.04,146000,0
2011-09-28,1.05,1.05,1.05,1.05,20000,0
2011-09-30,1.01,1.07,1.01,1.03,31000,0
2011-10-03,1.01,1.01,1.01,1.01,153000,0
2011-10-04,0.98,0.98,0.98,0.98,0,0
2011-10-06,0.99,0.99,0.96,0.96,50000,0
2011-10-07,1,1.02,1,1,222000,0
2011-10-10,1,1.05,1,1.05,256000,0
2011-10-11,1.1,1.12,0.99,1.09,1102000,0
2011-10-12,1.12,1.12,1,1.07,694000,0
2011-10-13,1.01,1.08,1,1.07,1248000,0
2011-10-14,1.02,1.05,0.99,1.03,1065000,0
2011-10-17,1.03,1.03,0.99,1.02,306000,0
2011-10-18,0.99,1.01,0.98,1.01,374000,0
2011-10-19,1.03,1.06,1,1.04,321000,0
2011-10-20,1.04,1.05,1,1.03,155000,0
2011-10-21,1.05,1.05,1.02,1.04,120000,0
2011-10-24,1.03,1.08,1.03,1.08,158000,0
2011-10-25,1.03,1.03,1.03,1.03,2000,0
2011-10-26,1.03,1.07,1.01,1.07,323000,0
2011-10-27,1.03,1.11,1.03,1.09,924000,0
2011-10-28,1.1,1.16,1.08,1.09,480000,0
2011-10-31,1.06,1.06,1.02,1.06,218000,0
2011-11-01,1.06,1.14,1.03,1.05,185000,0
2011-11-02,1.03,1.05,1,1.05,653000,0
2011-11-03,1.03,1.05,1.03,1.05,298000,0
2011-11-04,1.04,1.1,1.02,1.1,1214000,0
2011-11-07,1.12,1.13,1.09,1.1,385000,0
2011-11-08,1.1,1.1,1.05,1.08,169000,0
2011-11-09,1.09,1.09,1.05,1.05,516000,0
2011-11-10,1.05,1.05,1.05,1.05,441000,0
2011-11-11,1.07,1.08,1.04,1.06,66000,0
2011-11-14,1.05,1.06,1.05,1.06,30000,0
2011-11-15,1.07,1.09,1.04,1.06,214000,0
2011-11-16,1.07,1.11,1.06,1.08,581000,0
2011-11-17,1.07,1.1,1.02,1.1,931000,0
2011-11-18,1.1,1.1,1.05,1.09,113000,0
2011-11-21,1.1,1.1,1.03,1.06,77000,0
2011-11-22,1.1,1.1,1.03,1.04,154000,0
2011-11-23,1.06,1.1,1.04,1.1,156000,0
2011-11-24,1.1,1.1,1.04,1.04,34000,0
2011-11-25,1.05,1.05,1.03,1.05,89000,0
2011-11-28,1.05,1.05,1.05,1.05,17000,0
2011-11-29,1.05,1.09,1.05,1.07,36000,0
2011-11-30,1.07,1.07,1.06,1.06,40000,0
2011-12-01,1.1,1.1,1.07,1.07,74000,0
2011-12-02,1.08,1.08,1.05,1.05,150000,0
2011-12-05,1.1,1.1,1.08,1.08,35000,0
2011-12-06,1.09,1.09,1.06,1.06,22000,0
2011-12-07,1.07,1.07,1.07,1.07,7000,0
2011-12-08,1.07,1.07,1.07,1.07,108000,0
2011-12-09,1.07,1.07,1.07,1.07,54000,0
2011-12-12,1.1,1.17,1.1,1.15,906000,0
2011-12-13,1.15,1.15,1.14,1.14,392000,0
2011-12-14,1.11,1.13,1.1,1.11,904000,0
2011-12-15,1.14,1.25,1.14,1.19,312000,0
2011-12-16,1.16,1.24,1.15,1.24,340000,0
2011-12-19,1.22,1.22,1.16,1.17,332000,0
2011-12-20,1.18,1.18,1.16,1.16,585000,0
2011-12-21,1.16,1.16,1.16,1.16,8000,0
2011-12-22,1.16,1.18,1.15,1.18,522000,0
2011-12-23,1.18,1.2,1.18,1.18,102000,0
2011-12-28,1.2,1.2,1.18,1.2,739000,0
2011-12-29,1.17,1.2,1.17,1.2,489500,0
2011-12-30,1.2,1.25,1.18,1.25,227000,0
2012-01-03,1.25,1.25,1.24,1.25,442000,0
2012-01-04,1.2,1.25,1.2,1.21,482000,0
2012-01-05,1.23,1.23,1.2,1.2,311000,0
2012-01-06,1.21,1.21,1.1,1.11,686000,0
2012-01-09,1.11,1.11,1.11,1.11,0,0
2012-01-10,1.12,1.14,1.09,1.1,225000,0
2012-01-11,1.09,1.1,1.08,1.1,157000,0
2012-01-12,1.1,1.1,1.1,1.1,0,0
2012-01-13,1.13,1.13,1.12,1.13,34000,0
2012-01-16,1.13,1.13,1.13,1.13,20000,0
2012-01-17,1.12,1.18,1.1,1.13,663000,0
2012-01-18,1.11,1.12,1.1,1.11,474000,0
2012-01-19,1.11,1.13,1.1,1.11,879000,0
2012-01-20,1.1,1.11,1.1,1.1,815000,0
2012-01-26,1.1,1.12,1.1,1.11,107000,0
2012-01-27,1.11,1.11,1.1,1.1,92000,0
2012-01-30,1.1,1.1,1.02,1.1,43000,0
2012-01-31,1.1,1.1,1.1,1.1,36000,0
2012-02-01,1.1,1.1,1.1,1.1,0,0
2012-02-02,1.13,1.19,1.12,1.12,314000,0
2012-02-03,1.11,1.2,1.11,1.19,465000,0
2012-02-06,1.1,1.25,1.1,1.21,357000,0
2012-02-07,1.21,1.21,1.21,1.21,0,0
2012-02-08,1.28,1.28,1.22,1.24,181000,0
2012-02-09,1.22,1.25,1.19,1.2,255000,0
2012-02-10,1.24,1.3,1.22,1.26,769000,0
2012-02-13,1.25,1.25,1.23,1.25,200000,0
2012-02-14,1.17,1.32,1.17,1.27,334000,0
2012-02-15,1.21,1.27,1.21,1.24,77000,0
2012-02-16,1.26,1.27,1.26,1.27,37000,0
2012-02-17,1.28,1.28,1.25,1.27,226000,0
2012-02-20,1.27,1.28,1.26,1.28,120000,0
2012-02-21,1.25,1.25,1.23,1.24,58000,0
2012-02-22,1.24,1.27,1.24,1.27,42000,0
2012-02-23,1.27,1.27,1.21,1.24,142000,0
2012-02-24,1.23,1.27,1.23,1.27,196000,0
2012-02-27,1.27,1.27,1.24,1.25,578000,0
2012-02-28,1.23,1.28,1.23,1.27,324000,0
2012-02-29,1.27,1.28,1.25,1.28,72000,0
2012-03-01,1.28,1.28,1.28,1.28,0,0
2012-03-02,1.28,1.28,1.28,1.28,115000,0
2012-03-05,1.26,1.26,1.24,1.25,24000,0
2012-03-06,1.21,1.23,1.21,1.23,81000,0
2012-03-07,1.23,1.24,1.23,1.24,85000,0
2012-03-08,1.26,1.28,1.26,1.28,80000,0
2012-03-09,1.29,1.35,1.29,1.34,372000,0
2012-03-12,1.3,1.31,1.29,1.31,20000,0
2012-03-13,1.34,1.34,1.27,1.34,59000,0
2012-03-14,1.34,1.34,1.27,1.27,53000,0
2012-03-15,1.27,1.27,1.27,1.27,6000,0
2012-03-16,1.26,1.3,1.26,1.3,68000,0
2012-03-19,1.34,1.34,1.3,1.3,152000,0
2012-03-20,1.25,1.25,1.2,1.22,83000,0
2012-03-21,1.3,1.3,1.25,1.25,25000,0
2012-03-22,1.21,1.21,1.21,1.21,1000,0
2012-03-23,1.21,1.21,1.16,1.17,112000,0
2012-03-26,1.2,1.2,1.2,1.2,15000,0
2012-03-27,1.2,1.2,1.16,1.16,53000,0
2012-03-28,1.2,1.2,1.13,1.13,122000,0
2012-03-29,1.12,1.12,1.12,1.12,29000,0
2012-03-30,1.15,1.15,1.13,1.14,61000,0
2012-04-02,1.12,1.15,1.12,1.15,28000,0
2012-04-03,1.02,1.19,1.02,1.13,42000,0
2012-04-05,1.13,1.13,1.08,1.1,43000,0
2012-04-10,1.1,1.1,1.08,1.1,50000,0
2012-04-11,1.1,1.1,1.05,1.05,88000,0
2012-04-12,1.06,1.06,1.05,1.05,89000,0
2012-04-13,1.07,1.07,1.07,1.07,0,0
2012-04-16,1.07,1.07,1.05,1.07,41000,0
2012-04-17,1.07,1.07,1.07,1.07,0,0
2012-04-18,1.06,1.13,1.04,1.11,237000,0
2012-04-19,1.13,1.13,1.11,1.11,30000,0
2012-04-20,1.05,1.09,1.05,1.05,108000,0
2012-04-23,1.05,1.05,1.05,1.05,42000,0
2012-04-24,1.05,1.05,1.05,1.05,44000,0
2012-04-25,1.04,1.04,1.04,1.04,0,0
2012-04-26,1.01,1.05,1,1.04,357000,0
2012-04-27,1.01,1.04,1.01,1.03,25000,0
2012-04-30,1.12,1.12,1.01,1.01,20000,0
2012-05-02,1.08,1.08,1.02,1.02,56000,0
2012-05-03,1.01,1.01,1.01,1.01,6000,0
2012-05-04,1.01,1.02,1.01,1.02,50000,0
2012-05-07,1.02,1.02,1.02,1.02,0,0
2012-05-08,1.02,1.11,1.02,1.06,845000,0
2012-05-09,1.02,1.02,1,1,954000,0
2012-05-10,1,1.03,1,1.03,44000,0
2012-05-11,1.04,1.04,1.02,1.02,10000,0
2012-05-14,0.99,1,0.99,1,1000,0
2012-05-15,0.96,0.97,0.96,0.97,40000,0
2012-05-16,0.95,0.95,0.9,0.93,301000,0
2012-05-17,0.91,0.91,0.89,0.9,121000,0
2012-05-18,0.9,0.92,0.88,0.88,184000,0
2012-05-21,0.89,0.89,0.84,0.84,977000,0
2012-05-22,0.88,0.88,0.84,0.87,260000,0
2012-05-23,0.88,0.88,0.86,0.86,10000,0
2012-05-24,0.86,0.86,0.84,0.86,12000,0
2012-05-25,0.86,0.86,0.86,0.86,4000,0
2012-05-28,0.86,0.86,0.86,0.86,0,0
2012-05-29,0.88,0.88,0.88,0.88,40000,0
2012-05-30,0.86,0.87,0.84,0.86,33000,0
2012-05-31,0.86,0.87,0.86,0.87,14000,0
2012-06-01,0.88,0.88,0.88,0.88,10000,0
2012-06-04,0.86,0.88,0.84,0.84,150000,0
2012-06-05,0.84,0.86,0.84,0.86,125000,0
2012-06-06,0.87,0.88,0.87,0.88,234000,0
2012-06-07,0.9,0.9,0.89,0.89,68000,0
2012-06-08,0.9,0.94,0.9,0.94,762000,0
2012-06-11,0.9,0.9,0.9,0.9,45000,0
2012-06-12,0.92,0.92,0.9,0.9,12000,0
2012-06-13,0.93,0.93,0.93,0.93,100000,0
2012-06-14,0.94,0.94,0.94,0.94,15000,0
2012-06-15,0.94,0.95,0.94,0.95,45000,0
2012-06-18,0.98,0.99,0.98,0.98,51000,0
2012-06-19,1,1,1,1,4000,0
2012-06-20,1,1,1,1,51000,0
2012-06-21,0.96,0.96,0.96,0.96,10000,0
2012-06-22,0.96,0.98,0.96,0.98,114000,0
2012-06-25,1.06,1.07,1.04,1.04,10000,0
2012-06-26,1.05,1.05,1,1,84000,0
2012-06-27,1,1,1,1,20000,0
2012-06-28,1,1,1,1,0,0
2012-06-29,0.89,0.89,0.89,0.89,1000,0
2012-07-03,1,1,0.9,0.9,50000,0
2012-07-04,0.91,0.91,0.91,0.91,0,0
2012-07-05,0.95,0.95,0.95,0.95,0,0
2012-07-06,0.95,0.95,0.95,0.95,2000,0
2012-07-09,0.95,0.95,0.95,0.95,8000,0
2012-07-10,0.95,0.95,0.95,0.95,0,0
2012-07-11,0.91,0.91,0.91,0.91,6000,0
2012-07-12,0.91,0.91,0.91,0.91,21000,0
2012-07-13,0.89,0.9,0.89,0.9,154000,0
2012-07-16,0.85,0.88,0.85,0.88,20000,0
2012-07-17,0.89,0.9,0.86,0.87,96000,0
2012-07-18,0.87,0.87,0.87,0.87,64000,0
2012-07-19,0.88,0.89,0.87,0.87,99000,0
2012-07-20,0.85,0.86,0.85,0.86,10000,0
2012-07-23,0.86,0.86,0.86,0.86,25000,0
2012-07-24,0.87,0.87,0.85,0.86,194000,0
2012-07-25,0.86,0.87,0.86,0.87,160000,0
2012-07-26,0.86,0.87,0.86,0.86,61000,0
2012-07-27,0.86,0.86,0.86,0.86,119000,0
2012-07-30,0.85,0.86,0.84,0.84,69000,0
2012-07-31,0.86,0.86,0.86,0.86,24000,0
2012-08-01,0.86,0.86,0.86,0.86,0,0
2012-08-02,0.86,0.87,0.86,0.87,104000,0
2012-08-03,0.87,0.87,0.87,0.87,60000,0
2012-08-06,0.87,0.87,0.87,0.87,0,0
2012-08-07,0.87,0.87,0.87,0.87,0,0
2012-08-08,0.87,0.87,0.85,0.85,76000,0
2012-08-09,0.87,0.89,0.87,0.89,60000,0
2012-08-10,0.87,0.87,0.86,0.87,45000,0
2012-08-13,0.86,0.86,0.86,0.86,22000,0
2012-08-14,0.89,0.89,0.87,0.87,26000,0
2012-08-15,0.87,0.87,0.87,0.87,10000,0
2012-08-16,0.87,0.87,0.87,0.87,2000,0
2012-08-17,0.88,0.88,0.88,0.88,0,0
2012-08-20,0.92,0.92,0.91,0.91,5000,0
2012-08-21,0.91,0.92,0.91,0.92,31000,0
2012-08-22,0.86,0.91,0.83,0.91,191000,0
2012-08-23,0.87,0.87,0.87,0.87,7000,0
2012-08-24,0.87,0.87,0.87,0.87,0,0
2012-08-27,0.87,0.87,0.87,0.87,0,0
2012-08-28,0.86,0.86,0.84,0.84,151000,0
2012-08-29,0.84,0.84,0.83,0.83,126000,0
2012-08-30,0.83,0.83,0.82,0.82,96000,0
2012-08-31,0.82,0.85,0.8,0.85,266000,0
2012-09-03,0.85,0.85,0.85,0.85,0,0
2012-09-04,0.85,0.85,0.84,0.85,40000,0
2012-09-05,0.83,0.85,0.83,0.85,31000,0
2012-09-06,0.85,0.85,0.85,0.85,55000,0
2012-09-07,0.86,0.87,0.85,0.87,174000,0
2012-09-10,0.85,0.89,0.85,0.89,74000,0
2012-09-11,0.86,0.86,0.81,0.83,69000,0
2012-09-12,0.84,0.87,0.84,0.85,18000,0
2012-09-13,0.87,0.88,0.84,0.85,49000,0
2012-09-14,0.85,0.85,0.85,0.85,0,0
2012-09-17,0.85,0.87,0.85,0.87,20000,0
2012-09-18,0.87,0.87,0.87,0.87,0,0
2012-09-19,0.87,0.87,0.87,0.87,0,0
2012-09-20,0.85,0.85,0.85,0.85,0,0
2012-09-21,0.84,0.84,0.82,0.83,556000,0
2012-09-24,0.83,0.83,0.83,0.83,121000,0
2012-09-25,0.83,0.83,0.83,0.83,0,0
2012-09-26,0.83,0.85,0.83,0.85,1000,0
2012-09-27,0.85,0.85,0.85,0.85,75000,0
2012-09-28,0.85,0.9,0.85,0.9,437000,0
2012-10-03,0.9,0.91,0.9,0.91,292000,0
2012-10-04,0.91,0.92,0.9,0.9,107000,0
2012-10-05,0.91,0.92,0.91,0.92,167000,0
2012-10-08,0.92,0.92,0.9,0.9,907000,0
2012-10-09,0.9,0.9,0.9,0.9,0,0
2012-10-10,0.88,0.88,0.88,0.88,0,0
2012-10-11,0.88,0.88,0.88,0.88,0,0
2012-10-12,0.88,0.88,0.88,0.88,0,0
2012-10-15,0.87,0.87,0.87,0.87,1732000,0
2012-10-16,0.87,0.87,0.87,0.87,20000,0
2012-10-17,0.87,0.87,0.87,0.87,60000,0
2012-10-18,0.83,0.89,0.83,0.86,75000,0
2012-10-19,0.84,0.86,0.83,0.85,454000,0
2012-10-22,0.87,0.88,0.85,0.86,105000,0
2012-10-24,0.84,0.86,0.84,0.86,103000,0
2012-10-25,0.86,0.86,0.86,0.86,0,0
2012-10-26,0.84,0.85,0.84,0.84,489000,0
2012-10-29,0.84,0.84,0.84,0.84,110000,0
2012-10-30,0.84,0.84,0.8,0.81,454000,0
2012-10-31,0.83,0.84,0.82,0.84,101000,0
2012-11-01,0.83,0.83,0.83,0.83,60000,0
2012-11-02,0.83,0.83,0.82,0.83,175000,0
2012-11-05,0.8,0.83,0.8,0.83,520000,0
2012-11-06,0.8,0.83,0.8,0.83,118000,0
2012-11-07,0.83,0.84,0.83,0.84,882000,0
2012-11-08,0.83,0.83,0.83,0.83,0,0
2012-11-09,0.83,0.83,0.83,0.83,520000,0
2012-11-12,0.81,0.81,0.8,0.8,115000,0
2012-11-13,0.8,0.8,0.75,0.79,403000,0
2012-11-14,0.78,0.79,0.78,0.79,89000,0
2012-11-15,0.78,0.78,0.76,0.77,63000,0
2012-11-16,0.78,0.79,0.77,0.78,111000,0
2012-11-19,0.78,0.78,0.75,0.75,130000,0
2012-11-20,0.8,0.8,0.75,0.76,142000,0
2012-11-21,0.76,0.8,0.7,0.73,438000,0
2012-11-22,0.72,0.72,0.72,0.72,98000,0
2012-11-23,0.72,0.78,0.72,0.74,114000,0
2012-11-26,0.74,0.74,0.72,0.72,154000,0
2012-11-27,0.72,0.74,0.72,0.74,20000,0
2012-11-28,0.73,0.73,0.73,0.73,4000,0
2012-11-29,0.75,0.78,0.75,0.76,229000,0
2012-11-30,0.77,0.77,0.77,0.77,42000,0
2012-12-03,0.77,0.77,0.76,0.76,110000,0
2012-12-04,0.76,0.76,0.75,0.75,24000,0
2012-12-05,0.76,0.76,0.76,0.76,285000,0
2012-12-06,0.75,0.75,0.75,0.75,34000,0
2012-12-07,0.76,0.76,0.76,0.76,0,0
2012-12-10,0.76,0.76,0.76,0.76,136000,0
2012-12-11,0.76,0.76,0.75,0.76,193000,0
2012-12-12,0.76,0.76,0.73,0.75,253000,0
2012-12-13,0.75,0.75,0.75,0.75,452000,0
2012-12-14,0.75,0.76,0.75,0.76,33000,0
2012-12-17,0.85,0.85,0.8,0.8,5000,0
2012-12-18,0.79,0.8,0.79,0.8,53000,0
2012-12-19,0.79,0.8,0.79,0.79,80000,0
2012-12-20,0.8,0.8,0.78,0.79,361000,0
2012-12-21,0.79,0.8,0.78,0.8,258000,0
2012-12-24,0.78,0.8,0.78,0.8,436000,0
2012-12-27,0.8,0.8,0.79,0.79,50000,0
2012-12-28,0.79,0.79,0.79,0.79,37000,0
2012-12-31,0.8,0.8,0.76,0.77,94000,0
2013-01-02,0.83,0.83,0.79,0.81,637000,0
2013-01-03,0.78,0.82,0.78,0.8,465000,0
2013-01-04,0.79,0.8,0.79,0.8,84000,0
2013-01-07,0.8,0.83,0.8,0.81,514000,0
2013-01-08,0.8,0.82,0.79,0.8,788600,0
2013-01-09,0.8,0.81,0.79,0.8,1100000,0
2013-01-10,0.8,0.85,0.8,0.85,5648000,0
2013-01-11,0.85,0.9,0.85,0.9,2568000,0
2013-01-14,0.9,0.95,0.9,0.95,1657000,0
2013-01-15,0.95,0.95,0.9,0.92,505000,0
2013-01-16,0.94,0.94,0.9,0.9,632000,0
2013-01-17,0.9,0.9,0.9,0.9,350000,0
2013-01-18,0.9,0.93,0.9,0.92,1072000,0
2013-01-21,0.9,0.93,0.9,0.93,66000,0
2013-01-22,0.92,0.92,0.92,0.92,20000,0
2013-01-23,0.9,0.91,0.9,0.9,120000,0
2013-01-24,0.9,0.9,0.88,0.9,124000,0
2013-01-25,0.88,0.91,0.88,0.9,413000,0
2013-01-28,0.88,0.89,0.88,0.88,158000,0
2013-01-29,0.88,0.88,0.88,0.88,16000,0
2013-01-30,0.88,0.88,0.88,0.88,0,0
2013-01-31,0.89,0.89,0.87,0.88,69000,0
2013-02-01,0.87,0.87,0.87,0.87,22000,0
2013-02-04,0.85,0.88,0.85,0.87,92000,0
2013-02-05,0.87,0.88,0.87,0.87,305000,0
2013-02-06,0.88,0.9,0.88,0.9,170000,0
2013-02-07,0.86,0.91,0.86,0.89,56000,0
2013-02-08,0.9,0.91,0.9,0.91,24000,0
2013-02-14,0.91,0.91,0.86,0.88,131000,0
2013-02-15,0.88,0.88,0.88,0.88,0,0
2013-02-18,0.87,0.87,0.86,0.86,93000,0
2013-02-19,0.87,0.89,0.85,0.89,131000,0
2013-02-20,0.87,0.89,0.87,0.89,30000,0
2013-02-21,0.86,0.87,0.85,0.87,109000,0
2013-02-22,0.86,0.88,0.85,0.88,24000,0
2013-02-25,0.88,0.89,0.88,0.88,33000,0
2013-02-26,0.85,0.87,0.85,0.87,16000,0
2013-02-27,0.87,0.87,0.87,0.87,0,0
2013-02-28,0.87,0.87,0.87,0.87,34000,0
2013-03-01,0.87,0.87,0.83,0.85,110000,0
2013-03-04,0.81,0.88,0.81,0.88,345000,0
2013-03-05,0.81,0.87,0.8,0.83,182000,0
2013-03-06,0.83,0.84,0.83,0.83,580000,0
2013-03-07,0.86,0.86,0.84,0.86,580000,0
2013-03-08,0.84,0.87,0.82,0.87,1781000,0
2013-03-11,0.85,0.85,0.85,0.85,3350000,0
2013-03-12,0.82,0.83,0.82,0.82,62000,0
2013-03-13,0.82,0.82,0.8,0.8,286000,0
2013-03-14,0.8,0.8,0.8,0.8,28000,0
2013-03-15,0.8,0.8,0.8,0.8,335000,0
2013-03-18,0.8,0.8,0.8,0.8,117000,0
2013-03-19,0.8,0.8,0.77,0.78,4000,0
2013-03-20,0.79,0.79,0.79,0.79,5000,0
2013-03-21,0.78,0.78,0.78,0.78,115000,0
2013-03-22,0.78,0.82,0.78,0.82,168000,0
2013-03-25,0.82,0.82,0.82,0.82,0,0
2013-03-26,0.75,0.77,0.74,0.77,235000,0
2013-03-27,0.78,0.78,0.76,0.76,34000,0
2013-03-28,0.74,0.75,0.74,0.75,203000,0
2013-04-02,0.74,0.74,0.72,0.72,85000,0
2013-04-03,0.73,0.73,0.7,0.7,504000,0
2013-04-05,0.7,0.7,0.66,0.67,208000,0
2013-04-08,0.7,0.7,0.68,0.68,26000,0
2013-04-09,0.68,0.68,0.68,0.68,14000,0
2013-04-10,0.68,0.69,0.68,0.69,30000,0
2013-04-11,0.7,0.7,0.69,0.69,58000,0
2013-04-12,0.69,0.69,0.68,0.68,148000,0
2013-04-15,0.69,0.69,0.68,0.68,58000,0
2013-04-16,0.68,0.68,0.68,0.68,2000,0
2013-04-17,0.69,0.69,0.68,0.68,11000,0
2013-04-18,0.66,0.66,0.64,0.64,453000,0
2013-04-19,0.64,0.65,0.64,0.65,30000,0
2013-04-22,0.65,0.65,0.65,0.65,0,0
2013-04-23,0.68,0.68,0.65,0.65,1232000,0
2013-04-24,0.65,0.65,0.62,0.62,362000,0
2013-04-25,0.64,0.65,0.63,0.64,376000,0
2013-04-26,0.65,0.65,0.63,0.63,104000,0
2013-04-29,0.63,0.65,0.63,0.65,83000,0
2013-04-30,0.64,0.64,0.64,0.64,331000,0
2013-05-02,0.64,0.7,0.62,0.69,1221000,0
2013-05-03,0.68,0.68,0.65,0.65,40000,0
2013-05-06,0.66,0.68,0.66,0.68,237000,0
2013-05-07,0.67,0.67,0.67,0.67,72000,0
2013-05-08,0.67,0.67,0.66,0.66,23000,0
2013-05-09,0.65,0.67,0.65,0.67,12000,0
2013-05-10,0.68,0.68,0.66,0.66,131000,0
2013-05-13,0.66,0.66,0.66,0.66,0,0
2013-05-14,0.66,0.67,0.66,0.67,63000,0
2013-05-15,0.67,0.67,0.66,0.67,183000,0
2013-05-16,0.66,0.67,0.65,0.67,236000,0
2013-05-20,0.65,0.68,0.65,0.68,35000,0
2013-05-21,0.68,0.68,0.68,0.68,0,0
2013-05-22,0.68,0.68,0.68,0.68,0,0
2013-05-23,0.67,0.67,0.65,0.66,433000,0
2013-05-24,0.66,0.66,0.65,0.65,66000,0
2013-05-27,0.66,0.66,0.6,0.62,793000,0
2013-05-28,0.61,0.61,0.6,0.6,318000,0
2013-05-29,0.6,0.62,0.6,0.62,336000,0
2013-05-30,0.62,0.62,0.62,0.62,246000,0
2013-05-31,0.62,0.63,0.61,0.63,313000,0
2013-06-03,0.61,0.62,0.61,0.61,33000,0
2013-06-04,0.61,0.61,0.61,0.61,285000,0
2013-06-05,0.62,0.62,0.62,0.62,200000,0
2013-06-06,0.61,0.62,0.6,0.61,344000,0
2013-06-07,0.6,0.62,0.6,0.61,75000,0
2013-06-10,0.62,0.62,0.62,0.62,10000,0
2013-06-11,0.62,0.62,0.61,0.61,144000,0
2013-06-13,0.6,0.6,0.58,0.59,247000,0
2013-06-14,0.59,0.59,0.59,0.59,50000,0
2013-06-17,0.58,0.58,0.55,0.57,270000,0
2013-06-18,0.56,0.59,0.56,0.58,103000,0
2013-06-19,0.58,0.58,0.58,0.58,28000,0
2013-06-20,0.58,0.59,0.58,0.59,52000,0
2013-06-21,0.58,0.58,0.57,0.57,230000,0
2013-06-24,0.57,0.57,0.55,0.55,161000,0
2013-06-25,0.51,0.55,0.49,0.49,903000,0
2013-06-26,0.52,0.52,0.52,0.52,30000,0
2013-06-27,0.5,0.52,0.5,0.52,227000,0
2013-06-28,0.51,0.53,0.51,0.52,636000,0
2013-07-02,0.57,0.63,0.53,0.54,3258000,0
2013-07-03,0.53,0.54,0.51,0.52,565000,0
2013-07-04,0.54,0.55,0.51,0.51,2477000,0
2013-07-05,0.5,0.51,0.5,0.51,72000,0
2013-07-08,0.51,0.51,0.5,0.5,206000,0
2013-07-09,0.5,0.52,0.5,0.5,75000,0
2013-07-10,0.5,0.52,0.5,0.5,87000,0
2013-07-11,0.5,0.52,0.5,0.52,11000,0
2013-07-12,0.51,0.51,0.5,0.5,215000,0
2013-07-15,0.5,0.5,0.5,0.5,40000,0
2013-07-16,0.5,0.5,0.5,0.5,71000,0
2013-07-17,0.51,0.52,0.51,0.51,24000,0
2013-07-18,0.51,0.51,0.5,0.5,169000,0
2013-07-19,0.5,0.51,0.5,0.51,66000,0
2013-07-22,0.5,0.5,0.49,0.49,277000,0
2013-07-23,0.495,0.495,0.48,0.49,570000,0
2013-07-24,0.5,0.51,0.5,0.5,40000,0
2013-07-25,0.5,0.51,0.5,0.5,200000,0
2013-07-26,0.5,0.5,0.495,0.495,62000,0
2013-07-29,0.495,0.495,0.495,0.495,20000,0
2013-07-30,0.5,0.53,0.495,0.5,334000,0
2013-07-31,0.5,0.51,0.5,0.5,300000,0
2013-08-01,0.5,0.51,0.5,0.5,50000,0
2013-08-02,0.5,0.54,0.5,0.52,82000,0
2013-08-05,0.52,0.52,0.52,0.52,0,0
2013-08-06,0.53,0.53,0.51,0.53,200000,0
2013-08-07,0.53,0.53,0.53,0.53,0,0
2013-08-08,0.53,0.53,0.53,0.53,30000,0
2013-08-09,0.51,0.51,0.5,0.5,35000,0
2013-08-12,0.5,0.5,0.5,0.5,60000,0
2013-08-13,0.5,0.5,0.495,0.5,365000,0
2013-08-15,0.5,0.5,0.5,0.5,0,0
2013-08-16,0.49,0.495,0.49,0.495,18000,0
2013-08-19,0.485,0.5,0.485,0.5,55000,0
2013-08-20,0.5,0.5,0.49,0.49,115000,0
2013-08-21,0.485,0.485,0.47,0.48,415000,0
2013-08-22,0.48,0.48,0.475,0.475,368000,0
2013-08-23,0.47,0.48,0.47,0.48,334000,0
2013-08-26,0.485,0.485,0.46,0.465,44000,0
2013-08-27,0.465,0.465,0.465,0.465,40000,0
2013-08-28,0.45,0.46,0.45,0.46,46000,0
2013-08-29,0.455,0.47,0.455,0.47,40000,0
2013-08-30,0.465,0.465,0.455,0.455,326000,0
2013-09-02,0.455,0.455,0.45,0.455,26000,0
2013-09-03,0.455,0.465,0.455,0.465,56000,0
2013-09-04,0.465,0.475,0.465,0.475,121000,0
2013-09-05,0.48,0.485,0.48,0.48,128000,0
2013-09-06,0.48,0.48,0.475,0.475,150000,0
2013-09-09,0.475,0.475,0.475,0.475,0,0
2013-09-10,0.48,0.48,0.475,0.475,471000,0
2013-09-11,0.465,0.475,0.465,0.475,11000,0
2013-09-12,0.47,0.47,0.465,0.465,46000,0
2013-09-13,0.47,0.47,0.47,0.47,200000,0
2013-09-16,0.47,0.47,0.47,0.47,300000,0
2013-09-17,0.47,0.47,0.47,0.47,12000,0
2013-09-18,0.475,0.475,0.475,0.475,0,0
2013-09-19,0.48,0.495,0.48,0.495,57000,0
2013-09-23,0.5,0.5,0.495,0.5,370000,0
2013-09-24,0.5,0.5,0.49,0.49,198000,0
2013-09-25,0.49,0.49,0.47,0.475,134000,0
2013-09-26,0.5,0.5,0.49,0.49,305000,0
2013-09-27,0.49,0.49,0.49,0.49,0,0
2013-09-30,0.495,0.5,0.49,0.49,250000,0
2013-10-02,0.49,0.49,0.48,0.48,54000,0
2013-10-03,0.485,0.485,0.485,0.485,1000,0
2013-10-04,0.485,0.5,0.48,0.5,425000,0
2013-10-07,0.495,0.495,0.485,0.49,300000,0
2013-10-08,0.49,0.66,0.49,0.51,14695000,0
2013-10-09,0.5,0.52,0.5,0.52,1124000,0
2013-10-10,0.54,0.66,0.54,0.59,9528000,0
2013-10-11,0.59,0.59,0.56,0.56,2114000,0
2013-10-15,0.56,0.56,0.52,0.53,1640000,0
2013-10-16,0.53,0.53,0.51,0.52,536000,0
2013-10-17,0.52,0.53,0.52,0.53,555000,0
2013-10-18,0.52,0.54,0.52,0.53,452000,0
2013-10-21,0.54,0.55,0.54,0.54,388000,0
2013-10-22,0.54,0.54,0.53,0.54,1101000,0
2013-10-23,0.54,0.55,0.53,0.53,287000,0
2013-10-24,0.53,0.53,0.53,0.53,409000,0
2013-10-25,0.54,0.54,0.53,0.53,506000,0
2013-10-28,0.54,0.55,0.54,0.54,782000,0
2013-10-29,0.54,0.54,0.54,0.54,290000,0
2013-10-30,0.54,0.54,0.54,0.54,2279000,0
2013-10-31,0.53,0.54,0.53,0.54,140000,0
2013-11-01,0.53,0.53,0.51,0.52,488000,0
2013-11-04,0.53,0.53,0.52,0.52,437000,0
2013-11-05,0.54,0.54,0.54,0.54,90000,0
2013-11-06,0.55,0.61,0.55,0.59,1847000,0
2013-11-07,0.59,0.62,0.56,0.56,1542000,0
2013-11-08,0.55,0.56,0.55,0.56,110000,0
2013-11-11,0.55,0.62,0.55,0.58,420000,0
2013-11-12,0.57,0.57,0.56,0.56,154000,0
2013-11-13,0.54,0.55,0.52,0.55,116000,0
2013-11-14,0.53,0.6,0.53,0.58,157000,0
2013-11-15,0.58,0.58,0.57,0.57,107000,0
2013-11-18,0.55,0.57,0.55,0.57,33000,0
2013-11-19,0.55,0.63,0.55,0.63,85000,0
2013-11-20,0.63,0.64,0.56,0.57,976000,0
2013-11-21,0.57,0.57,0.57,0.57,27000,0
2013-11-22,0.57,0.58,0.57,0.57,113000,0
2013-11-25,0.57,0.57,0.57,0.57,3000,0
2013-11-26,0.57,0.57,0.57,0.57,140000,0
2013-11-27,0.57,0.58,0.57,0.57,165000,0
2013-11-28,0.57,0.57,0.57,0.57,30000,0
2013-11-29,0.57,0.57,0.56,0.56,28000,0
2013-12-02,0.55,0.55,0.55,0.55,57000,0
2013-12-03,0.54,0.56,0.54,0.56,49000,0
2013-12-04,0.55,0.57,0.55,0.57,270000,0
2013-12-05,0.57,0.61,0.57,0.58,850000,0
2013-12-06,0.57,0.61,0.57,0.6,650000,0
2013-12-09,0.6,0.6,0.58,0.58,436000,0
2013-12-10,0.55,0.6,0.55,0.58,213000,0
2013-12-11,0.57,0.58,0.56,0.58,95000,0
2013-12-12,0.57,0.58,0.56,0.56,600000,0
2013-12-13,0.57,0.57,0.54,0.55,340000,0
2013-12-16,0.53,0.55,0.53,0.55,19000,0
2013-12-17,0.55,0.55,0.54,0.54,133000,0
2013-12-18,0.54,0.55,0.54,0.54,133000,0
2013-12-19,0.53,0.54,0.53,0.54,33000,0
2013-12-20,0.53,0.54,0.53,0.53,226000,0
2013-12-23,0.53,0.53,0.53,0.53,15000,0
2013-12-24,0.53,0.54,0.53,0.54,2000,0
2013-12-27,0.54,0.54,0.54,0.54,0,0
2013-12-30,0.54,0.54,0.54,0.54,35000,0
2013-12-31,0.54,0.54,0.53,0.53,22000,0
2014-01-02,0.53,0.55,0.53,0.55,35000,0
2014-01-03,0.54,0.55,0.53,0.54,425000,0
2014-01-06,0.53,0.53,0.53,0.53,14000,0
2014-01-07,0.53,0.53,0.53,0.53,0,0
2014-01-08,0.53,0.54,0.52,0.54,171000,0
2014-01-09,0.53,0.54,0.52,0.53,136000,0
2014-01-10,0.52,0.52,0.51,0.52,54000,0
2014-01-13,0.51,0.52,0.5,0.52,508000,0
2014-01-14,0.52,0.52,0.52,0.52,0,0
2014-01-15,0.52,0.52,0.52,0.52,14000,0
2014-01-16,0.52,0.52,0.52,0.52,100000,0
2014-01-17,0.52,0.53,0.51,0.52,41000,0
2014-01-20,0.52,0.54,0.51,0.53,337000,0
2014-01-21,0.51,0.51,0.51,0.51,10000,0
2014-01-22,0.52,0.53,0.52,0.53,88000,0
2014-01-23,0.51,0.52,0.51,0.52,376000,0
2014-01-24,0.52,0.53,0.51,0.52,73000,0
2014-01-27,0.5,0.52,0.495,0.5,249000,0
2014-01-28,0.5,0.5,0.5,0.5,0,0
2014-01-29,0.5,0.51,0.495,0.51,94000,0
2014-01-30,0.51,0.51,0.51,0.51,0,0
2014-02-04,0.5,0.5,0.5,0.5,10000,0
2014-02-05,0.51,0.51,0.48,0.49,148000,0
2014-02-06,0.485,0.5,0.485,0.5,168000,0
2014-02-07,0.51,0.52,0.51,0.52,52000,0
2014-02-10,0.52,0.52,0.52,0.52,45000,0
2014-02-11,0.52,0.52,0.52,0.52,110000,0
2014-02-12,0.52,0.52,0.51,0.52,114000,0
2014-02-13,0.52,0.52,0.51,0.51,136000,0
2014-02-14,0.52,0.52,0.51,0.52,80000,0
2014-02-17,0.51,0.52,0.51,0.51,60000,0
2014-02-18,0.5,0.51,0.495,0.51,323493,0
2014-02-19,0.51,0.52,0.5,0.5,158000,0
2014-02-20,0.5,0.51,0.5,0.5,285000,0
2014-02-21,0.5,0.51,0.5,0.51,112000,0
2014-02-24,0.51,0.51,0.51,0.51,110000,0
2014-02-25,0.52,0.52,0.52,0.52,100000,0
2014-02-26,0.51,0.53,0.51,0.52,259000,0
2014-02-27,0.52,0.52,0.52,0.52,0,0
2014-02-28,0.52,0.52,0.52,0.52,41000,0
2014-03-03,0.52,0.52,0.5,0.5,153000,0
2014-03-04,0.52,0.53,0.52,0.53,280000,0
2014-03-05,0.53,0.53,0.53,0.53,50000,0
2014-03-06,0.55,0.55,0.55,0.55,101000,0
2014-03-07,0.57,0.57,0.52,0.52,158000,0
2014-03-10,0.53,0.55,0.53,0.55,89000,0
2014-03-11,0.54,0.54,0.52,0.53,54000,0
2014-03-12,0.54,0.55,0.54,0.54,23000,0
2014-03-13,0.54,0.54,0.54,0.54,0,0
2014-03-14,0.53,0.53,0.52,0.52,150000,0
2014-03-17,0.52,0.52,0.51,0.51,83000,0
2014-03-18,0.52,0.53,0.52,0.53,92000,0
2014-03-19,0.54,0.54,0.53,0.53,177000,0
2014-03-20,0.52,0.53,0.51,0.53,158000,0
2014-03-21,0.54,0.54,0.52,0.52,35000,0
2014-03-24,0.51,0.51,0.5,0.5,180000,0
2014-03-25,0.5,0.5,0.5,0.5,188000,0
2014-03-26,0.5,0.5,0.5,0.5,0,0
2014-03-27,0.51,0.51,0.5,0.5,96000,0
2014-03-28,0.51,0.51,0.5,0.5,100000,0
2014-03-31,0.5,0.5,0.495,0.495,175000,0
2014-04-01,0.5,0.5,0.495,0.495,122000,0
2014-04-02,0.5,0.51,0.5,0.51,709000,0
2014-04-03,0.51,0.51,0.51,0.51,0,0
2014-04-04,0.51,0.51,0.51,0.51,20000,0
2014-04-07,0.51,0.51,0.51,0.51,0,0
2014-04-08,0.51,0.51,0.51,0.51,20000,0
2014-04-09,0.52,0.52,0.5,0.5,76000,0
2014-04-10,0.5,0.5,0.49,0.49,435000,0
2014-04-11,0.51,0.51,0.49,0.49,24000,0
2014-04-14,0.5,0.5,0.5,0.5,512000,0
2014-04-15,0.5,0.5,0.5,0.5,30000,0
2014-04-16,0.5,0.5,0.495,0.495,51000,0
2014-04-17,0.5,0.5,0.49,0.49,160000,0
2014-04-22,0.495,0.495,0.48,0.485,419000,0
2014-04-23,0.5,0.5,0.495,0.5,122000,0
2014-04-24,0.49,0.49,0.49,0.49,1000,0
2014-04-25,0.49,0.49,0.485,0.485,26000,0
2014-04-28,0.485,0.485,0.485,0.485,0,0
2014-04-29,0.485,0.485,0.485,0.485,0,0
2014-04-30,0.495,0.495,0.475,0.475,91000,0
2014-05-02,0.475,0.475,0.47,0.475,106000,0
2014-05-05,0.475,0.475,0.47,0.47,69000,0
2014-05-07,0.47,0.47,0.47,0.47,6000,0
2014-05-08,0.47,0.47,0.47,0.47,103000,0
2014-05-09,0.47,0.47,0.47,0.47,0,0
2014-05-12,0.48,0.48,0.475,0.48,40000,0
2014-05-13,0.475,0.475,0.47,0.47,20000,0
2014-05-14,0.47,0.47,0.47,0.47,8000,0
2014-05-15,0.47,0.47,0.45,0.45,655000,0
2014-05-16,0.445,0.445,0.41,0.415,1602000,0
2014-05-19,0.415,0.435,0.415,0.435,298000,0
2014-05-20,0.435,0.435,0.435,0.435,3000,0
2014-05-21,0.415,0.425,0.41,0.41,702000,0
2014-05-22,0.41,0.41,0.41,0.41,506000,0
2014-05-23,0.4,0.405,0.4,0.405,21000,0
2014-05-26,0.405,0.405,0.405,0.405,0,0
2014-05-27,0.43,0.43,0.43,0.43,40000,0
2014-05-28,0.435,0.435,0.43,0.43,208000,0
2014-05-29,0.41,0.425,0.405,0.42,30000,0
2014-05-30,0.43,0.43,0.425,0.425,29000,0
2014-06-03,0.43,0.43,0.43,0.43,110000,0
2014-06-04,0.42,0.42,0.415,0.42,199000,0
2014-06-05,0.415,0.415,0.41,0.41,80000,0
2014-06-06,0.42,0.425,0.42,0.425,31000,0
2014-06-09,0.425,0.425,0.425,0.425,0,0
2014-06-10,0.44,0.44,0.4,0.425,214000,0
2014-06-11,0.43,0.43,0.405,0.405,312000,0
2014-06-12,0.41,0.425,0.405,0.415,504000,0
2014-06-13,0.42,0.42,0.415,0.415,72000,0
2014-06-16,0.42,0.42,0.42,0.42,100000,0
2014-06-17,0.42,0.42,0.42,0.42,0,0
2014-06-18,0.42,0.42,0.415,0.415,120000,0
2014-06-19,0.42,0.47,0.42,0.45,1458000,0
2014-06-20,0.45,0.45,0.45,0.45,1185000,0
2014-06-23,0.45,0.45,0.445,0.445,815000,0
2014-06-24,0.44,0.44,0.44,0.44,129000,0
2014-06-25,0.44,0.44,0.44,0.44,0,0
2014-06-26,0.44,0.44,0.44,0.44,10000,0
2014-06-27,0.435,0.435,0.43,0.43,240000,0
2014-06-30,0.43,0.43,0.43,0.43,0,0
2014-07-02,0.43,0.43,0.425,0.425,466000,0
2014-07-03,0.43,0.43,0.43,0.43,0,0
2014-07-04,0.43,0.43,0.43,0.43,1000,0
2014-07-07,0.43,0.43,0.425,0.425,46000,0
2014-07-08,0.425,0.43,0.425,0.43,103000,0
2014-07-09,0.425,0.43,0.425,0.425,138000,0
2014-07-10,0.425,0.425,0.425,0.425,30000,0
2014-07-11,0.42,0.425,0.42,0.425,261000,0
2014-07-14,0.425,0.425,0.425,0.425,0,0
2014-07-15,0.425,0.425,0.415,0.415,325000,0
2014-07-16,0.43,0.45,0.43,0.44,1915000,0
2014-07-17,0.43,0.43,0.43,0.43,19000,0
2014-07-18,0.43,0.43,0.41,0.415,600000,0
2014-07-21,0.415,0.42,0.41,0.42,361000,0
2014-07-22,0.42,0.42,0.42,0.42,60000,0
2014-07-23,0.415,0.415,0.415,0.415,3000,0
2014-07-24,0.415,0.415,0.41,0.415,640000,0
2014-07-25,0.415,0.425,0.415,0.425,42000,0
2014-07-28,0.425,0.425,0.425,0.425,7000,0
2014-07-29,0.415,0.415,0.415,0.415,112000,0
2014-07-30,0.42,0.43,0.41,0.41,193000,0
2014-07-31,0.42,0.425,0.41,0.42,697000,0
2014-08-01,0.415,0.42,0.415,0.415,19000,0
2014-08-04,0.41,0.42,0.41,0.42,608000,0
2014-08-05,0.415,0.42,0.415,0.42,262000,0
2014-08-06,0.415,0.42,0.415,0.42,182000,0
2014-08-07,0.42,0.435,0.42,0.425,632000,0
2014-08-08,0.43,0.43,0.425,0.425,242000,0
2014-08-11,0.43,0.43,0.42,0.42,24000,0
2014-08-12,0.42,0.42,0.42,0.42,108000,0
2014-08-13,0.415,0.415,0.41,0.41,50000,0
2014-08-14,0.425,0.44,0.425,0.43,671000,0
2014-08-15,0.435,0.435,0.425,0.43,581000,0
2014-08-18,0.425,0.43,0.42,0.43,261000,0
2014-08-19,0.415,0.415,0.415,0.415,6000,0
2014-08-20,0.43,0.435,0.43,0.43,508000,0
2014-08-21,0.43,0.43,0.43,0.43,50000,0
2014-08-22,0.425,0.43,0.42,0.425,285000,0
2014-08-25,0.425,0.43,0.42,0.42,33000,0
2014-08-26,0.42,0.42,0.415,0.42,55000,0
2014-08-27,0.415,0.43,0.405,0.41,734000,0
2014-08-28,0.415,0.425,0.415,0.42,434000,0
2014-08-29,0.415,0.43,0.415,0.425,191000,0
2014-09-01,0.43,0.43,0.425,0.425,567000,0
2014-09-02,0.425,0.425,0.425,0.425,307000,0
2014-09-03,0.43,0.43,0.425,0.425,152000,0
2014-09-04,0.425,0.425,0.425,0.425,98000,0
2014-09-05,0.425,0.425,0.41,0.42,300000,0
2014-09-08,0.425,0.43,0.405,0.425,376000,0
2014-09-10,0.42,0.42,0.42,0.42,370000,0
2014-09-11,0.425,0.425,0.42,0.425,701000,0
2014-09-12,0.425,0.425,0.425,0.425,10000,0
2014-09-15,0.425,0.425,0.4,0.425,1728000,0
2014-09-16,0.41,0.425,0.41,0.425,198000,0
2014-09-17,0.425,0.425,0.425,0.425,140000,0
2014-09-18,0.425,0.425,0.425,0.425,50000,0
2014-09-19,0.425,0.48,0.425,0.48,1215000,0
2014-09-22,0.47,0.48,0.46,0.47,249000,0
2014-09-23,0.475,0.69,0.475,0.58,9600000,0
2014-09-24,0.59,0.65,0.53,0.56,3045000,0
2014-09-25,0.56,0.56,0.5,0.51,856000,0
2014-09-26,0.51,0.57,0.49,0.495,1311000,0
2014-09-29,0.495,0.495,0.465,0.47,942000,0
2014-09-30,0.465,0.47,0.46,0.46,233000,0
2014-10-03,0.46,0.47,0.46,0.47,40000,0
2014-10-06,0.5,0.57,0.5,0.52,1206000,0
2014-10-07,0.55,0.55,0.5,0.52,143000,0
2014-10-08,0.495,0.53,0.495,0.5,563000,0
2014-10-09,0.5,0.5,0.5,0.5,19000,0
2014-10-10,0.49,0.5,0.49,0.5,277000,0
2014-10-13,0.5,0.5,0.5,0.5,110000,0
2014-10-14,0.48,0.49,0.48,0.49,330000,0
2014-10-15,0.49,0.49,0.49,0.49,0,0
2014-10-16,0.485,0.495,0.485,0.485,284000,0
2014-10-17,0.5,0.5,0.475,0.475,252000,0
2014-10-20,0.475,0.475,0.475,0.475,0,0
2014-10-21,0.48,0.485,0.48,0.485,51000,0
2014-10-22,0.485,0.485,0.485,0.485,0,0
2014-10-23,0.485,0.52,0.485,0.485,64000,0
2014-10-24,0.485,0.485,0.485,0.485,0,0
2014-10-27,0.485,0.485,0.475,0.475,22000,0
2014-10-28,0.475,0.475,0.475,0.475,0,0
2014-10-29,0.475,0.475,0.465,0.47,72000,0
2014-10-30,0.47,0.475,0.44,0.44,464000,0
2014-10-31,0.455,0.465,0.445,0.465,883000,0
2014-11-03,0.45,0.45,0.445,0.445,10000,0
2014-11-04,0.45,0.45,0.45,0.45,2000,0
2014-11-05,0.45,0.465,0.44,0.465,627000,0
2014-11-06,0.465,0.475,0.465,0.475,43000,0
2014-11-07,0.475,0.485,0.46,0.465,323000,0
2014-11-10,0.445,0.46,0.445,0.46,35000,0
2014-11-11,0.45,0.485,0.45,0.485,82000,0
2014-11-12,0.475,0.475,0.45,0.46,110000,0
2014-11-13,0.455,0.465,0.455,0.465,57000,0
2014-11-14,0.465,0.465,0.465,0.465,8000,0
2014-11-17,0.45,0.49,0.45,0.48,71000,0
2014-11-18,0.46,0.46,0.46,0.46,1000,0
2014-11-19,0.46,0.48,0.46,0.46,220000,0
2014-11-20,0.46,0.46,0.46,0.46,0,0
2014-11-21,0.455,0.495,0.45,0.455,602000,0
2014-11-24,0.465,0.485,0.465,0.47,117000,0
2014-11-25,0.46,0.47,0.455,0.47,211000,0
2014-11-26,0.48,0.48,0.48,0.48,92000,0
2014-11-27,0.48,0.48,0.48,0.48,0,0
2014-11-28,0.48,0.48,0.48,0.48,0,0
2014-12-01,0.46,0.46,0.445,0.445,73000,0
2014-12-02,0.455,0.455,0.455,0.455,3000,0
2014-12-03,0.45,0.45,0.445,0.45,95000,0
2014-12-04,0.44,0.475,0.44,0.465,163000,0
2014-12-05,0.47,0.47,0.465,0.465,23000,0
2014-12-08,0.465,0.465,0.455,0.455,12000,0
2014-12-09,0.455,0.455,0.455,0.455,0,0
2014-12-10,0.455,0.49,0.455,0.48,448000,0
2014-12-11,0.49,0.49,0.485,0.485,50000,0
2014-12-12,0.48,0.48,0.475,0.475,20000,0
2014-12-15,0.47,0.485,0.45,0.455,231000,0
2014-12-16,0.455,0.455,0.44,0.445,50000,0
2014-12-17,0.435,0.435,0.425,0.425,44000,0
2014-12-18,0.435,0.445,0.425,0.445,110000,0
2014-12-19,0.43,0.43,0.42,0.42,266000,0
2014-12-22,0.43,0.44,0.43,0.44,100000,0
2014-12-23,0.44,0.44,0.44,0.44,20000,0
2014-12-24,0.45,0.45,0.445,0.445,80000,0
2014-12-29,0.445,0.47,0.445,0.445,227000,0
2014-12-30,0.455,0.455,0.455,0.455,0,0
2014-12-31,0.455,0.455,0.455,0.455,0,0
2015-01-02,0.455,0.455,0.455,0.455,1000,0
2015-01-05,0.45,0.45,0.45,0.45,5000,0
2015-01-06,0.46,0.46,0.46,0.46,0,0
2015-01-07,0.48,0.48,0.455,0.455,118000,0
2015-01-08,0.455,0.46,0.455,0.46,41000,0
2015-01-09,0.48,0.49,0.48,0.49,10000,0
2015-01-12,0.49,0.49,0.47,0.47,24000,0
2015-01-13,0.47,0.47,0.47,0.47,10000,0
2015-01-14,0.48,0.48,0.48,0.48,10000,0
2015-01-15,0.47,0.47,0.43,0.445,100000,0
2015-01-16,0.445,0.445,0.445,0.445,100000,0
2015-01-19,0.445,0.445,0.44,0.44,78000,0
2015-01-20,0.44,0.44,0.44,0.44,0,0
2015-01-21,0.44,0.46,0.44,0.46,708000,0
2015-01-22,0.455,0.455,0.455,0.455,1000,0
2015-01-23,0.455,0.455,0.455,0.455,0,0
2015-01-26,0.465,0.465,0.465,0.465,30000,0
2015-01-27,0.47,0.47,0.465,0.465,64000,0
2015-01-28,0.47,0.48,0.47,0.475,153000,0
2015-01-29,0.48,0.495,0.475,0.475,409000,0
2015-01-30,0.495,0.495,0.48,0.48,21000,0
2015-02-02,0.48,0.48,0.48,0.48,148000,0
2015-02-03,0.48,0.48,0.48,0.48,47000,0
2015-02-04,0.48,0.48,0.48,0.48,14000,0
2015-02-05,0.475,0.475,0.475,0.475,17000,0
2015-02-06,0.47,0.47,0.47,0.47,23000,0
2015-02-09,0.47,0.47,0.47,0.47,0,0
2015-02-10,0.47,0.48,0.47,0.475,273000,0
2015-02-11,0.47,0.47,0.47,0.47,70000,0
2015-02-12,0.46,0.465,0.46,0.465,10000,0
2015-02-13,0.465,0.465,0.465,0.465,132000,0
2015-02-16,0.465,0.465,0.465,0.465,0,0
2015-02-17,0.47,0.475,0.47,0.475,336000,0
2015-02-18,0.475,0.475,0.475,0.475,0,0
2015-02-23,0.475,0.475,0.475,0.475,0,0
2015-02-24,0.475,0.475,0.475,0.475,0,0
2015-02-25,0.49,0.49,0.475,0.475,101000,0
2015-02-26,0.475,0.475,0.475,0.475,30000,0
2015-02-27,0.47,0.47,0.465,0.465,60000,0
2015-03-02,0.47,0.47,0.47,0.47,10000,0
2015-03-03,0.46,0.465,0.46,0.46,164000,0
2015-03-04,0.47,0.47,0.47,0.47,65000,0
2015-03-05,0.47,0.47,0.45,0.455,142000,0
2015-03-06,0.47,0.475,0.465,0.475,52000,0
2015-03-09,0.475,0.475,0.475,0.475,0,0
2015-03-10,0.455,0.455,0.44,0.45,102000,0
2015-03-11,0.455,0.455,0.455,0.455,0,0
2015-03-12,0.455,0.455,0.455,0.455,25000,0
2015-03-13,0.455,0.46,0.455,0.46,102000,0
2015-03-16,0.465,0.465,0.465,0.465,0,0
2015-03-17,0.45,0.455,0.445,0.45,170000,0
2015-03-18,0.45,0.45,0.45,0.45,4000,0
2015-03-19,0.45,0.45,0.45,0.45,0,0
2015-03-20,0.45,0.45,0.45,0.45,0,0
2015-03-23,0.45,0.45,0.45,0.45,26000,0
2015-03-24,0.45,0.45,0.45,0.45,15000,0
2015-03-25,0.45,0.455,0.45,0.455,53000,0
2015-03-26,0.445,0.445,0.445,0.445,30000,0
2015-03-27,0.445,0.445,0.445,0.445,0,0
2015-03-30,0.44,0.45,0.44,0.45,72000,0
2015-03-31,0.45,0.46,0.45,0.46,1000,0
2015-04-01,0.45,0.45,0.45,0.45,97000,0
2015-04-02,0.455,0.455,0.455,0.455,31000,0
2015-04-08,0.455,0.455,0.445,0.445,122000,0
2015-04-09,0.45,0.48,0.445,0.47,364000,0
2015-04-10,0.47,0.495,0.45,0.485,678000,0
2015-04-13,0.485,0.55,0.485,0.51,1366000,0
2015-04-14,0.53,0.54,0.5,0.51,382000,0
2015-04-15,0.5,0.5,0.5,0.5,80000,0
2015-04-16,0.5,0.5,0.48,0.495,617000,0
2015-04-17,0.48,0.5,0.48,0.5,1406000,0
2015-04-20,0.5,0.5,0.49,0.49,208000,0
2015-04-21,0.49,0.5,0.49,0.5,623000,0
2015-04-22,0.5,0.5,0.49,0.49,258000,0
2015-04-23,0.49,0.5,0.49,0.5,424000,0
2015-04-24,0.5,0.5,0.49,0.5,287000,0
2015-04-27,0.495,0.51,0.48,0.5,3599000,0
2015-04-28,0.5,0.5,0.495,0.5,801000,0
2015-04-29,0.5,0.74,0.5,0.62,24168000,0
2015-04-30,0.6,0.62,0.55,0.55,4661000,0
2015-05-04,0.56,0.62,0.55,0.62,2635000,0
2015-05-05,0.64,0.64,0.58,0.59,1236000,0
2015-05-06,0.59,0.61,0.58,0.61,900000,0
2015-05-07,0.61,0.61,0.58,0.59,1024000,0
2015-05-08,0.58,0.61,0.57,0.58,1086000,0
2015-05-11,0.6,0.63,0.59,0.61,1398000,0
2015-05-12,0.61,0.63,0.6,0.62,1211573,0
2015-05-13,0.62,0.62,0.58,0.58,894000,0
2015-05-14,0.59,0.65,0.58,0.61,2219000,0
2015-05-15,0.63,0.74,0.63,0.67,7386000,0
2015-05-18,0.71,0.71,0.63,0.66,2103000,0
2015-05-19,0.66,0.7,0.66,0.68,2215000,0
2015-05-20,0.69,0.85,0.69,0.76,8375000,0
2015-05-21,0.76,0.8,0.71,0.77,2441000,0
2015-05-22,0.77,0.79,0.75,0.76,1249000,0
2015-05-26,0.75,0.75,0.7,0.74,2922000,0
2015-05-27,0.76,0.8,0.74,0.78,1529000,0
2015-05-28,0.77,0.79,0.74,0.77,1004000,0
2015-05-29,0.75,0.75,0.72,0.75,1505000,0
2015-06-01,0.73,0.75,0.71,0.74,1257000,0
2015-06-02,0.73,0.75,0.72,0.74,444000,0
2015-06-03,0.73,0.73,0.7,0.71,1150573,0
2015-06-04,0.71,0.71,0.66,0.69,738000,0
2015-06-05,0.68,0.68,0.65,0.67,705000,0
2015-06-08,0.66,0.67,0.62,0.67,653000,0
2015-06-09,0.64,0.64,0.62,0.62,1077000,0
2015-06-10,0.65,0.65,0.55,0.6,1837000,0
2015-06-11,0.62,0.63,0.61,0.61,480000,0
2015-06-12,0.61,0.61,0.58,0.6,797000,0
2015-06-15,0.57,0.6,0.57,0.57,599000,0
2015-06-16,0.56,0.58,0.55,0.55,252000,0
2015-06-17,0.56,0.75,0.56,0.69,12380000,0
2015-06-18,0.68,0.71,0.65,0.69,1821000,0
2015-06-19,0.67,0.7,0.66,0.68,490000,0
2015-06-22,0.68,0.68,0.64,0.64,276000,0
2015-06-23,0.63,0.64,0.6,0.62,1505000,0
2015-06-24,0.62,0.65,0.61,0.65,102000,0
2015-06-25,0.61,0.64,0.61,0.64,389000,0
2015-06-26,0.63,0.66,0.61,0.61,355000,0
2015-06-29,0.61,0.61,0.57,0.58,573000,0
2015-06-30,0.57,0.61,0.55,0.61,542000,0
2015-07-02,0.61,0.62,0.56,0.6,712000,0
2015-07-03,0.58,0.58,0.53,0.57,2004000,0
2015-07-06,0.55,0.55,0.48,0.54,2710000,0
2015-07-07,0.49,0.51,0.48,0.495,822000,0
2015-07-08,0.495,0.495,0.44,0.465,1539000,0
2015-07-09,0.495,0.54,0.465,0.5,1201000,0
2015-07-10,0.51,0.54,0.51,0.54,1081000,0
2015-07-13,0.51,0.55,0.5,0.54,721000,0
2015-07-14,0.56,0.57,0.55,0.56,558000,0
2015-07-15,0.56,0.57,0.52,0.57,235000,0
2015-07-16,0.57,0.58,0.53,0.58,457000,0
2015-07-17,0.58,0.59,0.58,0.58,143000,0
2015-07-20,0.55,0.6,0.54,0.59,220000,0
2015-07-21,0.59,0.59,0.56,0.58,337000,0
2015-07-22,0.57,0.58,0.57,0.58,155000,0
2015-07-23,0.56,0.59,0.54,0.58,305000,0
2015-07-24,0.58,0.59,0.56,0.56,156000,0
2015-07-27,0.54,0.54,0.51,0.52,887000,0
2015-07-28,0.53,0.54,0.52,0.54,351000,0
2015-07-29,0.54,0.54,0.54,0.54,0,0
2015-07-30,0.53,0.53,0.53,0.53,40000,0
2015-07-31,0.54,0.55,0.54,0.55,145000,0
2015-08-03,0.53,0.53,0.52,0.52,173000,0
2015-08-04,0.53,0.53,0.53,0.53,160000,0
2015-08-05,0.54,0.54,0.53,0.53,86000,0
2015-08-06,0.53,0.54,0.53,0.54,114000,0
2015-08-07,0.53,0.53,0.52,0.53,164000,0
2015-08-10,0.53,0.54,0.53,0.54,19000,0
2015-08-11,0.57,0.59,0.55,0.59,420000,0
2015-08-12,0.59,0.59,0.53,0.55,155000,0
2015-08-13,0.55,0.55,0.55,0.55,0,0
2015-08-14,0.53,0.53,0.53,0.53,4000,0
2015-08-17,0.52,0.52,0.51,0.52,265000,0
2015-08-18,0.51,0.51,0.5,0.5,852000,0
2015-08-19,0.5,0.5,0.5,0.5,0,0
2015-08-20,0.495,0.51,0.49,0.49,23000,0
2015-08-21,0.49,0.49,0.46,0.475,253000,0
2015-08-24,0.455,0.455,0.4,0.435,457000,0
2015-08-25,0.415,0.43,0.405,0.43,455000,0
2015-08-26,0.445,0.445,0.44,0.44,62000,0
2015-08-27,0.44,0.44,0.44,0.44,0,0
2015-08-28,0.445,0.47,0.445,0.46,88000,0
2015-08-31,0.42,0.44,0.405,0.42,776000,0
2015-09-01,0.43,0.435,0.43,0.435,43000,0
2015-09-02,0.425,0.425,0.425,0.425,0,0
2015-09-04,0.415,0.42,0.4,0.42,391000,0
2015-09-07,0.41,0.41,0.405,0.41,20000,0
2015-09-08,0.405,0.435,0.405,0.415,64000,0
2015-09-09,0.42,0.475,0.42,0.465,110000,0
2015-09-10,0.465,0.465,0.45,0.45,3000,0
2015-09-11,0.45,0.45,0.45,0.45,0,0
2015-09-14,0.42,0.44,0.42,0.44,27000,0
2015-09-15,0.42,0.44,0.42,0.425,27000,0
2015-09-16,0.425,0.425,0.425,0.425,0,0
2015-09-17,0.425,0.455,0.425,0.435,71000,0
2015-09-18,0.435,0.45,0.425,0.45,368000,0
2015-09-21,0.43,0.435,0.425,0.43,110000,0
2015-09-22,0.435,0.45,0.43,0.45,124000,0
2015-09-23,0.44,0.44,0.44,0.44,0,0
2015-09-24,0.445,0.445,0.445,0.445,6000,0
2015-09-25,0.435,0.44,0.435,0.44,210000,0
2015-09-29,0.44,0.44,0.425,0.43,140000,0
2015-09-30,0.43,0.465,0.43,0.465,55000,0
2015-10-02,0.465,0.47,0.46,0.46,106000,0
2015-10-05,0.47,0.47,0.465,0.465,60000,0
2015-10-06,0.46,0.465,0.46,0.465,35000,0
2015-10-07,0.48,0.495,0.48,0.49,241000,0
2015-10-08,0.48,0.49,0.48,0.49,8000,0
2015-10-09,0.5,0.51,0.47,0.485,194000,0
2015-10-12,0.5,0.5,0.49,0.49,22000,0
2015-10-13,0.48,0.48,0.48,0.48,50000,0
2015-10-14,0.48,0.49,0.475,0.49,81000,0
2015-10-15,0.48,0.49,0.47,0.48,111000,0
2015-10-16,0.48,0.495,0.48,0.495,51000,0
2015-10-19,0.485,0.49,0.485,0.485,121000,0
2015-10-20,0.485,0.485,0.485,0.485,0,0
2015-10-22,0.485,0.485,0.485,0.485,0,0
2015-10-23,0.48,0.48,0.48,0.48,40000,0
2015-10-26,0.49,0.49,0.49,0.49,9000,0
2015-10-27,0.49,0.49,0.49,0.49,0,0
2015-10-28,0.49,0.49,0.49,0.49,0,0
2015-10-29,0.49,0.49,0.49,0.49,0,0
2015-10-30,0.48,0.48,0.48,0.48,25000,0
2015-11-02,0.475,0.475,0.47,0.47,60000,0
2015-11-03,0.47,0.485,0.47,0.485,18000,0
2015-11-04,0.485,0.485,0.485,0.485,0,0
2015-11-05,0.495,0.5,0.495,0.495,234000,0
2015-11-06,0.495,0.495,0.495,0.495,0,0
2015-11-09,0.495,0.495,0.495,0.495,0,0
2015-11-10,0.48,0.48,0.48,0.48,377000,0
2015-11-11,0.48,0.48,0.48,0.48,0,0
2015-11-12,0.475,0.475,0.475,0.475,21000,0
2015-11-13,0.475,0.48,0.475,0.48,76000,0
2015-11-16,0.48,0.48,0.48,0.48,14000,0
2015-11-17,0.48,0.48,0.48,0.48,0,0
2015-11-18,0.48,0.48,0.48,0.48,30000,0
2015-11-19,0.475,0.475,0.475,0.475,10000,0
2015-11-20,0.475,0.475,0.46,0.465,124000,0
2015-11-23,0.46,0.465,0.46,0.46,93000,0
2015-11-24,0.46,0.46,0.445,0.455,61000,0
2015-11-25,0.455,0.455,0.455,0.455,0,0
2015-11-26,0.47,0.485,0.47,0.48,97000,0
2015-11-27,0.48,0.48,0.48,0.48,0,0
2015-11-30,0.46,0.46,0.46,0.46,10000,0
2015-12-01,0.53,0.53,0.465,0.465,37000,0
2015-12-02,0.465,0.465,0.465,0.465,0,0
2015-12-03,0.465,0.465,0.465,0.465,0,0
2015-12-04,0.465,0.465,0.465,0.465,0,0
2015-12-07,0.465,0.465,0.465,0.465,0,0
2015-12-08,0.46,0.46,0.46,0.46,0,0
2015-12-09,0.455,0.455,0.44,0.44,38000,0
2015-12-10,0.44,0.46,0.435,0.46,30000,0
2015-12-11,0.45,0.46,0.45,0.46,67000,0
2015-12-14,0.46,0.46,0.425,0.455,67000,0
2015-12-15,0.455,0.455,0.455,0.455,0,0
2015-12-16,0.455,0.455,0.455,0.455,0,0
2015-12-17,0.46,0.46,0.435,0.435,38000,0
2015-12-18,0.45,0.46,0.45,0.45,110000,0
2015-12-21,0.45,0.45,0.45,0.45,0,0
2015-12-22,0.46,0.46,0.435,0.435,43000,0
2015-12-23,0.45,0.45,0.445,0.445,2000,0
2015-12-24,0.445,0.445,0.445,0.445,0,0
2015-12-28,0.43,0.43,0.43,0.43,60000,0
2015-12-29,0.43,0.43,0.43,0.43,0,0
2015-12-30,0.43,0.43,0.43,0.43,0,0
2015-12-31,0.425,0.425,0.42,0.42,30000,0
2016-01-04,0.42,0.42,0.42,0.42,0,0
2016-01-05,0.41,0.41,0.41,0.41,89000,0
2016-01-06,0.41,0.41,0.41,0.41,0,0
2016-01-07,0.4,0.41,0.4,0.41,60000,0
2016-01-08,0.455,0.455,0.425,0.425,5000,0
2016-01-11,0.425,0.425,0.425,0.425,0,0
2016-01-12,0.425,0.425,0.425,0.425,0,0
2016-01-13,0.4,0.405,0.4,0.405,58000,0
2016-01-14,0.4,0.41,0.4,0.41,40000,0
2016-01-15,0.4,0.4,0.4,0.4,24000,0
2016-01-18,0.39,0.39,0.39,0.39,41000,0
2016-01-19,0.38,0.405,0.38,0.405,80000,0
2016-01-20,0.4,0.4,0.4,0.4,0,0
2016-01-21,0.39,0.39,0.39,0.39,72000,0
2016-01-22,0.39,0.39,0.38,0.385,200000,0
2016-01-25,0.385,0.385,0.385,0.385,30000,0
2016-01-26,0.385,0.385,0.385,0.385,0,0
2016-01-27,0.385,0.385,0.385,0.385,30000,0
2016-01-28,0.385,0.385,0.385,0.385,0,0
2016-01-29,0.38,0.38,0.38,0.38,50000,0
2016-02-01,0.38,0.385,0.38,0.385,26000,0
2016-02-02,0.385,0.385,0.38,0.385,122000,0
2016-02-03,0.385,0.385,0.385,0.385,0,0
2016-02-04,0.385,0.385,0.385,0.385,0,0
2016-02-05,0.385,0.385,0.385,0.385,0,0
2016-02-11,0.39,0.39,0.39,0.39,20000,0
2016-02-12,0.39,0.39,0.39,0.39,0,0
2016-02-15,0.39,0.39,0.39,0.39,0,0
2016-02-16,0.39,0.39,0.39,0.39,10000,0
2016-02-17,0.39,0.39,0.36,0.37,50000,0
2016-02-18,0.375,0.375,0.375,0.375,0,0
2016-02-19,0.375,0.375,0.375,0.375,0,0
2016-02-22,0.375,0.375,0.375,0.375,7000,0
2016-02-23,0.375,0.375,0.375,0.375,0,0
2016-02-24,0.375,0.375,0.375,0.375,0,0
2016-02-25,0.38,0.38,0.38,0.38,0,0
2016-02-26,0.4,0.4,0.4,0.4,0,0
2016-02-29,0.41,0.41,0.41,0.41,2000,0
2016-03-01,0.425,0.425,0.385,0.385,2000,0
2016-03-02,0.39,0.39,0.39,0.39,0,0
2016-03-03,0.42,0.42,0.4,0.4,2000,0
2016-03-04,0.435,0.435,0.425,0.43,98000,0
2016-03-07,0.43,0.43,0.43,0.43,0,0
2016-03-08,0.43,0.43,0.43,0.43,1000,0
2016-03-09,0.415,0.425,0.41,0.41,126000,0
2016-03-10,0.41,0.41,0.41,0.41,0,0
2016-03-11,0.415,0.415,0.415,0.415,0,0
2016-03-14,0.415,0.415,0.415,0.415,1000,0
2016-03-15,0.415,0.415,0.415,0.415,0,0
2016-03-16,0.42,0.42,0.42,0.42,26000,0
2016-03-17,0.415,0.42,0.415,0.415,31000,0
2016-03-18,0.415,0.435,0.415,0.435,60000,0
2016-03-21,0.43,0.43,0.43,0.43,31000,0
2016-03-22,0.425,0.425,0.425,0.425,20000,0
2016-03-23,0.425,0.425,0.425,0.425,90000,0
2016-03-24,0.425,0.425,0.425,0.425,0,0
2016-03-29,0.415,0.415,0.415,0.415,9000,0
2016-03-30,0.415,0.415,0.415,0.415,0,0
2016-03-31,0.425,0.425,0.425,0.425,0,0
2016-04-01,0.425,0.425,0.425,0.425,3000,0
2016-04-05,0.42,0.42,0.42,0.42,35000,0
2016-04-06,0.415,0.415,0.415,0.415,10000,0
2016-04-07,0.42,0.42,0.42,0.42,11000,0
2016-04-08,0.42,0.42,0.42,0.42,0,0
2016-04-11,0.42,0.42,0.42,0.42,0,0
2016-04-12,0.42,0.42,0.42,0.42,0,0
2016-04-13,0.42,0.42,0.415,0.415,45000,0
2016-04-14,0.42,0.42,0.41,0.41,65000,0
2016-04-15,0.41,0.41,0.41,0.41,1013000,0
2016-04-18,0.41,0.41,0.41,0.41,0,0
2016-04-19,0.41,0.41,0.41,0.41,50000,0
2016-04-20,0.42,0.42,0.415,0.415,40000,0
2016-04-21,0.415,0.415,0.415,0.415,0,0
2016-04-22,0.42,0.42,0.42,0.42,0,0
2016-04-25,0.42,0.42,0.42,0.42,120000,0
2016-04-26,0.42,0.42,0.405,0.405,52000,0
2016-04-27,0.405,0.415,0.4,0.415,223000,0
2016-04-28,0.405,0.41,0.4,0.405,163000,0
2016-04-29,0.43,0.43,0.4,0.42,538000,0
2016-05-03,0.42,0.42,0.415,0.415,74000,0
2016-05-04,0.415,0.43,0.415,0.43,101000,0
2016-05-05,0.425,0.43,0.425,0.43,71000,0
2016-05-06,0.43,0.435,0.43,0.435,349000,0
2016-05-09,0.475,0.475,0.44,0.445,210000,0
2016-05-10,0.44,0.44,0.43,0.43,78000,0
2016-05-11,0.445,0.445,0.44,0.44,10000,0
2016-05-12,0.43,0.43,0.4,0.42,219000,0
2016-05-13,0.42,0.42,0.42,0.42,0,0
2016-05-16,0.42,0.42,0.42,0.42,0,0
2016-05-17,0.41,0.41,0.395,0.41,240000,0
2016-05-18,0.4,0.405,0.4,0.4,58000,0
2016-05-19,0.4,0.4,0.4,0.4,89000,0
2016-05-20,0.39,0.39,0.39,0.39,17000,0
2016-05-23,0.4,0.4,0.4,0.4,27000,0
2016-05-24,0.395,0.4,0.395,0.4,25000,0
2016-05-25,0.405,0.405,0.405,0.405,1000,0
2016-05-26,0.4,0.4,0.4,0.4,20000,0
2016-05-27,0.4,0.4,0.4,0.4,0,0
2016-05-30,0.415,0.415,0.415,0.415,140000,0
2016-05-31,0.41,0.41,0.41,0.41,39000,0
2016-06-01,0.41,0.41,0.405,0.405,255000,0
2016-06-02,0.415,0.44,0.415,0.43,666000,0
2016-06-03,0.43,0.43,0.43,0.43,0,0
2016-06-06,0.405,0.425,0.4,0.405,170000,0
2016-06-07,0.405,0.405,0.405,0.405,50000,0
2016-06-08,0.405,0.405,0.405,0.405,1000,0
2016-06-10,0.405,0.405,0.405,0.405,1000,0
2016-06-13,0.395,0.4,0.395,0.4,44000,0
2016-06-14,0.41,0.41,0.39,0.405,65000,0
2016-06-15,0.405,0.405,0.405,0.405,0,0
2016-06-16,0.405,0.405,0.405,0.405,0,0
2016-06-17,0.405,0.405,0.405,0.405,15000,0
2016-06-20,0.4,0.41,0.4,0.41,22000,0
2016-06-21,0.4,0.4,0.4,0.4,11000,0
2016-06-22,0.4,0.4,0.4,0.4,0,0
2016-06-23,0.4,0.4,0.4,0.4,80000,0
2016-06-24,0.4,0.4,0.4,0.4,0,0
2016-06-27,0.4,0.4,0.4,0.4,0,0
2016-06-28,0.4,0.4,0.4,0.4,0,0
2016-06-29,0.43,0.43,0.43,0.43,35000,0
2016-06-30,0.42,0.42,0.42,0.42,50000,0
2016-07-04,0.42,0.43,0.42,0.43,276000,0
2016-07-05,0.43,0.43,0.43,0.43,0,0
2016-07-06,0.42,0.435,0.415,0.43,358000,0
2016-07-07,0.42,0.42,0.41,0.42,241000,0
2016-07-08,0.42,0.425,0.42,0.42,159000,0
2016-07-11,0.44,0.445,0.42,0.44,23000,0
2016-07-12,0.43,0.43,0.43,0.43,85000,0
2016-07-13,0.42,0.44,0.42,0.44,152000,0
2016-07-14,0.44,0.445,0.425,0.44,258000,0
2016-07-15,0.44,0.44,0.44,0.44,120000,0
2016-07-18,0.445,0.445,0.43,0.445,6000,0
2016-07-19,0.445,0.445,0.435,0.445,218000,0
2016-07-20,0.435,0.44,0.435,0.44,32000,0
2016-07-21,0.445,0.445,0.43,0.44,165000,0
2016-07-22,0.43,0.435,0.43,0.435,100000,0
2016-07-25,0.42,0.445,0.42,0.445,7000,0
2016-07-26,0.445,0.445,0.435,0.44,95000,0
2016-07-27,0.43,0.43,0.425,0.43,204000,0
2016-07-28,0.43,0.43,0.43,0.43,0,0
2016-07-29,0.42,0.43,0.42,0.42,120000,0
2016-08-01,0.425,0.425,0.425,0.425,0,0
2016-08-03,0.425,0.425,0.42,0.425,1940000,0
2016-08-04,0.43,0.455,0.43,0.45,341000,0
2016-08-05,0.46,0.46,0.45,0.45,3000,0
2016-08-08,0.435,0.435,0.435,0.435,9000,0
2016-08-09,0.43,0.435,0.43,0.43,20000,0
2016-08-10,0.43,0.43,0.43,0.43,20000,0
2016-08-11,0.455,0.455,0.435,0.435,240000,0
2016-08-12,0.43,0.45,0.43,0.445,47000,0
2016-08-15,0.445,0.445,0.445,0.445,0,0
2016-08-16,0.43,0.435,0.43,0.43,130000,0
2016-08-17,0.425,0.43,0.425,0.425,155000,0
2016-08-18,0.41,0.43,0.41,0.41,225000,0
2016-08-19,0.415,0.415,0.415,0.415,39000,0
2016-08-22,0.43,0.46,0.425,0.425,332000,0
2016-08-23,0.425,0.425,0.425,0.425,34000,0
2016-08-24,0.425,0.425,0.425,0.425,30000,0
2016-08-25,0.43,0.43,0.43,0.43,40000,0
2016-08-26,0.45,0.45,0.44,0.45,333000,0
2016-08-29,0.45,0.45,0.45,0.45,6000,0
2016-08-30,0.45,0.455,0.42,0.44,200000,0
2016-08-31,0.45,0.45,0.43,0.43,27000,0
2016-09-01,0.43,0.43,0.43,0.43,1000,0
2016-09-02,0.43,0.43,0.43,0.43,0,0
2016-09-05,0.43,0.44,0.43,0.43,94000,0
2016-09-06,0.43,0.43,0.43,0.43,0,0
2016-09-07,0.43,0.43,0.43,0.43,3000,0
2016-09-08,0.43,0.43,0.43,0.43,0,0
2016-09-09,0.445,0.445,0.435,0.445,207000,0
2016-09-12,0.445,0.445,0.445,0.445,0,0
2016-09-13,0.43,0.435,0.43,0.43,190000,0
2016-09-14,0.43,0.43,0.425,0.425,80000,0
2016-09-15,0.425,0.425,0.425,0.425,0,0
2016-09-19,0.425,0.425,0.425,0.425,0,0
2016-09-20,0.425,0.435,0.425,0.435,170000,0
2016-09-21,0.435,0.435,0.435,0.435,0,0
2016-09-22,0.445,0.445,0.435,0.445,97000,0
2016-09-23,0.44,0.45,0.435,0.45,211000,0
2016-09-26,0.45,0.45,0.435,0.435,393000,0
2016-09-27,0.445,0.455,0.44,0.445,395000,0
2016-09-28,0.445,0.445,0.445,0.445,0,0
2016-09-29,0.435,0.445,0.435,0.435,244000,0
2016-09-30,0.435,0.44,0.435,0.44,17000,0
2016-10-03,0.44,0.45,0.435,0.45,111000,0
2016-10-04,0.445,0.455,0.44,0.455,671000,0
2016-10-05,0.45,0.45,0.45,0.45,24000,0
2016-10-06,0.45,0.45,0.44,0.44,710000,0
2016-10-07,0.445,0.45,0.44,0.44,305000,0
2016-10-11,0.445,0.445,0.435,0.435,230000,0
2016-10-12,0.435,0.435,0.435,0.435,0,0
2016-10-13,0.435,0.435,0.435,0.435,0,0
2016-10-14,0.44,0.44,0.44,0.44,0,0
2016-10-17,0.44,0.44,0.44,0.44,0,0
2016-10-18,0.44,0.44,0.44,0.44,180000,0
2016-10-19,0.405,0.44,0.405,0.405,1914000,0
2016-10-20,0.415,0.43,0.415,0.43,280000,0
2016-10-24,0.445,0.45,0.44,0.445,466000,0
2016-10-25,0.445,0.445,0.445,0.445,85000,0
2016-10-26,0.44,0.45,0.44,0.44,702000,0
2016-10-27,0.44,0.455,0.44,0.45,288000,0
2016-10-28,0.445,0.445,0.445,0.445,312000,0
2016-10-31,0.46,0.465,0.45,0.46,676000,0
2016-11-01,0.465,0.51,0.465,0.5,1420000,0
2016-11-02,0.5,0.52,0.48,0.485,746000,0
2016-11-03,0.495,0.495,0.475,0.475,703000,0
2016-11-04,0.475,0.475,0.47,0.475,165000,0
2016-11-07,0.475,0.495,0.46,0.48,249000,0
2016-11-08,0.47,0.48,0.47,0.47,41500,0
2016-11-09,0.465,0.48,0.455,0.48,307000,0
2016-11-10,0.465,0.465,0.465,0.465,20000,0
2016-11-11,0.465,0.51,0.465,0.51,885000,0
2016-11-14,0.52,0.52,0.5,0.5,225000,0
2016-11-15,0.5,0.5,0.5,0.5,40000,0
2016-11-16,0.51,0.54,0.5,0.51,747000,0
2016-11-17,0.5,0.52,0.5,0.52,397000,0
2016-11-18,0.52,0.52,0.52,0.52,30000,0
2016-11-21,0.52,0.52,0.5,0.51,370000,0
2016-11-22,0.5,0.5,0.5,0.5,40000,0
2016-11-23,0.5,0.51,0.5,0.5,159000,0
2016-11-24,0.5,0.51,0.5,0.51,70000,0
2016-11-25,0.51,0.51,0.51,0.51,20000,0
2016-11-28,0.51,0.51,0.51,0.51,71000,0
2016-11-29,0.47,0.5,0.47,0.495,61500,0
2016-11-30,0.495,0.495,0.495,0.495,0,0
2016-12-01,0.495,0.495,0.495,0.495,60000,0
2016-12-02,0.495,0.5,0.495,0.5,20000,0
2016-12-05,0.495,0.495,0.495,0.495,0,0
2016-12-06,0.495,0.495,0.495,0.495,10000,0
2016-12-07,0.48,0.485,0.48,0.485,203000,0
2016-12-08,0.485,0.485,0.485,0.485,0,0
2016-12-09,0.485,0.485,0.485,0.485,60000,0
2016-12-12,0.485,0.485,0.485,0.485,0,0
2016-12-13,0.48,0.48,0.465,0.47,100000,0
2016-12-14,0.465,0.47,0.465,0.47,245000,0
2016-12-15,0.475,0.475,0.47,0.475,80000,0
2016-12-16,0.465,0.465,0.465,0.465,106000,0
2016-12-19,0.465,0.465,0.465,0.465,0,0
2016-12-20,0.46,0.465,0.46,0.465,25000,0
2016-12-21,0.465,0.465,0.45,0.45,499000,0
2016-12-22,0.45,0.45,0.45,0.45,30000,0
2016-12-23,0.445,0.445,0.445,0.445,5000,0
2016-12-28,0.45,0.45,0.45,0.45,200000,0
2016-12-29,0.45,0.45,0.45,0.45,100000,0
2016-12-30,0.465,0.465,0.455,0.465,80000,0
2017-01-03,0.47,0.47,0.47,0.47,220000,0
2017-01-04,0.465,0.465,0.465,0.465,47000,0
2017-01-05,0.46,0.46,0.46,0.46,22000,0
2017-01-06,0.47,0.47,0.47,0.47,17000,0
2017-01-09,0.455,0.455,0.455,0.455,1000,0
2017-01-10,0.455,0.455,0.455,0.455,12000,0
2017-01-11,0.455,0.455,0.455,0.455,0,0
2017-01-12,0.47,0.47,0.47,0.47,125000,0
2017-01-13,0.47,0.47,0.46,0.46,179000,0
2017-01-16,0.455,0.46,0.455,0.46,142000,0
2017-01-17,0.46,0.46,0.46,0.46,0,0
2017-01-18,0.46,0.46,0.46,0.46,23000,0
2017-01-19,0.46,0.46,0.46,0.46,0,0
2017-01-20,0.47,0.51,0.47,0.49,423000,0
2017-01-23,0.495,0.495,0.485,0.49,255000,0
2017-01-24,0.48,0.5,0.475,0.5,279000,0
2017-01-25,0.5,0.5,0.5,0.5,300000,0
2017-01-26,0.5,0.54,0.5,0.54,754000,0
2017-01-27,0.54,0.54,0.54,0.54,10000,0
2017-02-01,0.52,0.52,0.51,0.51,145000,0
2017-02-02,0.51,0.51,0.51,0.51,66000,0
2017-02-03,0.5,0.52,0.5,0.52,99000,0
2017-02-06,0.52,0.52,0.5,0.5,475000,0
2017-02-07,0.5,0.5,0.5,0.5,0,0
2017-02-08,0.51,0.51,0.51,0.51,30000,0
2017-02-09,0.52,0.52,0.52,0.52,183000,0
2017-02-10,0.52,0.52,0.51,0.51,222000,0
2017-02-13,0.51,0.61,0.51,0.58,2360000,0
2017-02-14,0.58,0.59,0.55,0.57,1209000,0
2017-02-15,0.55,0.57,0.55,0.55,362000,0
2017-02-16,0.55,0.56,0.55,0.55,443000,0
2017-02-17,0.54,0.54,0.54,0.54,25000,0
2017-02-20,0.53,0.54,0.53,0.54,29000,0
2017-02-21,0.55,0.55,0.54,0.54,120000,0
2017-02-22,0.54,0.54,0.53,0.54,203000,0
2017-02-23,0.53,0.54,0.53,0.54,72000,0
2017-02-24,0.54,0.55,0.54,0.55,52000,0
2017-02-27,0.56,0.57,0.54,0.54,147000,0
2017-02-28,0.54,0.54,0.54,0.54,69000,0
2017-03-01,0.55,0.55,0.55,0.55,192000,0
2017-03-02,0.54,0.54,0.53,0.53,266000,0
2017-03-03,0.52,0.53,0.52,0.53,24000,0
2017-03-06,0.53,0.54,0.53,0.53,85000,0
2017-03-07,0.53,0.55,0.53,0.54,43000,0
2017-03-08,0.53,0.55,0.53,0.53,294000,0
2017-03-09,0.53,0.53,0.53,0.53,4000,0
2017-03-10,0.54,0.54,0.53,0.53,14000,0
2017-03-13,0.53,0.53,0.52,0.52,63000,0
2017-03-14,0.52,0.53,0.52,0.52,260000,0
2017-03-15,0.52,0.53,0.52,0.52,109000,0
2017-03-16,0.51,0.51,0.5,0.5,892000,0
2017-03-17,0.5,0.52,0.5,0.51,244000,0
2017-03-20,0.51,0.52,0.5,0.51,135000,0
2017-03-21,0.51,0.51,0.51,0.51,101000,0
2017-03-22,0.51,0.51,0.51,0.51,15000,0
2017-03-23,0.52,0.52,0.52,0.52,61000,0
2017-03-24,0.51,0.51,0.5,0.51,786000,0
2017-03-27,0.51,0.51,0.48,0.49,270000,0
2017-03-28,0.49,0.49,0.49,0.49,1000,0
2017-03-29,0.485,0.49,0.485,0.485,90000,0
2017-03-30,0.485,0.485,0.485,0.485,6000,0
2017-03-31,0.485,0.485,0.48,0.48,135000,0
2017-04-03,0.49,0.49,0.49,0.49,51000,0
2017-04-05,0.49,0.49,0.48,0.485,159000,0
2017-04-06,0.495,0.495,0.49,0.495,3000,0
2017-04-07,0.495,0.495,0.495,0.495,75000,0
2017-04-10,0.495,0.495,0.495,0.495,0,0
2017-04-11,0.495,0.495,0.485,0.485,62000,0
2017-04-12,0.485,0.485,0.485,0.485,13000,0
2017-04-13,0.485,0.485,0.475,0.48,244000,0
2017-04-18,0.48,0.48,0.48,0.48,40000,0
2017-04-19,0.485,0.485,0.48,0.48,117000,0
2017-04-20,0.49,0.49,0.49,0.49,40000,0
2017-04-21,0.49,0.49,0.49,0.49,0,0
2017-04-24,0.48,0.48,0.48,0.48,42000,0
2017-04-25,0.48,0.48,0.475,0.475,432000,0
2017-04-26,0.485,0.495,0.48,0.495,607000,0
2017-04-27,0.5,0.5,0.49,0.49,574000,0
2017-04-28,0.49,0.49,0.47,0.48,761000,0
2017-05-02,0.485,0.485,0.485,0.485,33000,0
2017-05-04,0.5,0.5,0.49,0.49,43000,0
2017-05-05,0.49,0.49,0.49,0.49,233000,0
2017-05-08,0.5,0.5,0.475,0.485,779000,0
2017-05-09,0.49,0.495,0.49,0.49,174000,0
2017-05-10,0.49,0.49,0.475,0.485,408000,0
2017-05-11,0.49,0.49,0.49,0.49,60000,0
2017-05-12,0.49,0.49,0.475,0.475,389000,0
2017-05-15,0.475,0.485,0.475,0.485,264000,0
2017-05-16,0.48,0.49,0.47,0.49,331000,0
2017-05-17,0.49,0.49,0.465,0.47,619000,0
2017-05-18,0.47,0.485,0.47,0.48,373000,0
2017-05-19,0.47,0.48,0.47,0.48,12000,0
2017-05-22,0.485,0.485,0.475,0.485,99000,0
2017-05-23,0.47,0.485,0.47,0.485,64000,0
2017-05-24,0.455,0.475,0.45,0.455,2202000,0
2017-05-25,0.465,0.475,0.465,0.47,192000,0
2017-05-26,0.47,0.47,0.465,0.47,40000,0
2017-05-29,0.46,0.465,0.46,0.46,170000,0
2017-05-31,0.47,0.47,0.47,0.47,18000,0
2017-06-01,0.47,0.47,0.47,0.47,0,0
2017-06-02,0.48,0.48,0.48,0.48,30000,0
2017-06-05,0.48,0.485,0.48,0.48,350000,0
2017-06-06,0.48,0.48,0.48,0.48,0,0
2017-06-07,0.48,0.48,0.48,0.48,0,0
2017-06-08,0.48,0.48,0.48,0.48,100000,0
2017-06-09,0.475,0.48,0.465,0.48,106000,0
2017-06-12,0.48,0.48,0.475,0.48,243000,0
2017-06-13,0.48,0.48,0.48,0.48,0,0
2017-06-14,0.49,0.49,0.47,0.48,63000,0
2017-06-15,0.48,0.48,0.48,0.48,0,0
2017-06-16,0.48,0.48,0.48,0.48,0,0
2017-06-19,0.485,0.485,0.48,0.48,12000,0
2017-06-20,0.48,0.48,0.48,0.48,0,0
2017-06-21,0.48,0.48,0.48,0.48,55000,0
2017-06-22,0.47,0.48,0.47,0.48,11000,0
2017-06-23,0.48,0.48,0.48,0.48,0,0
2017-06-26,0.475,0.475,0.47,0.47,80000,0
2017-06-27,0.475,0.485,0.47,0.47,517000,0
2017-06-28,0.47,0.48,0.46,0.46,973000,0
2017-06-29,0.47,0.47,0.46,0.46,138000,0
2017-06-30,0.46,0.485,0.46,0.465,100000,0
2017-07-03,0.465,0.465,0.46,0.465,241000,0
2017-07-04,0.465,0.465,0.465,0.465,0,0
2017-07-05,0.46,0.475,0.46,0.475,202000,0
2017-07-06,0.485,0.485,0.47,0.475,156000,0
2017-07-07,0.465,0.47,0.46,0.47,266000,0
2017-07-10,0.47,0.475,0.455,0.46,230000,0
2017-07-11,0.46,0.475,0.46,0.475,165000,0
2017-07-12,0.47,0.47,0.47,0.47,0,0
2017-07-13,0.47,0.47,0.47,0.47,92000,0
2017-07-14,0.47,0.47,0.47,0.47,10000,0
2017-07-17,0.47,0.48,0.465,0.48,15000,0
2017-07-18,0.47,0.48,0.465,0.48,140000,0
2017-07-19,0.47,0.47,0.47,0.47,1000,0
2017-07-20,0.47,0.47,0.47,0.47,295000,0
2017-07-21,0.47,0.48,0.47,0.48,151000,0
2017-07-24,0.47,0.48,0.47,0.48,36000,0
2017-07-25,0.48,0.48,0.475,0.475,84000,0
2017-07-26,0.475,0.475,0.475,0.475,1000,0
2017-07-27,0.475,0.475,0.475,0.475,0,0
2017-07-28,0.48,0.48,0.475,0.475,85000,0
2017-07-31,0.475,0.48,0.475,0.48,102000,0
2017-08-01,0.485,0.485,0.47,0.47,179000,0
2017-08-02,0.475,0.475,0.475,0.475,64000,0
2017-08-03,0.475,0.475,0.475,0.475,9000,0
2017-08-04,0.475,0.48,0.475,0.48,1000,0
2017-08-07,0.475,0.475,0.475,0.475,20000,0
2017-08-08,0.475,0.475,0.475,0.475,0,0
2017-08-09,0.475,0.48,0.475,0.48,60000,0
2017-08-10,0.48,0.48,0.48,0.48,0,0
2017-08-11,0.475,0.475,0.465,0.465,841000,0
2017-08-14,0.46,0.465,0.46,0.465,196000,0
2017-08-15,0.465,0.465,0.465,0.465,0,0
2017-08-16,0.465,0.465,0.465,0.465,95000,0
2017-08-17,0.465,0.465,0.465,0.465,0,0
2017-08-18,0.465,0.465,0.465,0.465,556000,0
2017-08-21,0.465,0.465,0.455,0.455,286000,0
2017-08-22,0.455,0.455,0.455,0.455,79000,0
2017-08-24,0.455,0.475,0.45,0.47,76000,0
2017-08-25,0.465,0.47,0.45,0.47,136000,0
2017-08-28,0.465,0.47,0.455,0.47,74000,0
2017-08-29,0.47,0.47,0.47,0.47,0,0
2017-08-30,0.455,0.455,0.455,0.455,78000,0
2017-08-31,0.47,0.47,0.465,0.465,68000,0
2017-09-01,0.465,0.465,0.465,0.465,120000,0
2017-09-04,0.46,0.46,0.46,0.46,45000,0
2017-09-05,0.46,0.46,0.46,0.46,67000,0
2017-09-06,0.46,0.46,0.46,0.46,0,0
2017-09-07,0.475,0.475,0.475,0.475,3000,0
2017-09-08,0.475,0.475,0.465,0.465,2000,0
2017-09-11,0.46,0.47,0.46,0.46,130000,0
2017-09-12,0.46,0.475,0.46,0.475,4000,0
2017-09-13,0.46,0.46,0.46,0.46,1000,0
2017-09-14,0.46,0.46,0.46,0.46,66000,0
2017-09-15,0.46,0.47,0.46,0.47,2000,0
2017-09-18,0.47,0.47,0.465,0.465,80000,0
2017-09-19,0.465,0.465,0.46,0.465,342000,0
2017-09-20,0.465,0.465,0.465,0.465,134000,0
2017-09-21,0.46,0.46,0.46,0.46,25000,0
2017-09-22,0.46,0.46,0.46,0.46,0,0
2017-09-25,0.46,0.46,0.46,0.46,156000,0
2017-09-26,0.46,0.46,0.46,0.46,0,0
2017-09-27,0.46,0.465,0.45,0.465,162000,0
2017-09-28,0.46,0.465,0.46,0.46,191000,0
2017-09-29,0.46,0.47,0.45,0.47,128000,0
2017-10-03,0.47,0.47,0.47,0.47,1000,0
2017-10-04,0.47,0.47,0.47,0.47,0,0
2017-10-06,0.47,0.475,0.46,0.47,105000,0
2017-10-09,0.46,0.48,0.46,0.465,134000,0
2017-10-10,0.465,0.465,0.465,0.465,0,0
2017-10-11,0.46,0.475,0.455,0.475,112000,0
2017-10-12,0.46,0.475,0.46,0.46,44000,0
2017-10-13,0.47,0.47,0.465,0.465,30000,0
2017-10-16,0.46,0.465,0.46,0.465,31000,0
2017-10-17,0.46,0.475,0.46,0.465,83000,0
2017-10-18,0.46,0.46,0.46,0.46,60000,0
2017-10-19,0.465,0.475,0.46,0.465,379000,0
2017-10-20,0.46,0.46,0.46,0.46,14000,0
2017-10-23,0.46,0.46,0.46,0.46,0,0
2017-10-24,0.46,0.46,0.46,0.46,0,0
2017-10-25,0.46,0.46,0.46,0.46,50000,0
2017-10-26,0.465,0.465,0.465,0.465,40000,0
2017-10-27,0.46,0.46,0.46,0.46,3000,0
2017-10-30,0.46,0.46,0.46,0.46,10000,0
2017-10-31,0.46,0.46,0.46,0.46,0,0
2017-11-01,0.46,0.46,0.46,0.46,0,0
2017-11-02,0.46,0.46,0.46,0.46,3000,0
2017-11-03,0.47,0.47,0.47,0.47,30000,0
2017-11-06,0.47,0.47,0.46,0.46,210000,0
2017-11-07,0.46,0.46,0.46,0.46,40000,0
2017-11-08,0.465,0.47,0.465,0.465,341000,0
2017-11-09,0.46,0.47,0.46,0.46,320000,0
2017-11-10,0.47,0.47,0.47,0.47,190000,0
2017-11-13,0.465,0.465,0.46,0.465,50000,0
2017-11-14,0.465,0.465,0.445,0.445,540000,0
2017-11-15,0.45,0.47,0.45,0.45,5000,0
2017-11-16,0.455,0.455,0.455,0.455,0,0
2017-11-17,0.45,0.45,0.45,0.45,3000,0
2017-11-20,0.445,0.47,0.445,0.47,35000,0
2017-11-21,0.47,0.47,0.44,0.44,113000,0
2017-11-22,0.44,0.44,0.44,0.44,1000,0
2017-11-23,0.44,0.465,0.44,0.46,67000,0
2017-11-24,0.46,0.46,0.46,0.46,30000,0
2017-11-27,0.44,0.445,0.44,0.44,122000,0
2017-11-28,0.44,0.44,0.435,0.44,65000,0
2017-11-29,0.44,0.44,0.44,0.44,0,0
2017-11-30,0.44,0.44,0.44,0.44,0,0
2017-12-01,0.455,0.46,0.44,0.455,2000,0
2017-12-04,0.46,0.46,0.455,0.455,217000,0
2017-12-05,0.455,0.46,0.455,0.46,219000,0
2017-12-06,0.465,0.47,0.46,0.46,100000,0
2017-12-07,0.45,0.45,0.45,0.45,55000,0
2017-12-08,0.47,0.47,0.435,0.44,247000,0
2017-12-11,0.465,0.465,0.45,0.45,63000,0
2017-12-12,0.45,0.45,0.45,0.45,57000,0
2017-12-13,0.45,0.45,0.44,0.45,11000,0
2017-12-14,0.46,0.46,0.44,0.46,5000,0
2017-12-15,0.45,0.45,0.45,0.45,30000,0
2017-12-18,0.45,0.45,0.45,0.45,0,0
2017-12-19,0.44,0.44,0.44,0.44,1000,0
2017-12-20,0.44,0.44,0.44,0.44,284000,0
2017-12-21,0.44,0.45,0.435,0.45,264000,0
2017-12-22,0.45,0.45,0.45,0.45,0,0
2017-12-27,0.45,0.45,0.45,0.45,248000,0
2017-12-28,0.46,0.465,0.45,0.465,155700,0
2017-12-29,0.455,0.455,0.455,0.455,10000,0
2018-01-02,0.46,0.47,0.455,0.47,160000,0
2018-01-03,0.46,0.47,0.46,0.47,82000,0
2018-01-04,0.47,0.47,0.465,0.465,50000,0
2018-01-05,0.465,0.47,0.465,0.47,122000,0
2018-01-08,0.465,0.47,0.465,0.47,37000,0
2018-01-09,0.465,0.465,0.455,0.455,66000,0
2018-01-10,0.455,0.455,0.455,0.455,2000,0
2018-01-11,0.455,0.455,0.455,0.455,1000,0
2018-01-12,0.46,0.46,0.43,0.43,2179161,0
2018-01-15,0.43,0.45,0.43,0.43,558000,0
2018-01-16,0.43,0.43,0.43,0.43,292000,0
2018-01-17,0.445,0.445,0.41,0.42,1539000,0
2018-01-18,0.43,0.43,0.43,0.43,1000,0
2018-01-19,0.43,0.43,0.42,0.425,328500,0
2018-01-22,0.43,0.43,0.43,0.43,146000,0
2018-01-23,0.43,0.435,0.43,0.435,117000,0
2018-01-24,0.435,0.44,0.435,0.435,55000,0
2018-01-25,0.445,0.445,0.43,0.43,66000,0
2018-01-26,0.43,0.43,0.43,0.43,97000,0
2018-01-29,0.43,0.43,0.43,0.43,1000,0
2018-01-30,0.43,0.43,0.43,0.43,0,0
2018-01-31,0.43,0.43,0.43,0.43,0,0
2018-02-01,0.43,0.44,0.43,0.43,149000,0
2018-02-02,0.43,0.43,0.43,0.43,35000,0
2018-02-05,0.44,0.44,0.43,0.43,515000,0
2018-02-06,0.435,0.435,0.42,0.42,576000,0
2018-02-07,0.43,0.43,0.42,0.42,171000,0
2018-02-08,0.42,0.42,0.42,0.42,148000,0
2018-02-09,0.42,0.43,0.41,0.415,288000,0
2018-02-12,0.415,0.415,0.415,0.415,0,0
2018-02-13,0.415,0.415,0.415,0.415,0,0
2018-02-14,0.415,0.42,0.41,0.415,391000,0
2018-02-15,0.42,0.42,0.415,0.415,2000,0
2018-02-20,0.415,0.42,0.415,0.42,92000,0
2018-02-21,0.415,0.42,0.415,0.42,103000,0
2018-02-22,0.42,0.42,0.42,0.42,0,0
2018-02-23,0.41,0.42,0.41,0.41,14000,0
2018-02-26,0.415,0.415,0.415,0.415,0,0
2018-02-27,0.42,0.42,0.42,0.42,20000,0
2018-02-28,0.415,0.415,0.41,0.415,64000,0
2018-03-01,0.415,0.415,0.415,0.415,0,0
2018-03-02,0.415,0.415,0.415,0.415,0,0
2018-03-05,0.41,0.41,0.41,0.41,237000,0
2018-03-06,0.41,0.42,0.4,0.42,595000,0
2018-03-07,0.42,0.42,0.42,0.42,8000,0
2018-03-08,0.42,0.42,0.42,0.42,0,0
2018-03-09,0.42,0.42,0.42,0.42,0,0
2018-03-12,0.4,0.4,0.395,0.4,20000,0
2018-03-13,0.4,0.4,0.4,0.4,49000,0
2018-03-14,0.42,0.42,0.42,0.42,357000,0
2018-03-15,0.42,0.42,0.42,0.42,0,0
2018-03-16,0.42,0.42,0.42,0.42,0,0
2018-03-19,0.42,0.42,0.42,0.42,12000,0
2018-03-20,0.42,0.42,0.42,0.42,10000,0
2018-03-21,0.42,0.42,0.42,0.42,0,0
2018-03-22,0.4,0.405,0.4,0.4,191000,0
2018-03-23,0.395,0.4,0.395,0.395,56000,0
2018-03-26,0.42,0.42,0.41,0.42,111000,0
2018-03-27,0.41,0.41,0.4,0.4,65000,0
2018-03-28,0.4,0.4,0.4,0.4,31000,0
2018-03-29,0.42,0.42,0.42,0.42,25000,0
