Date,Open,High,Low,Close,Volume,OpenInt
2008-06-30,10,10,10,10,0,0
2008-07-01,10,10,10,10,0,0
2008-07-02,10,10,10,10,0,0
2008-07-03,10,10,10,10,0,0
2008-07-04,10,10,10,10,0,0
2008-07-07,10,10,10,10,0,0
2008-07-08,10,10,10,10,0,0
2008-07-09,10,10,10,10,0,0
2008-07-10,10.12,10.12,10.12,10.12,0,0
2008-07-11,10.12,10.12,10.12,10.12,0,0
2008-07-14,10.12,10.12,10.12,10.12,0,0
2008-07-15,10.12,10.12,10.12,10.12,0,0
2008-07-16,10.12,10.12,10.12,10.12,0,0
2008-07-17,10.12,10.12,10.12,10.12,0,0
2008-07-18,10.12,10.12,10.12,10.12,0,0
2008-07-21,10.12,10.12,10.12,10.12,0,0
2008-07-22,10.12,10.12,10.12,10.12,0,0
2008-07-23,10.17,10.17,10.17,10.17,0,0
2008-07-24,10.17,10.17,10.17,10.17,0,0
2008-07-25,10.21,10.21,10.21,10.21,0,0
2008-07-28,10.31,10.31,10.31,10.31,0,0
2008-07-29,10.31,10.31,10.31,10.31,0,0
2008-07-30,10.31,10.31,10.31,10.31,0,0
2008-07-31,10.31,10.31,10.31,10.31,0,0
2008-08-01,10.31,10.31,10.31,10.31,0,0
2008-08-04,10.31,10.31,10.31,10.31,0,0
2008-08-05,10.32,10.32,10.32,10.32,0,0
2008-08-06,10.35,10.35,10.35,10.35,0,0
2008-08-07,10.35,10.35,10.35,10.35,0,0
2008-08-08,10.35,10.35,10.35,10.35,0,0
2008-08-11,10.36,10.36,10.36,10.36,0,0
2008-08-12,10.36,10.36,10.36,10.36,0,0
2008-08-13,10.36,10.36,10.36,10.36,0,0
2008-08-14,10.38,10.38,10.38,10.38,0,0
2008-08-18,10.39,10.39,10.39,10.39,0,0
2008-08-19,10.39,10.39,10.39,10.39,0,0
2008-08-20,10.39,10.39,10.39,10.39,0,0
2008-08-21,10.39,10.39,10.39,10.39,0,0
2008-08-22,10.39,10.39,10.39,10.39,0,0
2008-08-25,10.4,10.4,10.4,10.4,0,0
2008-08-26,10.4,10.4,10.4,10.4,0,0
2008-08-27,10.4,10.4,10.4,10.4,0,0
2008-08-28,10.4,10.4,10.4,10.4,0,0
2008-08-29,10.4,10.4,10.4,10.4,0,0
2008-09-01,10.4,10.4,10.4,10.4,0,0
2008-09-02,10.42,10.42,10.42,10.42,0,0
2008-09-03,10.55,10.55,10.55,10.55,0,0
2008-09-04,10.54,10.54,10.54,10.54,0,0
2008-09-05,10.56,10.56,10.56,10.56,0,0
2008-09-08,10.58,10.58,10.58,10.58,0,0
2008-09-09,10.61,10.61,10.61,10.61,0,0
2008-09-10,10.58,10.58,10.58,10.58,0,0
2008-09-11,10.59,10.59,10.59,10.59,0,0
2008-09-12,10.57,10.57,10.57,10.57,0,0
2008-09-15,10.53,10.53,10.53,10.53,0,0
2008-09-16,10.52,10.52,10.52,10.52,0,0
2008-09-17,10.5,10.5,10.5,10.5,0,0
2008-09-18,10.47,10.47,10.47,10.47,0,0
2008-09-19,10.58,10.58,10.58,10.58,0,0
2008-09-22,10.62,10.62,10.62,10.62,0,0
2008-09-23,10.61,10.61,10.61,10.61,0,0
2008-09-24,10.61,10.61,10.61,10.61,0,0
2008-09-25,10.63,10.63,10.63,10.63,0,0
2008-09-26,10.67,10.67,10.67,10.67,0,0
2008-09-29,10.61,10.61,10.61,10.61,0,0
2008-09-30,10.49,10.49,10.49,10.49,0,0
2008-10-01,10.55,10.55,10.55,10.55,0,0
2008-10-02,10.6,10.6,10.6,10.6,0,0
2008-10-03,10.51,10.51,10.51,10.51,0,0
2008-10-06,10.49,10.49,10.49,10.49,0,0
2008-10-07,10.42,10.42,10.42,10.42,0,0
2008-10-08,10.42,10.42,10.42,10.42,0,0
2008-10-09,10.46,10.46,10.46,10.46,0,0
2008-10-10,9.95,9.95,9.95,9.95,0,0
2008-10-13,10.11,10.11,10.11,10.11,0,0
2008-10-14,10.38,10.38,10.38,10.38,0,0
2008-10-15,10.3,10.3,10.3,10.3,0,0
2008-10-16,9.95,9.95,9.95,9.95,0,0
2008-10-17,9.74,9.74,9.74,9.74,0,0
2008-10-20,9.81,9.81,9.81,9.81,0,0
2008-10-21,9.81,9.81,9.81,9.81,0,0
2008-10-22,9.64,9.64,9.64,9.64,0,0
2008-10-23,9.35,9.35,9.35,9.35,0,0
2008-10-24,9.33,9.33,9.33,9.33,0,0
2008-10-27,9.31,9.31,9.31,9.31,0,0
2008-10-28,9.23,9.23,9.23,9.23,0,0
2008-10-29,9.36,9.36,9.36,9.36,0,0
2008-10-30,9.57,9.57,9.57,9.57,0,0
2008-10-31,9.69,9.69,9.69,9.69,0,0
2008-11-03,9.8,9.8,9.8,9.8,0,0
2008-11-04,9.89,9.89,9.89,9.89,0,0
2008-11-05,9.84,9.84,9.84,9.84,0,0
2008-11-06,9.62,9.62,9.62,9.62,0,0
2008-11-07,9.73,9.73,9.73,9.73,0,0
2008-11-10,9.93,9.93,9.93,9.93,0,0
2008-11-12,9.53,9.53,9.53,9.53,0,0
2008-11-13,9.42,9.42,9.42,9.42,0,0
2008-11-14,9.49,9.49,9.49,9.49,0,0
2008-11-17,9.4,9.4,9.4,9.4,0,0
2008-11-18,9.2,9.2,9.2,9.2,0,0
2008-11-19,9.36,9.36,9.36,9.36,0,0
2008-11-20,9.19,9.19,9.19,9.19,0,0
2008-11-21,9.24,9.24,9.24,9.24,0,0
2008-11-24,9.58,9.58,9.58,9.58,0,0
2008-11-25,9.86,9.86,9.86,9.86,0,0
2008-11-26,9.93,9.93,9.93,9.93,0,0
2008-11-27,10.05,10.05,10.05,10.05,0,0
2008-11-28,9.94,9.94,9.94,9.94,0,0
2008-12-01,9.78,9.78,9.78,9.78,0,0
2008-12-02,9.83,9.83,9.83,9.83,0,0
2008-12-03,9.82,9.82,9.82,9.82,0,0
2008-12-04,9.9,9.9,9.9,9.9,0,0
2008-12-05,9.89,9.89,9.89,9.89,0,0
2008-12-08,10.13,10.13,10.13,10.13,0,0
2008-12-09,10.25,10.25,10.25,10.25,0,0
2008-12-10,10.08,10.08,10.08,10.08,0,0
2008-12-11,10.1,10.1,10.1,10.1,0,0
2008-12-12,9.92,9.92,9.92,9.92,0,0
2008-12-15,9.98,9.98,9.98,9.98,0,0
2008-12-16,10.07,10.07,10.07,10.07,0,0
2008-12-17,10.05,10.05,10.05,10.05,0,0
2008-12-18,9.89,9.89,9.89,9.89,0,0
2008-12-19,9.87,9.87,9.87,9.87,0,0
2008-12-22,9.81,9.81,9.81,9.81,0,0
2008-12-23,9.76,9.76,9.76,9.76,0,0
2008-12-29,9.88,9.88,9.88,9.88,0,0
2008-12-30,9.89,9.89,9.89,9.89,0,0
2008-12-31,9.89,9.89,9.89,9.89,0,0
2009-01-05,10.07,10.07,10.07,10.07,0,0
2009-01-06,10.18,10.18,10.18,10.18,0,0
2009-01-07,10.19,10.19,10.19,10.19,0,0
2009-01-08,10.02,10.02,10.02,10.02,0,0
2009-01-09,9.89,9.89,9.89,9.89,0,0
2009-01-12,9.73,9.73,9.73,9.73,0,0
2009-01-13,9.49,9.49,9.49,9.49,0,0
2009-01-14,9.58,9.58,9.58,9.58,0,0
2009-01-15,9.42,9.42,9.42,9.42,0,0
2009-01-16,9.38,9.38,9.38,9.38,0,0
2009-01-19,9.45,9.45,9.45,9.45,0,0
2009-01-20,9.25,9.25,9.25,9.25,0,0
2009-01-21,9.28,9.28,9.28,9.28,0,0
2009-01-22,9.41,9.41,9.41,9.41,0,0
2009-01-23,9.2,9.2,9.2,9.2,0,0
2009-01-26,9.34,9.34,9.34,9.34,0,0
2009-01-27,9.36,9.36,9.36,9.36,0,0
2009-01-28,9.41,9.41,9.41,9.41,0,0
2009-01-29,9.37,9.37,9.37,9.37,0,0
2009-01-30,9.31,9.31,9.31,9.31,0,0
2009-02-02,9.3,9.3,9.3,9.3,0,0
2009-02-03,9.16,9.16,9.16,9.16,0,0
2009-02-04,9.15,9.15,9.15,9.15,0,0
2009-02-05,9.15,9.15,9.15,9.15,0,0
2009-02-06,9.16,9.16,9.16,9.16,0,0
2009-02-09,9.23,9.23,9.23,9.23,0,0
2009-02-10,9.17,9.17,9.17,9.17,0,0
2009-02-11,9.28,9.28,9.28,9.28,0,0
2009-02-12,9.27,9.27,9.27,9.27,0,0
2009-02-13,9.3,9.3,9.3,9.3,0,0
2009-02-16,9.27,9.27,9.27,9.27,0,0
2009-02-17,9.27,9.27,9.27,9.27,0,0
2009-02-18,9.46,9.46,9.46,9.46,0,0
2009-02-19,9.44,9.44,9.44,9.44,0,0
2009-02-20,9.45,9.45,9.45,9.45,0,0
2009-02-23,9.56,9.56,9.56,9.56,0,0
2009-02-24,9.56,9.56,9.56,9.56,0,0
2009-02-25,9.68,9.68,9.68,9.68,0,0
2009-02-26,9.73,9.73,9.73,9.73,0,0
2009-02-27,9.75,9.75,9.75,9.75,0,0
2009-03-02,9.75,9.75,9.75,9.75,0,0
2009-03-03,9.75,9.75,9.75,9.75,0,0
2009-03-04,9.77,9.77,9.77,9.77,0,0
2009-03-05,9.68,9.68,9.68,9.68,0,0
2009-03-06,9.74,9.74,9.74,9.74,0,0
2009-03-09,9.78,9.78,9.78,9.78,0,0
2009-03-10,9.94,9.94,9.94,9.94,0,0
2009-03-11,10.26,10.26,10.26,10.26,0,0
2009-03-12,10.14,10.14,10.14,10.14,0,0
2009-03-13,10.47,10.47,10.47,10.47,0,0
2009-03-16,10.54,10.54,10.54,10.54,0,0
2009-03-17,10.51,10.51,10.51,10.51,0,0
2009-03-18,10.66,10.66,10.66,10.66,0,0
2009-03-19,10.92,10.92,10.92,10.92,0,0
2009-03-20,10.84,10.84,10.84,10.84,0,0
2009-03-23,10.78,10.78,10.78,10.78,0,0
2009-03-24,10.95,10.95,10.95,10.95,0,0
2009-03-25,10.95,10.95,10.95,10.95,0,0
2009-03-26,10.89,10.89,10.89,10.89,0,0
2009-03-27,10.9,10.9,10.9,10.9,0,0
2009-03-30,10.87,10.87,10.87,10.87,0,0
2009-03-31,10.87,10.87,10.87,10.87,0,0
2009-04-01,10.81,10.81,10.81,10.81,0,0
2009-04-02,10.84,10.84,10.84,10.84,0,0
2009-04-03,11.18,11.18,11.18,11.18,0,0
2009-04-06,11.42,11.42,11.42,11.42,0,0
2009-04-07,11.35,11.35,11.35,11.35,0,0
2009-04-08,11.3,11.3,11.3,11.3,0,0
2009-04-09,11.46,11.46,11.46,11.46,0,0
2009-04-14,11.85,11.85,11.85,11.85,0,0
2009-04-15,11.53,11.53,11.53,11.53,0,0
2009-04-16,11.71,11.71,11.71,11.71,0,0
2009-04-17,11.6,11.6,11.6,11.6,0,0
2009-04-20,11.58,11.58,11.58,11.58,0,0
2009-04-21,11.63,11.63,11.63,11.63,0,0
2009-04-22,11.66,11.66,11.66,11.66,0,0
2009-04-23,11.67,11.67,11.67,11.67,0,0
2009-04-24,11.74,11.74,11.74,11.74,0,0
2009-04-27,11.91,11.91,11.91,11.91,0,0
2009-04-28,11.63,11.63,11.63,11.63,0,0
2009-04-29,11.89,11.89,11.89,11.89,0,0
2009-04-30,12,12,12,12,0,0
2009-05-04,12.04,12.04,12.04,12.04,0,0
2009-05-05,12.31,12.31,12.31,12.31,0,0
2009-05-06,12.23,12.23,12.23,12.23,0,0
2009-05-07,12.51,12.51,12.51,12.51,0,0
2009-05-08,12.21,12.21,12.21,12.21,0,0
2009-05-11,12.14,12.14,12.14,12.14,0,0
2009-05-12,12.27,12.27,12.27,12.27,0,0
2009-05-13,12.14,12.14,12.14,12.14,0,0
2009-05-14,11.96,11.96,11.96,11.96,0,0
2009-05-15,11.95,11.95,11.95,11.95,0,0
2009-05-18,11.99,11.99,11.99,11.99,0,0
2009-05-19,11.99,11.99,11.99,11.99,0,0
2009-05-20,12,12,12,12,0,0
2009-05-21,11.78,11.78,11.78,11.78,0,0
2009-05-22,11.71,11.71,11.71,11.71,0,0
2009-05-25,11.57,11.57,11.57,11.57,0,0
2009-05-26,11.5,11.5,11.5,11.5,0,0
2009-05-27,11.77,11.77,11.77,11.77,0,0
2009-05-28,11.63,11.63,11.63,11.63,0,0
2009-05-29,11.83,11.83,11.83,11.83,0,0
2009-06-01,12.02,12.02,12.02,12.02,0,0
2009-06-02,12.47,12.47,12.47,12.47,0,0
2009-06-03,12.45,12.45,12.45,12.45,0,0
2009-06-04,12.41,12.41,12.41,12.41,0,0
2009-06-05,12.56,12.56,12.56,12.56,0,0
2009-06-08,12.42,12.42,12.42,12.42,0,0
2009-06-09,12.4,12.4,12.4,12.4,0,0
2009-06-10,12.51,12.51,12.51,12.51,0,0
2009-06-12,12.46,12.46,12.46,12.46,0,0
2009-06-15,12.47,12.47,12.47,12.47,0,0
2009-06-16,12.23,12.23,12.23,12.23,0,0
2009-06-17,12.1,12.1,12.1,12.1,0,0
2009-06-18,11.89,11.89,11.89,11.89,0,0
2009-06-19,11.96,11.96,11.96,11.96,0,0
2009-06-22,11.91,11.91,11.91,11.91,0,0
2009-06-23,11.74,11.74,11.74,11.74,0,0
2009-06-24,11.8,11.8,11.8,11.8,0,0
2009-06-25,11.76,11.76,11.76,11.76,0,0
2009-06-26,11.81,11.81,11.81,11.81,0,0
2009-06-29,11.81,11.81,11.81,11.81,0,0
2009-06-30,11.86,11.86,11.86,11.86,0,0
2009-07-01,11.83,11.83,11.83,11.83,0,0
2009-07-02,11.82,11.82,11.82,11.82,0,0
2009-07-03,11.73,11.73,11.73,11.73,0,0
2009-07-06,11.75,11.75,11.75,11.75,0,0
2009-07-07,11.75,11.75,11.75,11.75,0,0
2009-07-08,11.75,11.75,11.75,11.75,0,0
2009-07-09,11.77,11.77,11.77,11.77,0,0
2009-07-10,11.78,11.78,11.78,11.78,0,0
2009-07-13,11.66,11.66,11.66,11.66,0,0
2009-07-14,12.07,12.07,12.07,12.07,0,0
2009-07-15,12.24,12.24,12.24,12.24,0,0
2009-07-16,12.16,12.16,12.16,12.16,0,0
2009-07-17,12.18,12.18,12.18,12.18,0,0
2009-07-20,12.19,12.19,12.19,12.19,0,0
2009-07-21,12.2,12.2,12.2,12.2,0,0
2009-07-22,12.21,12.21,12.21,12.21,0,0
2009-07-23,12.19,12.19,12.19,12.19,0,0
2009-07-24,12.23,12.23,12.23,12.23,0,0
2009-07-27,12.19,12.19,12.19,12.19,0,0
2009-07-28,12.2,12.2,12.2,12.2,0,0
2009-07-29,12.2,12.2,12.2,12.2,0,0
2009-07-30,12.26,12.26,12.26,12.26,0,0
2009-07-31,12.28,12.28,12.28,12.28,0,0
2009-08-03,12.27,12.27,12.27,12.27,0,0
2009-08-04,12.22,12.22,12.22,12.22,0,0
2009-08-05,12.28,12.28,12.28,12.28,0,0
2009-08-06,12.1,12.1,12.1,12.1,0,0
2009-08-07,12.06,12.06,12.06,12.06,0,0
2009-08-10,12.23,12.23,12.23,12.23,0,0
2009-08-11,12.33,12.33,12.33,12.33,0,0
2009-08-12,12.21,12.21,12.21,12.21,0,0
2009-08-13,12.22,12.22,12.22,12.22,0,0
2009-08-14,12.22,12.22,12.22,12.22,0,0
2009-08-17,11.91,11.91,11.91,11.91,0,0
2009-08-18,12.06,12.06,12.06,12.06,0,0
2009-08-19,12.11,12.11,12.11,12.11,0,0
2009-08-20,12.08,12.08,12.08,12.08,0,0
2009-08-21,12.12,12.12,12.12,12.12,0,0
2009-08-24,12.13,12.13,12.13,12.13,0,0
2009-08-25,12.12,12.12,12.12,12.12,0,0
2009-08-26,12.12,12.12,12.12,12.12,0,0
2009-08-27,12.15,12.15,12.15,12.15,0,0
2009-08-28,12.17,12.17,12.17,12.17,0,0
2009-08-31,12.15,12.15,12.15,12.15,0,0
2009-09-01,12.1,12.1,12.1,12.1,0,0
2009-09-02,12.02,12.02,12.02,12.02,0,0
2009-09-03,12.02,12.02,12.02,12.02,0,0
2009-09-04,12.09,12.09,12.09,12.09,0,0
2009-09-07,12.23,12.23,12.23,12.23,0,0
2009-09-08,12.4,12.4,12.4,12.4,0,0
2009-09-09,12.34,12.34,12.34,12.34,0,0
2009-09-10,12.33,12.33,12.33,12.33,0,0
2009-09-11,12.12,12.12,12.12,12.12,0,0
2009-09-14,11.85,11.85,11.85,11.85,0,0
2009-09-15,11.87,11.87,11.87,11.87,0,0
2009-09-16,12.08,12.08,12.08,12.08,0,0
2009-09-17,12.15,12.15,12.15,12.15,0,0
2009-09-18,12.13,12.13,12.13,12.13,0,0
2009-09-21,12.17,12.17,12.17,12.17,0,0
2009-09-22,12.41,12.41,12.41,12.41,0,0
2009-09-23,12.72,12.72,12.72,12.72,0,0
2009-09-24,12.73,12.73,12.73,12.73,0,0
2009-09-25,12.66,12.66,12.66,12.66,0,0
2009-09-28,12.65,12.65,12.65,12.65,0,0
2009-09-29,12.67,12.67,12.67,12.67,0,0
2009-09-30,12.68,12.68,12.68,12.68,0,0
2009-10-01,12.6,12.6,12.6,12.6,0,0
2009-10-02,12.45,12.45,12.45,12.45,0,0
2009-10-05,12.33,12.33,12.33,12.33,0,0
2009-10-06,12.5,12.5,12.5,12.5,0,0
2009-10-07,12.51,12.51,12.51,12.51,0,0
2009-10-08,12.49,12.49,12.49,12.49,0,0
2009-10-09,12.53,12.53,12.53,12.53,0,0
2009-10-12,12.57,12.57,12.57,12.57,0,0
2009-10-13,12.46,12.46,12.46,12.46,0,0
2009-10-14,12.54,12.54,12.54,12.54,0,0
2009-10-15,12.6,12.6,12.6,12.6,0,0
2009-10-16,12.52,12.52,12.52,12.52,0,0
2009-10-19,12.51,12.51,12.51,12.51,0,0
2009-10-20,12.61,12.61,12.61,12.61,0,0
2009-10-21,12.6,12.6,12.6,12.6,0,0
2009-10-22,12.62,12.62,12.62,12.62,0,0
2009-10-23,12.79,12.79,12.79,12.79,0,0
2009-10-26,12.66,12.66,12.66,12.66,0,0
2009-10-27,12.61,12.61,12.61,12.61,0,0
2009-10-28,12.46,12.46,12.46,12.46,0,0
2009-10-29,12.31,12.31,12.31,12.31,0,0
2009-10-30,12.44,12.44,12.44,12.44,0,0
2009-11-02,12.26,12.26,12.26,12.26,0,0
2009-11-03,12.24,12.24,12.24,12.24,0,0
2009-11-04,12.24,12.24,12.24,12.24,0,0
2009-11-05,12.25,12.25,12.25,12.25,0,0
2009-11-06,12.43,12.43,12.43,12.43,0,0
2009-11-09,12.42,12.42,12.42,12.42,0,0
2009-11-10,12.58,12.58,12.58,12.58,0,0
2009-11-12,12.6,12.6,12.6,12.6,0,0
2009-11-13,12.58,12.58,12.58,12.58,0,0
2009-11-16,12.74,12.74,12.74,12.74,0,0
2009-11-17,12.76,12.76,12.76,12.76,0,0
2009-11-18,12.72,12.72,12.72,12.72,0,0
2009-11-19,12.61,12.61,12.61,12.61,0,0
2009-11-20,12.57,12.57,12.57,12.57,0,0
2009-11-23,12.67,12.67,12.67,12.67,0,0
2009-11-24,12.76,12.76,12.76,12.76,0,0
2009-11-25,12.67,12.67,12.67,12.67,0,0
2009-11-26,12.62,12.62,12.62,12.62,0,0
2009-11-27,12.54,12.54,12.54,12.54,0,0
2009-11-30,12.45,12.45,12.45,12.45,0,0
2009-12-01,12.51,12.51,12.51,12.51,0,0
2009-12-02,12.57,12.57,12.57,12.57,0,0
2009-12-03,12.67,12.67,12.67,12.67,0,0
2009-12-04,12.6,12.6,12.6,12.6,0,0
2009-12-07,12.75,12.75,12.75,12.75,0,0
2009-12-08,12.77,12.77,12.77,12.77,0,0
2009-12-09,12.53,12.53,12.53,12.53,0,0
2009-12-10,12.56,12.56,12.56,12.56,0,0
2009-12-11,12.58,12.58,12.58,12.58,0,0
2009-12-14,12.61,12.61,12.61,12.61,0,0
2009-12-15,12.63,12.63,12.63,12.63,0,0
2009-12-16,12.68,12.68,12.68,12.68,0,0
2009-12-17,12.63,12.63,12.63,12.63,0,0
2009-12-18,12.59,12.59,12.59,12.59,0,0
2009-12-21,12.59,12.59,12.59,12.59,0,0
2009-12-22,12.72,12.72,12.72,12.72,0,0
2009-12-23,12.71,12.71,12.71,12.71,0,0
2009-12-28,12.88,12.88,12.88,12.88,0,0
2009-12-29,12.89,12.89,12.89,12.89,0,0
2009-12-30,12.88,12.88,12.88,12.88,0,0
2009-12-31,12.9,12.9,12.9,12.9,0,0
2010-01-04,12.93,12.93,12.93,12.93,0,0
2010-01-05,13.1,13.1,13.1,13.1,0,0
2010-01-06,13.06,13.06,13.06,13.06,0,0
2010-01-07,12.96,12.96,12.96,12.96,0,0
2010-01-08,13.01,13.01,13.01,13.01,0,0
2010-01-11,13.01,13.01,13.01,13.01,0,0
2010-01-12,12.94,12.94,12.94,12.94,0,0
2010-01-13,12.88,12.88,12.88,12.88,0,0
2010-01-14,12.98,12.98,12.98,12.98,0,0
2010-01-15,12.92,12.92,12.92,12.92,0,0
2010-01-18,12.88,12.88,12.88,12.88,0,0
2010-01-19,12.88,12.88,12.88,12.88,0,0
2010-01-20,13.04,13.04,13.04,13.04,0,0
2010-01-21,12.9,12.9,12.9,12.9,0,0
2010-01-22,12.64,12.64,12.64,12.64,0,0
2010-01-25,12.48,12.48,12.48,12.48,0,0
2010-01-26,12.47,12.47,12.47,12.47,0,0
2010-01-27,12.48,12.48,12.48,12.48,0,0
2010-01-28,12.51,12.51,12.51,12.51,0,0
2010-01-29,12.4,12.4,12.4,12.4,0,0
2010-02-01,12.41,12.41,12.41,12.41,0,0
2010-02-02,12.54,12.54,12.54,12.54,0,0
2010-02-03,12.57,12.57,12.57,12.57,0,0
2010-02-04,12.58,12.58,12.58,12.58,0,0
2010-02-05,12.55,12.55,12.55,12.55,0,0
2010-02-08,12.58,12.58,12.58,12.58,0,0
2010-02-09,12.56,12.56,12.56,12.56,0,0
2010-02-10,12.57,12.57,12.57,12.57,0,0
2010-02-11,12.56,12.56,12.56,12.56,0,0
2010-02-12,12.57,12.57,12.57,12.57,0,0
2010-02-15,12.57,12.57,12.57,12.57,0,0
2010-02-16,12.64,12.64,12.64,12.64,0,0
2010-02-17,12.66,12.66,12.66,12.66,0,0
2010-02-18,12.68,12.68,12.68,12.68,0,0
2010-02-19,12.68,12.68,12.68,12.68,0,0
2010-02-22,12.67,12.67,12.67,12.67,0,0
2010-02-23,12.66,12.66,12.66,12.66,0,0
2010-02-24,12.66,12.66,12.66,12.66,0,0
2010-02-25,12.67,12.67,12.67,12.67,0,0
2010-02-26,12.67,12.67,12.67,12.67,0,0
2010-03-01,12.67,12.67,12.67,12.67,0,0
2010-03-02,12.7,12.7,12.7,12.7,0,0
2010-03-03,12.73,12.73,12.73,12.73,0,0
2010-03-04,12.73,12.73,12.73,12.73,0,0
2010-03-05,12.74,12.74,12.74,12.74,0,0
2010-03-08,12.79,12.79,12.79,12.79,0,0
2010-03-09,12.79,12.79,12.79,12.79,0,0
2010-03-10,12.84,12.84,12.84,12.84,0,0
2010-03-11,12.87,12.87,12.87,12.87,0,0
2010-03-12,12.89,12.89,12.89,12.89,0,0
2010-03-15,12.91,12.91,12.91,12.91,0,0
2010-03-16,12.91,12.91,12.91,12.91,0,0
2010-03-17,12.95,12.95,12.95,12.95,0,0
2010-03-18,12.96,12.96,12.96,12.96,0,0
2010-03-19,12.96,12.96,12.96,12.96,0,0
2010-03-22,12.94,12.94,12.94,12.94,0,0
2010-03-23,12.97,12.97,12.97,12.97,0,0
2010-03-24,12.96,12.96,12.96,12.96,0,0
2010-03-25,12.97,12.97,12.97,12.97,0,0
2010-03-26,13.01,13.01,13.01,13.01,0,0
2010-03-29,13.05,13.05,13.05,13.05,0,0
2010-03-30,13.04,13.04,13.04,13.04,0,0
2010-03-31,13.06,13.06,13.06,13.06,0,0
2010-04-01,13.07,13.07,13.07,13.07,0,0
2010-04-06,13.14,13.14,13.14,13.14,0,0
2010-04-07,13.13,13.13,13.13,13.13,0,0
2010-04-08,13.11,13.11,13.11,13.11,0,0
2010-04-09,13.2,13.2,13.2,13.2,0,0
2010-04-12,13.21,13.21,13.21,13.21,0,0
2010-04-13,13.2,13.2,13.2,13.2,0,0
2010-04-14,13.21,13.21,13.21,13.21,0,0
2010-04-15,13.21,13.21,13.21,13.21,0,0
2010-04-16,13.19,13.19,13.19,13.19,0,0
2010-04-19,13.18,13.18,13.18,13.18,0,0
2010-04-20,13.23,13.23,13.23,13.23,0,0
2010-04-21,13.25,13.25,13.25,13.25,0,0
2010-04-22,13.23,13.23,13.23,13.23,0,0
2010-04-23,13.3,13.3,13.3,13.3,0,0
2010-04-26,13.52,13.52,13.52,13.52,0,0
2010-04-27,13.53,13.53,13.53,13.53,0,0
2010-04-28,13.27,13.27,13.27,13.27,0,0
2010-04-29,13.29,13.29,13.29,13.29,0,0
2010-04-30,13.3,13.3,13.3,13.3,0,0
2010-05-04,13.28,13.28,13.28,13.28,0,0
2010-05-05,13.28,13.28,13.28,13.28,0,0
2010-05-06,13.23,13.23,13.23,13.23,0,0
2010-05-07,13.09,13.09,13.09,13.09,0,0
2010-05-10,13.33,13.33,13.33,13.33,0,0
2010-05-11,13.46,13.46,13.46,13.46,0,0
2010-05-12,13.76,13.76,13.76,13.76,0,0
2010-05-13,14.04,14.04,14.04,14.04,0,0
2010-05-14,13.84,13.84,13.84,13.84,0,0
2010-05-17,13.71,13.71,13.71,13.71,0,0
2010-05-18,13.81,13.81,13.81,13.81,0,0
2010-05-19,13.51,13.51,13.51,13.51,0,0
2010-05-20,13.39,13.39,13.39,13.39,0,0
2010-05-21,13.13,13.13,13.13,13.13,0,0
2010-05-24,13.18,13.18,13.18,13.18,0,0
2010-05-25,13.08,13.08,13.08,13.08,0,0
2010-05-26,13.26,13.26,13.26,13.26,0,0
2010-05-27,13.34,13.34,13.34,13.34,0,0
2010-05-28,13.38,13.38,13.38,13.38,0,0
2010-05-31,13.38,13.38,13.38,13.38,0,0
2010-06-01,13.37,13.37,13.37,13.37,0,0
2010-06-02,13.37,13.37,13.37,13.37,0,0
2010-06-04,13.48,13.48,13.48,13.48,0,0
2010-06-07,13.19,13.19,13.19,13.19,0,0
2010-06-08,13.07,13.07,13.07,13.07,0,0
2010-06-09,13.14,13.14,13.14,13.14,0,0
2010-06-10,13.19,13.19,13.19,13.19,0,0
2010-06-11,13.36,13.36,13.36,13.36,0,0
2010-06-14,13.47,13.47,13.47,13.47,0,0
2010-06-15,13.48,13.48,13.48,13.48,0,0
2010-06-16,13.64,13.64,13.64,13.64,0,0
2010-06-17,13.6,13.6,13.6,13.6,0,0
2010-06-18,13.53,13.53,13.53,13.53,0,0
2010-06-21,13.67,13.67,13.67,13.67,0,0
2010-06-22,13.61,13.61,13.61,13.61,0,0
2010-06-23,13.57,13.57,13.57,13.57,0,0
2010-06-24,13.53,13.53,13.53,13.53,0,0
2010-06-25,13.55,13.55,13.55,13.55,0,0
2010-06-28,13.57,13.57,13.57,13.57,0,0
2010-06-29,13.5,13.5,13.5,13.5,0,0
2010-06-30,13.51,13.51,13.51,13.51,0,0
2010-07-01,13.48,13.48,13.48,13.48,0,0
2010-07-02,13.47,13.47,13.47,13.47,0,0
2010-07-05,13.36,13.36,13.36,13.36,0,0
2010-07-06,13.45,13.45,13.45,13.45,0,0
2010-07-07,13.42,13.42,13.42,13.42,0,0
2010-07-08,13.73,13.73,13.73,13.73,0,0
2010-07-09,13.76,13.76,13.76,13.76,0,0
2010-07-12,13.77,13.77,13.77,13.77,0,0
2010-07-13,13.79,13.79,13.79,13.79,0,0
2010-07-14,13.8,13.8,13.8,13.8,0,0
2010-07-15,13.81,13.81,13.81,13.81,0,0
2010-07-16,13.8,13.8,13.8,13.8,0,0
2010-07-19,13.8,13.8,13.8,13.8,0,0
2010-07-20,13.8,13.8,13.8,13.8,0,0
2010-07-21,13.8,13.8,13.8,13.8,0,0
2010-07-22,13.81,13.81,13.81,13.81,0,0
2010-07-23,13.82,13.82,13.82,13.82,0,0
2010-07-26,13.8,13.8,13.8,13.8,0,0
2010-07-27,13.77,13.77,13.77,13.77,0,0
2010-07-28,13.77,13.77,13.77,13.77,0,0
2010-07-29,13.77,13.77,13.77,13.77,0,0
2010-07-30,13.77,13.77,13.77,13.77,0,0
2010-08-02,13.76,13.76,13.76,13.76,0,0
2010-08-03,13.81,13.81,13.81,13.81,0,0
2010-08-04,13.8,13.8,13.8,13.8,0,0
2010-08-05,13.85,13.85,13.85,13.85,0,0
2010-08-06,13.82,13.82,13.82,13.82,0,0
2010-08-09,13.78,13.78,13.78,13.78,0,0
2010-08-10,13.69,13.69,13.69,13.69,0,0
2010-08-11,13.54,13.54,13.54,13.54,0,0
2010-08-12,13.46,13.46,13.46,13.46,0,0
2010-08-13,13.49,13.49,13.49,13.49,0,0
2010-08-16,13.44,13.44,13.44,13.44,0,0
2010-08-17,13.52,13.52,13.52,13.52,0,0
2010-08-18,13.53,13.53,13.53,13.53,0,0
2010-08-19,13.52,13.52,13.52,13.52,0,0
2010-08-20,13.45,13.45,13.45,13.45,0,0
2010-08-23,13.49,13.49,13.49,13.49,0,0
2010-08-24,13.42,13.42,13.42,13.42,0,0
2010-08-25,13.35,13.35,13.35,13.35,0,0
2010-08-26,13.35,13.35,13.35,13.35,0,0
2010-08-27,13.36,13.36,13.36,13.36,0,0
2010-08-30,13.45,13.45,13.45,13.45,0,0
2010-08-31,13.31,13.31,13.31,13.31,0,0
2010-09-01,13.49,13.49,13.49,13.49,0,0
2010-09-02,13.62,13.62,13.62,13.62,0,0
2010-09-03,13.62,13.62,13.62,13.62,0,0
2010-09-06,13.72,13.72,13.72,13.72,0,0
2010-09-07,13.73,13.73,13.73,13.73,0,0
2010-09-08,13.72,13.72,13.72,13.72,0,0
2010-09-09,13.83,13.83,13.83,13.83,0,0
2010-09-10,13.83,13.83,13.83,13.83,0,0
2010-09-13,13.93,13.93,13.93,13.93,0,0
2010-09-14,13.94,13.94,13.94,13.94,0,0
2010-09-15,13.93,13.93,13.93,13.93,0,0
2010-09-16,13.92,13.92,13.92,13.92,0,0
2010-09-17,13.92,13.92,13.92,13.92,0,0
2010-09-20,13.89,13.89,13.89,13.89,0,0
2010-09-21,13.98,13.98,13.98,13.98,0,0
2010-09-22,13.93,13.93,13.93,13.93,0,0
2010-09-23,13.9,13.9,13.9,13.9,0,0
2010-09-24,13.89,13.89,13.89,13.89,0,0
2010-09-27,13.99,13.99,13.99,13.99,0,0
2010-09-28,13.95,13.95,13.95,13.95,0,0
2010-09-29,13.94,13.94,13.94,13.94,0,0
2010-09-30,13.94,13.94,13.94,13.94,0,0
2010-10-01,13.96,13.96,13.96,13.96,0,0
2010-10-04,13.86,13.86,13.86,13.86,0,0
2010-10-05,13.93,13.93,13.93,13.93,0,0
2010-10-06,14.1,14.1,14.1,14.1,0,0
2010-10-07,14.08,14.08,14.08,14.08,0,0
2010-10-08,14.01,14.01,14.01,14.01,0,0
2010-10-11,14.05,14.05,14.05,14.05,0,0
2010-10-12,14.03,14.03,14.03,14.03,0,0
2010-10-13,14.12,14.12,14.12,14.12,0,0
2010-10-14,14.17,14.17,14.17,14.17,0,0
2010-10-15,14.15,14.15,14.15,14.15,0,0
2010-10-18,14.13,14.13,14.13,14.13,0,0
2010-10-19,14.16,14.16,14.16,14.16,0,0
2010-10-20,14.11,14.11,14.11,14.11,0,0
2010-10-21,14.19,14.19,14.19,14.19,0,0
2010-10-22,14.16,14.16,14.16,14.16,0,0
2010-10-25,14.18,14.18,14.18,14.18,0,0
2010-10-26,14.15,14.15,14.15,14.15,0,0
2010-10-27,14.18,14.18,14.18,14.18,0,0
2010-10-28,14.14,14.14,14.14,14.14,0,0
2010-10-29,14.09,14.09,14.09,14.09,0,0
2010-11-02,14.19,14.19,14.19,14.19,0,0
2010-11-03,14.22,14.22,14.22,14.22,0,0
2010-11-04,14.31,14.31,14.31,14.31,0,0
2010-11-05,14.31,14.31,14.31,14.31,0,0
2010-11-08,14.33,14.33,14.33,14.33,0,0
2010-11-09,14.36,14.36,14.36,14.36,0,0
2010-11-10,14.37,14.37,14.37,14.37,0,0
2010-11-12,14.33,14.33,14.33,14.33,0,0
2010-11-15,14.32,14.32,14.32,14.32,0,0
2010-11-16,14.26,14.26,14.26,14.26,0,0
2010-11-17,14.16,14.16,14.16,14.16,0,0
2010-11-18,14.22,14.22,14.22,14.22,0,0
2010-11-19,14.21,14.21,14.21,14.21,0,0
2010-11-22,14.21,14.21,14.21,14.21,0,0
2010-11-23,14.13,14.13,14.13,14.13,0,0
2010-11-24,14.08,14.08,14.08,14.08,0,0
2010-11-25,14.13,14.13,14.13,14.13,0,0
2010-11-26,14.06,14.06,14.06,14.06,0,0
2010-11-29,14.06,14.06,14.06,14.06,0,0
2010-11-30,14.04,14.04,14.04,14.04,0,0
2010-12-01,14.1,14.1,14.1,14.1,0,0
2010-12-02,14.23,14.23,14.23,14.23,0,0
2010-12-03,14.26,14.26,14.26,14.26,0,0
2010-12-06,14.25,14.25,14.25,14.25,0,0
2010-12-07,14.36,14.36,14.36,14.36,0,0
2010-12-08,14.34,14.34,14.34,14.34,0,0
2010-12-09,14.32,14.32,14.32,14.32,0,0
2010-12-10,14.33,14.33,14.33,14.33,0,0
2010-12-13,14.35,14.35,14.35,14.35,0,0
2010-12-14,14.33,14.33,14.33,14.33,0,0
2010-12-15,14.31,14.31,14.31,14.31,0,0
2010-12-16,14.32,14.32,14.32,14.32,0,0
2010-12-17,14.3,14.3,14.3,14.3,0,0
2010-12-20,14.29,14.29,14.29,14.29,0,0
2010-12-21,14.32,14.32,14.32,14.32,0,0
2010-12-22,14.37,14.37,14.37,14.37,0,0
2010-12-23,14.38,14.38,14.38,14.38,0,0
2010-12-27,14.34,14.34,14.34,14.34,0,0
2010-12-28,14.36,14.36,14.36,14.36,0,0
2010-12-29,14.37,14.37,14.37,14.37,0,0
2010-12-30,14.37,14.37,14.37,14.37,0,0
2010-12-31,14.35,14.35,14.35,14.35,0,0
2011-01-03,14.39,14.39,14.39,14.39,0,0
2011-01-04,14.41,14.41,14.41,14.41,0,0
2011-01-05,14.32,14.32,14.32,14.32,0,0
2011-01-07,14.35,14.35,14.35,14.35,0,0
2011-01-10,14.23,14.23,14.23,14.23,0,0
2011-01-11,14.25,14.25,14.25,14.25,0,0
2011-01-12,14.35,14.35,14.35,14.35,0,0
2011-01-13,14.42,14.42,14.42,14.42,0,0
2011-01-14,14.4,14.4,14.4,14.4,0,0
2011-01-17,14.41,14.41,14.41,14.41,0,0
2011-01-18,14.5,14.5,14.5,14.5,0,0
2011-01-19,14.55,14.55,14.55,14.55,0,0
2011-01-20,14.43,14.43,14.43,14.43,0,0
2011-01-21,14.41,14.41,14.41,14.41,0,0
2011-01-24,14.34,14.34,14.34,14.34,0,0
2011-01-25,14.32,14.32,14.32,14.32,0,0
2011-01-26,14.35,14.35,14.35,14.35,0,0
2011-01-27,14.35,14.35,14.35,14.35,0,0
2011-01-28,14.35,14.35,14.35,14.35,0,0
2011-01-31,14.26,14.26,14.26,14.26,0,0
2011-02-01,14.33,14.33,14.33,14.33,0,0
2011-02-02,14.37,14.37,14.37,14.37,0,0
2011-02-03,14.36,14.36,14.36,14.36,0,0
2011-02-04,14.37,14.37,14.37,14.37,0,0
2011-02-07,14.37,14.37,14.37,14.37,0,0
2011-02-08,14.38,14.38,14.38,14.38,0,0
2011-02-09,14.35,14.35,14.35,14.35,0,0
2011-02-10,14.28,14.28,14.28,14.28,0,0
2011-02-11,14.25,14.25,14.25,14.25,0,0
2011-02-14,14.31,14.31,14.31,14.31,0,0
2011-02-15,14.33,14.33,14.33,14.33,0,0
2011-02-16,14.25,14.25,14.25,14.25,0,0
2011-02-17,14.29,14.29,14.29,14.29,0,0
2011-02-18,14.18,14.18,14.18,14.18,0,0
2011-02-21,14.2,14.2,14.2,14.2,0,0
2011-02-22,14.19,14.19,14.19,14.19,0,0
2011-02-23,14.17,14.17,14.17,14.17,0,0
2011-02-24,14.19,14.19,14.19,14.19,0,0
2011-02-25,14.26,14.26,14.26,14.26,0,0
2011-02-28,14.34,14.34,14.34,14.34,0,0
2011-03-01,14.45,14.45,14.45,14.45,0,0
2011-03-02,14.44,14.44,14.44,14.44,0,0
2011-03-03,14.55,14.55,14.55,14.55,0,0
2011-03-04,14.63,14.63,14.63,14.63,0,0
2011-03-07,14.71,14.71,14.71,14.71,0,0
2011-03-08,14.7,14.7,14.7,14.7,0,0
2011-03-09,14.67,14.67,14.67,14.67,0,0
2011-03-10,14.64,14.64,14.64,14.64,0,0
2011-03-11,14.55,14.55,14.55,14.55,0,0
2011-03-14,14.61,14.61,14.61,14.61,0,0
2011-03-15,14.34,14.34,14.34,14.34,0,0
2011-03-16,14.43,14.43,14.43,14.43,0,0
2011-03-17,14.38,14.38,14.38,14.38,0,0
2011-03-18,14.53,14.53,14.53,14.53,0,0
2011-03-21,14.63,14.63,14.63,14.63,0,0
2011-03-22,14.62,14.62,14.62,14.62,0,0
2011-03-23,14.63,14.63,14.63,14.63,0,0
2011-03-24,14.71,14.71,14.71,14.71,0,0
2011-03-25,14.72,14.72,14.72,14.72,0,0
2011-03-28,14.75,14.75,14.75,14.75,0,0
2011-03-29,14.74,14.74,14.74,14.74,0,0
2011-03-30,14.78,14.78,14.78,14.78,0,0
2011-03-31,14.75,14.75,14.75,14.75,0,0
2011-04-01,14.82,14.82,14.82,14.82,0,0
2011-04-04,14.91,14.91,14.91,14.91,0,0
2011-04-05,14.93,14.93,14.93,14.93,0,0
2011-04-06,14.96,14.96,14.96,14.96,0,0
2011-04-07,14.92,14.92,14.92,14.92,0,0
2011-04-08,15,15,15,15,0,0
2011-04-11,14.93,14.93,14.93,14.93,0,0
2011-04-12,14.89,14.89,14.89,14.89,0,0
2011-04-13,14.89,14.89,14.89,14.89,0,0
2011-04-14,14.91,14.91,14.91,14.91,0,0
2011-04-15,14.94,14.94,14.94,14.94,0,0
2011-04-18,14.94,14.94,14.94,14.94,0,0
2011-04-19,14.88,14.88,14.88,14.88,0,0
2011-04-20,14.98,14.98,14.98,14.98,0,0
2011-04-21,14.97,14.97,14.97,14.97,0,0
2011-04-26,14.94,14.94,14.94,14.94,0,0
2011-04-27,14.95,14.95,14.95,14.95,0,0
2011-04-28,14.97,14.97,14.97,14.97,0,0
2011-04-29,14.98,14.98,14.98,14.98,0,0
2011-05-02,14.96,14.96,14.96,14.96,0,0
2011-05-04,14.82,14.82,14.82,14.82,0,0
2011-05-05,14.74,14.74,14.74,14.74,0,0
2011-05-06,14.75,14.75,14.75,14.75,0,0
2011-05-09,14.79,14.79,14.79,14.79,0,0
2011-05-10,14.76,14.76,14.76,14.76,0,0
2011-05-11,14.76,14.76,14.76,14.76,0,0
2011-05-12,14.67,14.67,14.67,14.67,0,0
2011-05-13,14.65,14.65,14.65,14.65,0,0
2011-05-16,14.75,14.75,14.75,14.75,0,0
2011-05-17,14.73,14.73,14.73,14.73,0,0
2011-05-18,14.73,14.73,14.73,14.73,0,0
2011-05-19,14.77,14.77,14.77,14.77,0,0
2011-05-20,14.79,14.79,14.79,14.79,0,0
2011-05-23,14.78,14.78,14.78,14.78,0,0
2011-05-24,14.83,14.83,14.83,14.83,0,0
2011-05-25,14.94,14.94,14.94,14.94,0,0
2011-05-26,15,15,15,15,0,0
2011-05-27,15.02,15.02,15.02,15.02,0,0
2011-05-30,15.04,15.04,15.04,15.04,0,0
2011-05-31,15.03,15.03,15.03,15.03,0,0
2011-06-01,15.05,15.05,15.05,15.05,0,0
2011-06-02,15.16,15.16,15.16,15.16,0,0
2011-06-03,15.19,15.19,15.19,15.19,0,0
2011-06-06,15.13,15.13,15.13,15.13,0,0
2011-06-07,15.17,15.17,15.17,15.17,0,0
2011-06-08,15.13,15.13,15.13,15.13,0,0
2011-06-09,15.07,15.07,15.07,15.07,0,0
2011-06-10,15.1,15.1,15.1,15.1,0,0
2011-06-13,15,15,15,15,0,0
2011-06-14,15.05,15.05,15.05,15.05,0,0
2011-06-15,15.02,15.02,15.02,15.02,0,0
2011-06-16,14.94,14.94,14.94,14.94,0,0
2011-06-17,14.96,14.96,14.96,14.96,0,0
2011-06-20,14.93,14.93,14.93,14.93,0,0
2011-06-21,14.85,14.85,14.85,14.85,0,0
2011-06-22,14.83,14.83,14.83,14.83,0,0
2011-06-24,14.81,14.81,14.81,14.81,0,0
2011-06-27,14.74,14.74,14.74,14.74,0,0
2011-06-28,14.72,14.72,14.72,14.72,0,0
2011-06-29,14.79,14.79,14.79,14.79,0,0
2011-06-30,14.86,14.86,14.86,14.86,0,0
2011-07-01,14.89,14.89,14.89,14.89,0,0
2011-07-04,14.91,14.91,14.91,14.91,0,0
2011-07-05,14.92,14.92,14.92,14.92,0,0
2011-07-06,14.89,14.89,14.89,14.89,0,0
2011-07-07,14.87,14.87,14.87,14.87,0,0
2011-07-08,14.95,14.95,14.95,14.95,0,0
2011-07-11,14.87,14.87,14.87,14.87,0,0
2011-07-12,14.74,14.74,14.74,14.74,0,0
2011-07-13,14.8,14.8,14.8,14.8,0,0
2011-07-14,14.81,14.81,14.81,14.81,0,0
2011-07-15,14.83,14.83,14.83,14.83,0,0
2011-07-18,14.81,14.81,14.81,14.81,0,0
2011-07-19,14.75,14.75,14.75,14.75,0,0
2011-07-20,14.76,14.76,14.76,14.76,0,0
2011-07-21,14.68,14.68,14.68,14.68,0,0
2011-07-22,14.82,14.82,14.82,14.82,0,0
2011-07-25,14.82,14.82,14.82,14.82,0,0
2011-07-26,14.76,14.76,14.76,14.76,0,0
2011-07-27,14.79,14.79,14.79,14.79,0,0
2011-07-28,14.7,14.7,14.7,14.7,0,0
2011-07-29,14.73,14.73,14.73,14.73,0,0
2011-08-01,14.85,14.85,14.85,14.85,0,0
2011-08-02,14.7,14.7,14.7,14.7,0,0
2011-08-03,14.49,14.49,14.49,14.49,0,0
2011-08-04,14.17,14.17,14.17,14.17,0,0
2011-08-05,13.8,13.8,13.8,13.8,0,0
2011-08-08,13.7,13.7,13.7,13.7,0,0
2011-08-09,12.91,12.91,12.91,12.91,0,0
2011-08-10,13.25,13.25,13.25,13.25,0,0
2011-08-11,12.63,12.63,12.63,12.63,0,0
2011-08-12,13.35,13.35,13.35,13.35,0,0
2011-08-16,13.39,13.39,13.39,13.39,0,0
2011-08-17,13.6,13.6,13.6,13.6,0,0
2011-08-18,13.34,13.34,13.34,13.34,0,0
2011-08-19,13.18,13.18,13.18,13.18,0,0
2011-08-22,13.31,13.31,13.31,13.31,0,0
2011-08-23,13.43,13.43,13.43,13.43,0,0
2011-08-24,13.36,13.36,13.36,13.36,0,0
2011-08-25,13.4,13.4,13.4,13.4,0,0
2011-08-26,13.35,13.35,13.35,13.35,0,0
2011-08-29,13.38,13.38,13.38,13.38,0,0
2011-08-30,13.47,13.47,13.47,13.47,0,0
2011-08-31,13.41,13.41,13.41,13.41,0,0
2011-09-01,13.39,13.39,13.39,13.39,0,0
2011-09-02,13.36,13.36,13.36,13.36,0,0
2011-09-05,13.32,13.32,13.32,13.32,0,0
2011-09-06,13.32,13.32,13.32,13.32,0,0
2011-09-07,13.33,13.33,13.33,13.33,0,0
2011-09-08,13.31,13.31,13.31,13.31,0,0
2011-09-09,13.35,13.35,13.35,13.35,0,0
2011-09-12,13.34,13.34,13.34,13.34,0,0
2011-09-13,13.3,13.3,13.3,13.3,0,0
2011-09-14,13.25,13.25,13.25,13.25,0,0
2011-09-15,13.26,13.26,13.26,13.26,0,0
2011-09-16,13.2,13.2,13.2,13.2,0,0
2011-09-19,13.25,13.25,13.25,13.25,0,0
2011-09-20,13.29,13.29,13.29,13.29,0,0
2011-09-21,13.32,13.32,13.32,13.32,0,0
2011-09-22,13.44,13.44,13.44,13.44,0,0
2011-09-23,13.68,13.68,13.68,13.68,0,0
2011-09-26,13.62,13.62,13.62,13.62,0,0
2011-09-27,13.53,13.53,13.53,13.53,0,0
2011-09-28,13.41,13.41,13.41,13.41,0,0
2011-09-29,13.53,13.53,13.53,13.53,0,0
2011-09-30,13.52,13.52,13.52,13.52,0,0
2011-10-03,13.69,13.69,13.69,13.69,0,0
2011-10-04,13.86,13.86,13.86,13.86,0,0
2011-10-05,13.72,13.72,13.72,13.72,0,0
2011-10-06,13.56,13.56,13.56,13.56,0,0
2011-10-07,13.42,13.42,13.42,13.42,0,0
2011-10-10,13.38,13.38,13.38,13.38,0,0
2011-10-11,13.17,13.17,13.17,13.17,0,0
2011-10-12,13.17,13.17,13.17,13.17,0,0
2011-10-13,13.11,13.11,13.11,13.11,0,0
2011-10-14,13.12,13.12,13.12,13.12,0,0
2011-10-17,13.18,13.18,13.18,13.18,0,0
2011-10-18,13.09,13.09,13.09,13.09,0,0
2011-10-19,13.14,13.14,13.14,13.14,0,0
2011-10-20,13.11,13.11,13.11,13.11,0,0
2011-10-21,13.08,13.08,13.08,13.08,0,0
2011-10-24,13.18,13.18,13.18,13.18,0,0
2011-10-25,13.23,13.23,13.23,13.23,0,0
2011-10-26,13.16,13.16,13.16,13.16,0,0
2011-10-27,13.17,13.17,13.17,13.17,0,0
2011-10-28,13.21,13.21,13.21,13.21,0,0
2011-10-31,13.14,13.14,13.14,13.14,0,0
2011-11-02,13.06,13.06,13.06,13.06,0,0
2011-11-03,13.2,13.2,13.2,13.2,0,0
2011-11-04,13.25,13.25,13.25,13.25,0,0
2011-11-07,13.17,13.17,13.17,13.17,0,0
2011-11-08,13.26,13.26,13.26,13.26,0,0
2011-11-09,13.12,13.12,13.12,13.12,0,0
2011-11-10,13.03,13.03,13.03,13.03,0,0
2011-11-14,13.09,13.09,13.09,13.09,0,0
2011-11-15,12.98,12.98,12.98,12.98,0,0
2011-11-16,13.02,13.02,13.02,13.02,0,0
2011-11-17,12.98,12.98,12.98,12.98,0,0
2011-11-18,12.95,12.95,12.95,12.95,0,0
2011-11-21,12.89,12.89,12.89,12.89,0,0
2011-11-22,12.9,12.9,12.9,12.9,0,0
2011-11-23,12.71,12.71,12.71,12.71,0,0
2011-11-24,12.69,12.69,12.69,12.69,0,0
2011-11-25,12.85,12.85,12.85,12.85,0,0
2011-11-28,13.02,13.02,13.02,13.02,0,0
2011-11-29,13.04,13.04,13.04,13.04,0,0
2011-11-30,13.02,13.02,13.02,13.02,0,0
2011-12-01,13.26,13.26,13.26,13.26,0,0
2011-12-02,13.29,13.29,13.29,13.29,0,0
2011-12-05,13.25,13.25,13.25,13.25,0,0
2011-12-06,13.27,13.27,13.27,13.27,0,0
2011-12-07,13.09,13.09,13.09,13.09,0,0
2011-12-08,13.14,13.14,13.14,13.14,0,0
2011-12-09,12.98,12.98,12.98,12.98,0,0
2011-12-12,12.92,12.92,12.92,12.92,0,0
2011-12-13,12.95,12.95,12.95,12.95,0,0
2011-12-14,12.9,12.9,12.9,12.9,0,0
2011-12-15,12.82,12.82,12.82,12.82,0,0
2011-12-16,12.73,12.73,12.73,12.73,0,0
2011-12-19,12.52,12.52,12.52,12.52,0,0
2011-12-20,12.45,12.45,12.45,12.45,0,0
2011-12-21,12.58,12.58,12.58,12.58,0,0
2011-12-22,12.55,12.55,12.55,12.55,0,0
2011-12-23,12.58,12.58,12.58,12.58,0,0
2011-12-27,12.62,12.62,12.62,12.62,0,0
2011-12-28,12.54,12.54,12.54,12.54,0,0
2011-12-29,12.41,12.41,12.41,12.41,0,0
2011-12-30,12.56,12.56,12.56,12.56,0,0
2011-12-31,12.5,12.5,12.5,12.5,0,0
2012-01-02,12.56,12.56,12.56,12.56,0,0
2012-01-03,12.68,12.68,12.68,12.68,0,0
2012-01-04,12.68,12.68,12.68,12.68,0,0
2012-01-05,12.54,12.54,12.54,12.54,0,0
2012-01-09,12.54,12.54,12.54,12.54,0,0
2012-01-10,12.61,12.61,12.61,12.61,0,0
2012-01-11,12.61,12.61,12.61,12.61,0,0
2012-01-12,12.65,12.65,12.65,12.65,0,0
2012-01-13,12.69,12.69,12.69,12.69,0,0
2012-01-16,12.64,12.64,12.64,12.64,0,0
2012-01-17,12.83,12.83,12.83,12.83,0,0
2012-01-18,12.85,12.85,12.85,12.85,0,0
2012-01-19,12.81,12.81,12.81,12.81,0,0
2012-01-20,12.88,12.88,12.88,12.88,0,0
2012-01-23,12.96,12.96,12.96,12.96,0,0
2012-01-24,12.93,12.93,12.93,12.93,0,0
2012-01-25,12.9,12.9,12.9,12.9,0,0
2012-01-26,13.03,13.03,13.03,13.03,0,0
2012-01-27,13.16,13.16,13.16,13.16,0,0
2012-01-30,13.08,13.08,13.08,13.08,0,0
2012-01-31,13.2,13.2,13.2,13.2,0,0
2012-02-01,13.26,13.26,13.26,13.26,0,0
2012-02-02,13.34,13.34,13.34,13.34,0,0
2012-02-03,13.43,13.43,13.43,13.43,0,0
2012-02-06,13.43,13.43,13.43,13.43,0,0
2012-02-07,13.47,13.47,13.47,13.47,0,0
2012-02-08,13.45,13.45,13.45,13.45,0,0
2012-02-09,13.43,13.43,13.43,13.43,0,0
2012-02-10,13.3,13.3,13.3,13.3,0,0
2012-02-13,13.32,13.32,13.32,13.32,0,0
2012-02-14,13.35,13.35,13.35,13.35,0,0
2012-02-15,13.31,13.31,13.31,13.31,0,0
2012-02-16,13.27,13.27,13.27,13.27,0,0
2012-02-17,13.37,13.37,13.37,13.37,0,0
2012-02-20,13.47,13.47,13.47,13.47,0,0
2012-02-21,13.38,13.38,13.38,13.38,0,0
2012-02-22,13.31,13.31,13.31,13.31,0,0
2012-02-23,13.3,13.3,13.3,13.3,0,0
2012-02-24,13.27,13.27,13.27,13.27,0,0
2012-02-27,13.2,13.2,13.2,13.2,0,0
2012-02-28,13.29,13.29,13.29,13.29,0,0
2012-02-29,13.33,13.33,13.33,13.33,0,0
2012-03-01,13.22,13.22,13.22,13.22,0,0
2012-03-02,13.26,13.26,13.26,13.26,0,0
2012-03-05,13.19,13.19,13.19,13.19,0,0
2012-03-06,12.95,12.95,12.95,12.95,0,0
2012-03-07,12.88,12.88,12.88,12.88,0,0
2012-03-08,13.06,13.06,13.06,13.06,0,0
2012-03-09,13.12,13.12,13.12,13.12,0,0
2012-03-12,13.1,13.1,13.1,13.1,0,0
2012-03-13,13.13,13.13,13.13,13.13,0,0
2012-03-14,13.37,13.37,13.37,13.37,0,0
2012-03-15,13.31,13.31,13.31,13.31,0,0
2012-03-16,13.36,13.36,13.36,13.36,0,0
2012-03-19,13.31,13.31,13.31,13.31,0,0
2012-03-20,13.18,13.18,13.18,13.18,0,0
2012-03-21,13.17,13.17,13.17,13.17,0,0
2012-03-22,12.98,12.98,12.98,12.98,0,0
2012-03-23,12.92,12.92,12.92,12.92,0,0
2012-03-26,13.01,13.01,13.01,13.01,0,0
2012-03-27,13.14,13.14,13.14,13.14,0,0
2012-03-28,13.09,13.09,13.09,13.09,0,0
2012-03-29,12.95,12.95,12.95,12.95,0,0
2012-03-30,13.02,13.02,13.02,13.02,0,0
2012-04-02,13,13,13,13,0,0
2012-04-03,13.05,13.05,13.05,13.05,0,0
2012-04-04,12.94,12.94,12.94,12.94,0,0
2012-04-05,12.82,12.82,12.82,12.82,0,0
2012-04-10,12.79,12.79,12.79,12.79,0,0
2012-04-11,12.71,12.71,12.71,12.71,0,0
2012-04-12,12.77,12.77,12.77,12.77,0,0
2012-04-13,12.84,12.84,12.84,12.84,0,0
2012-04-16,12.77,12.77,12.77,12.77,0,0
2012-04-17,12.72,12.72,12.72,12.72,0,0
2012-04-18,12.74,12.74,12.74,12.74,0,0
2012-04-19,12.76,12.76,12.76,12.76,0,0
2012-04-20,12.67,12.67,12.67,12.67,0,0
2012-04-23,12.59,12.59,12.59,12.59,0,0
2012-04-24,12.59,12.59,12.59,12.59,0,0
2012-04-25,12.61,12.61,12.61,12.61,0,0
2012-04-26,12.66,12.66,12.66,12.66,0,0
2012-04-27,12.68,12.68,12.68,12.68,0,0
2012-04-30,12.67,12.67,12.67,12.67,0,0
2012-05-02,12.69,12.69,12.69,12.69,0,0
2012-05-04,12.6,12.6,12.6,12.6,0,0
2012-05-07,12.52,12.52,12.52,12.52,0,0
2012-05-08,12.51,12.51,12.51,12.51,0,0
2012-05-09,12.43,12.43,12.43,12.43,0,0
2012-05-10,12.45,12.45,12.45,12.45,0,0
2012-05-11,12.46,12.46,12.46,12.46,0,0
2012-05-14,12.41,12.41,12.41,12.41,0,0
2012-05-15,12.4,12.4,12.4,12.4,0,0
2012-05-16,12.29,12.29,12.29,12.29,0,0
2012-05-17,12.35,12.35,12.35,12.35,0,0
2012-05-18,12.28,12.28,12.28,12.28,0,0
2012-05-21,12.36,12.36,12.36,12.36,0,0
2012-05-22,12.4,12.4,12.4,12.4,0,0
2012-05-23,12.31,12.31,12.31,12.31,0,0
2012-05-24,12.25,12.25,12.25,12.25,0,0
2012-05-25,12.27,12.27,12.27,12.27,0,0
2012-05-28,12.27,12.27,12.27,12.27,0,0
2012-05-29,12.25,12.25,12.25,12.25,0,0
2012-05-30,12.28,12.28,12.28,12.28,0,0
2012-05-31,12.3,12.3,12.3,12.3,0,0
2012-06-01,12.26,12.26,12.26,12.26,0,0
2012-06-04,12.25,12.25,12.25,12.25,0,0
2012-06-05,12.21,12.21,12.21,12.21,0,0
2012-06-06,12.21,12.21,12.21,12.21,0,0
2012-06-08,12.27,12.27,12.27,12.27,0,0
2012-06-11,12.33,12.33,12.33,12.33,0,0
2012-06-12,12.34,12.34,12.34,12.34,0,0
2012-06-13,12.35,12.35,12.35,12.35,0,0
2012-06-14,12.34,12.34,12.34,12.34,0,0
2012-06-15,12.33,12.33,12.33,12.33,0,0
2012-06-18,12.34,12.34,12.34,12.34,0,0
2012-06-19,12.35,12.35,12.35,12.35,0,0
2012-06-20,12.42,12.42,12.42,12.42,0,0
2012-06-21,12.4,12.4,12.4,12.4,0,0
2012-06-22,12.4,12.4,12.4,12.4,0,0
2012-06-25,12.41,12.41,12.41,12.41,0,0
2012-06-26,12.4,12.4,12.4,12.4,0,0
2012-06-27,12.4,12.4,12.4,12.4,0,0
2012-06-28,12.39,12.39,12.39,12.39,0,0
2012-06-29,12.41,12.41,12.41,12.41,0,0
2012-07-02,12.43,12.43,12.43,12.43,0,0
2012-07-03,12.31,12.31,12.31,12.31,0,0
2012-07-04,12.25,12.25,12.25,12.25,0,0
2012-07-05,12.25,12.25,12.25,12.25,0,0
2012-07-06,12.26,12.26,12.26,12.26,0,0
2012-07-09,12.23,12.23,12.23,12.23,0,0
2012-07-10,12.24,12.24,12.24,12.24,0,0
2012-07-11,12.21,12.21,12.21,12.21,0,0
2012-07-12,12.2,12.2,12.2,12.2,0,0
2012-07-13,12.18,12.18,12.18,12.18,0,0
2012-07-16,12.18,12.18,12.18,12.18,0,0
2012-07-17,12.07,12.07,12.07,12.07,0,0
2012-07-18,12.09,12.09,12.09,12.09,0,0
2012-07-19,12.12,12.12,12.12,12.12,0,0
2012-07-20,12.16,12.16,12.16,12.16,0,0
2012-07-23,12,12,12,12,0,0
2012-07-24,11.91,11.91,11.91,11.91,0,0
2012-07-25,11.94,11.94,11.94,11.94,0,0
2012-07-26,11.92,11.92,11.92,11.92,0,0
2012-07-27,11.98,11.98,11.98,11.98,0,0
2012-07-30,11.99,11.99,11.99,11.99,0,0
2012-07-31,12.04,12.04,12.04,12.04,0,0
2012-08-01,12.01,12.01,12.01,12.01,0,0
2012-08-02,12.03,12.03,12.03,12.03,0,0
2012-08-03,11.98,11.98,11.98,11.98,0,0
2012-08-06,12.11,12.11,12.11,12.11,0,0
2012-08-07,12.05,12.05,12.05,12.05,0,0
2012-08-08,12.07,12.07,12.07,12.07,0,0
2012-08-09,12.14,12.14,12.14,12.14,0,0
2012-08-10,12.11,12.11,12.11,12.11,0,0
2012-08-13,12.24,12.24,12.24,12.24,0,0
2012-08-14,12.21,12.21,12.21,12.21,0,0
2012-08-16,12.3,12.3,12.3,12.3,0,0
2012-08-17,12.29,12.29,12.29,12.29,0,0
2012-08-20,12.27,12.27,12.27,12.27,0,0
2012-08-21,12.31,12.31,12.31,12.31,0,0
2012-08-22,12.27,12.27,12.27,12.27,0,0
2012-08-23,12.31,12.31,12.31,12.31,0,0
2012-08-24,12.29,12.29,12.29,12.29,0,0
2012-08-27,12.29,12.29,12.29,12.29,0,0
2012-08-28,12.3,12.3,12.3,12.3,0,0
2012-08-29,12.27,12.27,12.27,12.27,0,0
2012-08-30,12.26,12.26,12.26,12.26,0,0
2012-08-31,12.32,12.32,12.32,12.32,0,0
2012-09-03,12.39,12.39,12.39,12.39,0,0
2012-09-04,12.37,12.37,12.37,12.37,0,0
2012-09-05,12.35,12.35,12.35,12.35,0,0
2012-09-06,12.36,12.36,12.36,12.36,0,0
2012-09-07,12.49,12.49,12.49,12.49,0,0
2012-09-10,12.48,12.48,12.48,12.48,0,0
2012-09-11,12.47,12.47,12.47,12.47,0,0
2012-09-12,12.46,12.46,12.46,12.46,0,0
2012-09-13,12.45,12.45,12.45,12.45,0,0
2012-09-14,12.52,12.52,12.52,12.52,0,0
2012-09-17,12.48,12.48,12.48,12.48,0,0
2012-09-18,12.43,12.43,12.43,12.43,0,0
2012-09-19,12.42,12.42,12.42,12.42,0,0
2012-09-20,12.37,12.37,12.37,12.37,0,0
2012-09-21,12.42,12.42,12.42,12.42,0,0
2012-09-24,12.36,12.36,12.36,12.36,0,0
2012-09-25,12.35,12.35,12.35,12.35,0,0
2012-09-26,12.38,12.38,12.38,12.38,0,0
2012-09-27,12.35,12.35,12.35,12.35,0,0
2012-09-28,12.37,12.37,12.37,12.37,0,0
2012-10-01,12.33,12.33,12.33,12.33,0,0
2012-10-02,12.42,12.42,12.42,12.42,0,0
2012-10-03,12.38,12.38,12.38,12.38,0,0
2012-10-04,12.29,12.29,12.29,12.29,0,0
2012-10-05,12.36,12.36,12.36,12.36,0,0
2012-10-08,12.4,12.4,12.4,12.4,0,0
2012-10-09,12.4,12.4,12.4,12.4,0,0
2012-10-10,12.41,12.41,12.41,12.41,0,0
2012-10-11,12.5,12.5,12.5,12.5,0,0
2012-10-12,12.47,12.47,12.47,12.47,0,0
2012-10-15,12.49,12.49,12.49,12.49,0,0
2012-10-16,12.54,12.54,12.54,12.54,0,0
2012-10-17,12.52,12.52,12.52,12.52,0,0
2012-10-18,12.58,12.58,12.58,12.58,0,0
2012-10-19,12.52,12.52,12.52,12.52,0,0
2012-10-22,12.45,12.45,12.45,12.45,0,0
2012-10-23,12.39,12.39,12.39,12.39,0,0
2012-10-24,12.29,12.29,12.29,12.29,0,0
2012-10-25,12.27,12.27,12.27,12.27,0,0
2012-10-26,12.22,12.22,12.22,12.22,0,0
2012-10-29,12.25,12.25,12.25,12.25,0,0
2012-10-30,12.29,12.29,12.29,12.29,0,0
2012-10-31,12.36,12.36,12.36,12.36,0,0
2012-11-02,12.28,12.28,12.28,12.28,0,0
2012-11-05,12.34,12.34,12.34,12.34,0,0
2012-11-06,12.39,12.39,12.39,12.39,0,0
2012-11-07,12.42,12.42,12.42,12.42,0,0
2012-11-08,12.29,12.29,12.29,12.29,0,0
2012-11-09,12.33,12.33,12.33,12.33,0,0
2012-11-12,12.32,12.32,12.32,12.32,0,0
2012-11-13,12.29,12.29,12.29,12.29,0,0
2012-11-14,12.36,12.36,12.36,12.36,0,0
2012-11-15,12.44,12.44,12.44,12.44,0,0
2012-11-16,12.45,12.45,12.45,12.45,0,0
2012-11-19,12.45,12.45,12.45,12.45,0,0
2012-11-20,12.46,12.46,12.46,12.46,0,0
2012-11-21,12.41,12.41,12.41,12.41,0,0
2012-11-22,12.39,12.39,12.39,12.39,0,0
2012-11-23,12.37,12.37,12.37,12.37,0,0
2012-11-26,12.45,12.45,12.45,12.45,0,0
2012-11-27,12.53,12.53,12.53,12.53,0,0
2012-11-28,12.49,12.49,12.49,12.49,0,0
2012-11-29,12.55,12.55,12.55,12.55,0,0
2012-11-30,12.52,12.52,12.52,12.52,0,0
2012-12-03,12.6,12.6,12.6,12.6,0,0
2012-12-04,12.68,12.68,12.68,12.68,0,0
2012-12-05,12.73,12.73,12.73,12.73,0,0
2012-12-06,12.71,12.71,12.71,12.71,0,0
2012-12-07,12.72,12.72,12.72,12.72,0,0
2012-12-10,12.73,12.73,12.73,12.73,0,0
2012-12-11,12.8,12.8,12.8,12.8,0,0
2012-12-12,12.81,12.81,12.81,12.81,0,0
2012-12-13,12.84,12.84,12.84,12.84,0,0
2012-12-14,12.85,12.85,12.85,12.85,0,0
2012-12-17,12.83,12.83,12.83,12.83,0,0
2012-12-18,12.89,12.89,12.89,12.89,0,0
2012-12-19,12.89,12.89,12.89,12.89,0,0
2012-12-20,12.93,12.93,12.93,12.93,0,0
2012-12-21,12.85,12.85,12.85,12.85,0,0
2012-12-27,12.98,12.98,12.98,12.98,0,0
2012-12-28,12.96,12.96,12.96,12.96,0,0
2012-12-31,12.96,12.96,12.96,12.96,0,0
2013-01-02,13.12,13.12,13.12,13.12,0,0
2013-01-03,13.11,13.11,13.11,13.11,0,0
2013-01-04,13.15,13.15,13.15,13.15,0,0
2013-01-07,13.05,13.05,13.05,13.05,0,0
2013-01-08,13.09,13.09,13.09,13.09,0,0
2013-01-09,12.96,12.96,12.96,12.96,0,0
2013-01-10,13.04,13.04,13.04,13.04,0,0
2013-01-11,13.01,13.01,13.01,13.01,0,0
2013-01-14,13.07,13.07,13.07,13.07,0,0
2013-01-15,13.04,13.04,13.04,13.04,0,0
2013-01-16,13,13,13,13,0,0
2013-01-17,13.18,13.18,13.18,13.18,0,0
2013-01-18,13.23,13.23,13.23,13.23,0,0
2013-01-21,13.24,13.24,13.24,13.24,0,0
2013-01-22,13.23,13.23,13.23,13.23,0,0
2013-01-23,13.22,13.22,13.22,13.22,0,0
2013-01-24,13.26,13.26,13.26,13.26,0,0
2013-01-25,13.24,13.24,13.24,13.24,0,0
2013-01-28,13.06,13.06,13.06,13.06,0,0
2013-01-29,13,13,13,13,0,0
2013-01-30,13,13,13,13,0,0
2013-01-31,12.87,12.87,12.87,12.87,0,0
2013-02-01,12.87,12.87,12.87,12.87,0,0
2013-02-04,12.89,12.89,12.89,12.89,0,0
2013-02-05,12.88,12.88,12.88,12.88,0,0
2013-02-06,12.84,12.84,12.84,12.84,0,0
2013-02-07,12.78,12.78,12.78,12.78,0,0
2013-02-08,12.74,12.74,12.74,12.74,0,0
2013-02-11,12.84,12.84,12.84,12.84,0,0
2013-02-12,12.75,12.75,12.75,12.75,0,0
2013-02-13,12.78,12.78,12.78,12.78,0,0
2013-02-14,12.66,12.66,12.66,12.66,0,0
2013-02-15,12.68,12.68,12.68,12.68,0,0
2013-02-18,12.73,12.73,12.73,12.73,0,0
2013-02-19,12.78,12.78,12.78,12.78,0,0
2013-02-20,12.69,12.69,12.69,12.69,0,0
2013-02-21,12.51,12.51,12.51,12.51,0,0
2013-02-22,12.52,12.52,12.52,12.52,0,0
2013-02-25,12.55,12.55,12.55,12.55,0,0
2013-02-26,12.47,12.47,12.47,12.47,0,0
2013-02-27,12.53,12.53,12.53,12.53,0,0
2013-02-28,12.61,12.61,12.61,12.61,0,0
2013-03-01,12.59,12.59,12.59,12.59,0,0
2013-03-04,12.62,12.62,12.62,12.62,0,0
2013-03-05,12.68,12.68,12.68,12.68,0,0
2013-03-06,12.79,12.79,12.79,12.79,0,0
2013-03-07,12.78,12.78,12.78,12.78,0,0
2013-03-08,12.79,12.79,12.79,12.79,0,0
2013-03-11,12.84,12.84,12.84,12.84,0,0
2013-03-12,12.82,12.82,12.82,12.82,0,0
2013-03-13,12.8,12.8,12.8,12.8,0,0
2013-03-14,12.81,12.81,12.81,12.81,0,0
2013-03-15,12.93,12.93,12.93,12.93,0,0
2013-03-18,12.71,12.71,12.71,12.71,0,0
2013-03-19,12.66,12.66,12.66,12.66,0,0
2013-03-20,12.67,12.67,12.67,12.67,0,0
2013-03-21,12.62,12.62,12.62,12.62,0,0
2013-03-22,12.47,12.47,12.47,12.47,0,0
2013-03-25,12.54,12.54,12.54,12.54,0,0
2013-03-26,12.4,12.4,12.4,12.4,0,0
2013-03-27,12.43,12.43,12.43,12.43,0,0
2013-03-28,12.6,12.6,12.6,12.6,0,0
2013-04-02,12.61,12.61,12.61,12.61,0,0
2013-04-03,12.54,12.54,12.54,12.54,0,0
2013-04-04,12.45,12.45,12.45,12.45,0,0
2013-04-05,12.42,12.42,12.42,12.42,0,0
2013-04-08,12.5,12.5,12.5,12.5,0,0
2013-04-09,12.5,12.5,12.5,12.5,0,0
2013-04-10,12.59,12.59,12.59,12.59,0,0
2013-04-11,12.52,12.52,12.52,12.52,0,0
2013-04-12,12.56,12.56,12.56,12.56,0,0
2013-04-15,12.42,12.42,12.42,12.42,0,0
2013-04-17,12.34,12.34,12.34,12.34,0,0
2013-04-18,12.27,12.27,12.27,12.27,0,0
2013-04-19,12.18,12.18,12.18,12.18,0,0
2013-04-22,12.24,12.24,12.24,12.24,0,0
2013-04-23,12.18,12.18,12.18,12.18,0,0
2013-04-24,12.17,12.17,12.17,12.17,0,0
2013-04-25,12.29,12.29,12.29,12.29,0,0
2013-04-26,12.32,12.32,12.32,12.32,0,0
2013-04-29,12.33,12.33,12.33,12.33,0,0
2013-04-30,12.25,12.25,12.25,12.25,0,0
2013-05-02,12.48,12.48,12.48,12.48,0,0
2013-05-06,12.51,12.51,12.51,12.51,0,0
2013-05-07,12.64,12.64,12.64,12.64,0,0
2013-05-08,12.7,12.7,12.7,12.7,0,0
2013-05-09,12.72,12.72,12.72,12.72,0,0
2013-05-10,12.65,12.65,12.65,12.65,0,0
2013-05-13,12.64,12.64,12.64,12.64,0,0
2013-05-14,12.77,12.77,12.77,12.77,0,0
2013-05-15,12.95,12.95,12.95,12.95,0,0
2013-05-16,12.97,12.97,12.97,12.97,0,0
2013-05-17,12.97,12.97,12.97,12.97,0,0
2013-05-20,12.98,12.98,12.98,12.98,0,0
2013-05-21,12.85,12.85,12.85,12.85,0,0
2013-05-22,12.84,12.84,12.84,12.84,0,0
2013-05-23,12.73,12.73,12.73,12.73,0,0
2013-05-24,12.82,12.82,12.82,12.82,0,0
2013-05-27,12.92,12.92,12.92,12.92,0,0
2013-05-28,13.17,13.17,13.17,13.17,0,0
2013-05-29,13.12,13.12,13.12,13.12,0,0
2013-05-31,13.08,13.08,13.08,13.08,0,0
2013-06-03,12.99,12.99,12.99,12.99,0,0
2013-06-04,12.97,12.97,12.97,12.97,0,0
2013-06-05,13.06,13.06,13.06,13.06,0,0
2013-06-06,12.98,12.98,12.98,12.98,0,0
2013-06-07,12.94,12.94,12.94,12.94,0,0
2013-06-10,13.12,13.12,13.12,13.12,0,0
2013-06-11,13.02,13.02,13.02,13.02,0,0
2013-06-12,13.07,13.07,13.07,13.07,0,0
2013-06-13,13.05,13.05,13.05,13.05,0,0
2013-06-14,13.13,13.13,13.13,13.13,0,0
2013-06-17,13.14,13.14,13.14,13.14,0,0
2013-06-18,13.05,13.05,13.05,13.05,0,0
2013-06-19,13.05,13.05,13.05,13.05,0,0
2013-06-20,12.65,12.65,12.65,12.65,0,0
2013-06-21,12.44,12.44,12.44,12.44,0,0
2013-06-24,12.16,12.16,12.16,12.16,0,0
2013-06-25,12.22,12.22,12.22,12.22,0,0
2013-06-26,12.19,12.19,12.19,12.19,0,0
2013-06-27,12.29,12.29,12.29,12.29,0,0
2013-06-28,12.24,12.24,12.24,12.24,0,0
2013-07-01,12.26,12.26,12.26,12.26,0,0
2013-07-02,12.18,12.18,12.18,12.18,0,0
2013-07-03,12.13,12.13,12.13,12.13,0,0
2013-07-04,12.13,12.13,12.13,12.13,0,0
2013-07-05,12.25,12.25,12.25,12.25,0,0
2013-07-08,12,12,12,12,0,0
2013-07-09,11.93,11.93,11.93,11.93,0,0
2013-07-10,11.92,11.92,11.92,11.92,0,0
2013-07-11,12.13,12.13,12.13,12.13,0,0
2013-07-12,12.25,12.25,12.25,12.25,0,0
2013-07-15,12.34,12.34,12.34,12.34,0,0
2013-07-16,12.44,12.44,12.44,12.44,0,0
2013-07-17,12.42,12.42,12.42,12.42,0,0
2013-07-18,12.48,12.48,12.48,12.48,0,0
2013-07-19,12.44,12.44,12.44,12.44,0,0
2013-07-22,12.45,12.45,12.45,12.45,0,0
2013-07-23,12.46,12.46,12.46,12.46,0,0
2013-07-24,12.38,12.38,12.38,12.38,0,0
2013-07-25,12.25,12.25,12.25,12.25,0,0
2013-07-26,12.26,12.26,12.26,12.26,0,0
2013-07-29,12.18,12.18,12.18,12.18,0,0
2013-07-30,12.31,12.31,12.31,12.31,0,0
2013-07-31,12.34,12.34,12.34,12.34,0,0
2013-08-01,12.36,12.36,12.36,12.36,0,0
2013-08-02,12.34,12.34,12.34,12.34,0,0
2013-08-05,12.45,12.45,12.45,12.45,0,0
2013-08-06,12.39,12.39,12.39,12.39,0,0
2013-08-07,12.31,12.31,12.31,12.31,0,0
2013-08-08,12.37,12.37,12.37,12.37,0,0
2013-08-09,12.36,12.36,12.36,12.36,0,0
2013-08-12,12.45,12.45,12.45,12.45,0,0
2013-08-13,12.59,12.59,12.59,12.59,0,0
2013-08-14,12.62,12.62,12.62,12.62,0,0
2013-08-16,12.43,12.43,12.43,12.43,0,0
2013-08-19,12.32,12.32,12.32,12.32,0,0
2013-08-20,12.23,12.23,12.23,12.23,0,0
2013-08-21,12.18,12.18,12.18,12.18,0,0
2013-08-22,12.06,12.06,12.06,12.06,0,0
2013-08-23,12.13,12.13,12.13,12.13,0,0
2013-08-26,12.1,12.1,12.1,12.1,0,0
2013-08-27,11.99,11.99,11.99,11.99,0,0
2013-08-28,11.85,11.85,11.85,11.85,0,0
2013-08-29,11.98,11.98,11.98,11.98,0,0
2013-08-30,11.88,11.88,11.88,11.88,0,0
2013-09-02,12.02,12.02,12.02,12.02,0,0
2013-09-03,11.99,11.99,11.99,11.99,0,0
2013-09-04,11.92,11.92,11.92,11.92,0,0
2013-09-05,11.79,11.79,11.79,11.79,0,0
2013-09-06,11.91,11.91,11.91,11.91,0,0
2013-09-09,12.07,12.07,12.07,12.07,0,0
2013-09-10,12.23,12.23,12.23,12.23,0,0
2013-09-11,12.31,12.31,12.31,12.31,0,0
2013-09-12,12.28,12.28,12.28,12.28,0,0
2013-09-13,12.36,12.36,12.36,12.36,0,0
2013-09-16,12.42,12.42,12.42,12.42,0,0
2013-09-17,12.47,12.47,12.47,12.47,0,0
2013-09-18,12.55,12.55,12.55,12.55,0,0
2013-09-19,12.72,12.72,12.72,12.72,0,0
2013-09-20,12.71,12.71,12.71,12.71,0,0
2013-09-23,12.7,12.7,12.7,12.7,0,0
2013-09-24,12.67,12.67,12.67,12.67,0,0
2013-09-25,12.66,12.66,12.66,12.66,0,0
2013-09-26,12.66,12.66,12.66,12.66,0,0
2013-09-27,12.67,12.67,12.67,12.67,0,0
2013-09-30,12.58,12.58,12.58,12.58,0,0
2013-10-01,12.48,12.48,12.48,12.48,0,0
2013-10-02,12.56,12.56,12.56,12.56,0,0
2013-10-03,12.6,12.6,12.6,12.6,0,0
2013-10-04,12.54,12.54,12.54,12.54,0,0
2013-10-07,12.36,12.36,12.36,12.36,0,0
2013-10-08,12.4,12.4,12.4,12.4,0,0
2013-10-09,12.42,12.42,12.42,12.42,0,0
2013-10-10,12.63,12.63,12.63,12.63,0,0
2013-10-11,12.97,12.97,12.97,12.97,0,0
2013-10-14,12.98,12.98,12.98,12.98,0,0
2013-10-15,13.16,13.16,13.16,13.16,0,0
2013-10-16,13.06,13.06,13.06,13.06,0,0
2013-10-17,13.03,13.03,13.03,13.03,0,0
2013-10-18,12.98,12.98,12.98,12.98,0,0
2013-10-21,13.18,13.18,13.18,13.18,0,0
2013-10-22,13.19,13.19,13.19,13.19,0,0
2013-10-23,13.16,13.16,13.16,13.16,0,0
2013-10-24,13.21,13.21,13.21,13.21,0,0
2013-10-25,13.24,13.24,13.24,13.24,0,0
2013-10-28,13.34,13.34,13.34,13.34,0,0
2013-10-29,13.41,13.41,13.41,13.41,0,0
2013-10-30,13.47,13.47,13.47,13.47,0,0
2013-10-31,13.3,13.3,13.3,13.3,0,0
2013-11-04,13.27,13.27,13.27,13.27,0,0
2013-11-05,13.35,13.35,13.35,13.35,0,0
2013-11-06,13.26,13.26,13.26,13.26,0,0
2013-11-07,13.32,13.32,13.32,13.32,0,0
2013-11-08,13.27,13.27,13.27,13.27,0,0
2013-11-12,13.32,13.32,13.32,13.32,0,0
2013-11-13,13.14,13.14,13.14,13.14,0,0
2013-11-14,13.2,13.2,13.2,13.2,0,0
2013-11-15,13.39,13.39,13.39,13.39,0,0
2013-11-18,13.54,13.54,13.54,13.54,0,0
2013-11-19,13.66,13.66,13.66,13.66,0,0
2013-11-20,13.57,13.57,13.57,13.57,0,0
2013-11-21,13.52,13.52,13.52,13.52,0,0
2013-11-22,13.57,13.57,13.57,13.57,0,0
2013-11-25,13.69,13.69,13.69,13.69,0,0
2013-11-26,13.62,13.62,13.62,13.62,0,0
2013-11-27,13.57,13.57,13.57,13.57,0,0
2013-11-28,13.58,13.58,13.58,13.58,0,0
2013-11-29,13.59,13.59,13.59,13.59,0,0
2013-12-02,13.56,13.56,13.56,13.56,0,0
2013-12-03,13.31,13.31,13.31,13.31,0,0
2013-12-04,13.27,13.27,13.27,13.27,0,0
2013-12-05,13.16,13.16,13.16,13.16,0,0
2013-12-06,13.09,13.09,13.09,13.09,0,0
2013-12-09,13.21,13.21,13.21,13.21,0,0
2013-12-10,13.15,13.15,13.15,13.15,0,0
2013-12-11,13.14,13.14,13.14,13.14,0,0
2013-12-12,12.96,12.96,12.96,12.96,0,0
2013-12-13,12.95,12.95,12.95,12.95,0,0
2013-12-16,12.91,12.91,12.91,12.91,0,0
2013-12-17,12.85,12.85,12.85,12.85,0,0
2013-12-18,12.73,12.73,12.73,12.73,0,0
2013-12-19,12.8,12.8,12.8,12.8,0,0
2013-12-20,12.75,12.75,12.75,12.75,0,0
2013-12-23,12.82,12.82,12.82,12.82,0,0
2013-12-27,12.72,12.72,12.72,12.72,0,0
2013-12-30,12.69,12.69,12.69,12.69,0,0
2013-12-31,12.67,12.67,12.67,12.67,0,0
2014-01-02,12.73,12.73,12.73,12.73,0,0
2014-01-03,12.71,12.71,12.71,12.71,0,0
2014-01-07,12.42,12.42,12.42,12.42,0,0
2014-01-08,12.36,12.36,12.36,12.36,0,0
2014-01-09,12.45,12.45,12.45,12.45,0,0
2014-01-10,12.22,12.22,12.22,12.22,0,0
2014-01-13,12.49,12.49,12.49,12.49,0,0
2014-01-14,12.5,12.5,12.5,12.5,0,0
2014-01-15,12.72,12.72,12.72,12.72,0,0
2014-01-16,12.74,12.74,12.74,12.74,0,0
2014-01-17,12.7,12.7,12.7,12.7,0,0
2014-01-20,12.64,12.64,12.64,12.64,0,0
2014-01-21,12.83,12.83,12.83,12.83,0,0
2014-01-22,12.92,12.92,12.92,12.92,0,0
2014-01-23,12.92,12.92,12.92,12.92,0,0
2014-01-24,12.66,12.66,12.66,12.66,0,0
2014-01-27,12.39,12.39,12.39,12.39,0,0
2014-01-28,12.51,12.51,12.51,12.51,0,0
2014-01-29,12.54,12.54,12.54,12.54,0,0
2014-01-30,12.31,12.31,12.31,12.31,0,0
2014-01-31,12.54,12.54,12.54,12.54,0,0
2014-02-03,12.67,12.67,12.67,12.67,0,0
2014-02-04,12.58,12.58,12.58,12.58,0,0
2014-02-05,12.64,12.64,12.64,12.64,0,0
2014-02-06,12.83,12.83,12.83,12.83,0,0
2014-02-07,12.92,12.92,12.92,12.92,0,0
2014-02-10,12.92,12.92,12.92,12.92,0,0
2014-02-11,13.04,13.04,13.04,13.04,0,0
2014-02-12,13.21,13.21,13.21,13.21,0,0
2014-02-13,13.21,13.21,13.21,13.21,0,0
2014-02-14,13.24,13.24,13.24,13.24,0,0
2014-02-17,13.32,13.32,13.32,13.32,0,0
2014-02-18,13.29,13.29,13.29,13.29,0,0
2014-02-19,13.22,13.22,13.22,13.22,0,0
2014-02-20,13.2,13.2,13.2,13.2,0,0
2014-02-21,13.31,13.31,13.31,13.31,0,0
2014-02-24,13.42,13.42,13.42,13.42,0,0
2014-02-25,13.46,13.46,13.46,13.46,0,0
2014-02-26,13.37,13.37,13.37,13.37,0,0
2014-02-27,13.14,13.14,13.14,13.14,0,0
2014-02-28,13.3,13.3,13.3,13.3,0,0
2014-03-03,12.94,12.94,12.94,12.94,0,0
2014-03-04,13.07,13.07,13.07,13.07,0,0
2014-03-05,13.2,13.2,13.2,13.2,0,0
2014-03-06,13.2,13.2,13.2,13.2,0,0
2014-03-07,13.19,13.19,13.19,13.19,0,0
2014-03-10,12.98,12.98,12.98,12.98,0,0
2014-03-11,12.91,12.91,12.91,12.91,0,0
2014-03-12,12.78,12.78,12.78,12.78,0,0
2014-03-13,12.74,12.74,12.74,12.74,0,0
2014-03-14,12.35,12.35,12.35,12.35,0,0
2014-03-17,12.67,12.67,12.67,12.67,0,0
2014-03-18,12.76,12.76,12.76,12.76,0,0
2014-03-19,12.77,12.77,12.77,12.77,0,0
2014-03-20,12.72,12.72,12.72,12.72,0,0
2014-03-21,12.88,12.88,12.88,12.88,0,0
2014-03-24,12.76,12.76,12.76,12.76,0,0
2014-03-25,12.9,12.9,12.9,12.9,0,0
2014-03-26,13.15,13.15,13.15,13.15,0,0
2014-03-27,13.12,13.12,13.12,13.12,0,0
2014-03-28,13.15,13.15,13.15,13.15,0,0
2014-03-31,13.29,13.29,13.29,13.29,0,0
2014-04-01,13.28,13.28,13.28,13.28,0,0
2014-04-02,13.36,13.36,13.36,13.36,0,0
2014-04-03,13.35,13.35,13.35,13.35,0,0
2014-04-04,13.27,13.27,13.27,13.27,0,0
2014-04-07,13.37,13.37,13.37,13.37,0,0
2014-04-08,13.34,13.34,13.34,13.34,0,0
2014-04-09,13.44,13.44,13.44,13.44,0,0
2014-04-10,13.44,13.44,13.44,13.44,0,0
2014-04-11,13.32,13.32,13.32,13.32,0,0
2014-04-14,13.23,13.23,13.23,13.23,0,0
2014-04-15,13.18,13.18,13.18,13.18,0,0
2014-04-16,13.07,13.07,13.07,13.07,0,0
2014-04-17,13.11,13.11,13.11,13.11,0,0
2014-04-22,13.25,13.25,13.25,13.25,0,0
2014-04-23,13.29,13.29,13.29,13.29,0,0
2014-04-24,13.35,13.35,13.35,13.35,0,0
2014-04-25,13.21,13.21,13.21,13.21,0,0
2014-04-28,13.23,13.23,13.23,13.23,0,0
2014-04-29,13.29,13.29,13.29,13.29,0,0
2014-04-30,13.33,13.33,13.33,13.33,0,0
2014-05-02,13.25,13.25,13.25,13.25,0,0
2014-05-05,13.14,13.14,13.14,13.14,0,0
2014-05-06,13.16,13.16,13.16,13.16,0,0
2014-05-07,12.95,12.95,12.95,12.95,0,0
2014-05-08,13.13,13.13,13.13,13.13,0,0
2014-05-09,13.11,13.11,13.11,13.11,0,0
2014-05-12,13.05,13.05,13.05,13.05,0,0
2014-05-13,13.19,13.19,13.19,13.19,0,0
2014-05-14,13.26,13.26,13.26,13.26,0,0
2014-05-15,13.26,13.26,13.26,13.26,0,0
2014-05-16,13.02,13.02,13.02,13.02,0,0
2014-05-19,13.05,13.05,13.05,13.05,0,0
2014-05-20,13.1,13.1,13.1,13.1,0,0
2014-05-21,13.15,13.15,13.15,13.15,0,0
2014-05-22,13.35,13.35,13.35,13.35,0,0
2014-05-23,13.6,13.6,13.6,13.6,0,0
2014-05-26,13.57,13.57,13.57,13.57,0,0
2014-05-27,13.55,13.55,13.55,13.55,0,0
2014-05-28,13.5,13.5,13.5,13.5,0,0
2014-05-29,13.45,13.45,13.45,13.45,0,0
2014-05-30,13.52,13.52,13.52,13.52,0,0
2014-06-02,13.4,13.4,13.4,13.4,0,0
2014-06-03,13.45,13.45,13.45,13.45,0,0
2014-06-04,13.35,13.35,13.35,13.35,0,0
2014-06-05,13.58,13.58,13.58,13.58,0,0
2014-06-06,13.62,13.62,13.62,13.62,0,0
2014-06-09,13.73,13.73,13.73,13.73,0,0
2014-06-10,13.69,13.69,13.69,13.69,0,0
2014-06-11,13.67,13.67,13.67,13.67,0,0
2014-06-12,13.6,13.6,13.6,13.6,0,0
2014-06-13,13.54,13.54,13.54,13.54,0,0
2014-06-16,13.41,13.41,13.41,13.41,0,0
2014-06-17,13.51,13.51,13.51,13.51,0,0
2014-06-18,13.56,13.56,13.56,13.56,0,0
2014-06-20,13.59,13.59,13.59,13.59,0,0
2014-06-23,13.57,13.57,13.57,13.57,0,0
2014-06-24,13.64,13.64,13.64,13.64,0,0
2014-06-25,13.48,13.48,13.48,13.48,0,0
2014-06-26,13.34,13.34,13.34,13.34,0,0
2014-06-27,13.29,13.29,13.29,13.29,0,0
2014-06-30,13.3,13.3,13.3,13.3,0,0
2014-07-01,13.24,13.24,13.24,13.24,0,0
2014-07-02,13.08,13.08,13.08,13.08,0,0
2014-07-03,12.99,12.99,12.99,12.99,0,0
2014-07-04,13.05,13.05,13.05,13.05,0,0
2014-07-07,13.11,13.11,13.11,13.11,0,0
2014-07-08,13.15,13.15,13.15,13.15,0,0
2014-07-09,13.02,13.02,13.02,13.02,0,0
2014-07-10,12.86,12.86,12.86,12.86,0,0
2014-07-11,13.02,13.02,13.02,13.02,0,0
2014-07-14,13.15,13.15,13.15,13.15,0,0
2014-07-15,13.15,13.15,13.15,13.15,0,0
2014-07-16,13.25,13.25,13.25,13.25,0,0
2014-07-17,13.15,13.15,13.15,13.15,0,0
2014-07-18,13.16,13.16,13.16,13.16,0,0
2014-07-21,13.14,13.14,13.14,13.14,0,0
2014-07-22,13.21,13.21,13.21,13.21,0,0
2014-07-23,13.23,13.23,13.23,13.23,0,0
2014-07-24,13.21,13.21,13.21,13.21,0,0
2014-07-25,13.23,13.23,13.23,13.23,0,0
2014-07-28,13.26,13.26,13.26,13.26,0,0
2014-07-29,13.23,13.23,13.23,13.23,0,0
2014-07-30,13.08,13.08,13.08,13.08,0,0
2014-07-31,12.9,12.9,12.9,12.9,0,0
2014-08-01,12.62,12.62,12.62,12.62,0,0
2014-08-04,12.9,12.9,12.9,12.9,0,0
2014-08-05,13.05,13.05,13.05,13.05,0,0
2014-08-06,12.91,12.91,12.91,12.91,0,0
2014-08-07,12.84,12.84,12.84,12.84,0,0
2014-08-08,12.69,12.69,12.69,12.69,0,0
2014-08-11,12.87,12.87,12.87,12.87,0,0
2014-08-12,12.92,12.92,12.92,12.92,0,0
2014-08-13,12.97,12.97,12.97,12.97,0,0
2014-08-14,13.06,13.06,13.06,13.06,0,0
2014-08-18,13.25,13.25,13.25,13.25,0,0
2014-08-19,13.42,13.42,13.42,13.42,0,0
2014-08-20,13.41,13.41,13.41,13.41,0,0
2014-08-21,13.44,13.44,13.44,13.44,0,0
2014-08-22,13.36,13.36,13.36,13.36,0,0
2014-08-25,13.41,13.41,13.41,13.41,0,0
2014-08-26,13.48,13.48,13.48,13.48,0,0
2014-08-27,13.64,13.64,13.64,13.64,0,0
2014-08-28,13.41,13.41,13.41,13.41,0,0
2014-08-29,13.35,13.35,13.35,13.35,0,0
2014-09-01,13.37,13.37,13.37,13.37,0,0
2014-09-02,13.46,13.46,13.46,13.46,0,0
2014-09-03,13.79,13.79,13.79,13.79,0,0
2014-09-04,13.91,13.91,13.91,13.91,0,0
2014-09-05,13.96,13.96,13.96,13.96,0,0
2014-09-08,14.04,14.04,14.04,14.04,0,0
2014-09-09,14,14,14,14,0,0
2014-09-10,13.92,13.92,13.92,13.92,0,0
2014-09-11,13.84,13.84,13.84,13.84,0,0
2014-09-12,13.76,13.76,13.76,13.76,0,0
2014-09-15,13.72,13.72,13.72,13.72,0,0
2014-09-16,13.84,13.84,13.84,13.84,0,0
2014-09-17,14.02,14.02,14.02,14.02,0,0
2014-09-18,14.03,14.03,14.03,14.03,0,0
2014-09-19,14.07,14.07,14.07,14.07,0,0
2014-09-22,14.13,14.13,14.13,14.13,0,0
2014-09-23,13.96,13.96,13.96,13.96,0,0
2014-09-24,13.92,13.92,13.92,13.92,0,0
2014-09-25,13.96,13.96,13.96,13.96,0,0
2014-09-26,13.78,13.78,13.78,13.78,0,0
2014-09-29,13.92,13.92,13.92,13.92,0,0
2014-09-30,13.88,13.88,13.88,13.88,0,0
2014-10-01,13.86,13.86,13.86,13.86,0,0
2014-10-02,13.61,13.61,13.61,13.61,0,0
2014-10-03,13.71,13.71,13.71,13.71,0,0
2014-10-06,13.75,13.75,13.75,13.75,0,0
2014-10-07,13.63,13.63,13.63,13.63,0,0
2014-10-08,13.44,13.44,13.44,13.44,0,0
2014-10-09,13.55,13.55,13.55,13.55,0,0
2014-10-10,13.34,13.34,13.34,13.34,0,0
2014-10-13,13.35,13.35,13.35,13.35,0,0
2014-10-14,13.24,13.24,13.24,13.24,0,0
2014-10-15,13.41,13.41,13.41,13.41,0,0
2014-10-16,13.13,13.13,13.13,13.13,0,0
2014-10-17,13.32,13.32,13.32,13.32,0,0
2014-10-20,13.36,13.36,13.36,13.36,0,0
2014-10-21,13.38,13.38,13.38,13.38,0,0
2014-10-22,13.6,13.6,13.6,13.6,0,0
2014-10-23,13.65,13.65,13.65,13.65,0,0
2014-10-24,13.65,13.65,13.65,13.65,0,0
2014-10-27,13.58,13.58,13.58,13.58,0,0
2014-10-28,13.69,13.69,13.69,13.69,0,0
2014-10-29,13.77,13.77,13.77,13.77,0,0
2014-10-30,13.65,13.65,13.65,13.65,0,0
2014-10-31,13.88,13.88,13.88,13.88,0,0
2014-11-03,13.85,13.85,13.85,13.85,0,0
2014-11-04,13.9,13.9,13.9,13.9,0,0
2014-11-05,13.84,13.84,13.84,13.84,0,0
2014-11-06,13.72,13.72,13.72,13.72,0,0
2014-11-07,13.61,13.61,13.61,13.61,0,0
2014-11-10,13.58,13.58,13.58,13.58,0,0
2014-11-12,13.58,13.58,13.58,13.58,0,0
2014-11-13,13.6,13.6,13.6,13.6,0,0
2014-11-14,13.48,13.48,13.48,13.48,0,0
2014-11-17,13.62,13.62,13.62,13.62,0,0
2014-11-18,13.66,13.66,13.66,13.66,0,0
2014-11-19,13.63,13.63,13.63,13.63,0,0
2014-11-20,13.55,13.55,13.55,13.55,0,0
2014-11-21,13.66,13.66,13.66,13.66,0,0
2014-11-24,13.73,13.73,13.73,13.73,0,0
2014-11-25,13.59,13.59,13.59,13.59,0,0
2014-11-26,13.66,13.66,13.66,13.66,0,0
2014-11-27,13.73,13.73,13.73,13.73,0,0
2014-11-28,13.77,13.77,13.77,13.77,0,0
2014-12-01,13.69,13.69,13.69,13.69,0,0
2014-12-02,13.74,13.74,13.74,13.74,0,0
2014-12-03,13.89,13.89,13.89,13.89,0,0
2014-12-04,13.97,13.97,13.97,13.97,0,0
2014-12-05,13.88,13.88,13.88,13.88,0,0
2014-12-08,13.85,13.85,13.85,13.85,0,0
2014-12-09,13.71,13.71,13.71,13.71,0,0
2014-12-10,13.67,13.67,13.67,13.67,0,0
2014-12-11,13.56,13.56,13.56,13.56,0,0
2014-12-12,13.51,13.51,13.51,13.51,0,0
2014-12-15,13.41,13.41,13.41,13.41,0,0
2014-12-16,13.04,13.04,13.04,13.04,0,0
2014-12-17,12.86,12.86,12.86,12.86,0,0
2014-12-18,13.15,13.15,13.15,13.15,0,0
2014-12-19,13.18,13.18,13.18,13.18,0,0
2014-12-22,13.16,13.16,13.16,13.16,0,0
2014-12-23,13.19,13.19,13.19,13.19,0,0
2014-12-29,13.06,13.06,13.06,13.06,0,0
2014-12-30,13.06,13.06,13.06,13.06,0,0
2014-12-31,13.08,13.08,13.08,13.08,0,0
2015-01-02,13.09,13.09,13.09,13.09,0,0
2015-01-05,13.09,13.09,13.09,13.09,0,0
2015-01-07,13.09,13.09,13.09,13.09,0,0
2015-01-08,13.42,13.42,13.42,13.42,0,0
2015-01-09,13.47,13.47,13.47,13.47,0,0
2015-01-12,13.43,13.43,13.43,13.43,0,0
2015-01-13,13.54,13.54,13.54,13.54,0,0
2015-01-14,13.45,13.45,13.45,13.45,0,0
2015-01-15,13.14,13.14,13.14,13.14,0,0
2015-01-16,12.85,12.85,12.85,12.85,0,0
2015-01-19,12.89,12.89,12.89,12.89,0,0
2015-01-20,13.03,13.03,13.03,13.03,0,0
2015-01-21,13.05,13.05,13.05,13.05,0,0
2015-01-22,13.14,13.14,13.14,13.14,0,0
2015-01-23,13.33,13.33,13.33,13.33,0,0
2015-01-26,13.16,13.16,13.16,13.16,0,0
2015-01-27,13.33,13.33,13.33,13.33,0,0
2015-01-28,13.22,13.22,13.22,13.22,0,0
2015-01-29,13.33,13.33,13.33,13.33,0,0
2015-01-30,13.36,13.36,13.36,13.36,0,0
2015-02-02,13.35,13.35,13.35,13.35,0,0
2015-02-03,13.31,13.31,13.31,13.31,0,0
2015-02-04,13.19,13.19,13.19,13.19,0,0
2015-02-05,13.2,13.2,13.2,13.2,0,0
2015-02-06,13.24,13.24,13.24,13.24,0,0
2015-02-09,13.14,13.14,13.14,13.14,0,0
2015-02-10,13.17,13.17,13.17,13.17,0,0
2015-02-11,13.09,13.09,13.09,13.09,0,0
2015-02-12,13.14,13.14,13.14,13.14,0,0
2015-02-13,13.17,13.17,13.17,13.17,0,0
2015-02-16,13.28,13.28,13.28,13.28,0,0
2015-02-17,13.31,13.31,13.31,13.31,0,0
2015-02-18,13.27,13.27,13.27,13.27,0,0
2015-02-19,13.26,13.26,13.26,13.26,0,0
2015-02-20,13.25,13.25,13.25,13.25,0,0
2015-02-23,13.31,13.31,13.31,13.31,0,0
2015-02-24,13.26,13.26,13.26,13.26,0,0
2015-02-25,13.3,13.3,13.3,13.3,0,0
2015-02-26,13.25,13.25,13.25,13.25,0,0
2015-02-27,13.25,13.25,13.25,13.25,0,0
2015-03-02,13.29,13.29,13.29,13.29,0,0
2015-03-03,13.22,13.22,13.22,13.22,0,0
2015-03-04,13.07,13.07,13.07,13.07,0,0
2015-03-05,13.18,13.18,13.18,13.18,0,0
2015-03-06,13.2,13.2,13.2,13.2,0,0
2015-03-09,13.18,13.18,13.18,13.18,0,0
2015-03-10,13.03,13.03,13.03,13.03,0,0
2015-03-11,13.04,13.04,13.04,13.04,0,0
2015-03-12,13.09,13.09,13.09,13.09,0,0
2015-03-13,13.04,13.04,13.04,13.04,0,0
2015-03-16,13.01,13.01,13.01,13.01,0,0
2015-03-17,13.09,13.09,13.09,13.09,0,0
2015-03-18,13.17,13.17,13.17,13.17,0,0
2015-03-19,13.33,13.33,13.33,13.33,0,0
2015-03-20,13.35,13.35,13.35,13.35,0,0
2015-03-23,13.4,13.4,13.4,13.4,0,0
2015-03-24,13.42,13.42,13.42,13.42,0,0
2015-03-25,13.38,13.38,13.38,13.38,0,0
2015-03-26,13.18,13.18,13.18,13.18,0,0
2015-03-27,13.22,13.22,13.22,13.22,0,0
2015-03-30,13.32,13.32,13.32,13.32,0,0
2015-03-31,13.28,13.28,13.28,13.28,0,0
2015-04-01,13.3,13.3,13.3,13.3,0,0
2015-04-02,13.29,13.29,13.29,13.29,0,0
2015-04-07,13.43,13.43,13.43,13.43,0,0
2015-04-08,13.47,13.47,13.47,13.47,0,0
2015-04-09,13.49,13.49,13.49,13.49,0,0
2015-04-10,13.61,13.61,13.61,13.61,0,0
2015-04-13,13.57,13.57,13.57,13.57,0,0
2015-04-14,13.48,13.48,13.48,13.48,0,0
2015-04-15,13.66,13.66,13.66,13.66,0,0
2015-04-16,13.71,13.71,13.71,13.71,0,0
2015-04-17,13.84,13.84,13.84,13.84,0,0
2015-04-20,13.69,13.69,13.69,13.69,0,0
2015-04-21,13.83,13.83,13.83,13.83,0,0
2015-04-22,13.78,13.78,13.78,13.78,0,0
2015-04-23,13.86,13.86,13.86,13.86,0,0
2015-04-24,13.84,13.84,13.84,13.84,0,0
2015-04-27,13.99,13.99,13.99,13.99,0,0
2015-04-28,13.97,13.97,13.97,13.97,0,0
2015-04-29,13.96,13.96,13.96,13.96,0,0
2015-04-30,13.89,13.89,13.89,13.89,0,0
2015-05-04,13.92,13.92,13.92,13.92,0,0
2015-05-05,13.88,13.88,13.88,13.88,0,0
2015-05-06,13.83,13.83,13.83,13.83,0,0
2015-05-07,13.82,13.82,13.82,13.82,0,0
2015-05-08,14.03,14.03,14.03,14.03,0,0
2015-05-11,14.01,14.01,14.01,14.01,0,0
2015-05-12,13.89,13.89,13.89,13.89,0,0
2015-05-13,14,14,14,14,0,0
2015-05-14,13.98,13.98,13.98,13.98,0,0
2015-05-15,13.95,13.95,13.95,13.95,0,0
2015-05-18,13.95,13.95,13.95,13.95,0,0
2015-05-19,14.04,14.04,14.04,14.04,0,0
2015-05-20,13.96,13.96,13.96,13.96,0,0
2015-05-21,14,14,14,14,0,0
2015-05-22,13.93,13.93,13.93,13.93,0,0
2015-05-25,13.8,13.8,13.8,13.8,0,0
2015-05-26,13.77,13.77,13.77,13.77,0,0
2015-05-27,13.68,13.68,13.68,13.68,0,0
2015-05-28,13.7,13.7,13.7,13.7,0,0
2015-05-29,13.69,13.69,13.69,13.69,0,0
2015-06-01,13.62,13.62,13.62,13.62,0,0
2015-06-02,13.54,13.54,13.54,13.54,0,0
2015-06-03,13.53,13.53,13.53,13.53,0,0
2015-06-05,13.44,13.44,13.44,13.44,0,0
2015-06-08,13.28,13.28,13.28,13.28,0,0
2015-06-09,13.23,13.23,13.23,13.23,0,0
2015-06-10,13.31,13.31,13.31,13.31,0,0
2015-06-11,13.34,13.34,13.34,13.34,0,0
2015-06-12,13.35,13.35,13.35,13.35,0,0
2015-06-15,13.29,13.29,13.29,13.29,0,0
2015-06-16,13.2,13.2,13.2,13.2,0,0
2015-06-17,13.28,13.28,13.28,13.28,0,0
2015-06-18,13.13,13.13,13.13,13.13,0,0
2015-06-19,13.29,13.29,13.29,13.29,0,0
2015-06-22,13.34,13.34,13.34,13.34,0,0
2015-06-23,13.43,13.43,13.43,13.43,0,0
2015-06-24,13.39,13.39,13.39,13.39,0,0
2015-06-25,13.46,13.46,13.46,13.46,0,0
2015-06-26,13.33,13.33,13.33,13.33,0,0
2015-06-29,13.15,13.15,13.15,13.15,0,0
2015-06-30,13.1,13.1,13.1,13.1,0,0
2015-07-01,13.18,13.18,13.18,13.18,0,0
2015-07-02,13.02,13.02,13.02,13.02,0,0
2015-07-03,13.07,13.07,13.07,13.07,0,0
2015-07-06,13,13,13,13,0,0
2015-07-07,13.07,13.07,13.07,13.07,0,0
2015-07-08,12.84,12.84,12.84,12.84,0,0
2015-07-09,12.88,12.88,12.88,12.88,0,0
2015-07-10,13,13,13,13,0,0
2015-07-13,13.05,13.05,13.05,13.05,0,0
2015-07-14,13,13,13,13,0,0
2015-07-15,13,13,13,13,0,0
2015-07-16,13.13,13.13,13.13,13.13,0,0
2015-07-17,13.13,13.13,13.13,13.13,0,0
2015-07-20,13.03,13.03,13.03,13.03,0,0
2015-07-21,12.94,12.94,12.94,12.94,0,0
2015-07-22,12.76,12.76,12.76,12.76,0,0
2015-07-23,12.64,12.64,12.64,12.64,0,0
2015-07-24,12.64,12.64,12.64,12.64,0,0
2015-07-27,12.47,12.47,12.47,12.47,0,0
2015-07-28,12.6,12.6,12.6,12.6,0,0
2015-07-29,12.75,12.75,12.75,12.75,0,0
2015-07-30,12.6,12.6,12.6,12.6,0,0
2015-07-31,12.62,12.62,12.62,12.62,0,0
2015-08-03,12.76,12.76,12.76,12.76,0,0
2015-08-04,12.73,12.73,12.73,12.73,0,0
2015-08-05,12.8,12.8,12.8,12.8,0,0
2015-08-06,12.58,12.58,12.58,12.58,0,0
2015-08-07,12.6,12.6,12.6,12.6,0,0
2015-08-10,12.58,12.58,12.58,12.58,0,0
2015-08-11,12.72,12.72,12.72,12.72,0,0
2015-08-12,12.53,12.53,12.53,12.53,0,0
2015-08-13,12.63,12.63,12.63,12.63,0,0
2015-08-14,12.57,12.57,12.57,12.57,0,0
2015-08-17,12.47,12.47,12.47,12.47,0,0
2015-08-18,12.34,12.34,12.34,12.34,0,0
2015-08-19,12.34,12.34,12.34,12.34,0,0
2015-08-20,12.36,12.36,12.36,12.36,0,0
2015-08-21,12.35,12.35,12.35,12.35,0,0
2015-08-24,11.95,11.95,11.95,11.95,0,0
2015-08-25,11.74,11.74,11.74,11.74,0,0
2015-08-26,11.68,11.68,11.68,11.68,0,0
2015-08-27,11.94,11.94,11.94,11.94,0,0
2015-08-28,11.99,11.99,11.99,11.99,0,0
2015-08-31,12.01,12.01,12.01,12.01,0,0
2015-09-01,11.94,11.94,11.94,11.94,0,0
2015-09-02,11.91,11.91,11.91,11.91,0,0
2015-09-03,11.96,11.96,11.96,11.96,0,0
2015-09-04,12.02,12.02,12.02,12.02,0,0
2015-09-07,11.96,11.96,11.96,11.96,0,0
2015-09-08,11.97,11.97,11.97,11.97,0,0
2015-09-09,12.06,12.06,12.06,12.06,0,0
2015-09-10,12,12,12,12,0,0
2015-09-11,12.09,12.09,12.09,12.09,0,0
2015-09-14,11.97,11.97,11.97,11.97,0,0
2015-09-15,12.03,12.03,12.03,12.03,0,0
2015-09-16,12.06,12.06,12.06,12.06,0,0
2015-09-17,12.15,12.15,12.15,12.15,0,0
2015-09-18,12.14,12.14,12.14,12.14,0,0
2015-09-21,12.08,12.08,12.08,12.08,0,0
2015-09-22,12.05,12.05,12.05,12.05,0,0
2015-09-23,11.94,11.94,11.94,11.94,0,0
2015-09-24,11.81,11.81,11.81,11.81,0,0
2015-09-25,11.82,11.82,11.82,11.82,0,0
2015-09-28,11.69,11.69,11.69,11.69,0,0
2015-09-29,11.63,11.63,11.63,11.63,0,0
2015-09-30,11.71,11.71,11.71,11.71,0,0
2015-10-01,11.75,11.75,11.75,11.75,0,0
2015-10-02,11.61,11.61,11.61,11.61,0,0
2015-10-05,11.74,11.74,11.74,11.74,0,0
2015-10-06,11.81,11.81,11.81,11.81,0,0
2015-10-07,11.85,11.85,11.85,11.85,0,0
2015-10-08,11.87,11.87,11.87,11.87,0,0
2015-10-09,12.02,12.02,12.02,12.02,0,0
2015-10-12,12,12,12,12,0,0
2015-10-13,11.91,11.91,11.91,11.91,0,0
2015-10-14,11.92,11.92,11.92,11.92,0,0
2015-10-15,12.02,12.02,12.02,12.02,0,0
2015-10-16,12.07,12.07,12.07,12.07,0,0
2015-10-19,12.05,12.05,12.05,12.05,0,0
2015-10-20,11.99,11.99,11.99,11.99,0,0
2015-10-21,12.01,12.01,12.01,12.01,0,0
2015-10-22,11.98,11.98,11.98,11.98,0,0
2015-10-23,12.06,12.06,12.06,12.06,0,0
2015-10-26,12.05,12.05,12.05,12.05,0,0
2015-10-27,11.99,11.99,11.99,11.99,0,0
2015-10-28,11.99,11.99,11.99,11.99,0,0
2015-10-29,11.88,11.88,11.88,11.88,0,0
2015-10-30,11.8,11.8,11.8,11.8,0,0
2015-11-02,12.01,12.01,12.01,12.01,0,0
2015-11-03,12,12,12,12,0,0
2015-11-04,12.05,12.05,12.05,12.05,0,0
2015-11-05,11.91,11.91,11.91,11.91,0,0
2015-11-06,11.85,11.85,11.85,11.85,0,0
2015-11-09,11.71,11.71,11.71,11.71,0,0
2015-11-10,11.68,11.68,11.68,11.68,0,0
2015-11-12,11.74,11.74,11.74,11.74,0,0
2015-11-13,11.67,11.67,11.67,11.67,0,0
2015-11-16,11.54,11.54,11.54,11.54,0,0
2015-11-17,11.68,11.68,11.68,11.68,0,0
2015-11-18,11.69,11.69,11.69,11.69,0,0
2015-11-19,11.83,11.83,11.83,11.83,0,0
2015-11-20,11.8,11.8,11.8,11.8,0,0
2015-11-23,11.69,11.69,11.69,11.69,0,0
2015-11-24,11.54,11.54,11.54,11.54,0,0
2015-11-25,11.5,11.5,11.5,11.5,0,0
2015-11-26,11.47,11.47,11.47,11.47,0,0
2015-11-27,11.46,11.46,11.46,11.46,0,0
2015-11-30,11.35,11.35,11.35,11.35,0,0
2015-12-01,11.37,11.37,11.37,11.37,0,0
2015-12-02,11.24,11.24,11.24,11.24,0,0
2015-12-03,11.18,11.18,11.18,11.18,0,0
2015-12-04,10.81,10.81,10.81,10.81,0,0
2015-12-07,11.01,11.01,11.01,11.01,0,0
2015-12-08,10.71,10.71,10.71,10.71,0,0
2015-12-09,10.49,10.49,10.49,10.49,0,0
2015-12-10,10.63,10.63,10.63,10.63,0,0
2015-12-11,10.46,10.46,10.46,10.46,0,0
2015-12-14,10.37,10.37,10.37,10.37,0,0
2015-12-15,10.37,10.37,10.37,10.37,0,0
2015-12-16,10.49,10.49,10.49,10.49,0,0
2015-12-17,10.74,10.74,10.74,10.74,0,0
2015-12-18,10.73,10.73,10.73,10.73,0,0
2015-12-21,10.87,10.87,10.87,10.87,0,0
2015-12-22,10.8,10.8,10.8,10.8,0,0
2015-12-23,10.9,10.9,10.9,10.9,0,0
2015-12-28,10.87,10.87,10.87,10.87,0,0
2015-12-29,10.92,10.92,10.92,10.92,0,0
2015-12-30,10.9,10.9,10.9,10.9,0,0
2015-12-31,10.77,10.77,10.77,10.77,0,0
2016-01-04,10.53,10.53,10.53,10.53,0,0
2016-01-05,10.42,10.42,10.42,10.42,0,0
2016-01-07,10.27,10.27,10.27,10.27,0,0
2016-01-08,10.24,10.24,10.24,10.24,0,0
2016-01-11,10.14,10.14,10.14,10.14,0,0
2016-01-12,10.23,10.23,10.23,10.23,0,0
2016-01-13,10.3,10.3,10.3,10.3,0,0
2016-01-14,10.23,10.23,10.23,10.23,0,0
2016-01-15,10.26,10.26,10.26,10.26,0,0
2016-01-18,10.08,10.08,10.08,10.08,0,0
2016-01-19,10.1,10.1,10.1,10.1,0,0
2016-01-20,9.93,9.93,9.93,9.93,0,0
2016-01-21,10,10,10,10,0,0
2016-01-22,10.07,10.07,10.07,10.07,0,0
2016-01-25,10.11,10.11,10.11,10.11,0,0
2016-01-26,10.08,10.08,10.08,10.08,0,0
2016-01-27,10.08,10.08,10.08,10.08,0,0
2016-01-28,10.19,10.19,10.19,10.19,0,0
2016-01-29,10.21,10.21,10.21,10.21,0,0
2016-02-01,10.21,10.21,10.21,10.21,0,0
2016-02-02,10.17,10.17,10.17,10.17,0,0
2016-02-03,10.1,10.1,10.1,10.1,0,0
2016-02-04,10.21,10.21,10.21,10.21,0,0
2016-02-05,10.26,10.26,10.26,10.26,0,0
2016-02-08,10.08,10.08,10.08,10.08,0,0
2016-02-09,10.1,10.1,10.1,10.1,0,0
2016-02-10,10.15,10.15,10.15,10.15,0,0
2016-02-11,9.97,9.97,9.97,9.97,0,0
2016-02-12,10.11,10.11,10.11,10.11,0,0
2016-02-15,10.18,10.18,10.18,10.18,0,0
2016-02-16,10.12,10.12,10.12,10.12,0,0
2016-02-17,10.27,10.27,10.27,10.27,0,0
2016-02-18,10.45,10.45,10.45,10.45,0,0
2016-02-19,10.34,10.34,10.34,10.34,0,0
2016-02-22,10.47,10.47,10.47,10.47,0,0
2016-02-23,10.39,10.39,10.39,10.39,0,0
2016-02-24,10.3,10.3,10.3,10.3,0,0
2016-02-25,10.36,10.36,10.36,10.36,0,0
2016-02-26,10.43,10.43,10.43,10.43,0,0
2016-02-29,10.29,10.29,10.29,10.29,0,0
2016-03-01,10.22,10.22,10.22,10.22,0,0
2016-03-02,10.23,10.23,10.23,10.23,0,0
2016-03-03,10.39,10.39,10.39,10.39,0,0
2016-03-04,10.56,10.56,10.56,10.56,0,0
2016-03-07,10.61,10.61,10.61,10.61,0,0
2016-03-08,10.61,10.61,10.61,10.61,0,0
2016-03-09,10.54,10.54,10.54,10.54,0,0
2016-03-10,10.65,10.65,10.65,10.65,0,0
2016-03-11,10.73,10.73,10.73,10.73,0,0
2016-03-14,10.77,10.77,10.77,10.77,0,0
2016-03-15,10.78,10.78,10.78,10.78,0,0
2016-03-16,10.71,10.71,10.71,10.71,0,0
2016-03-17,10.76,10.76,10.76,10.76,0,0
2016-03-18,10.88,10.88,10.88,10.88,0,0
2016-03-21,10.89,10.89,10.89,10.89,0,0
2016-03-22,10.83,10.83,10.83,10.83,0,0
2016-03-23,10.92,10.92,10.92,10.92,0,0
2016-03-24,10.75,10.75,10.75,10.75,0,0
2016-03-29,10.87,10.87,10.87,10.87,0,0
2016-03-30,10.95,10.95,10.95,10.95,0,0
2016-03-31,10.95,10.95,10.95,10.95,0,0
2016-04-01,10.94,10.94,10.94,10.94,0,0
2016-04-04,10.93,10.93,10.93,10.93,0,0
2016-04-05,10.84,10.84,10.84,10.84,0,0
2016-04-06,10.8,10.8,10.8,10.8,0,0
2016-04-07,10.69,10.69,10.69,10.69,0,0
2016-04-08,10.71,10.71,10.71,10.71,0,0
2016-04-11,10.77,10.77,10.77,10.77,0,0
2016-04-12,10.73,10.73,10.73,10.73,0,0
2016-04-13,10.83,10.83,10.83,10.83,0,0
2016-04-14,10.87,10.87,10.87,10.87,0,0
2016-04-15,10.88,10.88,10.88,10.88,0,0
2016-04-18,10.85,10.85,10.85,10.85,0,0
2016-04-19,10.95,10.95,10.95,10.95,0,0
2016-04-20,10.94,10.94,10.94,10.94,0,0
2016-04-21,10.94,10.94,10.94,10.94,0,0
2016-04-22,10.86,10.86,10.86,10.86,0,0
2016-04-25,10.85,10.85,10.85,10.85,0,0
2016-04-26,10.87,10.87,10.87,10.87,0,0
2016-04-27,10.83,10.83,10.83,10.83,0,0
2016-04-28,10.73,10.73,10.73,10.73,0,0
2016-04-29,10.75,10.75,10.75,10.75,0,0
2016-05-02,10.79,10.79,10.79,10.79,0,0
2016-05-04,10.6,10.6,10.6,10.6,0,0
2016-05-05,10.49,10.49,10.49,10.49,0,0
2016-05-06,10.46,10.46,10.46,10.46,0,0
2016-05-09,10.54,10.54,10.54,10.54,0,0
2016-05-10,10.47,10.47,10.47,10.47,0,0
2016-05-11,10.41,10.41,10.41,10.41,0,0
2016-05-12,10.45,10.45,10.45,10.45,0,0
2016-05-13,10.38,10.38,10.38,10.38,0,0
2016-05-16,10.46,10.46,10.46,10.46,0,0
2016-05-17,10.5,10.5,10.5,10.5,0,0
2016-05-18,10.43,10.43,10.43,10.43,0,0
2016-05-19,10.38,10.38,10.38,10.38,0,0
2016-05-20,10.33,10.33,10.33,10.33,0,0
2016-05-23,10.29,10.29,10.29,10.29,0,0
2016-05-24,10.41,10.41,10.41,10.41,0,0
2016-05-25,10.48,10.48,10.48,10.48,0,0
2016-05-27,10.46,10.46,10.46,10.46,0,0
2016-05-30,10.39,10.39,10.39,10.39,0,0
2016-05-31,10.41,10.41,10.41,10.41,0,0
2016-06-01,10.17,10.17,10.17,10.17,0,0
2016-06-02,10.12,10.12,10.12,10.12,0,0
2016-06-03,10.21,10.21,10.21,10.21,0,0
2016-06-06,10.28,10.28,10.28,10.28,0,0
2016-06-07,10.37,10.37,10.37,10.37,0,0
2016-06-08,10.39,10.39,10.39,10.39,0,0
2016-06-09,10.35,10.35,10.35,10.35,0,0
2016-06-10,10.25,10.25,10.25,10.25,0,0
2016-06-13,10.13,10.13,10.13,10.13,0,0
2016-06-14,10.11,10.11,10.11,10.11,0,0
2016-06-15,10.19,10.19,10.19,10.19,0,0
2016-06-16,10.14,10.14,10.14,10.14,0,0
2016-06-17,10.15,10.15,10.15,10.15,0,0
2016-06-20,10.26,10.26,10.26,10.26,0,0
2016-06-21,10.33,10.33,10.33,10.33,0,0
2016-06-22,10.4,10.4,10.4,10.4,0,0
2016-06-23,10.49,10.49,10.49,10.49,0,0
2016-06-24,10.11,10.11,10.11,10.11,0,0
2016-06-27,10.18,10.18,10.18,10.18,0,0
2016-06-28,10.23,10.23,10.23,10.23,0,0
2016-06-29,10.19,10.19,10.19,10.19,0,0
2016-06-30,10.25,10.25,10.25,10.25,0,0
2016-07-01,10.19,10.19,10.19,10.19,0,0
2016-07-04,10.18,10.18,10.18,10.18,0,0
2016-07-05,10.15,10.15,10.15,10.15,0,0
2016-07-06,10.06,10.06,10.06,10.06,0,0
2016-07-07,10.13,10.13,10.13,10.13,0,0
2016-07-08,10.11,10.11,10.11,10.11,0,0
2016-07-11,10.21,10.21,10.21,10.21,0,0
2016-07-12,10.28,10.28,10.28,10.28,0,0
2016-07-13,10.28,10.28,10.28,10.28,0,0
2016-07-14,10.3,10.3,10.3,10.3,0,0
2016-07-15,10.35,10.35,10.35,10.35,0,0
2016-07-18,10.35,10.35,10.35,10.35,0,0
2016-07-19,10.29,10.29,10.29,10.29,0,0
2016-07-20,10.32,10.32,10.32,10.32,0,0
2016-07-21,10.28,10.28,10.28,10.28,0,0
2016-07-22,10.23,10.23,10.23,10.23,0,0
2016-07-25,10.38,10.38,10.38,10.38,0,0
2016-07-26,10.34,10.34,10.34,10.34,0,0
2016-07-27,10.34,10.34,10.34,10.34,0,0
2016-07-28,10.35,10.35,10.35,10.35,0,0
2016-07-29,10.32,10.32,10.32,10.32,0,0
2016-08-01,10.31,10.31,10.31,10.31,0,0
2016-08-02,10.45,10.45,10.45,10.45,0,0
2016-08-03,10.38,10.38,10.38,10.38,0,0
2016-08-04,10.41,10.41,10.41,10.41,0,0
2016-08-05,10.52,10.52,10.52,10.52,0,0
2016-08-08,10.6,10.6,10.6,10.6,0,0
2016-08-09,10.64,10.64,10.64,10.64,0,0
2016-08-10,10.68,10.68,10.68,10.68,0,0
2016-08-11,10.68,10.68,10.68,10.68,0,0
2016-08-12,10.75,10.75,10.75,10.75,0,0
2016-08-16,10.69,10.69,10.69,10.69,0,0
2016-08-17,10.61,10.61,10.61,10.61,0,0
2016-08-18,10.56,10.56,10.56,10.56,0,0
2016-08-19,10.47,10.47,10.47,10.47,0,0
2016-08-22,10.46,10.46,10.46,10.46,0,0
2016-08-23,10.42,10.42,10.42,10.42,0,0
2016-08-24,10.36,10.36,10.36,10.36,0,0
2016-08-25,10.36,10.36,10.36,10.36,0,0
2016-08-26,10.37,10.37,10.37,10.37,0,0
2016-08-29,10.33,10.33,10.33,10.33,0,0
2016-08-30,10.4,10.4,10.4,10.4,0,0
2016-08-31,10.4,10.4,10.4,10.4,0,0
2016-09-01,10.32,10.32,10.32,10.32,0,0
2016-09-02,10.25,10.25,10.25,10.25,0,0
2016-09-05,10.37,10.37,10.37,10.37,0,0
2016-09-06,10.38,10.38,10.38,10.38,0,0
2016-09-07,10.51,10.51,10.51,10.51,0,0
2016-09-08,10.51,10.51,10.51,10.51,0,0
2016-09-09,10.34,10.34,10.34,10.34,0,0
2016-09-12,10.08,10.08,10.08,10.08,0,0
2016-09-13,10.11,10.11,10.11,10.11,0,0
2016-09-14,10.12,10.12,10.12,10.12,0,0
2016-09-15,10.15,10.15,10.15,10.15,0,0
2016-09-16,10.15,10.15,10.15,10.15,0,0
2016-09-19,10.2,10.2,10.2,10.2,0,0
2016-09-20,10.15,10.15,10.15,10.15,0,0
2016-09-21,10.2,10.2,10.2,10.2,0,0
2016-09-22,10.24,10.24,10.24,10.24,0,0
2016-09-23,10.27,10.27,10.27,10.27,0,0
2016-09-26,10.1,10.1,10.1,10.1,0,0
2016-09-27,10.07,10.07,10.07,10.07,0,0
2016-09-28,10.1,10.1,10.1,10.1,0,0
2016-09-29,10.11,10.11,10.11,10.11,0,0
2016-09-30,10.07,10.07,10.07,10.07,0,0
2016-10-03,10.08,10.08,10.08,10.08,0,0
2016-10-04,10.07,10.07,10.07,10.07,0,0
2016-10-05,10.12,10.12,10.12,10.12,0,0
2016-10-06,10.11,10.11,10.11,10.11,0,0
2016-10-07,10.09,10.09,10.09,10.09,0,0
2016-10-10,10.08,10.08,10.08,10.08,0,0
2016-10-11,10.07,10.07,10.07,10.07,0,0
2016-10-12,10.06,10.06,10.06,10.06,0,0
2016-10-13,10.03,10.03,10.03,10.03,0,0
2016-10-14,10.02,10.02,10.02,10.02,0,0
2016-10-17,10.03,10.03,10.03,10.03,0,0
2016-10-18,10.06,10.06,10.06,10.06,0,0
2016-10-19,10.09,10.09,10.09,10.09,0,0
2016-10-20,10.2,10.2,10.2,10.2,0,0
2016-10-21,10.19,10.19,10.19,10.19,0,0
2016-10-24,10.27,10.27,10.27,10.27,0,0
2016-10-25,10.33,10.33,10.33,10.33,0,0
2016-10-26,10.25,10.25,10.25,10.25,0,0
2016-10-27,10.27,10.27,10.27,10.27,0,0
2016-10-28,10.24,10.24,10.24,10.24,0,0
2016-10-31,10.29,10.29,10.29,10.29,0,0
2016-11-02,10.15,10.15,10.15,10.15,0,0
2016-11-03,10.09,10.09,10.09,10.09,0,0
2016-11-04,10,10,10,10,0,0
2016-11-07,10.05,10.05,10.05,10.05,0,0
2016-11-08,10.03,10.03,10.03,10.03,0,0
2016-11-09,9.97,9.97,9.97,9.97,0,0
2016-11-10,10.21,10.21,10.21,10.21,0,0
2016-11-14,10.01,10.01,10.01,10.01,0,0
2016-11-15,9.93,9.93,9.93,9.93,0,0
2016-11-16,9.92,9.92,9.92,9.92,0,0
2016-11-17,9.92,9.92,9.92,9.92,0,0
2016-11-18,9.79,9.79,9.79,9.79,0,0
2016-11-21,9.84,9.84,9.84,9.84,0,0
2016-11-22,9.94,9.94,9.94,9.94,0,0
2016-11-23,9.95,9.95,9.95,9.95,0,0
2016-11-24,10.04,10.04,10.04,10.04,0,0
2016-11-25,9.98,9.98,9.98,9.98,0,0
2016-11-28,9.99,9.99,9.99,9.99,0,0
2016-11-29,9.96,9.96,9.96,9.96,0,0
2016-11-30,10.03,10.03,10.03,10.03,0,0
2016-12-01,9.94,9.94,9.94,9.94,0,0
2016-12-02,9.93,9.93,9.93,9.93,0,0
2016-12-05,10.07,10.07,10.07,10.07,0,0
2016-12-06,10.23,10.23,10.23,10.23,0,0
2016-12-07,10.29,10.29,10.29,10.29,0,0
2016-12-08,10.37,10.37,10.37,10.37,0,0
2016-12-09,10.38,10.38,10.38,10.38,0,0
2016-12-12,10.29,10.29,10.29,10.29,0,0
2016-12-13,10.44,10.44,10.44,10.44,0,0
2016-12-14,10.47,10.47,10.47,10.47,0,0
2016-12-15,10.43,10.43,10.43,10.43,0,0
2016-12-16,10.45,10.45,10.45,10.45,0,0
2016-12-19,10.48,10.48,10.48,10.48,0,0
2016-12-20,10.54,10.54,10.54,10.54,0,0
2016-12-21,10.58,10.58,10.58,10.58,0,0
2016-12-22,10.5,10.5,10.5,10.5,0,0
2016-12-23,10.52,10.52,10.52,10.52,0,0
2016-12-27,10.49,10.49,10.49,10.49,0,0
2016-12-28,10.52,10.52,10.52,10.52,0,0
2016-12-29,10.49,10.49,10.49,10.49,0,0
2016-12-30,10.52,10.52,10.52,10.52,0,0
2016-12-31,10.48,10.48,10.48,10.48,0,0
2017-01-02,10.52,10.52,10.52,10.52,0,0
2017-01-03,10.53,10.53,10.53,10.53,0,0
2017-01-04,10.54,10.54,10.54,10.54,0,0
2017-01-05,10.56,10.56,10.56,10.56,0,0
2017-01-09,10.57,10.57,10.57,10.57,0,0
2017-01-10,10.65,10.65,10.65,10.65,0,0
2017-01-11,10.63,10.63,10.63,10.63,0,0
2017-01-12,10.69,10.69,10.69,10.69,0,0
2017-01-13,10.68,10.68,10.68,10.68,0,0
2017-01-16,10.74,10.74,10.74,10.74,0,0
2017-01-17,10.74,10.74,10.74,10.74,0,0
2017-01-18,10.77,10.77,10.77,10.77,0,0
2017-01-19,10.74,10.74,10.74,10.74,0,0
2017-01-20,10.74,10.74,10.74,10.74,0,0
2017-01-23,10.75,10.75,10.75,10.75,0,0
2017-01-24,10.77,10.77,10.77,10.77,0,0
2017-01-25,10.88,10.88,10.88,10.88,0,0
2017-01-26,10.98,10.98,10.98,10.98,0,0
2017-01-27,10.98,10.98,10.98,10.98,0,0
2017-01-30,11.02,11.02,11.02,11.02,0,0
2017-01-31,11.06,11.06,11.06,11.06,0,0
2017-02-01,11.09,11.09,11.09,11.09,0,0
2017-02-02,11.1,11.1,11.1,11.1,0,0
2017-02-03,11.09,11.09,11.09,11.09,0,0
2017-02-06,11.19,11.19,11.19,11.19,0,0
2017-02-07,11.14,11.14,11.14,11.14,0,0
2017-02-08,11.13,11.13,11.13,11.13,0,0
2017-02-09,11.29,11.29,11.29,11.29,0,0
2017-02-10,11.46,11.46,11.46,11.46,0,0
2017-02-13,11.61,11.61,11.61,11.61,0,0
2017-02-14,11.6,11.6,11.6,11.6,0,0
2017-02-15,11.57,11.57,11.57,11.57,0,0
2017-02-16,11.64,11.64,11.64,11.64,0,0
2017-02-17,11.68,11.68,11.68,11.68,0,0
2017-02-20,11.66,11.66,11.66,11.66,0,0
2017-02-21,11.81,11.81,11.81,11.81,0,0
2017-02-22,11.92,11.92,11.92,11.92,0,0
2017-02-23,11.95,11.95,11.95,11.95,0,0
2017-02-24,11.86,11.86,11.86,11.86,0,0
2017-02-27,11.75,11.75,11.75,11.75,0,0
2017-02-28,11.72,11.72,11.72,11.72,0,0
2017-03-01,11.92,11.92,11.92,11.92,0,0
2017-03-02,11.99,11.99,11.99,11.99,0,0
2017-03-03,12.03,12.03,12.03,12.03,0,0
2017-03-06,12.01,12.01,12.01,12.01,0,0
2017-03-07,11.9,11.9,11.9,11.9,0,0
2017-03-08,11.87,11.87,11.87,11.87,0,0
2017-03-09,11.77,11.77,11.77,11.77,0,0
2017-03-10,11.89,11.89,11.89,11.89,0,0
2017-03-13,11.9,11.9,11.9,11.9,0,0
2017-03-14,11.97,11.97,11.97,11.97,0,0
2017-03-15,11.99,11.99,11.99,11.99,0,0
2017-03-16,12.19,12.19,12.19,12.19,0,0
2017-03-17,12.25,12.25,12.25,12.25,0,0
2017-03-20,12.14,12.14,12.14,12.14,0,0
2017-03-21,12.23,12.23,12.23,12.23,0,0
2017-03-22,11.89,11.89,11.89,11.89,0,0
2017-03-23,12.02,12.02,12.02,12.02,0,0
2017-03-24,11.99,11.99,11.99,11.99,0,0
2017-03-27,11.89,11.89,11.89,11.89,0,0
2017-03-28,11.93,11.93,11.93,11.93,0,0
2017-03-29,11.98,11.98,11.98,11.98,0,0
2017-03-30,11.87,11.87,11.87,11.87,0,0
2017-03-31,11.81,11.81,11.81,11.81,0,0
2017-04-03,11.77,11.77,11.77,11.77,0,0
2017-04-04,11.87,11.87,11.87,11.87,0,0
2017-04-05,11.92,11.92,11.92,11.92,0,0
2017-04-06,11.91,11.91,11.91,11.91,0,0
2017-04-07,11.92,11.92,11.92,11.92,0,0
2017-04-10,11.95,11.95,11.95,11.95,0,0
2017-04-11,12.02,12.02,12.02,12.02,0,0
2017-04-12,11.92,11.92,11.92,11.92,0,0
2017-04-13,11.95,11.95,11.95,11.95,0,0
2017-04-18,11.97,11.97,11.97,11.97,0,0
2017-04-19,12.05,12.05,12.05,12.05,0,0
2017-04-20,12.21,12.21,12.21,12.21,0,0
2017-04-21,12.25,12.25,12.25,12.25,0,0
2017-04-24,12.26,12.26,12.26,12.26,0,0
2017-04-25,12.36,12.36,12.36,12.36,0,0
2017-04-26,12.49,12.49,12.49,12.49,0,0
2017-04-27,12.58,12.58,12.58,12.58,0,0
2017-04-28,12.61,12.61,12.61,12.61,0,0
2017-05-02,12.66,12.66,12.66,12.66,0,0
2017-05-04,12.68,12.68,12.68,12.68,0,0
2017-05-05,12.54,12.54,12.54,12.54,0,0
2017-05-08,12.54,12.54,12.54,12.54,0,0
2017-05-09,12.57,12.57,12.57,12.57,0,0
2017-05-10,12.63,12.63,12.63,12.63,0,0
2017-05-11,12.7,12.7,12.7,12.7,0,0
2017-05-12,12.57,12.57,12.57,12.57,0,0
2017-05-15,12.58,12.58,12.58,12.58,0,0
2017-05-16,12.42,12.42,12.42,12.42,0,0
2017-05-17,12.41,12.41,12.41,12.41,0,0
2017-05-18,12.18,12.18,12.18,12.18,0,0
2017-05-19,12.34,12.34,12.34,12.34,0,0
2017-05-22,12.41,12.41,12.41,12.41,0,0
2017-05-23,12.42,12.42,12.42,12.42,0,0
2017-05-24,12.4,12.4,12.4,12.4,0,0
2017-05-25,12.57,12.57,12.57,12.57,0,0
2017-05-26,12.51,12.51,12.51,12.51,0,0
2017-05-29,12.48,12.48,12.48,12.48,0,0
2017-05-30,12.38,12.38,12.38,12.38,0,0
2017-05-31,12.35,12.35,12.35,12.35,0,0
2017-06-01,12.26,12.26,12.26,12.26,0,0
2017-06-02,12.4,12.4,12.4,12.4,0,0
2017-06-05,12.41,12.41,12.41,12.41,0,0
2017-06-06,12.43,12.43,12.43,12.43,0,0
2017-06-07,12.57,12.57,12.57,12.57,0,0
2017-06-08,12.59,12.59,12.59,12.59,0,0
2017-06-09,12.69,12.69,12.69,12.69,0,0
2017-06-12,12.53,12.53,12.53,12.53,0,0
2017-06-13,12.46,12.46,12.46,12.46,0,0
2017-06-14,12.52,12.52,12.52,12.52,0,0
2017-06-16,12.51,12.51,12.51,12.51,0,0
2017-06-19,12.62,12.62,12.62,12.62,0,0
2017-06-20,12.6,12.6,12.6,12.6,0,0
2017-06-21,12.49,12.49,12.49,12.49,0,0
2017-06-22,12.64,12.64,12.64,12.64,0,0
2017-06-23,12.62,12.62,12.62,12.62,0,0
2017-06-26,12.67,12.67,12.67,12.67,0,0
2017-06-27,12.74,12.74,12.74,12.74,0,0
2017-06-28,12.69,12.69,12.69,12.69,0,0
2017-06-29,12.65,12.65,12.65,12.65,0,0
2017-06-30,12.61,12.61,12.61,12.61,0,0
2017-07-03,12.52,12.52,12.52,12.52,0,0
2017-07-04,12.53,12.53,12.53,12.53,0,0
2017-07-05,12.51,12.51,12.51,12.51,0,0
2017-07-06,12.58,12.58,12.58,12.58,0,0
2017-07-07,12.5,12.5,12.5,12.5,0,0
2017-07-10,12.63,12.63,12.63,12.63,0,0
2017-07-11,12.75,12.75,12.75,12.75,0,0
2017-07-12,12.78,12.78,12.78,12.78,0,0
2017-07-13,12.93,12.93,12.93,12.93,0,0
2017-07-14,12.99,12.99,12.99,12.99,0,0
2017-07-17,13.1,13.1,13.1,13.1,0,0
2017-07-18,13.15,13.15,13.15,13.15,0,0
2017-07-19,13.15,13.15,13.15,13.15,0,0
2017-07-20,13.14,13.14,13.14,13.14,0,0
2017-07-21,13.15,13.15,13.15,13.15,0,0
2017-07-24,13.04,13.04,13.04,13.04,0,0
2017-07-25,13.04,13.04,13.04,13.04,0,0
2017-07-26,13.09,13.09,13.09,13.09,0,0
2017-07-27,13.04,13.04,13.04,13.04,0,0
2017-07-28,12.95,12.95,12.95,12.95,0,0
2017-07-31,13.11,13.11,13.11,13.11,0,0
2017-08-01,13.05,13.05,13.05,13.05,0,0
2017-08-02,13.13,13.13,13.13,13.13,0,0
2017-08-03,13.08,13.08,13.08,13.08,0,0
2017-08-04,13.15,13.15,13.15,13.15,0,0
2017-08-07,13.18,13.18,13.18,13.18,0,0
2017-08-08,13.26,13.26,13.26,13.26,0,0
2017-08-09,13.21,13.21,13.21,13.21,0,0
2017-08-10,13.18,13.18,13.18,13.18,0,0
2017-08-11,13.09,13.09,13.09,13.09,0,0
2017-08-14,13.12,13.12,13.12,13.12,0,0
2017-08-16,13.23,13.23,13.23,13.23,0,0
2017-08-17,13.2,13.2,13.2,13.2,0,0
2017-08-18,13.13,13.13,13.13,13.13,0,0
2017-08-21,13.22,13.22,13.22,13.22,0,0
2017-08-22,13.27,13.27,13.27,13.27,0,0
2017-08-23,13.31,13.31,13.31,13.31,0,0
2017-08-24,13.44,13.44,13.44,13.44,0,0
2017-08-25,13.63,13.63,13.63,13.63,0,0
2017-08-28,13.66,13.66,13.66,13.66,0,0
2017-08-29,13.73,13.73,13.73,13.73,0,0
2017-08-30,13.7,13.7,13.7,13.7,0,0
2017-08-31,13.74,13.74,13.74,13.74,0,0
2017-09-01,13.65,13.65,13.65,13.65,0,0
2017-09-04,13.71,13.71,13.71,13.71,0,0
2017-09-05,13.79,13.79,13.79,13.79,0,0
2017-09-06,13.63,13.63,13.63,13.63,0,0
2017-09-07,13.55,13.55,13.55,13.55,0,0
2017-09-08,13.44,13.44,13.44,13.44,0,0
2017-09-11,13.64,13.64,13.64,13.64,0,0
2017-09-12,13.68,13.68,13.68,13.68,0,0
2017-09-13,13.63,13.63,13.63,13.63,0,0
2017-09-14,13.57,13.57,13.57,13.57,0,0
2017-09-15,13.56,13.56,13.56,13.56,0,0
2017-09-18,13.6,13.6,13.6,13.6,0,0
2017-09-19,13.62,13.62,13.62,13.62,0,0
2017-09-20,13.52,13.52,13.52,13.52,0,0
2017-09-21,13.47,13.47,13.47,13.47,0,0
2017-09-22,13.39,13.39,13.39,13.39,0,0
2017-09-25,13.45,13.45,13.45,13.45,0,0
2017-09-26,13.34,13.34,13.34,13.34,0,0
2017-09-27,13.35,13.35,13.35,13.35,0,0
2017-09-28,13.32,13.32,13.32,13.32,0,0
2017-09-29,13.38,13.38,13.38,13.38,0,0
2017-10-02,13.4,13.4,13.4,13.4,0,0
2017-10-03,13.44,13.44,13.44,13.44,0,0
2017-10-04,13.31,13.31,13.31,13.31,0,0
2017-10-05,13.25,13.25,13.25,13.25,0,0
2017-10-06,13.42,13.42,13.42,13.42,0,0
2017-10-09,13.42,13.42,13.42,13.42,0,0
2017-10-10,13.47,13.47,13.47,13.47,0,0
2017-10-11,13.59,13.59,13.59,13.59,0,0
2017-10-12,13.67,13.67,13.67,13.67,0,0
2017-10-13,13.65,13.65,13.65,13.65,0,0
2017-10-16,13.67,13.67,13.67,13.67,0,0
2017-10-17,13.63,13.63,13.63,13.63,0,0
2017-10-18,13.62,13.62,13.62,13.62,0,0
2017-10-19,13.47,13.47,13.47,13.47,0,0
2017-10-20,13.48,13.48,13.48,13.48,0,0
2017-10-23,13.43,13.43,13.43,13.43,0,0
2017-10-24,13.35,13.35,13.35,13.35,0,0
2017-10-25,13.39,13.39,13.39,13.39,0,0
2017-10-26,13.33,13.33,13.33,13.33,0,0
2017-10-27,13.4,13.4,13.4,13.4,0,0
2017-10-30,13.53,13.53,13.53,13.53,0,0
2017-10-31,13.5,13.5,13.5,13.5,0,0
2017-11-02,13.55,13.55,13.55,13.55,0,0
2017-11-03,13.51,13.51,13.51,13.51,0,0
2017-11-06,13.48,13.48,13.48,13.48,0,0
2017-11-07,13.71,13.71,13.71,13.71,0,0
2017-11-08,13.58,13.58,13.58,13.58,0,0
2017-11-09,13.45,13.45,13.45,13.45,0,0
2017-11-10,13.3,13.3,13.3,13.3,0,0
2017-11-13,13.19,13.19,13.19,13.19,0,0
2017-11-14,13.28,13.28,13.28,13.28,0,0
2017-11-15,13.13,13.13,13.13,13.13,0,0
2017-11-16,13.15,13.15,13.15,13.15,0,0
2017-11-17,13.14,13.14,13.14,13.14,0,0
2017-11-20,13.26,13.26,13.26,13.26,0,0
2017-11-21,13.28,13.28,13.28,13.28,0,0
2017-11-22,13.33,13.33,13.33,13.33,0,0
2017-11-23,13.44,13.44,13.44,13.44,0,0
2017-11-24,13.4,13.4,13.4,13.4,0,0
2017-11-27,13.35,13.35,13.35,13.35,0,0
2017-11-28,13.34,13.34,13.34,13.34,0,0
2017-11-29,13.33,13.33,13.33,13.33,0,0
2017-11-30,13.17,13.17,13.17,13.17,0,0
2017-12-01,12.97,12.97,12.97,12.97,0,0
2017-12-04,13,13,13,13,0,0
2017-12-05,13.08,13.08,13.08,13.08,0,0
2017-12-06,13.1,13.1,13.1,13.1,0,0
2017-12-07,13.2,13.2,13.2,13.2,0,0
2017-12-08,13.22,13.22,13.22,13.22,0,0
2017-12-11,13.15,13.15,13.15,13.15,0,0
2017-12-12,13.09,13.09,13.09,13.09,0,0
2017-12-13,13.12,13.12,13.12,13.12,0,0
2017-12-14,13.08,13.08,13.08,13.08,0,0
2017-12-15,13.03,13.03,13.03,13.03,0,0
2017-12-18,13.11,13.11,13.11,13.11,0,0
2017-12-19,13.18,13.18,13.18,13.18,0,0
2017-12-20,13.16,13.16,13.16,13.16,0,0
2017-12-21,13.13,13.13,13.13,13.13,0,0
2017-12-22,13.1,13.1,13.1,13.1,0,0
2017-12-27,13.11,13.11,13.11,13.11,0,0
2017-12-28,13.13,13.13,13.13,13.13,0,0
2017-12-29,13.11,13.11,13.11,13.11,0,0
2017-12-31,13.07,13.07,13.07,13.07,0,0
2018-01-03,13.03,13.03,13.03,13.03,0,0
2018-01-04,13.25,13.25,13.25,13.25,0,0
2018-01-05,13.31,13.31,13.31,13.31,0,0
2018-01-08,13.31,13.31,13.31,13.31,0,0
2018-01-09,13.44,13.44,13.44,13.44,0,0
2018-01-10,13.29,13.29,13.29,13.29,0,0
2018-01-11,13.34,13.34,13.34,13.34,0,0
2018-01-12,13.48,13.48,13.48,13.48,0,0
2018-01-15,13.4,13.4,13.4,13.4,0,0
2018-01-16,13.51,13.51,13.51,13.51,0,0
2018-01-17,13.63,13.63,13.63,13.63,0,0
2018-01-18,13.64,13.64,13.64,13.64,0,0
2018-01-19,13.67,13.67,13.67,13.67,0,0
2018-01-22,13.75,13.75,13.75,13.75,0,0
2018-01-23,13.83,13.83,13.83,13.83,0,0
2018-01-24,13.71,13.71,13.71,13.71,0,0
2018-01-25,13.64,13.64,13.64,13.64,0,0
2018-01-26,13.61,13.61,13.61,13.61,0,0
2018-01-29,13.6,13.6,13.6,13.6,0,0
2018-01-30,13.56,13.56,13.56,13.56,0,0
2018-01-31,13.54,13.54,13.54,13.54,0,0
2018-02-01,13.5,13.5,13.5,13.5,0,0
2018-02-02,13.32,13.32,13.32,13.32,0,0
2018-02-05,13.19,13.19,13.19,13.19,0,0
2018-02-06,12.91,12.91,12.91,12.91,0,0
2018-02-07,12.96,12.96,12.96,12.96,0,0
2018-02-08,12.91,12.91,12.91,12.91,0,0
2018-02-09,12.79,12.79,12.79,12.79,0,0
2018-02-12,12.84,12.84,12.84,12.84,0,0
2018-02-13,12.9,12.9,12.9,12.9,0,0
2018-02-14,12.97,12.97,12.97,12.97,0,0
2018-02-15,13.09,13.09,13.09,13.09,0,0
2018-02-16,12.9,12.9,12.9,12.9,0,0
2018-02-19,12.93,12.93,12.93,12.93,0,0
2018-02-20,12.91,12.91,12.91,12.91,0,0
2018-02-21,12.91,12.91,12.91,12.91,0,0
2018-02-22,12.8,12.8,12.8,12.8,0,0
2018-02-23,12.89,12.89,12.89,12.89,0,0
2018-02-26,12.95,12.95,12.95,12.95,0,0
2018-02-27,12.91,12.91,12.91,12.91,0,0
2018-02-28,12.78,12.78,12.78,12.78,0,0
2018-03-01,12.51,12.51,12.51,12.51,0,0
2018-03-02,12.51,12.51,12.51,12.51,0,0
2018-03-05,12.5,12.5,12.5,12.5,0,0
2018-03-06,12.51,12.51,12.51,12.51,0,0
2018-03-07,12.55,12.55,12.55,12.55,0,0
2018-03-08,12.52,12.52,12.52,12.52,0,0
2018-03-09,12.49,12.49,12.49,12.49,0,0
2018-03-12,12.71,12.71,12.71,12.71,0,0
2018-03-13,12.7,12.7,12.7,12.7,0,0
2018-03-14,12.58,12.58,12.58,12.58,0,0
2018-03-15,12.57,12.57,12.57,12.57,0,0
2018-03-16,12.46,12.46,12.46,12.46,0,0
2018-03-19,12.3,12.3,12.3,12.3,0,0
2018-03-20,12.28,12.28,12.28,12.28,0,0
2018-03-21,12.33,12.33,12.33,12.33,0,0
2018-03-22,12.34,12.34,12.34,12.34,0,0
2018-03-23,12.16,12.16,12.16,12.16,0,0
2018-03-26,12.14,12.14,12.14,12.14,0,0
2018-03-27,12.21,12.21,12.21,12.21,0,0
2018-03-28,11.88,11.88,11.88,11.88,0,0
2018-03-29,12,12,12,12,0,0
