Date,Open,High,Low,Close,Volume,OpenInt
2015-09-02,382.22,400.56,351.67,363.33,11505600,0
2015-09-03,425.56,441.11,403.89,441.11,12179700,0
2015-09-04,417.78,425,365,395.56,6071400,0
2015-09-07,387.78,391.67,355.56,362.78,1727100,0
2015-09-08,370.56,407.22,340.56,345.56,2079000,0
2015-09-09,376.67,423.33,356.11,423.33,2989800,0
2015-09-10,418.89,488.89,406.67,422.22,13977000,0
2015-09-11,406.67,455.56,402.22,435,6084900,0
2015-09-14,450.56,468.89,378.89,394.44,3288600,0
2015-09-15,386.67,389.44,351.11,357.78,1564200,0
2015-09-16,365.56,372.22,323.33,331,1336500,0
2015-09-17,336.67,359.44,315.33,348.33,2410200,0
2015-09-18,340.56,352.22,326.44,345.56,975600,0
2015-09-24,331.11,342.78,328.78,330,353700,0
2015-09-25,331.11,360,327.78,349.44,1152900,0
2015-09-28,356.11,356.11,341.67,342.78,305100,0
2015-09-29,342.78,343.89,323.89,328.33,315000,0
2015-09-30,338.33,346.67,336.67,336.67,289800,0
2015-10-01,343.33,351.11,337.78,339.44,235800,0
2015-10-02,338.89,353.33,334.44,352.22,228600,0
2015-10-05,358.33,397.22,353.89,383.33,1105200,0
2015-10-06,392.78,395.56,367.22,373.33,585000,0
2015-10-07,381.11,403.33,374.44,398.33,504900,0
2015-10-08,400,408.89,392.78,400.56,530100,0
2015-10-09,400.56,407.22,373.89,373.89,270900,0
2015-10-13,367.22,367.22,348.89,352.22,344700,0
2015-10-14,348.89,367.22,345,362.78,265500,0
2015-10-15,320.56,340.56,305.78,326.78,1145700,0
2015-10-16,325.22,336.11,310.11,325.56,461700,0
2015-10-19,325.33,328.89,313.67,322.89,156600,0
2015-10-20,326.78,331.44,322.89,331.44,211500,0
2015-10-21,332.78,364.44,330,345,887400,0
2015-10-22,338.89,343.89,328.89,331.11,263700,0
2015-10-23,336.67,337.78,322.78,327.78,167400,0
2015-10-26,329.33,329.33,318.67,322.56,163800,0
2015-10-27,326.11,338.33,324.78,330.11,130500,0
2015-10-28,336.11,365,335,361.11,692100,0
2015-10-29,360.56,361.11,340.56,353.33,210600,0
2015-10-30,343.33,348.33,333.33,336.67,182700,0
2015-11-02,330.22,336.11,330,333.22,54900,0
2015-11-04,337.78,338.33,333.33,333.89,71100,0
2015-11-05,331.33,332.22,323.78,324.56,119700,0
2015-11-06,325,332.11,324.78,330,93600,0
2015-11-09,341.67,341.67,323.89,323.89,144900,0
2015-11-10,324.11,327.22,324,324,24300,0
2015-11-11,323.78,325.56,316.11,316.89,148500,0
2015-11-12,316.67,321.11,311.33,314.22,101700,0
2015-11-13,315.44,317.56,311.67,317.56,81000,0
2015-11-16,314.89,321.56,313.44,319.56,86400,0
2015-11-17,324.78,331.11,321.67,326.56,126000,0
2015-11-18,325.56,327,320.11,320.11,52200,0
2015-11-19,320,325.44,317.78,320.44,43200,0
2015-11-20,322.22,322.22,311.67,321,109800,0
2015-11-24,325.78,331,323.89,329.78,188100,0
2015-11-25,338.89,338.89,329,329.67,145800,0
2015-11-26,329.67,331.11,323.44,323.44,81900,0
2015-11-27,327.56,333.89,324.67,332.89,144000,0
2015-11-30,341.11,341.11,331.11,331.33,67500,0
2015-12-01,328.33,328.78,320,321.44,269100,0
2015-12-02,320,322.22,317.22,318.44,79200,0
2015-12-03,318.44,320.78,313.78,315.11,116100,0
2015-12-04,312.78,315.44,312.78,315.33,91800,0
2015-12-07,318.22,318.22,315.56,316.11,69300,0
2015-12-08,315.33,315.78,313.89,315.56,63900,0
2015-12-09,315.56,317.22,313.44,317.22,54000,0
2015-12-10,313.89,316.56,312.89,315.67,75600,0
2015-12-11,315.56,322.22,315.44,318.89,154800,0
2015-12-14,311.44,315.44,311.44,313.67,80100,0
2015-12-15,322.22,324.44,314.44,316.56,257400,0
2015-12-16,316.56,326.67,316.56,324.56,142200,0
2015-12-17,325.33,326.44,322.33,324.56,64800,0
2015-12-18,323.89,323.89,320.11,321.67,45900,0
2015-12-21,318.33,318.56,309.44,312.78,80100,0
2015-12-22,311.22,312.44,307.78,307.78,66600,0
2015-12-24,310,310,288.89,297.56,180000,0
2015-12-25,291.11,291.11,272.22,281.67,296100,0
2015-12-28,280,298.89,278.89,290,85500,0
2015-12-29,290,304.44,287.22,294.89,34200,0
2015-12-30,294.89,303.33,294.44,302.44,60300,0
2016-01-04,302.44,302.44,297,299.89,41400,0
2016-01-05,294.44,301.67,288.89,298.89,43200,0
2016-01-06,299.11,305.56,299.11,300.22,40500,0
2016-01-07,299.89,311.78,299.89,306.67,56700,0
2016-01-08,305.56,305.56,296.56,301.56,60300,0
2016-01-12,301.56,301.56,280.89,281.67,116100,0
2016-01-13,287.22,296.11,284.67,291.33,19800,0
2016-01-14,287.78,308.89,281.78,303,89100,0
2016-01-15,303.11,314.22,300.67,300.89,99900,0
2016-01-18,295.33,295.33,288.33,290.67,131400,0
2016-01-19,293.89,293.89,288.44,289.44,27000,0
2016-01-20,288.89,291.56,280,280,48600,0
2016-01-21,275,281.67,270,270,126000,0
2016-01-22,275.56,280,272.22,277.89,99000,0
2016-01-25,277.78,280,275,277.78,85500,0
2016-01-26,274.44,286.67,274.44,278.89,96300,0
2016-01-27,278,283.33,278,281.44,19800,0
2016-01-28,278.89,284,278.89,281,36900,0
2016-01-29,281.11,283.67,279.44,282,38700,0
2016-02-01,284.44,288.22,279.44,282.11,148500,0
2016-02-02,279.44,288.89,279.44,288.11,126900,0
2016-02-03,284.44,284.44,280,281.33,77400,0
2016-02-04,279.89,281.67,276.33,276.33,58500,0
2016-02-05,275.67,278.89,274.44,274.44,64800,0
2016-02-08,273.33,273.33,264.11,273.22,33300,0
2016-02-09,262.11,270,256.67,260.22,99000,0
2016-02-10,264.44,264.44,243.44,244.56,140400,0
2016-02-12,228.89,233.33,221.22,221.22,111600,0
2016-02-15,227.89,231,214.44,223.33,146700,0
2016-02-16,223.33,228.67,218.67,228.67,92700,0
2016-02-17,228.33,228.33,223.44,227.11,26100,0
2016-02-18,227.89,249.89,227.89,248.89,36900,0
2016-02-19,247.56,247.56,235.67,246.67,47700,0
2016-02-22,244.11,266.67,244.11,255.56,100800,0
2016-02-23,250,255.56,246.78,255.44,24300,0
2016-02-24,255.44,255.44,249.11,254.44,13500,0
2016-02-25,251.67,283.33,250.33,253,45000,0
2016-02-26,254,271.67,254,254,15000,0
2016-02-29,250,255,245,245.33,24600,0
2016-03-01,245.33,250,242.67,249.67,28800,0
2016-03-02,244.67,250.33,244.67,250,35700,0
2016-03-03,245,249,243.33,243.67,67500,0
2016-03-04,243.33,245,236.67,243.67,46800,0
2016-03-07,243.67,250,241,244,37500,0
2016-03-08,243.33,243.33,236.67,238,26400,0
2016-03-09,236.67,241.67,233.33,235.67,52800,0
2016-03-10,237,246.67,237,243.33,24000,0
2016-03-11,236.67,242.33,236.67,242.33,17700,0
2016-03-14,243.67,250,243.67,246.67,17700,0
2016-03-15,250,260.33,247.67,260,79500,0
2016-03-16,265,276.67,262,270,93600,0
2016-03-17,272.67,278.33,261,263.33,63000,0
2016-03-18,263.67,266.67,257.67,261.67,27600,0
2016-03-22,261.67,274.67,261.67,274.67,39600,0
2016-03-23,274.67,274.67,265.67,271.33,21600,0
2016-03-24,271,274.67,266.67,274.67,27000,0
2016-03-25,274.67,275,267.67,274.33,16500,0
2016-03-28,274.33,274.67,268.67,269,19500,0
2016-03-29,275,276.67,270,274,25800,0
2016-03-30,284,288.33,277.33,281.67,77400,0
2016-03-31,281.67,293.33,281.67,293,80100,0
2016-04-01,296.67,296.67,274.67,274.67,75600,0
2016-04-04,279.67,293.33,279.67,290,53700,0
2016-04-05,290,290,270,275,65700,0
2016-04-06,275,278.33,271.67,271.67,32700,0
2016-04-07,272,286.33,272,286,51600,0
2016-04-08,278,293.67,277,292,74700,0
2016-04-11,292,316.33,291.67,316.33,122100,0
2016-04-12,315.33,316.33,310,310.33,79800,0
2016-04-13,313.33,321.67,309.67,319.33,106200,0
2016-04-14,369.33,369.33,369.33,369.33,129300,0
2016-04-15,394,452.33,390,433.33,1642800,0
2016-04-18,433.33,526.67,411.33,506.67,1461000,0
2016-04-19,506.67,513.33,468.33,506.33,527100,0
2016-04-20,500,516.67,450,468.33,380400,0
2016-04-21,478.33,550,450.67,497,720300,0
2016-04-22,487,495.67,466.67,471.67,239700,0
2016-04-25,500,571.67,500,571.67,460800,0
2016-04-26,611.67,656,520,580,1334400,0
2016-04-27,600,686.67,550,560,849300,0
2016-04-28,538,593.33,533.67,586.33,438900,0
2016-05-02,566.33,606.33,556,599.67,270300,0
2016-05-06,620,646.67,606.67,626.67,405000,0
2016-05-09,640,642.67,606.67,624.67,248400,0
2016-05-10,611.33,624.33,600,606.33,201900,0
2016-05-11,593,663.33,580,656.67,1023600,0
2016-05-12,646.33,656.67,613.67,621.67,360000,0
2016-05-13,611,678,604,663.67,475200,0
2016-05-16,693.33,695,613.33,613.67,592800,0
2016-05-17,600.33,641.33,597.67,623,342000,0
2016-05-18,621.33,636.33,586.67,601.33,289500,0
2016-05-19,593.33,640.67,593.33,623,141000,0
2016-05-20,610.33,632,600.33,619,77400,0
2016-05-23,610.33,636.67,610.33,626.67,113400,0
2016-05-24,626.67,628,603.33,612,79200,0
2016-05-25,625.33,666.33,607,653.33,296100,0
2016-05-26,647,647,620,623,84900,0
2016-05-27,620,635,620,626.33,54900,0
2016-05-30,626.33,706.67,626.33,695,432600,0
2016-05-31,726.67,861.67,716,861.67,1816200,0
2016-06-01,820,831.67,770.33,783.33,695700,0
2016-06-02,774.33,799.33,736.67,739.33,237300,0
2016-06-03,738.67,773.33,737,752,134100,0
2016-06-06,748.33,793,741,785,145800,0
2016-06-07,813,890,788.33,830,497100,0
2016-06-08,853.33,853.33,793.33,803.67,221100,0
2016-06-09,794.33,916.67,794.33,816,269100,0
2016-06-10,811.67,872,808,846.67,161100,0
2016-06-13,846.67,846.67,794,801.67,133800,0
2016-06-14,783.33,788.67,717.33,747.67,221100,0
2016-06-16,788.67,806.67,720,743.33,109800,0
2016-06-17,750,791.67,733.67,756,108600,0
2016-06-20,806,859.67,777,809.67,206400,0
2016-06-21,826.33,826.33,756.33,759.33,209100,0
2016-06-22,750,752.67,718.33,733.33,158400,0
2016-06-23,738.33,766.67,726.67,730.33,77700,0
2016-06-24,780.33,780.33,633.67,695,303300,0
2016-06-27,695,761.67,678.67,750.33,178800,0
2016-06-28,750,795.33,720.33,790.67,140400,0
2016-06-29,786.67,814.33,773.33,810,93900,0
2016-06-30,810,856.67,807.33,810,138300,0
2016-07-01,830,840,817.33,824.67,43500,0
2016-07-04,833.33,949,833.33,886,365400,0
2016-07-05,919.33,932.67,890.33,932.67,177300,0
2016-07-06,916.67,993.33,903.67,989,298500,0
2016-07-07,1006.67,1045,920,924.33,373800,0
2016-07-08,933.33,968.33,900.33,908.67,162600,0
2016-07-11,942,1020,931,1008.33,266100,0
2016-07-12,1031.67,1050,960,980,215400,0
2016-07-13,988.33,1011.67,972,983.67,101400,0
2016-07-14,967,988.67,913.33,933.33,248400,0
2016-07-15,1100,1100,1100,1100,49500,0
2016-07-19,1136.67,1160,1023.33,1050,665700,0
2016-07-20,1030,1120,1030,1101.67,208500,0
2016-07-21,1125,1201.67,1083.33,1170,235200,0
2016-07-22,1135,1170,1121.67,1170,113400,0
2016-07-25,1170,1230,1158.33,1158.33,142500,0
2016-07-26,1135,1150,1093.33,1145,99600,0
2016-07-27,1145,1166.67,1116.67,1120,76800,0
2016-07-28,1096.67,1136.67,1090,1105,61500,0
2016-07-29,1086.67,1145,1038.33,1131.67,129300,0
2016-08-01,1131.67,1163.33,1101.67,1163.33,75600,0
2016-08-02,1166.67,1280,1166.67,1276.67,261600,0
2016-08-03,1253.33,1253.33,1188.33,1196.67,170700,0
2016-08-04,1205,1248.33,1201.67,1220,95700,0
2016-08-05,1250,1250,1096.67,1116.67,249000,0
2016-08-08,1163.33,1165,1110,1143.33,78600,0
2016-08-09,1143.33,1153.33,1118.33,1130,68100,0
2016-08-10,1150,1220,1150,1188.33,114900,0
2016-08-12,1211.67,1211.67,1176.67,1193.33,58500,0
2016-08-15,1170,1188.33,1153.33,1171.67,50700,0
2016-08-16,1183.33,1200,1158.33,1171.67,34800,0
2016-08-17,1186.67,1235,1173.33,1228.33,118200,0
2016-08-18,1218.33,1253.33,1200,1243.33,79500,0
2016-08-19,1226.67,1250,1211.67,1223.33,64800,0
2016-08-22,1253.33,1331.67,1233.33,1331.67,171900,0
2016-08-23,1333.33,1386.67,1301.67,1336.67,145500,0
2016-08-24,1345,1456.67,1341.67,1440,188700,0
2016-08-25,1406.67,1425,1343.33,1380,104400,0
2016-08-26,1370,1380,1331.67,1343.33,60300,0
2016-08-29,648.67,729,648.67,686,260400,0
2016-08-30,693.33,711.67,666.67,670.33,223500,0
2016-08-31,675.67,676,536,550,1060800,0
2016-09-01,536,543,476.67,509.67,1265700,0
2016-09-02,496.33,520.33,490,509.67,435900,0
2016-09-05,500.67,514.33,456.33,465.67,651900,0
2016-09-06,459.33,483,438.67,480.67,830700,0
2016-09-07,485.33,522.33,471,477.67,679500,0
2016-09-08,484,520.33,475,512.33,548400,0
2016-09-09,510.67,517.33,490,502,401400,0
2016-09-12,488.67,504.33,486.67,499.67,241500,0
2016-09-13,503,536.67,501.33,535.33,591000,0
2016-09-14,522.33,553,517,522,408900,0
2016-09-15,526.33,550,526.33,540.67,268500,0
2016-09-16,553.33,600,553,593,690000,0
2016-09-20,600,614.33,594,596.33,389100,0
2016-09-21,600,600,566.67,585.67,251100,0
2016-09-23,599,623.33,593.67,619,263700,0
2016-09-26,625,656,625,654.67,335100,0
2016-09-27,665,683.33,657.33,681.67,660300,0
2016-09-28,693.33,738.33,680.33,709,792600,0
2016-09-29,723.33,750,685.33,697.67,634200,0
2016-09-30,709.67,766.33,687,752.67,761400,0
2016-10-03,769.33,776.67,730,752.33,549900,0
2016-10-04,743.33,745.33,700.67,720,557700,0
2016-10-05,726.67,726.67,705.67,722,417900,0
2016-10-06,733.33,736.67,706,714.33,403200,0
2016-10-07,692,781.33,623.33,711,1026000,0
2016-10-11,716.67,730,711,716.67,462300,0
2016-10-12,713.33,715,683.33,705.67,175200,0
2016-10-13,700,702.67,692,696.67,153600,0
2016-10-14,706.67,760,700.67,714,321300,0
2016-10-17,712.67,719.33,707.67,715.67,99000,0
2016-10-18,715.67,721.33,710.33,712,106800,0
2016-10-19,713.67,720,695,714,188700,0
2016-10-20,714,717.33,699.67,710.67,124500,0
2016-10-21,718.33,743.33,703,703.33,222300,0
2016-10-24,726.67,772.67,713.33,761,457500,0
2016-10-25,791.67,791.67,720.33,750,384900,0
2016-10-26,761.67,825,740,821.33,728700,0
2016-10-27,813.33,850,803,849.33,552000,0
2016-10-28,850,866.33,818,824.33,354300,0
2016-10-31,830.33,843.33,790.33,796.33,279000,0
2016-11-01,785,815.67,770.33,797.67,230100,0
2016-11-02,787.33,810.33,767,786.67,218100,0
2016-11-04,765.33,770,752.33,764,209100,0
2016-11-07,759,776.67,750,756.33,121200,0
2016-11-08,766.67,785.33,750,751,145800,0
2016-11-09,770.33,770.33,652.67,728.33,387300,0
2016-11-10,760,771.67,750.33,752.67,171600,0
2016-11-11,750,750,706.67,713.33,194400,0
2016-11-14,713.33,726.67,691.33,706.33,154800,0
2016-11-15,702,715.33,663.33,707,236400,0
2016-11-16,708.67,735,700,731,129900,0
2016-11-17,734.33,743,728.33,741,99900,0
2016-11-18,745.67,745.67,715.67,718.67,146100,0
2016-11-21,716.33,716.33,680,691.33,234600,0
2016-11-22,681,715.33,673.33,715.33,240300,0
2016-11-24,704.67,717.67,704.67,714.67,84900,0
2016-11-25,714.67,714.67,681.67,685.67,196500,0
2016-11-28,685.67,717.67,685.67,711,200100,0
2016-11-29,711,755.33,703.67,733.33,235500,0
2016-11-30,721.67,730,690.67,696.67,175500,0
2016-12-01,701.67,712.67,680.33,681,162900,0
2016-12-02,680,688.33,664,673.33,147900,0
2016-12-05,666.67,670.67,623,639,322200,0
2016-12-06,640,646.33,630.67,631.67,80700,0
2016-12-07,630.33,641.67,625.33,629.33,81300,0
2016-12-08,640.67,640.67,550,617,381600,0
2016-12-09,601.33,634,600.67,627,134400,0
2016-12-12,627,655.33,617.33,646.33,221100,0
2016-12-13,646.33,682.33,646.33,682.33,144000,0
2016-12-14,683.33,698.33,666.67,669,122100,0
2016-12-15,664.67,672.67,643.33,645,96900,0
2016-12-16,642,650,617,625,195000,0
2016-12-19,616.67,631.33,610,628,112800,0
2016-12-20,628,628,615,620,72000,0
2016-12-21,623.67,656.67,623.67,637.67,140700,0
2016-12-22,645,645,610.33,616.67,211500,0
2016-12-26,625,648.33,620.33,640,169800,0
2016-12-27,666,673,650.33,659,187200,0
2016-12-28,669.33,692.33,666.67,679.33,221400,0
2016-12-29,667.67,687.33,655.67,670.33,196200,0
2016-12-30,670.33,700,670.33,695.67,187200,0
2017-01-04,703.67,728.33,703.67,710,247200,0
2017-01-05,707,726.33,688.67,719.33,208500,0
2017-01-06,726.33,726.33,703.67,719.33,173700,0
2017-01-10,740,833.33,736.33,807,1181400,0
2017-01-11,823,953.33,816.67,896.67,2782800,0
2017-01-12,894.33,902.67,849.33,889.67,922500,0
2017-01-13,906,927.67,886.67,899.67,588300,0
2017-01-16,899.67,976.67,876,943.33,856200,0
2017-01-17,926.67,945.67,919,929.33,473100,0
2017-01-18,918.67,995.33,918.67,966.67,798600,0
2017-01-19,983.33,1040,976.33,1011.67,926100,0
2017-01-20,1028.33,1086.67,1028.33,1053.33,719100,0
2017-01-23,1030,1035,944.67,953,1001100,0
2017-01-24,945.33,1008.33,934,998.33,496200,0
2017-01-25,996.67,1005,950.33,981.33,387000,0
2017-01-26,998,998,971,989.33,213900,0
2017-01-27,993,993,953.33,986.67,241500,0
2017-01-30,989.33,1051.67,967,1015,540900,0
2017-01-31,986.67,1048.33,986.33,998.33,376500,0
2017-02-01,999,1028.33,993.33,1008.33,223200,0
2017-02-02,1028.33,1066.67,1011.67,1015,480600,0
2017-02-03,1026.67,1130,1018.33,1113.33,1018500,0
2017-02-06,1105,1128.33,1066.67,1128.33,624300,0
2017-02-07,1158.33,1336.67,1150,1271.67,2651400,0
2017-02-08,1248.33,1270,1146.67,1160,1399500,0
2017-02-09,1136.67,1168.33,1113.33,1121.67,787800,0
2017-02-10,1116.67,1121.67,1066.67,1073.33,703500,0
2017-02-13,1088.33,1125,1076.67,1096.67,369300,0
2017-02-14,1100,1101.67,1068.33,1071.67,293700,0
2017-02-15,1075,1111.67,1070,1078.33,245400,0
2017-02-16,1086.67,1108.33,1021.67,1040,542100,0
2017-02-17,1016.67,1083.33,1010,1023.33,873300,0
2017-02-20,1031.67,1051.67,1020,1026.67,349800,0
2017-02-21,1028.33,1028.33,976.33,1025,558600,0
2017-02-22,1000,1005,950.67,955.67,723600,0
2017-02-23,952.33,953.67,924.33,936.33,481500,0
2017-02-24,933.33,963.33,919.67,936.33,402000,0
2017-02-27,953,984.67,940.33,983.33,442800,0
2017-02-28,965,973.67,940.33,945,538200,0
2017-03-01,930,940,909,931.67,387300,0
2017-03-02,937,937.33,917,933,211800,0
2017-03-03,960,1008.33,956.67,968.33,781800,0
2017-03-06,961,966.33,926,935,406500,0
2017-03-07,934,936.33,911.67,913.67,280800,0
2017-03-08,913.67,942.67,913.67,918.33,501000,0
2017-03-09,923.33,935,913.67,925.67,257400,0
2017-03-10,926.33,928.67,907,919,295200,0
2017-03-13,919.67,973,919.67,933,567000,0
2017-03-14,927,932.33,900.33,907.33,341400,0
2017-03-15,905,918,895,896,181500,0
2017-03-16,891,909,884.33,900.33,207000,0
2017-03-17,909.67,925.67,895.33,908.67,185700,0
2017-03-21,893.67,904.67,877.67,899.33,282300,0
2017-03-22,877.67,900.33,877.67,897,168300,0
2017-03-23,903.33,935.33,900.33,920.67,339300,0
2017-03-24,941,991.67,937.33,976.33,708300,0
2017-03-27,1005,1033.33,978.33,997,871500,0
2017-03-28,1021.67,1023.33,987.33,1003.33,415200,0
2017-03-29,1011.67,1011.67,960,998,566700,0
2017-03-30,995.67,1001.67,968.67,989.67,356100,0
2017-03-31,1000,1033.33,974,979.33,954300,0
2017-04-03,984.33,1048.33,979.33,1038.33,836100,0
2017-04-04,1058.33,1063.33,962,975.33,895200,0
2017-04-05,978,999.67,963,987,348000,0
2017-04-06,1063.33,1091.67,1023.33,1083.33,1655400,0
2017-04-07,1063.33,1095,996.67,1081.67,1169700,0
2017-04-10,1093.33,1106.67,1068.33,1098.33,753000,0
2017-04-11,1093.33,1103.33,1071.67,1098.33,515400,0
2017-04-12,1093.33,1093.33,1040,1061.67,584400,0
2017-04-13,1026.67,1111.67,1016.67,1108.33,774300,0
2017-04-14,1100,1133.33,954.33,1046.67,2052600,0
2017-04-17,1000,1050,1000,1018.33,513900,0
2017-04-18,1046.67,1105,1023.33,1096.67,870300,0
2017-04-19,1096.67,1125,1085,1096.67,671700,0
2017-04-20,1085,1100,1043.33,1076.67,534000,0
2017-04-21,1090,1135,1078.33,1125,1433400,0
2017-04-24,1161.67,1180,1105,1141.67,1275900,0
2017-04-25,1138.33,1161.67,1128.33,1128.33,644400,0
2017-04-26,1145,1163.33,1123.33,1148.33,730200,0
2017-04-27,1156.67,1158.33,1118.33,1153.33,561000,0
2017-04-28,1145,1151.67,1096.67,1103.33,617400,0
2017-05-01,1103.33,1135,1103.33,1113.33,438300,0
2017-05-02,1121.67,1121.67,1071.67,1088.33,543600,0
2017-05-08,1090,1110,1088.33,1103.33,416400,0
2017-05-09,1103.33,1138.33,1096.67,1116.67,624600,0
2017-05-10,1120,1123.33,1090,1105,408000,0
2017-05-11,1108.33,1115,1090,1098.33,252300,0
2017-05-12,1093.33,1106.67,1055,1060,355800,0
2017-05-15,1028.33,1091.67,1026.67,1083.33,291600,0
2017-05-16,1100,1100,1055,1073.33,220800,0
2017-05-17,1071.67,1088.33,1058.33,1060,243300,0
2017-05-18,1031.67,1041.67,1028.33,1031.67,413700,0
2017-05-19,1043.33,1093.33,1041.67,1078.33,493800,0
2017-05-22,1073.33,1108.33,1065,1095,320700,0
2017-05-23,1098.33,1120,1085,1101.67,315300,0
2017-05-24,1120,1126.67,1106.67,1116.67,223200,0
2017-05-25,1116.67,1131.67,1096.67,1098.33,365700,0
2017-05-26,1086.67,1106.67,1073.33,1081.67,201900,0
2017-05-29,1076.67,1105,1066.67,1071.67,272400,0
2017-05-30,1071.67,1105,1071.67,1081.67,274200,0
2017-05-31,1098.33,1143.33,1081.67,1136.67,902400,0
2017-06-01,1158.33,1200,1158.33,1193.33,1208400,0
2017-06-02,1201.67,1240,1135,1146.67,1035000,0
2017-06-05,1141.67,1188.33,1141.67,1160,356100,0
2017-06-06,1180,1191.67,1158.33,1183.33,394200,0
2017-06-07,1171.67,1178.33,1151.67,1176.67,262800,0
2017-06-08,1178.33,1253.33,1176.67,1243.33,1009800,0
2017-06-09,1261.67,1305,1248.33,1261.67,1220100,0
2017-06-12,1268.33,1295,1228.33,1261.67,492600,0
2017-06-13,1258.33,1335,1243.33,1325,681000,0
2017-06-14,1356.67,1430,1341.67,1430,1204200,0
2017-06-15,1441.67,1480,1380,1443.33,1266900,0
2017-06-16,1440,1473.33,1406.67,1470,843300,0
2017-06-19,1510,1595,1500,1585,1229700,0
2017-06-20,1645,1655,1518.33,1556.67,1402800,0
2017-06-21,1511.67,1553.33,1473.33,1540,1124100,0
2017-06-22,1555,1555,1473.33,1476.67,763500,0
2017-06-23,1510,1538.33,1463.33,1480,704400,0
2017-06-26,1456.67,1521.67,1451.67,1498.33,552000,0
2017-06-27,1503.33,1513.33,1455,1455,458700,0
2017-06-28,1456.67,1458.33,1413.33,1428.33,433800,0
2017-06-29,1426.67,1506.67,1416.67,1505,536400,0
2017-06-30,1471.67,1511.67,1458.33,1510,393300,0
2017-07-03,1546.67,1585,1526.67,1536.67,693000,0
2017-07-04,1538.33,1596.67,1530,1546.67,611700,0
2017-07-05,1556.67,1583.33,1538.33,1583.33,553200,0
2017-07-06,1606.67,1615,1568.33,1605,579300,0
2017-07-07,1600,1670,1586.67,1670,770100,0
2017-07-10,1703.33,1710,1526.67,1541.67,1994400,0
2017-07-11,1535,1565,1520,1521.67,840900,0
2017-07-12,1521.67,1593.33,1521.67,1583.33,690900,0
2017-07-13,1581.67,1581.67,1535,1548.33,593400,0
2017-07-14,1555,1596.67,1543.33,1565,629700,0
2017-07-18,1576.67,1655,1561.67,1608.33,1503300,0
2017-07-19,1643.33,1733.33,1626.67,1733.33,1933200,0
2017-07-20,1750,1773.33,1686.67,1766.67,892500,0
2017-07-21,1766.67,1810,1736.67,1763.33,677400,0
2017-07-24,1733.33,1780,1706.67,1770,439500,0
2017-07-25,1773.33,1793.33,1716.67,1726.67,512100,0
2017-07-26,1746.67,1750,1693.33,1743.33,460800,0
2017-07-27,1743.33,1773.33,1716.67,1720,287100,0
2017-07-28,1723.33,1723.33,1670,1686.67,410700,0
2017-07-31,1670,1750,1651.67,1740,426000,0
2017-08-01,1753.33,1843.33,1733.33,1833.33,937800,0
2017-08-02,1833.33,1916.67,1773.33,1886.67,885600,0
2017-08-03,1900,1950,1833.33,1886.67,794100,0
2017-08-04,1880,1960,1863.33,1953.33,465000,0
2017-08-07,1966.67,1986.67,1916.67,1943.33,532800,0
2017-08-08,1920,1960,1906.67,1936.67,343800,0
2017-08-09,1936.67,1936.67,1870,1893.33,509700,0
2017-08-10,1883.33,1970,1883.33,1950,483300,0
2017-08-14,1916.67,2023.33,1916.67,1973.33,723600,0
2017-08-15,2006.67,2050,2003.33,2036.67,394200,0
2017-08-16,2070,2070,1963.33,1980,1076700,0
2017-08-17,1990,1993.33,1933.33,1966.67,539100,0
2017-08-18,1926.67,1990,1860,1960,883800,0
2017-08-21,1966.67,1976.67,1890,1906.67,408900,0
2017-08-22,1900,1963.33,1900,1926.67,405900,0
2017-08-23,1966.67,2006.67,1943.33,1996.67,524400,0
2017-08-24,2016.67,2020,1960,2000,340500,0
2017-08-25,1986.67,2003.33,1963.33,2000,247500,0
2017-08-28,1986.67,1996.67,1953.33,1956.67,291000,0
2017-08-29,1923.33,1946.67,1910,1933.33,312000,0
2017-08-30,1986.67,1996.67,1920,1993.33,503700,0
2017-08-31,1970,1983.33,1926.67,1946.67,399600,0
2017-09-01,1946.67,1966.67,1906.67,1936.67,340500,0
2017-09-04,1916.67,1916.67,1843.33,1863.33,627900,0
2017-09-05,1810,1840,1656.67,1743.33,945600,0
2017-09-06,1710,1890,1693.33,1853.33,684000,0
2017-09-07,1886.67,1886.67,1740,1766.67,747600,0
2017-09-08,1773.33,1793.33,1720,1730,356700,0
2017-09-11,1773.33,1826.67,1766.67,1816.67,340500,0
2017-09-12,1846.67,1856.67,1793.33,1806.67,285900,0
2017-09-13,1826.67,1843.33,1783.33,1833.33,250500,0
2017-09-14,1870,1870,1820,1843.33,217200,0
2017-09-15,1830,1866.67,1803.33,1866.67,266400,0
2017-09-19,1893.33,1966.67,1883.33,1956.67,653100,0
2017-09-20,1970,1976.67,1923.33,1950,326700,0
2017-09-21,1950,1950,1873.33,1883.33,468600,0
2017-09-22,1873.33,1880,1790,1810,515700,0
2017-09-25,1803.33,1836.67,1770,1820,631500,0
2017-09-26,1800,1813.33,1770,1780,390300,0
2017-09-27,1786.67,1810,1783.33,1800,321600,0
2017-09-28,1833.33,1863.33,1803.33,1860,450600,0
2017-09-29,1830,1846.67,1783.33,1806.67,653700,0
2017-10-02,1793.33,1820,1776.67,1813.33,277800,0
2017-10-03,1826.67,1853.33,1816.67,1836.67,346200,0
2017-10-04,1826.67,1830,1720,1753.33,1197900,0
2017-10-05,1746.67,1773.33,1726.67,1763.33,288600,0
2017-10-06,1773.33,1780,1750,1770,185700,0
2017-10-10,1760,1770,1730,1763.33,313200,0
2017-10-11,1746.67,1790,1746.67,1790,267300,0
2017-10-12,1790,1806.67,1753.33,1760,492300,0
2017-10-13,1763.33,1803.33,1763.33,1803.33,596100,0
2017-10-16,1720,1720,1591.67,1596.67,2429100,0
2017-10-17,1616.67,1623.33,1461.67,1505,2381400,0
2017-10-18,1505,1556.67,1486.67,1495,1275600,0
2017-10-19,1508.33,1516.67,1443.33,1450,1383300,0
2017-10-20,1448.33,1491.67,1443.33,1451.67,768000,0
2017-10-23,1460,1473.33,1433.33,1443.33,761100,0
2017-10-24,1443.33,1470,1413.33,1470,681900,0
2017-10-25,1480,1553.33,1471.67,1553.33,1152000,0
2017-10-26,1573.33,1656.67,1573.33,1648.33,1719900,0
2017-10-27,1665,1676.67,1561.67,1616.67,1198200,0
2017-10-30,1615,1636.67,1553.33,1588.33,1129200,0
2017-10-31,1583.33,1596.67,1541.67,1550,620100,0
2017-11-01,1526.67,1560,1520,1556.67,568200,0
2017-11-02,1563.33,1563.33,1503.33,1545,672900,0
2017-11-06,1550,1626.67,1545,1626.67,1071300,0
2017-11-07,1631.67,1631.67,1541.67,1571.67,707400,0
2017-11-08,1560,1566.67,1516.67,1546.67,482700,0
2017-11-09,1568.33,1568.33,1486.67,1516.67,581700,0
2017-11-10,1496.67,1558.33,1490,1550,466200,0
2017-11-13,1538.33,1540,1508.33,1520,296100,0
2017-11-14,1506.67,1531.67,1495,1498.33,349200,0
2017-11-15,1483.33,1483.33,1393.33,1426.67,905700,0
2017-11-16,1418.33,1475,1415,1466.67,588000,0
2017-11-17,1481.67,1546.67,1478.33,1508.33,594900,0
2017-11-20,1481.67,1490,1425,1443.33,789600,0
2017-11-21,1445,1485,1438.33,1476.67,381600,0
2017-11-22,1480,1555,1480,1516.67,734100,0
2017-11-24,1518.33,1626.67,1503.33,1605,1021200,0
2017-11-27,1645,1653.33,1555,1593.33,825000,0
2017-11-28,1575,1611.67,1560,1596.67,334200,0
2017-11-29,1608.33,1613.33,1508.33,1513.33,827400,0
2017-11-30,1506.67,1536.67,1476.67,1533.33,946800,0
2017-12-01,1541.67,1543.33,1486.67,1508.33,462900,0
2017-12-04,1506.67,1516.67,1476.67,1488.33,360900,0
2017-12-05,1473.33,1510,1463.33,1505,443400,0
2017-12-06,1516.67,1578.33,1506.67,1526.67,749100,0
2017-12-07,1543.33,1600,1541.67,1600,611100,0
2017-12-08,1605,1626.67,1576.67,1616.67,418200,0
2017-12-11,1630,1646.67,1611.67,1643.33,335100,0
2017-12-12,1645,1660,1633.33,1643.33,411300,0
2017-12-13,1620,1653.33,1613.33,1635,354600,0
2017-12-14,1620,1636.67,1583.33,1593.33,306900,0
2017-12-15,1600,1673.33,1591.67,1635,784500,0
2017-12-18,1630,1633.33,1565,1576.67,480600,0
2017-12-19,1580,1598.33,1553.33,1575,323400,0
2017-12-20,1573.33,1575,1555,1560,296100,0
2017-12-21,1566.67,1578.33,1545,1575,236700,0
2017-12-22,1566.67,1571.67,1546.67,1560,256800,0
2017-12-25,1563.33,1591.67,1541.67,1551.67,374700,0
2017-12-26,1560,1595,1548.33,1586.67,436500,0
2017-12-27,1593.33,1656.67,1588.33,1656.67,666300,0
2017-12-28,1663.33,1673.33,1621.67,1640,379500,0
2017-12-29,1640,1673.33,1640,1653.33,334800,0
2018-01-04,1665,1736.67,1661.67,1723.33,776700,0
2018-01-05,1723.33,1776.67,1706.67,1746.67,576900,0
2018-01-09,1780,1846.67,1770,1833.33,872400,0
2018-01-10,1850,1856.67,1806.67,1820,640800,0
2018-01-11,1823.33,1850,1796.67,1840,623100,0
2018-01-12,1860,1890,1508.33,1583.33,4800600,0
2018-01-15,1550,1560,1468.33,1503.33,3711000,0
2018-01-16,1495,1541.67,1495,1533.33,1227300,0
2018-01-17,1548.33,1553.33,1508.33,1510,963300,0
2018-01-18,1531.67,1535,1486.67,1486.67,811800,0
2018-01-19,1500,1500,1450,1465,861000,0
2018-01-22,1455,1475,1455,1468.33,358800,0
2018-01-23,1486.67,1498.33,1466.67,1498.33,560700,0
2018-01-24,1480,1506.67,1480,1486.67,573600,0
2018-01-25,1493.33,1505,1471.67,1471.67,574500,0
2018-01-26,1493.33,1516.67,1481.67,1488.33,690600,0
2018-01-29,1523.33,1553.33,1518.33,1553.33,809700,0
2018-01-30,1550,1550,1490,1500,607800,0
2018-01-31,1520,1538.33,1493.33,1496.67,474600,0
2018-02-01,1516.67,1516.67,1496.67,1506.67,297600,0
2018-02-02,1520,1520,1491.67,1495,407700,0
2018-02-05,1450,1485,1450,1466.67,549900,0
2018-02-06,1350,1375,1233.33,1255,1508100,0
2018-02-07,1371.67,1373.33,1256.67,1258.33,879600,0
2018-02-08,1283.33,1313.33,1281.67,1303.33,482700,0
2018-02-09,1195,1255,1195,1240,845700,0
2018-02-13,1276.67,1311.67,1231.67,1236.67,453900,0
2018-02-14,1240,1273.33,1200,1218.33,572100,0
2018-02-15,1223.33,1256.67,1221.67,1226.67,455100,0
2018-02-16,1226.67,1280,1218.33,1266.67,531900,0
2018-02-19,1311.67,1438.33,1308.33,1420,602700,0
2018-02-20,1440,1455,1388.33,1421.67,696600,0
2018-02-21,1428.33,1446.67,1385,1423.33,417300,0
2018-02-22,1410,1423.33,1393.33,1403.33,214200,0
2018-02-23,1413.33,1413.33,1340,1350,465300,0
2018-02-26,1371,1450,1368,1432,410100,0
2018-02-27,1470,1478,1408,1425,439400,0
2018-02-28,1405,1439,1385,1412,378300,0
2018-03-01,1394,1409,1362,1370,347800,0
2018-03-02,1333,1395,1327,1387,330600,0
2018-03-05,1386,1387,1343,1355,236900,0
2018-03-06,1475,1485,1410,1459,829500,0
2018-03-07,1448,1456,1398,1405,395900,0
2018-03-08,1435,1447,1405,1424,237000,0
2018-03-09,1430,1445,1400,1408,322500,0
2018-03-12,1412,1414,1387,1400,233200,0
2018-03-13,1400,1400,1370,1385,322900,0
2018-03-14,1361,1413,1361,1410,294000,0
2018-03-15,1410,1431,1405,1431,213400,0
2018-03-16,1422,1456,1417,1440,548300,0
2018-03-19,1426,1428,1390,1406,111800,0
2018-03-20,1380,1446,1380,1427,242800,0
2018-03-22,1417,1443,1410,1435,116400,0
2018-03-23,1375,1403,1372,1377,191300,0
2018-03-26,1350,1368,1304,1356,225700,0
2018-03-27,1380,1400,1357,1391,150500,0
2018-03-28,1395,1399,1362,1382,99400,0
2018-03-29,1385,1449,1384,1449,253000,0
