Date,Open,High,Low,Close,Volume,OpenInt
2014-03-26,804,820.67,637.33,637.33,12532500,0
2014-03-27,634.67,716,538.67,613.33,6564000,0
2014-03-28,633.33,689.67,606.67,648.33,3438900,0
2014-03-31,667,781.67,660.33,781.67,3795300,0
2014-04-01,865,926.67,682.67,706.67,8415000,0
2014-04-02,723.33,814.33,720.67,814.33,5573100,0
2014-04-03,839.67,981,827.67,920,18158100,0
2014-04-04,953.33,1086.67,939,1086.67,20414400,0
2014-04-07,1110,1176.67,1038.33,1068.33,14323800,0
2014-04-08,1091.67,1151.67,998.67,1130,7285800,0
2014-04-09,1153.33,1363.33,1138.33,1310,22218000,0
2014-04-10,1323.33,1443.33,1078.33,1136.67,20647800,0
2014-04-11,1066.67,1258.33,1031.67,1258.33,12566100,0
2014-04-14,1338.33,1426.67,1245,1266.67,17259000,0
2014-04-15,1326.67,1353.33,1118.33,1151.67,6271200,0
2014-04-16,1140,1216.67,1083.33,1171.67,7352400,0
2014-04-17,1151.67,1191.67,1070,1081.67,4775100,0
2014-04-18,1080,1111.67,1033.33,1040,1989900,0
2014-04-21,1050,1065,984,990.33,1116900,0
2014-04-22,1100,1158.33,1075,1130,8455500,0
2014-04-23,1106.67,1140,1058.33,1073.33,3189900,0
2014-04-24,1063.33,1066.67,1023.33,1025,941400,0
2014-04-25,1023.33,1150,988.33,1115,5195700,0
2014-04-28,1130,1221.67,1083.33,1163.33,5964000,0
2014-04-30,1110,1121.67,1008.33,1021.67,2772900,0
2014-05-01,998.33,1018.33,934.33,967.33,2416200,0
2014-05-02,968.33,1011.67,959.67,976,1164000,0
2014-05-07,955.67,988.33,936.67,956.33,444000,0
2014-05-08,966.33,979.67,910.67,913.33,597900,0
2014-05-09,870.33,895,867.67,872.33,628200,0
2014-05-12,828.67,835.33,750,753.67,813900,0
2014-05-13,820,900,769,790,1636400,0
2014-05-14,783,799,730,760,521500,0
2014-05-15,730,830,722,809,1180300,0
2014-05-16,770,806,754,770,390200,0
2014-05-19,764,772,665,680,367100,0
2014-05-20,707,738,682,698,379600,0
2014-05-21,688,756,664,742,620300,0
2014-05-22,750,795,733,764,801500,0
2014-05-23,762,815,753,802,620300,0
2014-05-26,830,850,815,834,620300,0
2014-05-27,831,860,803,810,516200,0
2014-05-28,806,834,800,808,494100,0
2014-05-29,830,958,811,958,3739100,0
2014-05-30,1010,1072,940,994,4694200,0
2014-06-02,1030,1034,985,1000,884200,0
2014-06-03,1001,1015,961,985,564900,0
2014-06-04,1080,1128,1041,1050,3010300,0
2014-06-05,1024,1034,966,997,667900,0
2014-06-06,1003,1030,945,999,617700,0
2014-06-09,1024,1149,1011,1149,3219000,0
2014-06-10,1226,1268,1150,1161,5013500,0
2014-06-11,1132,1257,1111,1226,3329900,0
2014-06-12,1230,1239,1163,1183,1346900,0
2014-06-13,1145,1157,1100,1125,1046600,0
2014-06-16,1095,1172,1025,1058,1027000,0
2014-06-17,1041,1136,1012,1056,995300,0
2014-06-18,1076,1163,1041,1158,1382200,0
2014-06-19,1160,1174,1109,1109,522300,0
2014-06-20,1089,1100,1050,1055,347800,0
2014-06-23,1046,1091,1033,1044,248000,0
2014-06-24,1054,1126,1046,1078,526500,0
2014-06-25,1051,1090,1050,1052,284200,0
2014-06-26,1063,1144,1048,1120,585800,0
2014-06-27,1101,1174,1061,1077,1033100,0
2014-06-30,1140,1195,1128,1139,1485200,0
2014-07-01,1130,1143,1097,1119,781100,0
2014-07-02,1149,1211,1106,1125,1097500,0
2014-07-03,1119,1150,1102,1111,363300,0
2014-07-04,1123,1140,1100,1107,259500,0
2014-07-07,1102,1173,1090,1120,767300,0
2014-07-08,1116,1140,1113,1124,258900,0
2014-07-09,1105,1105,1052,1064,360600,0
2014-07-10,1065,1074,1030,1035,225700,0
2014-07-11,1005,1050,1001,1035,187800,0
2014-07-14,1030,1041,999,1019,143300,0
2014-07-15,1013,1075,1007,1052,194600,0
2014-07-16,1100,1102,1036,1037,279900,0
2014-07-17,1022,1039,999,1000,177200,0
2014-07-18,970,1028,952,1008,275500,0
2014-07-22,1025,1025,999,999,144000,0
2014-07-23,1010,1067,1002,1023,249400,0
2014-07-24,1025,1029,1008,1010,133000,0
2014-07-25,1025,1050,1009,1009,103700,0
2014-07-28,1025,1076,1025,1065,338100,0
2014-07-29,1061,1077,1040,1065,302600,0
2014-07-30,1070,1117,1063,1087,606000,0
2014-07-31,1101,1111,1051,1070,291700,0
2014-08-01,1041,1067,1005,1039,201100,0
2014-08-04,1085,1189,1080,1163,1423800,0
2014-08-05,1179,1212,1079,1097,1456000,0
2014-08-06,1082,1092,1011,1038,458700,0
2014-08-07,1028,1080,1012,1032,285200,0
2014-08-08,1018,1032,985,1011,297500,0
2014-08-11,1050,1114,1030,1099,446000,0
2014-08-12,1120,1155,1084,1124,618500,0
2014-08-13,1034,1075,1010,1030,610600,0
2014-08-14,1030,1038,1010,1024,216300,0
2014-08-15,1025,1046,1016,1035,192000,0
2014-08-18,1035,1073,1026,1032,152900,0
2014-08-19,1040,1047,1015,1016,175000,0
2014-08-20,1022,1028,1012,1026,144600,0
2014-08-21,1025,1034,1013,1034,147800,0
2014-08-22,1042,1048,1032,1045,162000,0
2014-08-25,1050,1100,1050,1096,483900,0
2014-08-26,1100,1110,1050,1054,406600,0
2014-08-27,1051,1064,1033,1034,134900,0
2014-08-28,1045,1058,1035,1040,134000,0
2014-08-29,1061,1063,1025,1039,156700,0
2014-09-01,1040,1042,1025,1027,100000,0
2014-09-02,1030,1040,1014,1021,145800,0
2014-09-03,1021,1040,1014,1039,99000,0
2014-09-04,1035,1060,1021,1038,207300,0
2014-09-05,1045,1045,1020,1027,106000,0
2014-09-08,1061,1084,1042,1076,315400,0
2014-09-09,1091,1093,1053,1083,172500,0
2014-09-10,1083,1087,1045,1047,145100,0
2014-09-11,1055,1089,1047,1075,144400,0
2014-09-12,1083,1084,1056,1078,95400,0
2014-09-16,1084,1085,1059,1068,100300,0
2014-09-17,1068,1126,1053,1112,360400,0
2014-09-18,1098,1100,1062,1073,199700,0
2014-09-19,1073,1081,1052,1055,115600,0
2014-09-22,1055,1068,1051,1054,97200,0
2014-09-24,1041,1069,1010,1055,235000,0
2014-09-25,1036,1048,1024,1045,147500,0
2014-09-26,1030,1050,1021,1033,139500,0
2014-09-29,1048,1060,1032,1033,135000,0
2014-09-30,1026,1055,1025,1026,224800,0
2014-10-01,1045,1045,949,957,324500,0
2014-10-02,928,979,922,949,513300,0
2014-10-03,950,960,901,940,334200,0
2014-10-06,960,1025,948,1001,407600,0
2014-10-07,979,986,938,941,215500,0
2014-10-08,921,943,915,937,96200,0
2014-10-09,937,950,895,895,125800,0
2014-10-10,870,895,820,843,244800,0
2014-10-14,812,835,810,820,121400,0
2014-10-15,821,842,818,832,91400,0
2014-10-16,813,816,770,792,172300,0
2014-10-17,805,815,768,791,84400,0
2014-10-20,815,818,800,805,118000,0
2014-10-21,801,804,755,760,234300,0
2014-10-22,777,780,739,742,287100,0
2014-10-23,747,775,742,775,166900,0
2014-10-24,798,798,750,756,106100,0
2014-10-27,768,768,740,742,74600,0
2014-10-28,741,763,731,757,96100,0
2014-10-29,760,765,741,742,63600,0
2014-10-30,736,744,711,720,121300,0
2014-10-31,706,726,691,718,215900,0
2014-11-04,730,744,720,741,164200,0
2014-11-05,755,816,745,799,273300,0
2014-11-06,810,949,810,921,871600,0
2014-11-07,940,949,860,897,317300,0
2014-11-10,900,900,866,900,103400,0
2014-11-11,900,930,895,900,87200,0
2014-11-12,900,915,873,873,73500,0
2014-11-13,864,886,836,857,111800,0
2014-11-14,849,869,830,860,81100,0
2014-11-17,800,809,734,750,355400,0
2014-11-18,742,810,742,789,180000,0
2014-11-19,800,808,772,782,78300,0
2014-11-20,795,796,750,759,80700,0
2014-11-21,745,796,742,794,109100,0
2014-11-25,800,808,775,780,98500,0
2014-11-26,785,799,777,789,49800,0
2014-11-27,797,797,768,770,57500,0
2014-11-28,785,806,773,796,85700,0
2014-12-01,807,847,792,847,141800,0
2014-12-02,849,859,831,843,102300,0
2014-12-03,847,875,813,822,149400,0
2014-12-04,810,829,782,788,95700,0
2014-12-05,790,800,781,792,62100,0
2014-12-08,786,796,757,762,121800,0
2014-12-09,761,761,720,740,136000,0
2014-12-10,725,752,710,720,158700,0
2014-12-11,720,750,719,744,83600,0
2014-12-12,748,786,748,780,108700,0
2014-12-15,785,785,761,767,80300,0
2014-12-16,768,768,736,743,86400,0
2014-12-17,743,743,733,735,61800,0
2014-12-18,743,749,737,739,62700,0
2014-12-19,734,746,729,731,116500,0
2014-12-22,724,735,704,704,263100,0
2014-12-24,704,708,680,682,348700,0
2014-12-25,690,720,681,690,416500,0
2014-12-26,711,750,711,749,283200,0
2014-12-29,752,773,730,765,261600,0
2014-12-30,755,785,746,784,235700,0
2015-01-05,788,810,784,786,188500,0
2015-01-06,756,774,747,750,120400,0
2015-01-07,739,760,737,743,60600,0
2015-01-08,747,757,738,741,103800,0
2015-01-09,749,749,719,720,108900,0
2015-01-13,715,740,713,714,89600,0
2015-01-14,715,718,708,708,108200,0
2015-01-15,706,706,687,687,181100,0
2015-01-16,707,735,707,725,269700,0
2015-01-19,730,748,714,720,164500,0
2015-01-20,721,727,707,712,83900,0
2015-01-21,727,762,718,750,246900,0
2015-01-22,750,775,740,754,138600,0
2015-01-23,754,758,726,728,97000,0
2015-01-26,743,763,740,750,110200,0
2015-01-27,754,754,733,735,81200,0
2015-01-28,737,742,735,735,41500,0
2015-01-29,730,735,715,718,92400,0
2015-01-30,717,720,705,718,93300,0
2015-02-02,715,735,706,731,85500,0
2015-02-03,746,747,720,729,109600,0
2015-02-04,729,743,721,730,112200,0
2015-02-05,720,725,708,710,92800,0
2015-02-06,706,712,706,710,50300,0
2015-02-09,710,713,704,710,77200,0
2015-02-10,718,741,713,732,132400,0
2015-02-12,742,742,720,721,84200,0
2015-02-13,719,732,714,727,83400,0
2015-02-16,657,684,640,672,441000,0
2015-02-17,678,685,670,676,107300,0
2015-02-18,679,680,666,668,89400,0
2015-02-19,671,674,660,664,104200,0
2015-02-20,664,664,652,653,110900,0
2015-02-23,656,657,643,643,155500,0
2015-02-24,648,668,644,655,215700,0
2015-02-25,649,665,648,652,164300,0
2015-02-26,651,664,646,662,66000,0
2015-02-27,655,679,655,665,176600,0
2015-03-02,670,710,670,705,262100,0
2015-03-03,720,729,688,708,180200,0
2015-03-04,718,730,695,730,147300,0
2015-03-05,745,750,711,720,224700,0
2015-03-06,720,739,717,725,71300,0
2015-03-09,724,724,699,706,67200,0
2015-03-10,712,727,702,706,68500,0
2015-03-11,700,717,699,710,53500,0
2015-03-12,709,718,698,699,46600,0
2015-03-13,717,731,708,728,170000,0
2015-03-16,750,775,740,775,329000,0
2015-03-17,792,809,752,770,349700,0
2015-03-18,776,787,764,771,135600,0
2015-03-19,765,773,756,764,72500,0
2015-03-20,761,771,752,768,96900,0
2015-03-23,795,820,780,790,294600,0
2015-03-24,800,800,780,785,116600,0
2015-03-25,790,797,779,787,70500,0
2015-03-26,794,820,790,814,231100,0
2015-03-27,815,829,785,800,181600,0
2015-03-30,816,821,800,810,73200,0
2015-03-31,810,810,794,798,94000,0
2015-04-01,794,796,737,763,221000,0
2015-04-02,786,825,779,811,371100,0
2015-04-03,822,823,795,803,166300,0
2015-04-06,795,871,791,863,421700,0
2015-04-07,868,932,855,907,537100,0
2015-04-08,921,950,910,934,390200,0
2015-04-09,919,923,900,913,193300,0
2015-04-10,930,935,910,922,142200,0
2015-04-13,925,934,920,924,90300,0
2015-04-14,920,925,912,912,83900,0
2015-04-15,909,915,890,895,133200,0
2015-04-16,885,901,883,899,100400,0
2015-04-17,901,927,901,911,125000,0
2015-04-20,892,898,883,887,98500,0
2015-04-21,882,901,879,880,68900,0
2015-04-22,888,888,857,880,70400,0
2015-04-23,875,900,870,872,75800,0
2015-04-24,873,893,860,884,89900,0
2015-04-27,885,895,872,893,51200,0
2015-04-28,893,894,861,868,89600,0
2015-04-30,875,876,853,874,77400,0
2015-05-01,861,897,861,888,92500,0
2015-05-07,885,885,866,866,52100,0
2015-05-08,857,887,855,883,61300,0
2015-05-11,879,890,869,887,37500,0
2015-05-12,885,907,874,884,125400,0
2015-05-13,873,894,873,887,34900,0
2015-05-14,897,897,881,893,54100,0
2015-05-15,882,889,870,873,89500,0
2015-05-18,854,866,810,863,186600,0
2015-05-19,888,895,875,887,110600,0
2015-05-20,859,885,850,859,107400,0
2015-05-21,859,870,855,858,55100,0
2015-05-22,851,882,849,882,67200,0
2015-05-25,870,877,860,864,73000,0
2015-05-26,863,865,830,849,81900,0
2015-05-27,842,846,812,826,127300,0
2015-05-28,816,835,810,820,77000,0
2015-05-29,813,824,803,817,97900,0
2015-06-01,819,846,819,836,87400,0
2015-06-02,836,854,833,850,76500,0
2015-06-03,845,856,840,849,52600,0
2015-06-04,841,851,841,850,50300,0
2015-06-05,857,906,857,895,302500,0
2015-06-08,906,924,893,915,262900,0
2015-06-09,1065,1065,1016,1065,1498700,0
2015-06-10,1065,1094,970,1004,2957700,0
2015-06-11,977,1033,946,1012,1018800,0
2015-06-12,987,1015,969,999,377300,0
2015-06-15,984,1030,975,1003,245400,0
2015-06-16,990,1010,974,988,146900,0
2015-06-17,984,1004,984,994,106400,0
2015-06-18,982,1018,976,1007,184200,0
2015-06-19,1001,1041,992,1029,289700,0
2015-06-22,1033,1070,1011,1015,269600,0
2015-06-23,1005,1058,992,1057,310300,0
2015-06-24,1060,1139,1045,1123,917900,0
2015-06-25,1115,1136,1051,1056,357800,0
2015-06-26,1026,1055,1009,1025,245900,0
2015-06-29,980,1011,980,987,203400,0
2015-06-30,987,1009,962,998,159100,0
2015-07-01,1030,1044,994,1002,201700,0
2015-07-02,1000,1010,984,1000,119900,0
2015-07-03,990,1005,975,998,165400,0
2015-07-06,975,980,929,965,204100,0
2015-07-07,980,983,955,971,80000,0
2015-07-08,975,978,907,937,173800,0
2015-07-09,888,962,820,943,211400,0
2015-07-10,940,945,900,917,77900,0
2015-07-13,910,925,905,917,107600,0
2015-07-14,918,976,918,961,126000,0
2015-07-15,952,971,948,969,45100,0
2015-07-16,946,1043,946,1037,244800,0
2015-07-17,1020,1067,1010,1065,210700,0
2015-07-21,1065,1067,1029,1060,138300,0
2015-07-22,1050,1057,1030,1034,51200,0
2015-07-23,1043,1043,1000,1006,108600,0
2015-07-24,1000,1015,998,1009,52200,0
2015-07-27,1006,1010,982,984,83500,0
2015-07-28,975,1012,973,1009,53000,0
2015-07-29,1009,1019,980,998,47600,0
2015-07-30,1006,1006,975,976,38600,0
2015-07-31,973,1000,961,994,56600,0
2015-08-03,974,980,956,962,55200,0
2015-08-04,960,966,933,960,70100,0
2015-08-05,958,967,952,954,24000,0
2015-08-06,953,965,948,950,33900,0
2015-08-07,962,963,945,948,34000,0
2015-08-10,945,953,931,939,29600,0
2015-08-11,929,962,929,960,47600,0
2015-08-12,948,955,936,942,28600,0
2015-08-13,935,940,919,932,47800,0
2015-08-14,923,946,923,945,46700,0
2015-08-17,810,837,803,803,374900,0
2015-08-18,801,801,748,756,302900,0
2015-08-19,760,777,719,735,215300,0
2015-08-20,758,758,727,735,91300,0
2015-08-21,720,725,700,702,160600,0
2015-08-24,650,680,580,599,348700,0
2015-08-25,552,640,542,567,322400,0
2015-08-26,607,620,574,612,192000,0
2015-08-27,642,647,618,619,204700,0
2015-08-28,629,667,629,660,110300,0
2015-08-31,680,683,642,659,245000,0
2015-09-01,650,650,621,632,90700,0
2015-09-02,602,627,586,591,231400,0
2015-09-03,606,610,593,601,62400,0
2015-09-04,604,604,543,574,132000,0
2015-09-07,555,610,530,582,122100,0
2015-09-08,585,600,577,585,51400,0
2015-09-09,604,617,598,615,71000,0
2015-09-10,590,620,583,616,51300,0
2015-09-11,616,650,602,650,76900,0
2015-09-14,648,650,623,643,57400,0
2015-09-15,634,639,616,639,41000,0
2015-09-16,631,651,631,650,48300,0
2015-09-17,659,679,653,679,56600,0
2015-09-18,653,700,653,700,59000,0
2015-09-24,678,688,661,675,48000,0
2015-09-25,680,680,625,675,47500,0
2015-09-28,663,675,654,674,32300,0
2015-09-29,650,656,625,629,54100,0
2015-09-30,629,650,629,647,24300,0
2015-10-01,645,646,635,644,38500,0
2015-10-02,635,650,635,640,19300,0
2015-10-05,644,655,642,655,21600,0
2015-10-06,662,703,648,653,116000,0
2015-10-07,649,654,640,651,35000,0
2015-10-08,651,663,641,643,18400,0
2015-10-09,641,663,641,650,31000,0
2015-10-13,660,660,646,656,19700,0
2015-10-14,654,654,642,647,16800,0
2015-10-15,645,649,641,646,12300,0
2015-10-16,644,649,634,640,20500,0
2015-10-19,638,638,610,619,58000,0
2015-10-20,619,619,602,602,22300,0
2015-10-21,612,628,606,619,25900,0
2015-10-22,619,630,616,625,13400,0
2015-10-23,627,637,620,634,15500,0
2015-10-26,639,641,630,639,17200,0
2015-10-27,639,641,630,639,18500,0
2015-10-28,639,640,620,625,19000,0
2015-10-29,620,628,620,621,17200,0
2015-10-30,618,620,611,619,20000,0
2015-11-02,606,618,605,611,25700,0
2015-11-04,611,625,609,609,20300,0
2015-11-05,611,625,609,622,34400,0
2015-11-06,616,623,613,623,12600,0
2015-11-09,630,630,615,620,24500,0
2015-11-10,618,621,616,621,10600,0
2015-11-11,626,632,622,622,17100,0
2015-11-12,625,631,617,631,10400,0
2015-11-13,621,629,620,629,15300,0
2015-11-16,602,618,588,595,75600,0
2015-11-17,597,606,595,597,40500,0
2015-11-18,596,633,596,619,40800,0
2015-11-19,617,622,610,612,21500,0
2015-11-20,610,614,607,607,14900,0
2015-11-24,600,615,599,610,32000,0
2015-11-25,613,619,610,611,24300,0
2015-11-26,611,617,608,617,23400,0
2015-11-27,617,617,612,615,9400,0
2015-11-30,645,645,613,618,60000,0
2015-12-01,628,657,627,641,50500,0
2015-12-02,640,658,640,657,51300,0
2015-12-03,659,745,659,729,501300,0
2015-12-04,722,749,708,740,172700,0
2015-12-07,750,763,718,723,197700,0
2015-12-08,712,720,661,679,159200,0
2015-12-09,667,708,667,677,59300,0
2015-12-10,677,677,648,650,52600,0
2015-12-11,656,670,653,653,30500,0
2015-12-14,641,644,630,638,36100,0
2015-12-15,640,656,611,618,61800,0
2015-12-16,622,652,620,640,37000,0
2015-12-17,640,646,630,644,29800,0
2015-12-18,637,640,610,610,81300,0
2015-12-21,610,621,590,613,82700,0
2015-12-22,613,613,592,595,56500,0
2015-12-24,591,605,565,568,106100,0
2015-12-25,568,584,562,581,65000,0
2015-12-28,597,633,591,622,75500,0
2015-12-29,629,639,626,639,31900,0
2015-12-30,638,670,632,653,48900,0
2016-01-04,650,670,649,656,35400,0
2016-01-05,650,665,649,651,23500,0
2016-01-06,651,661,648,652,35700,0
2016-01-07,652,710,640,681,146800,0
2016-01-08,666,698,659,681,43200,0
2016-01-12,681,681,609,618,68100,0
2016-01-13,640,652,631,647,59500,0
2016-01-14,638,639,592,604,78800,0
2016-01-15,620,647,609,630,37400,0
2016-01-18,600,626,600,617,18800,0
2016-01-19,616,638,616,630,22600,0
2016-01-20,627,646,600,608,29200,0
2016-01-21,601,617,582,582,62600,0
2016-01-22,611,611,586,604,21800,0
2016-01-25,601,625,595,620,28900,0
2016-01-26,625,658,618,626,61800,0
2016-01-27,630,664,630,662,50900,0
2016-01-28,655,690,650,686,58000,0
2016-01-29,766,766,726,748,217800,0
2016-02-01,774,830,774,830,326000,0
2016-02-02,829,918,780,918,311500,0
2016-02-03,907,990,856,922,1393300,0
2016-02-04,908,976,869,957,374000,0
2016-02-05,930,939,810,920,453400,0
2016-02-08,870,930,854,930,210800,0
2016-02-09,890,910,800,878,341800,0
2016-02-10,850,860,740,806,490400,0
2016-02-12,740,780,725,725,274500,0
2016-02-15,755,790,698,748,223800,0
2016-02-16,770,850,764,819,225000,0
2016-02-17,821,872,819,843,231400,0
2016-02-18,853,878,824,860,124700,0
2016-02-19,845,899,832,886,119900,0
2016-02-22,876,911,852,894,104100,0
2016-02-23,909,909,852,870,65400,0
2016-02-24,860,880,836,880,93300,0
2016-02-25,880,934,876,887,135300,0
2016-02-26,891,915,882,887,52900,0
2016-02-29,887,925,887,913,106400,0
2016-03-01,913,940,900,939,130700,0
2016-03-02,945,970,927,963,186700,0
2016-03-03,955,984,938,980,196800,0
2016-03-04,1010,1092,1001,1069,536600,0
2016-03-07,1042,1066,965,1052,511400,0
2016-03-08,1020,1020,945,994,307100,0
2016-03-09,965,985,919,937,206800,0
2016-03-10,951,1009,951,992,146500,0
2016-03-11,963,980,943,960,124800,0
2016-03-14,962,1048,962,1025,280700,0
2016-03-15,995,1018,982,982,111700,0
2016-03-16,982,1032,977,1002,153000,0
2016-03-17,998,1001,933,938,201300,0
2016-03-18,948,948,865,888,299900,0
2016-03-22,891,926,890,918,136400,0
2016-03-23,918,938,899,921,119300,0
2016-03-24,915,973,913,944,115500,0
2016-03-25,950,970,905,960,142200,0
2016-03-28,950,956,915,917,76600,0
2016-03-29,920,970,920,961,111200,0
2016-03-30,975,1016,972,999,173000,0
2016-03-31,1010,1050,986,986,178200,0
2016-04-01,986,987,915,922,126400,0
2016-04-04,926,965,914,934,92300,0
2016-04-05,934,935,851,861,144100,0
2016-04-06,846,871,818,830,172800,0
2016-04-07,829,872,826,830,109200,0
2016-04-08,819,857,795,838,143900,0
2016-04-11,973,973,889,915,691600,0
2016-04-12,907,923,895,896,178700,0
2016-04-13,917,920,896,904,117300,0
2016-04-14,909,948,909,936,159300,0
2016-04-15,919,954,914,937,150900,0
2016-04-18,925,925,901,901,108800,0
2016-04-19,920,940,920,931,104100,0
2016-04-20,946,946,903,912,88400,0
2016-04-21,914,934,900,916,125500,0
2016-04-22,920,928,909,920,69700,0
2016-04-25,925,939,910,913,71200,0
2016-04-26,919,967,911,935,290500,0
2016-04-27,949,952,926,950,64400,0
2016-04-28,953,983,945,967,186300,0
2016-05-02,951,1013,951,997,170600,0
2016-05-06,1004,1068,985,1068,319000,0
2016-05-09,1045,1080,1001,1025,246200,0
2016-05-10,997,1046,985,1016,247200,0
2016-05-11,1024,1062,1020,1059,180700,0
2016-05-12,1058,1111,1029,1041,409900,0
2016-05-13,1032,1094,1015,1089,183800,0
2016-05-16,1100,1160,1075,1159,386700,0
2016-05-17,1161,1164,1108,1147,316900,0
2016-05-18,1140,1146,1068,1080,299100,0
2016-05-19,1073,1141,1073,1114,294600,0
2016-05-20,1113,1173,1100,1169,315300,0
2016-05-23,1185,1239,1181,1207,418600,0
2016-05-24,1205,1209,1160,1196,208200,0
2016-05-25,1207,1252,1182,1183,358500,0
2016-05-26,1180,1200,1051,1120,477200,0
2016-05-27,1103,1175,1097,1157,348300,0
2016-05-30,1142,1239,1142,1233,794200,0
2016-05-31,1220,1237,1158,1165,368800,0
2016-06-01,1225,1269,1204,1215,618700,0
2016-06-02,1188,1191,1140,1152,217700,0
2016-06-03,1145,1171,1116,1151,211600,0
2016-06-06,1136,1159,1122,1139,123200,0
2016-06-07,1122,1125,1081,1101,217900,0
2016-06-08,1100,1135,1070,1084,99000,0
2016-06-09,1073,1080,1020,1056,235200,0
2016-06-10,1070,1085,1032,1036,154400,0
2016-06-13,1036,1036,983,998,213300,0
2016-06-14,989,991,895,918,283600,0
2016-06-16,900,900,829,838,221400,0
2016-06-17,880,895,835,846,159200,0
2016-06-20,871,907,854,900,229800,0
2016-06-21,877,915,873,906,141300,0
2016-06-22,897,926,869,920,231500,0
2016-06-23,890,900,864,874,157300,0
2016-06-24,878,899,750,795,248100,0
2016-06-27,805,846,798,822,127000,0
2016-06-28,823,873,810,844,121400,0
2016-06-29,884,900,860,889,182900,0
2016-06-30,889,970,889,946,282200,0
2016-07-01,937,965,932,958,97100,0
2016-07-04,943,946,907,920,161700,0
2016-07-05,922,946,920,936,63600,0
2016-07-06,909,919,873,911,124500,0
2016-07-07,908,925,883,896,95600,0
2016-07-08,901,912,875,889,82000,0
2016-07-11,900,944,900,929,86300,0
2016-07-12,937,948,895,901,157000,0
2016-07-13,919,930,895,919,86500,0
2016-07-14,923,964,909,939,103100,0
2016-07-15,939,949,866,867,207400,0
2016-07-19,869,925,869,916,141100,0
2016-07-20,898,926,898,920,63400,0
2016-07-21,912,964,909,950,241000,0
2016-07-22,928,950,890,900,223300,0
2016-07-25,900,950,897,935,157400,0
2016-07-26,915,920,891,900,102100,0
2016-07-27,899,907,880,883,84900,0
2016-07-28,879,897,867,892,62400,0
2016-07-29,877,894,855,889,82700,0
2016-08-01,880,881,857,866,74700,0
2016-08-02,866,866,825,827,116700,0
2016-08-03,814,814,781,785,108200,0
2016-08-04,785,799,780,786,59600,0
2016-08-05,786,803,758,763,54800,0
2016-08-08,763,793,750,788,70600,0
2016-08-09,790,834,783,821,95200,0
2016-08-10,810,810,761,786,148300,0
2016-08-12,801,807,768,789,194700,0
2016-08-15,788,788,680,693,462500,0
2016-08-16,693,693,645,654,425100,0
2016-08-17,650,651,633,638,239200,0
2016-08-18,618,618,545,599,1044400,0
2016-08-19,600,600,567,580,499600,0
2016-08-22,580,583,565,578,224900,0
2016-08-23,571,580,562,574,299600,0
2016-08-24,571,574,552,555,332600,0
2016-08-25,560,567,545,547,306700,0
2016-08-26,554,557,521,525,446200,0
2016-08-29,525,549,516,520,389000,0
2016-08-30,538,567,522,546,512600,0
2016-08-31,550,590,547,572,575800,0
2016-09-01,576,640,576,613,1035400,0
2016-09-02,600,627,586,588,609200,0
2016-09-05,607,607,579,580,336200,0
2016-09-06,600,680,598,680,2768900,0
2016-09-07,660,682,651,664,1839500,0
2016-09-08,661,728,660,692,1603800,0
2016-09-09,690,720,682,699,1004000,0
2016-09-12,689,750,675,737,1168200,0
2016-09-13,752,760,722,734,1115900,0
2016-09-14,733,746,702,709,670800,0
2016-09-15,705,720,662,717,822000,0
2016-09-16,711,715,695,707,288800,0
2016-09-20,720,724,683,687,377400,0
2016-09-21,689,690,671,682,282000,0
2016-09-23,673,704,672,700,216200,0
2016-09-26,699,699,675,680,216700,0
2016-09-27,675,683,662,679,186100,0
2016-09-28,672,704,672,678,263000,0
2016-09-29,688,699,674,681,256800,0
2016-09-30,674,683,653,662,283400,0
2016-10-03,660,663,637,637,370800,0
2016-10-04,632,638,623,630,310600,0
2016-10-05,660,686,639,643,691100,0
2016-10-06,645,646,621,623,533400,0
2016-10-07,616,627,609,614,254800,0
2016-10-11,604,637,604,619,229200,0
2016-10-12,629,635,622,623,214600,0
2016-10-13,623,632,616,623,227300,0
2016-10-14,617,660,617,652,285500,0
2016-10-17,645,659,642,659,186200,0
2016-10-18,663,686,656,683,373300,0
2016-10-19,696,699,671,685,286800,0
2016-10-20,689,693,679,681,213800,0
2016-10-21,681,688,680,683,144700,0
2016-10-24,693,722,692,703,637700,0
2016-10-25,703,715,676,682,395400,0
2016-10-26,690,694,671,680,182100,0
2016-10-27,680,685,662,667,190700,0
2016-10-28,662,668,651,666,201400,0
2016-10-31,676,695,675,689,247500,0
2016-11-01,696,713,683,699,434400,0
2016-11-02,714,730,685,714,713400,0
2016-11-04,704,717,693,713,259100,0
2016-11-07,721,723,700,717,330700,0
2016-11-08,722,737,720,735,322400,0
2016-11-09,749,767,660,699,755200,0
2016-11-10,703,716,653,668,609600,0
2016-11-11,674,677,628,639,387500,0
2016-11-14,556,595,556,589,805300,0
2016-11-15,599,612,587,600,272000,0
2016-11-16,602,621,602,614,205200,0
2016-11-17,610,613,600,609,175100,0
2016-11-18,619,651,613,647,291000,0
2016-11-21,657,672,655,668,247300,0
2016-11-22,670,672,651,669,150500,0
2016-11-24,670,671,647,651,236400,0
2016-11-25,653,661,637,648,234800,0
2016-11-28,647,664,641,648,140400,0
2016-11-29,636,637,623,625,206600,0
2016-11-30,625,639,622,632,218900,0
2016-12-01,628,635,613,616,182700,0
2016-12-02,614,614,595,604,264800,0
2016-12-05,603,675,603,615,1429000,0
2016-12-06,615,623,599,602,446200,0
2016-12-07,612,615,602,611,169100,0
2016-12-08,610,614,602,609,164900,0
2016-12-09,609,611,600,603,232600,0
2016-12-12,604,630,601,621,424100,0
2016-12-13,621,628,617,622,215600,0
2016-12-14,627,638,621,622,333000,0
2016-12-15,620,625,610,611,170200,0
2016-12-16,625,633,614,616,320700,0
2016-12-19,620,622,607,608,254600,0
2016-12-20,608,615,608,610,140200,0
2016-12-21,614,615,608,608,174300,0
2016-12-22,612,614,604,609,142000,0
2016-12-26,608,618,604,611,262800,0
2016-12-27,615,628,611,618,697300,0
2016-12-28,623,648,620,645,939200,0
2016-12-29,644,656,620,625,672800,0
2016-12-30,620,642,616,631,254500,0
2017-01-04,639,731,639,731,5153800,0
2017-01-05,723,766,698,759,8447600,0
2017-01-06,739,776,736,750,3636900,0
2017-01-10,757,878,754,823,9584900,0
2017-01-11,817,832,770,777,3843400,0
2017-01-12,762,780,715,734,3630800,0
2017-01-13,723,745,715,729,1013500,0
2017-01-16,731,754,723,728,840200,0
2017-01-17,728,733,706,707,746200,0
2017-01-18,701,735,698,710,549500,0
2017-01-19,712,723,704,705,321100,0
2017-01-20,707,729,702,710,315900,0
2017-01-23,710,728,706,711,342900,0
2017-01-24,708,709,689,695,425700,0
2017-01-25,697,708,697,704,309200,0
2017-01-26,707,722,703,711,253900,0
2017-01-27,719,738,710,732,490200,0
2017-01-30,739,744,717,729,389900,0
2017-01-31,716,731,710,713,307000,0
2017-02-01,705,713,699,702,264500,0
2017-02-02,702,711,695,696,271200,0
2017-02-03,694,697,661,672,550700,0
2017-02-06,672,691,667,684,294100,0
2017-02-07,684,685,667,670,182500,0
2017-02-08,669,679,668,676,139800,0
2017-02-09,679,690,665,677,259100,0
2017-02-10,688,707,682,698,424800,0
2017-02-13,693,708,686,696,244900,0
2017-02-14,695,699,677,680,265300,0
2017-02-15,655,657,615,615,1126500,0
2017-02-16,616,629,614,620,384200,0
2017-02-17,619,624,614,622,219200,0
2017-02-20,626,632,618,623,199600,0
2017-02-21,628,628,620,621,163000,0
2017-02-22,627,632,623,630,215500,0
2017-02-23,631,637,622,626,273900,0
2017-02-24,626,633,623,629,179500,0
2017-02-27,627,630,620,622,251100,0
2017-02-28,622,626,609,611,479200,0
2017-03-01,607,614,597,611,447100,0
2017-03-02,612,612,601,602,228500,0
2017-03-03,603,608,600,604,151300,0
2017-03-06,607,608,599,604,256200,0
2017-03-07,602,607,599,600,260400,0
2017-03-08,602,602,586,589,476600,0
2017-03-09,585,588,576,576,384600,0
2017-03-10,580,581,576,576,220300,0
2017-03-13,579,582,573,576,284600,0
2017-03-14,570,571,560,561,428400,0
2017-03-15,555,558,544,544,453800,0
2017-03-16,544,554,542,551,441400,0
2017-03-17,555,586,553,584,856500,0
2017-03-21,591,605,587,599,1070600,0
2017-03-22,581,655,580,618,2565700,0
2017-03-23,619,632,598,601,903300,0
2017-03-24,604,638,591,621,1110700,0
2017-03-27,621,632,587,603,1004800,0
2017-03-28,603,613,596,602,280300,0
2017-03-29,601,603,585,590,548300,0
2017-03-30,595,596,562,568,596000,0
2017-03-31,572,586,567,570,286500,0
2017-04-03,573,582,570,572,306800,0
2017-04-04,571,572,550,555,472100,0
2017-04-05,557,567,550,563,368600,0
2017-04-06,558,562,545,554,399300,0
2017-04-07,564,567,542,560,408200,0
2017-04-10,560,566,553,560,266200,0
2017-04-11,560,560,545,551,277400,0
2017-04-12,542,546,517,520,555600,0
2017-04-13,510,526,503,518,335000,0
2017-04-14,520,524,507,511,190200,0
2017-04-17,507,537,507,532,301600,0
2017-04-18,544,549,529,545,241000,0
2017-04-19,544,567,540,549,544900,0
2017-04-20,553,554,541,543,215900,0
2017-04-21,546,554,537,538,195000,0
2017-04-24,538,547,530,539,168400,0
2017-04-25,543,554,535,552,143700,0
2017-04-26,560,572,557,562,228600,0
2017-04-27,567,577,557,564,315400,0
2017-04-28,569,572,557,561,184300,0
2017-05-01,567,568,559,566,164800,0
2017-05-02,566,574,564,568,187900,0
2017-05-08,574,586,571,581,302400,0
2017-05-09,585,596,579,583,233700,0
2017-05-10,583,589,582,586,139500,0
2017-05-11,588,591,575,579,137400,0
2017-05-12,576,580,566,571,182000,0
2017-05-15,561,578,556,573,183200,0
2017-05-16,473,473,473,473,57200,0
2017-05-17,425,438,416,425,4634900,0
2017-05-18,431,446,421,444,1597400,0
2017-05-19,439,447,437,438,588600,0
2017-05-22,441,497,440,483,2512000,0
2017-05-23,491,495,476,485,836700,0
2017-05-24,483,488,472,476,312500,0
2017-05-25,473,483,457,462,493800,0
2017-05-26,468,471,457,465,256500,0
2017-05-29,464,477,464,473,288300,0
2017-05-30,475,483,467,479,280300,0
2017-05-31,479,497,478,492,396800,0
2017-06-01,500,522,500,512,846700,0
2017-06-02,518,519,492,498,412600,0
2017-06-05,495,504,490,491,208100,0
2017-06-06,496,496,475,476,298600,0
2017-06-07,470,497,466,484,314000,0
2017-06-08,490,492,480,480,172200,0
2017-06-09,485,488,478,478,137200,0
2017-06-12,478,482,472,475,123600,0
2017-06-13,476,481,471,476,120700,0
2017-06-14,479,481,472,473,97300,0
2017-06-15,471,474,459,463,183800,0
2017-06-16,462,468,454,466,224900,0
2017-06-19,465,475,459,472,205700,0
2017-06-20,470,486,470,479,268700,0
2017-06-21,475,500,473,497,377300,0
2017-06-22,505,506,485,497,428400,0
2017-06-23,494,529,494,513,849900,0
2017-06-26,513,531,509,531,553300,0
2017-06-27,540,546,520,542,899000,0
2017-06-28,538,539,523,528,518000,0
2017-06-29,535,590,531,570,2358500,0
2017-06-30,574,644,564,640,3877400,0
2017-07-03,639,654,621,645,2656600,0
2017-07-04,636,636,563,570,2602000,0
2017-07-05,580,630,555,610,2703500,0
2017-07-06,608,618,584,598,1250300,0
2017-07-07,598,628,584,597,1996200,0
2017-07-10,584,598,581,585,758000,0
2017-07-11,584,585,561,568,1007300,0
2017-07-12,567,593,565,587,573900,0
2017-07-13,586,592,568,573,521400,0
2017-07-14,569,572,558,559,560500,0
2017-07-18,550,552,521,528,797600,0
2017-07-19,521,524,496,507,1292900,0
2017-07-20,510,528,500,502,585800,0
2017-07-21,499,509,493,500,643700,0
2017-07-24,500,503,496,500,426400,0
2017-07-25,509,509,498,500,372300,0
2017-07-26,500,504,496,502,315400,0
2017-07-27,500,503,496,500,553700,0
2017-07-28,503,512,496,503,532100,0
2017-07-31,506,506,497,501,257200,0
2017-08-01,499,505,478,505,860800,0
2017-08-02,502,518,502,508,418600,0
2017-08-03,508,570,484,513,9268600,0
2017-08-04,513,543,500,522,4040800,0
2017-08-07,523,542,517,522,1351000,0
2017-08-08,517,530,506,521,965600,0
2017-08-09,524,524,491,498,1137500,0
2017-08-10,496,498,463,463,1266800,0
2017-08-14,450,460,440,442,762000,0
2017-08-15,436,457,435,443,911400,0
2017-08-16,437,476,437,465,1087000,0
2017-08-17,470,487,470,482,662200,0
2017-08-18,471,510,468,500,2150900,0
2017-08-21,500,500,474,483,816100,0
2017-08-22,483,501,482,482,541500,0
2017-08-23,486,493,478,480,567900,0
2017-08-24,478,487,468,482,568400,0
2017-08-25,481,498,478,492,601700,0
2017-08-28,500,515,490,513,685100,0
2017-08-29,503,519,495,513,642200,0
2017-08-30,522,527,502,515,641700,0
2017-08-31,512,516,507,510,409400,0
2017-09-01,505,508,491,492,746700,0
2017-09-04,484,486,470,471,583300,0
2017-09-05,472,483,441,449,925200,0
2017-09-06,437,460,437,445,644600,0
2017-09-07,452,462,445,445,460800,0
2017-09-08,445,454,441,441,376400,0
2017-09-11,451,457,445,455,406100,0
2017-09-12,460,468,452,460,333500,0
2017-09-13,463,467,455,457,263300,0
2017-09-14,461,465,446,451,375500,0
2017-09-15,446,462,446,451,321800,0
2017-09-19,451,468,450,460,435100,0
2017-09-20,460,471,458,464,229900,0
2017-09-21,470,477,462,464,319100,0
2017-09-22,462,467,447,448,491500,0
2017-09-25,454,461,451,451,234800,0
2017-09-26,452,457,444,451,255800,0
2017-09-27,448,459,448,451,170800,0
2017-09-28,451,458,449,452,231300,0
2017-09-29,451,454,447,448,224600,0
2017-10-02,450,453,445,448,217500,0
2017-10-03,452,453,443,447,203800,0
2017-10-04,449,453,443,444,218200,0
2017-10-05,446,452,442,446,213700,0
2017-10-06,445,445,439,442,203700,0
2017-10-10,440,444,438,442,137500,0
2017-10-11,441,445,438,440,180500,0
2017-10-12,440,445,438,440,148600,0
2017-10-13,440,440,433,434,291400,0
2017-10-16,436,437,426,429,267100,0
2017-10-17,426,428,420,420,301700,0
2017-10-18,420,421,408,408,559700,0
2017-10-19,407,416,401,415,432500,0
2017-10-20,420,439,416,421,498100,0
2017-10-23,422,437,417,435,400000,0
2017-10-24,439,439,428,434,191000,0
2017-10-25,438,438,424,425,191300,0
2017-10-26,422,429,421,427,118200,0
2017-10-27,426,432,426,429,134500,0
2017-10-30,432,434,428,430,124400,0
2017-10-31,434,434,423,429,142500,0
2017-11-01,428,430,423,427,174700,0
2017-11-02,423,427,417,419,206300,0
2017-11-06,417,424,413,417,179900,0
2017-11-07,417,425,416,422,122000,0
2017-11-08,417,428,417,427,188600,0
2017-11-09,428,428,410,417,218800,0
2017-11-10,411,423,411,423,137000,0
2017-11-13,425,425,416,418,128800,0
2017-11-14,415,417,406,407,210200,0
2017-11-15,461,465,432,457,3533200,0
2017-11-16,451,456,439,444,1000000,0
2017-11-17,442,447,428,438,771800,0
2017-11-20,437,448,437,447,400100,0
2017-11-21,453,459,445,459,456100,0
2017-11-22,460,460,447,447,354000,0
2017-11-24,445,454,444,452,289900,0
2017-11-27,455,477,452,468,1051300,0
2017-11-28,473,479,460,477,421100,0
2017-11-29,477,480,465,467,397800,0
2017-11-30,473,509,471,508,1591400,0
2017-12-01,500,511,489,510,1021000,0
2017-12-04,509,516,495,508,812400,0
2017-12-05,506,506,466,471,961700,0
2017-12-06,485,510,482,497,1763200,0
2017-12-07,505,525,504,514,1452200,0
2017-12-08,524,541,521,533,1358100,0
2017-12-11,543,572,540,555,1617500,0
2017-12-12,545,563,521,532,1317400,0
2017-12-13,544,547,522,529,542100,0
2017-12-14,534,546,515,522,667000,0
2017-12-15,518,519,489,491,991700,0
2017-12-18,491,509,487,501,1197000,0
2017-12-19,498,507,496,506,388700,0
2017-12-20,510,514,499,507,498900,0
2017-12-21,512,524,508,513,516600,0
2017-12-22,510,520,504,513,530400,0
2017-12-25,513,515,487,488,553800,0
2017-12-26,480,495,480,481,484600,0
2017-12-27,477,508,477,505,557800,0
2017-12-28,504,506,486,487,400200,0
2017-12-29,485,497,485,489,321800,0
2018-01-04,497,497,481,482,280100,0
2018-01-05,480,483,468,477,466100,0
2018-01-09,476,480,469,469,287500,0
2018-01-10,471,485,470,480,233600,0
2018-01-11,479,489,476,478,219100,0
2018-01-12,477,486,468,469,282600,0
2018-01-15,472,482,470,479,224900,0
2018-01-16,476,477,461,464,543900,0
2018-01-17,463,466,441,442,584000,0
2018-01-18,447,455,445,452,312900,0
2018-01-19,455,460,444,453,302300,0
2018-01-22,458,471,455,465,308600,0
2018-01-23,468,482,462,475,363200,0
2018-01-24,482,485,470,476,346800,0
2018-01-25,480,486,474,481,295000,0
2018-01-26,480,493,478,490,310500,0
2018-01-29,489,493,468,472,489900,0
2018-01-30,470,477,450,458,606200,0
2018-01-31,458,477,458,472,299100,0
2018-02-01,476,478,469,473,170700,0
2018-02-02,467,474,460,464,252200,0
2018-02-05,454,461,445,460,472500,0
2018-02-06,435,440,406,430,775600,0
2018-02-07,440,451,431,431,384900,0
2018-02-08,427,441,401,404,1370600,0
2018-02-09,383,385,370,381,1316400,0
2018-02-13,382,387,358,359,896400,0
2018-02-14,367,368,340,343,924900,0
2018-02-15,348,361,338,355,541600,0
2018-02-16,379,406,366,406,1855500,0
2018-02-19,406,419,402,404,809300,0
2018-02-20,409,439,407,437,1011500,0
2018-02-21,435,437,420,436,558200,0
2018-02-22,436,469,430,455,1543700,0
2018-02-23,463,475,450,459,1690400,0
2018-02-26,467,491,457,478,996700,0
2018-02-27,485,485,449,453,792100,0
2018-02-28,445,455,438,448,598100,0
2018-03-01,441,444,432,433,406100,0
2018-03-02,428,434,419,425,515800,0
2018-03-05,420,429,409,414,409900,0
2018-03-06,417,450,417,429,685200,0
2018-03-07,429,432,423,424,266000,0
2018-03-08,429,445,428,438,282200,0
2018-03-09,441,453,437,451,490000,0
2018-03-12,454,455,437,447,327300,0
2018-03-13,467,491,456,490,1472400,0
2018-03-14,506,521,464,471,3437200,0
2018-03-15,467,467,444,456,950300,0
2018-03-16,453,455,438,440,677600,0
2018-03-19,441,442,418,428,833300,0
2018-03-20,420,441,413,428,503600,0
2018-03-22,424,449,424,447,389600,0
2018-03-23,428,434,415,416,524100,0
2018-03-26,406,418,397,418,633700,0
2018-03-27,423,432,420,423,228000,0
2018-03-28,420,432,417,429,235200,0
2018-03-29,432,443,428,438,219900,0
