Date,Open,High,Low,Close,Volume,OpenInt
2015-08-18,1000,1000,1000,1000,0,0
2015-08-19,987.32,987.32,987.32,987.32,0,0
2015-08-20,971.39,971.39,971.39,971.39,0,0
2015-08-21,952.76,952.76,952.76,952.76,0,0
2015-08-24,903.74,903.74,903.74,903.74,0,0
2015-08-25,913.75,913.75,913.75,913.75,0,0
2015-08-26,918.26,918.26,918.26,918.26,0,0
2015-08-27,940.78,940.78,940.78,940.78,0,0
2015-08-28,936.55,936.55,936.55,936.55,0,0
2015-08-31,932.98,932.98,932.98,932.98,0,0
2015-09-01,912.15,912.15,912.15,912.15,0,0
2015-09-02,916.73,916.73,916.73,916.73,0,0
2015-09-03,933.32,933.32,933.32,933.32,0,0
2015-09-04,919.29,919.29,919.29,919.29,0,0
2015-09-07,913.94,913.94,913.94,913.94,0,0
2015-09-08,931.57,931.57,931.57,931.57,0,0
2015-09-09,941.22,941.22,941.22,941.22,0,0
2015-09-10,929.3,929.3,929.3,929.3,0,0
2015-09-11,917.48,917.48,917.48,917.48,0,0
2015-09-14,920.6,920.6,920.6,920.6,0,0
2015-09-15,914.62,914.62,914.62,914.62,0,0
2015-09-16,934.29,934.29,934.29,934.29,0,0
2015-09-17,932.57,932.57,932.57,932.57,0,0
2015-09-18,925.15,925.15,925.15,925.15,0,0
2015-09-21,923.55,923.55,923.55,923.55,0,0
2015-09-22,918.34,918.34,918.34,918.34,0,0
2015-09-23,913.52,913.52,913.52,913.52,0,0
2015-09-24,905.98,905.98,905.98,905.98,0,0
2015-09-25,916.33,916.33,916.33,916.33,0,0
2015-09-28,913.84,913.84,913.84,913.84,0,0
2015-09-29,901.64,901.64,901.64,901.64,0,0
2015-09-30,911.38,911.38,911.38,911.38,0,0
2015-10-01,926.62,926.62,926.62,926.62,0,0
2015-10-02,921.07,921.07,921.07,921.07,0,0
2015-10-05,932.12,932.12,932.12,932.12,0,0
2015-10-06,940.97,940.97,940.97,940.97,0,0
2015-10-07,946.35,946.35,946.35,946.35,0,0
2015-10-08,936.54,936.54,936.54,936.54,0,0
2015-10-09,942.45,942.45,942.45,942.45,0,0
2015-10-12,939.13,939.13,939.13,939.13,0,0
2015-10-13,929.72,929.72,929.72,929.72,0,0
2015-10-14,923.11,923.11,923.11,923.11,0,0
2015-10-15,934.05,934.05,934.05,934.05,0,0
2015-10-16,943.44,943.44,943.44,943.44,0,0
2015-10-19,943.79,943.79,943.79,943.79,0,0
2015-10-20,939.33,939.33,939.33,939.33,0,0
2015-10-21,941.36,941.36,941.36,941.36,0,0
2015-10-22,947.76,947.76,947.76,947.76,0,0
2015-10-23,971.89,971.89,971.89,971.89,0,0
2015-10-26,979.5,979.5,979.5,979.5,0,0
2015-10-27,980.09,980.09,980.09,980.09,0,0
2015-10-28,975.98,975.98,975.98,975.98,0,0
2015-10-29,982.43,982.43,982.43,982.43,0,0
2015-10-30,983.22,983.22,983.22,983.22,0,0
2015-11-02,989.42,989.42,989.42,989.42,0,0
2015-11-03,985.27,985.27,985.27,985.27,0,0
2015-11-04,991.39,991.39,991.39,991.39,0,0
2015-11-05,989.53,989.53,989.53,989.53,0,0
2015-11-06,988.82,988.82,988.82,988.82,0,0
2015-11-09,993.71,993.71,993.71,993.71,0,0
2015-11-10,984.91,984.91,984.91,984.91,0,0
2015-11-11,1002.73,1002.73,1002.73,1002.73,0,0
2015-11-12,1002.76,1002.76,1002.76,1002.76,0,0
2015-11-13,984.75,984.75,984.75,984.75,0,0
2015-11-16,981.43,981.43,981.43,981.43,0,0
2015-11-17,1000.4,1000.4,1000.4,1000.4,0,0
2015-11-18,998.29,998.29,998.29,998.29,0,0
2015-11-19,1014.88,1014.88,1014.88,1014.88,0,0
2015-11-20,1009.15,1009.15,1009.15,1009.15,0,0
2015-11-23,1011.71,1011.71,1011.71,1011.71,0,0
2015-11-24,1001.55,1001.55,1001.55,1001.55,0,0
2015-11-25,1008.06,1008.06,1008.06,1008.06,0,0
2015-11-26,1025.95,1025.95,1025.95,1025.95,0,0
2015-11-27,1026.14,1026.14,1026.14,1026.14,0,0
2015-11-30,1034.92,1034.92,1034.92,1034.92,0,0
2015-12-01,1034.92,1034.92,1034.92,1034.92,0,0
2015-12-02,1037.67,1037.67,1037.67,1037.67,0,0
2015-12-03,1043.05,1043.05,1043.05,1043.05,0,0
2015-12-04,1004.69,1004.69,1004.69,1004.69,0,0
2015-12-07,1026.63,1026.63,1026.63,1026.63,0,0
2015-12-08,1016.03,1016.03,1016.03,1016.03,0,0
2015-12-09,999.99,999.99,999.99,999.99,0,0
2015-12-10,990.17,990.17,990.17,990.17,0,0
2015-12-11,986.13,986.13,986.13,986.13,0,0
2015-12-14,979.65,979.65,979.65,979.65,0,0
2015-12-15,975.5,975.5,975.5,975.5,0,0
2015-12-16,988.1,988.1,988.1,988.1,0,0
2015-12-17,1009.76,1009.76,1009.76,1009.76,0,0
2015-12-18,994.38,994.38,994.38,994.38,0,0
2015-12-21,995.95,995.95,995.95,995.95,0,0
2015-12-22,973.43,973.43,973.43,973.43,0,0
2015-12-23,987.47,987.47,987.47,987.47,0,0
2015-12-28,993.81,993.81,993.81,993.81,0,0
2015-12-29,1003.79,1003.79,1003.79,1003.79,0,0
2015-12-30,1005.33,1005.33,1005.33,1005.33,0,0
2015-12-31,1002.42,1002.42,1002.42,1002.42,0,0
2016-01-04,973.58,973.58,973.58,973.58,0,0
2016-01-05,968.02,968.02,968.02,968.02,0,0
2016-01-06,960.09,960.09,960.09,960.09,0,0
2016-01-07,932.3,932.3,932.3,932.3,0,0
2016-01-08,949.93,949.93,949.93,949.93,0,0
2016-01-11,932.27,932.27,932.27,932.27,0,0
2016-01-12,943.04,943.04,943.04,943.04,0,0
2016-01-13,951.63,951.63,951.63,951.63,0,0
2016-01-14,923.71,923.71,923.71,923.71,0,0
2016-01-15,917.43,917.43,917.43,917.43,0,0
2016-01-18,898.64,898.64,898.64,898.64,0,0
2016-01-19,915.47,915.47,915.47,915.47,0,0
2016-01-20,894.28,894.28,894.28,894.28,0,0
2016-01-21,893.82,893.82,893.82,893.82,0,0
2016-01-22,922.96,922.96,922.96,922.96,0,0
2016-01-25,934.01,934.01,934.01,934.01,0,0
2016-01-26,921.63,921.63,921.63,921.63,0,0
2016-01-27,931.41,931.41,931.41,931.41,0,0
2016-01-28,938.25,938.25,938.25,938.25,0,0
2016-01-29,935.44,935.44,935.44,935.44,0,0
2016-02-01,940.42,940.42,940.42,940.42,0,0
2016-02-02,933.98,933.98,933.98,933.98,0,0
2016-02-03,924.15,924.15,924.15,924.15,0,0
2016-02-04,918.8,918.8,918.8,918.8,0,0
2016-02-05,911.97,911.97,911.97,911.97,0,0
2016-02-08,870.46,870.46,870.46,870.46,0,0
2016-02-09,854.96,854.96,854.96,854.96,0,0
2016-02-10,871.55,871.55,871.55,871.55,0,0
2016-02-11,851.07,851.07,851.07,851.07,0,0
2016-02-12,851.01,851.01,851.01,851.01,0,0
2016-02-15,882.72,882.72,882.72,882.72,0,0
2016-02-16,882.61,882.61,882.61,882.61,0,0
2016-02-17,892.16,892.16,892.16,892.16,0,0
2016-02-18,900.93,900.93,900.93,900.93,0,0
2016-02-19,904.41,904.41,904.41,904.41,0,0
2016-02-22,914.16,914.16,914.16,914.16,0,0
2016-02-23,907.65,907.65,907.65,907.65,0,0
2016-02-24,892.97,892.97,892.97,892.97,0,0
2016-02-25,891.39,891.39,891.39,891.39,0,0
2016-02-26,913.54,913.54,913.54,913.54,0,0
2016-02-29,898.25,898.25,898.25,898.25,0,0
2016-03-01,920.94,920.94,920.94,920.94,0,0
2016-03-02,929.04,929.04,929.04,929.04,0,0
2016-03-03,919.66,919.66,919.66,919.66,0,0
2016-03-04,919.96,919.96,919.96,919.96,0,0
2016-03-07,917.69,917.69,917.69,917.69,0,0
2016-03-08,907.13,907.13,907.13,907.13,0,0
2016-03-09,917.3,917.3,917.3,917.3,0,0
2016-03-10,915.52,915.52,915.52,915.52,0,0
2016-03-11,915.87,915.87,915.87,915.87,0,0
2016-03-14,929.71,929.71,929.71,929.71,0,0
2016-03-15,926.71,926.71,926.71,926.71,0,0
2016-03-16,929.23,929.23,929.23,929.23,0,0
2016-03-17,919,919,919,919,0,0
2016-03-18,925.58,925.58,925.58,925.58,0,0
2016-03-21,934.75,934.75,934.75,934.75,0,0
2016-03-22,926.81,926.81,926.81,926.81,0,0
2016-03-23,942.84,942.84,942.84,942.84,0,0
2016-03-24,932.26,932.26,932.26,932.26,0,0
2016-03-29,936.15,936.15,936.15,936.15,0,0
2016-03-30,946.58,946.58,946.58,946.58,0,0
2016-03-31,945.58,945.58,945.58,945.58,0,0
2016-04-01,932.26,932.26,932.26,932.26,0,0
2016-04-04,940.76,940.76,940.76,940.76,0,0
2016-04-05,927.04,927.04,927.04,927.04,0,0
2016-04-06,925.94,925.94,925.94,925.94,0,0
2016-04-07,932.58,932.58,932.58,932.58,0,0
2016-04-08,926.51,926.51,926.51,926.51,0,0
2016-04-11,932.29,932.29,932.29,932.29,0,0
2016-04-12,923.74,923.74,923.74,923.74,0,0
2016-04-13,946.12,946.12,946.12,946.12,0,0
2016-04-14,948.39,948.39,948.39,948.39,0,0
2016-04-15,943.72,943.72,943.72,943.72,0,0
2016-04-18,943.39,943.39,943.39,943.39,0,0
2016-04-19,961.88,961.88,961.88,961.88,0,0
2016-04-20,957.82,957.82,957.82,957.82,0,0
2016-04-21,955.71,955.71,955.71,955.71,0,0
2016-04-22,947.69,947.69,947.69,947.69,0,0
2016-04-25,944.06,944.06,944.06,944.06,0,0
2016-04-26,945.49,945.49,945.49,945.49,0,0
2016-04-27,945.01,945.01,945.01,945.01,0,0
2016-04-28,933.99,933.99,933.99,933.99,0,0
2016-04-29,937.08,937.08,937.08,937.08,0,0
2016-05-02,932.7,932.7,932.7,932.7,0,0
2016-05-03,927.35,927.35,927.35,927.35,0,0
2016-05-04,924.88,924.88,924.88,924.88,0,0
2016-05-06,922.77,922.77,922.77,922.77,0,0
2016-05-09,934.54,934.54,934.54,934.54,0,0
2016-05-10,942.11,942.11,942.11,942.11,0,0
2016-05-11,931.46,931.46,931.46,931.46,0,0
2016-05-12,932.19,932.19,932.19,932.19,0,0
2016-05-13,922.85,922.85,922.85,922.85,0,0
2016-05-17,939.66,939.66,939.66,939.66,0,0
2016-05-18,929.37,929.37,929.37,929.37,0,0
2016-05-19,924.79,924.79,924.79,924.79,0,0
2016-05-20,936.5,936.5,936.5,936.5,0,0
2016-05-23,943.49,943.49,943.49,943.49,0,0
2016-05-24,940.73,940.73,940.73,940.73,0,0
2016-05-25,956.91,956.91,956.91,956.91,0,0
2016-05-26,954.42,954.42,954.42,954.42,0,0
2016-05-27,957.54,957.54,957.54,957.54,0,0
2016-05-30,960.49,960.49,960.49,960.49,0,0
2016-05-31,963.06,963.06,963.06,963.06,0,0
2016-06-01,960.19,960.19,960.19,960.19,0,0
2016-06-02,959.51,959.51,959.51,959.51,0,0
2016-06-03,965.77,965.77,965.77,965.77,0,0
2016-06-06,956.92,956.92,956.92,956.92,0,0
2016-06-07,965.66,965.66,965.66,965.66,0,0
2016-06-08,961.1,961.1,961.1,961.1,0,0
2016-06-09,954.6,954.6,954.6,954.6,0,0
2016-06-10,942.79,942.79,942.79,942.79,0,0
2016-06-13,919.6,919.6,919.6,919.6,0,0
2016-06-14,904.97,904.97,904.97,904.97,0,0
2016-06-15,910.91,910.91,910.91,910.91,0,0
2016-06-16,903.88,903.88,903.88,903.88,0,0
2016-06-17,910.73,910.73,910.73,910.73,0,0
2016-06-20,934.08,934.08,934.08,934.08,0,0
2016-06-21,938.58,938.58,938.58,938.58,0,0
2016-06-22,942.77,942.77,942.77,942.77,0,0
2016-06-24,908.79,908.79,908.79,908.79,0,0
2016-06-27,895,895,895,895,0,0
2016-06-28,889.43,889.43,889.43,889.43,0,0
2016-06-29,902.71,902.71,902.71,902.71,0,0
2016-06-30,913.59,913.59,913.59,913.59,0,0
2016-07-01,920.94,920.94,920.94,920.94,0,0
2016-07-04,918.83,918.83,918.83,918.83,0,0
2016-07-05,905.05,905.05,905.05,905.05,0,0
2016-07-06,892.06,892.06,892.06,892.06,0,0
2016-07-07,902.74,902.74,902.74,902.74,0,0
2016-07-08,903.46,903.46,903.46,903.46,0,0
2016-07-11,919.78,919.78,919.78,919.78,0,0
2016-07-12,938.68,938.68,938.68,938.68,0,0
2016-07-13,932.97,932.97,932.97,932.97,0,0
2016-07-14,942.42,942.42,942.42,942.42,0,0
2016-07-15,935.82,935.82,935.82,935.82,0,0
2016-07-18,945.91,945.91,945.91,945.91,0,0
2016-07-19,937.83,937.83,937.83,937.83,0,0
2016-07-20,953.79,953.79,953.79,953.79,0,0
2016-07-21,951.58,951.58,951.58,951.58,0,0
2016-07-22,952.4,952.4,952.4,952.4,0,0
2016-07-25,963.59,963.59,963.59,963.59,0,0
2016-07-26,962.42,962.42,962.42,962.42,0,0
2016-07-27,970.54,970.54,970.54,970.54,0,0
2016-07-28,970.14,970.14,970.14,970.14,0,0
2016-07-29,970.89,970.89,970.89,970.89,0,0
2016-08-01,974.91,974.91,974.91,974.91,0,0
2016-08-02,959.69,959.69,959.69,959.69,0,0
2016-08-03,951.93,951.93,951.93,951.93,0,0
2016-08-04,956.33,956.33,956.33,956.33,0,0
2016-08-05,962.72,962.72,962.72,962.72,0,0
2016-08-08,974.19,974.19,974.19,974.19,0,0
2016-08-09,975.37,975.37,975.37,975.37,0,0
2016-08-10,986.08,986.08,986.08,986.08,0,0
2016-08-11,987.72,987.72,987.72,987.72,0,0
2016-08-12,991.17,991.17,991.17,991.17,0,0
2016-08-16,987.63,987.63,987.63,987.63,0,0
2016-08-17,977.31,977.31,977.31,977.31,0,0
2016-08-18,980.36,980.36,980.36,980.36,0,0
2016-08-19,976.45,976.45,976.45,976.45,0,0
2016-08-22,985.65,985.65,985.65,985.65,0,0
2016-08-23,987.58,987.58,987.58,987.58,0,0
2016-08-24,988.81,988.81,988.81,988.81,0,0
2016-08-25,977.52,977.52,977.52,977.52,0,0
2016-08-26,976.55,976.55,976.55,976.55,0,0
2016-08-29,977.58,977.58,977.58,977.58,0,0
2016-08-30,988.14,988.14,988.14,988.14,0,0
2016-08-31,983.67,983.67,983.67,983.67,0,0
2016-09-01,983.46,983.46,983.46,983.46,0,0
2016-09-02,980.03,980.03,980.03,980.03,0,0
2016-09-05,990.45,990.45,990.45,990.45,0,0
2016-09-06,985.46,985.46,985.46,985.46,0,0
2016-09-07,989.2,989.2,989.2,989.2,0,0
2016-09-08,991.72,991.72,991.72,991.72,0,0
2016-09-09,983.33,983.33,983.33,983.33,0,0
2016-09-12,957.98,957.98,957.98,957.98,0,0
2016-09-13,969.38,969.38,969.38,969.38,0,0
2016-09-14,967.07,967.07,967.07,967.07,0,0
2016-09-15,963.74,963.74,963.74,963.74,0,0
2016-09-16,966.84,966.84,966.84,966.84,0,0
2016-09-19,969.24,969.24,969.24,969.24,0,0
2016-09-20,973.58,973.58,973.58,973.58,0,0
2016-09-21,977.07,977.07,977.07,977.07,0,0
2016-09-22,985.96,985.96,985.96,985.96,0,0
2016-09-23,985.03,985.03,985.03,985.03,0,0
2016-09-26,974.81,974.81,974.81,974.81,0,0
2016-09-27,969.67,969.67,969.67,969.67,0,0
2016-09-28,981.39,981.39,981.39,981.39,0,0
2016-09-29,982.54,982.54,982.54,982.54,0,0
2016-09-30,967.24,967.24,967.24,967.24,0,0
2016-10-03,978.27,978.27,978.27,978.27,0,0
2016-10-04,980.81,980.81,980.81,980.81,0,0
2016-10-05,978.37,978.37,978.37,978.37,0,0
2016-10-06,977.56,977.56,977.56,977.56,0,0
2016-10-07,970.22,970.22,970.22,970.22,0,0
2016-10-10,959.99,959.99,959.99,959.99,0,0
2016-10-11,968.93,968.93,968.93,968.93,0,0
2016-10-12,963.11,963.11,963.11,963.11,0,0
2016-10-13,955.97,955.97,955.97,955.97,0,0
2016-10-14,962.76,962.76,962.76,962.76,0,0
2016-10-17,960.55,960.55,960.55,960.55,0,0
2016-10-18,967.72,967.72,967.72,967.72,0,0
2016-10-19,968.46,968.46,968.46,968.46,0,0
2016-10-20,967.66,967.66,967.66,967.66,0,0
2016-10-21,971.62,971.62,971.62,971.62,0,0
2016-10-24,974.24,974.24,974.24,974.24,0,0
2016-10-25,969.5,969.5,969.5,969.5,0,0
2016-10-26,955.37,955.37,955.37,955.37,0,0
2016-10-27,956.48,956.48,956.48,956.48,0,0
2016-10-28,950.29,950.29,950.29,950.29,0,0
2016-10-31,949.82,949.82,949.82,949.82,0,0
2016-11-02,936.92,936.92,936.92,936.92,0,0
2016-11-03,930.55,930.55,930.55,930.55,0,0
2016-11-04,921.44,921.44,921.44,921.44,0,0
2016-11-07,931.28,931.28,931.28,931.28,0,0
2016-11-08,935.01,935.01,935.01,935.01,0,0
2016-11-09,929.26,929.26,929.26,929.26,0,0
2016-11-10,942.05,942.05,942.05,942.05,0,0
2016-11-11,923.23,923.23,923.23,923.23,0,0
2016-11-14,928.17,928.17,928.17,928.17,0,0
2016-11-15,920.57,920.57,920.57,920.57,0,0
2016-11-16,919.22,919.22,919.22,919.22,0,0
2016-11-17,919.14,919.14,919.14,919.14,0,0
2016-11-18,924.91,924.91,924.91,924.91,0,0
2016-11-21,923.78,923.78,923.78,923.78,0,0
2016-11-22,930.92,930.92,930.92,930.92,0,0
2016-11-23,929.12,929.12,929.12,929.12,0,0
2016-11-24,931.38,931.38,931.38,931.38,0,0
2016-11-25,932.55,932.55,932.55,932.55,0,0
2016-11-28,930,930,930,930,0,0
2016-11-29,933.08,933.08,933.08,933.08,0,0
2016-11-30,935.44,935.44,935.44,935.44,0,0
2016-12-01,925.71,925.71,925.71,925.71,0,0
2016-12-02,911.85,911.85,911.85,911.85,0,0
2016-12-05,928.82,928.82,928.82,928.82,0,0
2016-12-06,924.74,924.74,924.74,924.74,0,0
2016-12-07,937.87,937.87,937.87,937.87,0,0
2016-12-08,942.01,942.01,942.01,942.01,0,0
2016-12-09,951.86,951.86,951.86,951.86,0,0
2016-12-12,952.72,952.72,952.72,952.72,0,0
2016-12-13,956.56,956.56,956.56,956.56,0,0
2016-12-14,955.21,955.21,955.21,955.21,0,0
2016-12-15,956.93,956.93,956.93,956.93,0,0
2016-12-16,963.01,963.01,963.01,963.01,0,0
2016-12-19,968.46,968.46,968.46,968.46,0,0
2016-12-20,973.65,973.65,973.65,973.65,0,0
2016-12-21,975.19,975.19,975.19,975.19,0,0
2016-12-22,975.62,975.62,975.62,975.62,0,0
2016-12-23,978.3,978.3,978.3,978.3,0,0
2016-12-27,982.88,982.88,982.88,982.88,0,0
2016-12-28,981.38,981.38,981.38,981.38,0,0
2016-12-29,982.51,982.51,982.51,982.51,0,0
2016-12-30,980.61,980.61,980.61,980.61,0,0
2017-01-02,987.85,987.85,987.85,987.85,0,0
2017-01-03,992.62,992.62,992.62,992.62,0,0
2017-01-04,989.06,989.06,989.06,989.06,0,0
2017-01-05,989.69,989.69,989.69,989.69,0,0
2017-01-06,988.84,988.84,988.84,988.84,0,0
2017-01-09,989.79,989.79,989.79,989.79,0,0
2017-01-10,989.74,989.74,989.74,989.74,0,0
2017-01-11,991.83,991.83,991.83,991.83,0,0
2017-01-12,989.45,989.45,989.45,989.45,0,0
2017-01-13,994.35,994.35,994.35,994.35,0,0
2017-01-16,996.43,996.43,996.43,996.43,0,0
2017-01-17,987.87,987.87,987.87,987.87,0,0
2017-01-18,993.22,993.22,993.22,993.22,0,0
2017-01-19,991.89,991.89,991.89,991.89,0,0
2017-01-20,992.29,992.29,992.29,992.29,0,0
2017-01-23,994.45,994.45,994.45,994.45,0,0
2017-01-24,996.2,996.2,996.2,996.2,0,0
2017-01-25,1001.08,1001.08,1001.08,1001.08,0,0
2017-01-26,1006,1006,1006,1006,0,0
2017-01-27,1001.96,1001.96,1001.96,1001.96,0,0
2017-01-30,997.5,997.5,997.5,997.5,0,0
2017-01-31,996.5,996.5,996.5,996.5,0,0
2017-02-01,996.69,996.69,996.69,996.69,0,0
2017-02-02,998.81,998.81,998.81,998.81,0,0
2017-02-03,1003.74,1003.74,1003.74,1003.74,0,0
2017-02-06,1003.04,1003.04,1003.04,1003.04,0,0
2017-02-07,1000.69,1000.69,1000.69,1000.69,0,0
2017-02-08,1005.46,1005.46,1005.46,1005.46,0,0
2017-02-09,1004.72,1004.72,1004.72,1004.72,0,0
2017-02-10,1011.15,1011.15,1011.15,1011.15,0,0
2017-02-13,1014.52,1014.52,1014.52,1014.52,0,0
2017-02-14,1016.01,1016.01,1016.01,1016.01,0,0
2017-02-15,1020.78,1020.78,1020.78,1020.78,0,0
2017-02-16,1021.25,1021.25,1021.25,1021.25,0,0
2017-02-17,1019.29,1019.29,1019.29,1019.29,0,0
2017-02-20,1024.67,1024.67,1024.67,1024.67,0,0
2017-02-21,1028.81,1028.81,1028.81,1028.81,0,0
2017-02-22,1037.52,1037.52,1037.52,1037.52,0,0
2017-02-23,1036,1036,1036,1036,0,0
2017-02-24,1030.86,1030.86,1030.86,1030.86,0,0
2017-02-27,1024.43,1024.43,1024.43,1024.43,0,0
2017-02-28,1023.48,1023.48,1023.48,1023.48,0,0
2017-03-01,1033.91,1033.91,1033.91,1033.91,0,0
2017-03-02,1036.62,1036.62,1036.62,1036.62,0,0
2017-03-03,1035.18,1035.18,1035.18,1035.18,0,0
2017-03-06,1035.15,1035.15,1035.15,1035.15,0,0
2017-03-07,1037.4,1037.4,1037.4,1037.4,0,0
2017-03-08,1034.87,1034.87,1034.87,1034.87,0,0
2017-03-09,1035.74,1035.74,1035.74,1035.74,0,0
2017-03-10,1045,1045,1045,1045,0,0
2017-03-13,1044.67,1044.67,1044.67,1044.67,0,0
2017-03-14,1046.27,1046.27,1046.27,1046.27,0,0
2017-03-15,1046.03,1046.03,1046.03,1046.03,0,0
2017-03-16,1057.14,1057.14,1057.14,1057.14,0,0
2017-03-17,1055.86,1055.86,1055.86,1055.86,0,0
2017-03-20,1058.67,1058.67,1058.67,1058.67,0,0
2017-03-21,1059.81,1059.81,1059.81,1059.81,0,0
2017-03-22,1042.97,1042.97,1042.97,1042.97,0,0
2017-03-23,1049.85,1049.85,1049.85,1049.85,0,0
2017-03-24,1058.03,1058.03,1058.03,1058.03,0,0
2017-03-27,1057.41,1057.41,1057.41,1057.41,0,0
2017-03-28,1064.01,1064.01,1064.01,1064.01,0,0
2017-03-29,1066.61,1066.61,1066.61,1066.61,0,0
2017-03-30,1068.98,1068.98,1068.98,1068.98,0,0
2017-03-31,1070.12,1070.12,1070.12,1070.12,0,0
2017-04-03,1079.99,1079.99,1079.99,1079.99,0,0
2017-04-04,1076.92,1076.92,1076.92,1076.92,0,0
2017-04-05,1076.54,1076.54,1076.54,1076.54,0,0
2017-04-06,1074.03,1074.03,1074.03,1074.03,0,0
2017-04-07,1076.26,1076.26,1076.26,1076.26,0,0
2017-04-10,1081.21,1081.21,1081.21,1081.21,0,0
2017-04-11,1080.27,1080.27,1080.27,1080.27,0,0
2017-04-12,1083.1,1083.1,1083.1,1083.1,0,0
2017-04-13,1079.33,1079.33,1079.33,1079.33,0,0
2017-04-18,1077.04,1077.04,1077.04,1077.04,0,0
2017-04-19,1075.2,1075.2,1075.2,1075.2,0,0
2017-04-20,1080.97,1080.97,1080.97,1080.97,0,0
2017-04-21,1076.72,1076.72,1076.72,1076.72,0,0
2017-04-24,1099.94,1099.94,1099.94,1099.94,0,0
2017-04-25,1110.47,1110.47,1110.47,1110.47,0,0
2017-04-26,1105.51,1105.51,1105.51,1105.51,0,0
2017-04-27,1106.61,1106.61,1106.61,1106.61,0,0
2017-04-28,1112.68,1112.68,1112.68,1112.68,0,0
2017-05-02,1117.29,1117.29,1117.29,1117.29,0,0
2017-05-03,1122.95,1122.95,1122.95,1122.95,0,0
2017-05-04,1131.13,1131.13,1131.13,1131.13,0,0
2017-05-05,1135.82,1135.82,1135.82,1135.82,0,0
2017-05-08,1136.97,1136.97,1136.97,1136.97,0,0
2017-05-09,1141.47,1141.47,1141.47,1141.47,0,0
2017-05-10,1144.08,1144.08,1144.08,1144.08,0,0
2017-05-11,1144.34,1144.34,1144.34,1144.34,0,0
2017-05-12,1142.9,1142.9,1142.9,1142.9,0,0
2017-05-15,1144.44,1144.44,1144.44,1144.44,0,0
2017-05-16,1143.62,1143.62,1143.62,1143.62,0,0
2017-05-17,1143.93,1143.93,1143.93,1143.93,0,0
2017-05-18,1125.37,1125.37,1125.37,1125.37,0,0
2017-05-19,1132.18,1132.18,1132.18,1132.18,0,0
2017-05-22,1135.69,1135.69,1135.69,1135.69,0,0
2017-05-23,1135.21,1135.21,1135.21,1135.21,0,0
2017-05-24,1138.29,1138.29,1138.29,1138.29,0,0
2017-05-26,1137.21,1137.21,1137.21,1137.21,0,0
2017-05-30,1135.73,1135.73,1135.73,1135.73,0,0
2017-05-31,1137.95,1137.95,1137.95,1137.95,0,0
2017-06-01,1144.88,1144.88,1144.88,1144.88,0,0
2017-06-02,1155.08,1155.08,1155.08,1155.08,0,0
2017-06-06,1145.89,1145.89,1145.89,1145.89,0,0
2017-06-07,1142.75,1142.75,1142.75,1142.75,0,0
2017-06-08,1142.67,1142.67,1142.67,1142.67,0,0
2017-06-09,1144.74,1144.74,1144.74,1144.74,0,0
2017-06-12,1132.11,1132.11,1132.11,1132.11,0,0
2017-06-13,1136.6,1136.6,1136.6,1136.6,0,0
2017-06-14,1144.93,1144.93,1144.93,1144.93,0,0
2017-06-15,1133.1,1133.1,1133.1,1133.1,0,0
2017-06-16,1140.51,1140.51,1140.51,1140.51,0,0
2017-06-19,1154.44,1154.44,1154.44,1154.44,0,0
2017-06-20,1161.01,1161.01,1161.01,1161.01,0,0
2017-06-21,1143.5,1143.5,1143.5,1143.5,0,0
2017-06-22,1145.21,1145.21,1145.21,1145.21,0,0
2017-06-26,1150.45,1150.45,1150.45,1150.45,0,0
2017-06-27,1137.23,1137.23,1137.23,1137.23,0,0
2017-06-28,1124.94,1124.94,1124.94,1124.94,0,0
2017-06-29,1124.12,1124.12,1124.12,1124.12,0,0
2017-06-30,1111.52,1111.52,1111.52,1111.52,0,0
2017-07-03,1108.32,1108.32,1108.32,1108.32,0,0
2017-07-04,1107.23,1107.23,1107.23,1107.23,0,0
2017-07-05,1109.06,1109.06,1109.06,1109.06,0,0
2017-07-06,1108.73,1108.73,1108.73,1108.73,0,0
2017-07-07,1101.19,1101.19,1101.19,1101.19,0,0
2017-07-10,1111.59,1111.59,1111.59,1111.59,0,0
2017-07-11,1109.42,1109.42,1109.42,1109.42,0,0
2017-07-12,1113.34,1113.34,1113.34,1113.34,0,0
2017-07-13,1127.65,1127.65,1127.65,1127.65,0,0
2017-07-14,1130.23,1130.23,1130.23,1130.23,0,0
2017-07-17,1132.77,1132.77,1132.77,1132.77,0,0
2017-07-18,1132.71,1132.71,1132.71,1132.71,0,0
2017-07-19,1130.44,1130.44,1130.44,1130.44,0,0
2017-07-20,1139.24,1139.24,1139.24,1139.24,0,0
2017-07-21,1135.36,1135.36,1135.36,1135.36,0,0
2017-07-24,1115.82,1115.82,1115.82,1115.82,0,0
2017-07-25,1120.17,1120.17,1120.17,1120.17,0,0
2017-07-26,1124.28,1124.28,1124.28,1124.28,0,0
2017-07-27,1126.49,1126.49,1126.49,1126.49,0,0
2017-07-28,1118,1118,1118,1118,0,0
2017-07-31,1116.51,1116.51,1116.51,1116.51,0,0
2017-08-01,1117.63,1117.63,1117.63,1117.63,0,0
2017-08-02,1118.7,1118.7,1118.7,1118.7,0,0
2017-08-03,1112.71,1112.71,1112.71,1112.71,0,0
2017-08-04,1114.85,1114.85,1114.85,1114.85,0,0
2017-08-07,1122.97,1122.97,1122.97,1122.97,0,0
2017-08-08,1122.76,1122.76,1122.76,1122.76,0,0
2017-08-09,1115.93,1115.93,1115.93,1115.93,0,0
2017-08-10,1108.36,1108.36,1108.36,1108.36,0,0
2017-08-11,1093.9,1093.9,1093.9,1093.9,0,0
2017-08-14,1107.51,1107.51,1107.51,1107.51,0,0
2017-08-16,1122.12,1122.12,1122.12,1122.12,0,0
2017-08-17,1120.71,1120.71,1120.71,1120.71,0,0
2017-08-18,1106.53,1106.53,1106.53,1106.53,0,0
2017-08-21,1109.83,1109.83,1109.83,1109.83,0,0
2017-08-22,1114.32,1114.32,1114.32,1114.32,0,0
2017-08-23,1117.49,1117.49,1117.49,1117.49,0,0
2017-08-24,1116.52,1116.52,1116.52,1116.52,0,0
2017-08-25,1113.31,1113.31,1113.31,1113.31,0,0
2017-08-28,1104.75,1104.75,1104.75,1104.75,0,0
2017-08-29,1087.44,1087.44,1087.44,1087.44,0,0
2017-08-30,1098.36,1098.36,1098.36,1098.36,0,0
2017-08-31,1107.16,1107.16,1107.16,1107.16,0,0
2017-09-01,1116.28,1116.28,1116.28,1116.28,0,0
2017-09-04,1110.18,1110.18,1110.18,1110.18,0,0
2017-09-05,1116.56,1116.56,1116.56,1116.56,0,0
2017-09-06,1107.87,1107.87,1107.87,1107.87,0,0
2017-09-07,1115.65,1115.65,1115.65,1115.65,0,0
2017-09-08,1115.56,1115.56,1115.56,1115.56,0,0
2017-09-11,1133.91,1133.91,1133.91,1133.91,0,0
2017-09-12,1139.41,1139.41,1139.41,1139.41,0,0
2017-09-13,1136.67,1136.67,1136.67,1136.67,0,0
2017-09-14,1139.29,1139.29,1139.29,1139.29,0,0
2017-09-15,1136.35,1136.35,1136.35,1136.35,0,0
2017-09-18,1138.69,1138.69,1138.69,1138.69,0,0
2017-09-19,1139.93,1139.93,1139.93,1139.93,0,0
2017-09-20,1140.2,1140.2,1140.2,1140.2,0,0
2017-09-21,1134.86,1134.86,1134.86,1134.86,0,0
2017-09-22,1139.83,1139.83,1139.83,1139.83,0,0
2017-09-25,1138.81,1138.81,1138.81,1138.81,0,0
2017-09-26,1135.87,1135.87,1135.87,1135.87,0,0
2017-09-27,1137.53,1137.53,1137.53,1137.53,0,0
2017-09-28,1145.59,1145.59,1145.59,1145.59,0,0
2017-09-29,1149.45,1149.45,1149.45,1149.45,0,0
2017-10-02,1158.65,1158.65,1158.65,1158.65,0,0
2017-10-03,1163.6,1163.6,1163.6,1163.6,0,0
2017-10-04,1164.75,1164.75,1164.75,1164.75,0,0
2017-10-05,1163.7,1163.7,1163.7,1163.7,0,0
2017-10-06,1165.34,1165.34,1165.34,1165.34,0,0
2017-10-09,1164.21,1164.21,1164.21,1164.21,0,0
2017-10-10,1166.3,1166.3,1166.3,1166.3,0,0
2017-10-11,1167.36,1167.36,1167.36,1167.36,0,0
2017-10-12,1169.48,1169.48,1169.48,1169.48,0,0
2017-10-13,1175.08,1175.08,1175.08,1175.08,0,0
2017-10-16,1175.92,1175.92,1175.92,1175.92,0,0
2017-10-17,1175.54,1175.54,1175.54,1175.54,0,0
2017-10-18,1176.4,1176.4,1176.4,1176.4,0,0
2017-10-19,1166.08,1166.08,1166.08,1166.08,0,0
2017-10-20,1165.98,1165.98,1165.98,1165.98,0,0
2017-10-23,1167.97,1167.97,1167.97,1167.97,0,0
2017-10-24,1169.02,1169.02,1169.02,1169.02,0,0
2017-10-25,1161.14,1161.14,1161.14,1161.14,0,0
2017-10-26,1160.66,1160.66,1160.66,1160.66,0,0
2017-10-27,1183.15,1183.15,1183.15,1183.15,0,0
2017-10-30,1185.21,1185.21,1185.21,1185.21,0,0
2017-10-31,1189.05,1189.05,1189.05,1189.05,0,0
2017-11-02,1194.65,1194.65,1194.65,1194.65,0,0
2017-11-03,1195.1,1195.1,1195.1,1195.1,0,0
2017-11-06,1200.35,1200.35,1200.35,1200.35,0,0
2017-11-07,1199.1,1199.1,1199.1,1199.1,0,0
2017-11-08,1192.64,1192.64,1192.64,1192.64,0,0
2017-11-09,1188.36,1188.36,1188.36,1188.36,0,0
2017-11-10,1169.94,1169.94,1169.94,1169.94,0,0
2017-11-13,1167.98,1167.98,1167.98,1167.98,0,0
2017-11-14,1168.57,1168.57,1168.57,1168.57,0,0
2017-11-15,1151.5,1151.5,1151.5,1151.5,0,0
2017-11-16,1161,1161,1161,1161,0,0
2017-11-17,1164.61,1164.61,1164.61,1164.61,0,0
2017-11-20,1161.7,1161.7,1161.7,1161.7,0,0
2017-11-21,1174.14,1174.14,1174.14,1174.14,0,0
2017-11-22,1178.98,1178.98,1178.98,1178.98,0,0
2017-11-23,1169.88,1169.88,1169.88,1169.88,0,0
2017-11-24,1171,1171,1171,1171,0,0
2017-11-27,1174.62,1174.62,1174.62,1174.62,0,0
2017-11-28,1174.78,1174.78,1174.78,1174.78,0,0
2017-11-29,1179.75,1179.75,1179.75,1179.75,0,0
2017-11-30,1168.05,1168.05,1168.05,1168.05,0,0
2017-12-01,1157.38,1157.38,1157.38,1157.38,0,0
2017-12-04,1164.95,1164.95,1164.95,1164.95,0,0
2017-12-05,1161.43,1161.43,1161.43,1161.43,0,0
2017-12-06,1158.4,1158.4,1158.4,1158.4,0,0
2017-12-07,1166.64,1166.64,1166.64,1166.64,0,0
2017-12-08,1173.96,1173.96,1173.96,1173.96,0,0
2017-12-11,1170.03,1170.03,1170.03,1170.03,0,0
2017-12-12,1171.34,1171.34,1171.34,1171.34,0,0
2017-12-13,1173.3,1173.3,1173.3,1173.3,0,0
2017-12-14,1169.11,1169.11,1169.11,1169.11,0,0
2017-12-15,1159.29,1159.29,1159.29,1159.29,0,0
2017-12-18,1173.13,1173.13,1173.13,1173.13,0,0
2017-12-19,1175.78,1175.78,1175.78,1175.78,0,0
2017-12-20,1171.25,1171.25,1171.25,1171.25,0,0
2017-12-21,1161.07,1161.07,1161.07,1161.07,0,0
2017-12-22,1163.87,1163.87,1163.87,1163.87,0,0
2017-12-27,1161.19,1161.19,1161.19,1161.19,0,0
2017-12-28,1163.44,1163.44,1163.44,1163.44,0,0
2017-12-29,1160.16,1160.16,1160.16,1160.16,0,0
2018-01-02,1150.73,1150.73,1150.73,1150.73,0,0
2018-01-03,1161.46,1161.46,1161.46,1161.46,0,0
2018-01-04,1171.11,1171.11,1171.11,1171.11,0,0
2018-01-05,1188.4,1188.4,1188.4,1188.4,0,0
2018-01-08,1197.71,1197.71,1197.71,1197.71,0,0
2018-01-09,1200.67,1200.67,1200.67,1200.67,0,0
2018-01-10,1194.24,1194.24,1194.24,1194.24,0,0
2018-01-11,1186.44,1186.44,1186.44,1186.44,0,0
2018-01-12,1180.21,1180.21,1180.21,1180.21,0,0
2018-01-15,1185.16,1185.16,1185.16,1185.16,0,0
2018-01-16,1187.89,1187.89,1187.89,1187.89,0,0
2018-01-17,1187.68,1187.68,1187.68,1187.68,0,0
2018-01-18,1192.48,1192.48,1192.48,1192.48,0,0
2018-01-19,1205.11,1205.11,1205.11,1205.11,0,0
2018-01-22,1206.62,1206.62,1206.62,1206.62,0,0
2018-01-23,1212.78,1212.78,1212.78,1212.78,0,0
2018-01-24,1207,1207,1207,1207,0,0
2018-01-25,1198.97,1198.97,1198.97,1198.97,0,0
2018-01-26,1196.71,1196.71,1196.71,1196.71,0,0
2018-01-29,1196.27,1196.27,1196.27,1196.27,0,0
2018-01-30,1194.98,1194.98,1194.98,1194.98,0,0
2018-01-31,1193.47,1193.47,1193.47,1193.47,0,0
2018-02-01,1194.81,1194.81,1194.81,1194.81,0,0
2018-02-02,1176.19,1176.19,1176.19,1176.19,0,0
2018-02-05,1154.2,1154.2,1154.2,1154.2,0,0
2018-02-06,1128.75,1128.75,1128.75,1128.75,0,0
2018-02-07,1135.37,1135.37,1135.37,1135.37,0,0
2018-02-08,1139.2,1139.2,1139.2,1139.2,0,0
2018-02-09,1121.61,1121.61,1121.61,1121.61,0,0
2018-02-12,1134.61,1134.61,1134.61,1134.61,0,0
2018-02-13,1128.36,1128.36,1128.36,1128.36,0,0
2018-02-14,1129.26,1129.26,1129.26,1129.26,0,0
2018-02-15,1142.46,1142.46,1142.46,1142.46,0,0
2018-02-16,1151.25,1151.25,1151.25,1151.25,0,0
2018-02-19,1148.89,1148.89,1148.89,1148.89,0,0
2018-02-20,1144.59,1144.59,1144.59,1144.59,0,0
2018-02-21,1145.45,1145.45,1145.45,1145.45,0,0
2018-02-22,1137.55,1137.55,1137.55,1137.55,0,0
2018-02-23,1137.03,1137.03,1137.03,1137.03,0,0
2018-02-26,1148.24,1148.24,1148.24,1148.24,0,0
2018-02-27,1147.07,1147.07,1147.07,1147.07,0,0
2018-02-28,1145.5,1145.5,1145.5,1145.5,0,0
2018-03-01,1131.46,1131.46,1131.46,1131.46,0,0
2018-03-02,1106.69,1106.69,1106.69,1106.69,0,0
2018-03-05,1109.81,1109.81,1109.81,1109.81,0,0
2018-03-06,1127.25,1127.25,1127.25,1127.25,0,0
2018-03-07,1126.42,1126.42,1126.42,1126.42,0,0
2018-03-09,1152.73,1152.73,1152.73,1152.73,0,0
2018-03-12,1165.33,1165.33,1165.33,1165.33,0,0
2018-03-13,1165.97,1165.97,1165.97,1165.97,0,0
2018-03-14,1152.12,1152.12,1152.12,1152.12,0,0
2018-03-15,1151.52,1151.52,1151.52,1151.52,0,0
2018-03-16,1152.72,1152.72,1152.72,1152.72,0,0
2018-03-19,1146.92,1146.92,1146.92,1146.92,0,0
2018-03-20,1143.28,1143.28,1143.28,1143.28,0,0
2018-03-21,1147.72,1147.72,1147.72,1147.72,0,0
2018-03-22,1133.25,1133.25,1133.25,1133.25,0,0
2018-03-23,1104.45,1104.45,1104.45,1104.45,0,0
2018-03-26,1116.48,1116.48,1116.48,1116.48,0,0
2018-03-27,1119.06,1119.06,1119.06,1119.06,0,0
2018-03-28,1101.18,1101.18,1101.18,1101.18,0,0
2018-03-29,1117.99,1117.99,1117.99,1117.99,0,0
