Date,Open,High,Low,Close,Volume,OpenInt
2015-01-14,1000,1000,1000,1000,0,0
2015-01-15,994.78,994.78,994.78,994.78,0,0
2015-01-16,1003.96,1003.96,1003.96,1003.96,0,0
2015-01-19,1017.79,1017.79,1017.79,1017.79,0,0
2015-01-20,1023.13,1023.13,1023.13,1023.13,0,0
2015-01-21,1026.24,1026.24,1026.24,1026.24,0,0
2015-01-22,1031.56,1031.56,1031.56,1031.56,0,0
2015-01-23,1065.01,1065.01,1065.01,1065.01,0,0
2015-01-26,1077.43,1077.43,1077.43,1077.43,0,0
2015-01-27,1079.46,1079.46,1079.46,1079.46,0,0
2015-01-28,1071.29,1071.29,1071.29,1071.29,0,0
2015-01-29,1073.72,1073.72,1073.72,1073.72,0,0
2015-01-30,1079.45,1079.45,1079.45,1079.45,0,0
2015-02-02,1072.89,1072.89,1072.89,1072.89,0,0
2015-02-03,1078.69,1078.69,1078.69,1078.69,0,0
2015-02-04,1069.46,1069.46,1069.46,1069.46,0,0
2015-02-05,1079.71,1079.71,1079.71,1079.71,0,0
2015-02-06,1074.59,1074.59,1074.59,1074.59,0,0
2015-02-09,1066.65,1066.65,1066.65,1066.65,0,0
2015-02-10,1073.37,1073.37,1073.37,1073.37,0,0
2015-02-11,1081.92,1081.92,1081.92,1081.92,0,0
2015-02-12,1083.21,1083.21,1083.21,1083.21,0,0
2015-02-13,1089.18,1089.18,1089.18,1089.18,0,0
2015-02-16,1086.41,1086.41,1086.41,1086.41,0,0
2015-02-17,1084.04,1084.04,1084.04,1084.04,0,0
2015-02-18,1094.94,1094.94,1094.94,1094.94,0,0
2015-02-19,1102.77,1102.77,1102.77,1102.77,0,0
2015-02-20,1104.55,1104.55,1104.55,1104.55,0,0
2015-02-23,1113.7,1113.7,1113.7,1113.7,0,0
2015-02-24,1122.44,1122.44,1122.44,1122.44,0,0
2015-02-25,1123.7,1123.7,1123.7,1123.7,0,0
2015-02-26,1126.45,1126.45,1126.45,1126.45,0,0
2015-02-27,1135.45,1135.45,1135.45,1135.45,0,0
2015-03-02,1139.57,1139.57,1139.57,1139.57,0,0
2015-03-03,1143.54,1143.54,1143.54,1143.54,0,0
2015-03-04,1125.93,1125.93,1125.93,1125.93,0,0
2015-03-05,1143.29,1143.29,1143.29,1143.29,0,0
2015-03-06,1152.69,1152.69,1152.69,1152.69,0,0
2015-03-09,1141.47,1141.47,1141.47,1141.47,0,0
2015-03-10,1147.85,1147.85,1147.85,1147.85,0,0
2015-03-11,1154.24,1154.24,1154.24,1154.24,0,0
2015-03-12,1159.11,1159.11,1159.11,1159.11,0,0
2015-03-13,1160.9,1160.9,1160.9,1160.9,0,0
2015-03-16,1174.28,1174.28,1174.28,1174.28,0,0
2015-03-17,1173.09,1173.09,1173.09,1173.09,0,0
2015-03-18,1168.11,1168.11,1168.11,1168.11,0,0
2015-03-19,1176.93,1176.93,1176.93,1176.93,0,0
2015-03-20,1178.97,1178.97,1178.97,1178.97,0,0
2015-03-23,1171.52,1171.52,1171.52,1171.52,0,0
2015-03-24,1175.91,1175.91,1175.91,1175.91,0,0
2015-03-25,1169.22,1169.22,1169.22,1169.22,0,0
2015-03-26,1133.92,1133.92,1133.92,1133.92,0,0
2015-03-27,1154.53,1154.53,1154.53,1154.53,0,0
2015-03-30,1167.31,1167.31,1167.31,1167.31,0,0
2015-03-31,1174.75,1174.75,1174.75,1174.75,0,0
2015-04-01,1168.66,1168.66,1168.66,1168.66,0,0
2015-04-02,1164.9,1164.9,1164.9,1164.9,0,0
2015-04-07,1180.38,1180.38,1180.38,1180.38,0,0
2015-04-08,1184.44,1184.44,1184.44,1184.44,0,0
2015-04-09,1193.61,1193.61,1193.61,1193.61,0,0
2015-04-10,1208.46,1208.46,1208.46,1208.46,0,0
2015-04-13,1212.83,1212.83,1212.83,1212.83,0,0
2015-04-14,1212.55,1212.55,1212.55,1212.55,0,0
2015-04-15,1216.01,1216.01,1216.01,1216.01,0,0
2015-04-16,1208.28,1208.28,1208.28,1208.28,0,0
2015-04-17,1200.47,1200.47,1200.47,1200.47,0,0
2015-04-20,1190.71,1190.71,1190.71,1190.71,0,0
2015-04-21,1207.67,1207.67,1207.67,1207.67,0,0
2015-04-22,1197.87,1197.87,1197.87,1197.87,0,0
2015-04-23,1196.55,1196.55,1196.55,1196.55,0,0
2015-04-24,1200.04,1200.04,1200.04,1200.04,0,0
2015-04-27,1196.71,1196.71,1196.71,1196.71,0,0
2015-04-28,1200.36,1200.36,1200.36,1200.36,0,0
2015-04-29,1190.3,1190.3,1190.3,1190.3,0,0
2015-04-30,1158.74,1158.74,1158.74,1158.74,0,0
2015-05-04,1164.35,1164.35,1164.35,1164.35,0,0
2015-05-05,1180.04,1180.04,1180.04,1180.04,0,0
2015-05-06,1149.6,1149.6,1149.6,1149.6,0,0
2015-05-07,1127.04,1127.04,1127.04,1127.04,0,0
2015-05-08,1161.74,1161.74,1161.74,1161.74,0,0
2015-05-11,1173.16,1173.16,1173.16,1173.16,0,0
2015-05-12,1154.11,1154.11,1154.11,1154.11,0,0
2015-05-13,1169.36,1169.36,1169.36,1169.36,0,0
2015-05-15,1177.95,1177.95,1177.95,1177.95,0,0
2015-05-18,1176.59,1176.59,1176.59,1176.59,0,0
2015-05-19,1199.08,1199.08,1199.08,1199.08,0,0
2015-05-20,1198.82,1198.82,1198.82,1198.82,0,0
2015-05-21,1204.51,1204.51,1204.51,1204.51,0,0
2015-05-22,1206.64,1206.64,1206.64,1206.64,0,0
2015-05-26,1207.86,1207.86,1207.86,1207.86,0,0
2015-05-27,1205.46,1205.46,1205.46,1205.46,0,0
2015-05-28,1218.34,1218.34,1218.34,1218.34,0,0
2015-05-29,1205.82,1205.82,1205.82,1205.82,0,0
2015-06-01,1201.4,1201.4,1201.4,1201.4,0,0
2015-06-02,1187.64,1187.64,1187.64,1187.64,0,0
2015-06-03,1184,1184,1184,1184,0,0
2015-06-04,1163.04,1163.04,1163.04,1163.04,0,0
2015-06-05,1161,1161,1161,1161,0,0
2015-06-08,1160.02,1160.02,1160.02,1160.02,0,0
2015-06-09,1138.94,1138.94,1138.94,1138.94,0,0
2015-06-10,1145.1,1145.1,1145.1,1145.1,0,0
2015-06-11,1169.83,1169.83,1169.83,1169.83,0,0
2015-06-12,1168.84,1168.84,1168.84,1168.84,0,0
2015-06-15,1148.71,1148.71,1148.71,1148.71,0,0
2015-06-16,1137.72,1137.72,1137.72,1137.72,0,0
2015-06-17,1155.98,1155.98,1155.98,1155.98,0,0
2015-06-18,1136.92,1136.92,1136.92,1136.92,0,0
2015-06-19,1158.21,1158.21,1158.21,1158.21,0,0
2015-06-22,1173.27,1173.27,1173.27,1173.27,0,0
2015-06-24,1187.29,1187.29,1187.29,1187.29,0,0
2015-06-25,1179.19,1179.19,1179.19,1179.19,0,0
2015-06-26,1170.79,1170.79,1170.79,1170.79,0,0
2015-06-29,1159.79,1159.79,1159.79,1159.79,0,0
2015-06-30,1145.75,1145.75,1145.75,1145.75,0,0
2015-07-01,1154.82,1154.82,1154.82,1154.82,0,0
2015-07-02,1158.3,1158.3,1158.3,1158.3,0,0
2015-07-03,1149.3,1149.3,1149.3,1149.3,0,0
2015-07-06,1137.35,1137.35,1137.35,1137.35,0,0
2015-07-07,1137.32,1137.32,1137.32,1137.32,0,0
2015-07-08,1117.4,1117.4,1117.4,1117.4,0,0
2015-07-09,1130.14,1130.14,1130.14,1130.14,0,0
2015-07-10,1155.57,1155.57,1155.57,1155.57,0,0
2015-07-13,1178.52,1178.52,1178.52,1178.52,0,0
2015-07-14,1180.56,1180.56,1180.56,1180.56,0,0
2015-07-15,1187.87,1187.87,1187.87,1187.87,0,0
2015-07-16,1209.62,1209.62,1209.62,1209.62,0,0
2015-07-17,1208.58,1208.58,1208.58,1208.58,0,0
2015-07-20,1218.83,1218.83,1218.83,1218.83,0,0
2015-07-21,1214.46,1214.46,1214.46,1214.46,0,0
2015-07-22,1201.18,1201.18,1201.18,1201.18,0,0
2015-07-23,1196.22,1196.22,1196.22,1196.22,0,0
2015-07-24,1197.55,1197.55,1197.55,1197.55,0,0
2015-07-27,1172.39,1172.39,1172.39,1172.39,0,0
2015-07-28,1165.17,1165.17,1165.17,1165.17,0,0
2015-07-29,1171.63,1171.63,1171.63,1171.63,0,0
2015-07-30,1182.8,1182.8,1182.8,1182.8,0,0
2015-07-31,1188.99,1188.99,1188.99,1188.99,0,0
2015-08-03,1194.52,1194.52,1194.52,1194.52,0,0
2015-08-04,1199.43,1199.43,1199.43,1199.43,0,0
2015-08-05,1207.07,1207.07,1207.07,1207.07,0,0
2015-08-06,1209.97,1209.97,1209.97,1209.97,0,0
2015-08-07,1196.16,1196.16,1196.16,1196.16,0,0
2015-08-10,1192.36,1192.36,1192.36,1192.36,0,0
2015-08-11,1191.09,1191.09,1191.09,1191.09,0,0
2015-08-12,1151.97,1151.97,1151.97,1151.97,0,0
2015-08-13,1171.22,1171.22,1171.22,1171.22,0,0
2015-08-14,1167.89,1167.89,1167.89,1167.89,0,0
2015-08-17,1170.01,1170.01,1170.01,1170.01,0,0
2015-08-18,1171.36,1171.36,1171.36,1171.36,0,0
2015-08-19,1161.51,1161.51,1161.51,1161.51,0,0
2015-08-20,1140.73,1140.73,1140.73,1140.73,0,0
2015-08-21,1119.99,1119.99,1119.99,1119.99,0,0
2015-08-24,1057.39,1057.39,1057.39,1057.39,0,0
2015-08-25,1064.92,1064.92,1064.92,1064.92,0,0
2015-08-26,1062.66,1062.66,1062.66,1062.66,0,0
2015-08-27,1087.93,1087.93,1087.93,1087.93,0,0
2015-08-28,1086.62,1086.62,1086.62,1086.62,0,0
2015-08-31,1091.75,1091.75,1091.75,1091.75,0,0
2015-09-01,1064.41,1064.41,1064.41,1064.41,0,0
2015-09-02,1068.76,1068.76,1068.76,1068.76,0,0
2015-09-03,1090.93,1090.93,1090.93,1090.93,0,0
2015-09-04,1075.34,1075.34,1075.34,1075.34,0,0
2015-09-07,1070.52,1070.52,1070.52,1070.52,0,0
2015-09-08,1088.09,1088.09,1088.09,1088.09,0,0
2015-09-09,1100.64,1100.64,1100.64,1100.64,0,0
2015-09-10,1087.64,1087.64,1087.64,1087.64,0,0
2015-09-11,1074.31,1074.31,1074.31,1074.31,0,0
2015-09-14,1078.21,1078.21,1078.21,1078.21,0,0
2015-09-15,1069.24,1069.24,1069.24,1069.24,0,0
2015-09-16,1096.53,1096.53,1096.53,1096.53,0,0
2015-09-17,1096.46,1096.46,1096.46,1096.46,0,0
2015-09-18,1087.19,1087.19,1087.19,1087.19,0,0
2015-09-21,1090.17,1090.17,1090.17,1090.17,0,0
2015-09-22,1079.23,1079.23,1079.23,1079.23,0,0
2015-09-23,1072.96,1072.96,1072.96,1072.96,0,0
2015-09-24,1064.21,1064.21,1064.21,1064.21,0,0
2015-09-25,1076.8,1076.8,1076.8,1076.8,0,0
2015-09-28,1073.19,1073.19,1073.19,1073.19,0,0
2015-09-29,1053.65,1053.65,1053.65,1053.65,0,0
2015-09-30,1066.69,1066.69,1066.69,1066.69,0,0
2015-10-01,1088.24,1088.24,1088.24,1088.24,0,0
2015-10-02,1085.93,1085.93,1085.93,1085.93,0,0
2015-10-05,1097.19,1097.19,1097.19,1097.19,0,0
2015-10-06,1106.93,1106.93,1106.93,1106.93,0,0
2015-10-07,1114.8,1114.8,1114.8,1114.8,0,0
2015-10-08,1101.49,1101.49,1101.49,1101.49,0,0
2015-10-09,1112.22,1112.22,1112.22,1112.22,0,0
2015-10-12,1108.55,1108.55,1108.55,1108.55,0,0
2015-10-13,1100.78,1100.78,1100.78,1100.78,0,0
2015-10-14,1095.56,1095.56,1095.56,1095.56,0,0
2015-10-15,1106.49,1106.49,1106.49,1106.49,0,0
2015-10-16,1117.26,1117.26,1117.26,1117.26,0,0
2015-10-19,1118.25,1118.25,1118.25,1118.25,0,0
2015-10-20,1115.11,1115.11,1115.11,1115.11,0,0
2015-10-21,1116.91,1116.91,1116.91,1116.91,0,0
2015-10-22,1123.34,1123.34,1123.34,1123.34,0,0
2015-10-23,1153.08,1153.08,1153.08,1153.08,0,0
2015-10-26,1163.02,1163.02,1163.02,1163.02,0,0
2015-10-27,1160.33,1160.33,1160.33,1160.33,0,0
2015-10-28,1161.98,1161.98,1161.98,1161.98,0,0
2015-10-29,1168.76,1168.76,1168.76,1168.76,0,0
2015-10-30,1169.46,1169.46,1169.46,1169.46,0,0
2015-11-02,1175.31,1175.31,1175.31,1175.31,0,0
2015-11-03,1170.81,1170.81,1170.81,1170.81,0,0
2015-11-04,1185.88,1185.88,1185.88,1185.88,0,0
2015-11-05,1185.43,1185.43,1185.43,1185.43,0,0
2015-11-06,1173.7,1173.7,1173.7,1173.7,0,0
2015-11-09,1181.89,1181.89,1181.89,1181.89,0,0
2015-11-10,1171.47,1171.47,1171.47,1171.47,0,0
2015-11-11,1186.89,1186.89,1186.89,1186.89,0,0
2015-11-12,1188.09,1188.09,1188.09,1188.09,0,0
2015-11-13,1163.68,1163.68,1163.68,1163.68,0,0
2015-11-16,1160.98,1160.98,1160.98,1160.98,0,0
2015-11-17,1183.95,1183.95,1183.95,1183.95,0,0
2015-11-18,1183.31,1183.31,1183.31,1183.31,0,0
2015-11-19,1201.77,1201.77,1201.77,1201.77,0,0
2015-11-20,1196.39,1196.39,1196.39,1196.39,0,0
2015-11-23,1195.22,1195.22,1195.22,1195.22,0,0
2015-11-24,1182.97,1182.97,1182.97,1182.97,0,0
2015-11-25,1192.72,1192.72,1192.72,1192.72,0,0
2015-11-26,1208.52,1208.52,1208.52,1208.52,0,0
2015-11-27,1208.47,1208.47,1208.47,1208.47,0,0
2015-11-30,1216.72,1216.72,1216.72,1216.72,0,0
2015-12-01,1220.65,1220.65,1220.65,1220.65,0,0
2015-12-02,1224.7,1224.7,1224.7,1224.7,0,0
2015-12-03,1230.23,1230.23,1230.23,1230.23,0,0
2015-12-04,1181.41,1181.41,1181.41,1181.41,0,0
2015-12-07,1205.67,1205.67,1205.67,1205.67,0,0
2015-12-08,1189.73,1189.73,1189.73,1189.73,0,0
2015-12-09,1170.85,1170.85,1170.85,1170.85,0,0
2015-12-10,1161.79,1161.79,1161.79,1161.79,0,0
2015-12-11,1157.67,1157.67,1157.67,1157.67,0,0
2015-12-14,1150.03,1150.03,1150.03,1150.03,0,0
2015-12-15,1129.36,1129.36,1129.36,1129.36,0,0
2015-12-16,1143.27,1143.27,1143.27,1143.27,0,0
2015-12-17,1166.06,1166.06,1166.06,1166.06,0,0
2015-12-18,1148.99,1148.99,1148.99,1148.99,0,0
2015-12-21,1149,1149,1149,1149,0,0
2015-12-22,1127.32,1127.32,1127.32,1127.32,0,0
2015-12-23,1144.62,1144.62,1144.62,1144.62,0,0
2015-12-28,1153.69,1153.69,1153.69,1153.69,0,0
2015-12-29,1163.56,1163.56,1163.56,1163.56,0,0
2015-12-30,1166.61,1166.61,1166.61,1166.61,0,0
2015-12-31,1164.25,1164.25,1164.25,1164.25,0,0
2016-01-04,1131.08,1131.08,1131.08,1131.08,0,0
2016-01-05,1126.55,1126.55,1126.55,1126.55,0,0
2016-01-06,1119.49,1119.49,1119.49,1119.49,0,0
2016-01-07,1083.43,1083.43,1083.43,1083.43,0,0
2016-01-08,1102.3,1102.3,1102.3,1102.3,0,0
2016-01-11,1081.77,1081.77,1081.77,1081.77,0,0
2016-01-12,1087.43,1087.43,1087.43,1087.43,0,0
2016-01-13,1098.28,1098.28,1098.28,1098.28,0,0
2016-01-14,1062.06,1062.06,1062.06,1062.06,0,0
2016-01-15,1057.39,1057.39,1057.39,1057.39,0,0
2016-01-18,1040.43,1040.43,1040.43,1040.43,0,0
2016-01-19,1059.53,1059.53,1059.53,1059.53,0,0
2016-01-20,1028.01,1028.01,1028.01,1028.01,0,0
2016-01-21,1030.64,1030.64,1030.64,1030.64,0,0
2016-01-22,1062.77,1062.77,1062.77,1062.77,0,0
2016-01-25,1072.85,1072.85,1072.85,1072.85,0,0
2016-01-26,1057.94,1057.94,1057.94,1057.94,0,0
2016-01-27,1072.25,1072.25,1072.25,1072.25,0,0
2016-01-28,1083.53,1083.53,1083.53,1083.53,0,0
2016-01-29,1079.63,1079.63,1079.63,1079.63,0,0
2016-02-01,1082.92,1082.92,1082.92,1082.92,0,0
2016-02-02,1072.86,1072.86,1072.86,1072.86,0,0
2016-02-03,1062.18,1062.18,1062.18,1062.18,0,0
2016-02-04,1055.48,1055.48,1055.48,1055.48,0,0
2016-02-05,1045.01,1045.01,1045.01,1045.01,0,0
2016-02-08,999.82,999.82,999.82,999.82,0,0
2016-02-09,984.22,984.22,984.22,984.22,0,0
2016-02-10,1000.01,1000.01,1000.01,1000.01,0,0
2016-02-11,973.37,973.37,973.37,973.37,0,0
2016-02-12,979.56,979.56,979.56,979.56,0,0
2016-02-15,1018.22,1018.22,1018.22,1018.22,0,0
2016-02-16,1020.52,1020.52,1020.52,1020.52,0,0
2016-02-17,1033.24,1033.24,1033.24,1033.24,0,0
2016-02-18,1040.99,1040.99,1040.99,1040.99,0,0
2016-02-19,1046.66,1046.66,1046.66,1046.66,0,0
2016-02-22,1057.08,1057.08,1057.08,1057.08,0,0
2016-02-23,1049.51,1049.51,1049.51,1049.51,0,0
2016-02-24,1028.6,1028.6,1028.6,1028.6,0,0
2016-02-25,1029.97,1029.97,1029.97,1029.97,0,0
2016-02-26,1056.05,1056.05,1056.05,1056.05,0,0
2016-02-29,1040.72,1040.72,1040.72,1040.72,0,0
2016-03-01,1063.63,1063.63,1063.63,1063.63,0,0
2016-03-02,1071.82,1071.82,1071.82,1071.82,0,0
2016-03-03,1065.37,1065.37,1065.37,1065.37,0,0
2016-03-04,1063.18,1063.18,1063.18,1063.18,0,0
2016-03-07,1068.17,1068.17,1068.17,1068.17,0,0
2016-03-08,1060.63,1060.63,1060.63,1060.63,0,0
2016-03-09,1071.09,1071.09,1071.09,1071.09,0,0
2016-03-10,1070.83,1070.83,1070.83,1070.83,0,0
2016-03-11,1068.56,1068.56,1068.56,1068.56,0,0
2016-03-14,1082.5,1082.5,1082.5,1082.5,0,0
2016-03-15,1078.15,1078.15,1078.15,1078.15,0,0
2016-03-16,1074.02,1074.02,1074.02,1074.02,0,0
2016-03-17,1061.75,1061.75,1061.75,1061.75,0,0
2016-03-18,1071.18,1071.18,1071.18,1071.18,0,0
2016-03-21,1077.69,1077.69,1077.69,1077.69,0,0
2016-03-22,1068.19,1068.19,1068.19,1068.19,0,0
2016-03-23,1083.16,1083.16,1083.16,1083.16,0,0
2016-03-24,1071.79,1071.79,1071.79,1071.79,0,0
2016-03-29,1078.82,1078.82,1078.82,1078.82,0,0
2016-03-30,1088.38,1088.38,1088.38,1088.38,0,0
2016-03-31,1087.19,1087.19,1087.19,1087.19,0,0
2016-04-01,1071.32,1071.32,1071.32,1071.32,0,0
2016-04-04,1079.24,1079.24,1079.24,1079.24,0,0
2016-04-05,1070.19,1070.19,1070.19,1070.19,0,0
2016-04-06,1068.1,1068.1,1068.1,1068.1,0,0
2016-04-07,1077.82,1077.82,1077.82,1077.82,0,0
2016-04-08,1070.72,1070.72,1070.72,1070.72,0,0
2016-04-11,1077.22,1077.22,1077.22,1077.22,0,0
2016-04-12,1070.01,1070.01,1070.01,1070.01,0,0
2016-04-13,1092.99,1092.99,1092.99,1092.99,0,0
2016-04-14,1098.68,1098.68,1098.68,1098.68,0,0
2016-04-15,1097.2,1097.2,1097.2,1097.2,0,0
2016-04-18,1095.18,1095.18,1095.18,1095.18,0,0
2016-04-19,1118.26,1118.26,1118.26,1118.26,0,0
2016-04-20,1114.22,1114.22,1114.22,1114.22,0,0
2016-04-21,1114.51,1114.51,1114.51,1114.51,0,0
2016-04-22,1105.47,1105.47,1105.47,1105.47,0,0
2016-04-25,1103.47,1103.47,1103.47,1103.47,0,0
2016-04-26,1104.91,1104.91,1104.91,1104.91,0,0
2016-04-27,1102.81,1102.81,1102.81,1102.81,0,0
2016-04-28,1090.64,1090.64,1090.64,1090.64,0,0
2016-04-29,1096.2,1096.2,1096.2,1096.2,0,0
2016-05-02,1086.63,1086.63,1086.63,1086.63,0,0
2016-05-03,1077.65,1077.65,1077.65,1077.65,0,0
2016-05-04,1071.62,1071.62,1071.62,1071.62,0,0
2016-05-06,1067.65,1067.65,1067.65,1067.65,0,0
2016-05-09,1083.25,1083.25,1083.25,1083.25,0,0
2016-05-10,1090.27,1090.27,1090.27,1090.27,0,0
2016-05-11,1083.84,1083.84,1083.84,1083.84,0,0
2016-05-12,1084.38,1084.38,1084.38,1084.38,0,0
2016-05-13,1074.31,1074.31,1074.31,1074.31,0,0
2016-05-17,1096.95,1096.95,1096.95,1096.95,0,0
2016-05-18,1089.52,1089.52,1089.52,1089.52,0,0
2016-05-19,1092.15,1092.15,1092.15,1092.15,0,0
2016-05-20,1104,1104,1104,1104,0,0
2016-05-23,1111.66,1111.66,1111.66,1111.66,0,0
2016-05-24,1112.41,1112.41,1112.41,1112.41,0,0
2016-05-25,1136.04,1136.04,1136.04,1136.04,0,0
2016-05-26,1132.6,1132.6,1132.6,1132.6,0,0
2016-05-27,1135.96,1135.96,1135.96,1135.96,0,0
2016-05-30,1136.77,1136.77,1136.77,1136.77,0,0
2016-05-31,1139.69,1139.69,1139.69,1139.69,0,0
2016-06-01,1133.09,1133.09,1133.09,1133.09,0,0
2016-06-02,1129.04,1129.04,1129.04,1129.04,0,0
2016-06-03,1134.79,1134.79,1134.79,1134.79,0,0
2016-06-06,1121.62,1121.62,1121.62,1121.62,0,0
2016-06-07,1136.78,1136.78,1136.78,1136.78,0,0
2016-06-08,1128.43,1128.43,1128.43,1128.43,0,0
2016-06-09,1119.88,1119.88,1119.88,1119.88,0,0
2016-06-10,1105.5,1105.5,1105.5,1105.5,0,0
2016-06-13,1077.99,1077.99,1077.99,1077.99,0,0
2016-06-14,1058.05,1058.05,1058.05,1058.05,0,0
2016-06-15,1067.08,1067.08,1067.08,1067.08,0,0
2016-06-16,1055.18,1055.18,1055.18,1055.18,0,0
2016-06-17,1066.36,1066.36,1066.36,1066.36,0,0
2016-06-20,1096.07,1096.07,1096.07,1096.07,0,0
2016-06-21,1103.36,1103.36,1103.36,1103.36,0,0
2016-06-22,1107.67,1107.67,1107.67,1107.67,0,0
2016-06-24,1067.08,1067.08,1067.08,1067.08,0,0
2016-06-27,1049.17,1049.17,1049.17,1049.17,0,0
2016-06-28,1045.01,1045.01,1045.01,1045.01,0,0
2016-06-29,1064.84,1064.84,1064.84,1064.84,0,0
2016-06-30,1083.39,1083.39,1083.39,1083.39,0,0
2016-07-01,1094.88,1094.88,1094.88,1094.88,0,0
2016-07-04,1095.82,1095.82,1095.82,1095.82,0,0
2016-07-05,1077.77,1077.77,1077.77,1077.77,0,0
2016-07-06,1064.53,1064.53,1064.53,1064.53,0,0
2016-07-07,1076.04,1076.04,1076.04,1076.04,0,0
2016-07-08,1073.09,1073.09,1073.09,1073.09,0,0
2016-07-11,1091.36,1091.36,1091.36,1091.36,0,0
2016-07-12,1112.41,1112.41,1112.41,1112.41,0,0
2016-07-13,1111,1111,1111,1111,0,0
2016-07-14,1117.59,1117.59,1117.59,1117.59,0,0
2016-07-15,1109.49,1109.49,1109.49,1109.49,0,0
2016-07-18,1119.47,1119.47,1119.47,1119.47,0,0
2016-07-19,1111.48,1111.48,1111.48,1111.48,0,0
2016-07-20,1130.39,1130.39,1130.39,1130.39,0,0
2016-07-21,1127.37,1127.37,1127.37,1127.37,0,0
2016-07-22,1123.28,1123.28,1123.28,1123.28,0,0
2016-07-25,1137.57,1137.57,1137.57,1137.57,0,0
2016-07-26,1134.81,1134.81,1134.81,1134.81,0,0
2016-07-27,1139.61,1139.61,1139.61,1139.61,0,0
2016-07-28,1136.74,1136.74,1136.74,1136.74,0,0
2016-07-29,1132.39,1132.39,1132.39,1132.39,0,0
2016-08-01,1137.47,1137.47,1137.47,1137.47,0,0
2016-08-02,1120.31,1120.31,1120.31,1120.31,0,0
2016-08-03,1117.87,1117.87,1117.87,1117.87,0,0
2016-08-04,1119.57,1119.57,1119.57,1119.57,0,0
2016-08-05,1125.27,1125.27,1125.27,1125.27,0,0
2016-08-08,1130.9,1130.9,1130.9,1130.9,0,0
2016-08-09,1132.19,1132.19,1132.19,1132.19,0,0
2016-08-10,1144.14,1144.14,1144.14,1144.14,0,0
2016-08-11,1143.19,1143.19,1143.19,1143.19,0,0
2016-08-12,1150.87,1150.87,1150.87,1150.87,0,0
2016-08-16,1143.33,1143.33,1143.33,1143.33,0,0
2016-08-17,1135.31,1135.31,1135.31,1135.31,0,0
2016-08-18,1138.56,1138.56,1138.56,1138.56,0,0
2016-08-19,1134.08,1134.08,1134.08,1134.08,0,0
2016-08-22,1143.99,1143.99,1143.99,1143.99,0,0
2016-08-23,1145.34,1145.34,1145.34,1145.34,0,0
2016-08-24,1147.42,1147.42,1147.42,1147.42,0,0
2016-08-25,1133.71,1133.71,1133.71,1133.71,0,0
2016-08-26,1134.14,1134.14,1134.14,1134.14,0,0
2016-08-29,1137.32,1137.32,1137.32,1137.32,0,0
2016-08-30,1143.38,1143.38,1143.38,1143.38,0,0
2016-08-31,1141.55,1141.55,1141.55,1141.55,0,0
2016-09-01,1141.8,1141.8,1141.8,1141.8,0,0
2016-09-02,1137.53,1137.53,1137.53,1137.53,0,0
2016-09-05,1152.61,1152.61,1152.61,1152.61,0,0
2016-09-06,1149.52,1149.52,1149.52,1149.52,0,0
2016-09-07,1151.07,1151.07,1151.07,1151.07,0,0
2016-09-08,1152.7,1152.7,1152.7,1152.7,0,0
2016-09-09,1138.37,1138.37,1138.37,1138.37,0,0
2016-09-12,1109.9,1109.9,1109.9,1109.9,0,0
2016-09-13,1127.17,1127.17,1127.17,1127.17,0,0
2016-09-14,1123.51,1123.51,1123.51,1123.51,0,0
2016-09-15,1121.08,1121.08,1121.08,1121.08,0,0
2016-09-16,1126.81,1126.81,1126.81,1126.81,0,0
2016-09-19,1131.24,1131.24,1131.24,1131.24,0,0
2016-09-20,1138.3,1138.3,1138.3,1138.3,0,0
2016-09-21,1142.02,1142.02,1142.02,1142.02,0,0
2016-09-22,1148.53,1148.53,1148.53,1148.53,0,0
2016-09-23,1146.25,1146.25,1146.25,1146.25,0,0
2016-09-26,1132.59,1132.59,1132.59,1132.59,0,0
2016-09-27,1131.33,1131.33,1131.33,1131.33,0,0
2016-09-28,1143.48,1143.48,1143.48,1143.48,0,0
2016-09-29,1144.65,1144.65,1144.65,1144.65,0,0
2016-09-30,1128.74,1128.74,1128.74,1128.74,0,0
2016-10-03,1138.6,1138.6,1138.6,1138.6,0,0
2016-10-04,1143.66,1143.66,1143.66,1143.66,0,0
2016-10-05,1137.44,1137.44,1137.44,1137.44,0,0
2016-10-06,1136.21,1136.21,1136.21,1136.21,0,0
2016-10-07,1123.46,1123.46,1123.46,1123.46,0,0
2016-10-10,1115.17,1115.17,1115.17,1115.17,0,0
2016-10-11,1122.54,1122.54,1122.54,1122.54,0,0
2016-10-12,1118.5,1118.5,1118.5,1118.5,0,0
2016-10-13,1110.59,1110.59,1110.59,1110.59,0,0
2016-10-14,1120.41,1120.41,1120.41,1120.41,0,0
2016-10-17,1113.34,1113.34,1113.34,1113.34,0,0
2016-10-18,1123.18,1123.18,1123.18,1123.18,0,0
2016-10-19,1125.04,1125.04,1125.04,1125.04,0,0
2016-10-20,1126.66,1126.66,1126.66,1126.66,0,0
2016-10-21,1133.51,1133.51,1133.51,1133.51,0,0
2016-10-24,1133.41,1133.41,1133.41,1133.41,0,0
2016-10-25,1130.18,1130.18,1130.18,1130.18,0,0
2016-10-26,1110.33,1110.33,1110.33,1110.33,0,0
2016-10-27,1110.43,1110.43,1110.43,1110.43,0,0
2016-10-28,1095.13,1095.13,1095.13,1095.13,0,0
2016-10-31,1090.44,1090.44,1090.44,1090.44,0,0
2016-11-02,1073.4,1073.4,1073.4,1073.4,0,0
2016-11-03,1070.24,1070.24,1070.24,1070.24,0,0
2016-11-04,1060.6,1060.6,1060.6,1060.6,0,0
2016-11-07,1070.29,1070.29,1070.29,1070.29,0,0
2016-11-08,1077.83,1077.83,1077.83,1077.83,0,0
2016-11-09,1074.16,1074.16,1074.16,1074.16,0,0
2016-11-10,1098.56,1098.56,1098.56,1098.56,0,0
2016-11-11,1079.65,1079.65,1079.65,1079.65,0,0
2016-11-14,1084.1,1084.1,1084.1,1084.1,0,0
2016-11-15,1073.91,1073.91,1073.91,1073.91,0,0
2016-11-16,1078.37,1078.37,1078.37,1078.37,0,0
2016-11-17,1081.15,1081.15,1081.15,1081.15,0,0
2016-11-18,1090.8,1090.8,1090.8,1090.8,0,0
2016-11-21,1087.36,1087.36,1087.36,1087.36,0,0
2016-11-22,1091.83,1091.83,1091.83,1091.83,0,0
2016-11-23,1092.64,1092.64,1092.64,1092.64,0,0
2016-11-24,1097,1097,1097,1097,0,0
2016-11-25,1098.38,1098.38,1098.38,1098.38,0,0
2016-11-28,1097.31,1097.31,1097.31,1097.31,0,0
2016-11-29,1099.1,1099.1,1099.1,1099.1,0,0
2016-11-30,1105.12,1105.12,1105.12,1105.12,0,0
2016-12-01,1093.05,1093.05,1093.05,1093.05,0,0
2016-12-02,1079.31,1079.31,1079.31,1079.31,0,0
2016-12-05,1100.59,1100.59,1100.59,1100.59,0,0
2016-12-06,1091.72,1091.72,1091.72,1091.72,0,0
2016-12-07,1096.74,1096.74,1096.74,1096.74,0,0
2016-12-08,1095.77,1095.77,1095.77,1095.77,0,0
2016-12-09,1109.08,1109.08,1109.08,1109.08,0,0
2016-12-12,1110.08,1110.08,1110.08,1110.08,0,0
2016-12-13,1114.02,1114.02,1114.02,1114.02,0,0
2016-12-14,1115.09,1115.09,1115.09,1115.09,0,0
2016-12-15,1104.72,1104.72,1104.72,1104.72,0,0
2016-12-16,1110.27,1110.27,1110.27,1110.27,0,0
2016-12-19,1116.14,1116.14,1116.14,1116.14,0,0
2016-12-20,1122.09,1122.09,1122.09,1122.09,0,0
2016-12-21,1121.67,1121.67,1121.67,1121.67,0,0
2016-12-22,1119.25,1119.25,1119.25,1119.25,0,0
2016-12-23,1122.8,1122.8,1122.8,1122.8,0,0
2016-12-27,1126.12,1126.12,1126.12,1126.12,0,0
2016-12-28,1127.32,1127.32,1127.32,1127.32,0,0
2016-12-29,1130.32,1130.32,1130.32,1130.32,0,0
2016-12-30,1125.85,1125.85,1125.85,1125.85,0,0
2017-01-02,1134.97,1134.97,1134.97,1134.97,0,0
2017-01-03,1142.69,1142.69,1142.69,1142.69,0,0
2017-01-04,1136.9,1136.9,1136.9,1136.9,0,0
2017-01-05,1136.98,1136.98,1136.98,1136.98,0,0
2017-01-06,1134.77,1134.77,1134.77,1134.77,0,0
2017-01-09,1135.2,1135.2,1135.2,1135.2,0,0
2017-01-10,1135.6,1135.6,1135.6,1135.6,0,0
2017-01-11,1136.88,1136.88,1136.88,1136.88,0,0
2017-01-12,1134.24,1134.24,1134.24,1134.24,0,0
2017-01-13,1141.57,1141.57,1141.57,1141.57,0,0
2017-01-16,1143.57,1143.57,1143.57,1143.57,0,0
2017-01-17,1135.57,1135.57,1135.57,1135.57,0,0
2017-01-18,1137.9,1137.9,1137.9,1137.9,0,0
2017-01-19,1137.88,1137.88,1137.88,1137.88,0,0
2017-01-20,1138.73,1138.73,1138.73,1138.73,0,0
2017-01-23,1137.45,1137.45,1137.45,1137.45,0,0
2017-01-24,1137.9,1137.9,1137.9,1137.9,0,0
2017-01-25,1147,1147,1147,1147,0,0
2017-01-26,1156.98,1156.98,1156.98,1156.98,0,0
2017-01-27,1150.96,1150.96,1150.96,1150.96,0,0
2017-01-30,1145.28,1145.28,1145.28,1145.28,0,0
2017-01-31,1146.58,1146.58,1146.58,1146.58,0,0
2017-02-01,1149.83,1149.83,1149.83,1149.83,0,0
2017-02-02,1150.56,1150.56,1150.56,1150.56,0,0
2017-02-03,1155.9,1155.9,1155.9,1155.9,0,0
2017-02-06,1155.48,1155.48,1155.48,1155.48,0,0
2017-02-07,1157.31,1157.31,1157.31,1157.31,0,0
2017-02-08,1164.92,1164.92,1164.92,1164.92,0,0
2017-02-09,1162.32,1162.32,1162.32,1162.32,0,0
2017-02-10,1169.55,1169.55,1169.55,1169.55,0,0
2017-02-13,1173.95,1173.95,1173.95,1173.95,0,0
2017-02-14,1173.69,1173.69,1173.69,1173.69,0,0
2017-02-15,1175.32,1175.32,1175.32,1175.32,0,0
2017-02-16,1178.08,1178.08,1178.08,1178.08,0,0
2017-02-17,1174.09,1174.09,1174.09,1174.09,0,0
2017-02-20,1182.32,1182.32,1182.32,1182.32,0,0
2017-02-21,1186.96,1186.96,1186.96,1186.96,0,0
2017-02-22,1196.99,1196.99,1196.99,1196.99,0,0
2017-02-23,1195.82,1195.82,1195.82,1195.82,0,0
2017-02-24,1193.33,1193.33,1193.33,1193.33,0,0
2017-02-27,1184.1,1184.1,1184.1,1184.1,0,0
2017-02-28,1182.58,1182.58,1182.58,1182.58,0,0
2017-03-01,1193.22,1193.22,1193.22,1193.22,0,0
2017-03-02,1195.65,1195.65,1195.65,1195.65,0,0
2017-03-03,1191.95,1191.95,1191.95,1191.95,0,0
2017-03-06,1188.78,1188.78,1188.78,1188.78,0,0
2017-03-07,1188.78,1188.78,1188.78,1188.78,0,0
2017-03-08,1185.87,1185.87,1185.87,1185.87,0,0
2017-03-09,1184.14,1184.14,1184.14,1184.14,0,0
2017-03-10,1191.35,1191.35,1191.35,1191.35,0,0
2017-03-13,1190.21,1190.21,1190.21,1190.21,0,0
2017-03-14,1196.26,1196.26,1196.26,1196.26,0,0
2017-03-15,1198.72,1198.72,1198.72,1198.72,0,0
2017-03-16,1209.13,1209.13,1209.13,1209.13,0,0
2017-03-17,1211.35,1211.35,1211.35,1211.35,0,0
2017-03-20,1214.28,1214.28,1214.28,1214.28,0,0
2017-03-21,1216.03,1216.03,1216.03,1216.03,0,0
2017-03-22,1198.57,1198.57,1198.57,1198.57,0,0
2017-03-23,1202.83,1202.83,1202.83,1202.83,0,0
2017-03-24,1208.94,1208.94,1208.94,1208.94,0,0
2017-03-27,1208.27,1208.27,1208.27,1208.27,0,0
2017-03-28,1214.36,1214.36,1214.36,1214.36,0,0
2017-03-29,1215.71,1215.71,1215.71,1215.71,0,0
2017-03-30,1221.33,1221.33,1221.33,1221.33,0,0
2017-03-31,1224.35,1224.35,1224.35,1224.35,0,0
2017-04-03,1234.7,1234.7,1234.7,1234.7,0,0
2017-04-04,1230.22,1230.22,1230.22,1230.22,0,0
2017-04-05,1231.57,1231.57,1231.57,1231.57,0,0
2017-04-06,1229.87,1229.87,1229.87,1229.87,0,0
2017-04-07,1229.57,1229.57,1229.57,1229.57,0,0
2017-04-10,1238.43,1238.43,1238.43,1238.43,0,0
2017-04-11,1239.83,1239.83,1239.83,1239.83,0,0
2017-04-12,1247.39,1247.39,1247.39,1247.39,0,0
2017-04-13,1244.82,1244.82,1244.82,1244.82,0,0
2017-04-18,1243.01,1243.01,1243.01,1243.01,0,0
2017-04-19,1241.48,1241.48,1241.48,1241.48,0,0
2017-04-20,1242.63,1242.63,1242.63,1242.63,0,0
2017-04-21,1240.65,1240.65,1240.65,1240.65,0,0
2017-04-24,1260.13,1260.13,1260.13,1260.13,0,0
2017-04-25,1268.24,1268.24,1268.24,1268.24,0,0
2017-04-26,1267.49,1267.49,1267.49,1267.49,0,0
2017-04-27,1267.61,1267.61,1267.61,1267.61,0,0
2017-04-28,1272.91,1272.91,1272.91,1272.91,0,0
2017-05-02,1275.06,1275.06,1275.06,1275.06,0,0
2017-05-03,1287.18,1287.18,1287.18,1287.18,0,0
2017-05-04,1290.87,1290.87,1290.87,1290.87,0,0
2017-05-05,1293.32,1293.32,1293.32,1293.32,0,0
2017-05-08,1294.37,1294.37,1294.37,1294.37,0,0
2017-05-09,1300.79,1300.79,1300.79,1300.79,0,0
2017-05-10,1301.08,1301.08,1301.08,1301.08,0,0
2017-05-11,1302.17,1302.17,1302.17,1302.17,0,0
2017-05-12,1296.36,1296.36,1296.36,1296.36,0,0
2017-05-15,1298.3,1298.3,1298.3,1298.3,0,0
2017-05-16,1293.41,1293.41,1293.41,1293.41,0,0
2017-05-17,1294.59,1294.59,1294.59,1294.59,0,0
2017-05-18,1277.29,1277.29,1277.29,1277.29,0,0
2017-05-19,1283.67,1283.67,1283.67,1283.67,0,0
2017-05-22,1287.23,1287.23,1287.23,1287.23,0,0
2017-05-23,1283.29,1283.29,1283.29,1283.29,0,0
2017-05-24,1289.31,1289.31,1289.31,1289.31,0,0
2017-05-26,1290.22,1290.22,1290.22,1290.22,0,0
2017-05-30,1290.64,1290.64,1290.64,1290.64,0,0
2017-05-31,1294.31,1294.31,1294.31,1294.31,0,0
2017-06-01,1299.41,1299.41,1299.41,1299.41,0,0
2017-06-02,1306.12,1306.12,1306.12,1306.12,0,0
2017-06-06,1299.73,1299.73,1299.73,1299.73,0,0
2017-06-07,1295.25,1295.25,1295.25,1295.25,0,0
2017-06-08,1295.2,1295.2,1295.2,1295.2,0,0
2017-06-09,1291.18,1291.18,1291.18,1291.18,0,0
2017-06-12,1276.28,1276.28,1276.28,1276.28,0,0
2017-06-13,1282.28,1282.28,1282.28,1282.28,0,0
2017-06-14,1293.5,1293.5,1293.5,1293.5,0,0
2017-06-15,1277.96,1277.96,1277.96,1277.96,0,0
2017-06-16,1286.34,1286.34,1286.34,1286.34,0,0
2017-06-19,1303.74,1303.74,1303.74,1303.74,0,0
2017-06-20,1307.87,1307.87,1307.87,1307.87,0,0
2017-06-21,1292.06,1292.06,1292.06,1292.06,0,0
2017-06-22,1292.67,1292.67,1292.67,1292.67,0,0
2017-06-26,1300.62,1300.62,1300.62,1300.62,0,0
2017-06-27,1283.96,1283.96,1283.96,1283.96,0,0
2017-06-28,1269.66,1269.66,1269.66,1269.66,0,0
2017-06-29,1269.55,1269.55,1269.55,1269.55,0,0
2017-06-30,1257.46,1257.46,1257.46,1257.46,0,0
2017-07-03,1257.08,1257.08,1257.08,1257.08,0,0
2017-07-04,1253.97,1253.97,1253.97,1253.97,0,0
2017-07-05,1253.23,1253.23,1253.23,1253.23,0,0
2017-07-06,1254.02,1254.02,1254.02,1254.02,0,0
2017-07-07,1239.99,1239.99,1239.99,1239.99,0,0
2017-07-10,1250.96,1250.96,1250.96,1250.96,0,0
2017-07-11,1243.84,1243.84,1243.84,1243.84,0,0
2017-07-12,1246.97,1246.97,1246.97,1246.97,0,0
2017-07-13,1266.92,1266.92,1266.92,1266.92,0,0
2017-07-14,1266.05,1266.05,1266.05,1266.05,0,0
2017-07-17,1270.73,1270.73,1270.73,1270.73,0,0
2017-07-18,1265.87,1265.87,1265.87,1265.87,0,0
2017-07-19,1261.2,1261.2,1261.2,1261.2,0,0
2017-07-20,1270.95,1270.95,1270.95,1270.95,0,0
2017-07-21,1264.6,1264.6,1264.6,1264.6,0,0
2017-07-24,1245.26,1245.26,1245.26,1245.26,0,0
2017-07-25,1241.98,1241.98,1241.98,1241.98,0,0
2017-07-26,1249.72,1249.72,1249.72,1249.72,0,0
2017-07-27,1253.7,1253.7,1253.7,1253.7,0,0
2017-07-28,1239.27,1239.27,1239.27,1239.27,0,0
2017-07-31,1236.35,1236.35,1236.35,1236.35,0,0
2017-08-01,1239.23,1239.23,1239.23,1239.23,0,0
2017-08-02,1242.15,1242.15,1242.15,1242.15,0,0
2017-08-03,1238.17,1238.17,1238.17,1238.17,0,0
2017-08-04,1237.14,1237.14,1237.14,1237.14,0,0
2017-08-07,1245.75,1245.75,1245.75,1245.75,0,0
2017-08-08,1243.7,1243.7,1243.7,1243.7,0,0
2017-08-09,1239.61,1239.61,1239.61,1239.61,0,0
2017-08-10,1236.88,1236.88,1236.88,1236.88,0,0
2017-08-11,1218.63,1218.63,1218.63,1218.63,0,0
2017-08-14,1231.45,1231.45,1231.45,1231.45,0,0
2017-08-16,1248.09,1248.09,1248.09,1248.09,0,0
2017-08-17,1244.4,1244.4,1244.4,1244.4,0,0
2017-08-18,1226.58,1226.58,1226.58,1226.58,0,0
2017-08-21,1228.15,1228.15,1228.15,1228.15,0,0
2017-08-22,1233.67,1233.67,1233.67,1233.67,0,0
2017-08-23,1235.98,1235.98,1235.98,1235.98,0,0
2017-08-24,1237.71,1237.71,1237.71,1237.71,0,0
2017-08-25,1238.63,1238.63,1238.63,1238.63,0,0
2017-08-28,1229.51,1229.51,1229.51,1229.51,0,0
2017-08-29,1212.37,1212.37,1212.37,1212.37,0,0
2017-08-30,1223.16,1223.16,1223.16,1223.16,0,0
2017-08-31,1232.64,1232.64,1232.64,1232.64,0,0
2017-09-01,1245.43,1245.43,1245.43,1245.43,0,0
2017-09-04,1239.72,1239.72,1239.72,1239.72,0,0
2017-09-05,1243.94,1243.94,1243.94,1243.94,0,0
2017-09-06,1235.48,1235.48,1235.48,1235.48,0,0
2017-09-07,1241.59,1241.59,1241.59,1241.59,0,0
2017-09-08,1244.67,1244.67,1244.67,1244.67,0,0
2017-09-11,1262.51,1262.51,1262.51,1262.51,0,0
2017-09-12,1269.69,1269.69,1269.69,1269.69,0,0
2017-09-13,1262.29,1262.29,1262.29,1262.29,0,0
2017-09-14,1266.32,1266.32,1266.32,1266.32,0,0
2017-09-15,1264.1,1264.1,1264.1,1264.1,0,0
2017-09-18,1267.52,1267.52,1267.52,1267.52,0,0
2017-09-19,1265.31,1265.31,1265.31,1265.31,0,0
2017-09-20,1267.16,1267.16,1267.16,1267.16,0,0
2017-09-21,1261.31,1261.31,1261.31,1261.31,0,0
2017-09-22,1264.15,1264.15,1264.15,1264.15,0,0
2017-09-25,1267.64,1267.64,1267.64,1267.64,0,0
2017-09-26,1264.46,1264.46,1264.46,1264.46,0,0
2017-09-27,1265.87,1265.87,1265.87,1265.87,0,0
2017-09-28,1273.42,1273.42,1273.42,1273.42,0,0
2017-09-29,1277.57,1277.57,1277.57,1277.57,0,0
2017-10-02,1286.62,1286.62,1286.62,1286.62,0,0
2017-10-03,1289.5,1289.5,1289.5,1289.5,0,0
2017-10-04,1291.82,1291.82,1291.82,1291.82,0,0
2017-10-05,1287.01,1287.01,1287.01,1287.01,0,0
2017-10-06,1288.74,1288.74,1288.74,1288.74,0,0
2017-10-09,1286.97,1286.97,1286.97,1286.97,0,0
2017-10-10,1288.59,1288.59,1288.59,1288.59,0,0
2017-10-11,1290.55,1290.55,1290.55,1290.55,0,0
2017-10-12,1292.54,1292.54,1292.54,1292.54,0,0
2017-10-13,1296.92,1296.92,1296.92,1296.92,0,0
2017-10-16,1297.4,1297.4,1297.4,1297.4,0,0
2017-10-17,1295.64,1295.64,1295.64,1295.64,0,0
2017-10-18,1297.47,1297.47,1297.47,1297.47,0,0
2017-10-19,1287.67,1287.67,1287.67,1287.67,0,0
2017-10-20,1284.87,1284.87,1284.87,1284.87,0,0
2017-10-23,1290.68,1290.68,1290.68,1290.68,0,0
2017-10-24,1289.51,1289.51,1289.51,1289.51,0,0
2017-10-25,1281.19,1281.19,1281.19,1281.19,0,0
2017-10-26,1285.47,1285.47,1285.47,1285.47,0,0
2017-10-27,1308.52,1308.52,1308.52,1308.52,0,0
2017-10-30,1312.29,1312.29,1312.29,1312.29,0,0
2017-10-31,1316.67,1316.67,1316.67,1316.67,0,0
2017-11-02,1320.89,1320.89,1320.89,1320.89,0,0
2017-11-03,1315.76,1315.76,1315.76,1315.76,0,0
2017-11-06,1319.91,1319.91,1319.91,1319.91,0,0
2017-11-07,1322.26,1322.26,1322.26,1322.26,0,0
2017-11-08,1315.88,1315.88,1315.88,1315.88,0,0
2017-11-09,1309.28,1309.28,1309.28,1309.28,0,0
2017-11-10,1289,1289,1289,1289,0,0
2017-11-13,1286.18,1286.18,1286.18,1286.18,0,0
2017-11-14,1285.64,1285.64,1285.64,1285.64,0,0
2017-11-15,1268.72,1268.72,1268.72,1268.72,0,0
2017-11-16,1282.92,1282.92,1282.92,1282.92,0,0
2017-11-17,1288.3,1288.3,1288.3,1288.3,0,0
2017-11-20,1286.85,1286.85,1286.85,1286.85,0,0
2017-11-21,1297.4,1297.4,1297.4,1297.4,0,0
2017-11-22,1304.92,1304.92,1304.92,1304.92,0,0
2017-11-23,1297.4,1297.4,1297.4,1297.4,0,0
2017-11-24,1295.99,1295.99,1295.99,1295.99,0,0
2017-11-27,1297.28,1297.28,1297.28,1297.28,0,0
2017-11-28,1295.67,1295.67,1295.67,1295.67,0,0
2017-11-29,1300.68,1300.68,1300.68,1300.68,0,0
2017-11-30,1288.26,1288.26,1288.26,1288.26,0,0
2017-12-01,1277.93,1277.93,1277.93,1277.93,0,0
2017-12-04,1282.33,1282.33,1282.33,1282.33,0,0
2017-12-05,1278.81,1278.81,1278.81,1278.81,0,0
2017-12-06,1276.81,1276.81,1276.81,1276.81,0,0
2017-12-07,1289.43,1289.43,1289.43,1289.43,0,0
2017-12-08,1293.24,1293.24,1293.24,1293.24,0,0
2017-12-11,1289.8,1289.8,1289.8,1289.8,0,0
2017-12-12,1293.58,1293.58,1293.58,1293.58,0,0
2017-12-13,1295.87,1295.87,1295.87,1295.87,0,0
2017-12-14,1293.95,1293.95,1293.95,1293.95,0,0
2017-12-15,1276.87,1276.87,1276.87,1276.87,0,0
2017-12-18,1289.61,1289.61,1289.61,1289.61,0,0
2017-12-19,1295.07,1295.07,1295.07,1295.07,0,0
2017-12-20,1290.15,1290.15,1290.15,1290.15,0,0
2017-12-21,1281.5,1281.5,1281.5,1281.5,0,0
2017-12-22,1290.87,1290.87,1290.87,1290.87,0,0
2017-12-27,1286.39,1286.39,1286.39,1286.39,0,0
2017-12-28,1289.22,1289.22,1289.22,1289.22,0,0
2017-12-29,1289.02,1289.02,1289.02,1289.02,0,0
2018-01-02,1280.77,1280.77,1280.77,1280.77,0,0
2018-01-03,1288.33,1288.33,1288.33,1288.33,0,0
2018-01-04,1294.14,1294.14,1294.14,1294.14,0,0
2018-01-05,1307.37,1307.37,1307.37,1307.37,0,0
2018-01-08,1317.29,1317.29,1317.29,1317.29,0,0
2018-01-09,1321.3,1321.3,1321.3,1321.3,0,0
2018-01-10,1317.05,1317.05,1317.05,1317.05,0,0
2018-01-11,1313.2,1313.2,1313.2,1313.2,0,0
2018-01-12,1305.84,1305.84,1305.84,1305.84,0,0
2018-01-15,1308.85,1308.85,1308.85,1308.85,0,0
2018-01-16,1312.16,1312.16,1312.16,1312.16,0,0
2018-01-17,1308.63,1308.63,1308.63,1308.63,0,0
2018-01-18,1315.07,1315.07,1315.07,1315.07,0,0
2018-01-19,1327.77,1327.77,1327.77,1327.77,0,0
2018-01-22,1329.28,1329.28,1329.28,1329.28,0,0
2018-01-23,1334.63,1334.63,1334.63,1334.63,0,0
2018-01-24,1329.48,1329.48,1329.48,1329.48,0,0
2018-01-25,1321.59,1321.59,1321.59,1321.59,0,0
2018-01-26,1318.78,1318.78,1318.78,1318.78,0,0
2018-01-29,1318.19,1318.19,1318.19,1318.19,0,0
2018-01-30,1319.91,1319.91,1319.91,1319.91,0,0
2018-01-31,1316.06,1316.06,1316.06,1316.06,0,0
2018-02-01,1312.69,1312.69,1312.69,1312.69,0,0
2018-02-02,1290.66,1290.66,1290.66,1290.66,0,0
2018-02-05,1264.01,1264.01,1264.01,1264.01,0,0
2018-02-06,1238.59,1238.59,1238.59,1238.59,0,0
2018-02-07,1245.3,1245.3,1245.3,1245.3,0,0
2018-02-08,1249.9,1249.9,1249.9,1249.9,0,0
2018-02-09,1228.99,1228.99,1228.99,1228.99,0,0
2018-02-12,1240.54,1240.54,1240.54,1240.54,0,0
2018-02-13,1235.08,1235.08,1235.08,1235.08,0,0
2018-02-14,1238.99,1238.99,1238.99,1238.99,0,0
2018-02-15,1249.87,1249.87,1249.87,1249.87,0,0
2018-02-16,1262.25,1262.25,1262.25,1262.25,0,0
2018-02-19,1256.6,1256.6,1256.6,1256.6,0,0
2018-02-20,1249.73,1249.73,1249.73,1249.73,0,0
2018-02-21,1251.23,1251.23,1251.23,1251.23,0,0
2018-02-22,1247.33,1247.33,1247.33,1247.33,0,0
2018-02-23,1250.85,1250.85,1250.85,1250.85,0,0
2018-02-26,1262.51,1262.51,1262.51,1262.51,0,0
2018-02-27,1260.24,1260.24,1260.24,1260.24,0,0
2018-02-28,1259.06,1259.06,1259.06,1259.06,0,0
2018-03-01,1241.45,1241.45,1241.45,1241.45,0,0
2018-03-02,1217.55,1217.55,1217.55,1217.55,0,0
2018-03-05,1219.98,1219.98,1219.98,1219.98,0,0
2018-03-06,1235.26,1235.26,1235.26,1235.26,0,0
2018-03-07,1229.36,1229.36,1229.36,1229.36,0,0
2018-03-09,1258.13,1258.13,1258.13,1258.13,0,0
2018-03-12,1268.38,1268.38,1268.38,1268.38,0,0
2018-03-13,1269.29,1269.29,1269.29,1269.29,0,0
2018-03-14,1259,1259,1259,1259,0,0
2018-03-15,1261.21,1261.21,1261.21,1261.21,0,0
2018-03-16,1264,1264,1264,1264,0,0
2018-03-19,1257.62,1257.62,1257.62,1257.62,0,0
2018-03-20,1251.74,1251.74,1251.74,1251.74,0,0
2018-03-21,1257.49,1257.49,1257.49,1257.49,0,0
2018-03-22,1250.12,1250.12,1250.12,1250.12,0,0
2018-03-23,1217.72,1217.72,1217.72,1217.72,0,0
2018-03-26,1230.98,1230.98,1230.98,1230.98,0,0
2018-03-27,1232.78,1232.78,1232.78,1232.78,0,0
2018-03-28,1216.24,1216.24,1216.24,1216.24,0,0
2018-03-29,1239.6,1239.6,1239.6,1239.6,0,0
