Date,Open,High,Low,Close,Volume,OpenInt
2012-11-07,17.09,17.09,17.09,17.09,0,0
2012-11-09,16.75,16.75,16.75,16.75,0,0
2012-11-12,16.75,16.75,16.75,16.75,0,0
2012-11-13,16.59,16.59,16.59,16.59,0,0
2012-11-14,16.73,16.73,16.73,16.73,0,0
2012-11-15,16.53,16.53,16.53,16.53,0,0
2012-11-16,16.47,16.47,16.47,16.47,0,0
2012-11-19,16.56,16.56,16.56,16.56,0,0
2012-11-20,16.62,16.62,16.62,16.62,0,0
2012-11-21,16.69,16.69,16.69,16.69,0,0
2012-11-22,16.8,16.8,16.8,16.8,0,0
2012-11-23,16.98,16.98,16.98,16.98,0,0
2012-11-26,16.97,16.97,16.97,16.97,0,0
2012-11-27,17.01,17.01,17.01,17.01,0,0
2012-11-28,16.91,16.91,16.91,16.91,0,0
2012-11-29,17.09,17.09,17.09,17.09,0,0
2012-11-30,17.16,17.16,17.16,17.16,0,0
2012-12-03,17.1,17.1,17.1,17.1,0,0
2012-12-04,17.08,17.08,17.08,17.08,0,0
2012-12-05,17.32,17.32,17.32,17.32,0,0
2012-12-06,17.34,17.34,17.34,17.34,0,0
2012-12-07,17.42,17.42,17.42,17.42,0,0
2012-12-10,17.49,17.49,17.49,17.49,0,0
2012-12-11,17.53,17.53,17.53,17.53,0,0
2012-12-12,17.71,17.71,17.71,17.71,0,0
2012-12-13,17.75,17.75,17.75,17.75,0,0
2012-12-14,17.75,17.75,17.75,17.75,0,0
2012-12-17,17.65,17.65,17.65,17.65,0,0
2012-12-18,17.69,17.69,17.69,17.69,0,0
2012-12-19,17.78,17.78,17.78,17.78,0,0
2012-12-20,17.77,17.77,17.77,17.77,0,0
2012-12-21,17.57,17.57,17.57,17.57,0,0
2012-12-27,17.72,17.72,17.72,17.72,0,0
2012-12-28,17.84,17.84,17.84,17.84,0,0
2013-01-02,18.26,18.26,18.26,18.26,0,0
2013-01-03,18.3,18.3,18.3,18.3,0,0
2013-01-04,18.21,18.21,18.21,18.21,0,0
2013-01-07,18.18,18.18,18.18,18.18,0,0
2013-01-08,18.03,18.03,18.03,18.03,0,0
2013-01-09,18.05,18.05,18.05,18.05,0,0
2013-01-10,18.17,18.17,18.17,18.17,0,0
2013-01-11,18.11,18.11,18.11,18.11,0,0
2013-01-14,18.22,18.22,18.22,18.22,0,0
2013-01-15,18.13,18.13,18.13,18.13,0,0
2013-01-16,18.07,18.07,18.07,18.07,0,0
2013-01-17,18.02,18.02,18.02,18.02,0,0
2013-01-18,18.19,18.19,18.19,18.19,0,0
2013-01-21,18.12,18.12,18.12,18.12,0,0
2013-01-22,18.16,18.16,18.16,18.16,0,0
2013-01-23,18.1,18.1,18.1,18.1,0,0
2013-01-24,17.97,17.97,17.97,17.97,0,0
2013-01-25,17.85,17.85,17.85,17.85,0,0
2013-01-28,17.78,17.78,17.78,17.78,0,0
2013-01-29,17.91,17.91,17.91,17.91,0,0
2013-01-30,18,18,18,18,0,0
2013-01-31,17.92,17.92,17.92,17.92,0,0
2013-02-01,17.93,17.93,17.93,17.93,0,0
2013-02-04,17.97,17.97,17.97,17.97,0,0
2013-02-05,17.76,17.76,17.76,17.76,0,0
2013-02-06,17.76,17.76,17.76,17.76,0,0
2013-02-07,17.69,17.69,17.69,17.69,0,0
2013-02-08,17.72,17.72,17.72,17.72,0,0
2013-02-14,18,18,18,18,0,0
2013-02-15,18.06,18.06,18.06,18.06,0,0
2013-02-18,17.98,17.98,17.98,17.98,0,0
2013-02-19,17.93,17.93,17.93,17.93,0,0
2013-02-20,18.13,18.13,18.13,18.13,0,0
2013-02-21,17.86,17.86,17.86,17.86,0,0
2013-02-22,17.82,17.82,17.82,17.82,0,0
2013-02-25,17.8,17.8,17.8,17.8,0,0
2013-02-26,17.58,17.58,17.58,17.58,0,0
2013-02-27,17.68,17.68,17.68,17.68,0,0
2013-02-28,17.97,17.97,17.97,17.97,0,0
2013-03-01,17.98,17.98,17.98,17.98,0,0
2013-03-04,17.69,17.69,17.69,17.69,0,0
2013-03-05,17.78,17.78,17.78,17.78,0,0
2013-03-06,17.93,17.93,17.93,17.93,0,0
2013-03-07,17.85,17.85,17.85,17.85,0,0
2013-03-08,17.92,17.92,17.92,17.92,0,0
2013-03-11,17.87,17.87,17.87,17.87,0,0
2013-03-12,17.79,17.79,17.79,17.79,0,0
2013-03-13,17.66,17.66,17.66,17.66,0,0
2013-03-14,17.62,17.62,17.62,17.62,0,0
2013-03-15,17.52,17.52,17.52,17.52,0,0
2013-03-18,16.98,16.98,16.98,16.98,0,0
2013-03-19,17.02,17.02,17.02,17.02,0,0
2013-03-20,17.08,17.08,17.08,17.08,0,0
2013-03-21,17.1,17.1,17.1,17.1,0,0
2013-03-22,17.02,17.02,17.02,17.02,0,0
2013-03-25,17.24,17.24,17.24,17.24,0,0
2013-03-26,17.32,17.32,17.32,17.32,0,0
2013-03-27,17.45,17.45,17.45,17.45,0,0
2013-03-28,17.35,17.35,17.35,17.35,0,0
2013-04-02,17.31,17.31,17.31,17.31,0,0
2013-04-03,17.34,17.34,17.34,17.34,0,0
2013-04-05,16.92,16.92,16.92,16.92,0,0
2013-04-08,16.82,16.82,16.82,16.82,0,0
2013-04-09,16.94,16.94,16.94,16.94,0,0
2013-04-10,17.08,17.08,17.08,17.08,0,0
2013-04-11,17.24,17.24,17.24,17.24,0,0
2013-04-12,17.14,17.14,17.14,17.14,0,0
2013-04-15,17.04,17.04,17.04,17.04,0,0
2013-04-16,17.06,17.06,17.06,17.06,0,0
2013-04-17,17.03,17.03,17.03,17.03,0,0
2013-04-18,16.94,16.94,16.94,16.94,0,0
2013-04-19,17.17,17.17,17.17,17.17,0,0
2013-04-22,17.23,17.23,17.23,17.23,0,0
2013-04-23,17.08,17.08,17.08,17.08,0,0
2013-04-24,17.26,17.26,17.26,17.26,0,0
2013-04-25,17.41,17.41,17.41,17.41,0,0
2013-04-26,17.42,17.42,17.42,17.42,0,0
2013-04-29,17.46,17.46,17.46,17.46,0,0
2013-04-30,17.63,17.63,17.63,17.63,0,0
2013-05-02,17.62,17.62,17.62,17.62,0,0
2013-05-03,17.66,17.66,17.66,17.66,0,0
2013-05-06,17.78,17.78,17.78,17.78,0,0
2013-05-07,17.83,17.83,17.83,17.83,0,0
2013-05-08,17.96,17.96,17.96,17.96,0,0
2013-05-10,17.86,17.86,17.86,17.86,0,0
2013-05-13,17.72,17.72,17.72,17.72,0,0
2013-05-14,17.76,17.76,17.76,17.76,0,0
2013-05-15,17.84,17.84,17.84,17.84,0,0
2013-05-16,17.86,17.86,17.86,17.86,0,0
2013-05-21,17.97,17.97,17.97,17.97,0,0
2013-05-23,17.57,17.57,17.57,17.57,0,0
2013-05-24,17.59,17.59,17.59,17.59,0,0
2013-05-27,17.67,17.67,17.67,17.67,0,0
2013-05-28,17.77,17.77,17.77,17.77,0,0
2013-05-29,17.67,17.67,17.67,17.67,0,0
2013-05-30,17.6,17.6,17.6,17.6,0,0
2013-05-31,17.56,17.56,17.56,17.56,0,0
2013-06-03,17.44,17.44,17.44,17.44,0,0
2013-06-04,17.55,17.55,17.55,17.55,0,0
2013-06-05,17.37,17.37,17.37,17.37,0,0
2013-06-06,17.21,17.21,17.21,17.21,0,0
2013-06-07,17.1,17.1,17.1,17.1,0,0
2013-06-10,17.1,17.1,17.1,17.1,0,0
2013-06-11,16.88,16.88,16.88,16.88,0,0
2013-06-13,16.57,16.57,16.57,16.57,0,0
2013-06-14,16.68,16.68,16.68,16.68,0,0
2013-06-17,16.83,16.83,16.83,16.83,0,0
2013-06-18,16.9,16.9,16.9,16.9,0,0
2013-06-19,16.83,16.83,16.83,16.83,0,0
2013-06-20,16.32,16.32,16.32,16.32,0,0
2013-06-21,16.09,16.09,16.09,16.09,0,0
2013-06-24,15.67,15.67,15.67,15.67,0,0
2013-06-25,15.62,15.62,15.62,15.62,0,0
2013-06-26,15.9,15.9,15.9,15.9,0,0
2013-06-27,16.2,16.2,16.2,16.2,0,0
2013-06-28,16.53,16.53,16.53,16.53,0,0
2013-07-02,16.44,16.44,16.44,16.44,0,0
2013-07-03,16.06,16.06,16.06,16.06,0,0
2013-07-04,16.12,16.12,16.12,16.12,0,0
2013-07-05,16.23,16.23,16.23,16.23,0,0
2013-07-08,16.04,16.04,16.04,16.04,0,0
2013-07-09,16.14,16.14,16.14,16.14,0,0
2013-07-10,16.23,16.23,16.23,16.23,0,0
2013-07-11,16.73,16.73,16.73,16.73,0,0
2013-07-12,16.68,16.68,16.68,16.68,0,0
2013-07-15,16.71,16.71,16.71,16.71,0,0
2013-07-16,16.76,16.76,16.76,16.76,0,0
2013-07-17,16.79,16.79,16.79,16.79,0,0
2013-07-18,16.73,16.73,16.73,16.73,0,0
2013-07-19,16.65,16.65,16.65,16.65,0,0
2013-07-22,16.72,16.72,16.72,16.72,0,0
2013-07-23,17.01,17.01,17.01,17.01,0,0
2013-07-24,17.06,17.06,17.06,17.06,0,0
2013-07-25,17.01,17.01,17.01,17.01,0,0
2013-07-26,17.06,17.06,17.06,17.06,0,0
2013-07-29,16.97,16.97,16.97,16.97,0,0
2013-07-30,17.03,17.03,17.03,17.03,0,0
2013-07-31,16.95,16.95,16.95,16.95,0,0
2013-08-01,17.04,17.04,17.04,17.04,0,0
2013-08-02,17.1,17.1,17.1,17.1,0,0
2013-08-05,17.17,17.17,17.17,17.17,0,0
2013-08-06,17.04,17.04,17.04,17.04,0,0
2013-08-07,16.77,16.77,16.77,16.77,0,0
2013-08-08,16.83,16.83,16.83,16.83,0,0
2013-08-09,16.89,16.89,16.89,16.89,0,0
2013-08-12,17.01,17.01,17.01,17.01,0,0
2013-08-13,17.24,17.24,17.24,17.24,0,0
2013-08-16,17.16,17.16,17.16,17.16,0,0
2013-08-19,16.99,16.99,16.99,16.99,0,0
2013-08-20,16.67,16.67,16.67,16.67,0,0
2013-08-21,16.62,16.62,16.62,16.62,0,0
2013-08-22,16.57,16.57,16.57,16.57,0,0
2013-08-23,16.64,16.64,16.64,16.64,0,0
2013-08-26,16.71,16.71,16.71,16.71,0,0
2013-08-27,16.56,16.56,16.56,16.56,0,0
2013-08-28,16.46,16.46,16.46,16.46,0,0
2013-08-29,16.68,16.68,16.68,16.68,0,0
2013-08-30,16.88,16.88,16.88,16.88,0,0
2013-09-02,16.98,16.98,16.98,16.98,0,0
2013-09-03,17.07,17.07,17.07,17.07,0,0
2013-09-04,17.02,17.02,17.02,17.02,0,0
2013-09-05,17.1,17.1,17.1,17.1,0,0
2013-09-06,17.13,17.13,17.13,17.13,0,0
2013-09-09,17.36,17.36,17.36,17.36,0,0
2013-09-10,17.53,17.53,17.53,17.53,0,0
2013-09-11,17.52,17.52,17.52,17.52,0,0
2013-09-12,17.48,17.48,17.48,17.48,0,0
2013-09-13,17.43,17.43,17.43,17.43,0,0
2013-09-16,17.74,17.74,17.74,17.74,0,0
2013-09-17,17.68,17.68,17.68,17.68,0,0
2013-09-18,17.63,17.63,17.63,17.63,0,0
2013-09-23,17.85,17.85,17.85,17.85,0,0
2013-09-24,17.76,17.76,17.76,17.76,0,0
2013-09-25,17.72,17.72,17.72,17.72,0,0
2013-09-26,17.64,17.64,17.64,17.64,0,0
2013-09-27,17.71,17.71,17.71,17.71,0,0
2013-09-30,17.51,17.51,17.51,17.51,0,0
2013-10-02,17.68,17.68,17.68,17.68,0,0
2013-10-03,17.85,17.85,17.85,17.85,0,0
2013-10-04,17.83,17.83,17.83,17.83,0,0
2013-10-07,17.78,17.78,17.78,17.78,0,0
2013-10-08,17.91,17.91,17.91,17.91,0,0
2013-10-09,17.82,17.82,17.82,17.82,0,0
2013-10-10,17.85,17.85,17.85,17.85,0,0
2013-10-11,18.03,18.03,18.03,18.03,0,0
2013-10-15,18.15,18.15,18.15,18.15,0,0
2013-10-16,18.05,18.05,18.05,18.05,0,0
2013-10-17,18.16,18.16,18.16,18.16,0,0
2013-10-18,18.31,18.31,18.31,18.31,0,0
2013-10-21,18.37,18.37,18.37,18.37,0,0
2013-10-22,18.32,18.32,18.32,18.32,0,0
2013-10-23,18.15,18.15,18.15,18.15,0,0
2013-10-24,18.14,18.14,18.14,18.14,0,0
2013-10-25,18.05,18.05,18.05,18.05,0,0
2013-10-28,18.17,18.17,18.17,18.17,0,0
2013-10-29,18.13,18.13,18.13,18.13,0,0
2013-10-30,18.33,18.33,18.33,18.33,0,0
2013-10-31,18.16,18.16,18.16,18.16,0,0
2013-11-04,18.04,18.04,18.04,18.04,0,0
2013-11-05,17.94,17.94,17.94,17.94,0,0
2013-11-06,17.9,17.9,17.9,17.9,0,0
2013-11-07,17.75,17.75,17.75,17.75,0,0
2013-11-08,17.55,17.55,17.55,17.55,0,0
2013-11-11,17.59,17.59,17.59,17.59,0,0
2013-11-12,17.56,17.56,17.56,17.56,0,0
2013-11-13,17.31,17.31,17.31,17.31,0,0
2013-11-14,17.5,17.5,17.5,17.5,0,0
2013-11-15,17.77,17.77,17.77,17.77,0,0
2013-11-18,18.14,18.14,18.14,18.14,0,0
2013-11-19,18.2,18.2,18.2,18.2,0,0
2013-11-20,18.08,18.08,18.08,18.08,0,0
2013-11-21,17.89,17.89,17.89,17.89,0,0
2013-11-22,17.92,17.92,17.92,17.92,0,0
2013-11-25,17.99,17.99,17.99,17.99,0,0
2013-11-26,18.04,18.04,18.04,18.04,0,0
2013-11-27,18.1,18.1,18.1,18.1,0,0
2013-11-28,18.15,18.15,18.15,18.15,0,0
2013-11-29,18.24,18.24,18.24,18.24,0,0
2013-12-02,18.33,18.33,18.33,18.33,0,0
2013-12-03,18.22,18.22,18.22,18.22,0,0
2013-12-04,18.11,18.11,18.11,18.11,0,0
2013-12-05,18.07,18.07,18.07,18.07,0,0
2013-12-06,18.03,18.03,18.03,18.03,0,0
2013-12-09,18.22,18.22,18.22,18.22,0,0
2013-12-10,18.2,18.2,18.2,18.2,0,0
2013-12-11,18.05,18.05,18.05,18.05,0,0
2013-12-12,17.87,17.87,17.87,17.87,0,0
2013-12-13,17.82,17.82,17.82,17.82,0,0
2013-12-16,17.78,17.78,17.78,17.78,0,0
2013-12-17,17.8,17.8,17.8,17.8,0,0
2013-12-18,17.85,17.85,17.85,17.85,0,0
2013-12-19,17.82,17.82,17.82,17.82,0,0
2013-12-20,17.77,17.77,17.77,17.77,0,0
2013-12-23,17.88,17.88,17.88,17.88,0,0
2013-12-27,18,18,18,18,0,0
2013-12-30,18.04,18.04,18.04,18.04,0,0
2013-12-31,18.12,18.12,18.12,18.12,0,0
2014-01-02,18.02,18.02,18.02,18.02,0,0
2014-01-03,17.77,17.77,17.77,17.77,0,0
2014-01-07,17.62,17.62,17.62,17.62,0,0
2014-01-08,17.78,17.78,17.78,17.78,0,0
2014-01-09,17.7,17.7,17.7,17.7,0,0
2014-01-10,17.63,17.63,17.63,17.63,0,0
2014-01-13,17.78,17.78,17.78,17.78,0,0
2014-01-14,17.8,17.8,17.8,17.8,0,0
2014-01-15,17.81,17.81,17.81,17.81,0,0
2014-01-16,17.91,17.91,17.91,17.91,0,0
2014-01-17,17.94,17.94,17.94,17.94,0,0
2014-01-20,17.87,17.87,17.87,17.87,0,0
2014-01-21,17.86,17.86,17.86,17.86,0,0
2014-01-22,17.96,17.96,17.96,17.96,0,0
2014-01-23,17.8,17.8,17.8,17.8,0,0
2014-01-24,17.56,17.56,17.56,17.56,0,0
2014-01-27,17.13,17.13,17.13,17.13,0,0
2014-01-28,17.18,17.18,17.18,17.18,0,0
2014-01-29,17.35,17.35,17.35,17.35,0,0
2014-01-30,17.21,17.21,17.21,17.21,0,0
2014-02-04,16.89,16.89,16.89,16.89,0,0
2014-02-05,16.85,16.85,16.85,16.85,0,0
2014-02-06,16.95,16.95,16.95,16.95,0,0
2014-02-07,17.19,17.19,17.19,17.19,0,0
2014-02-10,17.23,17.23,17.23,17.23,0,0
2014-02-11,17.44,17.44,17.44,17.44,0,0
2014-02-12,17.6,17.6,17.6,17.6,0,0
2014-02-13,17.52,17.52,17.52,17.52,0,0
2014-02-14,17.68,17.68,17.68,17.68,0,0
2014-02-17,17.83,17.83,17.83,17.83,0,0
2014-02-18,17.8,17.8,17.8,17.8,0,0
2014-02-19,17.85,17.85,17.85,17.85,0,0
2014-02-20,17.69,17.69,17.69,17.69,0,0
2014-02-21,17.84,17.84,17.84,17.84,0,0
2014-02-24,17.71,17.71,17.71,17.71,0,0
2014-02-25,17.78,17.78,17.78,17.78,0,0
2014-02-26,17.87,17.87,17.87,17.87,0,0
2014-02-27,17.97,17.97,17.97,17.97,0,0
2014-02-28,18.05,18.05,18.05,18.05,0,0
2014-03-03,17.93,17.93,17.93,17.93,0,0
2014-03-04,17.95,17.95,17.95,17.95,0,0
2014-03-05,18.06,18.06,18.06,18.06,0,0
2014-03-06,18.21,18.21,18.21,18.21,0,0
2014-03-07,18.25,18.25,18.25,18.25,0,0
2014-03-10,17.99,17.99,17.99,17.99,0,0
2014-03-11,18.07,18.07,18.07,18.07,0,0
2014-03-12,17.81,17.81,17.81,17.81,0,0
2014-03-13,17.84,17.84,17.84,17.84,0,0
2014-03-14,17.64,17.64,17.64,17.64,0,0
2014-03-17,17.61,17.61,17.61,17.61,0,0
2014-03-18,17.57,17.57,17.57,17.57,0,0
2014-03-19,17.57,17.57,17.57,17.57,0,0
2014-03-20,17.27,17.27,17.27,17.27,0,0
2014-03-21,17.38,17.38,17.38,17.38,0,0
2014-03-24,17.51,17.51,17.51,17.51,0,0
2014-03-25,17.41,17.41,17.41,17.41,0,0
2014-03-26,17.63,17.63,17.63,17.63,0,0
2014-03-27,17.53,17.53,17.53,17.53,0,0
2014-03-28,17.69,17.69,17.69,17.69,0,0
2014-03-31,17.85,17.85,17.85,17.85,0,0
2014-04-01,18.11,18.11,18.11,18.11,0,0
2014-04-02,18.24,18.24,18.24,18.24,0,0
2014-04-03,18.16,18.16,18.16,18.16,0,0
2014-04-04,18.05,18.05,18.05,18.05,0,0
2014-04-07,17.94,17.94,17.94,17.94,0,0
2014-04-08,18.01,18.01,18.01,18.01,0,0
2014-04-09,18.18,18.18,18.18,18.18,0,0
2014-04-10,18.44,18.44,18.44,18.44,0,0
2014-04-11,18.2,18.2,18.2,18.2,0,0
2014-04-14,18.13,18.13,18.13,18.13,0,0
2014-04-15,17.99,17.99,17.99,17.99,0,0
2014-04-16,18.01,18.01,18.01,18.01,0,0
2014-04-17,18.13,18.13,18.13,18.13,0,0
2014-04-22,18.27,18.27,18.27,18.27,0,0
2014-04-23,18.23,18.23,18.23,18.23,0,0
2014-04-24,18.22,18.22,18.22,18.22,0,0
2014-04-25,18,18,18,18,0,0
2014-04-28,17.91,17.91,17.91,17.91,0,0
2014-04-29,17.93,17.93,17.93,17.93,0,0
2014-04-30,17.82,17.82,17.82,17.82,0,0
2014-05-02,17.94,17.94,17.94,17.94,0,0
2014-05-05,17.91,17.91,17.91,17.91,0,0
2014-05-07,17.76,17.76,17.76,17.76,0,0
2014-05-08,17.71,17.71,17.71,17.71,0,0
2014-05-09,17.73,17.73,17.73,17.73,0,0
2014-05-12,17.93,17.93,17.93,17.93,0,0
2014-05-13,18.12,18.12,18.12,18.12,0,0
2014-05-14,18.29,18.29,18.29,18.29,0,0
2014-05-15,18.33,18.33,18.33,18.33,0,0
2014-05-16,18.34,18.34,18.34,18.34,0,0
2014-05-19,18.38,18.38,18.38,18.38,0,0
2014-05-20,18.37,18.37,18.37,18.37,0,0
2014-05-21,18.32,18.32,18.32,18.32,0,0
2014-05-22,18.52,18.52,18.52,18.52,0,0
2014-05-23,18.58,18.58,18.58,18.58,0,0
2014-05-26,18.57,18.57,18.57,18.57,0,0
2014-05-27,18.49,18.49,18.49,18.49,0,0
2014-05-28,18.61,18.61,18.61,18.61,0,0
2014-05-30,18.51,18.51,18.51,18.51,0,0
2014-06-03,18.68,18.68,18.68,18.68,0,0
2014-06-04,18.6,18.6,18.6,18.6,0,0
2014-06-05,18.64,18.64,18.64,18.64,0,0
2014-06-06,18.67,18.67,18.67,18.67,0,0
2014-06-10,18.87,18.87,18.87,18.87,0,0
2014-06-11,18.83,18.83,18.83,18.83,0,0
2014-06-12,18.79,18.79,18.79,18.79,0,0
2014-06-13,18.69,18.69,18.69,18.69,0,0
2014-06-16,18.67,18.67,18.67,18.67,0,0
2014-06-17,18.68,18.68,18.68,18.68,0,0
2014-06-18,18.67,18.67,18.67,18.67,0,0
2014-06-19,18.71,18.71,18.71,18.71,0,0
2014-06-20,18.64,18.64,18.64,18.64,0,0
2014-06-24,18.69,18.69,18.69,18.69,0,0
2014-06-25,18.73,18.73,18.73,18.73,0,0
2014-06-26,18.92,18.92,18.92,18.92,0,0
2014-06-27,18.91,18.91,18.91,18.91,0,0
2014-06-30,18.97,18.97,18.97,18.97,0,0
2014-07-02,19.26,19.26,19.26,19.26,0,0
2014-07-03,19.33,19.33,19.33,19.33,0,0
2014-07-04,19.42,19.42,19.42,19.42,0,0
2014-07-07,19.4,19.4,19.4,19.4,0,0
2014-07-08,19.36,19.36,19.36,19.36,0,0
2014-07-09,19.21,19.21,19.21,19.21,0,0
2014-07-10,19.26,19.26,19.26,19.26,0,0
2014-07-11,19.18,19.18,19.18,19.18,0,0
2014-07-14,19.18,19.18,19.18,19.18,0,0
2014-07-15,19.26,19.26,19.26,19.26,0,0
2014-07-16,19.28,19.28,19.28,19.28,0,0
2014-07-17,19.27,19.27,19.27,19.27,0,0
2014-07-18,19.2,19.2,19.2,19.2,0,0
2014-07-21,19.25,19.25,19.25,19.25,0,0
2014-07-22,19.43,19.43,19.43,19.43,0,0
2014-07-23,19.53,19.53,19.53,19.53,0,0
2014-07-24,19.55,19.55,19.55,19.55,0,0
2014-07-25,19.54,19.54,19.54,19.54,0,0
2014-07-28,19.56,19.56,19.56,19.56,0,0
2014-07-29,19.61,19.61,19.61,19.61,0,0
2014-07-30,19.66,19.66,19.66,19.66,0,0
2014-07-31,19.5,19.5,19.5,19.5,0,0
2014-08-01,19.3,19.3,19.3,19.3,0,0
2014-08-04,19.46,19.46,19.46,19.46,0,0
2014-08-05,19.44,19.44,19.44,19.44,0,0
2014-08-06,19.32,19.32,19.32,19.32,0,0
2014-08-07,19.22,19.22,19.22,19.22,0,0
2014-08-08,19.07,19.07,19.07,19.07,0,0
2014-08-11,19.26,19.26,19.26,19.26,0,0
2014-08-12,19.34,19.34,19.34,19.34,0,0
2014-08-13,19.44,19.44,19.44,19.44,0,0
2014-08-14,19.56,19.56,19.56,19.56,0,0
2014-08-18,19.62,19.62,19.62,19.62,0,0
2014-08-19,19.8,19.8,19.8,19.8,0,0
2014-08-20,19.86,19.86,19.86,19.86,0,0
2014-08-21,19.69,19.69,19.69,19.69,0,0
2014-08-22,19.82,19.82,19.82,19.82,0,0
2014-08-25,19.8,19.8,19.8,19.8,0,0
2014-08-26,19.75,19.75,19.75,19.75,0,0
2014-08-27,19.78,19.78,19.78,19.78,0,0
2014-08-28,19.67,19.67,19.67,19.67,0,0
2014-08-29,19.64,19.64,19.64,19.64,0,0
2014-09-01,19.75,19.75,19.75,19.75,0,0
2014-09-02,19.66,19.66,19.66,19.66,0,0
2014-09-03,19.92,19.92,19.92,19.92,0,0
2014-09-04,19.98,19.98,19.98,19.98,0,0
2014-09-05,19.89,19.89,19.89,19.89,0,0
2014-09-08,19.93,19.93,19.93,19.93,0,0
2014-09-10,19.68,19.68,19.68,19.68,0,0
2014-09-11,19.58,19.58,19.58,19.58,0,0
2014-09-12,19.58,19.58,19.58,19.58,0,0
2014-09-15,19.5,19.5,19.5,19.5,0,0
2014-09-16,19.29,19.29,19.29,19.29,0,0
2014-09-17,19.51,19.51,19.51,19.51,0,0
2014-09-18,19.49,19.49,19.49,19.49,0,0
2014-09-19,19.57,19.57,19.57,19.57,0,0
2014-09-22,19.39,19.39,19.39,19.39,0,0
2014-09-23,19.24,19.24,19.24,19.24,0,0
2014-09-24,19.22,19.22,19.22,19.22,0,0
2014-09-25,19.06,19.06,19.06,19.06,0,0
2014-09-26,18.99,18.99,18.99,18.99,0,0
2014-09-29,18.81,18.81,18.81,18.81,0,0
2014-09-30,18.75,18.75,18.75,18.75,0,0
2014-10-03,18.73,18.73,18.73,18.73,0,0
2014-10-06,18.84,18.84,18.84,18.84,0,0
2014-10-07,18.87,18.87,18.87,18.87,0,0
2014-10-08,18.63,18.63,18.63,18.63,0,0
2014-10-09,18.87,18.87,18.87,18.87,0,0
2014-10-10,18.53,18.53,18.53,18.53,0,0
2014-10-13,18.4,18.4,18.4,18.4,0,0
2014-10-14,18.37,18.37,18.37,18.37,0,0
2014-10-15,18.41,18.41,18.41,18.41,0,0
2014-10-16,18.27,18.27,18.27,18.27,0,0
2014-10-17,18.38,18.38,18.38,18.38,0,0
2014-10-20,18.59,18.59,18.59,18.59,0,0
2014-10-21,18.66,18.66,18.66,18.66,0,0
2014-10-22,18.91,18.91,18.91,18.91,0,0
2014-10-23,18.84,18.84,18.84,18.84,0,0
2014-10-24,18.81,18.81,18.81,18.81,0,0
2014-10-27,18.68,18.68,18.68,18.68,0,0
2014-10-28,18.86,18.86,18.86,18.86,0,0
2014-10-29,19.08,19.08,19.08,19.08,0,0
2014-10-30,19.04,19.04,19.04,19.04,0,0
2014-10-31,19.26,19.26,19.26,19.26,0,0
2014-11-03,19.22,19.22,19.22,19.22,0,0
2014-11-04,19.16,19.16,19.16,19.16,0,0
2014-11-05,19.05,19.05,19.05,19.05,0,0
2014-11-06,18.98,18.98,18.98,18.98,0,0
2014-11-07,18.95,18.95,18.95,18.95,0,0
2014-11-10,19.1,19.1,19.1,19.1,0,0
2014-11-11,19.1,19.1,19.1,19.1,0,0
2014-11-13,19.16,19.16,19.16,19.16,0,0
2014-11-14,19.12,19.12,19.12,19.12,0,0
2014-11-17,19.06,19.06,19.06,19.06,0,0
2014-11-18,18.96,18.96,18.96,18.96,0,0
2014-11-19,18.98,18.98,18.98,18.98,0,0
2014-11-20,18.96,18.96,18.96,18.96,0,0
2014-11-21,19.06,19.06,19.06,19.06,0,0
2014-11-24,19.2,19.2,19.2,19.2,0,0
2014-11-25,19.16,19.16,19.16,19.16,0,0
2014-11-26,19.27,19.27,19.27,19.27,0,0
2014-11-27,19.34,19.34,19.34,19.34,0,0
2014-11-28,19.35,19.35,19.35,19.35,0,0
2014-12-01,19.07,19.07,19.07,19.07,0,0
2014-12-02,19.11,19.11,19.11,19.11,0,0
2014-12-03,19.12,19.12,19.12,19.12,0,0
2014-12-04,19.21,19.21,19.21,19.21,0,0
2014-12-05,19.24,19.24,19.24,19.24,0,0
2014-12-08,19.06,19.06,19.06,19.06,0,0
2014-12-09,18.81,18.81,18.81,18.81,0,0
2014-12-10,18.87,18.87,18.87,18.87,0,0
2014-12-11,18.67,18.67,18.67,18.67,0,0
2014-12-12,18.68,18.68,18.68,18.68,0,0
2014-12-15,18.52,18.52,18.52,18.52,0,0
2014-12-16,18.27,18.27,18.27,18.27,0,0
2014-12-17,18.09,18.09,18.09,18.09,0,0
2014-12-18,18.4,18.4,18.4,18.4,0,0
2014-12-19,18.59,18.59,18.59,18.59,0,0
2014-12-22,18.74,18.74,18.74,18.74,0,0
2014-12-23,18.61,18.61,18.61,18.61,0,0
2014-12-29,18.77,18.77,18.77,18.77,0,0
2014-12-30,18.69,18.69,18.69,18.69,0,0
2014-12-31,18.81,18.81,18.81,18.81,0,0
2015-01-02,18.89,18.89,18.89,18.89,0,0
2015-01-05,18.76,18.76,18.76,18.76,0,0
2015-01-06,18.45,18.45,18.45,18.45,0,0
2015-01-07,18.58,18.58,18.58,18.58,0,0
2015-01-08,18.87,18.87,18.87,18.87,0,0
2015-01-09,19.01,19.01,19.01,19.01,0,0
2015-01-12,18.95,18.95,18.95,18.95,0,0
2015-01-13,19.06,19.06,19.06,19.06,0,0
2015-01-14,18.98,18.98,18.98,18.98,0,0
2015-01-15,19.21,19.21,19.21,19.21,0,0
2015-01-16,19.13,19.13,19.13,19.13,0,0
2015-01-19,19.04,19.04,19.04,19.04,0,0
2015-01-20,19.22,19.22,19.22,19.22,0,0
2015-01-21,19.5,19.5,19.5,19.5,0,0
2015-01-22,19.6,19.6,19.6,19.6,0,0
2015-01-23,19.87,19.87,19.87,19.87,0,0
2015-01-26,19.91,19.91,19.91,19.91,0,0
2015-01-27,19.95,19.95,19.95,19.95,0,0
2015-01-28,19.91,19.91,19.91,19.91,0,0
2015-01-29,19.61,19.61,19.61,19.61,0,0
2015-01-30,19.48,19.48,19.48,19.48,0,0
2015-02-02,19.45,19.45,19.45,19.45,0,0
2015-02-03,19.51,19.51,19.51,19.51,0,0
2015-02-04,19.6,19.6,19.6,19.6,0,0
2015-02-05,19.48,19.48,19.48,19.48,0,0
2015-02-06,19.4,19.4,19.4,19.4,0,0
2015-02-09,19.19,19.19,19.19,19.19,0,0
2015-02-10,19.16,19.16,19.16,19.16,0,0
2015-02-11,19.15,19.15,19.15,19.15,0,0
2015-02-12,19.19,19.19,19.19,19.19,0,0
2015-02-13,19.43,19.43,19.43,19.43,0,0
2015-02-16,19.47,19.47,19.47,19.47,0,0
2015-02-17,19.4,19.4,19.4,19.4,0,0
2015-02-18,19.42,19.42,19.42,19.42,0,0
2015-02-23,19.37,19.37,19.37,19.37,0,0
2015-02-24,19.45,19.45,19.45,19.45,0,0
2015-02-25,19.54,19.54,19.54,19.54,0,0
2015-02-26,19.53,19.53,19.53,19.53,0,0
2015-02-27,19.52,19.52,19.52,19.52,0,0
2015-03-02,19.67,19.67,19.67,19.67,0,0
2015-03-03,19.67,19.67,19.67,19.67,0,0
2015-03-04,19.58,19.58,19.58,19.58,0,0
2015-03-05,19.53,19.53,19.53,19.53,0,0
2015-03-06,19.61,19.61,19.61,19.61,0,0
2015-03-09,19.37,19.37,19.37,19.37,0,0
2015-03-10,19.16,19.16,19.16,19.16,0,0
2015-03-11,19.11,19.11,19.11,19.11,0,0
2015-03-12,19.29,19.29,19.29,19.29,0,0
2015-03-13,19.16,19.16,19.16,19.16,0,0
2015-03-16,19.21,19.21,19.21,19.21,0,0
2015-03-17,19.28,19.28,19.28,19.28,0,0
2015-03-18,19.46,19.46,19.46,19.46,0,0
2015-03-19,19.64,19.64,19.64,19.64,0,0
2015-03-20,19.64,19.64,19.64,19.64,0,0
2015-03-23,19.71,19.71,19.71,19.71,0,0
2015-03-24,19.68,19.68,19.68,19.68,0,0
2015-03-25,19.66,19.66,19.66,19.66,0,0
2015-03-26,19.43,19.43,19.43,19.43,0,0
2015-03-27,19.4,19.4,19.4,19.4,0,0
2015-03-30,19.51,19.51,19.51,19.51,0,0
2015-03-31,19.6,19.6,19.6,19.6,0,0
2015-04-01,19.67,19.67,19.67,19.67,0,0
2015-04-02,19.88,19.88,19.88,19.88,0,0
2015-04-08,20.26,20.26,20.26,20.26,0,0
2015-04-09,20.48,20.48,20.48,20.48,0,0
2015-04-10,20.62,20.62,20.62,20.62,0,0
2015-04-13,20.82,20.82,20.82,20.82,0,0
2015-04-14,20.65,20.65,20.65,20.65,0,0
2015-04-15,20.53,20.53,20.53,20.53,0,0
2015-04-16,20.78,20.78,20.78,20.78,0,0
2015-04-17,20.72,20.72,20.72,20.72,0,0
2015-04-20,20.34,20.34,20.34,20.34,0,0
2015-04-21,20.6,20.6,20.6,20.6,0,0
2015-04-22,20.68,20.68,20.68,20.68,0,0
2015-04-23,20.63,20.63,20.63,20.63,0,0
2015-04-24,20.68,20.68,20.68,20.68,0,0
2015-04-27,20.77,20.77,20.77,20.77,0,0
2015-04-28,20.76,20.76,20.76,20.76,0,0
2015-04-29,20.65,20.65,20.65,20.65,0,0
2015-04-30,20.48,20.48,20.48,20.48,0,0
2015-05-04,20.5,20.5,20.5,20.5,0,0
2015-05-05,20.33,20.33,20.33,20.33,0,0
2015-05-06,20.16,20.16,20.16,20.16,0,0
2015-05-07,19.85,19.85,19.85,19.85,0,0
2015-05-08,20.08,20.08,20.08,20.08,0,0
2015-05-11,20.2,20.2,20.2,20.2,0,0
2015-05-12,19.94,19.94,19.94,19.94,0,0
2015-05-13,20.08,20.08,20.08,20.08,0,0
2015-05-15,20.16,20.16,20.16,20.16,0,0
2015-05-18,20.17,20.17,20.17,20.17,0,0
2015-05-19,20.26,20.26,20.26,20.26,0,0
2015-05-20,20.29,20.29,20.29,20.29,0,0
2015-05-21,20.25,20.25,20.25,20.25,0,0
2015-05-22,20.47,20.47,20.47,20.47,0,0
2015-05-26,20.51,20.51,20.51,20.51,0,0
2015-05-27,20.27,20.27,20.27,20.27,0,0
2015-05-28,20.09,20.09,20.09,20.09,0,0
2015-05-29,20.17,20.17,20.17,20.17,0,0
2015-06-01,20.24,20.24,20.24,20.24,0,0
2015-06-02,20.07,20.07,20.07,20.07,0,0
2015-06-03,20.01,20.01,20.01,20.01,0,0
2015-06-04,19.96,19.96,19.96,19.96,0,0
2015-06-05,19.87,19.87,19.87,19.87,0,0
2015-06-08,19.68,19.68,19.68,19.68,0,0
2015-06-09,19.48,19.48,19.48,19.48,0,0
2015-06-10,19.49,19.49,19.49,19.49,0,0
2015-06-11,19.54,19.54,19.54,19.54,0,0
2015-06-12,19.71,19.71,19.71,19.71,0,0
2015-06-15,19.52,19.52,19.52,19.52,0,0
2015-06-16,19.38,19.38,19.38,19.38,0,0
2015-06-17,19.55,19.55,19.55,19.55,0,0
2015-06-18,19.7,19.7,19.7,19.7,0,0
2015-06-19,19.64,19.64,19.64,19.64,0,0
2015-06-22,19.81,19.81,19.81,19.81,0,0
2015-06-24,19.97,19.97,19.97,19.97,0,0
2015-06-25,19.85,19.85,19.85,19.85,0,0
2015-06-26,19.62,19.62,19.62,19.62,0,0
2015-06-29,19.21,19.21,19.21,19.21,0,0
2015-06-30,19.48,19.48,19.48,19.48,0,0
2015-07-02,19.52,19.52,19.52,19.52,0,0
2015-07-03,19.38,19.38,19.38,19.38,0,0
2015-07-06,18.93,18.93,18.93,18.93,0,0
2015-07-07,18.74,18.74,18.74,18.74,0,0
2015-07-08,18.13,18.13,18.13,18.13,0,0
2015-07-09,18.54,18.54,18.54,18.54,0,0
2015-07-10,18.79,18.79,18.79,18.79,0,0
2015-07-13,18.96,18.96,18.96,18.96,0,0
2015-07-14,18.84,18.84,18.84,18.84,0,0
2015-07-15,18.83,18.83,18.83,18.83,0,0
2015-07-16,18.91,18.91,18.91,18.91,0,0
2015-07-17,19.12,19.12,19.12,19.12,0,0
2015-07-20,19,19,19,19,0,0
2015-07-21,19.04,19.04,19.04,19.04,0,0
2015-07-22,18.89,18.89,18.89,18.89,0,0
2015-07-23,18.86,18.86,18.86,18.86,0,0
2015-07-24,18.61,18.61,18.61,18.61,0,0
2015-07-27,18.11,18.11,18.11,18.11,0,0
2015-07-28,18.11,18.11,18.11,18.11,0,0
2015-07-29,18.2,18.2,18.2,18.2,0,0
2015-07-30,18.02,18.02,18.02,18.02,0,0
2015-07-31,18.1,18.1,18.1,18.1,0,0
2015-08-03,17.88,17.88,17.88,17.88,0,0
2015-08-04,17.98,17.98,17.98,17.98,0,0
2015-08-05,17.94,17.94,17.94,17.94,0,0
2015-08-06,17.85,17.85,17.85,17.85,0,0
2015-08-07,17.87,17.87,17.87,17.87,0,0
2015-08-10,17.93,17.93,17.93,17.93,0,0
2015-08-11,17.71,17.71,17.71,17.71,0,0
2015-08-12,17.25,17.25,17.25,17.25,0,0
2015-08-13,17.31,17.31,17.31,17.31,0,0
2015-08-14,17.39,17.39,17.39,17.39,0,0
2015-08-17,17.11,17.11,17.11,17.11,0,0
2015-08-18,16.96,16.96,16.96,16.96,0,0
2015-08-19,16.87,16.87,16.87,16.87,0,0
2015-08-20,16.57,16.57,16.57,16.57,0,0
2015-08-21,16.21,16.21,16.21,16.21,0,0
2015-08-24,15.19,15.19,15.19,15.19,0,0
2015-08-25,15.66,15.66,15.66,15.66,0,0
2015-08-26,15.59,15.59,15.59,15.59,0,0
2015-08-27,16.15,16.15,16.15,16.15,0,0
2015-08-28,16.23,16.23,16.23,16.23,0,0
2015-08-31,16.18,16.18,16.18,16.18,0,0
2015-09-01,15.86,15.86,15.86,15.86,0,0
2015-09-02,15.76,15.76,15.76,15.76,0,0
2015-09-04,15.65,15.65,15.65,15.65,0,0
2015-09-07,15.47,15.47,15.47,15.47,0,0
2015-09-08,15.85,15.85,15.85,15.85,0,0
2015-09-09,16.38,16.38,16.38,16.38,0,0
2015-09-10,16.16,16.16,16.16,16.16,0,0
2015-09-11,16.07,16.07,16.07,16.07,0,0
2015-09-14,16.19,16.19,16.19,16.19,0,0
2015-09-15,16.11,16.11,16.11,16.11,0,0
2015-09-16,16.41,16.41,16.41,16.41,0,0
2015-09-17,16.53,16.53,16.53,16.53,0,0
2015-09-18,16.68,16.68,16.68,16.68,0,0
2015-09-21,16.48,16.48,16.48,16.48,0,0
2015-09-22,16.42,16.42,16.42,16.42,0,0
2015-09-23,16.12,16.12,16.12,16.12,0,0
2015-09-24,15.98,15.98,15.98,15.98,0,0
2015-09-25,15.95,15.95,15.95,15.95,0,0
2015-09-29,15.72,15.72,15.72,15.72,0,0
2015-09-30,15.99,15.99,15.99,15.99,0,0
2015-10-02,16.23,16.23,16.23,16.23,0,0
2015-10-05,16.56,16.56,16.56,16.56,0,0
2015-10-06,16.71,16.71,16.71,16.71,0,0
2015-10-07,17.12,17.12,17.12,17.12,0,0
2015-10-08,17,17,17,17,0,0
2015-10-09,17.22,17.22,17.22,17.22,0,0
2015-10-12,17.32,17.32,17.32,17.32,0,0
2015-10-13,17.13,17.13,17.13,17.13,0,0
2015-10-14,17.12,17.12,17.12,17.12,0,0
2015-10-15,17.51,17.51,17.51,17.51,0,0
2015-10-16,17.54,17.54,17.54,17.54,0,0
2015-10-19,17.58,17.58,17.58,17.58,0,0
2015-10-20,17.58,17.58,17.58,17.58,0,0
2015-10-22,17.45,17.45,17.45,17.45,0,0
2015-10-23,17.71,17.71,17.71,17.71,0,0
2015-10-26,17.72,17.72,17.72,17.72,0,0
2015-10-27,17.64,17.64,17.64,17.64,0,0
2015-10-28,17.54,17.54,17.54,17.54,0,0
2015-10-29,17.3,17.3,17.3,17.3,0,0
2015-10-30,17.4,17.4,17.4,17.4,0,0
2015-11-02,17.47,17.47,17.47,17.47,0,0
2015-11-03,17.58,17.58,17.58,17.58,0,0
2015-11-04,17.85,17.85,17.85,17.85,0,0
2015-11-05,17.73,17.73,17.73,17.73,0,0
2015-11-06,17.67,17.67,17.67,17.67,0,0
2015-11-09,17.55,17.55,17.55,17.55,0,0
2015-11-10,17.33,17.33,17.33,17.33,0,0
2015-11-11,17.29,17.29,17.29,17.29,0,0
2015-11-12,17.38,17.38,17.38,17.38,0,0
2015-11-13,17.13,17.13,17.13,17.13,0,0
2015-11-16,17,17,17,17,0,0
2015-11-17,17.13,17.13,17.13,17.13,0,0
2015-11-18,17.02,17.02,17.02,17.02,0,0
2015-11-19,17.28,17.28,17.28,17.28,0,0
2015-11-20,17.37,17.37,17.37,17.37,0,0
2015-11-23,17.41,17.41,17.41,17.41,0,0
2015-11-24,17.44,17.44,17.44,17.44,0,0
2015-11-25,17.42,17.42,17.42,17.42,0,0
2015-11-26,17.43,17.43,17.43,17.43,0,0
2015-11-27,17.13,17.13,17.13,17.13,0,0
2015-11-30,17.05,17.05,17.05,17.05,0,0
2015-12-01,17.32,17.32,17.32,17.32,0,0
2015-12-02,17.38,17.38,17.38,17.38,0,0
2015-12-03,17.33,17.33,17.33,17.33,0,0
2015-12-04,17.18,17.18,17.18,17.18,0,0
2015-12-07,17.26,17.26,17.26,17.26,0,0
2015-12-08,16.95,16.95,16.95,16.95,0,0
2015-12-09,16.87,16.87,16.87,16.87,0,0
2015-12-10,16.87,16.87,16.87,16.87,0,0
2015-12-11,16.6,16.6,16.6,16.6,0,0
2015-12-14,16.42,16.42,16.42,16.42,0,0
2015-12-15,16.54,16.54,16.54,16.54,0,0
2015-12-16,16.76,16.76,16.76,16.76,0,0
2015-12-17,16.89,16.89,16.89,16.89,0,0
2015-12-18,16.72,16.72,16.72,16.72,0,0
2015-12-21,16.79,16.79,16.79,16.79,0,0
2015-12-22,16.85,16.85,16.85,16.85,0,0
2015-12-23,16.95,16.95,16.95,16.95,0,0
2015-12-28,16.91,16.91,16.91,16.91,0,0
2015-12-29,16.93,16.93,16.93,16.93,0,0
2015-12-30,16.88,16.88,16.88,16.88,0,0
2015-12-31,16.91,16.91,16.91,16.91,0,0
2016-01-04,16.4,16.4,16.4,16.4,0,0
2016-01-05,16.33,16.33,16.33,16.33,0,0
2016-01-06,16.14,16.14,16.14,16.14,0,0
2016-01-07,15.62,15.62,15.62,15.62,0,0
2016-01-08,15.75,15.75,15.75,15.75,0,0
2016-01-11,15.37,15.37,15.37,15.37,0,0
2016-01-12,15.29,15.29,15.29,15.29,0,0
2016-01-13,15.42,15.42,15.42,15.42,0,0
2016-01-14,15.17,15.17,15.17,15.17,0,0
2016-01-15,15.01,15.01,15.01,15.01,0,0
2016-01-18,14.83,14.83,14.83,14.83,0,0
2016-01-19,15.11,15.11,15.11,15.11,0,0
2016-01-20,14.59,14.59,14.59,14.59,0,0
2016-01-21,14.45,14.45,14.45,14.45,0,0
2016-01-22,14.91,14.91,14.91,14.91,0,0
2016-01-25,15.03,15.03,15.03,15.03,0,0
2016-01-26,14.78,14.78,14.78,14.78,0,0
2016-01-27,14.9,14.9,14.9,14.9,0,0
2016-01-28,14.84,14.84,14.84,14.84,0,0
2016-01-29,15.11,15.11,15.11,15.11,0,0
2016-02-01,15.08,15.08,15.08,15.08,0,0
2016-02-02,14.93,14.93,14.93,14.93,0,0
2016-02-03,14.65,14.65,14.65,14.65,0,0
2016-02-04,14.86,14.86,14.86,14.86,0,0
2016-02-05,14.93,14.93,14.93,14.93,0,0
2016-02-11,14.35,14.35,14.35,14.35,0,0
2016-02-12,14.25,14.25,14.25,14.25,0,0
2016-02-15,14.5,14.5,14.5,14.5,0,0
2016-02-16,14.72,14.72,14.72,14.72,0,0
2016-02-17,14.66,14.66,14.66,14.66,0,0
2016-02-18,14.99,14.99,14.99,14.99,0,0
2016-02-19,14.93,14.93,14.93,14.93,0,0
2016-02-22,15.03,15.03,15.03,15.03,0,0
2016-02-23,14.9,14.9,14.9,14.9,0,0
2016-02-24,14.68,14.68,14.68,14.68,0,0
2016-02-25,14.64,14.64,14.64,14.64,0,0
2016-02-26,14.84,14.84,14.84,14.84,0,0
2016-02-29,14.77,14.77,14.77,14.77,0,0
2016-03-01,15.1,15.1,15.1,15.1,0,0
2016-03-02,15.45,15.45,15.45,15.45,0,0
2016-03-03,15.61,15.61,15.61,15.61,0,0
2016-03-04,15.7,15.7,15.7,15.7,0,0
2016-03-07,15.72,15.72,15.72,15.72,0,0
2016-03-08,15.65,15.65,15.65,15.65,0,0
2016-03-09,15.63,15.63,15.63,15.63,0,0
2016-03-10,15.76,15.76,15.76,15.76,0,0
2016-03-11,15.92,15.92,15.92,15.92,0,0
2016-03-14,16.11,16.11,16.11,16.11,0,0
2016-03-15,15.87,15.87,15.87,15.87,0,0
2016-03-16,15.66,15.66,15.66,15.66,0,0
2016-03-17,15.94,15.94,15.94,15.94,0,0
2016-03-18,16.16,16.16,16.16,16.16,0,0
2016-03-21,16.22,16.22,16.22,16.22,0,0
2016-03-22,16.16,16.16,16.16,16.16,0,0
2016-03-23,16.09,16.09,16.09,16.09,0,0
2016-03-24,15.98,15.98,15.98,15.98,0,0
2016-03-29,15.91,15.91,15.91,15.91,0,0
2016-03-30,16.27,16.27,16.27,16.27,0,0
2016-03-31,16.35,16.35,16.35,16.35,0,0
2016-04-01,16.14,16.14,16.14,16.14,0,0
2016-04-05,15.93,15.93,15.93,15.93,0,0
2016-04-06,15.95,15.95,15.95,15.95,0,0
2016-04-07,15.97,15.97,15.97,15.97,0,0
2016-04-08,15.99,15.99,15.99,15.99,0,0
2016-04-11,16.09,16.09,16.09,16.09,0,0
2016-04-12,16.2,16.2,16.2,16.2,0,0
2016-04-13,16.44,16.44,16.44,16.44,0,0
2016-04-14,16.49,16.49,16.49,16.49,0,0
2016-04-15,16.52,16.52,16.52,16.52,0,0
2016-04-18,16.45,16.45,16.45,16.45,0,0
2016-04-19,16.58,16.58,16.58,16.58,0,0
2016-04-20,16.45,16.45,16.45,16.45,0,0
2016-04-21,16.54,16.54,16.54,16.54,0,0
2016-04-22,16.44,16.44,16.44,16.44,0,0
2016-04-25,16.34,16.34,16.34,16.34,0,0
2016-04-26,16.38,16.38,16.38,16.38,0,0
2016-04-27,16.34,16.34,16.34,16.34,0,0
2016-04-28,16.25,16.25,16.25,16.25,0,0
2016-04-29,16.19,16.19,16.19,16.19,0,0
2016-05-03,16,16,16,16,0,0
2016-05-04,15.87,15.87,15.87,15.87,0,0
2016-05-06,15.73,15.73,15.73,15.73,0,0
2016-05-09,15.69,15.69,15.69,15.69,0,0
2016-05-10,15.76,15.76,15.76,15.76,0,0
2016-05-11,15.75,15.75,15.75,15.75,0,0
2016-05-12,15.71,15.71,15.71,15.71,0,0
2016-05-13,15.6,15.6,15.6,15.6,0,0
2016-05-17,15.81,15.81,15.81,15.81,0,0
2016-05-18,15.7,15.7,15.7,15.7,0,0
2016-05-19,15.49,15.49,15.49,15.49,0,0
2016-05-20,15.5,15.5,15.5,15.5,0,0
2016-05-23,15.6,15.6,15.6,15.6,0,0
2016-05-24,15.58,15.58,15.58,15.58,0,0
2016-05-25,15.85,15.85,15.85,15.85,0,0
2016-05-26,15.87,15.87,15.87,15.87,0,0
2016-05-27,16.07,16.07,16.07,16.07,0,0
2016-05-30,16.1,16.1,16.1,16.1,0,0
2016-05-31,16.21,16.21,16.21,16.21,0,0
2016-06-01,16.21,16.21,16.21,16.21,0,0
2016-06-02,16.27,16.27,16.27,16.27,0,0
2016-06-03,16.33,16.33,16.33,16.33,0,0
2016-06-06,16.51,16.51,16.51,16.51,0,0
2016-06-07,16.72,16.72,16.72,16.72,0,0
2016-06-08,16.74,16.74,16.74,16.74,0,0
2016-06-10,16.51,16.51,16.51,16.51,0,0
2016-06-13,16.18,16.18,16.18,16.18,0,0
2016-06-14,16.16,16.16,16.16,16.16,0,0
2016-06-15,16.28,16.28,16.28,16.28,0,0
2016-06-16,16.09,16.09,16.09,16.09,0,0
2016-06-17,16.2,16.2,16.2,16.2,0,0
2016-06-20,16.41,16.41,16.41,16.41,0,0
2016-06-21,16.53,16.53,16.53,16.53,0,0
2016-06-22,16.57,16.57,16.57,16.57,0,0
2016-06-24,16.1,16.1,16.1,16.1,0,0
2016-06-27,15.97,15.97,15.97,15.97,0,0
2016-06-28,16.11,16.11,16.11,16.11,0,0
2016-06-29,16.31,16.31,16.31,16.31,0,0
2016-06-30,16.51,16.51,16.51,16.51,0,0
2016-07-01,16.64,16.64,16.64,16.64,0,0
2016-07-04,16.73,16.73,16.73,16.73,0,0
2016-07-05,16.58,16.58,16.58,16.58,0,0
2016-07-06,16.38,16.38,16.38,16.38,0,0
2016-07-07,16.51,16.51,16.51,16.51,0,0
2016-07-08,16.5,16.5,16.5,16.5,0,0
2016-07-11,16.77,16.77,16.77,16.77,0,0
2016-07-12,16.95,16.95,16.95,16.95,0,0
2016-07-13,16.94,16.94,16.94,16.94,0,0
2016-07-14,17.1,17.1,17.1,17.1,0,0
2016-07-15,17.19,17.19,17.19,17.19,0,0
2016-07-18,17.2,17.2,17.2,17.2,0,0
2016-07-19,17.22,17.22,17.22,17.22,0,0
2016-07-20,17.31,17.31,17.31,17.31,0,0
2016-07-21,17.41,17.41,17.41,17.41,0,0
2016-07-22,17.36,17.36,17.36,17.36,0,0
2016-07-25,17.38,17.38,17.38,17.38,0,0
2016-07-26,17.41,17.41,17.41,17.41,0,0
2016-07-27,17.47,17.47,17.47,17.47,0,0
2016-07-28,17.47,17.47,17.47,17.47,0,0
2016-07-29,17.38,17.38,17.38,17.38,0,0
2016-08-01,17.66,17.66,17.66,17.66,0,0
2016-08-02,17.69,17.69,17.69,17.69,0,0
2016-08-03,17.44,17.44,17.44,17.44,0,0
2016-08-04,17.49,17.49,17.49,17.49,0,0
2016-08-05,17.77,17.77,17.77,17.77,0,0
2016-08-08,17.89,17.89,17.89,17.89,0,0
2016-08-09,17.93,17.93,17.93,17.93,0,0
2016-08-10,18.07,18.07,18.07,18.07,0,0
2016-08-11,18.09,18.09,18.09,18.09,0,0
2016-08-12,18.15,18.15,18.15,18.15,0,0
2016-08-16,18.3,18.3,18.3,18.3,0,0
2016-08-17,18.16,18.16,18.16,18.16,0,0
2016-08-18,18.36,18.36,18.36,18.36,0,0
2016-08-19,18.27,18.27,18.27,18.27,0,0
2016-08-22,18.24,18.24,18.24,18.24,0,0
2016-08-23,18.36,18.36,18.36,18.36,0,0
2016-08-24,18.27,18.27,18.27,18.27,0,0
2016-08-25,18.17,18.17,18.17,18.17,0,0
2016-08-26,18.19,18.19,18.19,18.19,0,0
2016-08-29,18.18,18.18,18.18,18.18,0,0
2016-08-30,18.33,18.33,18.33,18.33,0,0
2016-08-31,18.26,18.26,18.26,18.26,0,0
2016-09-01,18.22,18.22,18.22,18.22,0,0
2016-09-02,18.39,18.39,18.39,18.39,0,0
2016-09-05,18.56,18.56,18.56,18.56,0,0
2016-09-06,18.82,18.82,18.82,18.82,0,0
2016-09-07,18.84,18.84,18.84,18.84,0,0
2016-09-08,18.94,18.94,18.94,18.94,0,0
2016-09-09,18.65,18.65,18.65,18.65,0,0
2016-09-12,18.18,18.18,18.18,18.18,0,0
2016-09-13,18.2,18.2,18.2,18.2,0,0
2016-09-14,18.16,18.16,18.16,18.16,0,0
2016-09-15,18.24,18.24,18.24,18.24,0,0
2016-09-19,18.53,18.53,18.53,18.53,0,0
2016-09-20,18.51,18.51,18.51,18.51,0,0
2016-09-21,18.6,18.6,18.6,18.6,0,0
2016-09-22,18.82,18.82,18.82,18.82,0,0
2016-09-23,18.8,18.8,18.8,18.8,0,0
2016-09-26,18.56,18.56,18.56,18.56,0,0
2016-09-27,18.67,18.67,18.67,18.67,0,0
2016-09-28,18.67,18.67,18.67,18.67,0,0
2016-09-29,18.63,18.63,18.63,18.63,0,0
2016-09-30,18.54,18.54,18.54,18.54,0,0
2016-10-03,18.76,18.76,18.76,18.76,0,0
2016-10-04,18.82,18.82,18.82,18.82,0,0
2016-10-05,18.85,18.85,18.85,18.85,0,0
2016-10-06,18.91,18.91,18.91,18.91,0,0
2016-10-07,18.88,18.88,18.88,18.88,0,0
2016-10-11,18.6,18.6,18.6,18.6,0,0
2016-10-12,18.52,18.52,18.52,18.52,0,0
2016-10-13,18.22,18.22,18.22,18.22,0,0
2016-10-14,18.37,18.37,18.37,18.37,0,0
2016-10-17,18.28,18.28,18.28,18.28,0,0
2016-10-18,18.51,18.51,18.51,18.51,0,0
2016-10-19,18.54,18.54,18.54,18.54,0,0
2016-10-20,18.56,18.56,18.56,18.56,0,0
2016-10-21,18.43,18.43,18.43,18.43,0,0
2016-10-24,18.52,18.52,18.52,18.52,0,0
2016-10-25,18.57,18.57,18.57,18.57,0,0
2016-10-26,18.36,18.36,18.36,18.36,0,0
2016-10-27,18.28,18.28,18.28,18.28,0,0
2016-10-28,18.28,18.28,18.28,18.28,0,0
2016-10-31,18.18,18.18,18.18,18.18,0,0
2016-11-02,17.99,17.99,17.99,17.99,0,0
2016-11-03,17.83,17.83,17.83,17.83,0,0
2016-11-04,17.78,17.78,17.78,17.78,0,0
2016-11-07,17.98,17.98,17.98,17.98,0,0
2016-11-08,18.01,18.01,18.01,18.01,0,0
2016-11-09,17.68,17.68,17.68,17.68,0,0
2016-11-10,17.88,17.88,17.88,17.88,0,0
2016-11-11,17.37,17.37,17.37,17.37,0,0
2016-11-14,17.15,17.15,17.15,17.15,0,0
2016-11-15,17.01,17.01,17.01,17.01,0,0
2016-11-16,17.05,17.05,17.05,17.05,0,0
2016-11-17,17.15,17.15,17.15,17.15,0,0
2016-11-18,17.15,17.15,17.15,17.15,0,0
2016-11-21,17.08,17.08,17.08,17.08,0,0
2016-11-22,17.2,17.2,17.2,17.2,0,0
2016-11-23,17.2,17.2,17.2,17.2,0,0
2016-11-24,17.08,17.08,17.08,17.08,0,0
2016-11-25,17.24,17.24,17.24,17.24,0,0
2016-11-28,17.41,17.41,17.41,17.41,0,0
2016-11-29,17.37,17.37,17.37,17.37,0,0
2016-11-30,17.47,17.47,17.47,17.47,0,0
2016-12-01,17.42,17.42,17.42,17.42,0,0
2016-12-02,17.22,17.22,17.22,17.22,0,0
2016-12-05,17.16,17.16,17.16,17.16,0,0
2016-12-06,17.26,17.26,17.26,17.26,0,0
2016-12-07,17.26,17.26,17.26,17.26,0,0
2016-12-08,17.48,17.48,17.48,17.48,0,0
2016-12-09,17.49,17.49,17.49,17.49,0,0
2016-12-12,17.33,17.33,17.33,17.33,0,0
2016-12-13,17.42,17.42,17.42,17.42,0,0
2016-12-14,17.42,17.42,17.42,17.42,0,0
2016-12-15,17.2,17.2,17.2,17.2,0,0
2016-12-16,17.22,17.22,17.22,17.22,0,0
2016-12-19,17.1,17.1,17.1,17.1,0,0
2016-12-20,17.05,17.05,17.05,17.05,0,0
2016-12-21,17.05,17.05,17.05,17.05,0,0
2016-12-22,16.88,16.88,16.88,16.88,0,0
2016-12-23,16.83,16.83,16.83,16.83,0,0
2016-12-27,16.84,16.84,16.84,16.84,0,0
2016-12-28,16.93,16.93,16.93,16.93,0,0
2016-12-29,17,17,17,17,0,0
2016-12-30,17.1,17.1,17.1,17.1,0,0
2017-01-03,17.12,17.12,17.12,17.12,0,0
2017-01-04,17.22,17.22,17.22,17.22,0,0
2017-01-05,17.45,17.45,17.45,17.45,0,0
2017-01-06,17.48,17.48,17.48,17.48,0,0
2017-01-09,17.53,17.53,17.53,17.53,0,0
2017-01-10,17.67,17.67,17.67,17.67,0,0
2017-01-11,17.78,17.78,17.78,17.78,0,0
2017-01-12,17.91,17.91,17.91,17.91,0,0
2017-01-13,17.85,17.85,17.85,17.85,0,0
2017-01-16,17.74,17.74,17.74,17.74,0,0
2017-01-17,17.82,17.82,17.82,17.82,0,0
2017-01-18,17.82,17.82,17.82,17.82,0,0
2017-01-19,17.79,17.79,17.79,17.79,0,0
2017-01-20,17.76,17.76,17.76,17.76,0,0
2017-01-23,17.88,17.88,17.88,17.88,0,0
2017-01-24,18.06,18.06,18.06,18.06,0,0
2017-01-25,18.19,18.19,18.19,18.19,0,0
2017-01-26,18.23,18.23,18.23,18.23,0,0
2017-01-27,18.21,18.21,18.21,18.21,0,0
2017-02-01,18.29,18.29,18.29,18.29,0,0
2017-02-02,18.32,18.32,18.32,18.32,0,0
2017-02-03,18.36,18.36,18.36,18.36,0,0
2017-02-06,18.57,18.57,18.57,18.57,0,0
2017-02-07,18.5,18.5,18.5,18.5,0,0
2017-02-08,18.54,18.54,18.54,18.54,0,0
2017-02-09,18.64,18.64,18.64,18.64,0,0
2017-02-10,18.57,18.57,18.57,18.57,0,0
2017-02-13,18.63,18.63,18.63,18.63,0,0
2017-02-14,18.64,18.64,18.64,18.64,0,0
2017-02-15,18.58,18.58,18.58,18.58,0,0
2017-02-16,18.71,18.71,18.71,18.71,0,0
2017-02-17,18.69,18.69,18.69,18.69,0,0
2017-02-20,18.77,18.77,18.77,18.77,0,0
2017-02-21,18.78,18.78,18.78,18.78,0,0
2017-02-22,18.93,18.93,18.93,18.93,0,0
2017-02-23,19.03,19.03,19.03,19.03,0,0
2017-02-24,18.92,18.92,18.92,18.92,0,0
2017-02-27,18.89,18.89,18.89,18.89,0,0
2017-02-28,18.86,18.86,18.86,18.86,0,0
2017-03-01,18.77,18.77,18.77,18.77,0,0
2017-03-02,18.77,18.77,18.77,18.77,0,0
2017-03-03,18.66,18.66,18.66,18.66,0,0
2017-03-06,18.75,18.75,18.75,18.75,0,0
2017-03-07,18.79,18.79,18.79,18.79,0,0
2017-03-08,18.82,18.82,18.82,18.82,0,0
2017-03-09,18.71,18.71,18.71,18.71,0,0
2017-03-10,18.74,18.74,18.74,18.74,0,0
2017-03-13,18.92,18.92,18.92,18.92,0,0
2017-03-14,18.98,18.98,18.98,18.98,0,0
2017-03-15,19,19,19,19,0,0
2017-03-16,19.28,19.28,19.28,19.28,0,0
2017-03-17,19.37,19.37,19.37,19.37,0,0
2017-03-20,19.46,19.46,19.46,19.46,0,0
2017-03-21,19.56,19.56,19.56,19.56,0,0
2017-03-22,19.33,19.33,19.33,19.33,0,0
2017-03-23,19.38,19.38,19.38,19.38,0,0
2017-03-24,19.42,19.42,19.42,19.42,0,0
2017-03-27,19.37,19.37,19.37,19.37,0,0
2017-03-28,19.45,19.45,19.45,19.45,0,0
2017-03-29,19.48,19.48,19.48,19.48,0,0
2017-03-30,19.51,19.51,19.51,19.51,0,0
2017-03-31,19.41,19.41,19.41,19.41,0,0
2017-04-03,19.54,19.54,19.54,19.54,0,0
2017-04-05,19.63,19.63,19.63,19.63,0,0
2017-04-06,19.55,19.55,19.55,19.55,0,0
2017-04-07,19.5,19.5,19.5,19.5,0,0
2017-04-10,19.47,19.47,19.47,19.47,0,0
2017-04-11,19.41,19.41,19.41,19.41,0,0
2017-04-12,19.47,19.47,19.47,19.47,0,0
2017-04-13,19.57,19.57,19.57,19.57,0,0
2017-04-18,19.39,19.39,19.39,19.39,0,0
2017-04-19,19.37,19.37,19.37,19.37,0,0
2017-04-20,19.49,19.49,19.49,19.49,0,0
2017-04-21,19.58,19.58,19.58,19.58,0,0
2017-04-24,19.71,19.71,19.71,19.71,0,0
2017-04-25,20,20,20,20,0,0
2017-04-26,20.08,20.08,20.08,20.08,0,0
2017-04-27,20.14,20.14,20.14,20.14,0,0
2017-04-28,20.11,20.11,20.11,20.11,0,0
2017-05-02,20.29,20.29,20.29,20.29,0,0
2017-05-04,20.27,20.27,20.27,20.27,0,0
2017-05-05,20.15,20.15,20.15,20.15,0,0
2017-05-08,20.39,20.39,20.39,20.39,0,0
2017-05-09,20.47,20.47,20.47,20.47,0,0
2017-05-10,20.54,20.54,20.54,20.54,0,0
2017-05-11,20.6,20.6,20.6,20.6,0,0
2017-05-12,20.58,20.58,20.58,20.58,0,0
2017-05-15,20.68,20.68,20.68,20.68,0,0
2017-05-16,20.78,20.78,20.78,20.78,0,0
2017-05-17,20.74,20.74,20.74,20.74,0,0
2017-05-18,20.46,20.46,20.46,20.46,0,0
2017-05-19,20.59,20.59,20.59,20.59,0,0
2017-05-22,20.79,20.79,20.79,20.79,0,0
2017-05-23,20.71,20.71,20.71,20.71,0,0
2017-05-24,20.69,20.69,20.69,20.69,0,0
2017-05-26,20.98,20.98,20.98,20.98,0,0
2017-05-29,20.92,20.92,20.92,20.92,0,0
2017-05-31,20.8,20.8,20.8,20.8,0,0
2017-06-01,20.89,20.89,20.89,20.89,0,0
2017-06-02,21.04,21.04,21.04,21.04,0,0
2017-06-06,21.12,21.12,21.12,21.12,0,0
2017-06-07,21.14,21.14,21.14,21.14,0,0
2017-06-08,21.42,21.42,21.42,21.42,0,0
2017-06-09,21.53,21.53,21.53,21.53,0,0
2017-06-12,21.14,21.14,21.14,21.14,0,0
2017-06-13,21.27,21.27,21.27,21.27,0,0
2017-06-14,21.26,21.26,21.26,21.26,0,0
2017-06-15,21.17,21.17,21.17,21.17,0,0
2017-06-16,21.2,21.2,21.2,21.2,0,0
2017-06-19,21.48,21.48,21.48,21.48,0,0
2017-06-20,21.48,21.48,21.48,21.48,0,0
2017-06-21,21.44,21.44,21.44,21.44,0,0
2017-06-22,21.61,21.61,21.61,21.61,0,0
2017-06-26,21.79,21.79,21.79,21.79,0,0
2017-06-27,21.68,21.68,21.68,21.68,0,0
2017-06-28,21.43,21.43,21.43,21.43,0,0
2017-06-29,21.56,21.56,21.56,21.56,0,0
2017-06-30,21.43,21.43,21.43,21.43,0,0
2017-07-03,21.45,21.45,21.45,21.45,0,0
2017-07-04,21.21,21.21,21.21,21.21,0,0
2017-07-05,21.31,21.31,21.31,21.31,0,0
2017-07-06,21.38,21.38,21.38,21.38,0,0
2017-07-07,21.31,21.31,21.31,21.31,0,0
2017-07-10,21.39,21.39,21.39,21.39,0,0
2017-07-11,21.62,21.62,21.62,21.62,0,0
2017-07-12,21.81,21.81,21.81,21.81,0,0
2017-07-13,22.12,22.12,22.12,22.12,0,0
2017-07-14,22.14,22.14,22.14,22.14,0,0
2017-07-17,22.25,22.25,22.25,22.25,0,0
2017-07-18,22.4,22.4,22.4,22.4,0,0
2017-07-19,22.57,22.57,22.57,22.57,0,0
2017-07-20,22.52,22.52,22.52,22.52,0,0
2017-07-21,22.46,22.46,22.46,22.46,0,0
2017-07-24,22.58,22.58,22.58,22.58,0,0
2017-07-25,22.52,22.52,22.52,22.52,0,0
2017-07-26,22.58,22.58,22.58,22.58,0,0
2017-07-27,22.82,22.82,22.82,22.82,0,0
2017-07-28,22.51,22.51,22.51,22.51,0,0
2017-07-31,22.76,22.76,22.76,22.76,0,0
2017-08-01,22.79,22.79,22.79,22.79,0,0
2017-08-02,22.86,22.86,22.86,22.86,0,0
2017-08-03,22.58,22.58,22.58,22.58,0,0
2017-08-04,22.67,22.67,22.67,22.67,0,0
2017-08-07,22.82,22.82,22.82,22.82,0,0
2017-08-08,22.96,22.96,22.96,22.96,0,0
2017-08-09,22.73,22.73,22.73,22.73,0,0
2017-08-10,22.43,22.43,22.43,22.43,0,0
2017-08-11,21.97,21.97,21.97,21.97,0,0
2017-08-14,22.23,22.23,22.23,22.23,0,0
2017-08-16,22.49,22.49,22.49,22.49,0,0
2017-08-17,22.57,22.57,22.57,22.57,0,0
2017-08-18,22.46,22.46,22.46,22.46,0,0
2017-08-21,22.53,22.53,22.53,22.53,0,0
2017-08-22,22.71,22.71,22.71,22.71,0,0
2017-08-23,22.93,22.93,22.93,22.93,0,0
2017-08-24,22.96,22.96,22.96,22.96,0,0
2017-08-25,22.98,22.98,22.98,22.98,0,0
2017-08-28,22.83,22.83,22.83,22.83,0,0
2017-08-29,22.7,22.7,22.7,22.7,0,0
2017-08-30,22.92,22.92,22.92,22.92,0,0
2017-08-31,22.9,22.9,22.9,22.9,0,0
2017-09-01,22.95,22.95,22.95,22.95,0,0
2017-09-04,22.85,22.85,22.85,22.85,0,0
2017-09-05,22.88,22.88,22.88,22.88,0,0
2017-09-06,22.82,22.82,22.82,22.82,0,0
2017-09-07,22.87,22.87,22.87,22.87,0,0
2017-09-08,23,23,23,23,0,0
2017-09-11,23.1,23.1,23.1,23.1,0,0
2017-09-12,23.23,23.23,23.23,23.23,0,0
2017-09-13,23.31,23.31,23.31,23.31,0,0
2017-09-14,23.35,23.35,23.35,23.35,0,0
2017-09-15,23.39,23.39,23.39,23.39,0,0
2017-09-18,23.73,23.73,23.73,23.73,0,0
2017-09-19,23.62,23.62,23.62,23.62,0,0
2017-09-20,23.76,23.76,23.76,23.76,0,0
2017-09-21,23.64,23.64,23.64,23.64,0,0
2017-09-22,23.5,23.5,23.5,23.5,0,0
2017-09-25,23.23,23.23,23.23,23.23,0,0
2017-09-26,23.03,23.03,23.03,23.03,0,0
2017-09-27,23.03,23.03,23.03,23.03,0,0
2017-09-28,22.98,22.98,22.98,22.98,0,0
2017-09-29,23.05,23.05,23.05,23.05,0,0
2017-10-03,23.33,23.33,23.33,23.33,0,0
2017-10-06,23.64,23.64,23.64,23.64,0,0
2017-10-09,23.59,23.59,23.59,23.59,0,0
2017-10-10,23.84,23.84,23.84,23.84,0,0
2017-10-11,23.92,23.92,23.92,23.92,0,0
2017-10-12,23.99,23.99,23.99,23.99,0,0
2017-10-13,23.95,23.95,23.95,23.95,0,0
2017-10-16,24.02,24.02,24.02,24.02,0,0
2017-10-17,23.95,23.95,23.95,23.95,0,0
2017-10-18,23.95,23.95,23.95,23.95,0,0
2017-10-19,23.76,23.76,23.76,23.76,0,0
2017-10-20,23.94,23.94,23.94,23.94,0,0
2017-10-23,23.87,23.87,23.87,23.87,0,0
2017-10-24,23.84,23.84,23.84,23.84,0,0
2017-10-25,24.05,24.05,24.05,24.05,0,0
2017-10-26,23.95,23.95,23.95,23.95,0,0
2017-10-27,23.89,23.89,23.89,23.89,0,0
2017-10-30,24.05,24.05,24.05,24.05,0,0
2017-10-31,24.25,24.25,24.25,24.25,0,0
2017-11-02,24.57,24.57,24.57,24.57,0,0
2017-11-03,24.62,24.62,24.62,24.62,0,0
2017-11-06,24.73,24.73,24.73,24.73,0,0
2017-11-07,24.76,24.76,24.76,24.76,0,0
2017-11-08,24.69,24.69,24.69,24.69,0,0
2017-11-09,24.76,24.76,24.76,24.76,0,0
2017-11-10,24.84,24.84,24.84,24.84,0,0
2017-11-13,24.91,24.91,24.91,24.91,0,0
2017-11-14,24.85,24.85,24.85,24.85,0,0
2017-11-15,24.61,24.61,24.61,24.61,0,0
2017-11-16,25.02,25.02,25.02,25.02,0,0
2017-11-17,25.27,25.27,25.27,25.27,0,0
2017-11-20,25.35,25.35,25.35,25.35,0,0
2017-11-21,25.66,25.66,25.66,25.66,0,0
2017-11-22,25.64,25.64,25.64,25.64,0,0
2017-11-23,25.49,25.49,25.49,25.49,0,0
2017-11-24,25.57,25.57,25.57,25.57,0,0
2017-11-27,25.29,25.29,25.29,25.29,0,0
2017-11-28,25.3,25.3,25.3,25.3,0,0
2017-11-29,25.22,25.22,25.22,25.22,0,0
2017-11-30,24.73,24.73,24.73,24.73,0,0
2017-12-01,24.6,24.6,24.6,24.6,0,0
2017-12-04,24.66,24.66,24.66,24.66,0,0
2017-12-05,24.48,24.48,24.48,24.48,0,0
2017-12-06,24.03,24.03,24.03,24.03,0,0
2017-12-07,24.17,24.17,24.17,24.17,0,0
2017-12-08,24.58,24.58,24.58,24.58,0,0
2017-12-11,24.88,24.88,24.88,24.88,0,0
2017-12-12,24.7,24.7,24.7,24.7,0,0
2017-12-13,24.73,24.73,24.73,24.73,0,0
2017-12-14,24.77,24.77,24.77,24.77,0,0
2017-12-15,24.7,24.7,24.7,24.7,0,0
2017-12-18,24.72,24.72,24.72,24.72,0,0
2017-12-19,24.91,24.91,24.91,24.91,0,0
2017-12-20,24.92,24.92,24.92,24.92,0,0
2017-12-21,24.95,24.95,24.95,24.95,0,0
2017-12-22,25.18,25.18,25.18,25.18,0,0
2017-12-27,25.07,25.07,25.07,25.07,0,0
2017-12-28,25.46,25.46,25.46,25.46,0,0
2017-12-29,25.55,25.55,25.55,25.55,0,0
2018-01-02,25.89,25.89,25.89,25.89,0,0
2018-01-03,26.08,26.08,26.08,26.08,0,0
2018-01-04,26.09,26.09,26.09,26.09,0,0
2018-01-05,26.26,26.26,26.26,26.26,0,0
2018-01-08,26.26,26.26,26.26,26.26,0,0
2018-01-09,26.23,26.23,26.23,26.23,0,0
2018-01-10,26.01,26.01,26.01,26.01,0,0
2018-01-11,26.04,26.04,26.04,26.04,0,0
2018-01-12,26.25,26.25,26.25,26.25,0,0
2018-01-15,26.4,26.4,26.4,26.4,0,0
2018-01-16,26.56,26.56,26.56,26.56,0,0
2018-01-17,26.55,26.55,26.55,26.55,0,0
2018-01-18,26.58,26.58,26.58,26.58,0,0
2018-01-19,26.71,26.71,26.71,26.71,0,0
2018-01-22,26.81,26.81,26.81,26.81,0,0
2018-01-23,27.23,27.23,27.23,27.23,0,0
2018-01-24,27.29,27.29,27.29,27.29,0,0
2018-01-25,27.24,27.24,27.24,27.24,0,0
2018-01-26,27.37,27.37,27.37,27.37,0,0
2018-01-29,27.33,27.33,27.33,27.33,0,0
2018-01-30,26.9,26.9,26.9,26.9,0,0
2018-01-31,27.14,27.14,27.14,27.14,0,0
2018-02-01,26.9,26.9,26.9,26.9,0,0
2018-02-02,26.45,26.45,26.45,26.45,0,0
2018-02-05,26.01,26.01,26.01,26.01,0,0
2018-02-06,25.11,25.11,25.11,25.11,0,0
2018-02-07,25.08,25.08,25.08,25.08,0,0
2018-02-08,25.16,25.16,25.16,25.16,0,0
2018-02-09,24.55,24.55,24.55,24.55,0,0
2018-02-12,24.83,24.83,24.83,24.83,0,0
2018-02-13,25.1,25.1,25.1,25.1,0,0
2018-02-14,25.54,25.54,25.54,25.54,0,0
2018-02-20,25.61,25.61,25.61,25.61,0,0
2018-02-21,25.94,25.94,25.94,25.94,0,0
2018-02-22,25.63,25.63,25.63,25.63,0,0
2018-02-23,25.91,25.91,25.91,25.91,0,0
2018-02-26,26.09,26.09,26.09,26.09,0,0
2018-02-27,25.89,25.89,25.89,25.89,0,0
2018-02-28,25.62,25.62,25.62,25.62,0,0
2018-03-01,25.62,25.62,25.62,25.62,0,0
2018-03-02,25.32,25.32,25.32,25.32,0,0
2018-03-05,25.1,25.1,25.1,25.1,0,0
2018-03-06,25.6,25.6,25.6,25.6,0,0
2018-03-07,25.55,25.55,25.55,25.55,0,0
2018-03-08,26.01,26.01,26.01,26.01,0,0
2018-03-09,26.23,26.23,26.23,26.23,0,0
2018-03-12,26.57,26.57,26.57,26.57,0,0
2018-03-13,26.57,26.57,26.57,26.57,0,0
2018-03-14,26.52,26.52,26.52,26.52,0,0
2018-03-15,26.59,26.59,26.59,26.59,0,0
2018-03-16,26.49,26.49,26.49,26.49,0,0
2018-03-19,26.32,26.32,26.32,26.32,0,0
2018-03-20,26.52,26.52,26.52,26.52,0,0
2018-03-21,26.35,26.35,26.35,26.35,0,0
2018-03-22,26.03,26.03,26.03,26.03,0,0
2018-03-23,25.39,25.39,25.39,25.39,0,0
2018-03-26,25.64,25.64,25.64,25.64,0,0
2018-03-27,25.79,25.79,25.79,25.79,0,0
2018-03-28,25.04,25.04,25.04,25.04,0,0
2018-03-29,25.13,25.13,25.13,25.13,0,0
