Date,Open,High,Low,Close,Volume,OpenInt
2009-09-02,100,100,100,100,0,0
2009-09-03,100,100,100,100,0,0
2009-09-04,100,100,100,100,0,0
2009-09-07,100,100,100,100,0,0
2009-09-08,100.03,100.03,100.03,100.03,0,0
2009-09-09,100.05,100.05,100.05,100.05,0,0
2009-09-10,100.06,100.06,100.06,100.06,0,0
2009-09-11,100.06,100.06,100.06,100.06,0,0
2009-09-14,100.07,100.07,100.07,100.07,0,0
2009-09-15,100.07,100.07,100.07,100.07,0,0
2009-09-16,100.08,100.08,100.08,100.08,0,0
2009-09-17,100.08,100.08,100.08,100.08,0,0
2009-09-18,100.08,100.08,100.08,100.08,0,0
2009-09-21,100.08,100.08,100.08,100.08,0,0
2009-09-22,102.71,102.71,102.71,102.71,0,0
2009-09-23,102.88,102.88,102.88,102.88,0,0
2009-09-24,102.03,102.03,102.03,102.03,0,0
2009-09-25,102.46,102.46,102.46,102.46,0,0
2009-09-28,102.61,102.61,102.61,102.61,0,0
2009-09-29,100.7,100.7,100.7,100.7,0,0
2009-09-30,100.31,100.31,100.31,100.31,0,0
2009-10-01,101.28,101.28,101.28,101.28,0,0
2009-10-02,101.1,101.1,101.1,101.1,0,0
2009-10-05,101.12,101.12,101.12,101.12,0,0
2009-10-06,101.12,101.12,101.12,101.12,0,0
2009-10-07,101.11,101.11,101.11,101.11,0,0
2009-10-08,101.05,101.05,101.05,101.05,0,0
2009-10-09,101.55,101.55,101.55,101.55,0,0
2009-10-12,101.69,101.69,101.69,101.69,0,0
2009-10-13,100.95,100.95,100.95,100.95,0,0
2009-10-14,104.98,104.98,104.98,104.98,0,0
2009-10-15,102.56,102.56,102.56,102.56,0,0
2009-10-16,102.92,102.92,102.92,102.92,0,0
2009-10-19,104.8,104.8,104.8,104.8,0,0
2009-10-20,105.01,105.01,105.01,105.01,0,0
2009-10-21,107.15,107.15,107.15,107.15,0,0
2009-10-22,106.13,106.13,106.13,106.13,0,0
2009-10-23,107.67,107.67,107.67,107.67,0,0
2009-10-26,106.8,106.8,106.8,106.8,0,0
2009-10-27,105.53,105.53,105.53,105.53,0,0
2009-10-28,105.44,105.44,105.44,105.44,0,0
2009-10-29,106.49,106.49,106.49,106.49,0,0
2009-10-30,104.93,104.93,104.93,104.93,0,0
2009-11-02,104.93,104.93,104.93,104.93,0,0
2009-11-03,102.41,102.41,102.41,102.41,0,0
2009-11-04,104.62,104.62,104.62,104.62,0,0
2009-11-05,106.8,106.8,106.8,106.8,0,0
2009-11-06,104.85,104.85,104.85,104.85,0,0
2009-11-09,108.97,108.97,108.97,108.97,0,0
2009-11-10,108.27,108.27,108.27,108.27,0,0
2009-11-12,109.3,109.3,109.3,109.3,0,0
2009-11-13,108.02,108.02,108.02,108.02,0,0
2009-11-16,111.75,111.75,111.75,111.75,0,0
2009-11-17,110.12,110.12,110.12,110.12,0,0
2009-11-18,107.65,107.65,107.65,107.65,0,0
2009-11-19,107.13,107.13,107.13,107.13,0,0
2009-11-20,107.48,107.48,107.48,107.48,0,0
2009-11-23,110.42,110.42,110.42,110.42,0,0
2009-11-24,107.08,107.08,107.08,107.08,0,0
2009-11-25,108.44,108.44,108.44,108.44,0,0
2009-11-26,105.98,105.98,105.98,105.98,0,0
2009-11-27,106.09,106.09,106.09,106.09,0,0
2009-11-30,106.77,106.77,106.77,106.77,0,0
2009-12-01,108.09,108.09,108.09,108.09,0,0
2009-12-02,108.21,108.21,108.21,108.21,0,0
2009-12-03,107.45,107.45,107.45,107.45,0,0
2009-12-04,110.34,110.34,110.34,110.34,0,0
2009-12-07,108.81,108.81,108.81,108.81,0,0
2009-12-08,106.47,106.47,106.47,106.47,0,0
2009-12-09,106.93,106.93,106.93,106.93,0,0
2009-12-10,106.8,106.8,106.8,106.8,0,0
2009-12-11,106.82,106.82,106.82,106.82,0,0
2009-12-14,106.81,106.81,106.81,106.81,0,0
2009-12-15,106.8,106.8,106.8,106.8,0,0
2009-12-16,106.79,106.79,106.79,106.79,0,0
2009-12-17,106.76,106.76,106.76,106.76,0,0
2009-12-18,106.75,106.75,106.75,106.75,0,0
2009-12-21,106.75,106.75,106.75,106.75,0,0
2009-12-22,106.77,106.77,106.77,106.77,0,0
2009-12-23,106.66,106.66,106.66,106.66,0,0
2009-12-24,106.66,106.66,106.66,106.66,0,0
2009-12-28,107.44,107.44,107.44,107.44,0,0
2009-12-29,107.47,107.47,107.47,107.47,0,0
2009-12-30,107.13,107.13,107.13,107.13,0,0
2009-12-31,107.19,107.19,107.19,107.19,0,0
2010-01-04,108.1,108.1,108.1,108.1,0,0
2010-01-05,107.91,107.91,107.91,107.91,0,0
2010-01-06,108.16,108.16,108.16,108.16,0,0
2010-01-07,106.93,106.93,106.93,106.93,0,0
2010-01-08,107.31,107.31,107.31,107.31,0,0
2010-01-11,107.98,107.98,107.98,107.98,0,0
2010-01-12,106.87,106.87,106.87,106.87,0,0
2010-01-13,107.44,107.44,107.44,107.44,0,0
2010-01-14,107.55,107.55,107.55,107.55,0,0
2010-01-15,107.03,107.03,107.03,107.03,0,0
2010-01-18,107.81,107.81,107.81,107.81,0,0
2010-01-19,109.05,109.05,109.05,109.05,0,0
2010-01-20,108.21,108.21,108.21,108.21,0,0
2010-01-21,107.83,107.83,107.83,107.83,0,0
2010-01-22,105.82,105.82,105.82,105.82,0,0
2010-01-25,105.9,105.9,105.9,105.9,0,0
2010-01-26,105.22,105.22,105.22,105.22,0,0
2010-01-27,104.3,104.3,104.3,104.3,0,0
2010-01-28,103.56,103.56,103.56,103.56,0,0
2010-01-29,104.63,104.63,104.63,104.63,0,0
2010-02-01,104.05,104.05,104.05,104.05,0,0
2010-02-02,104.35,104.35,104.35,104.35,0,0
2010-02-03,104.3,104.3,104.3,104.3,0,0
2010-02-04,100.27,100.27,100.27,100.27,0,0
2010-02-05,96.95,96.95,96.95,96.95,0,0
2010-02-08,96.59,96.59,96.59,96.59,0,0
2010-02-09,97.11,97.11,97.11,97.11,0,0
2010-02-10,96.21,96.21,96.21,96.21,0,0
2010-02-11,95.43,95.43,95.43,95.43,0,0
2010-02-12,95.77,95.77,95.77,95.77,0,0
2010-02-15,96.1,96.1,96.1,96.1,0,0
2010-02-16,96.01,96.01,96.01,96.01,0,0
2010-02-17,96.2,96.2,96.2,96.2,0,0
2010-02-18,96.13,96.13,96.13,96.13,0,0
2010-02-19,96.15,96.15,96.15,96.15,0,0
2010-02-22,96.13,96.13,96.13,96.13,0,0
2010-02-23,95.99,95.99,95.99,95.99,0,0
2010-02-24,95.98,95.98,95.98,95.98,0,0
2010-02-25,95.98,95.98,95.98,95.98,0,0
2010-02-26,95.99,95.99,95.99,95.99,0,0
2010-03-01,95.99,95.99,95.99,95.99,0,0
2010-03-02,95.97,95.97,95.97,95.97,0,0
2010-03-03,96.33,96.33,96.33,96.33,0,0
2010-03-04,96.08,96.08,96.08,96.08,0,0
2010-03-05,97.02,97.02,97.02,97.02,0,0
2010-03-08,97.07,97.07,97.07,97.07,0,0
2010-03-09,96.8,96.8,96.8,96.8,0,0
2010-03-10,97.16,97.16,97.16,97.16,0,0
2010-03-11,97.03,97.03,97.03,97.03,0,0
2010-03-12,96.97,96.97,96.97,96.97,0,0
2010-03-15,96.54,96.54,96.54,96.54,0,0
2010-03-16,97.61,97.61,97.61,97.61,0,0
2010-03-17,97.97,97.97,97.97,97.97,0,0
2010-03-18,97.16,97.16,97.16,97.16,0,0
2010-03-19,98.68,98.68,98.68,98.68,0,0
2010-03-22,98.56,98.56,98.56,98.56,0,0
2010-03-23,98.56,98.56,98.56,98.56,0,0
2010-03-24,98.56,98.56,98.56,98.56,0,0
2010-03-25,98.73,98.73,98.73,98.73,0,0
2010-03-26,98.48,98.48,98.48,98.48,0,0
2010-03-29,98.39,98.39,98.39,98.39,0,0
2010-03-30,98.68,98.68,98.68,98.68,0,0
2010-03-31,98.53,98.53,98.53,98.53,0,0
2010-04-01,99.34,99.34,99.34,99.34,0,0
2010-04-06,99.63,99.63,99.63,99.63,0,0
2010-04-07,99.46,99.46,99.46,99.46,0,0
2010-04-08,99.03,99.03,99.03,99.03,0,0
2010-04-09,99.38,99.38,99.38,99.38,0,0
2010-04-12,99.72,99.72,99.72,99.72,0,0
2010-04-13,99.74,99.74,99.74,99.74,0,0
2010-04-14,99.95,99.95,99.95,99.95,0,0
2010-04-15,99.9,99.9,99.9,99.9,0,0
2010-04-16,99.7,99.7,99.7,99.7,0,0
2010-04-19,98.84,98.84,98.84,98.84,0,0
2010-04-20,99.08,99.08,99.08,99.08,0,0
2010-04-21,98.98,98.98,98.98,98.98,0,0
2010-04-22,98.66,98.66,98.66,98.66,0,0
2010-04-23,98.74,98.74,98.74,98.74,0,0
2010-04-26,99.14,99.14,99.14,99.14,0,0
2010-04-27,98.4,98.4,98.4,98.4,0,0
2010-04-28,97.14,97.14,97.14,97.14,0,0
2010-04-29,98.36,98.36,98.36,98.36,0,0
2010-04-30,99.07,99.07,99.07,99.07,0,0
2010-05-04,96.24,96.24,96.24,96.24,0,0
2010-05-05,95.76,95.76,95.76,95.76,0,0
2010-05-06,95.76,95.76,95.76,95.76,0,0
2010-05-07,95.72,95.72,95.72,95.72,0,0
2010-05-10,95.73,95.73,95.73,95.73,0,0
2010-05-11,95.73,95.73,95.73,95.73,0,0
2010-05-12,95.73,95.73,95.73,95.73,0,0
2010-05-13,95.74,95.74,95.74,95.74,0,0
2010-05-14,95.74,95.74,95.74,95.74,0,0
2010-05-17,95.74,95.74,95.74,95.74,0,0
2010-05-18,95.74,95.74,95.74,95.74,0,0
2010-05-19,95.75,95.75,95.75,95.75,0,0
2010-05-20,95.75,95.75,95.75,95.75,0,0
2010-05-21,95.75,95.75,95.75,95.75,0,0
2010-05-24,95.76,95.76,95.76,95.76,0,0
2010-05-25,95.76,95.76,95.76,95.76,0,0
2010-05-26,96.28,96.28,96.28,96.28,0,0
2010-05-27,96.56,96.56,96.56,96.56,0,0
2010-05-28,96.5,96.5,96.5,96.5,0,0
2010-05-31,96.51,96.51,96.51,96.51,0,0
2010-06-01,96.51,96.51,96.51,96.51,0,0
2010-06-02,96.51,96.51,96.51,96.51,0,0
2010-06-04,96.52,96.52,96.52,96.52,0,0
2010-06-07,96.52,96.52,96.52,96.52,0,0
2010-06-08,96.52,96.52,96.52,96.52,0,0
2010-06-09,96.52,96.52,96.52,96.52,0,0
2010-06-10,96.53,96.53,96.53,96.53,0,0
2010-06-11,96.53,96.53,96.53,96.53,0,0
2010-06-14,96.53,96.53,96.53,96.53,0,0
2010-06-15,96.54,96.54,96.54,96.54,0,0
2010-06-16,96.54,96.54,96.54,96.54,0,0
2010-06-17,96.54,96.54,96.54,96.54,0,0
2010-06-18,96.54,96.54,96.54,96.54,0,0
2010-06-21,96.55,96.55,96.55,96.55,0,0
2010-06-22,96.55,96.55,96.55,96.55,0,0
2010-06-23,96.55,96.55,96.55,96.55,0,0
2010-06-24,96.55,96.55,96.55,96.55,0,0
2010-06-25,96.55,96.55,96.55,96.55,0,0
2010-06-28,96.56,96.56,96.56,96.56,0,0
2010-06-29,96.56,96.56,96.56,96.56,0,0
2010-06-30,96.56,96.56,96.56,96.56,0,0
2010-07-01,96.56,96.56,96.56,96.56,0,0
2010-07-02,96.57,96.57,96.57,96.57,0,0
2010-07-05,96.57,96.57,96.57,96.57,0,0
2010-07-06,96.57,96.57,96.57,96.57,0,0
2010-07-07,96.58,96.58,96.58,96.58,0,0
2010-07-08,96.58,96.58,96.58,96.58,0,0
2010-07-09,96.58,96.58,96.58,96.58,0,0
2010-07-12,96.59,96.59,96.59,96.59,0,0
2010-07-13,96.59,96.59,96.59,96.59,0,0
2010-07-14,96.59,96.59,96.59,96.59,0,0
2010-07-15,96.59,96.59,96.59,96.59,0,0
2010-07-16,96.59,96.59,96.59,96.59,0,0
2010-07-19,96.6,96.6,96.6,96.6,0,0
2010-07-20,96.6,96.6,96.6,96.6,0,0
2010-07-21,96.6,96.6,96.6,96.6,0,0
2010-07-22,96.6,96.6,96.6,96.6,0,0
2010-07-23,96.61,96.61,96.61,96.61,0,0
2010-07-26,96.7,96.7,96.7,96.7,0,0
2010-07-27,96.71,96.71,96.71,96.71,0,0
2010-07-28,96.71,96.71,96.71,96.71,0,0
2010-07-29,96.71,96.71,96.71,96.71,0,0
2010-07-30,96.71,96.71,96.71,96.71,0,0
2010-08-02,96.87,96.87,96.87,96.87,0,0
2010-08-03,96.79,96.79,96.79,96.79,0,0
2010-08-04,97.06,97.06,97.06,97.06,0,0
2010-08-05,96.94,96.94,96.94,96.94,0,0
2010-08-06,96.7,96.7,96.7,96.7,0,0
2010-08-09,96.6,96.6,96.6,96.6,0,0
2010-08-10,95.56,95.56,95.56,95.56,0,0
2010-08-11,94.5,94.5,94.5,94.5,0,0
2010-08-12,94.62,94.62,94.62,94.62,0,0
2010-08-13,94.55,94.55,94.55,94.55,0,0
2010-08-16,95.06,95.06,95.06,95.06,0,0
2010-08-17,95.21,95.21,95.21,95.21,0,0
2010-08-18,94.87,94.87,94.87,94.87,0,0
2010-08-19,94.08,94.08,94.08,94.08,0,0
2010-08-20,93.84,93.84,93.84,93.84,0,0
2010-08-23,94.63,94.63,94.63,94.63,0,0
2010-08-24,92.98,92.98,92.98,92.98,0,0
2010-08-25,92.87,92.87,92.87,92.87,0,0
2010-08-26,92.78,92.78,92.78,92.78,0,0
2010-08-27,93.2,93.2,93.2,93.2,0,0
2010-08-30,92.98,92.98,92.98,92.98,0,0
2010-08-31,93.39,93.39,93.39,93.39,0,0
2010-09-01,94.46,94.46,94.46,94.46,0,0
2010-09-02,94.29,94.29,94.29,94.29,0,0
2010-09-03,94.77,94.77,94.77,94.77,0,0
2010-09-06,95.37,95.37,95.37,95.37,0,0
2010-09-07,95.13,95.13,95.13,95.13,0,0
2010-09-08,96.93,96.93,96.93,96.93,0,0
2010-09-09,96.89,96.89,96.89,96.89,0,0
2010-09-10,96.76,96.76,96.76,96.76,0,0
2010-09-13,97.81,97.81,97.81,97.81,0,0
2010-09-14,97.53,97.53,97.53,97.53,0,0
2010-09-15,97.49,97.49,97.49,97.49,0,0
2010-09-16,97.33,97.33,97.33,97.33,0,0
2010-09-17,97.25,97.25,97.25,97.25,0,0
2010-09-20,97.25,97.25,97.25,97.25,0,0
2010-09-21,97.42,97.42,97.42,97.42,0,0
2010-09-22,97.49,97.49,97.49,97.49,0,0
2010-09-23,97.16,97.16,97.16,97.16,0,0
2010-09-24,98,98,98,98,0,0
2010-09-27,97.92,97.92,97.92,97.92,0,0
2010-09-28,97.17,97.17,97.17,97.17,0,0
2010-09-29,97.36,97.36,97.36,97.36,0,0
2010-09-30,97.7,97.7,97.7,97.7,0,0
2010-10-01,97.72,97.72,97.72,97.72,0,0
2010-10-04,98.08,98.08,98.08,98.08,0,0
2010-10-05,99.05,99.05,99.05,99.05,0,0
2010-10-06,98.78,98.78,98.78,98.78,0,0
2010-10-07,97.9,97.9,97.9,97.9,0,0
2010-10-08,97.39,97.39,97.39,97.39,0,0
2010-10-11,97.67,97.67,97.67,97.67,0,0
2010-10-12,97.91,97.91,97.91,97.91,0,0
2010-10-13,100.02,100.02,100.02,100.02,0,0
2010-10-14,99.3,99.3,99.3,99.3,0,0
2010-10-15,98.53,98.53,98.53,98.53,0,0
2010-10-18,98.69,98.69,98.69,98.69,0,0
2010-10-19,97.21,97.21,97.21,97.21,0,0
2010-10-20,97.36,97.36,97.36,97.36,0,0
2010-10-21,98.23,98.23,98.23,98.23,0,0
2010-10-22,98.11,98.11,98.11,98.11,0,0
2010-10-25,98.38,98.38,98.38,98.38,0,0
2010-10-26,98.38,98.38,98.38,98.38,0,0
2010-10-27,98.46,98.46,98.46,98.46,0,0
2010-10-28,98.31,98.31,98.31,98.31,0,0
2010-10-29,98.74,98.74,98.74,98.74,0,0
2010-11-02,99.91,99.91,99.91,99.91,0,0
2010-11-03,99.33,99.33,99.33,99.33,0,0
2010-11-04,101,101,101,101,0,0
2010-11-05,101.58,101.58,101.58,101.58,0,0
2010-11-08,101.29,101.29,101.29,101.29,0,0
2010-11-09,102.07,102.07,102.07,102.07,0,0
2010-11-10,101.46,101.46,101.46,101.46,0,0
2010-11-12,101.58,101.58,101.58,101.58,0,0
2010-11-15,101.41,101.41,101.41,101.41,0,0
2010-11-16,100.52,100.52,100.52,100.52,0,0
2010-11-17,100.64,100.64,100.64,100.64,0,0
2010-11-18,100.74,100.74,100.74,100.74,0,0
2010-11-19,99.79,99.79,99.79,99.79,0,0
2010-11-22,100.21,100.21,100.21,100.21,0,0
2010-11-23,99.5,99.5,99.5,99.5,0,0
2010-11-24,100.32,100.32,100.32,100.32,0,0
2010-11-25,100.39,100.39,100.39,100.39,0,0
2010-11-26,99.25,99.25,99.25,99.25,0,0
2010-11-29,98.9,98.9,98.9,98.9,0,0
2010-11-30,99.03,99.03,99.03,99.03,0,0
2010-12-01,99.56,99.56,99.56,99.56,0,0
2010-12-02,99.75,99.75,99.75,99.75,0,0
2010-12-03,99.93,99.93,99.93,99.93,0,0
2010-12-06,100.87,100.87,100.87,100.87,0,0
2010-12-07,101.65,101.65,101.65,101.65,0,0
2010-12-08,101.59,101.59,101.59,101.59,0,0
2010-12-09,101.49,101.49,101.49,101.49,0,0
2010-12-10,101.24,101.24,101.24,101.24,0,0
2010-12-13,101.75,101.75,101.75,101.75,0,0
2010-12-14,102.04,102.04,102.04,102.04,0,0
2010-12-15,102.43,102.43,102.43,102.43,0,0
2010-12-16,101.18,101.18,101.18,101.18,0,0
2010-12-17,101.05,101.05,101.05,101.05,0,0
2010-12-20,100.56,100.56,100.56,100.56,0,0
2010-12-21,101.78,101.78,101.78,101.78,0,0
2010-12-22,101.67,101.67,101.67,101.67,0,0
2010-12-23,101.6,101.6,101.6,101.6,0,0
2010-12-27,101.17,101.17,101.17,101.17,0,0
2010-12-28,101.35,101.35,101.35,101.35,0,0
2010-12-29,101.61,101.61,101.61,101.61,0,0
2010-12-30,100.89,100.89,100.89,100.89,0,0
2010-12-31,100.53,100.53,100.53,100.53,0,0
2011-01-03,101.44,101.44,101.44,101.44,0,0
2011-01-04,99.89,99.89,99.89,99.89,0,0
2011-01-05,98.87,98.87,98.87,98.87,0,0
2011-01-07,97.82,97.82,97.82,97.82,0,0
2011-01-10,97.03,97.03,97.03,97.03,0,0
2011-01-11,97.37,97.37,97.37,97.37,0,0
2011-01-12,99.28,99.28,99.28,99.28,0,0
2011-01-13,99.31,99.31,99.31,99.31,0,0
2011-01-14,99.39,99.39,99.39,99.39,0,0
2011-01-17,99.14,99.14,99.14,99.14,0,0
2011-01-18,101.89,101.89,101.89,101.89,0,0
2011-01-19,100.46,100.46,100.46,100.46,0,0
2011-01-20,99.81,99.81,99.81,99.81,0,0
2011-01-21,99.96,99.96,99.96,99.96,0,0
2011-01-24,99.63,99.63,99.63,99.63,0,0
2011-01-25,98.4,98.4,98.4,98.4,0,0
2011-01-26,98.77,98.77,98.77,98.77,0,0
2011-01-27,99.04,99.04,99.04,99.04,0,0
2011-01-28,98.67,98.67,98.67,98.67,0,0
2011-01-31,98.17,98.17,98.17,98.17,0,0
2011-02-01,98.7,98.7,98.7,98.7,0,0
2011-02-02,98.7,98.7,98.7,98.7,0,0
2011-02-03,98.86,98.86,98.86,98.86,0,0
2011-02-04,98.72,98.72,98.72,98.72,0,0
2011-02-07,98.97,98.97,98.97,98.97,0,0
2011-02-08,98.83,98.83,98.83,98.83,0,0
2011-02-09,98.67,98.67,98.67,98.67,0,0
2011-02-10,98.38,98.38,98.38,98.38,0,0
2011-02-11,98.61,98.61,98.61,98.61,0,0
2011-02-14,98.31,98.31,98.31,98.31,0,0
2011-02-15,98.19,98.19,98.19,98.19,0,0
2011-02-16,98.17,98.17,98.17,98.17,0,0
2011-02-17,97.46,97.46,97.46,97.46,0,0
2011-02-18,97.65,97.65,97.65,97.65,0,0
2011-02-21,97.54,97.54,97.54,97.54,0,0
2011-02-22,97.54,97.54,97.54,97.54,0,0
2011-02-23,97.67,97.67,97.67,97.67,0,0
2011-02-24,97.62,97.62,97.62,97.62,0,0
2011-02-25,97.7,97.7,97.7,97.7,0,0
2011-02-28,98.1,98.1,98.1,98.1,0,0
2011-03-01,97.84,97.84,97.84,97.84,0,0
2011-03-02,98.01,98.01,98.01,98.01,0,0
2011-03-03,98.73,98.73,98.73,98.73,0,0
2011-03-04,99.1,99.1,99.1,99.1,0,0
2011-03-07,99.6,99.6,99.6,99.6,0,0
2011-03-08,99.27,99.27,99.27,99.27,0,0
2011-03-09,99.1,99.1,99.1,99.1,0,0
2011-03-10,98.12,98.12,98.12,98.12,0,0
2011-03-11,97.47,97.47,97.47,97.47,0,0
2011-03-14,97.53,97.53,97.53,97.53,0,0
2011-03-15,97.22,97.22,97.22,97.22,0,0
2011-03-16,97.21,97.21,97.21,97.21,0,0
2011-03-17,97.39,97.39,97.39,97.39,0,0
2011-03-18,97.39,97.39,97.39,97.39,0,0
2011-03-21,97.4,97.4,97.4,97.4,0,0
2011-03-22,97.4,97.4,97.4,97.4,0,0
2011-03-23,97.43,97.43,97.43,97.43,0,0
2011-03-24,97.43,97.43,97.43,97.43,0,0
2011-03-25,97.43,97.43,97.43,97.43,0,0
2011-03-28,97.43,97.43,97.43,97.43,0,0
2011-03-29,97.44,97.44,97.44,97.44,0,0
2011-03-30,97.29,97.29,97.29,97.29,0,0
2011-03-31,97.27,97.27,97.27,97.27,0,0
2011-04-01,97.38,97.38,97.38,97.38,0,0
2011-04-04,97.45,97.45,97.45,97.45,0,0
2011-04-05,97.51,97.51,97.51,97.51,0,0
2011-04-06,97.69,97.69,97.69,97.69,0,0
2011-04-07,97.65,97.65,97.65,97.65,0,0
2011-04-08,97.57,97.57,97.57,97.57,0,0
2011-04-11,97.63,97.63,97.63,97.63,0,0
2011-04-12,97.49,97.49,97.49,97.49,0,0
2011-04-13,97.74,97.74,97.74,97.74,0,0
2011-04-14,97.65,97.65,97.65,97.65,0,0
2011-04-15,97.8,97.8,97.8,97.8,0,0
2011-04-18,97.34,97.34,97.34,97.34,0,0
2011-04-19,97.42,97.42,97.42,97.42,0,0
2011-04-20,98.12,98.12,98.12,98.12,0,0
2011-04-21,97.93,97.93,97.93,97.93,0,0
2011-04-26,98.2,98.2,98.2,98.2,0,0
2011-04-27,97.92,97.92,97.92,97.92,0,0
2011-04-28,98.12,98.12,98.12,98.12,0,0
2011-04-29,98.01,98.01,98.01,98.01,0,0
2011-05-02,97.74,97.74,97.74,97.74,0,0
2011-05-04,97.27,97.27,97.27,97.27,0,0
2011-05-05,97.02,97.02,97.02,97.02,0,0
2011-05-06,97.09,97.09,97.09,97.09,0,0
2011-05-09,96.83,96.83,96.83,96.83,0,0
2011-05-10,97.1,97.1,97.1,97.1,0,0
2011-05-11,96.97,96.97,96.97,96.97,0,0
2011-05-12,96.58,96.58,96.58,96.58,0,0
2011-05-13,96.34,96.34,96.34,96.34,0,0
2011-05-16,96.71,96.71,96.71,96.71,0,0
2011-05-17,96.2,96.2,96.2,96.2,0,0
2011-05-18,96.68,96.68,96.68,96.68,0,0
2011-05-19,96.93,96.93,96.93,96.93,0,0
2011-05-20,96.85,96.85,96.85,96.85,0,0
2011-05-23,96.06,96.06,96.06,96.06,0,0
2011-05-24,96.32,96.32,96.32,96.32,0,0
2011-05-25,96.95,96.95,96.95,96.95,0,0
2011-05-26,96.98,96.98,96.98,96.98,0,0
2011-05-27,97.53,97.53,97.53,97.53,0,0
2011-05-30,97.51,97.51,97.51,97.51,0,0
2011-05-31,98.32,98.32,98.32,98.32,0,0
2011-06-01,98.21,98.21,98.21,98.21,0,0
2011-06-02,97.73,97.73,97.73,97.73,0,0
2011-06-03,97.87,97.87,97.87,97.87,0,0
2011-06-06,97.66,97.66,97.66,97.66,0,0
2011-06-07,97.99,97.99,97.99,97.99,0,0
2011-06-08,97.66,97.66,97.66,97.66,0,0
2011-06-09,97.69,97.69,97.69,97.69,0,0
2011-06-10,97.17,97.17,97.17,97.17,0,0
2011-06-13,97.22,97.22,97.22,97.22,0,0
2011-06-14,97.62,97.62,97.62,97.62,0,0
2011-06-15,97.5,97.5,97.5,97.5,0,0
2011-06-16,97.48,97.48,97.48,97.48,0,0
2011-06-17,97.53,97.53,97.53,97.53,0,0
2011-06-20,96.98,96.98,96.98,96.98,0,0
2011-06-21,96.96,96.96,96.96,96.96,0,0
2011-06-22,96.47,96.47,96.47,96.47,0,0
2011-06-24,96.03,96.03,96.03,96.03,0,0
2011-06-27,95.69,95.69,95.69,95.69,0,0
2011-06-28,95.8,95.8,95.8,95.8,0,0
2011-06-29,96.3,96.3,96.3,96.3,0,0
2011-06-30,96.44,96.44,96.44,96.44,0,0
2011-07-01,96.48,96.48,96.48,96.48,0,0
2011-07-04,96.71,96.71,96.71,96.71,0,0
2011-07-05,96.51,96.51,96.51,96.51,0,0
2011-07-06,96.23,96.23,96.23,96.23,0,0
2011-07-07,96.99,96.99,96.99,96.99,0,0
2011-07-08,96.39,96.39,96.39,96.39,0,0
2011-07-11,95.61,95.61,95.61,95.61,0,0
2011-07-12,95.3,95.3,95.3,95.3,0,0
2011-07-13,95.8,95.8,95.8,95.8,0,0
2011-07-14,95.24,95.24,95.24,95.24,0,0
2011-07-15,95.21,95.21,95.21,95.21,0,0
2011-07-18,94,94,94,94,0,0
2011-07-19,94.43,94.43,94.43,94.43,0,0
2011-07-20,94.39,94.39,94.39,94.39,0,0
2011-07-21,95.21,95.21,95.21,95.21,0,0
2011-07-22,95.53,95.53,95.53,95.53,0,0
2011-07-25,95.24,95.24,95.24,95.24,0,0
2011-07-26,95.03,95.03,95.03,95.03,0,0
2011-07-27,94.11,94.11,94.11,94.11,0,0
2011-07-28,94.77,94.77,94.77,94.77,0,0
2011-07-29,95.19,95.19,95.19,95.19,0,0
2011-08-01,94.65,94.65,94.65,94.65,0,0
2011-08-02,93.65,93.65,93.65,93.65,0,0
2011-08-03,91.8,91.8,91.8,91.8,0,0
2011-08-04,89.49,89.49,89.49,89.49,0,0
2011-08-05,88.4,88.4,88.4,88.4,0,0
2011-08-08,87.47,87.47,87.47,87.47,0,0
2011-08-09,85.68,85.68,85.68,85.68,0,0
2011-08-10,81.24,81.24,81.24,81.24,0,0
2011-08-11,85.13,85.13,85.13,85.13,0,0
2011-08-12,86.51,86.51,86.51,86.51,0,0
2011-08-16,87.99,87.99,87.99,87.99,0,0
2011-08-17,87.9,87.9,87.9,87.9,0,0
2011-08-18,82.95,82.95,82.95,82.95,0,0
2011-08-19,84.35,84.35,84.35,84.35,0,0
2011-08-22,84.97,84.97,84.97,84.97,0,0
2011-08-23,84.98,84.98,84.98,84.98,0,0
2011-08-24,85.53,85.53,85.53,85.53,0,0
2011-08-25,85.12,85.12,85.12,85.12,0,0
2011-08-26,85.53,85.53,85.53,85.53,0,0
2011-08-29,87.61,87.61,87.61,87.61,0,0
2011-08-30,89,89,89,89,0,0
2011-08-31,89.69,89.69,89.69,89.69,0,0
2011-09-01,89.45,89.45,89.45,89.45,0,0
2011-09-02,87.61,87.61,87.61,87.61,0,0
2011-09-05,84.56,84.56,84.56,84.56,0,0
2011-09-06,85.54,85.54,85.54,85.54,0,0
2011-09-07,88.6,88.6,88.6,88.6,0,0
2011-09-08,87.62,87.62,87.62,87.62,0,0
2011-09-09,83.78,83.78,83.78,83.78,0,0
2011-09-12,81.8,81.8,81.8,81.8,0,0
2011-09-13,82,82,82,82,0,0
2011-09-14,82.43,82.43,82.43,82.43,0,0
2011-09-15,84.09,84.09,84.09,84.09,0,0
2011-09-16,84.31,84.31,84.31,84.31,0,0
2011-09-19,83.06,83.06,83.06,83.06,0,0
2011-09-20,84.87,84.87,84.87,84.87,0,0
2011-09-21,84.72,84.72,84.72,84.72,0,0
2011-09-22,79.06,79.06,79.06,79.06,0,0
2011-09-23,78.74,78.74,78.74,78.74,0,0
2011-09-26,79.83,79.83,79.83,79.83,0,0
2011-09-27,82.08,82.08,82.08,82.08,0,0
2011-09-28,81.78,81.78,81.78,81.78,0,0
2011-09-29,82.78,82.78,82.78,82.78,0,0
2011-09-30,81.78,81.78,81.78,81.78,0,0
2011-10-03,80.56,80.56,80.56,80.56,0,0
2011-10-04,78.88,78.88,78.88,78.88,0,0
2011-10-05,80.58,80.58,80.58,80.58,0,0
2011-10-06,80.81,80.81,80.81,80.81,0,0
2011-10-07,81.54,81.54,81.54,81.54,0,0
2011-10-10,83.54,83.54,83.54,83.54,0,0
2011-10-11,83.26,83.26,83.26,83.26,0,0
2011-10-12,84.74,84.74,84.74,84.74,0,0
2011-10-13,83.34,83.34,83.34,83.34,0,0
2011-10-14,84.16,84.16,84.16,84.16,0,0
2011-10-17,83.35,83.35,83.35,83.35,0,0
2011-10-18,83.83,83.83,83.83,83.83,0,0
2011-10-19,84.06,84.06,84.06,84.06,0,0
2011-10-20,82.17,82.17,82.17,82.17,0,0
2011-10-21,84.6,84.6,84.6,84.6,0,0
2011-10-24,86.15,86.15,86.15,86.15,0,0
2011-10-25,85.29,85.29,85.29,85.29,0,0
2011-10-26,85.37,85.37,85.37,85.37,0,0
2011-10-27,87.34,87.34,87.34,87.34,0,0
2011-10-28,86.88,86.88,86.88,86.88,0,0
2011-10-31,86.5,86.5,86.5,86.5,0,0
2011-11-02,85.89,85.89,85.89,85.89,0,0
2011-11-03,86.66,86.66,86.66,86.66,0,0
2011-11-04,85.41,85.41,85.41,85.41,0,0
2011-11-07,86.38,86.38,86.38,86.38,0,0
2011-11-08,86.67,86.67,86.67,86.67,0,0
2011-11-09,84.43,84.43,84.43,84.43,0,0
2011-11-10,84.02,84.02,84.02,84.02,0,0
2011-11-14,84.5,84.5,84.5,84.5,0,0
2011-11-15,83.78,83.78,83.78,83.78,0,0
2011-11-16,84.6,84.6,84.6,84.6,0,0
2011-11-17,83.69,83.69,83.69,83.69,0,0
2011-11-18,82.83,82.83,82.83,82.83,0,0
2011-11-21,81.19,81.19,81.19,81.19,0,0
2011-11-22,81.31,81.31,81.31,81.31,0,0
2011-11-23,80.31,80.31,80.31,80.31,0,0
2011-11-24,80.52,80.52,80.52,80.52,0,0
2011-11-25,80.95,80.95,80.95,80.95,0,0
2011-11-28,81.92,81.92,81.92,81.92,0,0
2011-11-29,81.41,81.41,81.41,81.41,0,0
2011-11-30,83.66,83.66,83.66,83.66,0,0
2011-12-01,83.31,83.31,83.31,83.31,0,0
2011-12-02,83.29,83.29,83.29,83.29,0,0
2011-12-05,83.92,83.92,83.92,83.92,0,0
2011-12-06,82.73,82.73,82.73,82.73,0,0
2011-12-07,83.03,83.03,83.03,83.03,0,0
2011-12-08,81.73,81.73,81.73,81.73,0,0
2011-12-09,82.4,82.4,82.4,82.4,0,0
2011-12-12,80.75,80.75,80.75,80.75,0,0
2011-12-13,81.47,81.47,81.47,81.47,0,0
2011-12-14,80.66,80.66,80.66,80.66,0,0
2011-12-15,80.8,80.8,80.8,80.8,0,0
2011-12-16,79.97,79.97,79.97,79.97,0,0
2011-12-19,79.18,79.18,79.18,79.18,0,0
2011-12-20,80.12,80.12,80.12,80.12,0,0
2011-12-21,80.21,80.21,80.21,80.21,0,0
2011-12-22,80.21,80.21,80.21,80.21,0,0
2011-12-23,80.75,80.75,80.75,80.75,0,0
2011-12-27,80.66,80.66,80.66,80.66,0,0
2011-12-28,80.06,80.06,80.06,80.06,0,0
2011-12-29,80.11,80.11,80.11,80.11,0,0
2011-12-30,79.99,79.99,79.99,79.99,0,0
2012-01-02,80.98,80.98,80.98,80.98,0,0
2012-01-03,81.15,81.15,81.15,81.15,0,0
2012-01-04,80.34,80.34,80.34,80.34,0,0
2012-01-05,79.66,79.66,79.66,79.66,0,0
2012-01-09,79.29,79.29,79.29,79.29,0,0
2012-01-10,80.27,80.27,80.27,80.27,0,0
2012-01-11,79.48,79.48,79.48,79.48,0,0
2012-01-12,80.47,80.47,80.47,80.47,0,0
2012-01-13,80.04,80.04,80.04,80.04,0,0
2012-01-16,81.01,81.01,81.01,81.01,0,0
2012-01-17,81.78,81.78,81.78,81.78,0,0
2012-01-18,81.84,81.84,81.84,81.84,0,0
2012-01-19,82.46,82.46,82.46,82.46,0,0
2012-01-20,82.47,82.47,82.47,82.47,0,0
2012-01-23,83.29,83.29,83.29,83.29,0,0
2012-01-24,82.84,82.84,82.84,82.84,0,0
2012-01-25,82.69,82.69,82.69,82.69,0,0
2012-01-26,84.75,84.75,84.75,84.75,0,0
2012-01-27,84.28,84.28,84.28,84.28,0,0
2012-01-30,84.43,84.43,84.43,84.43,0,0
2012-01-31,85.05,85.05,85.05,85.05,0,0
2012-02-01,86.24,86.24,86.24,86.24,0,0
2012-02-02,85.82,85.82,85.82,85.82,0,0
2012-02-03,86.38,86.38,86.38,86.38,0,0
2012-02-06,86.59,86.59,86.59,86.59,0,0
2012-02-07,85.92,85.92,85.92,85.92,0,0
2012-02-08,86.08,86.08,86.08,86.08,0,0
2012-02-09,85.75,85.75,85.75,85.75,0,0
2012-02-10,85.27,85.27,85.27,85.27,0,0
2012-02-13,85.49,85.49,85.49,85.49,0,0
2012-02-14,85.35,85.35,85.35,85.35,0,0
2012-02-15,85.43,85.43,85.43,85.43,0,0
2012-02-16,85.36,85.36,85.36,85.36,0,0
2012-02-17,85.53,85.53,85.53,85.53,0,0
2012-02-20,85.5,85.5,85.5,85.5,0,0
2012-02-21,85.5,85.5,85.5,85.5,0,0
2012-02-22,85.31,85.31,85.31,85.31,0,0
2012-02-23,85.3,85.3,85.3,85.3,0,0
2012-02-24,85.32,85.32,85.32,85.32,0,0
2012-02-27,85.34,85.34,85.34,85.34,0,0
2012-02-28,85.37,85.37,85.37,85.37,0,0
2012-02-29,85.26,85.26,85.26,85.26,0,0
2012-03-01,85.35,85.35,85.35,85.35,0,0
2012-03-02,85.36,85.36,85.36,85.36,0,0
2012-03-05,85.22,85.22,85.22,85.22,0,0
2012-03-06,85.15,85.15,85.15,85.15,0,0
2012-03-07,85.22,85.22,85.22,85.22,0,0
2012-03-08,85.33,85.33,85.33,85.33,0,0
2012-03-09,85.29,85.29,85.29,85.29,0,0
2012-03-12,85.3,85.3,85.3,85.3,0,0
2012-03-13,85.36,85.36,85.36,85.36,0,0
2012-03-14,85.37,85.37,85.37,85.37,0,0
2012-03-15,85.48,85.48,85.48,85.48,0,0
2012-03-16,85.36,85.36,85.36,85.36,0,0
2012-03-19,85.35,85.35,85.35,85.35,0,0
2012-03-20,85.11,85.11,85.11,85.11,0,0
2012-03-21,85.15,85.15,85.15,85.15,0,0
2012-03-22,84.73,84.73,84.73,84.73,0,0
2012-03-23,84.96,84.96,84.96,84.96,0,0
2012-03-26,85.2,85.2,85.2,85.2,0,0
2012-03-27,85.62,85.62,85.62,85.62,0,0
2012-03-28,85.01,85.01,85.01,85.01,0,0
2012-03-29,84.61,84.61,84.61,84.61,0,0
2012-03-30,84.71,84.71,84.71,84.71,0,0
2012-04-02,85.26,85.26,85.26,85.26,0,0
2012-04-03,85.11,85.11,85.11,85.11,0,0
2012-04-04,84.11,84.11,84.11,84.11,0,0
2012-04-05,84.42,84.42,84.42,84.42,0,0
2012-04-10,83.56,83.56,83.56,83.56,0,0
2012-04-11,84.41,84.41,84.41,84.41,0,0
2012-04-12,84.88,84.88,84.88,84.88,0,0
2012-04-13,84.03,84.03,84.03,84.03,0,0
2012-04-16,84.25,84.25,84.25,84.25,0,0
2012-04-17,84.73,84.73,84.73,84.73,0,0
2012-04-18,83.75,83.75,83.75,83.75,0,0
2012-04-19,83.7,83.7,83.7,83.7,0,0
2012-04-20,83.38,83.38,83.38,83.38,0,0
2012-04-23,82.69,82.69,82.69,82.69,0,0
2012-04-24,82.87,82.87,82.87,82.87,0,0
2012-04-25,82.88,82.88,82.88,82.88,0,0
2012-04-26,82.91,82.91,82.91,82.91,0,0
2012-04-27,82.97,82.97,82.97,82.97,0,0
2012-04-30,82.95,82.95,82.95,82.95,0,0
2012-05-02,82.94,82.94,82.94,82.94,0,0
2012-05-04,82.92,82.92,82.92,82.92,0,0
2012-05-07,82.86,82.86,82.86,82.86,0,0
2012-05-08,82.88,82.88,82.88,82.88,0,0
2012-05-09,82.88,82.88,82.88,82.88,0,0
2012-05-10,82.89,82.89,82.89,82.89,0,0
2012-05-11,82.9,82.9,82.9,82.9,0,0
2012-05-14,82.9,82.9,82.9,82.9,0,0
2012-05-15,82.91,82.91,82.91,82.91,0,0
2012-05-16,82.91,82.91,82.91,82.91,0,0
2012-05-17,82.92,82.92,82.92,82.92,0,0
2012-05-18,82.92,82.92,82.92,82.92,0,0
2012-05-21,82.93,82.93,82.93,82.93,0,0
2012-05-22,82.93,82.93,82.93,82.93,0,0
2012-05-23,82.94,82.94,82.94,82.94,0,0
2012-05-24,82.95,82.95,82.95,82.95,0,0
2012-05-25,82.95,82.95,82.95,82.95,0,0
2012-05-28,82.96,82.96,82.96,82.96,0,0
2012-05-29,82.96,82.96,82.96,82.96,0,0
2012-05-30,82.97,82.97,82.97,82.97,0,0
2012-05-31,82.97,82.97,82.97,82.97,0,0
2012-06-01,82.98,82.98,82.98,82.98,0,0
2012-06-04,82.98,82.98,82.98,82.98,0,0
2012-06-05,82.99,82.99,82.99,82.99,0,0
2012-06-06,83,83,83,83,0,0
2012-06-08,83,83,83,83,0,0
2012-06-11,83.02,83.02,83.02,83.02,0,0
2012-06-12,83.02,83.02,83.02,83.02,0,0
2012-06-13,83.03,83.03,83.03,83.03,0,0
2012-06-14,83.03,83.03,83.03,83.03,0,0
2012-06-15,83.04,83.04,83.04,83.04,0,0
2012-06-18,83.04,83.04,83.04,83.04,0,0
2012-06-19,83.05,83.05,83.05,83.05,0,0
2012-06-20,83.05,83.05,83.05,83.05,0,0
2012-06-21,83.06,83.06,83.06,83.06,0,0
2012-06-22,83.07,83.07,83.07,83.07,0,0
2012-06-25,83.07,83.07,83.07,83.07,0,0
2012-06-26,83.08,83.08,83.08,83.08,0,0
2012-06-27,83.09,83.09,83.09,83.09,0,0
2012-06-28,82.98,82.98,82.98,82.98,0,0
2012-06-29,83.04,83.04,83.04,83.04,0,0
2012-07-02,83.02,83.02,83.02,83.02,0,0
2012-07-03,83.05,83.05,83.05,83.05,0,0
2012-07-04,83.05,83.05,83.05,83.05,0,0
2012-07-05,83.08,83.08,83.08,83.08,0,0
2012-07-06,82.85,82.85,82.85,82.85,0,0
2012-07-09,82.68,82.68,82.68,82.68,0,0
2012-07-10,82.81,82.81,82.81,82.81,0,0
2012-07-11,82.35,82.35,82.35,82.35,0,0
2012-07-12,82.43,82.43,82.43,82.43,0,0
2012-07-13,82.77,82.77,82.77,82.77,0,0
2012-07-16,82.59,82.59,82.59,82.59,0,0
2012-07-17,82.69,82.69,82.69,82.69,0,0
2012-07-18,82.58,82.58,82.58,82.58,0,0
2012-07-19,82.81,82.81,82.81,82.81,0,0
2012-07-20,82.07,82.07,82.07,82.07,0,0
2012-07-23,80.25,80.25,80.25,80.25,0,0
2012-07-24,80.65,80.65,80.65,80.65,0,0
2012-07-25,80.66,80.66,80.66,80.66,0,0
2012-07-26,80.75,80.75,80.75,80.75,0,0
2012-07-27,81.1,81.1,81.1,81.1,0,0
2012-07-30,81.47,81.47,81.47,81.47,0,0
2012-07-31,81.57,81.57,81.57,81.57,0,0
2012-08-01,81.49,81.49,81.49,81.49,0,0
2012-08-02,81.34,81.34,81.34,81.34,0,0
2012-08-03,82.27,82.27,82.27,82.27,0,0
2012-08-06,82.6,82.6,82.6,82.6,0,0
2012-08-07,82.63,82.63,82.63,82.63,0,0
2012-08-08,82.77,82.77,82.77,82.77,0,0
2012-08-09,83.53,83.53,83.53,83.53,0,0
2012-08-10,83.13,83.13,83.13,83.13,0,0
2012-08-13,83.42,83.42,83.42,83.42,0,0
2012-08-14,83.46,83.46,83.46,83.46,0,0
2012-08-16,83.78,83.78,83.78,83.78,0,0
2012-08-17,82.95,82.95,82.95,82.95,0,0
2012-08-20,83.21,83.21,83.21,83.21,0,0
2012-08-21,83.37,83.37,83.37,83.37,0,0
2012-08-22,82.41,82.41,82.41,82.41,0,0
2012-08-23,82.75,82.75,82.75,82.75,0,0
2012-08-24,82.96,82.96,82.96,82.96,0,0
2012-08-27,82.43,82.43,82.43,82.43,0,0
2012-08-28,82.63,82.63,82.63,82.63,0,0
2012-08-29,82.13,82.13,82.13,82.13,0,0
2012-08-30,81.94,81.94,81.94,81.94,0,0
2012-08-31,82.62,82.62,82.62,82.62,0,0
2012-09-03,82.49,82.49,82.49,82.49,0,0
2012-09-04,82.07,82.07,82.07,82.07,0,0
2012-09-05,82.5,82.5,82.5,82.5,0,0
2012-09-06,83.47,83.47,83.47,83.47,0,0
2012-09-07,84.15,84.15,84.15,84.15,0,0
2012-09-10,84.05,84.05,84.05,84.05,0,0
2012-09-11,85.04,85.04,85.04,85.04,0,0
2012-09-12,84.62,84.62,84.62,84.62,0,0
2012-09-13,84.9,84.9,84.9,84.9,0,0
2012-09-14,87.37,87.37,87.37,87.37,0,0
2012-09-17,86.15,86.15,86.15,86.15,0,0
2012-09-18,86.69,86.69,86.69,86.69,0,0
2012-09-19,86.77,86.77,86.77,86.77,0,0
2012-09-20,85.41,85.41,85.41,85.41,0,0
2012-09-21,85.67,85.67,85.67,85.67,0,0
2012-09-24,85.48,85.48,85.48,85.48,0,0
2012-09-25,85.83,85.83,85.83,85.83,0,0
2012-09-26,85.02,85.02,85.02,85.02,0,0
2012-09-27,85.48,85.48,85.48,85.48,0,0
2012-09-28,85.28,85.28,85.28,85.28,0,0
2012-10-01,86.26,86.26,86.26,86.26,0,0
2012-10-02,85.96,85.96,85.96,85.96,0,0
2012-10-03,85.64,85.64,85.64,85.64,0,0
2012-10-04,85.47,85.47,85.47,85.47,0,0
2012-10-05,86.4,86.4,86.4,86.4,0,0
2012-10-08,85.88,85.88,85.88,85.88,0,0
2012-10-09,85.36,85.36,85.36,85.36,0,0
2012-10-10,85.66,85.66,85.66,85.66,0,0
2012-10-11,85.66,85.66,85.66,85.66,0,0
2012-10-12,85.25,85.25,85.25,85.25,0,0
2012-10-15,85.41,85.41,85.41,85.41,0,0
2012-10-16,85.62,85.62,85.62,85.62,0,0
2012-10-17,85.56,85.56,85.56,85.56,0,0
2012-10-18,85.58,85.58,85.58,85.58,0,0
2012-10-19,85.14,85.14,85.14,85.14,0,0
2012-10-22,85.21,85.21,85.21,85.21,0,0
2012-10-23,84.83,84.83,84.83,84.83,0,0
2012-10-24,84.99,84.99,84.99,84.99,0,0
2012-10-25,84.88,84.88,84.88,84.88,0,0
2012-10-26,84.99,84.99,84.99,84.99,0,0
2012-10-29,84.88,84.88,84.88,84.88,0,0
2012-10-30,84.99,84.99,84.99,84.99,0,0
2012-10-31,84.81,84.81,84.81,84.81,0,0
2012-11-02,85.07,85.07,85.07,85.07,0,0
2012-11-05,85.1,85.1,85.1,85.1,0,0
2012-11-06,85.03,85.03,85.03,85.03,0,0
2012-11-07,84.95,84.95,84.95,84.95,0,0
2012-11-08,84.95,84.95,84.95,84.95,0,0
2012-11-09,84.91,84.91,84.91,84.91,0,0
2012-11-12,85.11,85.11,85.11,85.11,0,0
2012-11-13,85.16,85.16,85.16,85.16,0,0
2012-11-14,85.27,85.27,85.27,85.27,0,0
2012-11-15,85.27,85.27,85.27,85.27,0,0
2012-11-16,85.26,85.26,85.26,85.26,0,0
2012-11-19,85.46,85.46,85.46,85.46,0,0
2012-11-20,85.47,85.47,85.47,85.47,0,0
2012-11-21,85.32,85.32,85.32,85.32,0,0
2012-11-22,85.4,85.4,85.4,85.4,0,0
2012-11-23,85.38,85.38,85.38,85.38,0,0
2012-11-26,85.52,85.52,85.52,85.52,0,0
2012-11-27,85.5,85.5,85.5,85.5,0,0
2012-11-28,85.5,85.5,85.5,85.5,0,0
2012-11-29,85.57,85.57,85.57,85.57,0,0
2012-11-30,85.58,85.58,85.58,85.58,0,0
2012-12-03,85.91,85.91,85.91,85.91,0,0
2012-12-04,86.06,86.06,86.06,86.06,0,0
2012-12-05,86.25,86.25,86.25,86.25,0,0
2012-12-06,86.41,86.41,86.41,86.41,0,0
2012-12-07,85.73,85.73,85.73,85.73,0,0
2012-12-10,86.45,86.45,86.45,86.45,0,0
2012-12-11,87.22,87.22,87.22,87.22,0,0
2012-12-12,87.45,87.45,87.45,87.45,0,0
2012-12-13,87.23,87.23,87.23,87.23,0,0
2012-12-14,87.73,87.73,87.73,87.73,0,0
2012-12-17,88.21,88.21,88.21,88.21,0,0
2012-12-18,89.27,89.27,89.27,89.27,0,0
2012-12-19,89.49,89.49,89.49,89.49,0,0
2012-12-20,89.28,89.28,89.28,89.28,0,0
2012-12-21,88.8,88.8,88.8,88.8,0,0
2012-12-27,89.67,89.67,89.67,89.67,0,0
2012-12-28,89.11,89.11,89.11,89.11,0,0
2013-01-02,90.14,90.14,90.14,90.14,0,0
2013-01-03,90.15,90.15,90.15,90.15,0,0
2013-01-04,89.23,89.23,89.23,89.23,0,0
2013-01-07,88.92,88.92,88.92,88.92,0,0
2013-01-08,88.09,88.09,88.09,88.09,0,0
2013-01-09,88.27,88.27,88.27,88.27,0,0
2013-01-10,88.24,88.24,88.24,88.24,0,0
2013-01-11,88.07,88.07,88.07,88.07,0,0
2013-01-14,88.15,88.15,88.15,88.15,0,0
2013-01-15,87.14,87.14,87.14,87.14,0,0
2013-01-16,88.14,88.14,88.14,88.14,0,0
2013-01-17,88.52,88.52,88.52,88.52,0,0
2013-01-18,88.42,88.42,88.42,88.42,0,0
2013-01-21,88.59,88.59,88.59,88.59,0,0
2013-01-22,88.22,88.22,88.22,88.22,0,0
2013-01-23,88.05,88.05,88.05,88.05,0,0
2013-01-24,88.26,88.26,88.26,88.26,0,0
2013-01-25,86.92,86.92,86.92,86.92,0,0
2013-01-28,86.49,86.49,86.49,86.49,0,0
2013-01-29,86.56,86.56,86.56,86.56,0,0
2013-01-30,85.57,85.57,85.57,85.57,0,0
2013-01-31,85.77,85.77,85.77,85.77,0,0
2013-02-01,85.84,85.84,85.84,85.84,0,0
2013-02-04,85.02,85.02,85.02,85.02,0,0
2013-02-05,85.29,85.29,85.29,85.29,0,0
2013-02-06,84.79,84.79,84.79,84.79,0,0
2013-02-07,84.82,84.82,84.82,84.82,0,0
2013-02-08,85.65,85.65,85.65,85.65,0,0
2013-02-11,85.55,85.55,85.55,85.55,0,0
2013-02-12,84.77,84.77,84.77,84.77,0,0
2013-02-13,84.72,84.72,84.72,84.72,0,0
2013-02-14,84.17,84.17,84.17,84.17,0,0
2013-02-15,84.89,84.89,84.89,84.89,0,0
2013-02-18,85.13,85.13,85.13,85.13,0,0
2013-02-19,84.9,84.9,84.9,84.9,0,0
2013-02-20,83.56,83.56,83.56,83.56,0,0
2013-02-21,83.4,83.4,83.4,83.4,0,0
2013-02-22,83.33,83.33,83.33,83.33,0,0
2013-02-25,83.81,83.81,83.81,83.81,0,0
2013-02-26,83.11,83.11,83.11,83.11,0,0
2013-02-27,83.81,83.81,83.81,83.81,0,0
2013-02-28,83.81,83.81,83.81,83.81,0,0
2013-03-01,83.69,83.69,83.69,83.69,0,0
2013-03-04,83.46,83.46,83.46,83.46,0,0
2013-03-05,84.45,84.45,84.45,84.45,0,0
2013-03-06,84.45,84.45,84.45,84.45,0,0
2013-03-07,84.25,84.25,84.25,84.25,0,0
2013-03-08,84.82,84.82,84.82,84.82,0,0
2013-03-11,84.54,84.54,84.54,84.54,0,0
2013-03-12,84.64,84.64,84.64,84.64,0,0
2013-03-13,84.33,84.33,84.33,84.33,0,0
2013-03-14,85.2,85.2,85.2,85.2,0,0
2013-03-15,84.74,84.74,84.74,84.74,0,0
2013-03-18,83.64,83.64,83.64,83.64,0,0
2013-03-19,82.84,82.84,82.84,82.84,0,0
2013-03-20,83.05,83.05,83.05,83.05,0,0
2013-03-21,82.03,82.03,82.03,82.03,0,0
2013-03-22,81.78,81.78,81.78,81.78,0,0
2013-03-25,81.24,81.24,81.24,81.24,0,0
2013-03-26,81.47,81.47,81.47,81.47,0,0
2013-03-27,81.56,81.56,81.56,81.56,0,0
2013-03-28,81.61,81.61,81.61,81.61,0,0
2013-04-02,81.64,81.64,81.64,81.64,0,0
2013-04-03,81.13,81.13,81.13,81.13,0,0
2013-04-04,81.22,81.22,81.22,81.22,0,0
2013-04-05,81.21,81.21,81.21,81.21,0,0
2013-04-08,81.2,81.2,81.2,81.2,0,0
2013-04-09,81.14,81.14,81.14,81.14,0,0
2013-04-10,81.32,81.32,81.32,81.32,0,0
2013-04-11,81.6,81.6,81.6,81.6,0,0
2013-04-12,81.5,81.5,81.5,81.5,0,0
2013-04-15,80.89,80.89,80.89,80.89,0,0
2013-04-17,80.58,80.58,80.58,80.58,0,0
2013-04-18,80.48,80.48,80.48,80.48,0,0
2013-04-19,80.49,80.49,80.49,80.49,0,0
2013-04-22,80.4,80.4,80.4,80.4,0,0
2013-04-23,80.35,80.35,80.35,80.35,0,0
2013-04-24,80.46,80.46,80.46,80.46,0,0
2013-04-25,80.47,80.47,80.47,80.47,0,0
2013-04-26,80.53,80.53,80.53,80.53,0,0
2013-04-29,80.49,80.49,80.49,80.49,0,0
2013-04-30,80.56,80.56,80.56,80.56,0,0
2013-05-02,80.41,80.41,80.41,80.41,0,0
2013-05-06,80.81,80.81,80.81,80.81,0,0
2013-05-07,81,81,81,81,0,0
2013-05-08,81.23,81.23,81.23,81.23,0,0
2013-05-09,81.05,81.05,81.05,81.05,0,0
2013-05-10,80.84,80.84,80.84,80.84,0,0
2013-05-13,81.13,81.13,81.13,81.13,0,0
2013-05-14,81.52,81.52,81.52,81.52,0,0
2013-05-15,81.69,81.69,81.69,81.69,0,0
2013-05-16,81.63,81.63,81.63,81.63,0,0
2013-05-17,81.63,81.63,81.63,81.63,0,0
2013-05-20,81.33,81.33,81.33,81.33,0,0
2013-05-21,81.02,81.02,81.02,81.02,0,0
2013-05-22,81.09,81.09,81.09,81.09,0,0
2013-05-23,80.88,80.88,80.88,80.88,0,0
2013-05-24,81.48,81.48,81.48,81.48,0,0
2013-05-27,82.96,82.96,82.96,82.96,0,0
2013-05-28,83.65,83.65,83.65,83.65,0,0
2013-05-29,83.81,83.81,83.81,83.81,0,0
2013-05-31,84.28,84.28,84.28,84.28,0,0
2013-06-03,82.93,82.93,82.93,82.93,0,0
2013-06-04,83.28,83.28,83.28,83.28,0,0
2013-06-05,83.25,83.25,83.25,83.25,0,0
2013-06-06,82.65,82.65,82.65,82.65,0,0
2013-06-07,84.43,84.43,84.43,84.43,0,0
2013-06-10,84.77,84.77,84.77,84.77,0,0
2013-06-11,84.1,84.1,84.1,84.1,0,0
2013-06-12,83.93,83.93,83.93,83.93,0,0
2013-06-13,83.87,83.87,83.87,83.87,0,0
2013-06-14,83.74,83.74,83.74,83.74,0,0
2013-06-17,83.38,83.38,83.38,83.38,0,0
2013-06-18,83.01,83.01,83.01,83.01,0,0
2013-06-19,82.15,82.15,82.15,82.15,0,0
2013-06-20,78.65,78.65,78.65,78.65,0,0
2013-06-21,77.21,77.21,77.21,77.21,0,0
2013-06-24,77.23,77.23,77.23,77.23,0,0
2013-06-25,77.58,77.58,77.58,77.58,0,0
2013-06-26,77.28,77.28,77.28,77.28,0,0
2013-06-27,75.8,75.8,75.8,75.8,0,0
2013-06-28,77.22,77.22,77.22,77.22,0,0
2013-07-01,77.37,77.37,77.37,77.37,0,0
2013-07-02,78.22,78.22,78.22,78.22,0,0
2013-07-03,77.78,77.78,77.78,77.78,0,0
2013-07-04,78.61,78.61,78.61,78.61,0,0
2013-07-05,77.54,77.54,77.54,77.54,0,0
2013-07-08,77.12,77.12,77.12,77.12,0,0
2013-07-09,76.78,76.78,76.78,76.78,0,0
2013-07-10,77.94,77.94,77.94,77.94,0,0
2013-07-11,78.63,78.63,78.63,78.63,0,0
2013-07-12,79.17,79.17,79.17,79.17,0,0
2013-07-15,79.43,79.43,79.43,79.43,0,0
2013-07-16,79.2,79.2,79.2,79.2,0,0
2013-07-17,79.57,79.57,79.57,79.57,0,0
2013-07-18,79.35,79.35,79.35,79.35,0,0
2013-07-19,79.6,79.6,79.6,79.6,0,0
2013-07-22,79.77,79.77,79.77,79.77,0,0
2013-07-23,79.72,79.72,79.72,79.72,0,0
2013-07-24,80.09,80.09,80.09,80.09,0,0
2013-07-25,79.8,79.8,79.8,79.8,0,0
2013-07-26,79.59,79.59,79.59,79.59,0,0
2013-07-29,79.63,79.63,79.63,79.63,0,0
2013-07-30,79.74,79.74,79.74,79.74,0,0
2013-07-31,80.08,80.08,80.08,80.08,0,0
2013-08-01,80.21,80.21,80.21,80.21,0,0
2013-08-02,81.21,81.21,81.21,81.21,0,0
2013-08-05,81.26,81.26,81.26,81.26,0,0
2013-08-06,80.46,80.46,80.46,80.46,0,0
2013-08-07,80.69,80.69,80.69,80.69,0,0
2013-08-08,81.05,81.05,81.05,81.05,0,0
2013-08-09,81.14,81.14,81.14,81.14,0,0
2013-08-12,81.83,81.83,81.83,81.83,0,0
2013-08-13,81.64,81.64,81.64,81.64,0,0
2013-08-14,82.36,82.36,82.36,82.36,0,0
2013-08-16,81.86,81.86,81.86,81.86,0,0
2013-08-19,81.3,81.3,81.3,81.3,0,0
2013-08-20,80.6,80.6,80.6,80.6,0,0
2013-08-21,80.67,80.67,80.67,80.67,0,0
2013-08-22,81.14,81.14,81.14,81.14,0,0
2013-08-23,81.2,81.2,81.2,81.2,0,0
2013-08-26,81.14,81.14,81.14,81.14,0,0
2013-08-27,79.98,79.98,79.98,79.98,0,0
2013-08-28,80.03,80.03,80.03,80.03,0,0
2013-08-29,80.02,80.02,80.02,80.02,0,0
2013-08-30,80.11,80.11,80.11,80.11,0,0
2013-09-02,80.28,80.28,80.28,80.28,0,0
2013-09-03,80.08,80.08,80.08,80.08,0,0
2013-09-04,79.37,79.37,79.37,79.37,0,0
2013-09-05,78.18,78.18,78.18,78.18,0,0
2013-09-06,78.81,78.81,78.81,78.81,0,0
2013-09-09,79.18,79.18,79.18,79.18,0,0
2013-09-10,79.97,79.97,79.97,79.97,0,0
2013-09-11,80.52,80.52,80.52,80.52,0,0
2013-09-12,80.91,80.91,80.91,80.91,0,0
2013-09-13,80.54,80.54,80.54,80.54,0,0
2013-09-16,80.01,80.01,80.01,80.01,0,0
2013-09-17,80.47,80.47,80.47,80.47,0,0
2013-09-18,80.33,80.33,80.33,80.33,0,0
2013-09-19,81.58,81.58,81.58,81.58,0,0
2013-09-20,81.72,81.72,81.72,81.72,0,0
2013-09-23,81.1,81.1,81.1,81.1,0,0
2013-09-24,81.27,81.27,81.27,81.27,0,0
2013-09-25,81.56,81.56,81.56,81.56,0,0
2013-09-26,81.9,81.9,81.9,81.9,0,0
2013-09-27,81.67,81.67,81.67,81.67,0,0
2013-09-30,80.98,80.98,80.98,80.98,0,0
2013-10-01,81.34,81.34,81.34,81.34,0,0
2013-10-02,81.32,81.32,81.32,81.32,0,0
2013-10-03,81.34,81.34,81.34,81.34,0,0
2013-10-04,81.11,81.11,81.11,81.11,0,0
2013-10-07,80.93,80.93,80.93,80.93,0,0
2013-10-08,80.84,80.84,80.84,80.84,0,0
2013-10-09,80.99,80.99,80.99,80.99,0,0
2013-10-10,82.01,82.01,82.01,82.01,0,0
2013-10-11,82.15,82.15,82.15,82.15,0,0
2013-10-14,82.26,82.26,82.26,82.26,0,0
2013-10-15,82.29,82.29,82.29,82.29,0,0
2013-10-16,82.32,82.32,82.32,82.32,0,0
2013-10-17,82.08,82.08,82.08,82.08,0,0
2013-10-18,82.12,82.12,82.12,82.12,0,0
2013-10-21,82.99,82.99,82.99,82.99,0,0
2013-10-22,82.76,82.76,82.76,82.76,0,0
2013-10-23,82.29,82.29,82.29,82.29,0,0
2013-10-24,83.01,83.01,83.01,83.01,0,0
2013-10-25,82.8,82.8,82.8,82.8,0,0
2013-10-28,83.22,83.22,83.22,83.22,0,0
2013-10-29,83.76,83.76,83.76,83.76,0,0
2013-10-30,82.91,82.91,82.91,82.91,0,0
2013-10-31,82.45,82.45,82.45,82.45,0,0
2013-11-04,82.64,82.64,82.64,82.64,0,0
2013-11-05,82.09,82.09,82.09,82.09,0,0
2013-11-06,82.7,82.7,82.7,82.7,0,0
2013-11-07,82.41,82.41,82.41,82.41,0,0
2013-11-08,82.09,82.09,82.09,82.09,0,0
2013-11-12,81.81,81.81,81.81,81.81,0,0
2013-11-13,80.79,80.79,80.79,80.79,0,0
2013-11-14,81.78,81.78,81.78,81.78,0,0
2013-11-15,83.18,83.18,83.18,83.18,0,0
2013-11-18,85.62,85.62,85.62,85.62,0,0
2013-11-19,85.1,85.1,85.1,85.1,0,0
2013-11-20,84.6,84.6,84.6,84.6,0,0
2013-11-21,84.5,84.5,84.5,84.5,0,0
2013-11-22,84.63,84.63,84.63,84.63,0,0
2013-11-25,84.89,84.89,84.89,84.89,0,0
2013-11-26,83.9,83.9,83.9,83.9,0,0
2013-11-27,84.47,84.47,84.47,84.47,0,0
2013-11-28,83.96,83.96,83.96,83.96,0,0
2013-11-29,84.52,84.52,84.52,84.52,0,0
2013-12-02,83.14,83.14,83.14,83.14,0,0
2013-12-03,81.96,81.96,81.96,81.96,0,0
2013-12-04,81.5,81.5,81.5,81.5,0,0
2013-12-05,81.19,81.19,81.19,81.19,0,0
2013-12-06,81.17,81.17,81.17,81.17,0,0
2013-12-09,80.9,80.9,80.9,80.9,0,0
2013-12-10,80.84,80.84,80.84,80.84,0,0
2013-12-11,80.54,80.54,80.54,80.54,0,0
2013-12-12,79.75,79.75,79.75,79.75,0,0
2013-12-13,79.2,79.2,79.2,79.2,0,0
2013-12-16,79.44,79.44,79.44,79.44,0,0
2013-12-17,77.95,77.95,77.95,77.95,0,0
2013-12-18,78.17,78.17,78.17,78.17,0,0
2013-12-19,77.6,77.6,77.6,77.6,0,0
2013-12-20,78.17,78.17,78.17,78.17,0,0
2013-12-23,78.56,78.56,78.56,78.56,0,0
2013-12-27,78.11,78.11,78.11,78.11,0,0
2013-12-30,77.97,77.97,77.97,77.97,0,0
2014-01-02,78.73,78.73,78.73,78.73,0,0
2014-01-03,77.84,77.84,77.84,77.84,0,0
2014-01-07,76.48,76.48,76.48,76.48,0,0
2014-01-08,76.71,76.71,76.71,76.71,0,0
2014-01-09,75.38,75.38,75.38,75.38,0,0
2014-01-10,75.57,75.57,75.57,75.57,0,0
2014-01-13,76.4,76.4,76.4,76.4,0,0
2014-01-14,76.89,76.89,76.89,76.89,0,0
2014-01-15,77,77,77,77,0,0
2014-01-16,77.11,77.11,77.11,77.11,0,0
2014-01-17,76.6,76.6,76.6,76.6,0,0
2014-01-20,76.69,76.69,76.69,76.69,0,0
2014-01-21,77.34,77.34,77.34,77.34,0,0
2014-01-22,77.63,77.63,77.63,77.63,0,0
2014-01-23,77.22,77.22,77.22,77.22,0,0
2014-01-24,75.83,75.83,75.83,75.83,0,0
2014-01-27,75.07,75.07,75.07,75.07,0,0
2014-01-28,75.62,75.62,75.62,75.62,0,0
2014-01-29,74.93,74.93,74.93,74.93,0,0
2014-01-30,75.64,75.64,75.64,75.64,0,0
2014-01-31,75.99,75.99,75.99,75.99,0,0
2014-02-03,76.58,76.58,76.58,76.58,0,0
2014-02-04,76.41,76.41,76.41,76.41,0,0
2014-02-05,76.11,76.11,76.11,76.11,0,0
2014-02-06,77.44,77.44,77.44,77.44,0,0
2014-02-07,77.6,77.6,77.6,77.6,0,0
2014-02-10,77.23,77.23,77.23,77.23,0,0
2014-02-11,78.12,78.12,78.12,78.12,0,0
2014-02-12,79.2,79.2,79.2,79.2,0,0
2014-02-13,79.24,79.24,79.24,79.24,0,0
2014-02-14,79.11,79.11,79.11,79.11,0,0
2014-02-17,79.11,79.11,79.11,79.11,0,0
2014-02-18,78.89,78.89,78.89,78.89,0,0
2014-02-19,79.13,79.13,79.13,79.13,0,0
2014-02-20,78.66,78.66,78.66,78.66,0,0
2014-02-21,79.21,79.21,79.21,79.21,0,0
2014-02-24,79.93,79.93,79.93,79.93,0,0
2014-02-25,79.49,79.49,79.49,79.49,0,0
2014-02-26,78.8,78.8,78.8,78.8,0,0
2014-02-27,78.84,78.84,78.84,78.84,0,0
2014-02-28,79.82,79.82,79.82,79.82,0,0
2014-03-03,76.87,76.87,76.87,76.87,0,0
2014-03-04,78.11,78.11,78.11,78.11,0,0
2014-03-05,78.17,78.17,78.17,78.17,0,0
2014-03-06,78.45,78.45,78.45,78.45,0,0
2014-03-07,78.01,78.01,78.01,78.01,0,0
2014-03-10,77.2,77.2,77.2,77.2,0,0
2014-03-11,77.36,77.36,77.36,77.36,0,0
2014-03-12,76.34,76.34,76.34,76.34,0,0
2014-03-13,75.66,75.66,75.66,75.66,0,0
2014-03-14,75.75,75.75,75.75,75.75,0,0
2014-03-17,76.85,76.85,76.85,76.85,0,0
2014-03-18,76.6,76.6,76.6,76.6,0,0
2014-03-19,76.13,76.13,76.13,76.13,0,0
2014-03-20,76.62,76.62,76.62,76.62,0,0
2014-03-21,76.36,76.36,76.36,76.36,0,0
2014-03-24,76.09,76.09,76.09,76.09,0,0
2014-03-25,77.19,77.19,77.19,77.19,0,0
2014-03-26,77.53,77.53,77.53,77.53,0,0
2014-03-27,77.67,77.67,77.67,77.67,0,0
2014-03-28,77.74,77.74,77.74,77.74,0,0
2014-03-31,78.37,78.37,78.37,78.37,0,0
2014-04-01,78.31,78.31,78.31,78.31,0,0
2014-04-02,78.58,78.58,78.58,78.58,0,0
2014-04-03,77.95,77.95,77.95,77.95,0,0
2014-04-04,78.57,78.57,78.57,78.57,0,0
2014-04-07,77.95,77.95,77.95,77.95,0,0
2014-04-08,78.46,78.46,78.46,78.46,0,0
2014-04-09,78.32,78.32,78.32,78.32,0,0
2014-04-10,78.4,78.4,78.4,78.4,0,0
2014-04-11,78.35,78.35,78.35,78.35,0,0
2014-04-14,77.63,77.63,77.63,77.63,0,0
2014-04-15,77,77,77,77,0,0
2014-04-16,76.72,76.72,76.72,76.72,0,0
2014-04-17,77.48,77.48,77.48,77.48,0,0
2014-04-22,78.21,78.21,78.21,78.21,0,0
2014-04-23,78.04,78.04,78.04,78.04,0,0
2014-04-24,77.95,77.95,77.95,77.95,0,0
2014-04-25,77.47,77.47,77.47,77.47,0,0
2014-04-28,77.75,77.75,77.75,77.75,0,0
2014-04-29,78.1,78.1,78.1,78.1,0,0
2014-04-30,77.91,77.91,77.91,77.91,0,0
2014-05-02,77.45,77.45,77.45,77.45,0,0
2014-05-05,76.9,76.9,76.9,76.9,0,0
2014-05-06,76.61,76.61,76.61,76.61,0,0
2014-05-07,76.64,76.64,76.64,76.64,0,0
2014-05-08,77.04,77.04,77.04,77.04,0,0
2014-05-09,76.48,76.48,76.48,76.48,0,0
2014-05-12,76.97,76.97,76.97,76.97,0,0
2014-05-13,77.16,77.16,77.16,77.16,0,0
2014-05-14,77.3,77.3,77.3,77.3,0,0
2014-05-15,76.61,76.61,76.61,76.61,0,0
2014-05-16,76.56,76.56,76.56,76.56,0,0
2014-05-19,76.81,76.81,76.81,76.81,0,0
2014-05-20,77,77,77,77,0,0
2014-05-21,77.1,77.1,77.1,77.1,0,0
2014-05-22,78.6,78.6,78.6,78.6,0,0
2014-05-23,78.57,78.57,78.57,78.57,0,0
2014-05-26,78.71,78.71,78.71,78.71,0,0
2014-05-27,78.49,78.49,78.49,78.49,0,0
2014-05-28,77.8,77.8,77.8,77.8,0,0
2014-05-29,78.26,78.26,78.26,78.26,0,0
2014-05-30,77.65,77.65,77.65,77.65,0,0
2014-06-02,77.77,77.77,77.77,77.77,0,0
2014-06-03,77.95,77.95,77.95,77.95,0,0
2014-06-04,78.31,78.31,78.31,78.31,0,0
2014-06-05,78.94,78.94,78.94,78.94,0,0
2014-06-06,79.31,79.31,79.31,79.31,0,0
2014-06-09,79.11,79.11,79.11,79.11,0,0
2014-06-10,79.3,79.3,79.3,79.3,0,0
2014-06-11,78.91,78.91,78.91,78.91,0,0
2014-06-12,78.91,78.91,78.91,78.91,0,0
2014-06-13,78.66,78.66,78.66,78.66,0,0
2014-06-16,78.41,78.41,78.41,78.41,0,0
2014-06-17,78.84,78.84,78.84,78.84,0,0
2014-06-18,78.62,78.62,78.62,78.62,0,0
2014-06-20,78.89,78.89,78.89,78.89,0,0
2014-06-23,79.1,79.1,79.1,79.1,0,0
2014-06-24,78.82,78.82,78.82,78.82,0,0
2014-06-25,77.75,77.75,77.75,77.75,0,0
2014-06-26,77.19,77.19,77.19,77.19,0,0
2014-06-27,77.16,77.16,77.16,77.16,0,0
2014-06-30,77.16,77.16,77.16,77.16,0,0
2014-07-01,77.27,77.27,77.27,77.27,0,0
2014-07-02,76.68,76.68,76.68,76.68,0,0
2014-07-03,76.41,76.41,76.41,76.41,0,0
2014-07-04,76.32,76.32,76.32,76.32,0,0
2014-07-07,76.62,76.62,76.62,76.62,0,0
2014-07-08,76.09,76.09,76.09,76.09,0,0
2014-07-09,75.51,75.51,75.51,75.51,0,0
2014-07-10,75.4,75.4,75.4,75.4,0,0
2014-07-11,76.43,76.43,76.43,76.43,0,0
2014-07-14,76.43,76.43,76.43,76.43,0,0
2014-07-15,76.63,76.63,76.63,76.63,0,0
2014-07-16,76.79,76.79,76.79,76.79,0,0
2014-07-17,76.93,76.93,76.93,76.93,0,0
2014-07-18,76.83,76.83,76.83,76.83,0,0
2014-07-21,76.48,76.48,76.48,76.48,0,0
2014-07-22,77.14,77.14,77.14,77.14,0,0
2014-07-23,77,77,77,77,0,0
2014-07-24,77,77,77,77,0,0
2014-07-25,76.93,76.93,76.93,76.93,0,0
2014-07-28,77,77,77,77,0,0
2014-07-29,76.58,76.58,76.58,76.58,0,0
2014-07-30,75.49,75.49,75.49,75.49,0,0
2014-07-31,75.03,75.03,75.03,75.03,0,0
2014-08-01,75.38,75.38,75.38,75.38,0,0
2014-08-04,75.71,75.71,75.71,75.71,0,0
2014-08-05,75.88,75.88,75.88,75.88,0,0
2014-08-06,75.74,75.74,75.74,75.74,0,0
2014-08-07,75.18,75.18,75.18,75.18,0,0
2014-08-08,74.82,74.82,74.82,74.82,0,0
2014-08-11,75.49,75.49,75.49,75.49,0,0
2014-08-12,75.63,75.63,75.63,75.63,0,0
2014-08-13,76.15,76.15,76.15,76.15,0,0
2014-08-14,76.72,76.72,76.72,76.72,0,0
2014-08-18,77.47,77.47,77.47,77.47,0,0
2014-08-19,77.47,77.47,77.47,77.47,0,0
2014-08-20,77.53,77.53,77.53,77.53,0,0
2014-08-21,77.43,77.43,77.43,77.43,0,0
2014-08-22,77.21,77.21,77.21,77.21,0,0
2014-08-25,77.5,77.5,77.5,77.5,0,0
2014-08-26,77.95,77.95,77.95,77.95,0,0
2014-08-27,77.8,77.8,77.8,77.8,0,0
2014-08-28,76.64,76.64,76.64,76.64,0,0
2014-08-29,76.86,76.86,76.86,76.86,0,0
2014-09-01,77.3,77.3,77.3,77.3,0,0
2014-09-02,77.81,77.81,77.81,77.81,0,0
2014-09-03,79.58,79.58,79.58,79.58,0,0
2014-09-04,80.3,80.3,80.3,80.3,0,0
2014-09-05,80.3,80.3,80.3,80.3,0,0
2014-09-08,80.38,80.38,80.38,80.38,0,0
2014-09-09,80.33,80.33,80.33,80.33,0,0
2014-09-10,79.92,79.92,79.92,79.92,0,0
2014-09-11,79.28,79.28,79.28,79.28,0,0
2014-09-12,79.57,79.57,79.57,79.57,0,0
2014-09-15,79.57,79.57,79.57,79.57,0,0
2014-09-16,80.07,80.07,80.07,80.07,0,0
2014-09-17,80.23,80.23,80.23,80.23,0,0
2014-09-18,79.93,79.93,79.93,79.93,0,0
2014-09-19,80.84,80.84,80.84,80.84,0,0
2014-09-22,80.4,80.4,80.4,80.4,0,0
2014-09-23,79.55,79.55,79.55,79.55,0,0
2014-09-24,79.36,79.36,79.36,79.36,0,0
2014-09-25,78.97,78.97,78.97,78.97,0,0
2014-09-26,79.45,79.45,79.45,79.45,0,0
2014-09-29,79.25,79.25,79.25,79.25,0,0
2014-09-30,79.9,79.9,79.9,79.9,0,0
2014-10-01,78.64,78.64,78.64,78.64,0,0
2014-10-02,77.98,77.98,77.98,77.98,0,0
2014-10-03,78.18,78.18,78.18,78.18,0,0
2014-10-06,78.2,78.2,78.2,78.2,0,0
2014-10-07,78.06,78.06,78.06,78.06,0,0
2014-10-08,77.18,77.18,77.18,77.18,0,0
2014-10-09,77.45,77.45,77.45,77.45,0,0
2014-10-10,76.76,76.76,76.76,76.76,0,0
2014-10-13,76.73,76.73,76.73,76.73,0,0
2014-10-14,77.03,77.03,77.03,77.03,0,0
2014-10-15,76.34,76.34,76.34,76.34,0,0
2014-10-16,76.63,76.63,76.63,76.63,0,0
2014-10-17,76.81,76.81,76.81,76.81,0,0
2014-10-20,76.57,76.57,76.57,76.57,0,0
2014-10-21,77.47,77.47,77.47,77.47,0,0
2014-10-22,77.47,77.47,77.47,77.47,0,0
2014-10-23,77.65,77.65,77.65,77.65,0,0
2014-10-24,77.56,77.56,77.56,77.56,0,0
2014-10-27,77.65,77.65,77.65,77.65,0,0
2014-10-28,78.27,78.27,78.27,78.27,0,0
2014-10-29,77.92,77.92,77.92,77.92,0,0
2014-10-30,78,78,78,78,0,0
2014-10-31,78.37,78.37,78.37,78.37,0,0
2014-11-03,78.31,78.31,78.31,78.31,0,0
2014-11-04,78.36,78.36,78.36,78.36,0,0
2014-11-05,77.82,77.82,77.82,77.82,0,0
2014-11-06,77.48,77.48,77.48,77.48,0,0
2014-11-07,77.08,77.08,77.08,77.08,0,0
2014-11-10,76.75,76.75,76.75,76.75,0,0
2014-11-12,76.81,76.81,76.81,76.81,0,0
2014-11-13,76.37,76.37,76.37,76.37,0,0
2014-11-14,77.18,77.18,77.18,77.18,0,0
2014-11-17,77.17,77.17,77.17,77.17,0,0
2014-11-18,77.28,77.28,77.28,77.28,0,0
2014-11-19,76.99,76.99,76.99,76.99,0,0
2014-11-20,76.53,76.53,76.53,76.53,0,0
2014-11-21,77.07,77.07,77.07,77.07,0,0
2014-11-24,76.52,76.52,76.52,76.52,0,0
2014-11-25,76.89,76.89,76.89,76.89,0,0
2014-11-26,77.3,77.3,77.3,77.3,0,0
2014-11-27,77.41,77.41,77.41,77.41,0,0
2014-11-28,77.03,77.03,77.03,77.03,0,0
2014-12-01,77.29,77.29,77.29,77.29,0,0
2014-12-02,77.93,77.93,77.93,77.93,0,0
2014-12-03,77.9,77.9,77.9,77.9,0,0
2014-12-04,77.13,77.13,77.13,77.13,0,0
2014-12-05,77.69,77.69,77.69,77.69,0,0
2014-12-08,77.37,77.37,77.37,77.37,0,0
2014-12-09,76.19,76.19,76.19,76.19,0,0
2014-12-10,75.56,75.56,75.56,75.56,0,0
2014-12-11,75.79,75.79,75.79,75.79,0,0
2014-12-12,75.18,75.18,75.18,75.18,0,0
2014-12-15,74.19,74.19,74.19,74.19,0,0
2014-12-16,73.21,73.21,73.21,73.21,0,0
2014-12-17,73.69,73.69,73.69,73.69,0,0
2014-12-18,74.13,74.13,74.13,74.13,0,0
2014-12-19,73.83,73.83,73.83,73.83,0,0
2014-12-22,74.41,74.41,74.41,74.41,0,0
2014-12-23,74.34,74.34,74.34,74.34,0,0
2014-12-29,73.68,73.68,73.68,73.68,0,0
2014-12-30,73.81,73.81,73.81,73.81,0,0
2015-01-02,73.75,73.75,73.75,73.75,0,0
2015-01-05,72.63,72.63,72.63,72.63,0,0
2015-01-07,73.52,73.52,73.52,73.52,0,0
2015-01-08,74.5,74.5,74.5,74.5,0,0
2015-01-09,73.87,73.87,73.87,73.87,0,0
2015-01-12,74.03,74.03,74.03,74.03,0,0
2015-01-13,74.59,74.59,74.59,74.59,0,0
2015-01-14,73.89,73.89,73.89,73.89,0,0
2015-01-15,72.27,72.27,72.27,72.27,0,0
2015-01-16,71.77,71.77,71.77,71.77,0,0
2015-01-19,71.88,71.88,71.88,71.88,0,0
2015-01-20,71.67,71.67,71.67,71.67,0,0
2015-01-21,72.2,72.2,72.2,72.2,0,0
2015-01-22,72.65,72.65,72.65,72.65,0,0
2015-01-23,72.6,72.6,72.6,72.6,0,0
2015-01-26,72.39,72.39,72.39,72.39,0,0
2015-01-27,72.27,72.27,72.27,72.27,0,0
2015-01-28,72.57,72.57,72.57,72.57,0,0
2015-01-29,72.98,72.98,72.98,72.98,0,0
2015-01-30,72.91,72.91,72.91,72.91,0,0
2015-02-02,72.37,72.37,72.37,72.37,0,0
2015-02-03,72.54,72.54,72.54,72.54,0,0
2015-02-04,72.74,72.74,72.74,72.74,0,0
2015-02-05,72.72,72.72,72.72,72.72,0,0
2015-02-06,72.94,72.94,72.94,72.94,0,0
2015-02-09,72.64,72.64,72.64,72.64,0,0
2015-02-10,72.61,72.61,72.61,72.61,0,0
2015-02-11,72.43,72.43,72.43,72.43,0,0
2015-02-12,72.5,72.5,72.5,72.5,0,0
2015-02-13,72.74,72.74,72.74,72.74,0,0
2015-02-16,73.1,73.1,73.1,73.1,0,0
2015-02-17,73.05,73.05,73.05,73.05,0,0
2015-02-18,72.87,72.87,72.87,72.87,0,0
2015-02-19,72.81,72.81,72.81,72.81,0,0
2015-02-20,72.76,72.76,72.76,72.76,0,0
2015-02-23,73.02,73.02,73.02,73.02,0,0
2015-02-24,73.12,73.12,73.12,73.12,0,0
2015-02-25,72.79,72.79,72.79,72.79,0,0
2015-02-26,73.01,73.01,73.01,73.01,0,0
2015-02-27,73.11,73.11,73.11,73.11,0,0
2015-03-02,72.88,72.88,72.88,72.88,0,0
2015-03-03,72.15,72.15,72.15,72.15,0,0
2015-03-04,72.52,72.52,72.52,72.52,0,0
2015-03-05,72.96,72.96,72.96,72.96,0,0
2015-03-06,72.63,72.63,72.63,72.63,0,0
2015-03-09,72.41,72.41,72.41,72.41,0,0
2015-03-10,72,72,72,72,0,0
2015-03-11,72.24,72.24,72.24,72.24,0,0
2015-03-12,72.13,72.13,72.13,72.13,0,0
2015-03-13,71.51,71.51,71.51,71.51,0,0
2015-03-16,71.85,71.85,71.85,71.85,0,0
2015-03-17,72.56,72.56,72.56,72.56,0,0
2015-03-18,72.95,72.95,72.95,72.95,0,0
2015-03-19,73.7,73.7,73.7,73.7,0,0
2015-03-20,74.22,74.22,74.22,74.22,0,0
2015-03-23,74.48,74.48,74.48,74.48,0,0
2015-03-24,74.32,74.32,74.32,74.32,0,0
2015-03-25,74.18,74.18,74.18,74.18,0,0
2015-03-26,73.76,73.76,73.76,73.76,0,0
2015-03-27,73.71,73.71,73.71,73.71,0,0
2015-03-30,74.05,74.05,74.05,74.05,0,0
2015-03-31,74.04,74.04,74.04,74.04,0,0
2015-04-01,73.99,73.99,73.99,73.99,0,0
2015-04-02,74.08,74.08,74.08,74.08,0,0
2015-04-07,74.83,74.83,74.83,74.83,0,0
2015-04-08,74.58,74.58,74.58,74.58,0,0
2015-04-09,75.18,75.18,75.18,75.18,0,0
2015-04-10,74.96,74.96,74.96,74.96,0,0
2015-04-13,74.93,74.93,74.93,74.93,0,0
2015-04-14,74.88,74.88,74.88,74.88,0,0
2015-04-15,76.07,76.07,76.07,76.07,0,0
2015-04-16,76.38,76.38,76.38,76.38,0,0
2015-04-17,75.73,75.73,75.73,75.73,0,0
2015-04-20,76.64,76.64,76.64,76.64,0,0
2015-04-21,76.38,76.38,76.38,76.38,0,0
2015-04-22,76.82,76.82,76.82,76.82,0,0
2015-04-23,76.66,76.66,76.66,76.66,0,0
2015-04-24,76.6,76.6,76.6,76.6,0,0
2015-04-27,77.22,77.22,77.22,77.22,0,0
2015-04-28,77.18,77.18,77.18,77.18,0,0
2015-04-29,76.3,76.3,76.3,76.3,0,0
2015-04-30,76.7,76.7,76.7,76.7,0,0
2015-05-04,76.65,76.65,76.65,76.65,0,0
2015-05-05,76.15,76.15,76.15,76.15,0,0
2015-05-06,76.72,76.72,76.72,76.72,0,0
2015-05-07,76.62,76.62,76.62,76.62,0,0
2015-05-08,77.13,77.13,77.13,77.13,0,0
2015-05-11,76.85,76.85,76.85,76.85,0,0
2015-05-12,77.01,77.01,77.01,77.01,0,0
2015-05-13,76.76,76.76,76.76,76.76,0,0
2015-05-14,76.37,76.37,76.37,76.37,0,0
2015-05-15,76.57,76.57,76.57,76.57,0,0
2015-05-18,76.7,76.7,76.7,76.7,0,0
2015-05-19,76.61,76.61,76.61,76.61,0,0
2015-05-20,76.65,76.65,76.65,76.65,0,0
2015-05-21,76.72,76.72,76.72,76.72,0,0
2015-05-22,76.36,76.36,76.36,76.36,0,0
2015-05-25,75.44,75.44,75.44,75.44,0,0
2015-05-26,75.41,75.41,75.41,75.41,0,0
2015-05-27,75.62,75.62,75.62,75.62,0,0
2015-05-28,75.3,75.3,75.3,75.3,0,0
2015-05-29,75.35,75.35,75.35,75.35,0,0
2015-06-01,75.21,75.21,75.21,75.21,0,0
2015-06-02,74.94,74.94,74.94,74.94,0,0
2015-06-03,74.22,74.22,74.22,74.22,0,0
2015-06-05,73.68,73.68,73.68,73.68,0,0
2015-06-08,73.43,73.43,73.43,73.43,0,0
2015-06-09,73.06,73.06,73.06,73.06,0,0
2015-06-10,74.16,74.16,74.16,74.16,0,0
2015-06-11,73.89,73.89,73.89,73.89,0,0
2015-06-12,73.43,73.43,73.43,73.43,0,0
2015-06-15,73.39,73.39,73.39,73.39,0,0
2015-06-16,73.45,73.45,73.45,73.45,0,0
2015-06-17,72.25,72.25,72.25,72.25,0,0
2015-06-18,72.88,72.88,72.88,72.88,0,0
2015-06-19,72.22,72.22,72.22,72.22,0,0
2015-06-22,73.64,73.64,73.64,73.64,0,0
2015-06-23,73.43,73.43,73.43,73.43,0,0
2015-06-24,73.75,73.75,73.75,73.75,0,0
2015-06-25,74.09,74.09,74.09,74.09,0,0
2015-06-26,73.28,73.28,73.28,73.28,0,0
2015-06-29,72.01,72.01,72.01,72.01,0,0
2015-06-30,72.38,72.38,72.38,72.38,0,0
2015-07-01,72.09,72.09,72.09,72.09,0,0
2015-07-02,71.94,71.94,71.94,71.94,0,0
2015-07-03,71.62,71.62,71.62,71.62,0,0
2015-07-06,71.61,71.61,71.61,71.61,0,0
2015-07-07,69.89,69.89,69.89,69.89,0,0
2015-07-08,69.82,69.82,69.82,69.82,0,0
2015-07-09,69.93,69.93,69.93,69.93,0,0
2015-07-10,70.93,70.93,70.93,70.93,0,0
2015-07-13,70.72,70.72,70.72,70.72,0,0
2015-07-14,70.55,70.55,70.55,70.55,0,0
2015-07-15,70.55,70.55,70.55,70.55,0,0
2015-07-16,71.41,71.41,71.41,71.41,0,0
2015-07-17,71.1,71.1,71.1,71.1,0,0
2015-07-20,70.39,70.39,70.39,70.39,0,0
2015-07-21,70.34,70.34,70.34,70.34,0,0
2015-07-22,68.7,68.7,68.7,68.7,0,0
2015-07-23,69.22,69.22,69.22,69.22,0,0
2015-07-24,68.77,68.77,68.77,68.77,0,0
2015-07-27,68.91,68.91,68.91,68.91,0,0
2015-07-28,68.91,68.91,68.91,68.91,0,0
2015-07-29,69.28,69.28,69.28,69.28,0,0
2015-07-30,68.68,68.68,68.68,68.68,0,0
2015-07-31,69.59,69.59,69.59,69.59,0,0
2015-08-03,69.53,69.53,69.53,69.53,0,0
2015-08-04,69.58,69.58,69.58,69.58,0,0
2015-08-05,70.31,70.31,70.31,70.31,0,0
2015-08-06,68.69,68.69,68.69,68.69,0,0
2015-08-07,68.79,68.79,68.79,68.79,0,0
2015-08-10,69.29,69.29,69.29,69.29,0,0
2015-08-11,69.31,69.31,69.31,69.31,0,0
2015-08-12,68.77,68.77,68.77,68.77,0,0
2015-08-13,69.41,69.41,69.41,69.41,0,0
2015-08-14,68.82,68.82,68.82,68.82,0,0
2015-08-17,68.09,68.09,68.09,68.09,0,0
2015-08-18,67.86,67.86,67.86,67.86,0,0
2015-08-19,68.39,68.39,68.39,68.39,0,0
2015-08-20,68.72,68.72,68.72,68.72,0,0
2015-08-21,68.18,68.18,68.18,68.18,0,0
2015-08-24,64.81,64.81,64.81,64.81,0,0
2015-08-25,64.96,64.96,64.96,64.96,0,0
2015-08-26,65.23,65.23,65.23,65.23,0,0
2015-08-27,66.06,66.06,66.06,66.06,0,0
2015-08-28,66.7,66.7,66.7,66.7,0,0
2015-08-31,67.01,67.01,67.01,67.01,0,0
2015-09-01,66.11,66.11,66.11,66.11,0,0
2015-09-02,66.05,66.05,66.05,66.05,0,0
2015-09-03,66.83,66.83,66.83,66.83,0,0
2015-09-04,66.75,66.75,66.75,66.75,0,0
2015-09-07,66.48,66.48,66.48,66.48,0,0
2015-09-08,66.49,66.49,66.49,66.49,0,0
2015-09-09,66.57,66.57,66.57,66.57,0,0
2015-09-10,67.38,67.38,67.38,67.38,0,0
2015-09-11,67.53,67.53,67.53,67.53,0,0
2015-09-14,67.3,67.3,67.3,67.3,0,0
2015-09-15,67.47,67.47,67.47,67.47,0,0
2015-09-16,67.23,67.23,67.23,67.23,0,0
2015-09-17,68.07,68.07,68.07,68.07,0,0
2015-09-18,67.07,67.07,67.07,67.07,0,0
2015-09-21,67.39,67.39,67.39,67.39,0,0
2015-09-22,66.22,66.22,66.22,66.22,0,0
2015-09-23,65.97,65.97,65.97,65.97,0,0
2015-09-24,65.33,65.33,65.33,65.33,0,0
2015-09-25,65.6,65.6,65.6,65.6,0,0
2015-09-28,65,65,65,65,0,0
2015-09-29,64.86,64.86,64.86,64.86,0,0
2015-09-30,65.27,65.27,65.27,65.27,0,0
2015-10-01,64.88,64.88,64.88,64.88,0,0
2015-10-02,64.62,64.62,64.62,64.62,0,0
2015-10-05,65.72,65.72,65.72,65.72,0,0
2015-10-06,65.91,65.91,65.91,65.91,0,0
2015-10-07,66.18,66.18,66.18,66.18,0,0
2015-10-08,66.49,66.49,66.49,66.49,0,0
2015-10-09,66.77,66.77,66.77,66.77,0,0
2015-10-12,66.56,66.56,66.56,66.56,0,0
2015-10-13,66.41,66.41,66.41,66.41,0,0
2015-10-14,66.39,66.39,66.39,66.39,0,0
2015-10-15,66.79,66.79,66.79,66.79,0,0
2015-10-16,66.34,66.34,66.34,66.34,0,0
2015-10-19,65.88,65.88,65.88,65.88,0,0
2015-10-20,66.02,66.02,66.02,66.02,0,0
2015-10-21,65.78,65.78,65.78,65.78,0,0
2015-10-22,65.88,65.88,65.88,65.88,0,0
2015-10-23,65.83,65.83,65.83,65.83,0,0
2015-10-26,65.87,65.87,65.87,65.87,0,0
2015-10-27,65.87,65.87,65.87,65.87,0,0
2015-10-28,65.77,65.77,65.77,65.77,0,0
2015-10-29,65.16,65.16,65.16,65.16,0,0
2015-10-30,65.25,65.25,65.25,65.25,0,0
2015-11-02,65.5,65.5,65.5,65.5,0,0
2015-11-03,65.3,65.3,65.3,65.3,0,0
2015-11-04,65.1,65.1,65.1,65.1,0,0
2015-11-05,64.73,64.73,64.73,64.73,0,0
2015-11-06,64.15,64.15,64.15,64.15,0,0
2015-11-09,64.09,64.09,64.09,64.09,0,0
2015-11-10,64.2,64.2,64.2,64.2,0,0
2015-11-12,63.94,63.94,63.94,63.94,0,0
2015-11-13,63.48,63.48,63.48,63.48,0,0
2015-11-16,63.4,63.4,63.4,63.4,0,0
2015-11-17,63.66,63.66,63.66,63.66,0,0
2015-11-18,63.8,63.8,63.8,63.8,0,0
2015-11-19,63.67,63.67,63.67,63.67,0,0
2015-11-20,63.77,63.77,63.77,63.77,0,0
2015-11-23,63.44,63.44,63.44,63.44,0,0
2015-11-24,63.22,63.22,63.22,63.22,0,0
2015-11-25,63.16,63.16,63.16,63.16,0,0
2015-11-26,63.34,63.34,63.34,63.34,0,0
2015-11-27,63.14,63.14,63.14,63.14,0,0
2015-11-30,63.07,63.07,63.07,63.07,0,0
2015-12-01,63.03,63.03,63.03,63.03,0,0
2015-12-02,62.79,62.79,62.79,62.79,0,0
2015-12-03,62.68,62.68,62.68,62.68,0,0
2015-12-04,62.72,62.72,62.72,62.72,0,0
2015-12-07,62.68,62.68,62.68,62.68,0,0
2015-12-08,62.28,62.28,62.28,62.28,0,0
2015-12-09,62.04,62.04,62.04,62.04,0,0
2015-12-10,62.22,62.22,62.22,62.22,0,0
2015-12-11,61,61,61,61,0,0
2015-12-14,60.98,60.98,60.98,60.98,0,0
2015-12-15,61.14,61.14,61.14,61.14,0,0
2015-12-16,61.67,61.67,61.67,61.67,0,0
2015-12-17,62.26,62.26,62.26,62.26,0,0
2015-12-18,62.57,62.57,62.57,62.57,0,0
2015-12-21,62.8,62.8,62.8,62.8,0,0
2015-12-22,62.8,62.8,62.8,62.8,0,0
2015-12-23,62.98,62.98,62.98,62.98,0,0
2015-12-28,63,63,63,63,0,0
2015-12-29,63.39,63.39,63.39,63.39,0,0
2015-12-30,62.48,62.48,62.48,62.48,0,0
2016-01-04,61.48,61.48,61.48,61.48,0,0
2016-01-05,61.27,61.27,61.27,61.27,0,0
2016-01-07,60.62,60.62,60.62,60.62,0,0
2016-01-08,59.87,59.87,59.87,59.87,0,0
2016-01-11,59.7,59.7,59.7,59.7,0,0
2016-01-12,60.46,60.46,60.46,60.46,0,0
2016-01-13,60.79,60.79,60.79,60.79,0,0
2016-01-14,60.7,60.7,60.7,60.7,0,0
2016-01-15,60.16,60.16,60.16,60.16,0,0
2016-01-18,59.29,59.29,59.29,59.29,0,0
2016-01-19,59.47,59.47,59.47,59.47,0,0
2016-01-20,59.33,59.33,59.33,59.33,0,0
2016-01-21,59.05,59.05,59.05,59.05,0,0
2016-01-22,59.55,59.55,59.55,59.55,0,0
2016-01-25,59.68,59.68,59.68,59.68,0,0
2016-01-26,59.41,59.41,59.41,59.41,0,0
2016-01-27,59.62,59.62,59.62,59.62,0,0
2016-01-28,60.45,60.45,60.45,60.45,0,0
2016-01-29,60.97,60.97,60.97,60.97,0,0
2016-02-01,60.96,60.96,60.96,60.96,0,0
2016-02-02,59.73,59.73,59.73,59.73,0,0
2016-02-03,59.88,59.88,59.88,59.88,0,0
2016-02-04,60.9,60.9,60.9,60.9,0,0
2016-02-05,61.07,61.07,61.07,61.07,0,0
2016-02-08,60.33,60.33,60.33,60.33,0,0
2016-02-09,60.27,60.27,60.27,60.27,0,0
2016-02-10,60.07,60.07,60.07,60.07,0,0
2016-02-11,60.07,60.07,60.07,60.07,0,0
2016-02-12,60.17,60.17,60.17,60.17,0,0
2016-02-15,60.47,60.47,60.47,60.47,0,0
2016-02-16,60.42,60.42,60.42,60.42,0,0
2016-02-17,62.23,62.23,62.23,62.23,0,0
2016-02-18,62.2,62.2,62.2,62.2,0,0
2016-02-19,62.07,62.07,62.07,62.07,0,0
2016-02-22,62.55,62.55,62.55,62.55,0,0
2016-02-23,62.21,62.21,62.21,62.21,0,0
2016-02-24,61.56,61.56,61.56,61.56,0,0
2016-02-25,61.8,61.8,61.8,61.8,0,0
2016-02-26,61.78,61.78,61.78,61.78,0,0
2016-02-29,61.51,61.51,61.51,61.51,0,0
2016-03-01,61.5,61.5,61.5,61.5,0,0
2016-03-02,61.57,61.57,61.57,61.57,0,0
2016-03-03,62.19,62.19,62.19,62.19,0,0
2016-03-04,62.17,62.17,62.17,62.17,0,0
2016-03-07,62.3,62.3,62.3,62.3,0,0
2016-03-08,62.08,62.08,62.08,62.08,0,0
2016-03-09,62.18,62.18,62.18,62.18,0,0
2016-03-10,62.27,62.27,62.27,62.27,0,0
2016-03-11,62.58,62.58,62.58,62.58,0,0
2016-03-14,62.57,62.57,62.57,62.57,0,0
2016-03-15,62.49,62.49,62.49,62.49,0,0
2016-03-16,62.45,62.45,62.45,62.45,0,0
2016-03-17,63.08,63.08,63.08,63.08,0,0
2016-03-18,63.46,63.46,63.46,63.46,0,0
2016-03-21,63.25,63.25,63.25,63.25,0,0
2016-03-22,63.62,63.62,63.62,63.62,0,0
2016-03-23,62.57,62.57,62.57,62.57,0,0
2016-03-24,62.92,62.92,62.92,62.92,0,0
2016-03-29,63.12,63.12,63.12,63.12,0,0
2016-03-30,64.58,64.58,64.58,64.58,0,0
2016-03-31,64.19,64.19,64.19,64.19,0,0
2016-04-01,63.63,63.63,63.63,63.63,0,0
2016-04-04,64.11,64.11,64.11,64.11,0,0
2016-04-05,62.43,62.43,62.43,62.43,0,0
2016-04-06,62.48,62.48,62.48,62.48,0,0
2016-04-07,61.66,61.66,61.66,61.66,0,0
2016-04-08,62.2,62.2,62.2,62.2,0,0
2016-04-11,61.83,61.83,61.83,61.83,0,0
2016-04-12,61.8,61.8,61.8,61.8,0,0
2016-04-13,62.83,62.83,62.83,62.83,0,0
2016-04-14,63.04,63.04,63.04,63.04,0,0
2016-04-15,62.64,62.64,62.64,62.64,0,0
2016-04-18,62.96,62.96,62.96,62.96,0,0
2016-04-19,63.57,63.57,63.57,63.57,0,0
2016-04-20,63.38,63.38,63.38,63.38,0,0
2016-04-21,63.07,63.07,63.07,63.07,0,0
2016-04-22,62.98,62.98,62.98,62.98,0,0
2016-04-25,62.76,62.76,62.76,62.76,0,0
2016-04-26,62.66,62.66,62.66,62.66,0,0
2016-04-27,62.44,62.44,62.44,62.44,0,0
2016-04-28,62.51,62.51,62.51,62.51,0,0
2016-04-29,62.44,62.44,62.44,62.44,0,0
2016-05-02,62.58,62.58,62.58,62.58,0,0
2016-05-04,62.12,62.12,62.12,62.12,0,0
2016-05-05,61.9,61.9,61.9,61.9,0,0
2016-05-06,62.26,62.26,62.26,62.26,0,0
2016-05-09,62.19,62.19,62.19,62.19,0,0
2016-05-10,61.54,61.54,61.54,61.54,0,0
2016-05-11,61.82,61.82,61.82,61.82,0,0
2016-05-12,61.56,61.56,61.56,61.56,0,0
2016-05-13,61.65,61.65,61.65,61.65,0,0
2016-05-16,62.4,62.4,62.4,62.4,0,0
2016-05-17,62.31,62.31,62.31,62.31,0,0
2016-05-18,62.15,62.15,62.15,62.15,0,0
2016-05-19,61.09,61.09,61.09,61.09,0,0
2016-05-20,61.47,61.47,61.47,61.47,0,0
2016-05-23,61.64,61.64,61.64,61.64,0,0
2016-05-24,61.91,61.91,61.91,61.91,0,0
2016-05-25,62.3,62.3,62.3,62.3,0,0
2016-05-27,62.05,62.05,62.05,62.05,0,0
2016-05-30,62.26,62.26,62.26,62.26,0,0
2016-05-31,61.39,61.39,61.39,61.39,0,0
2016-06-01,59.88,59.88,59.88,59.88,0,0
2016-06-02,60.23,60.23,60.23,60.23,0,0
2016-06-03,60.6,60.6,60.6,60.6,0,0
2016-06-06,60.63,60.63,60.63,60.63,0,0
2016-06-07,61.11,61.11,61.11,61.11,0,0
2016-06-08,61.25,61.25,61.25,61.25,0,0
2016-06-09,60.89,60.89,60.89,60.89,0,0
2016-06-10,60.4,60.4,60.4,60.4,0,0
2016-06-13,60.31,60.31,60.31,60.31,0,0
2016-06-14,59.87,59.87,59.87,59.87,0,0
2016-06-15,60.14,60.14,60.14,60.14,0,0
2016-06-16,59.51,59.51,59.51,59.51,0,0
2016-06-17,59.71,59.71,59.71,59.71,0,0
2016-06-20,60.93,60.93,60.93,60.93,0,0
2016-06-21,61.33,61.33,61.33,61.33,0,0
2016-06-22,62.31,62.31,62.31,62.31,0,0
2016-06-23,63.38,63.38,63.38,63.38,0,0
2016-06-24,60.79,60.79,60.79,60.79,0,0
2016-06-27,59.8,59.8,59.8,59.8,0,0
2016-06-28,60.38,60.38,60.38,60.38,0,0
2016-06-29,60.44,60.44,60.44,60.44,0,0
2016-06-30,60.44,60.44,60.44,60.44,0,0
2016-07-01,60.09,60.09,60.09,60.09,0,0
2016-07-04,59.88,59.88,59.88,59.88,0,0
2016-07-05,59.62,59.62,59.62,59.62,0,0
2016-07-06,59.1,59.1,59.1,59.1,0,0
2016-07-07,59.56,59.56,59.56,59.56,0,0
2016-07-08,59.5,59.5,59.5,59.5,0,0
2016-07-11,60.1,60.1,60.1,60.1,0,0
2016-07-12,60.26,60.26,60.26,60.26,0,0
2016-07-13,59.93,59.93,59.93,59.93,0,0
2016-07-14,60.34,60.34,60.34,60.34,0,0
2016-07-15,60.8,60.8,60.8,60.8,0,0
2016-07-18,61.39,61.39,61.39,61.39,0,0
2016-07-19,61.67,61.67,61.67,61.67,0,0
2016-07-20,62.13,62.13,62.13,62.13,0,0
2016-07-21,62,62,62,62,0,0
2016-07-22,61.81,61.81,61.81,61.81,0,0
2016-07-25,62.18,62.18,62.18,62.18,0,0
2016-07-26,62.14,62.14,62.14,62.14,0,0
2016-07-27,61.83,61.83,61.83,61.83,0,0
2016-07-28,61.7,61.7,61.7,61.7,0,0
2016-07-29,60.64,60.64,60.64,60.64,0,0
2016-08-01,60.9,60.9,60.9,60.9,0,0
2016-08-02,61.97,61.97,61.97,61.97,0,0
2016-08-03,61.64,61.64,61.64,61.64,0,0
2016-08-04,62.14,62.14,62.14,62.14,0,0
2016-08-05,62.36,62.36,62.36,62.36,0,0
2016-08-08,62.75,62.75,62.75,62.75,0,0
2016-08-09,63.03,63.03,63.03,63.03,0,0
2016-08-10,63.15,63.15,63.15,63.15,0,0
2016-08-11,63.59,63.59,63.59,63.59,0,0
2016-08-12,63.4,63.4,63.4,63.4,0,0
2016-08-16,62.89,62.89,62.89,62.89,0,0
2016-08-17,62.41,62.41,62.41,62.41,0,0
2016-08-18,62.28,62.28,62.28,62.28,0,0
2016-08-19,61.96,61.96,61.96,61.96,0,0
2016-08-22,61.84,61.84,61.84,61.84,0,0
2016-08-23,61.46,61.46,61.46,61.46,0,0
2016-08-24,61.41,61.41,61.41,61.41,0,0
2016-08-25,61.35,61.35,61.35,61.35,0,0
2016-08-26,61.19,61.19,61.19,61.19,0,0
2016-08-29,61.01,61.01,61.01,61.01,0,0
2016-08-30,61.71,61.71,61.71,61.71,0,0
2016-08-31,61.61,61.61,61.61,61.61,0,0
2016-09-01,60.51,60.51,60.51,60.51,0,0
2016-09-02,60.65,60.65,60.65,60.65,0,0
2016-09-05,61.26,61.26,61.26,61.26,0,0
2016-09-06,61.2,61.2,61.2,61.2,0,0
2016-09-07,61.87,61.87,61.87,61.87,0,0
2016-09-08,61.49,61.49,61.49,61.49,0,0
2016-09-09,60.49,60.49,60.49,60.49,0,0
2016-09-12,59.79,59.79,59.79,59.79,0,0
2016-09-13,59.69,59.69,59.69,59.69,0,0
2016-09-14,59.96,59.96,59.96,59.96,0,0
2016-09-15,60.14,60.14,60.14,60.14,0,0
2016-09-16,59.96,59.96,59.96,59.96,0,0
2016-09-19,60.01,60.01,60.01,60.01,0,0
2016-09-20,59.99,59.99,59.99,59.99,0,0
2016-09-21,60.15,60.15,60.15,60.15,0,0
2016-09-22,60.37,60.37,60.37,60.37,0,0
2016-09-23,60.16,60.16,60.16,60.16,0,0
2016-09-26,59.83,59.83,59.83,59.83,0,0
2016-09-27,59.71,59.71,59.71,59.71,0,0
2016-09-28,59.66,59.66,59.66,59.66,0,0
2016-09-29,59.93,59.93,59.93,59.93,0,0
2016-09-30,59.64,59.64,59.64,59.64,0,0
2016-10-03,59.83,59.83,59.83,59.83,0,0
2016-10-04,60.38,60.38,60.38,60.38,0,0
2016-10-05,60.51,60.51,60.51,60.51,0,0
2016-10-06,60.49,60.49,60.49,60.49,0,0
2016-10-07,60.33,60.33,60.33,60.33,0,0
2016-10-10,60.59,60.59,60.59,60.59,0,0
2016-10-11,60.28,60.28,60.28,60.28,0,0
2016-10-12,60.33,60.33,60.33,60.33,0,0
2016-10-13,59.81,59.81,59.81,59.81,0,0
2016-10-14,59.71,59.71,59.71,59.71,0,0
2016-10-17,59.55,59.55,59.55,59.55,0,0
2016-10-18,59.73,59.73,59.73,59.73,0,0
2016-10-19,60.06,60.06,60.06,60.06,0,0
2016-10-20,60.1,60.1,60.1,60.1,0,0
2016-10-21,60.12,60.12,60.12,60.12,0,0
2016-10-24,60.58,60.58,60.58,60.58,0,0
2016-10-25,60.65,60.65,60.65,60.65,0,0
2016-10-26,60.52,60.52,60.52,60.52,0,0
2016-10-27,60.66,60.66,60.66,60.66,0,0
2016-10-28,61.11,61.11,61.11,61.11,0,0
2016-10-31,60.99,60.99,60.99,60.99,0,0
2016-11-02,60.08,60.08,60.08,60.08,0,0
2016-11-03,60.11,60.11,60.11,60.11,0,0
2016-11-04,60.05,60.05,60.05,60.05,0,0
2016-11-07,60.19,60.19,60.19,60.19,0,0
2016-11-08,60.46,60.46,60.46,60.46,0,0
2016-11-09,60.58,60.58,60.58,60.58,0,0
2016-11-10,60.8,60.8,60.8,60.8,0,0
2016-11-14,60.02,60.02,60.02,60.02,0,0
2016-11-15,60,60,60,60,0,0
2016-11-16,60.01,60.01,60.01,60.01,0,0
2016-11-17,59.65,59.65,59.65,59.65,0,0
2016-11-18,59.38,59.38,59.38,59.38,0,0
2016-11-21,59.8,59.8,59.8,59.8,0,0
2016-11-22,60.05,60.05,60.05,60.05,0,0
2016-11-23,60.34,60.34,60.34,60.34,0,0
2016-11-24,60.53,60.53,60.53,60.53,0,0
2016-11-25,60.33,60.33,60.33,60.33,0,0
2016-11-28,60.07,60.07,60.07,60.07,0,0
2016-11-29,60.1,60.1,60.1,60.1,0,0
2016-11-30,60.32,60.32,60.32,60.32,0,0
2016-12-01,60.16,60.16,60.16,60.16,0,0
2016-12-02,60.13,60.13,60.13,60.13,0,0
2016-12-05,61.03,61.03,61.03,61.03,0,0
2016-12-06,61.51,61.51,61.51,61.51,0,0
2016-12-07,61.51,61.51,61.51,61.51,0,0
2016-12-08,61.79,61.79,61.79,61.79,0,0
2016-12-09,61.7,61.7,61.7,61.7,0,0
2016-12-12,61.42,61.42,61.42,61.42,0,0
2016-12-13,61.89,61.89,61.89,61.89,0,0
2016-12-14,62.23,62.23,62.23,62.23,0,0
2016-12-15,61.91,61.91,61.91,61.91,0,0
2016-12-16,62.1,62.1,62.1,62.1,0,0
2016-12-19,62.31,62.31,62.31,62.31,0,0
2016-12-20,62.52,62.52,62.52,62.52,0,0
2016-12-21,62.26,62.26,62.26,62.26,0,0
2016-12-22,62.55,62.55,62.55,62.55,0,0
2016-12-23,62.39,62.39,62.39,62.39,0,0
2016-12-27,62.4,62.4,62.4,62.4,0,0
2016-12-28,62.36,62.36,62.36,62.36,0,0
2016-12-29,62.48,62.48,62.48,62.48,0,0
2016-12-30,62.5,62.5,62.5,62.5,0,0
2017-01-02,62.63,62.63,62.63,62.63,0,0
2017-01-03,63.15,63.15,63.15,63.15,0,0
2017-01-04,63.18,63.18,63.18,63.18,0,0
2017-01-05,63.11,63.11,63.11,63.11,0,0
2017-01-09,63.41,63.41,63.41,63.41,0,0
2017-01-10,63.59,63.59,63.59,63.59,0,0
2017-01-11,63.64,63.64,63.64,63.64,0,0
2017-01-12,63.39,63.39,63.39,63.39,0,0
2017-01-13,63.48,63.48,63.48,63.48,0,0
2017-01-16,63.64,63.64,63.64,63.64,0,0
2017-01-17,63.43,63.43,63.43,63.43,0,0
2017-01-18,63.3,63.3,63.3,63.3,0,0
2017-01-19,63.44,63.44,63.44,63.44,0,0
2017-01-20,63.34,63.34,63.34,63.34,0,0
2017-01-23,63.06,63.06,63.06,63.06,0,0
2017-01-24,63.46,63.46,63.46,63.46,0,0
2017-01-25,64.31,64.31,64.31,64.31,0,0
2017-01-26,64.18,64.18,64.18,64.18,0,0
2017-01-27,64.3,64.3,64.3,64.3,0,0
2017-01-30,63.78,63.78,63.78,63.78,0,0
2017-01-31,63.97,63.97,63.97,63.97,0,0
2017-02-01,64.4,64.4,64.4,64.4,0,0
2017-02-02,64.03,64.03,64.03,64.03,0,0
2017-02-03,64.21,64.21,64.21,64.21,0,0
2017-02-06,64.43,64.43,64.43,64.43,0,0
2017-02-07,64.24,64.24,64.24,64.24,0,0
2017-02-08,64.3,64.3,64.3,64.3,0,0
2017-02-09,65.11,65.11,65.11,65.11,0,0
2017-02-10,65.24,65.24,65.24,65.24,0,0
2017-02-13,65.55,65.55,65.55,65.55,0,0
2017-02-14,65.47,65.47,65.47,65.47,0,0
2017-02-15,65.47,65.47,65.47,65.47,0,0
2017-02-16,65.91,65.91,65.91,65.91,0,0
2017-02-17,65.46,65.46,65.46,65.46,0,0
2017-02-20,65.65,65.65,65.65,65.65,0,0
2017-02-21,66.51,66.51,66.51,66.51,0,0
2017-02-22,66.33,66.33,66.33,66.33,0,0
2017-02-23,66.4,66.4,66.4,66.4,0,0
2017-02-24,65.8,65.8,65.8,65.8,0,0
2017-02-27,65.89,65.89,65.89,65.89,0,0
2017-02-28,65.66,65.66,65.66,65.66,0,0
2017-03-01,66.63,66.63,66.63,66.63,0,0
2017-03-02,66.3,66.3,66.3,66.3,0,0
2017-03-03,66.18,66.18,66.18,66.18,0,0
2017-03-06,65.74,65.74,65.74,65.74,0,0
2017-03-07,65.79,65.79,65.79,65.79,0,0
2017-03-08,65.78,65.78,65.78,65.78,0,0
2017-03-09,65.39,65.39,65.39,65.39,0,0
2017-03-10,65.69,65.69,65.69,65.69,0,0
2017-03-13,66.23,66.23,66.23,66.23,0,0
2017-03-14,66.21,66.21,66.21,66.21,0,0
2017-03-15,66.18,66.18,66.18,66.18,0,0
2017-03-16,67.04,67.04,67.04,67.04,0,0
2017-03-17,66.88,66.88,66.88,66.88,0,0
2017-03-20,66.7,66.7,66.7,66.7,0,0
2017-03-21,66.21,66.21,66.21,66.21,0,0
2017-03-22,65.89,65.89,65.89,65.89,0,0
2017-03-23,66.14,66.14,66.14,66.14,0,0
2017-03-24,66.09,66.09,66.09,66.09,0,0
2017-03-27,65.57,65.57,65.57,65.57,0,0
2017-03-28,66.07,66.07,66.07,66.07,0,0
2017-03-29,65.74,65.74,65.74,65.74,0,0
2017-03-30,65.76,65.76,65.76,65.76,0,0
2017-03-31,65.44,65.44,65.44,65.44,0,0
2017-04-03,65.97,65.97,65.97,65.97,0,0
2017-04-04,66.32,66.32,66.32,66.32,0,0
2017-04-05,66.43,66.43,66.43,66.43,0,0
2017-04-06,66.34,66.34,66.34,66.34,0,0
2017-04-07,66.23,66.23,66.23,66.23,0,0
2017-04-10,66.24,66.24,66.24,66.24,0,0
2017-04-11,65.66,65.66,65.66,65.66,0,0
2017-04-12,65.84,65.84,65.84,65.84,0,0
2017-04-13,66.18,66.18,66.18,66.18,0,0
2017-04-18,66.13,66.13,66.13,66.13,0,0
2017-04-19,66.94,66.94,66.94,66.94,0,0
2017-04-20,66.87,66.87,66.87,66.87,0,0
2017-04-21,66.56,66.56,66.56,66.56,0,0
2017-04-24,67.13,67.13,67.13,67.13,0,0
2017-04-25,67.87,67.87,67.87,67.87,0,0
2017-04-26,68.42,68.42,68.42,68.42,0,0
2017-04-27,68.21,68.21,68.21,68.21,0,0
2017-04-28,68.14,68.14,68.14,68.14,0,0
2017-05-02,68.58,68.58,68.58,68.58,0,0
2017-05-04,67.97,67.97,67.97,67.97,0,0
2017-05-05,68.45,68.45,68.45,68.45,0,0
2017-05-08,68.13,68.13,68.13,68.13,0,0
2017-05-09,68.82,68.82,68.82,68.82,0,0
2017-05-10,68.1,68.1,68.1,68.1,0,0
2017-05-11,68,68,68,68,0,0
2017-05-12,68.01,68.01,68.01,68.01,0,0
2017-05-15,68.25,68.25,68.25,68.25,0,0
2017-05-16,67.52,67.52,67.52,67.52,0,0
2017-05-17,67.12,67.12,67.12,67.12,0,0
2017-05-18,67.1,67.1,67.1,67.1,0,0
2017-05-19,67.51,67.51,67.51,67.51,0,0
2017-05-22,67.63,67.63,67.63,67.63,0,0
2017-05-23,67.01,67.01,67.01,67.01,0,0
2017-05-24,67.57,67.57,67.57,67.57,0,0
2017-05-25,67.93,67.93,67.93,67.93,0,0
2017-05-26,67.37,67.37,67.37,67.37,0,0
2017-05-29,67.39,67.39,67.39,67.39,0,0
2017-05-30,66.92,66.92,66.92,66.92,0,0
2017-05-31,66.85,66.85,66.85,66.85,0,0
2017-06-01,66.87,66.87,66.87,66.87,0,0
2017-06-02,67.1,67.1,67.1,67.1,0,0
2017-06-05,66.55,66.55,66.55,66.55,0,0
2017-06-06,67.26,67.26,67.26,67.26,0,0
2017-06-07,67.12,67.12,67.12,67.12,0,0
2017-06-08,67.8,67.8,67.8,67.8,0,0
2017-06-09,67.53,67.53,67.53,67.53,0,0
2017-06-12,66.81,66.81,66.81,66.81,0,0
2017-06-13,67.15,67.15,67.15,67.15,0,0
2017-06-14,66.89,66.89,66.89,66.89,0,0
2017-06-16,67.22,67.22,67.22,67.22,0,0
2017-06-19,67.61,67.61,67.61,67.61,0,0
2017-06-20,67.18,67.18,67.18,67.18,0,0
2017-06-21,67.55,67.55,67.55,67.55,0,0
2017-06-22,67.28,67.28,67.28,67.28,0,0
2017-06-23,67.45,67.45,67.45,67.45,0,0
2017-06-26,67.94,67.94,67.94,67.94,0,0
2017-06-27,67.95,67.95,67.95,67.95,0,0
2017-06-28,67.63,67.63,67.63,67.63,0,0
2017-06-29,67.58,67.58,67.58,67.58,0,0
2017-06-30,67.02,67.02,67.02,67.02,0,0
2017-07-03,67.49,67.49,67.49,67.49,0,0
2017-07-04,67.08,67.08,67.08,67.08,0,0
2017-07-05,67.24,67.24,67.24,67.24,0,0
2017-07-06,67.08,67.08,67.08,67.08,0,0
2017-07-07,67.18,67.18,67.18,67.18,0,0
2017-07-10,67.15,67.15,67.15,67.15,0,0
2017-07-11,67.13,67.13,67.13,67.13,0,0
2017-07-12,67.85,67.85,67.85,67.85,0,0
2017-07-13,67.99,67.99,67.99,67.99,0,0
2017-07-14,67.95,67.95,67.95,67.95,0,0
2017-07-17,68.32,68.32,68.32,68.32,0,0
2017-07-18,68.07,68.07,68.07,68.07,0,0
2017-07-19,68.54,68.54,68.54,68.54,0,0
2017-07-20,67.96,67.96,67.96,67.96,0,0
2017-07-21,67.82,67.82,67.82,67.82,0,0
2017-07-24,67.61,67.61,67.61,67.61,0,0
2017-07-25,67.87,67.87,67.87,67.87,0,0
2017-07-26,68.06,68.06,68.06,68.06,0,0
2017-07-27,67.93,67.93,67.93,67.93,0,0
2017-07-28,68.17,68.17,68.17,68.17,0,0
2017-07-31,68.34,68.34,68.34,68.34,0,0
2017-08-01,68.64,68.64,68.64,68.64,0,0
2017-08-02,68.06,68.06,68.06,68.06,0,0
2017-08-03,68.23,68.23,68.23,68.23,0,0
2017-08-04,68.49,68.49,68.49,68.49,0,0
2017-08-07,68.55,68.55,68.55,68.55,0,0
2017-08-08,69.34,69.34,69.34,69.34,0,0
2017-08-09,68.73,68.73,68.73,68.73,0,0
2017-08-10,68.25,68.25,68.25,68.25,0,0
2017-08-11,68.34,68.34,68.34,68.34,0,0
2017-08-14,68.25,68.25,68.25,68.25,0,0
2017-08-16,68.46,68.46,68.46,68.46,0,0
2017-08-17,67.69,67.69,67.69,67.69,0,0
2017-08-18,67.97,67.97,67.97,67.97,0,0
2017-08-21,68.36,68.36,68.36,68.36,0,0
2017-08-22,68.55,68.55,68.55,68.55,0,0
2017-08-23,68.57,68.57,68.57,68.57,0,0
2017-08-24,70.02,70.02,70.02,70.02,0,0
2017-08-25,70.01,70.01,70.01,70.01,0,0
2017-08-28,70.99,70.99,70.99,70.99,0,0
2017-08-29,70.15,70.15,70.15,70.15,0,0
2017-08-30,70.75,70.75,70.75,70.75,0,0
2017-08-31,70.24,70.24,70.24,70.24,0,0
2017-09-01,70.77,70.77,70.77,70.77,0,0
2017-09-04,70.53,70.53,70.53,70.53,0,0
2017-09-05,70.5,70.5,70.5,70.5,0,0
2017-09-06,70.39,70.39,70.39,70.39,0,0
2017-09-07,70.21,70.21,70.21,70.21,0,0
2017-09-08,70.05,70.05,70.05,70.05,0,0
2017-09-11,70.67,70.67,70.67,70.67,0,0
2017-09-12,70.27,70.27,70.27,70.27,0,0
2017-09-13,70.43,70.43,70.43,70.43,0,0
2017-09-14,70.41,70.41,70.41,70.41,0,0
2017-09-15,70.24,70.24,70.24,70.24,0,0
2017-09-18,70.31,70.31,70.31,70.31,0,0
2017-09-19,70.31,70.31,70.31,70.31,0,0
2017-09-20,70.19,70.19,70.19,70.19,0,0
2017-09-21,69.79,69.79,69.79,69.79,0,0
2017-09-22,70.09,70.09,70.09,70.09,0,0
2017-09-25,69.44,69.44,69.44,69.44,0,0
2017-09-26,69.53,69.53,69.53,69.53,0,0
2017-09-27,69.21,69.21,69.21,69.21,0,0
2017-09-28,69.45,69.45,69.45,69.45,0,0
2017-09-29,69.94,69.94,69.94,69.94,0,0
2017-10-02,69.98,69.98,69.98,69.98,0,0
2017-10-03,70.08,70.08,70.08,70.08,0,0
2017-10-04,69.66,69.66,69.66,69.66,0,0
2017-10-05,69.92,69.92,69.92,69.92,0,0
2017-10-06,70.19,70.19,70.19,70.19,0,0
2017-10-09,70.48,70.48,70.48,70.48,0,0
2017-10-10,70.71,70.71,70.71,70.71,0,0
2017-10-11,71.32,71.32,71.32,71.32,0,0
2017-10-12,70.9,70.9,70.9,70.9,0,0
2017-10-13,70.92,70.92,70.92,70.92,0,0
2017-10-16,70.94,70.94,70.94,70.94,0,0
2017-10-17,70.69,70.69,70.69,70.69,0,0
2017-10-18,70.48,70.48,70.48,70.48,0,0
2017-10-19,69.79,69.79,69.79,69.79,0,0
2017-10-20,69.7,69.7,69.7,69.7,0,0
2017-10-23,69.95,69.95,69.95,69.95,0,0
2017-10-24,69.41,69.41,69.41,69.41,0,0
2017-10-25,69.54,69.54,69.54,69.54,0,0
2017-10-26,69.72,69.72,69.72,69.72,0,0
2017-10-27,70.35,70.35,70.35,70.35,0,0
2017-10-30,70.61,70.61,70.61,70.61,0,0
2017-10-31,70.72,70.72,70.72,70.72,0,0
2017-11-02,70.35,70.35,70.35,70.35,0,0
2017-11-03,70.43,70.43,70.43,70.43,0,0
2017-11-06,70.71,70.71,70.71,70.71,0,0
2017-11-07,71.01,71.01,71.01,71.01,0,0
2017-11-08,70.52,70.52,70.52,70.52,0,0
2017-11-09,69.92,69.92,69.92,69.92,0,0
2017-11-10,69.74,69.74,69.74,69.74,0,0
2017-11-13,69.87,69.87,69.87,69.87,0,0
2017-11-14,69.96,69.96,69.96,69.96,0,0
2017-11-15,69.05,69.05,69.05,69.05,0,0
2017-11-16,69.1,69.1,69.1,69.1,0,0
2017-11-17,69.62,69.62,69.62,69.62,0,0
2017-11-20,69.97,69.97,69.97,69.97,0,0
2017-11-21,70.23,70.23,70.23,70.23,0,0
2017-11-22,70.08,70.08,70.08,70.08,0,0
2017-11-23,70.47,70.47,70.47,70.47,0,0
2017-11-24,69.91,69.91,69.91,69.91,0,0
2017-11-27,70.37,70.37,70.37,70.37,0,0
2017-11-28,70.1,70.1,70.1,70.1,0,0
2017-11-29,69.24,69.24,69.24,69.24,0,0
2017-11-30,69.17,69.17,69.17,69.17,0,0
2017-12-01,68.77,68.77,68.77,68.77,0,0
2017-12-04,69.02,69.02,69.02,69.02,0,0
2017-12-05,68.92,68.92,68.92,68.92,0,0
2017-12-06,68.66,68.66,68.66,68.66,0,0
2017-12-07,68.79,68.79,68.79,68.79,0,0
2017-12-08,69.01,69.01,69.01,69.01,0,0
2017-12-11,68.51,68.51,68.51,68.51,0,0
2017-12-12,69.03,69.03,69.03,69.03,0,0
2017-12-13,68.82,68.82,68.82,68.82,0,0
2017-12-14,69.35,69.35,69.35,69.35,0,0
2017-12-15,68.94,68.94,68.94,68.94,0,0
2017-12-18,69.87,69.87,69.87,69.87,0,0
2017-12-19,69.62,69.62,69.62,69.62,0,0
2017-12-20,69.64,69.64,69.64,69.64,0,0
2017-12-21,69.69,69.69,69.69,69.69,0,0
2017-12-22,69.53,69.53,69.53,69.53,0,0
2017-12-27,69.8,69.8,69.8,69.8,0,0
2017-12-28,69.76,69.76,69.76,69.76,0,0
2017-12-29,69.25,69.25,69.25,69.25,0,0
2018-01-03,69.67,69.67,69.67,69.67,0,0
2018-01-04,70.74,70.74,70.74,70.74,0,0
2018-01-05,70.54,70.54,70.54,70.54,0,0
2018-01-08,70.79,70.79,70.79,70.79,0,0
2018-01-09,70.5,70.5,70.5,70.5,0,0
2018-01-10,70.27,70.27,70.27,70.27,0,0
2018-01-11,70.52,70.52,70.52,70.52,0,0
2018-01-12,70.71,70.71,70.71,70.71,0,0
2018-01-15,70.79,70.79,70.79,70.79,0,0
2018-01-16,71.57,71.57,71.57,71.57,0,0
2018-01-17,71.83,71.83,71.83,71.83,0,0
2018-01-18,71.46,71.46,71.46,71.46,0,0
2018-01-19,71.65,71.65,71.65,71.65,0,0
2018-01-22,71.94,71.94,71.94,71.94,0,0
2018-01-23,71.95,71.95,71.95,71.95,0,0
2018-01-24,71.93,71.93,71.93,71.93,0,0
2018-01-25,71.44,71.44,71.44,71.44,0,0
2018-01-26,71.65,71.65,71.65,71.65,0,0
2018-01-29,71.36,71.36,71.36,71.36,0,0
2018-01-30,70.99,70.99,70.99,70.99,0,0
2018-01-31,70.86,70.86,70.86,70.86,0,0
2018-02-01,70.42,70.42,70.42,70.42,0,0
2018-02-02,70.18,70.18,70.18,70.18,0,0
2018-02-05,70.18,70.18,70.18,70.18,0,0
2018-02-06,68.37,68.37,68.37,68.37,0,0
2018-02-07,68.89,68.89,68.89,68.89,0,0
2018-02-08,68.41,68.41,68.41,68.41,0,0
2018-02-09,68.05,68.05,68.05,68.05,0,0
2018-02-12,68.58,68.58,68.58,68.58,0,0
2018-02-13,68.79,68.79,68.79,68.79,0,0
2018-02-14,69.09,69.09,69.09,69.09,0,0
2018-02-15,68.65,68.65,68.65,68.65,0,0
2018-02-16,68.4,68.4,68.4,68.4,0,0
2018-02-19,68.37,68.37,68.37,68.37,0,0
2018-02-20,68.42,68.42,68.42,68.42,0,0
2018-02-21,68.25,68.25,68.25,68.25,0,0
2018-02-22,68.48,68.48,68.48,68.48,0,0
2018-02-23,68.26,68.26,68.26,68.26,0,0
2018-02-26,68.41,68.41,68.41,68.41,0,0
2018-02-27,68.46,68.46,68.46,68.46,0,0
2018-02-28,67.4,67.4,67.4,67.4,0,0
2018-03-01,66.91,66.91,66.91,66.91,0,0
2018-03-02,66.47,66.47,66.47,66.47,0,0
2018-03-05,66.69,66.69,66.69,66.69,0,0
2018-03-06,66.9,66.9,66.9,66.9,0,0
2018-03-07,67.32,67.32,67.32,67.32,0,0
2018-03-08,66.62,66.62,66.62,66.62,0,0
2018-03-09,67.27,67.27,67.27,67.27,0,0
2018-03-12,67.67,67.67,67.67,67.67,0,0
2018-03-13,67.24,67.24,67.24,67.24,0,0
2018-03-14,67.11,67.11,67.11,67.11,0,0
2018-03-15,66.74,66.74,66.74,66.74,0,0
2018-03-16,66.03,66.03,66.03,66.03,0,0
2018-03-19,65.28,65.28,65.28,65.28,0,0
2018-03-20,65.58,65.58,65.58,65.58,0,0
2018-03-21,66.55,66.55,66.55,66.55,0,0
2018-03-22,65.63,65.63,65.63,65.63,0,0
2018-03-23,65.29,65.29,65.29,65.29,0,0
2018-03-26,65.1,65.1,65.1,65.1,0,0
2018-03-27,65.3,65.3,65.3,65.3,0,0
2018-03-28,64.49,64.49,64.49,64.49,0,0
2018-03-29,64.69,64.69,64.69,64.69,0,0
