Date,Open,High,Low,Close,Volume,OpenInt
2015-07-08,100,100,100,100,0,0
2015-08-06,94.06,94.06,94.06,94.06,0,0
2015-08-07,94.06,94.06,94.06,94.06,0,0
2015-08-08,94.06,94.06,94.06,94.06,0,0
2015-08-09,94.06,94.06,94.06,94.06,0,0
2015-08-10,94.06,94.06,94.06,94.06,0,0
2015-08-11,94.06,94.06,94.06,94.06,0,0
2015-08-12,94.06,94.06,94.06,94.06,0,0
2015-08-13,94.06,94.06,94.06,94.06,0,0
2015-08-14,94.06,94.06,94.06,94.06,0,0
2015-08-15,94.06,94.06,94.06,94.06,0,0
2015-08-16,94.06,94.06,94.06,94.06,0,0
2015-08-17,94.06,94.06,94.06,94.06,0,0
2015-08-18,94.06,94.06,94.06,94.06,0,0
2015-08-19,94.06,94.06,94.06,94.06,0,0
2015-08-20,94.06,94.06,94.06,94.06,0,0
2015-08-21,94.06,94.06,94.06,94.06,0,0
2015-08-22,94.06,94.06,94.06,94.06,0,0
2015-08-23,94.06,94.06,94.06,94.06,0,0
2015-08-24,94.06,94.06,94.06,94.06,0,0
2015-08-25,94.06,94.06,94.06,94.06,0,0
2015-08-26,94.06,94.06,94.06,94.06,0,0
2015-08-27,94.06,94.06,94.06,94.06,0,0
2015-08-28,94.06,94.06,94.06,94.06,0,0
2015-08-29,94.06,94.06,94.06,94.06,0,0
2015-08-30,94.06,94.06,94.06,94.06,0,0
2015-08-31,94.06,94.06,94.06,94.06,0,0
2015-09-01,94.06,94.06,94.06,94.06,0,0
2015-09-02,94.06,94.06,94.06,94.06,0,0
2015-09-03,94.06,94.06,94.06,94.06,0,0
2015-09-04,94.06,94.06,94.06,94.06,0,0
2015-09-05,94.06,94.06,94.06,94.06,0,0
2015-09-06,94.06,94.06,94.06,94.06,0,0
2015-09-07,94.06,94.06,94.06,94.06,0,0
2015-09-08,94.06,94.06,94.06,94.06,0,0
2015-09-09,94.06,94.06,94.06,94.06,0,0
2015-09-10,94.06,94.06,94.06,94.06,0,0
2015-09-11,92.96,92.96,92.96,92.96,0,0
2015-09-12,92.96,92.96,92.96,92.96,0,0
2015-09-13,92.96,92.96,92.96,92.96,0,0
2015-09-14,92.96,92.96,92.96,92.96,0,0
2015-09-15,92.96,92.96,92.96,92.96,0,0
2015-09-16,92.96,92.96,92.96,92.96,0,0
2015-09-17,92.96,92.96,92.96,92.96,0,0
2015-09-18,92.96,92.96,92.96,92.96,0,0
2015-09-19,92.96,92.96,92.96,92.96,0,0
2015-09-20,92.96,92.96,92.96,92.96,0,0
2015-09-21,92.96,92.96,92.96,92.96,0,0
2015-09-22,92.96,92.96,92.96,92.96,0,0
2015-09-23,92.96,92.96,92.96,92.96,0,0
2015-09-24,92.96,92.96,92.96,92.96,0,0
2015-09-25,92.96,92.96,92.96,92.96,0,0
2015-09-26,92.96,92.96,92.96,92.96,0,0
2015-09-27,92.96,92.96,92.96,92.96,0,0
2015-09-28,92.96,92.96,92.96,92.96,0,0
2015-09-29,92.96,92.96,92.96,92.96,0,0
2015-09-30,92.96,92.96,92.96,92.96,0,0
2015-10-01,92.96,92.96,92.96,92.96,0,0
2015-10-02,92.96,92.96,92.96,92.96,0,0
2015-10-03,92.96,92.96,92.96,92.96,0,0
2015-10-04,92.96,92.96,92.96,92.96,0,0
2015-10-05,92.96,92.96,92.96,92.96,0,0
2015-10-06,92.96,92.96,92.96,92.96,0,0
2015-10-07,92.96,92.96,92.96,92.96,0,0
2015-10-08,93.1,93.1,93.1,93.1,0,0
2015-10-09,93.1,93.1,93.1,93.1,0,0
2015-10-10,93.1,93.1,93.1,93.1,0,0
2015-10-11,93.1,93.1,93.1,93.1,0,0
2015-10-12,93.1,93.1,93.1,93.1,0,0
2015-10-13,93.1,93.1,93.1,93.1,0,0
2015-10-14,93.1,93.1,93.1,93.1,0,0
2015-10-15,93.1,93.1,93.1,93.1,0,0
2015-10-16,93.1,93.1,93.1,93.1,0,0
2015-10-17,93.1,93.1,93.1,93.1,0,0
2015-10-18,93.1,93.1,93.1,93.1,0,0
2015-10-19,93.1,93.1,93.1,93.1,0,0
2015-10-20,93.1,93.1,93.1,93.1,0,0
2015-10-21,93.1,93.1,93.1,93.1,0,0
2015-10-22,93.1,93.1,93.1,93.1,0,0
2015-10-23,93.1,93.1,93.1,93.1,0,0
2015-10-24,93.1,93.1,93.1,93.1,0,0
2015-10-25,93.1,93.1,93.1,93.1,0,0
2015-10-26,93.1,93.1,93.1,93.1,0,0
2015-10-27,93.1,93.1,93.1,93.1,0,0
2015-10-28,93.1,93.1,93.1,93.1,0,0
2015-10-29,93.1,93.1,93.1,93.1,0,0
2015-10-30,93.1,93.1,93.1,93.1,0,0
2015-10-31,93.1,93.1,93.1,93.1,0,0
2015-11-01,93.1,93.1,93.1,93.1,0,0
2015-11-02,93.1,93.1,93.1,93.1,0,0
2015-11-03,93.1,93.1,93.1,93.1,0,0
2015-11-04,93.1,93.1,93.1,93.1,0,0
2015-11-05,94.59,94.59,94.59,94.59,0,0
2015-11-06,94.59,94.59,94.59,94.59,0,0
2015-11-07,94.59,94.59,94.59,94.59,0,0
2015-11-08,94.59,94.59,94.59,94.59,0,0
2015-11-09,94.59,94.59,94.59,94.59,0,0
2015-11-10,94.59,94.59,94.59,94.59,0,0
2015-11-11,94.59,94.59,94.59,94.59,0,0
2015-11-12,94.59,94.59,94.59,94.59,0,0
2015-11-13,94.59,94.59,94.59,94.59,0,0
2015-11-14,94.59,94.59,94.59,94.59,0,0
2015-11-15,94.59,94.59,94.59,94.59,0,0
2015-11-16,94.59,94.59,94.59,94.59,0,0
2015-11-17,94.59,94.59,94.59,94.59,0,0
2015-11-18,94.59,94.59,94.59,94.59,0,0
2015-11-19,94.59,94.59,94.59,94.59,0,0
2015-11-20,94.59,94.59,94.59,94.59,0,0
2015-11-21,94.59,94.59,94.59,94.59,0,0
2015-11-22,94.59,94.59,94.59,94.59,0,0
2015-11-23,94.59,94.59,94.59,94.59,0,0
2015-11-24,94.59,94.59,94.59,94.59,0,0
2015-11-25,94.59,94.59,94.59,94.59,0,0
2015-11-26,94.59,94.59,94.59,94.59,0,0
2015-11-27,94.59,94.59,94.59,94.59,0,0
2015-11-28,94.59,94.59,94.59,94.59,0,0
2015-11-29,94.59,94.59,94.59,94.59,0,0
2015-11-30,94.59,94.59,94.59,94.59,0,0
2015-12-01,94.59,94.59,94.59,94.59,0,0
2015-12-02,94.59,94.59,94.59,94.59,0,0
2015-12-03,94.59,94.59,94.59,94.59,0,0
2015-12-04,94.59,94.59,94.59,94.59,0,0
2015-12-05,94.59,94.59,94.59,94.59,0,0
2015-12-06,94.59,94.59,94.59,94.59,0,0
2015-12-07,94.59,94.59,94.59,94.59,0,0
2015-12-08,94.59,94.59,94.59,94.59,0,0
2015-12-09,94.59,94.59,94.59,94.59,0,0
2015-12-10,94.43,94.43,94.43,94.43,0,0
2015-12-11,94.43,94.43,94.43,94.43,0,0
2015-12-12,94.43,94.43,94.43,94.43,0,0
2015-12-13,94.43,94.43,94.43,94.43,0,0
2015-12-14,94.43,94.43,94.43,94.43,0,0
2015-12-15,94.43,94.43,94.43,94.43,0,0
2015-12-16,94.43,94.43,94.43,94.43,0,0
2015-12-17,94.43,94.43,94.43,94.43,0,0
2015-12-18,94.43,94.43,94.43,94.43,0,0
2015-12-19,94.43,94.43,94.43,94.43,0,0
2015-12-20,94.43,94.43,94.43,94.43,0,0
2015-12-21,94.43,94.43,94.43,94.43,0,0
2015-12-22,94.43,94.43,94.43,94.43,0,0
2015-12-23,94.43,94.43,94.43,94.43,0,0
2015-12-24,94.43,94.43,94.43,94.43,0,0
2015-12-25,94.43,94.43,94.43,94.43,0,0
2015-12-26,94.43,94.43,94.43,94.43,0,0
2015-12-27,94.43,94.43,94.43,94.43,0,0
2015-12-28,94.43,94.43,94.43,94.43,0,0
2015-12-29,94.43,94.43,94.43,94.43,0,0
2015-12-30,94.43,94.43,94.43,94.43,0,0
2015-12-31,94.43,94.43,94.43,94.43,0,0
2016-01-01,94.43,94.43,94.43,94.43,0,0
2016-01-02,94.43,94.43,94.43,94.43,0,0
2016-01-03,94.43,94.43,94.43,94.43,0,0
2016-01-04,94.43,94.43,94.43,94.43,0,0
2016-01-05,94.43,94.43,94.43,94.43,0,0
2016-01-06,94.43,94.43,94.43,94.43,0,0
2016-01-07,94.43,94.43,94.43,94.43,0,0
2016-01-08,94.93,94.93,94.93,94.93,0,0
2016-01-09,94.93,94.93,94.93,94.93,0,0
2016-01-10,94.93,94.93,94.93,94.93,0,0
2016-01-11,94.93,94.93,94.93,94.93,0,0
2016-01-12,94.93,94.93,94.93,94.93,0,0
2016-01-13,94.93,94.93,94.93,94.93,0,0
2016-01-14,94.93,94.93,94.93,94.93,0,0
2016-01-15,94.93,94.93,94.93,94.93,0,0
2016-01-16,94.93,94.93,94.93,94.93,0,0
2016-01-17,94.93,94.93,94.93,94.93,0,0
2016-01-18,94.93,94.93,94.93,94.93,0,0
2016-01-19,94.93,94.93,94.93,94.93,0,0
2016-01-20,94.93,94.93,94.93,94.93,0,0
2016-01-21,94.93,94.93,94.93,94.93,0,0
2016-01-22,94.93,94.93,94.93,94.93,0,0
2016-01-23,94.93,94.93,94.93,94.93,0,0
2016-01-24,94.93,94.93,94.93,94.93,0,0
2016-01-25,94.93,94.93,94.93,94.93,0,0
2016-01-26,94.93,94.93,94.93,94.93,0,0
2016-01-27,94.93,94.93,94.93,94.93,0,0
2016-01-28,94.93,94.93,94.93,94.93,0,0
2016-01-29,94.93,94.93,94.93,94.93,0,0
2016-01-30,94.93,94.93,94.93,94.93,0,0
2016-01-31,94.93,94.93,94.93,94.93,0,0
2016-02-01,94.93,94.93,94.93,94.93,0,0
2016-02-02,94.93,94.93,94.93,94.93,0,0
2016-02-03,94.93,94.93,94.93,94.93,0,0
2016-02-04,94.21,94.21,94.21,94.21,0,0
2016-02-05,94.21,94.21,94.21,94.21,0,0
2016-02-06,94.21,94.21,94.21,94.21,0,0
2016-02-07,94.21,94.21,94.21,94.21,0,0
2016-02-08,94.21,94.21,94.21,94.21,0,0
2016-02-09,94.21,94.21,94.21,94.21,0,0
2016-02-10,94.21,94.21,94.21,94.21,0,0
2016-02-11,94.21,94.21,94.21,94.21,0,0
2016-02-12,94.21,94.21,94.21,94.21,0,0
2016-02-13,94.21,94.21,94.21,94.21,0,0
2016-02-14,94.21,94.21,94.21,94.21,0,0
2016-02-15,94.21,94.21,94.21,94.21,0,0
2016-02-16,94.21,94.21,94.21,94.21,0,0
2016-02-17,94.21,94.21,94.21,94.21,0,0
2016-02-18,94.21,94.21,94.21,94.21,0,0
2016-02-19,94.21,94.21,94.21,94.21,0,0
2016-02-20,94.21,94.21,94.21,94.21,0,0
2016-02-21,94.21,94.21,94.21,94.21,0,0
2016-02-22,94.21,94.21,94.21,94.21,0,0
2016-02-23,94.21,94.21,94.21,94.21,0,0
2016-02-24,94.21,94.21,94.21,94.21,0,0
2016-02-25,94.21,94.21,94.21,94.21,0,0
2016-02-26,94.21,94.21,94.21,94.21,0,0
2016-02-27,94.21,94.21,94.21,94.21,0,0
2016-02-28,94.21,94.21,94.21,94.21,0,0
2016-02-29,94.21,94.21,94.21,94.21,0,0
2016-03-01,94.21,94.21,94.21,94.21,0,0
2016-03-02,94.21,94.21,94.21,94.21,0,0
2016-03-03,94.21,94.21,94.21,94.21,0,0
2016-03-04,94.21,94.21,94.21,94.21,0,0
2016-03-05,94.21,94.21,94.21,94.21,0,0
2016-03-06,94.21,94.21,94.21,94.21,0,0
2016-03-07,94.21,94.21,94.21,94.21,0,0
2016-03-08,94.21,94.21,94.21,94.21,0,0
2016-03-09,94.21,94.21,94.21,94.21,0,0
2016-03-10,93.9,93.9,93.9,93.9,0,0
2016-03-11,93.9,93.9,93.9,93.9,0,0
2016-03-12,93.9,93.9,93.9,93.9,0,0
2016-03-13,93.9,93.9,93.9,93.9,0,0
2016-03-14,93.9,93.9,93.9,93.9,0,0
2016-03-15,93.9,93.9,93.9,93.9,0,0
2016-03-16,93.9,93.9,93.9,93.9,0,0
2016-03-17,93.9,93.9,93.9,93.9,0,0
2016-03-18,93.9,93.9,93.9,93.9,0,0
2016-03-19,93.9,93.9,93.9,93.9,0,0
2016-03-20,93.9,93.9,93.9,93.9,0,0
2016-03-21,93.9,93.9,93.9,93.9,0,0
2016-03-22,93.9,93.9,93.9,93.9,0,0
2016-03-23,93.9,93.9,93.9,93.9,0,0
2016-03-24,93.9,93.9,93.9,93.9,0,0
2016-03-25,93.9,93.9,93.9,93.9,0,0
2016-03-26,93.9,93.9,93.9,93.9,0,0
2016-03-27,93.9,93.9,93.9,93.9,0,0
2016-03-28,93.9,93.9,93.9,93.9,0,0
2016-03-29,93.9,93.9,93.9,93.9,0,0
2016-03-30,93.9,93.9,93.9,93.9,0,0
2016-03-31,93.9,93.9,93.9,93.9,0,0
2016-04-01,93.9,93.9,93.9,93.9,0,0
2016-04-02,93.9,93.9,93.9,93.9,0,0
2016-04-03,93.9,93.9,93.9,93.9,0,0
2016-04-04,93.9,93.9,93.9,93.9,0,0
2016-04-05,93.9,93.9,93.9,93.9,0,0
2016-04-06,93.9,93.9,93.9,93.9,0,0
2016-04-07,95.42,95.42,95.42,95.42,0,0
2016-04-08,95.42,95.42,95.42,95.42,0,0
2016-04-09,95.42,95.42,95.42,95.42,0,0
2016-04-10,95.42,95.42,95.42,95.42,0,0
2016-04-11,95.42,95.42,95.42,95.42,0,0
2016-04-12,95.42,95.42,95.42,95.42,0,0
2016-04-13,95.42,95.42,95.42,95.42,0,0
2016-04-14,95.42,95.42,95.42,95.42,0,0
2016-04-15,95.42,95.42,95.42,95.42,0,0
2016-04-16,95.42,95.42,95.42,95.42,0,0
2016-04-17,95.42,95.42,95.42,95.42,0,0
2016-04-18,95.42,95.42,95.42,95.42,0,0
2016-04-19,95.42,95.42,95.42,95.42,0,0
2016-04-20,95.42,95.42,95.42,95.42,0,0
2016-04-21,95.42,95.42,95.42,95.42,0,0
2016-04-22,95.42,95.42,95.42,95.42,0,0
2016-04-23,95.42,95.42,95.42,95.42,0,0
2016-04-24,95.42,95.42,95.42,95.42,0,0
2016-04-25,95.42,95.42,95.42,95.42,0,0
2016-04-26,95.42,95.42,95.42,95.42,0,0
2016-04-27,95.42,95.42,95.42,95.42,0,0
2016-04-28,95.42,95.42,95.42,95.42,0,0
2016-04-29,95.42,95.42,95.42,95.42,0,0
2016-04-30,95.42,95.42,95.42,95.42,0,0
2016-05-01,95.42,95.42,95.42,95.42,0,0
2016-05-02,95.42,95.42,95.42,95.42,0,0
2016-05-03,95.42,95.42,95.42,95.42,0,0
2016-05-04,95.42,95.42,95.42,95.42,0,0
2016-05-05,95.42,95.42,95.42,95.42,0,0
2016-05-07,93.91,93.91,93.91,93.91,0,0
2016-05-08,93.91,93.91,93.91,93.91,0,0
2016-05-09,93.91,93.91,93.91,93.91,0,0
2016-05-10,93.91,93.91,93.91,93.91,0,0
2016-05-11,93.91,93.91,93.91,93.91,0,0
2016-05-12,93.91,93.91,93.91,93.91,0,0
2016-05-13,93.91,93.91,93.91,93.91,0,0
2016-05-14,93.91,93.91,93.91,93.91,0,0
2016-05-15,93.91,93.91,93.91,93.91,0,0
2016-05-16,93.91,93.91,93.91,93.91,0,0
2016-05-17,93.91,93.91,93.91,93.91,0,0
2016-05-18,93.91,93.91,93.91,93.91,0,0
2016-05-19,93.91,93.91,93.91,93.91,0,0
2016-05-20,93.91,93.91,93.91,93.91,0,0
2016-05-21,93.91,93.91,93.91,93.91,0,0
2016-05-22,93.91,93.91,93.91,93.91,0,0
2016-05-23,93.91,93.91,93.91,93.91,0,0
2016-05-24,93.91,93.91,93.91,93.91,0,0
2016-05-25,93.91,93.91,93.91,93.91,0,0
2016-05-26,93.91,93.91,93.91,93.91,0,0
2016-05-27,93.91,93.91,93.91,93.91,0,0
2016-05-28,93.91,93.91,93.91,93.91,0,0
2016-05-29,93.91,93.91,93.91,93.91,0,0
2016-05-30,93.91,93.91,93.91,93.91,0,0
2016-05-31,93.91,93.91,93.91,93.91,0,0
2016-06-01,93.91,93.91,93.91,93.91,0,0
2016-06-02,93.91,93.91,93.91,93.91,0,0
2016-06-03,93.91,93.91,93.91,93.91,0,0
2016-06-04,93.91,93.91,93.91,93.91,0,0
2016-06-05,93.91,93.91,93.91,93.91,0,0
2016-06-06,93.91,93.91,93.91,93.91,0,0
2016-06-07,93.91,93.91,93.91,93.91,0,0
2016-06-08,93.91,93.91,93.91,93.91,0,0
2016-06-09,94.08,94.08,94.08,94.08,0,0
2016-06-10,94.08,94.08,94.08,94.08,0,0
2016-06-11,94.08,94.08,94.08,94.08,0,0
2016-06-12,94.08,94.08,94.08,94.08,0,0
2016-06-13,94.08,94.08,94.08,94.08,0,0
2016-06-14,94.08,94.08,94.08,94.08,0,0
2016-06-15,94.08,94.08,94.08,94.08,0,0
2016-06-16,94.08,94.08,94.08,94.08,0,0
2016-06-17,94.08,94.08,94.08,94.08,0,0
2016-06-18,94.08,94.08,94.08,94.08,0,0
2016-06-19,94.08,94.08,94.08,94.08,0,0
2016-06-20,94.08,94.08,94.08,94.08,0,0
2016-06-21,94.08,94.08,94.08,94.08,0,0
2016-06-22,94.08,94.08,94.08,94.08,0,0
2016-06-23,94.08,94.08,94.08,94.08,0,0
2016-06-24,94.08,94.08,94.08,94.08,0,0
2016-06-25,94.08,94.08,94.08,94.08,0,0
2016-06-26,94.08,94.08,94.08,94.08,0,0
2016-06-27,94.08,94.08,94.08,94.08,0,0
2016-06-28,94.08,94.08,94.08,94.08,0,0
2016-06-29,94.08,94.08,94.08,94.08,0,0
2016-06-30,94.08,94.08,94.08,94.08,0,0
2016-07-01,94.08,94.08,94.08,94.08,0,0
2016-07-02,94.08,94.08,94.08,94.08,0,0
2016-07-03,94.08,94.08,94.08,94.08,0,0
2016-07-04,94.08,94.08,94.08,94.08,0,0
2016-07-05,94.08,94.08,94.08,94.08,0,0
2016-07-06,94.08,94.08,94.08,94.08,0,0
2016-07-07,94.08,94.08,94.08,94.08,0,0
2016-07-08,95,95,95,95,0,0
2016-07-09,95,95,95,95,0,0
2016-07-10,95,95,95,95,0,0
2016-07-11,95,95,95,95,0,0
2016-07-12,95,95,95,95,0,0
2016-07-13,95,95,95,95,0,0
2016-07-14,95,95,95,95,0,0
2016-07-15,95,95,95,95,0,0
2016-07-16,95,95,95,95,0,0
2016-07-17,95,95,95,95,0,0
2016-07-18,95,95,95,95,0,0
2016-07-19,95,95,95,95,0,0
2016-07-20,95,95,95,95,0,0
2016-07-21,95,95,95,95,0,0
2016-07-22,95,95,95,95,0,0
2016-07-23,95,95,95,95,0,0
2016-07-24,95,95,95,95,0,0
2016-07-25,95,95,95,95,0,0
2016-07-26,95,95,95,95,0,0
2016-07-27,95,95,95,95,0,0
2016-07-28,95,95,95,95,0,0
2016-07-29,95,95,95,95,0,0
2016-07-30,95,95,95,95,0,0
2016-07-31,95,95,95,95,0,0
2016-08-01,95,95,95,95,0,0
2016-08-02,95,95,95,95,0,0
2016-08-03,95,95,95,95,0,0
2016-08-04,94.25,94.25,94.25,94.25,0,0
2016-08-05,94.25,94.25,94.25,94.25,0,0
2016-08-06,94.25,94.25,94.25,94.25,0,0
2016-08-07,94.25,94.25,94.25,94.25,0,0
2016-08-08,94.25,94.25,94.25,94.25,0,0
2016-08-09,94.25,94.25,94.25,94.25,0,0
2016-08-10,94.25,94.25,94.25,94.25,0,0
2016-08-11,94.25,94.25,94.25,94.25,0,0
2016-08-12,94.25,94.25,94.25,94.25,0,0
2016-08-13,94.25,94.25,94.25,94.25,0,0
2016-08-14,94.25,94.25,94.25,94.25,0,0
2016-08-15,94.25,94.25,94.25,94.25,0,0
2016-08-16,94.25,94.25,94.25,94.25,0,0
2016-08-17,94.25,94.25,94.25,94.25,0,0
2016-08-18,94.25,94.25,94.25,94.25,0,0
2016-08-19,94.25,94.25,94.25,94.25,0,0
2016-08-20,94.25,94.25,94.25,94.25,0,0
2016-08-21,94.25,94.25,94.25,94.25,0,0
2016-08-22,94.25,94.25,94.25,94.25,0,0
2016-08-23,94.25,94.25,94.25,94.25,0,0
2016-08-24,94.25,94.25,94.25,94.25,0,0
2016-08-25,94.25,94.25,94.25,94.25,0,0
2016-08-26,94.25,94.25,94.25,94.25,0,0
2016-08-27,94.25,94.25,94.25,94.25,0,0
2016-08-28,94.25,94.25,94.25,94.25,0,0
2016-08-29,94.25,94.25,94.25,94.25,0,0
2016-08-30,94.25,94.25,94.25,94.25,0,0
2016-08-31,94.25,94.25,94.25,94.25,0,0
2016-09-01,94.25,94.25,94.25,94.25,0,0
2016-09-02,94.25,94.25,94.25,94.25,0,0
2016-09-03,94.25,94.25,94.25,94.25,0,0
2016-09-04,94.25,94.25,94.25,94.25,0,0
2016-09-05,94.25,94.25,94.25,94.25,0,0
2016-09-06,94.25,94.25,94.25,94.25,0,0
2016-09-07,94.25,94.25,94.25,94.25,0,0
2016-09-08,94.25,94.25,94.25,94.25,0,0
2016-09-09,94.45,94.45,94.45,94.45,0,0
2016-09-10,94.45,94.45,94.45,94.45,0,0
2016-09-11,94.45,94.45,94.45,94.45,0,0
2016-09-12,94.45,94.45,94.45,94.45,0,0
2016-09-13,94.45,94.45,94.45,94.45,0,0
2016-09-14,94.45,94.45,94.45,94.45,0,0
2016-09-15,94.45,94.45,94.45,94.45,0,0
2016-09-16,94.45,94.45,94.45,94.45,0,0
2016-09-17,94.45,94.45,94.45,94.45,0,0
2016-09-18,94.45,94.45,94.45,94.45,0,0
2016-09-19,94.45,94.45,94.45,94.45,0,0
2016-09-20,94.45,94.45,94.45,94.45,0,0
2016-09-21,94.45,94.45,94.45,94.45,0,0
2016-09-22,94.45,94.45,94.45,94.45,0,0
2016-09-23,94.45,94.45,94.45,94.45,0,0
2016-09-24,94.45,94.45,94.45,94.45,0,0
2016-09-25,94.45,94.45,94.45,94.45,0,0
2016-09-26,94.45,94.45,94.45,94.45,0,0
2016-09-27,94.45,94.45,94.45,94.45,0,0
2016-09-28,94.45,94.45,94.45,94.45,0,0
2016-09-29,94.45,94.45,94.45,94.45,0,0
2016-09-30,94.45,94.45,94.45,94.45,0,0
2016-10-01,94.45,94.45,94.45,94.45,0,0
2016-10-02,94.45,94.45,94.45,94.45,0,0
2016-10-03,94.45,94.45,94.45,94.45,0,0
2016-10-04,94.45,94.45,94.45,94.45,0,0
2016-10-05,94.45,94.45,94.45,94.45,0,0
2016-10-06,94.58,94.58,94.58,94.58,0,0
2016-10-07,94.58,94.58,94.58,94.58,0,0
2016-10-08,94.58,94.58,94.58,94.58,0,0
2016-10-09,94.58,94.58,94.58,94.58,0,0
2016-10-10,94.58,94.58,94.58,94.58,0,0
2016-10-11,94.58,94.58,94.58,94.58,0,0
2016-10-12,94.58,94.58,94.58,94.58,0,0
2016-10-13,94.58,94.58,94.58,94.58,0,0
2016-10-14,94.58,94.58,94.58,94.58,0,0
2016-10-15,94.58,94.58,94.58,94.58,0,0
2016-10-16,94.58,94.58,94.58,94.58,0,0
2016-10-17,94.58,94.58,94.58,94.58,0,0
2016-10-18,94.58,94.58,94.58,94.58,0,0
2016-10-19,94.58,94.58,94.58,94.58,0,0
2016-10-20,94.58,94.58,94.58,94.58,0,0
2016-10-21,94.58,94.58,94.58,94.58,0,0
2016-10-22,94.58,94.58,94.58,94.58,0,0
2016-10-23,94.58,94.58,94.58,94.58,0,0
2016-10-24,94.58,94.58,94.58,94.58,0,0
2016-10-25,94.58,94.58,94.58,94.58,0,0
2016-10-26,94.58,94.58,94.58,94.58,0,0
2016-10-27,94.58,94.58,94.58,94.58,0,0
2016-10-28,94.58,94.58,94.58,94.58,0,0
2016-10-29,94.58,94.58,94.58,94.58,0,0
2016-10-30,94.58,94.58,94.58,94.58,0,0
2016-10-31,94.58,94.58,94.58,94.58,0,0
2016-11-01,94.58,94.58,94.58,94.58,0,0
2016-11-02,94.58,94.58,94.58,94.58,0,0
2016-11-03,94.58,94.58,94.58,94.58,0,0
2016-11-04,94.58,94.58,94.58,94.58,0,0
2016-11-05,94.58,94.58,94.58,94.58,0,0
2016-11-06,94.58,94.58,94.58,94.58,0,0
2016-11-07,94.58,94.58,94.58,94.58,0,0
2016-11-08,94.58,94.58,94.58,94.58,0,0
2016-11-09,94.58,94.58,94.58,94.58,0,0
2016-11-10,95.46,95.46,95.46,95.46,0,0
2016-11-11,95.46,95.46,95.46,95.46,0,0
2016-11-12,95.46,95.46,95.46,95.46,0,0
2016-11-13,95.46,95.46,95.46,95.46,0,0
2016-11-14,95.46,95.46,95.46,95.46,0,0
2016-11-15,95.46,95.46,95.46,95.46,0,0
2016-11-16,95.46,95.46,95.46,95.46,0,0
2016-11-17,95.46,95.46,95.46,95.46,0,0
2016-11-18,95.46,95.46,95.46,95.46,0,0
2016-11-19,95.46,95.46,95.46,95.46,0,0
2016-11-20,95.46,95.46,95.46,95.46,0,0
2016-11-21,95.46,95.46,95.46,95.46,0,0
2016-11-22,95.46,95.46,95.46,95.46,0,0
2016-11-23,95.46,95.46,95.46,95.46,0,0
2016-11-24,95.46,95.46,95.46,95.46,0,0
2016-11-25,95.46,95.46,95.46,95.46,0,0
2016-11-26,95.46,95.46,95.46,95.46,0,0
2016-11-27,95.46,95.46,95.46,95.46,0,0
2016-11-28,95.46,95.46,95.46,95.46,0,0
2016-11-29,95.46,95.46,95.46,95.46,0,0
2016-11-30,95.46,95.46,95.46,95.46,0,0
2016-12-01,95.46,95.46,95.46,95.46,0,0
2016-12-02,95.46,95.46,95.46,95.46,0,0
2016-12-03,95.46,95.46,95.46,95.46,0,0
2016-12-04,95.46,95.46,95.46,95.46,0,0
2016-12-05,95.46,95.46,95.46,95.46,0,0
2016-12-06,95.46,95.46,95.46,95.46,0,0
2016-12-07,95.46,95.46,95.46,95.46,0,0
2016-12-08,94.77,94.77,94.77,94.77,0,0
2016-12-09,94.77,94.77,94.77,94.77,0,0
2016-12-10,94.77,94.77,94.77,94.77,0,0
2016-12-11,94.77,94.77,94.77,94.77,0,0
2016-12-12,94.77,94.77,94.77,94.77,0,0
2016-12-13,94.77,94.77,94.77,94.77,0,0
2016-12-14,94.77,94.77,94.77,94.77,0,0
2016-12-15,94.77,94.77,94.77,94.77,0,0
2016-12-16,94.77,94.77,94.77,94.77,0,0
2016-12-17,94.77,94.77,94.77,94.77,0,0
2016-12-18,94.77,94.77,94.77,94.77,0,0
2016-12-19,94.77,94.77,94.77,94.77,0,0
2016-12-20,94.77,94.77,94.77,94.77,0,0
2016-12-21,94.77,94.77,94.77,94.77,0,0
2016-12-22,94.77,94.77,94.77,94.77,0,0
2016-12-23,94.77,94.77,94.77,94.77,0,0
2016-12-24,94.77,94.77,94.77,94.77,0,0
2016-12-25,94.77,94.77,94.77,94.77,0,0
2016-12-26,94.77,94.77,94.77,94.77,0,0
2016-12-27,94.77,94.77,94.77,94.77,0,0
2016-12-28,94.77,94.77,94.77,94.77,0,0
2016-12-29,94.77,94.77,94.77,94.77,0,0
2016-12-30,94.77,94.77,94.77,94.77,0,0
2016-12-31,94.77,94.77,94.77,94.77,0,0
2017-01-01,94.77,94.77,94.77,94.77,0,0
2017-01-02,94.77,94.77,94.77,94.77,0,0
2017-01-03,94.77,94.77,94.77,94.77,0,0
2017-01-04,94.77,94.77,94.77,94.77,0,0
2017-01-05,94.77,94.77,94.77,94.77,0,0
2017-01-06,95.06,95.06,95.06,95.06,0,0
2017-01-07,95.06,95.06,95.06,95.06,0,0
2017-01-08,95.06,95.06,95.06,95.06,0,0
2017-01-09,95.06,95.06,95.06,95.06,0,0
2017-01-10,95.06,95.06,95.06,95.06,0,0
2017-01-11,95.06,95.06,95.06,95.06,0,0
2017-01-12,95.06,95.06,95.06,95.06,0,0
2017-01-13,95.06,95.06,95.06,95.06,0,0
2017-01-14,95.06,95.06,95.06,95.06,0,0
2017-01-15,95.06,95.06,95.06,95.06,0,0
2017-01-16,95.06,95.06,95.06,95.06,0,0
2017-01-17,95.06,95.06,95.06,95.06,0,0
2017-01-18,95.06,95.06,95.06,95.06,0,0
2017-01-19,95.06,95.06,95.06,95.06,0,0
2017-01-20,95.06,95.06,95.06,95.06,0,0
2017-01-21,95.06,95.06,95.06,95.06,0,0
2017-01-22,95.06,95.06,95.06,95.06,0,0
2017-01-23,95.06,95.06,95.06,95.06,0,0
2017-01-24,95.06,95.06,95.06,95.06,0,0
2017-01-25,95.06,95.06,95.06,95.06,0,0
2017-01-26,95.06,95.06,95.06,95.06,0,0
2017-01-27,95.06,95.06,95.06,95.06,0,0
2017-01-28,95.06,95.06,95.06,95.06,0,0
2017-01-29,95.06,95.06,95.06,95.06,0,0
2017-01-30,95.06,95.06,95.06,95.06,0,0
2017-01-31,95.06,95.06,95.06,95.06,0,0
2017-02-01,95.06,95.06,95.06,95.06,0,0
2017-02-02,95.06,95.06,95.06,95.06,0,0
2017-02-03,95.06,95.06,95.06,95.06,0,0
2017-02-04,95.06,95.06,95.06,95.06,0,0
2017-02-05,95.06,95.06,95.06,95.06,0,0
2017-02-06,95.06,95.06,95.06,95.06,0,0
2017-02-07,95.06,95.06,95.06,95.06,0,0
2017-02-08,95.06,95.06,95.06,95.06,0,0
2017-02-09,95.15,95.15,95.15,95.15,0,0
2017-02-10,95.15,95.15,95.15,95.15,0,0
2017-02-11,95.15,95.15,95.15,95.15,0,0
2017-02-12,95.15,95.15,95.15,95.15,0,0
2017-02-13,95.15,95.15,95.15,95.15,0,0
2017-02-14,95.15,95.15,95.15,95.15,0,0
2017-02-15,95.15,95.15,95.15,95.15,0,0
2017-02-16,95.15,95.15,95.15,95.15,0,0
2017-02-17,95.15,95.15,95.15,95.15,0,0
2017-02-18,95.15,95.15,95.15,95.15,0,0
2017-02-19,95.15,95.15,95.15,95.15,0,0
2017-02-20,95.15,95.15,95.15,95.15,0,0
2017-02-21,95.15,95.15,95.15,95.15,0,0
2017-02-22,95.15,95.15,95.15,95.15,0,0
2017-02-23,95.15,95.15,95.15,95.15,0,0
2017-02-24,95.15,95.15,95.15,95.15,0,0
2017-02-25,95.15,95.15,95.15,95.15,0,0
2017-02-26,95.15,95.15,95.15,95.15,0,0
2017-02-27,95.15,95.15,95.15,95.15,0,0
2017-02-28,95.15,95.15,95.15,95.15,0,0
2017-03-01,95.15,95.15,95.15,95.15,0,0
2017-03-02,95.15,95.15,95.15,95.15,0,0
2017-03-03,95.15,95.15,95.15,95.15,0,0
2017-03-04,95.15,95.15,95.15,95.15,0,0
2017-03-05,95.15,95.15,95.15,95.15,0,0
2017-03-06,95.15,95.15,95.15,95.15,0,0
2017-03-07,95.15,95.15,95.15,95.15,0,0
2017-03-08,95.15,95.15,95.15,95.15,0,0
2017-03-09,95.63,95.63,95.63,95.63,0,0
2017-03-10,95.63,95.63,95.63,95.63,0,0
2017-03-11,95.63,95.63,95.63,95.63,0,0
2017-03-12,95.63,95.63,95.63,95.63,0,0
2017-03-13,95.63,95.63,95.63,95.63,0,0
2017-03-14,95.63,95.63,95.63,95.63,0,0
2017-03-15,95.63,95.63,95.63,95.63,0,0
2017-03-16,95.63,95.63,95.63,95.63,0,0
2017-03-17,95.63,95.63,95.63,95.63,0,0
2017-03-18,95.63,95.63,95.63,95.63,0,0
2017-03-19,95.63,95.63,95.63,95.63,0,0
2017-03-20,95.63,95.63,95.63,95.63,0,0
2017-03-21,95.63,95.63,95.63,95.63,0,0
2017-03-22,95.63,95.63,95.63,95.63,0,0
2017-03-23,95.63,95.63,95.63,95.63,0,0
2017-03-24,95.63,95.63,95.63,95.63,0,0
2017-03-25,95.63,95.63,95.63,95.63,0,0
2017-03-26,95.63,95.63,95.63,95.63,0,0
2017-03-27,95.63,95.63,95.63,95.63,0,0
2017-03-28,95.63,95.63,95.63,95.63,0,0
2017-03-29,95.63,95.63,95.63,95.63,0,0
2017-03-30,95.63,95.63,95.63,95.63,0,0
2017-03-31,95.63,95.63,95.63,95.63,0,0
2017-04-01,95.63,95.63,95.63,95.63,0,0
2017-04-02,95.63,95.63,95.63,95.63,0,0
2017-04-03,95.63,95.63,95.63,95.63,0,0
2017-04-04,95.63,95.63,95.63,95.63,0,0
2017-04-05,95.63,95.63,95.63,95.63,0,0
2017-04-06,95.84,95.84,95.84,95.84,0,0
2017-04-07,95.84,95.84,95.84,95.84,0,0
2017-04-08,95.84,95.84,95.84,95.84,0,0
2017-04-09,95.84,95.84,95.84,95.84,0,0
2017-04-10,95.84,95.84,95.84,95.84,0,0
2017-04-11,95.84,95.84,95.84,95.84,0,0
2017-04-12,95.84,95.84,95.84,95.84,0,0
2017-04-13,95.84,95.84,95.84,95.84,0,0
2017-04-14,95.84,95.84,95.84,95.84,0,0
2017-04-15,95.84,95.84,95.84,95.84,0,0
2017-04-16,95.84,95.84,95.84,95.84,0,0
2017-04-17,95.84,95.84,95.84,95.84,0,0
2017-04-18,95.84,95.84,95.84,95.84,0,0
2017-04-19,95.84,95.84,95.84,95.84,0,0
2017-04-20,95.84,95.84,95.84,95.84,0,0
2017-04-21,95.84,95.84,95.84,95.84,0,0
2017-04-22,95.84,95.84,95.84,95.84,0,0
2017-04-23,95.84,95.84,95.84,95.84,0,0
2017-04-24,95.84,95.84,95.84,95.84,0,0
2017-04-25,95.84,95.84,95.84,95.84,0,0
2017-04-26,95.84,95.84,95.84,95.84,0,0
2017-04-27,95.84,95.84,95.84,95.84,0,0
2017-04-28,95.84,95.84,95.84,95.84,0,0
2017-04-29,95.84,95.84,95.84,95.84,0,0
2017-04-30,95.84,95.84,95.84,95.84,0,0
2017-05-01,95.84,95.84,95.84,95.84,0,0
2017-05-02,95.84,95.84,95.84,95.84,0,0
2017-05-03,95.84,95.84,95.84,95.84,0,0
2017-05-04,95.84,95.84,95.84,95.84,0,0
2017-05-05,95.84,95.84,95.84,95.84,0,0
2017-05-06,95.84,95.84,95.84,95.84,0,0
2017-05-07,95.84,95.84,95.84,95.84,0,0
2017-05-08,95.84,95.84,95.84,95.84,0,0
2017-05-09,96.27,96.27,96.27,96.27,0,0
2017-05-10,96.27,96.27,96.27,96.27,0,0
2017-05-11,96.27,96.27,96.27,96.27,0,0
2017-05-12,96.27,96.27,96.27,96.27,0,0
2017-05-13,96.27,96.27,96.27,96.27,0,0
2017-05-14,96.27,96.27,96.27,96.27,0,0
2017-05-15,96.27,96.27,96.27,96.27,0,0
2017-05-16,96.27,96.27,96.27,96.27,0,0
2017-05-17,96.27,96.27,96.27,96.27,0,0
2017-05-18,96.27,96.27,96.27,96.27,0,0
2017-05-19,96.27,96.27,96.27,96.27,0,0
2017-05-20,96.27,96.27,96.27,96.27,0,0
2017-05-21,96.27,96.27,96.27,96.27,0,0
2017-05-22,96.27,96.27,96.27,96.27,0,0
2017-05-23,96.27,96.27,96.27,96.27,0,0
2017-05-24,96.27,96.27,96.27,96.27,0,0
2017-05-25,96.27,96.27,96.27,96.27,0,0
2017-05-26,96.27,96.27,96.27,96.27,0,0
2017-05-27,96.27,96.27,96.27,96.27,0,0
2017-05-28,96.27,96.27,96.27,96.27,0,0
2017-05-29,96.27,96.27,96.27,96.27,0,0
2017-05-30,96.27,96.27,96.27,96.27,0,0
2017-05-31,96.27,96.27,96.27,96.27,0,0
2017-06-01,96.27,96.27,96.27,96.27,0,0
2017-06-02,96.27,96.27,96.27,96.27,0,0
2017-06-03,96.27,96.27,96.27,96.27,0,0
2017-06-04,96.27,96.27,96.27,96.27,0,0
2017-06-05,96.27,96.27,96.27,96.27,0,0
2017-06-06,96.27,96.27,96.27,96.27,0,0
2017-06-07,96.27,96.27,96.27,96.27,0,0
2017-06-08,97.59,97.59,97.59,97.59,0,0
2017-06-09,97.59,97.59,97.59,97.59,0,0
2017-06-10,97.59,97.59,97.59,97.59,0,0
2017-06-11,97.59,97.59,97.59,97.59,0,0
2017-06-12,97.59,97.59,97.59,97.59,0,0
2017-06-13,97.59,97.59,97.59,97.59,0,0
2017-06-14,97.59,97.59,97.59,97.59,0,0
2017-06-15,97.59,97.59,97.59,97.59,0,0
2017-06-16,97.59,97.59,97.59,97.59,0,0
2017-06-17,97.59,97.59,97.59,97.59,0,0
2017-06-18,97.59,97.59,97.59,97.59,0,0
2017-06-19,97.59,97.59,97.59,97.59,0,0
2017-06-20,97.59,97.59,97.59,97.59,0,0
2017-06-21,97.59,97.59,97.59,97.59,0,0
2017-06-22,97.59,97.59,97.59,97.59,0,0
2017-06-23,97.59,97.59,97.59,97.59,0,0
2017-06-24,97.59,97.59,97.59,97.59,0,0
2017-06-25,97.59,97.59,97.59,97.59,0,0
2017-06-26,97.59,97.59,97.59,97.59,0,0
2017-06-27,97.59,97.59,97.59,97.59,0,0
2017-06-28,97.59,97.59,97.59,97.59,0,0
2017-06-29,97.59,97.59,97.59,97.59,0,0
2017-06-30,97.59,97.59,97.59,97.59,0,0
2017-07-01,97.59,97.59,97.59,97.59,0,0
2017-07-02,97.59,97.59,97.59,97.59,0,0
2017-07-03,97.59,97.59,97.59,97.59,0,0
2017-07-04,97.59,97.59,97.59,97.59,0,0
2017-07-05,97.59,97.59,97.59,97.59,0,0
2017-07-06,97.61,97.61,97.61,97.61,0,0
2017-07-07,97.61,97.61,97.61,97.61,0,0
2017-07-08,97.61,97.61,97.61,97.61,0,0
2017-07-09,97.61,97.61,97.61,97.61,0,0
2017-07-10,97.61,97.61,97.61,97.61,0,0
2017-07-11,97.61,97.61,97.61,97.61,0,0
2017-07-12,97.61,97.61,97.61,97.61,0,0
2017-07-13,97.61,97.61,97.61,97.61,0,0
2017-07-14,97.61,97.61,97.61,97.61,0,0
2017-07-15,97.61,97.61,97.61,97.61,0,0
2017-07-16,97.61,97.61,97.61,97.61,0,0
2017-07-17,97.61,97.61,97.61,97.61,0,0
2017-07-18,97.61,97.61,97.61,97.61,0,0
2017-07-19,97.61,97.61,97.61,97.61,0,0
2017-07-20,97.61,97.61,97.61,97.61,0,0
2017-07-21,97.61,97.61,97.61,97.61,0,0
2017-07-22,97.61,97.61,97.61,97.61,0,0
2017-07-23,97.61,97.61,97.61,97.61,0,0
2017-07-24,97.61,97.61,97.61,97.61,0,0
2017-07-25,97.61,97.61,97.61,97.61,0,0
2017-07-26,97.61,97.61,97.61,97.61,0,0
2017-07-27,97.61,97.61,97.61,97.61,0,0
2017-07-28,97.61,97.61,97.61,97.61,0,0
2017-07-29,97.61,97.61,97.61,97.61,0,0
2017-07-30,97.61,97.61,97.61,97.61,0,0
2017-07-31,97.61,97.61,97.61,97.61,0,0
2017-08-01,97.61,97.61,97.61,97.61,0,0
2017-08-02,97.61,97.61,97.61,97.61,0,0
2017-08-03,97.61,97.61,97.61,97.61,0,0
2017-08-04,97.61,97.61,97.61,97.61,0,0
2017-08-05,97.61,97.61,97.61,97.61,0,0
2017-08-06,97.61,97.61,97.61,97.61,0,0
2017-08-07,97.61,97.61,97.61,97.61,0,0
2017-08-08,97.61,97.61,97.61,97.61,0,0
2017-08-09,97.61,97.61,97.61,97.61,0,0
2017-08-10,98.02,98.02,98.02,98.02,0,0
2017-08-11,98.02,98.02,98.02,98.02,0,0
2017-08-12,98.02,98.02,98.02,98.02,0,0
2017-08-13,98.02,98.02,98.02,98.02,0,0
2017-08-14,98.02,98.02,98.02,98.02,0,0
2017-08-15,98.02,98.02,98.02,98.02,0,0
2017-08-16,98.02,98.02,98.02,98.02,0,0
2017-08-17,98.02,98.02,98.02,98.02,0,0
2017-08-18,98.02,98.02,98.02,98.02,0,0
2017-08-19,98.02,98.02,98.02,98.02,0,0
2017-08-20,98.02,98.02,98.02,98.02,0,0
2017-08-21,98.02,98.02,98.02,98.02,0,0
2017-08-22,98.02,98.02,98.02,98.02,0,0
2017-08-23,98.02,98.02,98.02,98.02,0,0
2017-08-24,98.02,98.02,98.02,98.02,0,0
2017-08-25,98.02,98.02,98.02,98.02,0,0
2017-08-26,98.02,98.02,98.02,98.02,0,0
2017-08-27,98.02,98.02,98.02,98.02,0,0
2017-08-28,98.02,98.02,98.02,98.02,0,0
2017-08-29,98.02,98.02,98.02,98.02,0,0
2017-08-30,98.02,98.02,98.02,98.02,0,0
2017-08-31,98.02,98.02,98.02,98.02,0,0
2017-09-01,98.02,98.02,98.02,98.02,0,0
2017-09-02,98.02,98.02,98.02,98.02,0,0
2017-09-03,98.02,98.02,98.02,98.02,0,0
2017-09-04,98.02,98.02,98.02,98.02,0,0
2017-09-05,98.02,98.02,98.02,98.02,0,0
2017-09-06,98.02,98.02,98.02,98.02,0,0
2017-09-07,98.02,98.02,98.02,98.02,0,0
2017-09-08,98.16,98.16,98.16,98.16,0,0
2017-09-09,98.16,98.16,98.16,98.16,0,0
2017-09-10,98.16,98.16,98.16,98.16,0,0
2017-09-11,98.16,98.16,98.16,98.16,0,0
2017-09-12,98.16,98.16,98.16,98.16,0,0
2017-09-13,98.16,98.16,98.16,98.16,0,0
2017-09-14,98.16,98.16,98.16,98.16,0,0
2017-09-15,98.16,98.16,98.16,98.16,0,0
2017-09-16,98.16,98.16,98.16,98.16,0,0
2017-09-17,98.16,98.16,98.16,98.16,0,0
2017-09-18,98.16,98.16,98.16,98.16,0,0
2017-09-19,98.16,98.16,98.16,98.16,0,0
2017-09-20,98.16,98.16,98.16,98.16,0,0
2017-09-21,98.16,98.16,98.16,98.16,0,0
2017-09-22,98.16,98.16,98.16,98.16,0,0
2017-09-23,98.16,98.16,98.16,98.16,0,0
2017-09-24,98.16,98.16,98.16,98.16,0,0
2017-09-25,98.16,98.16,98.16,98.16,0,0
2017-09-26,98.16,98.16,98.16,98.16,0,0
2017-09-27,98.16,98.16,98.16,98.16,0,0
2017-09-28,98.16,98.16,98.16,98.16,0,0
2017-09-29,98.16,98.16,98.16,98.16,0,0
2017-09-30,98.16,98.16,98.16,98.16,0,0
2017-10-01,98.16,98.16,98.16,98.16,0,0
2017-10-02,98.16,98.16,98.16,98.16,0,0
2017-10-03,98.16,98.16,98.16,98.16,0,0
2017-10-04,98.16,98.16,98.16,98.16,0,0
2017-10-05,99.43,99.43,99.43,99.43,0,0
2017-10-06,99.43,99.43,99.43,99.43,0,0
2017-10-07,99.43,99.43,99.43,99.43,0,0
2017-10-08,99.43,99.43,99.43,99.43,0,0
2017-10-09,99.43,99.43,99.43,99.43,0,0
2017-10-10,99.43,99.43,99.43,99.43,0,0
2017-10-11,99.43,99.43,99.43,99.43,0,0
2017-10-12,99.43,99.43,99.43,99.43,0,0
2017-10-13,99.43,99.43,99.43,99.43,0,0
2017-10-14,99.43,99.43,99.43,99.43,0,0
2017-10-15,99.43,99.43,99.43,99.43,0,0
2017-10-16,99.43,99.43,99.43,99.43,0,0
2017-10-17,99.43,99.43,99.43,99.43,0,0
2017-10-18,99.43,99.43,99.43,99.43,0,0
2017-10-19,99.43,99.43,99.43,99.43,0,0
2017-10-20,99.43,99.43,99.43,99.43,0,0
2017-10-21,99.43,99.43,99.43,99.43,0,0
2017-10-22,99.43,99.43,99.43,99.43,0,0
2017-10-23,99.43,99.43,99.43,99.43,0,0
2017-10-24,99.43,99.43,99.43,99.43,0,0
2017-10-25,99.43,99.43,99.43,99.43,0,0
2017-10-26,99.43,99.43,99.43,99.43,0,0
2017-10-27,99.43,99.43,99.43,99.43,0,0
2017-10-28,99.43,99.43,99.43,99.43,0,0
2017-10-29,99.43,99.43,99.43,99.43,0,0
2017-10-30,99.43,99.43,99.43,99.43,0,0
2017-10-31,99.43,99.43,99.43,99.43,0,0
2017-11-01,99.43,99.43,99.43,99.43,0,0
2017-11-02,99.43,99.43,99.43,99.43,0,0
2017-11-03,99.43,99.43,99.43,99.43,0,0
2017-11-04,99.43,99.43,99.43,99.43,0,0
2017-11-05,99.43,99.43,99.43,99.43,0,0
2017-11-06,99.43,99.43,99.43,99.43,0,0
2017-11-07,99.43,99.43,99.43,99.43,0,0
2017-11-08,99.43,99.43,99.43,99.43,0,0
2017-11-09,100.32,100.32,100.32,100.32,0,0
2017-11-10,100.32,100.32,100.32,100.32,0,0
2017-11-11,100.32,100.32,100.32,100.32,0,0
2017-11-12,100.32,100.32,100.32,100.32,0,0
2017-11-13,100.32,100.32,100.32,100.32,0,0
2017-11-14,100.32,100.32,100.32,100.32,0,0
2017-11-15,100.32,100.32,100.32,100.32,0,0
2017-11-16,100.32,100.32,100.32,100.32,0,0
2017-11-17,100.32,100.32,100.32,100.32,0,0
2017-11-18,100.32,100.32,100.32,100.32,0,0
2017-11-19,100.32,100.32,100.32,100.32,0,0
2017-11-20,100.32,100.32,100.32,100.32,0,0
2017-11-21,100.32,100.32,100.32,100.32,0,0
2017-11-22,100.32,100.32,100.32,100.32,0,0
2017-11-23,100.32,100.32,100.32,100.32,0,0
2017-11-24,100.32,100.32,100.32,100.32,0,0
2017-11-25,100.32,100.32,100.32,100.32,0,0
2017-11-26,100.32,100.32,100.32,100.32,0,0
2017-11-27,100.32,100.32,100.32,100.32,0,0
2017-11-28,100.32,100.32,100.32,100.32,0,0
2017-11-29,100.32,100.32,100.32,100.32,0,0
2017-11-30,100.32,100.32,100.32,100.32,0,0
2017-12-01,100.32,100.32,100.32,100.32,0,0
2017-12-02,100.32,100.32,100.32,100.32,0,0
2017-12-03,100.32,100.32,100.32,100.32,0,0
2017-12-04,100.32,100.32,100.32,100.32,0,0
2017-12-05,100.32,100.32,100.32,100.32,0,0
2017-12-06,100.32,100.32,100.32,100.32,0,0
2017-12-07,100.08,100.08,100.08,100.08,0,0
2017-12-08,100.08,100.08,100.08,100.08,0,0
2017-12-09,100.08,100.08,100.08,100.08,0,0
2017-12-10,100.08,100.08,100.08,100.08,0,0
2017-12-11,100.08,100.08,100.08,100.08,0,0
2017-12-12,100.08,100.08,100.08,100.08,0,0
2017-12-13,100.08,100.08,100.08,100.08,0,0
2017-12-14,100.08,100.08,100.08,100.08,0,0
2017-12-15,100.08,100.08,100.08,100.08,0,0
2017-12-16,100.08,100.08,100.08,100.08,0,0
2017-12-17,100.08,100.08,100.08,100.08,0,0
2017-12-18,100.08,100.08,100.08,100.08,0,0
2017-12-19,100.08,100.08,100.08,100.08,0,0
2017-12-20,100.08,100.08,100.08,100.08,0,0
2017-12-21,100.08,100.08,100.08,100.08,0,0
2017-12-22,100.08,100.08,100.08,100.08,0,0
2017-12-23,100.08,100.08,100.08,100.08,0,0
2017-12-24,100.08,100.08,100.08,100.08,0,0
2017-12-25,100.08,100.08,100.08,100.08,0,0
2017-12-26,100.08,100.08,100.08,100.08,0,0
2017-12-27,100.08,100.08,100.08,100.08,0,0
2017-12-28,100.08,100.08,100.08,100.08,0,0
2017-12-29,100.08,100.08,100.08,100.08,0,0
2017-12-30,100.08,100.08,100.08,100.08,0,0
2017-12-31,100.08,100.08,100.08,100.08,0,0
2018-01-01,100.08,100.08,100.08,100.08,0,0
2018-01-02,100.08,100.08,100.08,100.08,0,0
2018-01-03,100.08,100.08,100.08,100.08,0,0
2018-01-04,100.08,100.08,100.08,100.08,0,0
2018-01-05,99.12,99.12,99.12,99.12,0,0
2018-01-06,99.12,99.12,99.12,99.12,0,0
2018-01-07,99.12,99.12,99.12,99.12,0,0
2018-01-08,99.12,99.12,99.12,99.12,0,0
2018-01-09,99.12,99.12,99.12,99.12,0,0
2018-01-10,99.12,99.12,99.12,99.12,0,0
2018-01-11,99.12,99.12,99.12,99.12,0,0
2018-01-12,99.12,99.12,99.12,99.12,0,0
2018-01-13,99.12,99.12,99.12,99.12,0,0
2018-01-14,99.12,99.12,99.12,99.12,0,0
2018-01-15,99.12,99.12,99.12,99.12,0,0
2018-01-16,99.12,99.12,99.12,99.12,0,0
2018-01-17,99.12,99.12,99.12,99.12,0,0
2018-01-18,99.12,99.12,99.12,99.12,0,0
2018-01-19,99.12,99.12,99.12,99.12,0,0
2018-01-20,99.12,99.12,99.12,99.12,0,0
2018-01-21,99.12,99.12,99.12,99.12,0,0
2018-01-22,99.12,99.12,99.12,99.12,0,0
2018-01-23,99.12,99.12,99.12,99.12,0,0
2018-01-24,99.12,99.12,99.12,99.12,0,0
2018-01-25,99.12,99.12,99.12,99.12,0,0
2018-01-26,99.12,99.12,99.12,99.12,0,0
2018-01-27,99.12,99.12,99.12,99.12,0,0
2018-01-28,99.12,99.12,99.12,99.12,0,0
2018-01-29,99.12,99.12,99.12,99.12,0,0
2018-01-30,99.12,99.12,99.12,99.12,0,0
2018-01-31,99.12,99.12,99.12,99.12,0,0
2018-02-01,99.12,99.12,99.12,99.12,0,0
2018-02-02,99.12,99.12,99.12,99.12,0,0
2018-02-03,99.12,99.12,99.12,99.12,0,0
2018-02-04,99.12,99.12,99.12,99.12,0,0
2018-02-05,99.12,99.12,99.12,99.12,0,0
2018-02-06,99.12,99.12,99.12,99.12,0,0
2018-02-07,99.12,99.12,99.12,99.12,0,0
2018-02-08,98.52,98.52,98.52,98.52,0,0
2018-02-09,98.52,98.52,98.52,98.52,0,0
2018-02-10,98.52,98.52,98.52,98.52,0,0
2018-02-11,98.52,98.52,98.52,98.52,0,0
2018-02-12,98.52,98.52,98.52,98.52,0,0
2018-02-13,98.52,98.52,98.52,98.52,0,0
2018-02-14,98.52,98.52,98.52,98.52,0,0
2018-02-15,98.52,98.52,98.52,98.52,0,0
2018-02-16,98.52,98.52,98.52,98.52,0,0
2018-02-17,98.52,98.52,98.52,98.52,0,0
2018-02-18,98.52,98.52,98.52,98.52,0,0
2018-02-19,98.52,98.52,98.52,98.52,0,0
2018-02-20,98.52,98.52,98.52,98.52,0,0
2018-02-21,98.52,98.52,98.52,98.52,0,0
2018-02-22,98.52,98.52,98.52,98.52,0,0
2018-02-23,98.52,98.52,98.52,98.52,0,0
2018-02-24,98.52,98.52,98.52,98.52,0,0
2018-02-25,98.52,98.52,98.52,98.52,0,0
2018-02-26,98.52,98.52,98.52,98.52,0,0
2018-02-27,98.52,98.52,98.52,98.52,0,0
2018-02-28,98.52,98.52,98.52,98.52,0,0
2018-03-01,98.52,98.52,98.52,98.52,0,0
2018-03-02,98.52,98.52,98.52,98.52,0,0
2018-03-03,98.52,98.52,98.52,98.52,0,0
2018-03-04,98.52,98.52,98.52,98.52,0,0
2018-03-05,98.52,98.52,98.52,98.52,0,0
2018-03-06,98.52,98.52,98.52,98.52,0,0
2018-03-07,98.52,98.52,98.52,98.52,0,0
2018-03-08,98.71,98.71,98.71,98.71,0,0
2018-03-09,98.71,98.71,98.71,98.71,0,0
2018-03-10,98.71,98.71,98.71,98.71,0,0
2018-03-11,98.71,98.71,98.71,98.71,0,0
2018-03-12,98.71,98.71,98.71,98.71,0,0
2018-03-13,98.71,98.71,98.71,98.71,0,0
2018-03-14,98.71,98.71,98.71,98.71,0,0
2018-03-15,98.71,98.71,98.71,98.71,0,0
2018-03-16,98.71,98.71,98.71,98.71,0,0
2018-03-17,98.71,98.71,98.71,98.71,0,0
2018-03-18,98.71,98.71,98.71,98.71,0,0
2018-03-19,98.71,98.71,98.71,98.71,0,0
2018-03-20,98.71,98.71,98.71,98.71,0,0
2018-03-21,98.71,98.71,98.71,98.71,0,0
2018-03-22,98.71,98.71,98.71,98.71,0,0
2018-03-23,98.71,98.71,98.71,98.71,0,0
2018-03-24,98.71,98.71,98.71,98.71,0,0
2018-03-25,98.71,98.71,98.71,98.71,0,0
2018-03-26,98.71,98.71,98.71,98.71,0,0
2018-03-27,98.71,98.71,98.71,98.71,0,0
2018-03-28,98.71,98.71,98.71,98.71,0,0
2018-03-29,98.71,98.71,98.71,98.71,0,0
2018-03-30,98.71,98.71,98.71,98.71,0,0
