Date,Open,High,Low,Close,Volume,OpenInt
2015-03-02,58.49,58.49,58.49,58.49,0,0
2015-03-03,58.5,58.5,58.5,58.5,0,0
2015-03-04,58.55,58.55,58.55,58.55,0,0
2015-03-05,58.57,58.57,58.57,58.57,0,0
2015-03-06,58.58,58.58,58.58,58.58,0,0
2015-03-09,58.56,58.56,58.56,58.56,0,0
2015-03-10,58.56,58.56,58.56,58.56,0,0
2015-03-11,58.57,58.57,58.57,58.57,0,0
2015-03-12,58.6,58.6,58.6,58.6,0,0
2015-03-13,58.62,58.62,58.62,58.62,0,0
2015-03-16,58.63,58.63,58.63,58.63,0,0
2015-03-17,58.62,58.62,58.62,58.62,0,0
2015-03-18,58.61,58.61,58.61,58.61,0,0
2015-03-19,58.61,58.61,58.61,58.61,0,0
2015-03-20,58.64,58.64,58.64,58.64,0,0
2015-03-23,58.64,58.64,58.64,58.64,0,0
2015-03-24,58.63,58.63,58.63,58.63,0,0
2015-03-25,58.63,58.63,58.63,58.63,0,0
2015-03-26,58.61,58.61,58.61,58.61,0,0
2015-03-27,58.65,58.65,58.65,58.65,0,0
2015-03-30,58.66,58.66,58.66,58.66,0,0
2015-03-31,58.67,58.67,58.67,58.67,0,0
2015-04-01,58.68,58.68,58.68,58.68,0,0
2015-04-02,58.68,58.68,58.68,58.68,0,0
2015-04-07,58.71,58.71,58.71,58.71,0,0
2015-04-08,58.72,58.72,58.72,58.72,0,0
2015-04-09,58.75,58.75,58.75,58.75,0,0
2015-04-10,58.77,58.77,58.77,58.77,0,0
2015-04-13,58.78,58.78,58.78,58.78,0,0
2015-04-14,58.78,58.78,58.78,58.78,0,0
2015-04-15,58.76,58.76,58.76,58.76,0,0
2015-04-16,58.75,58.75,58.75,58.75,0,0
2015-04-17,58.73,58.73,58.73,58.73,0,0
2015-04-20,58.74,58.74,58.74,58.74,0,0
2015-04-21,58.74,58.74,58.74,58.74,0,0
2015-04-22,58.73,58.73,58.73,58.73,0,0
2015-04-23,58.75,58.75,58.75,58.75,0,0
2015-04-24,58.73,58.73,58.73,58.73,0,0
2015-04-27,58.76,58.76,58.76,58.76,0,0
2015-04-28,58.77,58.77,58.77,58.77,0,0
2015-04-29,58.76,58.76,58.76,58.76,0,0
2015-04-30,58.73,58.73,58.73,58.73,0,0
2015-05-04,58.76,58.76,58.76,58.76,0,0
2015-05-05,58.74,58.74,58.74,58.74,0,0
2015-05-06,58.69,58.69,58.69,58.69,0,0
2015-05-07,58.66,58.66,58.66,58.66,0,0
2015-05-08,58.71,58.71,58.71,58.71,0,0
2015-05-11,58.72,58.72,58.72,58.72,0,0
2015-05-12,58.7,58.7,58.7,58.7,0,0
2015-05-13,58.71,58.71,58.71,58.71,0,0
2015-05-14,58.71,58.71,58.71,58.71,0,0
2015-05-15,58.72,58.72,58.72,58.72,0,0
2015-05-18,58.73,58.73,58.73,58.73,0,0
2015-05-19,58.77,58.77,58.77,58.77,0,0
2015-05-20,58.77,58.77,58.77,58.77,0,0
2015-05-21,58.78,58.78,58.78,58.78,0,0
2015-05-22,58.8,58.8,58.8,58.8,0,0
2015-05-25,58.81,58.81,58.81,58.81,0,0
2015-05-26,58.82,58.82,58.82,58.82,0,0
2015-05-27,58.82,58.82,58.82,58.82,0,0
2015-05-28,58.81,58.81,58.81,58.81,0,0
2015-05-29,58.8,58.8,58.8,58.8,0,0
2015-06-01,58.82,58.82,58.82,58.82,0,0
2015-06-02,58.79,58.79,58.79,58.79,0,0
2015-06-03,58.76,58.76,58.76,58.76,0,0
2015-06-05,58.7,58.7,58.7,58.7,0,0
2015-06-08,58.67,58.67,58.67,58.67,0,0
2015-06-09,58.65,58.65,58.65,58.65,0,0
2015-06-10,58.61,58.61,58.61,58.61,0,0
2015-06-11,58.61,58.61,58.61,58.61,0,0
2015-06-12,58.62,58.62,58.62,58.62,0,0
2015-06-15,58.58,58.58,58.58,58.58,0,0
2015-06-16,58.53,58.53,58.53,58.53,0,0
2015-06-17,58.54,58.54,58.54,58.54,0,0
2015-06-18,58.54,58.54,58.54,58.54,0,0
2015-06-19,58.57,58.57,58.57,58.57,0,0
2015-06-22,58.61,58.61,58.61,58.61,0,0
2015-06-23,58.64,58.64,58.64,58.64,0,0
2015-06-24,58.67,58.67,58.67,58.67,0,0
2015-06-25,58.68,58.68,58.68,58.68,0,0
2015-06-26,58.68,58.68,58.68,58.68,0,0
2015-06-29,58.59,58.59,58.59,58.59,0,0
2015-06-30,58.58,58.58,58.58,58.58,0,0
2015-07-01,58.64,58.64,58.64,58.64,0,0
2015-07-02,58.65,58.65,58.65,58.65,0,0
2015-07-03,58.65,58.65,58.65,58.65,0,0
2015-07-06,58.64,58.64,58.64,58.64,0,0
2015-07-07,58.64,58.64,58.64,58.64,0,0
2015-07-08,58.62,58.62,58.62,58.62,0,0
2015-07-09,58.64,58.64,58.64,58.64,0,0
2015-07-10,58.66,58.66,58.66,58.66,0,0
2015-07-13,58.69,58.69,58.69,58.69,0,0
2015-07-14,58.68,58.68,58.68,58.68,0,0
2015-07-15,58.69,58.69,58.69,58.69,0,0
2015-07-16,58.73,58.73,58.73,58.73,0,0
2015-07-17,58.75,58.75,58.75,58.75,0,0
2015-07-20,58.76,58.76,58.76,58.76,0,0
2015-07-21,58.76,58.76,58.76,58.76,0,0
2015-07-22,58.74,58.74,58.74,58.74,0,0
2015-07-23,58.75,58.75,58.75,58.75,0,0
2015-07-24,58.76,58.76,58.76,58.76,0,0
2015-07-27,58.74,58.74,58.74,58.74,0,0
2015-07-28,58.7,58.7,58.7,58.7,0,0
2015-07-29,58.7,58.7,58.7,58.7,0,0
2015-07-30,58.74,58.74,58.74,58.74,0,0
2015-07-31,58.74,58.74,58.74,58.74,0,0
2015-08-03,58.75,58.75,58.75,58.75,0,0
2015-08-04,58.75,58.75,58.75,58.75,0,0
2015-08-05,58.75,58.75,58.75,58.75,0,0
2015-08-06,58.73,58.73,58.73,58.73,0,0
2015-08-07,58.74,58.74,58.74,58.74,0,0
2015-08-10,58.73,58.73,58.73,58.73,0,0
2015-08-11,58.74,58.74,58.74,58.74,0,0
2015-08-12,58.72,58.72,58.72,58.72,0,0
2015-08-13,58.71,58.71,58.71,58.71,0,0
2015-08-14,58.7,58.7,58.7,58.7,0,0
2015-08-17,58.71,58.71,58.71,58.71,0,0
2015-08-18,58.68,58.68,58.68,58.68,0,0
2015-08-19,58.69,58.69,58.69,58.69,0,0
2015-08-20,58.65,58.65,58.65,58.65,0,0
2015-08-21,58.61,58.61,58.61,58.61,0,0
2015-08-24,58.53,58.53,58.53,58.53,0,0
2015-08-25,58.5,58.5,58.5,58.5,0,0
2015-08-26,58.52,58.52,58.52,58.52,0,0
2015-08-27,58.58,58.58,58.58,58.58,0,0
2015-08-28,58.6,58.6,58.6,58.6,0,0
2015-08-31,58.6,58.6,58.6,58.6,0,0
2015-09-01,58.58,58.58,58.58,58.58,0,0
2015-09-02,58.57,58.57,58.57,58.57,0,0
2015-09-03,58.58,58.58,58.58,58.58,0,0
2015-09-04,58.62,58.62,58.62,58.62,0,0
2015-09-07,58.6,58.6,58.6,58.6,0,0
2015-09-08,58.6,58.6,58.6,58.6,0,0
2015-09-09,58.61,58.61,58.61,58.61,0,0
2015-09-10,58.58,58.58,58.58,58.58,0,0
2015-09-11,58.52,58.52,58.52,58.52,0,0
2015-09-14,58.53,58.53,58.53,58.53,0,0
2015-09-15,58.52,58.52,58.52,58.52,0,0
2015-09-16,58.51,58.51,58.51,58.51,0,0
2015-09-17,58.49,58.49,58.49,58.49,0,0
2015-09-18,58.54,58.54,58.54,58.54,0,0
2015-09-21,58.54,58.54,58.54,58.54,0,0
2015-09-22,58.54,58.54,58.54,58.54,0,0
2015-09-23,58.53,58.53,58.53,58.53,0,0
2015-09-24,58.5,58.5,58.5,58.5,0,0
2015-09-25,58.49,58.49,58.49,58.49,0,0
2015-09-28,58.46,58.46,58.46,58.46,0,0
2015-09-29,58.38,58.38,58.38,58.38,0,0
2015-09-30,58.37,58.37,58.37,58.37,0,0
2015-10-01,58.37,58.37,58.37,58.37,0,0
2015-10-02,58.38,58.38,58.38,58.38,0,0
2015-10-05,58.42,58.42,58.42,58.42,0,0
2015-10-06,58.44,58.44,58.44,58.44,0,0
2015-10-07,58.48,58.48,58.48,58.48,0,0
2015-10-08,58.51,58.51,58.51,58.51,0,0
2015-10-09,58.52,58.52,58.52,58.52,0,0
2015-10-12,58.52,58.52,58.52,58.52,0,0
2015-10-13,58.51,58.51,58.51,58.51,0,0
2015-10-14,58.51,58.51,58.51,58.51,0,0
2015-10-15,58.53,58.53,58.53,58.53,0,0
2015-10-16,58.54,58.54,58.54,58.54,0,0
2015-10-19,58.57,58.57,58.57,58.57,0,0
2015-10-20,58.59,58.59,58.59,58.59,0,0
2015-10-21,58.6,58.6,58.6,58.6,0,0
2015-10-22,58.61,58.61,58.61,58.61,0,0
2015-10-23,58.66,58.66,58.66,58.66,0,0
2015-10-26,58.7,58.7,58.7,58.7,0,0
2015-10-27,58.71,58.71,58.71,58.71,0,0
2015-10-28,58.72,58.72,58.72,58.72,0,0
2015-10-29,58.72,58.72,58.72,58.72,0,0
2015-10-30,58.72,58.72,58.72,58.72,0,0
2015-11-02,58.73,58.73,58.73,58.73,0,0
2015-11-03,58.76,58.76,58.76,58.76,0,0
2015-11-04,58.78,58.78,58.78,58.78,0,0
2015-11-05,58.77,58.77,58.77,58.77,0,0
2015-11-06,58.79,58.79,58.79,58.79,0,0
2015-11-09,58.79,58.79,58.79,58.79,0,0
2015-11-10,58.78,58.78,58.78,58.78,0,0
2015-11-12,58.79,58.79,58.79,58.79,0,0
2015-11-13,58.79,58.79,58.79,58.79,0,0
2015-11-16,58.78,58.78,58.78,58.78,0,0
2015-11-17,58.81,58.81,58.81,58.81,0,0
2015-11-18,58.8,58.8,58.8,58.8,0,0
2015-11-19,58.81,58.81,58.81,58.81,0,0
2015-11-20,58.82,58.82,58.82,58.82,0,0
2015-11-23,58.83,58.83,58.83,58.83,0,0
2015-11-24,58.83,58.83,58.83,58.83,0,0
2015-11-25,58.81,58.81,58.81,58.81,0,0
2015-11-26,58.82,58.82,58.82,58.82,0,0
2015-11-27,58.83,58.83,58.83,58.83,0,0
2015-11-30,58.84,58.84,58.84,58.84,0,0
2015-12-01,58.95,58.95,58.95,58.95,0,0
2015-12-02,58.97,58.97,58.97,58.97,0,0
2015-12-03,58.94,58.94,58.94,58.94,0,0
2015-12-04,58.87,58.87,58.87,58.87,0,0
2015-12-07,58.88,58.88,58.88,58.88,0,0
2015-12-08,58.86,58.86,58.86,58.86,0,0
2015-12-09,58.85,58.85,58.85,58.85,0,0
2015-12-10,58.85,58.85,58.85,58.85,0,0
2015-12-11,58.77,58.77,58.77,58.77,0,0
2015-12-14,58.65,58.65,58.65,58.65,0,0
2015-12-15,58.64,58.64,58.64,58.64,0,0
2015-12-16,58.64,58.64,58.64,58.64,0,0
2015-12-17,58.69,58.69,58.69,58.69,0,0
2015-12-18,58.68,58.68,58.68,58.68,0,0
2015-12-21,58.69,58.69,58.69,58.69,0,0
2015-12-22,58.69,58.69,58.69,58.69,0,0
2015-12-23,58.7,58.7,58.7,58.7,0,0
2015-12-28,58.67,58.67,58.67,58.67,0,0
2015-12-29,58.77,58.77,58.77,58.77,0,0
2015-12-30,58.81,58.81,58.81,58.81,0,0
2016-01-04,58.75,58.75,58.75,58.75,0,0
2016-01-05,58.83,58.83,58.83,58.83,0,0
2016-01-07,58.84,58.84,58.84,58.84,0,0
2016-01-08,58.83,58.83,58.83,58.83,0,0
2016-01-11,58.81,58.81,58.81,58.81,0,0
2016-01-12,58.81,58.81,58.81,58.81,0,0
2016-01-13,58.8,58.8,58.8,58.8,0,0
2016-01-14,58.75,58.75,58.75,58.75,0,0
2016-01-15,58.71,58.71,58.71,58.71,0,0
2016-01-18,58.61,58.61,58.61,58.61,0,0
2016-01-19,58.62,58.62,58.62,58.62,0,0
2016-01-20,58.54,58.54,58.54,58.54,0,0
2016-01-21,58.52,58.52,58.52,58.52,0,0
2016-01-22,58.56,58.56,58.56,58.56,0,0
2016-01-25,58.59,58.59,58.59,58.59,0,0
2016-01-26,58.57,58.57,58.57,58.57,0,0
2016-01-27,58.58,58.58,58.58,58.58,0,0
2016-01-28,58.6,58.6,58.6,58.6,0,0
2016-01-29,58.58,58.58,58.58,58.58,0,0
2016-02-01,58.63,58.63,58.63,58.63,0,0
2016-02-02,58.6,58.6,58.6,58.6,0,0
2016-02-03,58.56,58.56,58.56,58.56,0,0
2016-02-04,58.56,58.56,58.56,58.56,0,0
2016-02-05,58.56,58.56,58.56,58.56,0,0
2016-02-08,58.49,58.49,58.49,58.49,0,0
2016-02-09,58.46,58.46,58.46,58.46,0,0
2016-02-10,58.45,58.45,58.45,58.45,0,0
2016-02-11,58.35,58.35,58.35,58.35,0,0
2016-02-12,58.35,58.35,58.35,58.35,0,0
2016-02-15,58.41,58.41,58.41,58.41,0,0
2016-02-16,58.44,58.44,58.44,58.44,0,0
2016-02-17,58.49,58.49,58.49,58.49,0,0
2016-02-18,58.56,58.56,58.56,58.56,0,0
2016-02-19,58.56,58.56,58.56,58.56,0,0
2016-02-22,58.58,58.58,58.58,58.58,0,0
2016-02-23,58.62,58.62,58.62,58.62,0,0
2016-02-24,58.6,58.6,58.6,58.6,0,0
2016-02-25,58.63,58.63,58.63,58.63,0,0
2016-02-26,58.66,58.66,58.66,58.66,0,0
2016-02-29,58.67,58.67,58.67,58.67,0,0
2016-03-01,58.69,58.69,58.69,58.69,0,0
2016-03-02,58.7,58.7,58.7,58.7,0,0
2016-03-03,58.73,58.73,58.73,58.73,0,0
2016-03-04,58.76,58.76,58.76,58.76,0,0
2016-03-07,58.79,58.79,58.79,58.79,0,0
2016-03-08,58.79,58.79,58.79,58.79,0,0
2016-03-09,58.79,58.79,58.79,58.79,0,0
2016-03-10,58.84,58.84,58.84,58.84,0,0
2016-03-11,58.96,58.96,58.96,58.96,0,0
2016-03-14,59,59,59,59,0,0
2016-03-15,59,59,59,59,0,0
2016-03-16,58.96,58.96,58.96,58.96,0,0
2016-03-17,58.97,58.97,58.97,58.97,0,0
2016-03-18,58.98,58.98,58.98,58.98,0,0
2016-03-21,59.02,59.02,59.02,59.02,0,0
2016-03-22,59.03,59.03,59.03,59.03,0,0
2016-03-23,59.02,59.02,59.02,59.02,0,0
2016-03-24,59.03,59.03,59.03,59.03,0,0
2016-03-29,59.04,59.04,59.04,59.04,0,0
2016-03-30,59.04,59.04,59.04,59.04,0,0
2016-03-31,59.08,59.08,59.08,59.08,0,0
2016-04-01,59.09,59.09,59.09,59.09,0,0
2016-04-04,59.13,59.13,59.13,59.13,0,0
2016-04-05,59.1,59.1,59.1,59.1,0,0
2016-04-06,59.1,59.1,59.1,59.1,0,0
2016-04-07,59.13,59.13,59.13,59.13,0,0
2016-04-08,59.14,59.14,59.14,59.14,0,0
2016-04-11,59.16,59.16,59.16,59.16,0,0
2016-04-12,59.16,59.16,59.16,59.16,0,0
2016-04-13,59.2,59.2,59.2,59.2,0,0
2016-04-14,59.23,59.23,59.23,59.23,0,0
2016-04-15,59.24,59.24,59.24,59.24,0,0
2016-04-18,59.24,59.24,59.24,59.24,0,0
2016-04-19,59.28,59.28,59.28,59.28,0,0
2016-04-20,59.32,59.32,59.32,59.32,0,0
2016-04-21,59.32,59.32,59.32,59.32,0,0
2016-04-22,59.38,59.38,59.38,59.38,0,0
2016-04-25,59.37,59.37,59.37,59.37,0,0
2016-04-26,59.41,59.41,59.41,59.41,0,0
2016-04-27,59.4,59.4,59.4,59.4,0,0
2016-04-28,59.39,59.39,59.39,59.39,0,0
2016-04-29,59.4,59.4,59.4,59.4,0,0
2016-05-02,59.44,59.44,59.44,59.44,0,0
2016-05-04,59.38,59.38,59.38,59.38,0,0
2016-05-05,59.35,59.35,59.35,59.35,0,0
2016-05-06,59.35,59.35,59.35,59.35,0,0
2016-05-09,59.37,59.37,59.37,59.37,0,0
2016-05-10,59.37,59.37,59.37,59.37,0,0
2016-05-11,59.35,59.35,59.35,59.35,0,0
2016-05-12,59.39,59.39,59.39,59.39,0,0
2016-05-13,59.38,59.38,59.38,59.38,0,0
2016-05-16,59.4,59.4,59.4,59.4,0,0
2016-05-17,59.4,59.4,59.4,59.4,0,0
2016-05-18,59.39,59.39,59.39,59.39,0,0
2016-05-19,59.43,59.43,59.43,59.43,0,0
2016-05-20,59.41,59.41,59.41,59.41,0,0
2016-05-23,59.46,59.46,59.46,59.46,0,0
2016-05-24,59.42,59.42,59.42,59.42,0,0
2016-05-25,59.5,59.5,59.5,59.5,0,0
2016-05-27,59.51,59.51,59.51,59.51,0,0
2016-05-30,59.53,59.53,59.53,59.53,0,0
2016-05-31,59.53,59.53,59.53,59.53,0,0
2016-06-01,59.53,59.53,59.53,59.53,0,0
2016-06-02,59.54,59.54,59.54,59.54,0,0
2016-06-03,59.56,59.56,59.56,59.56,0,0
2016-06-06,59.59,59.59,59.59,59.59,0,0
2016-06-07,59.62,59.62,59.62,59.62,0,0
2016-06-08,59.66,59.66,59.66,59.66,0,0
2016-06-09,59.68,59.68,59.68,59.68,0,0
2016-06-10,59.66,59.66,59.66,59.66,0,0
2016-06-13,59.63,59.63,59.63,59.63,0,0
2016-06-14,59.59,59.59,59.59,59.59,0,0
2016-06-15,59.58,59.58,59.58,59.58,0,0
2016-06-16,59.56,59.56,59.56,59.56,0,0
2016-06-17,59.55,59.55,59.55,59.55,0,0
2016-06-20,59.68,59.68,59.68,59.68,0,0
2016-06-21,59.71,59.71,59.71,59.71,0,0
2016-06-22,59.72,59.72,59.72,59.72,0,0
2016-06-23,59.76,59.76,59.76,59.76,0,0
2016-06-24,59.52,59.52,59.52,59.52,0,0
2016-06-27,59.55,59.55,59.55,59.55,0,0
2016-06-28,59.58,59.58,59.58,59.58,0,0
2016-06-29,59.68,59.68,59.68,59.68,0,0
2016-06-30,59.74,59.74,59.74,59.74,0,0
2016-07-01,59.79,59.79,59.79,59.79,0,0
2016-07-04,59.82,59.82,59.82,59.82,0,0
2016-07-05,59.83,59.83,59.83,59.83,0,0
2016-07-06,59.83,59.83,59.83,59.83,0,0
2016-07-07,59.85,59.85,59.85,59.85,0,0
2016-07-08,59.89,59.89,59.89,59.89,0,0
2016-07-11,59.95,59.95,59.95,59.95,0,0
2016-07-12,59.98,59.98,59.98,59.98,0,0
2016-07-13,60.02,60.02,60.02,60.02,0,0
2016-07-14,60.05,60.05,60.05,60.05,0,0
2016-07-15,60.04,60.04,60.04,60.04,0,0
2016-07-18,59.98,59.98,59.98,59.98,0,0
2016-07-19,59.82,59.82,59.82,59.82,0,0
2016-07-20,59.71,59.71,59.71,59.71,0,0
2016-07-21,59.68,59.68,59.68,59.68,0,0
2016-07-22,59.82,59.82,59.82,59.82,0,0
2016-07-25,59.9,59.9,59.9,59.9,0,0
2016-07-26,59.88,59.88,59.88,59.88,0,0
2016-07-27,59.9,59.9,59.9,59.9,0,0
2016-07-28,59.91,59.91,59.91,59.91,0,0
2016-07-29,59.91,59.91,59.91,59.91,0,0
2016-08-01,60,60,60,60,0,0
2016-08-02,60,60,60,60,0,0
2016-08-03,60,60,60,60,0,0
2016-08-04,60.04,60.04,60.04,60.04,0,0
2016-08-05,60.09,60.09,60.09,60.09,0,0
2016-08-08,60.18,60.18,60.18,60.18,0,0
2016-08-09,60.21,60.21,60.21,60.21,0,0
2016-08-10,60.26,60.26,60.26,60.26,0,0
2016-08-11,60.28,60.28,60.28,60.28,0,0
2016-08-12,60.32,60.32,60.32,60.32,0,0
2016-08-16,60.37,60.37,60.37,60.37,0,0
2016-08-17,60.34,60.34,60.34,60.34,0,0
2016-08-18,60.37,60.37,60.37,60.37,0,0
2016-08-19,60.36,60.36,60.36,60.36,0,0
2016-08-22,60.36,60.36,60.36,60.36,0,0
2016-08-23,60.36,60.36,60.36,60.36,0,0
2016-08-24,60.41,60.41,60.41,60.41,0,0
2016-08-25,60.42,60.42,60.42,60.42,0,0
2016-08-26,60.44,60.44,60.44,60.44,0,0
2016-08-29,60.45,60.45,60.45,60.45,0,0
2016-08-30,60.47,60.47,60.47,60.47,0,0
2016-08-31,60.48,60.48,60.48,60.48,0,0
2016-09-01,60.48,60.48,60.48,60.48,0,0
2016-09-02,60.46,60.46,60.46,60.46,0,0
2016-09-05,60.48,60.48,60.48,60.48,0,0
2016-09-06,60.52,60.52,60.52,60.52,0,0
2016-09-07,60.59,60.59,60.59,60.59,0,0
2016-09-08,60.59,60.59,60.59,60.59,0,0
2016-09-09,60.53,60.53,60.53,60.53,0,0
2016-09-12,60.45,60.45,60.45,60.45,0,0
2016-09-13,60.48,60.48,60.48,60.48,0,0
2016-09-14,60.41,60.41,60.41,60.41,0,0
2016-09-15,60.41,60.41,60.41,60.41,0,0
2016-09-16,60.4,60.4,60.4,60.4,0,0
2016-09-19,60.36,60.36,60.36,60.36,0,0
2016-09-20,60.42,60.42,60.42,60.42,0,0
2016-09-21,60.41,60.41,60.41,60.41,0,0
2016-09-22,60.5,60.5,60.5,60.5,0,0
2016-09-23,60.54,60.54,60.54,60.54,0,0
2016-09-26,60.48,60.48,60.48,60.48,0,0
2016-09-27,60.48,60.48,60.48,60.48,0,0
2016-09-28,60.5,60.5,60.5,60.5,0,0
2016-09-29,60.51,60.51,60.51,60.51,0,0
2016-09-30,60.51,60.51,60.51,60.51,0,0
2016-10-03,60.54,60.54,60.54,60.54,0,0
2016-10-04,60.58,60.58,60.58,60.58,0,0
2016-10-05,60.56,60.56,60.56,60.56,0,0
2016-10-06,60.56,60.56,60.56,60.56,0,0
2016-10-07,60.55,60.55,60.55,60.55,0,0
2016-10-10,60.57,60.57,60.57,60.57,0,0
2016-10-11,60.56,60.56,60.56,60.56,0,0
2016-10-12,60.57,60.57,60.57,60.57,0,0
2016-10-13,60.58,60.58,60.58,60.58,0,0
2016-10-14,60.58,60.58,60.58,60.58,0,0
2016-10-17,60.59,60.59,60.59,60.59,0,0
2016-10-18,60.6,60.6,60.6,60.6,0,0
2016-10-19,60.62,60.62,60.62,60.62,0,0
2016-10-20,60.67,60.67,60.67,60.67,0,0
2016-10-21,60.67,60.67,60.67,60.67,0,0
2016-10-24,60.7,60.7,60.7,60.7,0,0
2016-10-25,60.7,60.7,60.7,60.7,0,0
2016-10-26,60.67,60.67,60.67,60.67,0,0
2016-10-27,60.64,60.64,60.64,60.64,0,0
2016-10-28,60.61,60.61,60.61,60.61,0,0
2016-10-31,60.6,60.6,60.6,60.6,0,0
2016-11-02,60.59,60.59,60.59,60.59,0,0
2016-11-03,60.56,60.56,60.56,60.56,0,0
2016-11-04,60.53,60.53,60.53,60.53,0,0
2016-11-07,60.58,60.58,60.58,60.58,0,0
2016-11-08,60.59,60.59,60.59,60.59,0,0
2016-11-09,60.56,60.56,60.56,60.56,0,0
2016-11-10,60.47,60.47,60.47,60.47,0,0
2016-11-14,60.19,60.19,60.19,60.19,0,0
2016-11-15,60.26,60.26,60.26,60.26,0,0
2016-11-16,60.28,60.28,60.28,60.28,0,0
2016-11-17,60.3,60.3,60.3,60.3,0,0
2016-11-18,60.25,60.25,60.25,60.25,0,0
2016-11-21,60.26,60.26,60.26,60.26,0,0
2016-11-22,60.35,60.35,60.35,60.35,0,0
2016-11-23,60.28,60.28,60.28,60.28,0,0
2016-11-24,60.31,60.31,60.31,60.31,0,0
2016-11-25,60.31,60.31,60.31,60.31,0,0
2016-11-28,60.31,60.31,60.31,60.31,0,0
2016-11-29,60.34,60.34,60.34,60.34,0,0
2016-11-30,60.33,60.33,60.33,60.33,0,0
2016-12-01,60.29,60.29,60.29,60.29,0,0
2016-12-02,60.24,60.24,60.24,60.24,0,0
2016-12-05,60.26,60.26,60.26,60.26,0,0
2016-12-06,60.31,60.31,60.31,60.31,0,0
2016-12-07,60.38,60.38,60.38,60.38,0,0
2016-12-08,60.4,60.4,60.4,60.4,0,0
2016-12-09,60.36,60.36,60.36,60.36,0,0
2016-12-12,60.37,60.37,60.37,60.37,0,0
2016-12-13,60.41,60.41,60.41,60.41,0,0
2016-12-14,60.45,60.45,60.45,60.45,0,0
2016-12-15,60.42,60.42,60.42,60.42,0,0
2016-12-16,60.43,60.43,60.43,60.43,0,0
2016-12-19,60.47,60.47,60.47,60.47,0,0
2016-12-20,60.47,60.47,60.47,60.47,0,0
2016-12-21,60.52,60.52,60.52,60.52,0,0
2016-12-22,60.51,60.51,60.51,60.51,0,0
2016-12-23,60.52,60.52,60.52,60.52,0,0
2016-12-27,60.54,60.54,60.54,60.54,0,0
2016-12-28,60.55,60.55,60.55,60.55,0,0
2016-12-29,60.56,60.56,60.56,60.56,0,0
2016-12-30,60.57,60.57,60.57,60.57,0,0
2017-01-02,60.48,60.48,60.48,60.48,0,0
2017-01-03,60.51,60.51,60.51,60.51,0,0
2017-01-04,60.56,60.56,60.56,60.56,0,0
2017-01-05,60.6,60.6,60.6,60.6,0,0
2017-01-09,60.55,60.55,60.55,60.55,0,0
2017-01-10,60.53,60.53,60.53,60.53,0,0
2017-01-11,60.5,60.5,60.5,60.5,0,0
2017-01-12,60.52,60.52,60.52,60.52,0,0
2017-01-13,60.55,60.55,60.55,60.55,0,0
2017-01-16,60.57,60.57,60.57,60.57,0,0
2017-01-17,60.61,60.61,60.61,60.61,0,0
2017-01-18,60.63,60.63,60.63,60.63,0,0
2017-01-19,60.61,60.61,60.61,60.61,0,0
2017-01-20,60.61,60.61,60.61,60.61,0,0
2017-01-23,60.65,60.65,60.65,60.65,0,0
2017-01-24,60.68,60.68,60.68,60.68,0,0
2017-01-25,60.68,60.68,60.68,60.68,0,0
2017-01-26,60.68,60.68,60.68,60.68,0,0
2017-01-27,60.68,60.68,60.68,60.68,0,0
2017-01-30,60.67,60.67,60.67,60.67,0,0
2017-01-31,60.68,60.68,60.68,60.68,0,0
2017-02-01,60.7,60.7,60.7,60.7,0,0
2017-02-02,60.74,60.74,60.74,60.74,0,0
2017-02-03,60.79,60.79,60.79,60.79,0,0
2017-02-06,60.8,60.8,60.8,60.8,0,0
2017-02-07,60.83,60.83,60.83,60.83,0,0
2017-02-08,60.84,60.84,60.84,60.84,0,0
2017-02-09,60.88,60.88,60.88,60.88,0,0
2017-02-10,60.88,60.88,60.88,60.88,0,0
2017-02-13,60.9,60.9,60.9,60.9,0,0
2017-02-14,60.93,60.93,60.93,60.93,0,0
2017-02-15,60.94,60.94,60.94,60.94,0,0
2017-02-16,60.98,60.98,60.98,60.98,0,0
2017-02-17,61,61,61,61,0,0
2017-02-20,61,61,61,61,0,0
2017-02-21,61.01,61.01,61.01,61.01,0,0
2017-02-22,61.03,61.03,61.03,61.03,0,0
2017-02-23,61.06,61.06,61.06,61.06,0,0
2017-02-24,61.07,61.07,61.07,61.07,0,0
2017-02-27,61.08,61.08,61.08,61.08,0,0
2017-02-28,61.1,61.1,61.1,61.1,0,0
2017-03-01,61.1,61.1,61.1,61.1,0,0
2017-03-02,61.11,61.11,61.11,61.11,0,0
2017-03-03,61.12,61.12,61.12,61.12,0,0
2017-03-06,61.13,61.13,61.13,61.13,0,0
2017-03-07,61.14,61.14,61.14,61.14,0,0
2017-03-08,61.11,61.11,61.11,61.11,0,0
2017-03-09,61.09,61.09,61.09,61.09,0,0
2017-03-10,61.06,61.06,61.06,61.06,0,0
2017-03-13,61.07,61.07,61.07,61.07,0,0
2017-03-14,61.03,61.03,61.03,61.03,0,0
2017-03-15,61.03,61.03,61.03,61.03,0,0
2017-03-16,61.08,61.08,61.08,61.08,0,0
2017-03-17,61.1,61.1,61.1,61.1,0,0
2017-03-20,61.1,61.1,61.1,61.1,0,0
2017-03-21,61.12,61.12,61.12,61.12,0,0
2017-03-22,61.13,61.13,61.13,61.13,0,0
2017-03-23,61.14,61.14,61.14,61.14,0,0
2017-03-24,61.16,61.16,61.16,61.16,0,0
2017-03-27,61.17,61.17,61.17,61.17,0,0
2017-03-28,61.18,61.18,61.18,61.18,0,0
2017-03-29,61.19,61.19,61.19,61.19,0,0
2017-03-30,61.2,61.2,61.2,61.2,0,0
2017-03-31,61.21,61.21,61.21,61.21,0,0
2017-04-03,61.24,61.24,61.24,61.24,0,0
2017-04-04,61.24,61.24,61.24,61.24,0,0
2017-04-05,61.24,61.24,61.24,61.24,0,0
2017-04-06,61.25,61.25,61.25,61.25,0,0
2017-04-07,61.27,61.27,61.27,61.27,0,0
2017-04-10,61.28,61.28,61.28,61.28,0,0
2017-04-11,61.29,61.29,61.29,61.29,0,0
2017-04-12,61.3,61.3,61.3,61.3,0,0
2017-04-13,61.31,61.31,61.31,61.31,0,0
2017-04-18,61.31,61.31,61.31,61.31,0,0
2017-04-19,61.33,61.33,61.33,61.33,0,0
2017-04-20,61.36,61.36,61.36,61.36,0,0
2017-04-21,61.37,61.37,61.37,61.37,0,0
2017-04-24,61.42,61.42,61.42,61.42,0,0
2017-04-25,61.44,61.44,61.44,61.44,0,0
2017-04-26,61.46,61.46,61.46,61.46,0,0
2017-04-27,61.5,61.5,61.5,61.5,0,0
2017-04-28,61.51,61.51,61.51,61.51,0,0
2017-05-02,61.54,61.54,61.54,61.54,0,0
2017-05-04,61.58,61.58,61.58,61.58,0,0
2017-05-05,61.58,61.58,61.58,61.58,0,0
2017-05-08,61.59,61.59,61.59,61.59,0,0
2017-05-09,61.59,61.59,61.59,61.59,0,0
2017-05-10,61.61,61.61,61.61,61.61,0,0
2017-05-11,61.63,61.63,61.63,61.63,0,0
2017-05-12,61.63,61.63,61.63,61.63,0,0
2017-05-15,61.64,61.64,61.64,61.64,0,0
2017-05-16,61.67,61.67,61.67,61.67,0,0
2017-05-17,61.69,61.69,61.69,61.69,0,0
2017-05-18,61.65,61.65,61.65,61.65,0,0
2017-05-19,61.66,61.66,61.66,61.66,0,0
2017-05-22,61.66,61.66,61.66,61.66,0,0
2017-05-23,61.68,61.68,61.68,61.68,0,0
2017-05-24,61.69,61.69,61.69,61.69,0,0
2017-05-25,61.72,61.72,61.72,61.72,0,0
2017-05-26,61.75,61.75,61.75,61.75,0,0
2017-05-29,61.75,61.75,61.75,61.75,0,0
2017-05-30,61.76,61.76,61.76,61.76,0,0
2017-05-31,61.8,61.8,61.8,61.8,0,0
2017-06-01,61.81,61.81,61.81,61.81,0,0
2017-06-02,61.84,61.84,61.84,61.84,0,0
2017-06-05,61.83,61.83,61.83,61.83,0,0
2017-06-06,61.86,61.86,61.86,61.86,0,0
2017-06-07,61.88,61.88,61.88,61.88,0,0
2017-06-08,61.88,61.88,61.88,61.88,0,0
2017-06-09,61.89,61.89,61.89,61.89,0,0
2017-06-12,61.9,61.9,61.9,61.9,0,0
2017-06-13,61.9,61.9,61.9,61.9,0,0
2017-06-14,61.95,61.95,61.95,61.95,0,0
2017-06-16,61.96,61.96,61.96,61.96,0,0
2017-06-19,61.96,61.96,61.96,61.96,0,0
2017-06-20,61.97,61.97,61.97,61.97,0,0
2017-06-21,61.96,61.96,61.96,61.96,0,0
2017-06-22,61.95,61.95,61.95,61.95,0,0
2017-06-23,61.95,61.95,61.95,61.95,0,0
2017-06-26,61.99,61.99,61.99,61.99,0,0
2017-06-27,61.96,61.96,61.96,61.96,0,0
2017-06-28,61.92,61.92,61.92,61.92,0,0
2017-06-29,61.89,61.89,61.89,61.89,0,0
2017-06-30,61.88,61.88,61.88,61.88,0,0
2017-07-03,61.9,61.9,61.9,61.9,0,0
2017-07-04,61.92,61.92,61.92,61.92,0,0
2017-07-05,61.91,61.91,61.91,61.91,0,0
2017-07-06,61.87,61.87,61.87,61.87,0,0
2017-07-07,61.83,61.83,61.83,61.83,0,0
2017-07-10,61.84,61.84,61.84,61.84,0,0
2017-07-11,61.85,61.85,61.85,61.85,0,0
2017-07-12,61.87,61.87,61.87,61.87,0,0
2017-07-13,61.92,61.92,61.92,61.92,0,0
2017-07-14,61.93,61.93,61.93,61.93,0,0
2017-07-17,61.95,61.95,61.95,61.95,0,0
2017-07-18,61.96,61.96,61.96,61.96,0,0
2017-07-19,61.98,61.98,61.98,61.98,0,0
2017-07-20,62.02,62.02,62.02,62.02,0,0
2017-07-21,62.03,62.03,62.03,62.03,0,0
2017-07-24,62.07,62.07,62.07,62.07,0,0
2017-07-25,62.07,62.07,62.07,62.07,0,0
2017-07-26,62.08,62.08,62.08,62.08,0,0
2017-07-27,62.13,62.13,62.13,62.13,0,0
2017-07-28,62.14,62.14,62.14,62.14,0,0
2017-07-31,62.15,62.15,62.15,62.15,0,0
2017-08-01,62.17,62.17,62.17,62.17,0,0
2017-08-02,62.2,62.2,62.2,62.2,0,0
2017-08-03,62.22,62.22,62.22,62.22,0,0
2017-08-04,62.24,62.24,62.24,62.24,0,0
2017-08-07,62.24,62.24,62.24,62.24,0,0
2017-08-08,62.23,62.23,62.23,62.23,0,0
2017-08-09,62.23,62.23,62.23,62.23,0,0
2017-08-10,62.19,62.19,62.19,62.19,0,0
2017-08-11,62.14,62.14,62.14,62.14,0,0
2017-08-14,62.17,62.17,62.17,62.17,0,0
2017-08-16,62.2,62.2,62.2,62.2,0,0
2017-08-17,62.22,62.22,62.22,62.22,0,0
2017-08-18,62.24,62.24,62.24,62.24,0,0
2017-08-21,62.24,62.24,62.24,62.24,0,0
2017-08-22,62.24,62.24,62.24,62.24,0,0
2017-08-23,62.23,62.23,62.23,62.23,0,0
2017-08-24,62.25,62.25,62.25,62.25,0,0
2017-08-25,62.26,62.26,62.26,62.26,0,0
2017-08-28,62.27,62.27,62.27,62.27,0,0
2017-08-29,62.28,62.28,62.28,62.28,0,0
2017-08-30,62.3,62.3,62.3,62.3,0,0
2017-08-31,62.31,62.31,62.31,62.31,0,0
2017-09-01,62.37,62.37,62.37,62.37,0,0
2017-09-04,62.37,62.37,62.37,62.37,0,0
2017-09-05,62.4,62.4,62.4,62.4,0,0
2017-09-06,62.42,62.42,62.42,62.42,0,0
2017-09-07,62.46,62.46,62.46,62.46,0,0
2017-09-08,62.47,62.47,62.47,62.47,0,0
2017-09-11,62.48,62.48,62.48,62.48,0,0
2017-09-12,62.46,62.46,62.46,62.46,0,0
2017-09-13,62.45,62.45,62.45,62.45,0,0
2017-09-14,62.46,62.46,62.46,62.46,0,0
2017-09-15,62.46,62.46,62.46,62.46,0,0
2017-09-18,62.49,62.49,62.49,62.49,0,0
2017-09-19,62.5,62.5,62.5,62.5,0,0
2017-09-20,62.49,62.49,62.49,62.49,0,0
2017-09-21,62.48,62.48,62.48,62.48,0,0
2017-09-22,62.49,62.49,62.49,62.49,0,0
2017-09-25,62.51,62.51,62.51,62.51,0,0
2017-09-26,62.51,62.51,62.51,62.51,0,0
2017-09-27,62.51,62.51,62.51,62.51,0,0
2017-09-28,62.5,62.5,62.5,62.5,0,0
2017-09-29,62.51,62.51,62.51,62.51,0,0
2017-10-02,62.51,62.51,62.51,62.51,0,0
2017-10-03,62.51,62.51,62.51,62.51,0,0
2017-10-04,62.54,62.54,62.54,62.54,0,0
2017-10-05,62.55,62.55,62.55,62.55,0,0
2017-10-06,62.55,62.55,62.55,62.55,0,0
2017-10-09,62.55,62.55,62.55,62.55,0,0
2017-10-10,62.55,62.55,62.55,62.55,0,0
2017-10-11,62.56,62.56,62.56,62.56,0,0
2017-10-12,62.59,62.59,62.59,62.59,0,0
2017-10-13,62.62,62.62,62.62,62.62,0,0
2017-10-16,62.65,62.65,62.65,62.65,0,0
2017-10-17,62.65,62.65,62.65,62.65,0,0
2017-10-18,62.65,62.65,62.65,62.65,0,0
2017-10-19,62.66,62.66,62.66,62.66,0,0
2017-10-20,62.65,62.65,62.65,62.65,0,0
2017-10-23,62.66,62.66,62.66,62.66,0,0
2017-10-24,62.65,62.65,62.65,62.65,0,0
2017-10-25,62.65,62.65,62.65,62.65,0,0
2017-10-26,62.65,62.65,62.65,62.65,0,0
2017-10-27,62.69,62.69,62.69,62.69,0,0
2017-10-30,62.74,62.74,62.74,62.74,0,0
2017-10-31,62.76,62.76,62.76,62.76,0,0
2017-11-02,62.79,62.79,62.79,62.79,0,0
2017-11-03,62.77,62.77,62.77,62.77,0,0
2017-11-06,62.79,62.79,62.79,62.79,0,0
2017-11-07,62.79,62.79,62.79,62.79,0,0
2017-11-08,62.79,62.79,62.79,62.79,0,0
2017-11-09,62.77,62.77,62.77,62.77,0,0
2017-11-10,62.73,62.73,62.73,62.73,0,0
2017-11-13,62.74,62.74,62.74,62.74,0,0
2017-11-14,62.74,62.74,62.74,62.74,0,0
2017-11-15,62.71,62.71,62.71,62.71,0,0
2017-11-16,62.74,62.74,62.74,62.74,0,0
2017-11-17,62.77,62.77,62.77,62.77,0,0
2017-11-20,62.77,62.77,62.77,62.77,0,0
2017-11-21,62.78,62.78,62.78,62.78,0,0
2017-11-22,62.8,62.8,62.8,62.8,0,0
2017-11-23,62.86,62.86,62.86,62.86,0,0
2017-11-24,62.87,62.87,62.87,62.87,0,0
2017-11-27,62.87,62.87,62.87,62.87,0,0
2017-11-28,62.87,62.87,62.87,62.87,0,0
2017-11-29,62.86,62.86,62.86,62.86,0,0
2017-11-30,62.87,62.87,62.87,62.87,0,0
2017-12-01,62.87,62.87,62.87,62.87,0,0
2017-12-04,62.89,62.89,62.89,62.89,0,0
2017-12-05,62.9,62.9,62.9,62.9,0,0
2017-12-06,62.91,62.91,62.91,62.91,0,0
2017-12-07,62.92,62.92,62.92,62.92,0,0
2017-12-08,62.93,62.93,62.93,62.93,0,0
2017-12-11,62.93,62.93,62.93,62.93,0,0
2017-12-12,62.94,62.94,62.94,62.94,0,0
2017-12-13,62.94,62.94,62.94,62.94,0,0
2017-12-14,62.94,62.94,62.94,62.94,0,0
2017-12-15,62.95,62.95,62.95,62.95,0,0
2017-12-18,62.97,62.97,62.97,62.97,0,0
2017-12-19,62.92,62.92,62.92,62.92,0,0
2017-12-20,62.9,62.9,62.9,62.9,0,0
2017-12-21,62.92,62.92,62.92,62.92,0,0
2017-12-22,62.92,62.92,62.92,62.92,0,0
2017-12-27,62.96,62.96,62.96,62.96,0,0
2017-12-28,62.97,62.97,62.97,62.97,0,0
2017-12-29,62.99,62.99,62.99,62.99,0,0
2018-01-03,63.02,63.02,63.02,63.02,0,0
2018-01-04,63.09,63.09,63.09,63.09,0,0
2018-01-05,63.13,63.13,63.13,63.13,0,0
2018-01-08,63.14,63.14,63.14,63.14,0,0
2018-01-09,63.13,63.13,63.13,63.13,0,0
2018-01-10,63.11,63.11,63.11,63.11,0,0
2018-01-11,63.05,63.05,63.05,63.05,0,0
2018-01-12,63.05,63.05,63.05,63.05,0,0
2018-01-15,63.09,63.09,63.09,63.09,0,0
2018-01-16,63.11,63.11,63.11,63.11,0,0
2018-01-17,63.12,63.12,63.12,63.12,0,0
2018-01-18,63.12,63.12,63.12,63.12,0,0
2018-01-19,63.13,63.13,63.13,63.13,0,0
2018-01-22,63.14,63.14,63.14,63.14,0,0
2018-01-23,63.18,63.18,63.18,63.18,0,0
2018-01-24,63.18,63.18,63.18,63.18,0,0
2018-01-25,63.17,63.17,63.17,63.17,0,0
2018-01-26,63.19,63.19,63.19,63.19,0,0
2018-01-29,63.15,63.15,63.15,63.15,0,0
2018-01-30,63.13,63.13,63.13,63.13,0,0
2018-01-31,63.13,63.13,63.13,63.13,0,0
2018-02-01,63.15,63.15,63.15,63.15,0,0
2018-02-02,63.12,63.12,63.12,63.12,0,0
2018-02-05,63.09,63.09,63.09,63.09,0,0
2018-02-06,63.05,63.05,63.05,63.05,0,0
2018-02-07,63.09,63.09,63.09,63.09,0,0
2018-02-08,63.09,63.09,63.09,63.09,0,0
2018-02-09,63,63,63,63,0,0
2018-02-12,63,63,63,63,0,0
2018-02-13,62.98,62.98,62.98,62.98,0,0
2018-02-14,62.96,62.96,62.96,62.96,0,0
2018-02-15,62.99,62.99,62.99,62.99,0,0
2018-02-16,63.05,63.05,63.05,63.05,0,0
2018-02-19,63.06,63.06,63.06,63.06,0,0
2018-02-20,63.06,63.06,63.06,63.06,0,0
2018-02-21,63.06,63.06,63.06,63.06,0,0
2018-02-22,63.07,63.07,63.07,63.07,0,0
2018-02-23,63.07,63.07,63.07,63.07,0,0
2018-02-26,63.08,63.08,63.08,63.08,0,0
2018-02-27,63.1,63.1,63.1,63.1,0,0
2018-02-28,63.11,63.11,63.11,63.11,0,0
2018-03-01,63.11,63.11,63.11,63.11,0,0
2018-03-02,63.09,63.09,63.09,63.09,0,0
2018-03-05,63.09,63.09,63.09,63.09,0,0
2018-03-06,63.1,63.1,63.1,63.1,0,0
2018-03-07,63.11,63.11,63.11,63.11,0,0
2018-03-08,63.1,63.1,63.1,63.1,0,0
2018-03-09,63.1,63.1,63.1,63.1,0,0
2018-03-12,63.12,63.12,63.12,63.12,0,0
2018-03-13,63.12,63.12,63.12,63.12,0,0
2018-03-14,63.12,63.12,63.12,63.12,0,0
2018-03-15,63.12,63.12,63.12,63.12,0,0
2018-03-16,63.13,63.13,63.13,63.13,0,0
2018-03-19,63.12,63.12,63.12,63.12,0,0
2018-03-20,63.1,63.1,63.1,63.1,0,0
2018-03-21,63.09,63.09,63.09,63.09,0,0
2018-03-22,63.11,63.11,63.11,63.11,0,0
2018-03-23,63.1,63.1,63.1,63.1,0,0
2018-03-26,63.12,63.12,63.12,63.12,0,0
