Date,Open,High,Low,Close,Volume,OpenInt
2011-11-08,250,250,250,250,0,0
2011-11-15,223.96,223.96,223.96,223.96,0,0
2011-12-15,243.77,243.77,243.77,243.77,0,0
2012-01-16,245.2,245.2,245.2,245.2,0,0
2012-02-15,235.93,235.93,235.93,235.93,0,0
2012-03-15,231.52,231.52,231.52,231.52,0,0
2012-04-16,227.64,227.64,227.64,227.64,0,0
2012-05-15,217.98,217.98,217.98,217.98,0,0
2012-06-15,219.5,219.5,219.5,219.5,0,0
2012-07-16,216.15,216.15,216.15,216.15,0,0
2012-08-16,210.05,210.05,210.05,210.05,0,0
2012-09-17,203.46,203.46,203.46,203.46,0,0
2012-10-15,204.24,204.24,204.24,204.24,0,0
2012-11-15,203.3,203.3,203.3,203.3,0,0
2012-12-17,209.04,209.04,209.04,209.04,0,0
2013-01-15,208.64,208.64,208.64,208.64,0,0
2013-02-15,216.81,216.81,216.81,216.81,0,0
2013-03-15,212.49,212.49,212.49,212.49,0,0
2013-04-15,213.42,213.42,213.42,213.42,0,0
2013-05-15,213.34,213.34,213.34,213.34,0,0
2013-06-17,214.86,214.86,214.86,214.86,0,0
2013-07-15,218.01,218.01,218.01,218.01,0,0
2013-08-16,219.57,219.57,219.57,219.57,0,0
2013-09-16,218.4,218.4,218.4,218.4,0,0
2013-10-15,220.07,220.07,220.07,220.07,0,0
2013-11-15,222.81,222.81,222.81,222.81,0,0
2013-12-16,220.75,220.75,220.75,220.75,0,0
2014-01-15,219.7,219.7,219.7,219.7,0,0
2014-02-17,217.02,217.02,217.02,217.02,0,0
2014-03-17,218.55,218.55,218.55,218.55,0,0
2014-04-15,221.63,221.63,221.63,221.63,0,0
2014-05-15,222.77,222.77,222.77,222.77,0,0
2014-06-16,221.39,221.39,221.39,221.39,0,0
2014-07-15,223.8,223.8,223.8,223.8,0,0
2014-08-18,226.94,226.94,226.94,226.94,0,0
2014-09-15,227.79,227.79,227.79,227.79,0,0
2014-10-15,240.56,240.56,240.56,240.56,0,0
2014-11-17,242.37,242.37,242.37,242.37,0,0
2014-12-15,244.76,244.76,244.76,244.76,0,0
2015-01-15,246.17,246.17,246.17,246.17,0,0
2015-02-16,252.78,252.78,252.78,252.78,0,0
2015-03-16,260.41,260.41,260.41,260.41,0,0
2015-04-15,260.09,260.09,260.09,260.09,0,0
2015-05-15,256.34,256.34,256.34,256.34,0,0
2015-06-15,263.85,263.85,263.85,263.85,0,0
2015-07-15,260.46,260.46,260.46,260.46,0,0
2015-08-17,266.15,266.15,266.15,266.15,0,0
2015-09-15,261.16,261.16,261.16,261.16,0,0
2015-10-15,266.93,266.93,266.93,266.93,0,0
2015-11-16,272.61,272.61,272.61,272.61,0,0
2015-12-15,279.38,279.38,279.38,279.38,0,0
2016-01-15,278.62,278.62,278.62,278.62,0,0
2016-02-15,284.13,284.13,284.13,284.13,0,0
2016-03-15,281.82,281.82,281.82,281.82,0,0
2016-04-15,282.36,282.36,282.36,282.36,0,0
2016-05-16,283.68,283.68,283.68,283.68,0,0
2016-06-15,282,282,282,282,0,0
2016-07-15,286.86,286.86,286.86,286.86,0,0
2016-08-16,283.47,283.47,283.47,283.47,0,0
2016-09-15,287.59,287.59,287.59,287.59,0,0
2016-10-17,289.39,289.39,289.39,289.39,0,0
2016-11-15,288.41,288.41,288.41,288.41,0,0
2016-12-15,288.93,288.93,288.93,288.93,0,0
2017-01-16,292.68,292.68,292.68,292.68,0,0
2017-02-15,296.71,296.71,296.71,296.71,0,0
2017-03-15,298.64,298.64,298.64,298.64,0,0
2017-04-18,299.38,299.38,299.38,299.38,0,0
2017-05-15,300.64,300.64,300.64,300.64,0,0
2017-06-16,304.21,304.21,304.21,304.21,0,0
2017-07-17,313.31,313.31,313.31,313.31,0,0
2017-08-16,317.64,317.64,317.64,317.64,0,0
2017-09-15,328.42,328.42,328.42,328.42,0,0
2017-10-16,327.24,327.24,327.24,327.24,0,0
2017-11-15,328.51,328.51,328.51,328.51,0,0
2017-12-15,330.13,330.13,330.13,330.13,0,0
2018-01-15,334.57,334.57,334.57,334.57,0,0
2018-02-15,347.58,347.58,347.58,347.58,0,0
2018-03-15,348.73,348.73,348.73,348.73,0,0
